   2   2   1   0
  0.2476941E+02  0.4122433E-09  0.4122433E-09  0.4122433E-09  0.5000000E-15
  1.000000000000000E-004
  CAR 
 Si                                      
     14.79258065     -9.37921104  301      4.83017710      1.00000000
     -9.379  0.0000E+00  0.0000E+00
     -9.299  0.0000E+00  0.0000E+00
     -9.218  0.0000E+00  0.0000E+00
     -9.137  0.0000E+00  0.0000E+00
     -9.057  0.0000E+00  0.0000E+00
     -8.976  0.0000E+00  0.0000E+00
     -8.896  0.0000E+00  0.0000E+00
     -8.815  0.0000E+00  0.0000E+00
     -8.735  0.0000E+00  0.0000E+00
     -8.654  0.0000E+00  0.0000E+00
     -8.573  0.0000E+00  0.0000E+00
     -8.493  0.0000E+00  0.0000E+00
     -8.412  0.0000E+00  0.0000E+00
     -8.332  0.0000E+00  0.0000E+00
     -8.251  0.0000E+00  0.0000E+00
     -8.171  0.0000E+00  0.0000E+00
     -8.090  0.0000E+00  0.0000E+00
     -8.009  0.0000E+00  0.0000E+00
     -7.929  0.0000E+00  0.0000E+00
     -7.848  0.0000E+00  0.0000E+00
     -7.768  0.0000E+00  0.0000E+00
     -7.687  0.0000E+00  0.0000E+00
     -7.607  0.0000E+00  0.0000E+00
     -7.526  0.0000E+00  0.0000E+00
     -7.445  0.0000E+00  0.0000E+00
     -7.365  0.3368E-01  0.1607E-03
     -7.284  0.1665E+00  0.7338E-02
     -7.204  0.1726E+00  0.1952E-01
     -7.123  0.2125E+00  0.3521E-01
     -7.043  0.2491E+00  0.5377E-01
     -6.962  0.2768E+00  0.7491E-01
     -6.881  0.3064E+00  0.9846E-01
     -6.801  0.3321E+00  0.1242E+00
     -6.720  0.3593E+00  0.1520E+00
     -6.640  0.3829E+00  0.1819E+00
     -6.559  0.4089E+00  0.2138E+00
     -6.479  0.4319E+00  0.2477E+00
     -6.398  0.4563E+00  0.2835E+00
     -6.317  0.4816E+00  0.3213E+00
     -6.237  0.5056E+00  0.3610E+00
     -6.156  0.5317E+00  0.4028E+00
     -6.076  0.5585E+00  0.4467E+00
     -5.995  0.5860E+00  0.4928E+00
     -5.915  0.6165E+00  0.5413E+00
     -5.834  0.6493E+00  0.5922E+00
     -5.753  0.6859E+00  0.6460E+00
     -5.673  0.7293E+00  0.7029E+00
     -5.592  0.7824E+00  0.7638E+00
     -5.512  0.8576E+00  0.8296E+00
     -5.431  0.1093E+01  0.9044E+00
     -5.351  0.1040E+01  0.9886E+00
     -5.270  0.9939E+00  0.1070E+01
     -5.189  0.9507E+00  0.1149E+01
     -5.109  0.9214E+00  0.1224E+01
     -5.028  0.8842E+00  0.1297E+01
     -4.948  0.8427E+00  0.1367E+01
     -4.867  0.8104E+00  0.1433E+01
     -4.787  0.7709E+00  0.1497E+01
     -4.706  0.7339E+00  0.1558E+01
     -4.625  0.6985E+00  0.1615E+01
     -4.545  0.6559E+00  0.1670E+01
     -4.464  0.6191E+00  0.1721E+01
     -4.384  0.5754E+00  0.1769E+01
     -4.303  0.5339E+00  0.1814E+01
     -4.223  0.4919E+00  0.1855E+01
     -4.142  0.4450E+00  0.1893E+01
     -4.061  0.3943E+00  0.1927E+01
     -3.981  0.3441E+00  0.1957E+01
     -3.900  0.2443E+00  0.1982E+01
     -3.820  0.9621E-01  0.1995E+01
     -3.739  0.2401E-01  0.1999E+01
     -3.659  0.4877E-01  0.2002E+01
     -3.578  0.1430E+00  0.2009E+01
     -3.497  0.2472E+00  0.2025E+01
     -3.417  0.3223E+00  0.2048E+01
     -3.336  0.3729E+00  0.2075E+01
     -3.256  0.4190E+00  0.2107E+01
     -3.175  0.4704E+00  0.2143E+01
     -3.095  0.5191E+00  0.2183E+01
     -3.014  0.5676E+00  0.2226E+01
     -2.933  0.6303E+00  0.2275E+01
     -2.853  0.6891E+00  0.2328E+01
     -2.772  0.7796E+00  0.2387E+01
     -2.692  0.9011E+00  0.2454E+01
     -2.611  0.1242E+01  0.2537E+01
     -2.531  0.1695E+01  0.2678E+01
     -2.450  0.1054E+01  0.2774E+01
     -2.369  0.9019E+00  0.2852E+01
     -2.289  0.8008E+00  0.2920E+01
     -2.208  0.7296E+00  0.2982E+01
     -2.128  0.6744E+00  0.3038E+01
     -2.047  0.6255E+00  0.3091E+01
     -1.967  0.5813E+00  0.3139E+01
     -1.886  0.5473E+00  0.3185E+01
     -1.805  0.5168E+00  0.3227E+01
     -1.725  0.4875E+00  0.3268E+01
     -1.644  0.4588E+00  0.3306E+01
     -1.564  0.4349E+00  0.3342E+01
     -1.483  0.4147E+00  0.3376E+01
     -1.403  0.3941E+00  0.3409E+01
     -1.322  0.3736E+00  0.3440E+01
     -1.241  0.3528E+00  0.3469E+01
     -1.161  0.3382E+00  0.3497E+01
     -1.080  0.3233E+00  0.3523E+01
     -1.000  0.3083E+00  0.3549E+01
     -0.919  0.2924E+00  0.3573E+01
     -0.839  0.2769E+00  0.3596E+01
     -0.758  0.2659E+00  0.3618E+01
     -0.677  0.2549E+00  0.3639E+01
     -0.597  0.2430E+00  0.3659E+01
     -0.516  0.2310E+00  0.3678E+01
     -0.436  0.2180E+00  0.3696E+01
     -0.355  0.2094E+00  0.3713E+01
     -0.275  0.2007E+00  0.3730E+01
     -0.194  0.1920E+00  0.3746E+01
     -0.113  0.1825E+00  0.3761E+01
     -0.033  0.1728E+00  0.3775E+01
      0.048  0.1636E+00  0.3788E+01
      0.128  0.2685E+00  0.3802E+01
      0.209  0.8270E+00  0.3849E+01
      0.290  0.1165E+01  0.3926E+01
      0.370  0.1650E+01  0.4044E+01
      0.451  0.1458E+01  0.4166E+01
      0.531  0.1342E+01  0.4278E+01
      0.612  0.1236E+01  0.4381E+01
      0.692  0.1221E+01  0.4481E+01
      0.773  0.1199E+01  0.4577E+01
      0.854  0.1239E+01  0.4675E+01
      0.934  0.1242E+01  0.4775E+01
      1.015  0.1288E+01  0.4878E+01
      1.095  0.1367E+01  0.4985E+01
      1.176  0.1420E+01  0.5098E+01
      1.256  0.1599E+01  0.5218E+01
      1.337  0.1841E+01  0.5359E+01
      1.418  0.1777E+01  0.5504E+01
      1.498  0.1744E+01  0.5645E+01
      1.579  0.1717E+01  0.5785E+01
      1.659  0.1686E+01  0.5922E+01
      1.740  0.1658E+01  0.6056E+01
      1.820  0.1629E+01  0.6189E+01
      1.901  0.1599E+01  0.6319E+01
      1.982  0.1574E+01  0.6447E+01
      2.062  0.1538E+01  0.6572E+01
      2.143  0.1517E+01  0.6695E+01
      2.223  0.1494E+01  0.6816E+01
      2.304  0.1465E+01  0.6936E+01
      2.384  0.1434E+01  0.7052E+01
      2.465  0.1416E+01  0.7167E+01
      2.546  0.1410E+01  0.7281E+01
      2.626  0.1382E+01  0.7393E+01
      2.707  0.1203E+01  0.7500E+01
      2.787  0.9429E+00  0.7584E+01
      2.868  0.8050E+00  0.7654E+01
      2.948  0.6997E+00  0.7715E+01
      3.029  0.6064E+00  0.7767E+01
      3.110  0.5376E+00  0.7813E+01
      3.190  0.4674E+00  0.7854E+01
      3.271  0.4028E+00  0.7889E+01
      3.351  0.3434E+00  0.7919E+01
      3.432  0.2937E+00  0.7944E+01
      3.512  0.2325E+00  0.7966E+01
      3.593  0.1843E+00  0.7982E+01
      3.674  0.1123E+00  0.7995E+01
      3.754  0.7452E-02  0.8000E+01
      3.835  0.0000E+00  0.8000E+01
      3.915  0.0000E+00  0.8000E+01
      3.996  0.0000E+00  0.8000E+01
      4.076  0.0000E+00  0.8000E+01
      4.157  0.0000E+00  0.8000E+01
      4.238  0.0000E+00  0.8000E+01
      4.318  0.0000E+00  0.8000E+01
      4.399  0.0000E+00  0.8000E+01
      4.479  0.0000E+00  0.8000E+01
      4.560  0.0000E+00  0.8000E+01
      4.640  0.0000E+00  0.8000E+01
      4.721  0.0000E+00  0.8000E+01
      4.802  0.0000E+00  0.8000E+01
      4.882  0.7197E-01  0.8001E+01
      4.963  0.2225E+00  0.8014E+01
      5.043  0.3602E+00  0.8038E+01
      5.124  0.4934E+00  0.8072E+01
      5.204  0.5888E+00  0.8116E+01
      5.285  0.6824E+00  0.8167E+01
      5.366  0.7859E+00  0.8226E+01
      5.446  0.9027E+00  0.8294E+01
      5.527  0.1023E+01  0.8371E+01
      5.607  0.1135E+01  0.8458E+01
      5.688  0.1281E+01  0.8555E+01
      5.768  0.1493E+01  0.8666E+01
      5.849  0.1801E+01  0.8798E+01
      5.930  0.2160E+01  0.8959E+01
      6.010  0.2025E+01  0.9126E+01
      6.091  0.1964E+01  0.9287E+01
      6.171  0.1616E+01  0.9431E+01
      6.252  0.1470E+01  0.9557E+01
      6.332  0.1370E+01  0.9669E+01
      6.413  0.1279E+01  0.9776E+01
      6.494  0.1177E+01  0.9875E+01
      6.574  0.1118E+01  0.9967E+01
      6.655  0.1105E+01  0.1006E+02
      6.735  0.1083E+01  0.1014E+02
      6.816  0.1055E+01  0.1023E+02
      6.896  0.1105E+01  0.1032E+02
      6.977  0.1209E+01  0.1041E+02
      7.058  0.1304E+01  0.1051E+02
      7.138  0.1681E+01  0.1063E+02
      7.219  0.1709E+01  0.1076E+02
      7.299  0.3201E+01  0.1097E+02
      7.380  0.2269E+01  0.1119E+02
      7.460  0.1788E+01  0.1134E+02
      7.541  0.1757E+01  0.1148E+02
      7.622  0.1635E+01  0.1162E+02
      7.702  0.1500E+01  0.1175E+02
      7.783  0.1292E+01  0.1186E+02
      7.863  0.1273E+01  0.1196E+02
      7.944  0.1177E+01  0.1206E+02
      8.024  0.1122E+01  0.1215E+02
      8.105  0.1166E+01  0.1224E+02
      8.186  0.1278E+01  0.1234E+02
      8.266  0.1381E+01  0.1245E+02
      8.347  0.1470E+01  0.1256E+02
      8.427  0.1756E+01  0.1269E+02
      8.508  0.1677E+01  0.1283E+02
      8.588  0.1490E+01  0.1296E+02
      8.669  0.1548E+01  0.1308E+02
      8.750  0.1409E+01  0.1320E+02
      8.830  0.1408E+01  0.1331E+02
      8.911  0.1351E+01  0.1342E+02
      8.991  0.1327E+01  0.1353E+02
      9.072  0.1386E+01  0.1364E+02
      9.152  0.1252E+01  0.1375E+02
      9.233  0.1218E+01  0.1385E+02
      9.314  0.1168E+01  0.1394E+02
      9.394  0.1152E+01  0.1404E+02
      9.475  0.1141E+01  0.1413E+02
      9.555  0.1139E+01  0.1422E+02
      9.636  0.1227E+01  0.1432E+02
      9.717  0.1074E+01  0.1441E+02
      9.797  0.9230E+00  0.1448E+02
      9.878  0.9604E+00  0.1456E+02
      9.958  0.9700E+00  0.1464E+02
     10.039  0.1028E+01  0.1472E+02
     10.119  0.1071E+01  0.1480E+02
     10.200  0.1119E+01  0.1489E+02
     10.281  0.1111E+01  0.1498E+02
     10.361  0.1029E+01  0.1507E+02
     10.442  0.9244E+00  0.1515E+02
     10.522  0.8076E+00  0.1522E+02
     10.603  0.7653E+00  0.1528E+02
     10.683  0.7290E+00  0.1534E+02
     10.764  0.6834E+00  0.1540E+02
     10.845  0.6442E+00  0.1545E+02
     10.925  0.6017E+00  0.1550E+02
     11.006  0.5708E+00  0.1555E+02
     11.086  0.5455E+00  0.1559E+02
     11.167  0.5302E+00  0.1564E+02
     11.247  0.4845E+00  0.1568E+02
     11.328  0.4642E+00  0.1571E+02
     11.409  0.4436E+00  0.1575E+02
     11.489  0.4332E+00  0.1579E+02
     11.570  0.4074E+00  0.1582E+02
     11.650  0.5155E+00  0.1586E+02
     11.731  0.2597E+00  0.1589E+02
     11.811  0.1888E+00  0.1591E+02
     11.892  0.1781E+00  0.1592E+02
     11.973  0.1612E+00  0.1593E+02
     12.053  0.1450E+00  0.1595E+02
     12.134  0.1328E+00  0.1596E+02
     12.214  0.1099E+00  0.1597E+02
     12.295  0.9032E-01  0.1598E+02
     12.375  0.7517E-01  0.1598E+02
     12.456  0.6651E-01  0.1599E+02
     12.537  0.5996E-01  0.1599E+02
     12.617  0.4654E-01  0.1600E+02
     12.698  0.1361E-01  0.1600E+02
     12.778  0.3098E-03  0.1600E+02
     12.859  0.0000E+00  0.1600E+02
     12.939  0.0000E+00  0.1600E+02
     13.020  0.0000E+00  0.1600E+02
     13.101  0.0000E+00  0.1600E+02
     13.181  0.0000E+00  0.1600E+02
     13.262  0.0000E+00  0.1600E+02
     13.342  0.0000E+00  0.1600E+02
     13.423  0.0000E+00  0.1600E+02
     13.503  0.0000E+00  0.1600E+02
     13.584  0.0000E+00  0.1600E+02
     13.665  0.0000E+00  0.1600E+02
     13.745  0.0000E+00  0.1600E+02
     13.826  0.0000E+00  0.1600E+02
     13.906  0.0000E+00  0.1600E+02
     13.987  0.0000E+00  0.1600E+02
     14.067  0.0000E+00  0.1600E+02
     14.148  0.0000E+00  0.1600E+02
     14.229  0.0000E+00  0.1600E+02
     14.309  0.0000E+00  0.1600E+02
     14.390  0.0000E+00  0.1600E+02
     14.470  0.0000E+00  0.1600E+02
     14.551  0.0000E+00  0.1600E+02
     14.631  0.0000E+00  0.1600E+02
     14.712  0.0000E+00  0.1600E+02
     14.793  0.0000E+00  0.1600E+02
     14.79258065     -9.37921104  301      4.83017710      1.00000000
     -9.379  0.0000E+00  0.0000E+00  0.0000E+00  0.0000E+00  0.0000E+00  0.0000E+00  0.0000E+00  0.0000E+00  0.0000E+00
     -9.299  0.0000E+00  0.0000E+00  0.0000E+00  0.0000E+00  0.0000E+00  0.0000E+00  0.0000E+00  0.0000E+00  0.0000E+00
     -9.218  0.0000E+00  0.0000E+00  0.0000E+00  0.0000E+00  0.0000E+00  0.0000E+00  0.0000E+00  0.0000E+00  0.0000E+00
     -9.137  0.0000E+00  0.0000E+00  0.0000E+00  0.0000E+00  0.0000E+00  0.0000E+00  0.0000E+00  0.0000E+00  0.0000E+00
     -9.057  0.0000E+00  0.0000E+00  0.0000E+00  0.0000E+00  0.0000E+00  0.0000E+00  0.0000E+00  0.0000E+00  0.0000E+00
     -8.976  0.0000E+00  0.0000E+00  0.0000E+00  0.0000E+00  0.0000E+00  0.0000E+00  0.0000E+00  0.0000E+00  0.0000E+00
     -8.896  0.0000E+00  0.0000E+00  0.0000E+00  0.0000E+00  0.0000E+00  0.0000E+00  0.0000E+00  0.0000E+00  0.0000E+00
     -8.815  0.0000E+00  0.0000E+00  0.0000E+00  0.0000E+00  0.0000E+00  0.0000E+00  0.0000E+00  0.0000E+00  0.0000E+00
     -8.735  0.0000E+00  0.0000E+00  0.0000E+00  0.0000E+00  0.0000E+00  0.0000E+00  0.0000E+00  0.0000E+00  0.0000E+00
     -8.654  0.0000E+00  0.0000E+00  0.0000E+00  0.0000E+00  0.0000E+00  0.0000E+00  0.0000E+00  0.0000E+00  0.0000E+00
     -8.573  0.0000E+00  0.0000E+00  0.0000E+00  0.0000E+00  0.0000E+00  0.0000E+00  0.0000E+00  0.0000E+00  0.0000E+00
     -8.493  0.0000E+00  0.0000E+00  0.0000E+00  0.0000E+00  0.0000E+00  0.0000E+00  0.0000E+00  0.0000E+00  0.0000E+00
     -8.412  0.0000E+00  0.0000E+00  0.0000E+00  0.0000E+00  0.0000E+00  0.0000E+00  0.0000E+00  0.0000E+00  0.0000E+00
     -8.332  0.0000E+00  0.0000E+00  0.0000E+00  0.0000E+00  0.0000E+00  0.0000E+00  0.0000E+00  0.0000E+00  0.0000E+00
     -8.251  0.0000E+00  0.0000E+00  0.0000E+00  0.0000E+00  0.0000E+00  0.0000E+00  0.0000E+00  0.0000E+00  0.0000E+00
     -8.171  0.0000E+00  0.0000E+00  0.0000E+00  0.0000E+00  0.0000E+00  0.0000E+00  0.0000E+00  0.0000E+00  0.0000E+00
     -8.090  0.0000E+00  0.0000E+00  0.0000E+00  0.0000E+00  0.0000E+00  0.0000E+00  0.0000E+00  0.0000E+00  0.0000E+00
     -8.009  0.0000E+00  0.0000E+00  0.0000E+00  0.0000E+00  0.0000E+00  0.0000E+00  0.0000E+00  0.0000E+00  0.0000E+00
     -7.929  0.0000E+00  0.0000E+00  0.0000E+00  0.0000E+00  0.0000E+00  0.0000E+00  0.0000E+00  0.0000E+00  0.0000E+00
     -7.848  0.0000E+00  0.0000E+00  0.0000E+00  0.0000E+00  0.0000E+00  0.0000E+00  0.0000E+00  0.0000E+00  0.0000E+00
     -7.768  0.0000E+00  0.0000E+00  0.0000E+00  0.0000E+00  0.0000E+00  0.0000E+00  0.0000E+00  0.0000E+00  0.0000E+00
     -7.687  0.0000E+00  0.0000E+00  0.0000E+00  0.0000E+00  0.0000E+00  0.0000E+00  0.0000E+00  0.0000E+00  0.0000E+00
     -7.607  0.0000E+00  0.0000E+00  0.0000E+00  0.0000E+00  0.0000E+00  0.0000E+00  0.0000E+00  0.0000E+00  0.0000E+00
     -7.526  0.0000E+00  0.0000E+00  0.0000E+00  0.0000E+00  0.0000E+00  0.0000E+00  0.0000E+00  0.0000E+00  0.0000E+00
     -7.445  0.0000E+00  0.0000E+00  0.0000E+00  0.0000E+00  0.0000E+00  0.0000E+00  0.0000E+00  0.0000E+00  0.0000E+00
     -7.365  0.6813E-02  0.1698E-05  0.1698E-05  0.1698E-05  0.0000E+00  0.0000E+00  0.0000E+00  0.0000E+00  0.0000E+00
     -7.284  0.3366E-01  0.4364E-04  0.4364E-04  0.4364E-04  0.0000E+00  0.0000E+00  0.0000E+00  0.0000E+00  0.0000E+00
     -7.204  0.3484E-01  0.9440E-04  0.9440E-04  0.9440E-04  0.0000E+00  0.0000E+00  0.0000E+00  0.0000E+00  0.0000E+00
     -7.123  0.4286E-01  0.1661E-03  0.1661E-03  0.1661E-03  0.0000E+00  0.0000E+00  0.0000E+00  0.0000E+00  0.0000E+00
     -7.043  0.5022E-01  0.2475E-03  0.2475E-03  0.2475E-03  0.0000E+00  0.0000E+00  0.0000E+00  0.0000E+00  0.0000E+00
     -6.962  0.5576E-01  0.3459E-03  0.3459E-03  0.3459E-03  0.0000E+00  0.0000E+00  0.0000E+00  0.0000E+00  0.0000E+00
     -6.881  0.6167E-01  0.4501E-03  0.4501E-03  0.4501E-03  0.0000E+00  0.0000E+00  0.0000E+00  0.0000E+00  0.0000E+00
     -6.801  0.6682E-01  0.5669E-03  0.5669E-03  0.5669E-03  0.0000E+00  0.0000E+00  0.0000E+00  0.0000E+00  0.0000E+00
     -6.720  0.7225E-01  0.6884E-03  0.6884E-03  0.6884E-03  0.0000E+00  0.0000E+00  0.0000E+00  0.0000E+00  0.0000E+00
     -6.640  0.7697E-01  0.8246E-03  0.8246E-03  0.8246E-03  0.0000E+00  0.0000E+00  0.0000E+00  0.0000E+00  0.0000E+00
     -6.559  0.8219E-01  0.9614E-03  0.9614E-03  0.9614E-03  0.0000E+00  0.0000E+00  0.0000E+00  0.0000E+00  0.0000E+00
     -6.479  0.8681E-01  0.1116E-02  0.1116E-02  0.1116E-02  0.0000E+00  0.0000E+00  0.0000E+00  0.0000E+00  0.0000E+00
     -6.398  0.9173E-01  0.1274E-02  0.1274E-02  0.1274E-02  0.0000E+00  0.0000E+00  0.0000E+00  0.0000E+00  0.0000E+00
     -6.317  0.9682E-01  0.1438E-02  0.1438E-02  0.1438E-02  0.0000E+00  0.0000E+00  0.0000E+00  0.0000E+00  0.0000E+00
     -6.237  0.1017E+00  0.1620E-02  0.1620E-02  0.1620E-02  0.0000E+00  0.0000E+00  0.0000E+00  0.0000E+00  0.0000E+00
     -6.156  0.1070E+00  0.1803E-02  0.1803E-02  0.1803E-02  0.0000E+00  0.0000E+00  0.0000E+00  0.0000E+00  0.0000E+00
     -6.076  0.1125E+00  0.2000E-02  0.2000E-02  0.2000E-02  0.0000E+00  0.0000E+00  0.0000E+00  0.0000E+00  0.0000E+00
     -5.995  0.1181E+00  0.2214E-02  0.2214E-02  0.2214E-02  0.0000E+00  0.0000E+00  0.0000E+00  0.0000E+00  0.0000E+00
     -5.915  0.1244E+00  0.2433E-02  0.2433E-02  0.2433E-02  0.0000E+00  0.0000E+00  0.0000E+00  0.0000E+00  0.0000E+00
     -5.834  0.1312E+00  0.2672E-02  0.2672E-02  0.2672E-02  0.0000E+00  0.0000E+00  0.0000E+00  0.0000E+00  0.0000E+00
     -5.753  0.1388E+00  0.2941E-02  0.2941E-02  0.2941E-02  0.0000E+00  0.0000E+00  0.0000E+00  0.0000E+00  0.0000E+00
     -5.673  0.1479E+00  0.3230E-02  0.3230E-02  0.3230E-02  0.0000E+00  0.0000E+00  0.0000E+00  0.0000E+00  0.0000E+00
     -5.592  0.1591E+00  0.3563E-02  0.3563E-02  0.3563E-02  0.0000E+00  0.0000E+00  0.0000E+00  0.0000E+00  0.0000E+00
     -5.512  0.1751E+00  0.4004E-02  0.4004E-02  0.4004E-02  0.0000E+00  0.0000E+00  0.0000E+00  0.0000E+00  0.0000E+00
     -5.431  0.2252E+00  0.5027E-02  0.5027E-02  0.5027E-02  0.0000E+00  0.0000E+00  0.0000E+00  0.0000E+00  0.0000E+00
     -5.351  0.2138E+00  0.5031E-02  0.5031E-02  0.5031E-02  0.0000E+00  0.0000E+00  0.0000E+00  0.0000E+00  0.0000E+00
     -5.270  0.2042E+00  0.5099E-02  0.5099E-02  0.5099E-02  0.0000E+00  0.0000E+00  0.0000E+00  0.0000E+00  0.0000E+00
     -5.189  0.1951E+00  0.5115E-02  0.5115E-02  0.5115E-02  0.0000E+00  0.0000E+00  0.0000E+00  0.0000E+00  0.0000E+00
     -5.109  0.1889E+00  0.5175E-02  0.5175E-02  0.5175E-02  0.0000E+00  0.0000E+00  0.0000E+00  0.0000E+00  0.0000E+00
     -5.028  0.1812E+00  0.5205E-02  0.5205E-02  0.5205E-02  0.0000E+00  0.0000E+00  0.0000E+00  0.0000E+00  0.0000E+00
     -4.948  0.1725E+00  0.5178E-02  0.5178E-02  0.5178E-02  0.0000E+00  0.0000E+00  0.0000E+00  0.0000E+00  0.0000E+00
     -4.867  0.1657E+00  0.5176E-02  0.5176E-02  0.5176E-02  0.0000E+00  0.0000E+00  0.0000E+00  0.0000E+00  0.0000E+00
     -4.787  0.1575E+00  0.5136E-02  0.5136E-02  0.5136E-02  0.0000E+00  0.0000E+00  0.0000E+00  0.0000E+00  0.0000E+00
     -4.706  0.1497E+00  0.5075E-02  0.5075E-02  0.5075E-02  0.0000E+00  0.0000E+00  0.0000E+00  0.0000E+00  0.0000E+00
     -4.625  0.1424E+00  0.5004E-02  0.5004E-02  0.5004E-02  0.0000E+00  0.0000E+00  0.0000E+00  0.0000E+00  0.0000E+00
     -4.545  0.1335E+00  0.4890E-02  0.4890E-02  0.4890E-02  0.0000E+00  0.0000E+00  0.0000E+00  0.0000E+00  0.0000E+00
     -4.464  0.1258E+00  0.4769E-02  0.4769E-02  0.4769E-02  0.0000E+00  0.0000E+00  0.0000E+00  0.0000E+00  0.0000E+00
     -4.384  0.1167E+00  0.4600E-02  0.4600E-02  0.4600E-02  0.0000E+00  0.0000E+00  0.0000E+00  0.0000E+00  0.0000E+00
     -4.303  0.1081E+00  0.4418E-02  0.4418E-02  0.4418E-02  0.0000E+00  0.0000E+00  0.0000E+00  0.0000E+00  0.0000E+00
     -4.223  0.9940E-01  0.4200E-02  0.4200E-02  0.4200E-02  0.0000E+00  0.0000E+00  0.0000E+00  0.0000E+00  0.0000E+00
     -4.142  0.8965E-01  0.3950E-02  0.3950E-02  0.3950E-02  0.0000E+00  0.0000E+00  0.0000E+00  0.0000E+00  0.0000E+00
     -4.061  0.7918E-01  0.3615E-02  0.3615E-02  0.3615E-02  0.0000E+00  0.0000E+00  0.0000E+00  0.0000E+00  0.0000E+00
     -3.981  0.6875E-01  0.3280E-02  0.3280E-02  0.3280E-02  0.0000E+00  0.0000E+00  0.0000E+00  0.0000E+00  0.0000E+00
     -3.900  0.4854E-01  0.2426E-02  0.2426E-02  0.2426E-02  0.0000E+00  0.0000E+00  0.0000E+00  0.0000E+00  0.0000E+00
     -3.820  0.1910E-01  0.9658E-03  0.9658E-03  0.9658E-03  0.0000E+00  0.0000E+00  0.0000E+00  0.0000E+00  0.0000E+00
     -3.739  0.4789E-02  0.2427E-03  0.2427E-03  0.2427E-03  0.0000E+00  0.0000E+00  0.0000E+00  0.0000E+00  0.0000E+00
     -3.659  0.9471E-02  0.5592E-03  0.5592E-03  0.5592E-03  0.0000E+00  0.0000E+00  0.0000E+00  0.0000E+00  0.0000E+00
     -3.578  0.2781E-01  0.1650E-02  0.1650E-02  0.1650E-02  0.0000E+00  0.0000E+00  0.0000E+00  0.0000E+00  0.0000E+00
     -3.497  0.4804E-01  0.2891E-02  0.2891E-02  0.2891E-02  0.0000E+00  0.0000E+00  0.0000E+00  0.0000E+00  0.0000E+00
     -3.417  0.6246E-01  0.3872E-02  0.3872E-02  0.3872E-02  0.0000E+00  0.0000E+00  0.0000E+00  0.0000E+00  0.0000E+00
     -3.336  0.7196E-01  0.4615E-02  0.4615E-02  0.4615E-02  0.0000E+00  0.0000E+00  0.0000E+00  0.0000E+00  0.0000E+00
     -3.256  0.8053E-01  0.5314E-02  0.5314E-02  0.5314E-02  0.0000E+00  0.0000E+00  0.0000E+00  0.0000E+00  0.0000E+00
     -3.175  0.8984E-01  0.6160E-02  0.6160E-02  0.6160E-02  0.0000E+00  0.0000E+00  0.0000E+00  0.0000E+00  0.0000E+00
     -3.095  0.9851E-01  0.6998E-02  0.6998E-02  0.6998E-02  0.0000E+00  0.0000E+00  0.0000E+00  0.0000E+00  0.0000E+00
     -3.014  0.1069E+00  0.7889E-02  0.7889E-02  0.7889E-02  0.0000E+00  0.0000E+00  0.0000E+00  0.0000E+00  0.0000E+00
     -2.933  0.1174E+00  0.9094E-02  0.9094E-02  0.9094E-02  0.0000E+00  0.0000E+00  0.0000E+00  0.0000E+00  0.0000E+00
     -2.853  0.1268E+00  0.1029E-01  0.1029E-01  0.1029E-01  0.0000E+00  0.0000E+00  0.0000E+00  0.0000E+00  0.0000E+00
     -2.772  0.1407E+00  0.1222E-01  0.1222E-01  0.1222E-01  0.0000E+00  0.0000E+00  0.0000E+00  0.0000E+00  0.0000E+00
     -2.692  0.1585E+00  0.1490E-01  0.1490E-01  0.1490E-01  0.0000E+00  0.0000E+00  0.0000E+00  0.0000E+00  0.0000E+00
     -2.611  0.2063E+00  0.2247E-01  0.2247E-01  0.2247E-01  0.0000E+00  0.0000E+00  0.0000E+00  0.0000E+00  0.0000E+00
     -2.531  0.2540E+00  0.3475E-01  0.3475E-01  0.3475E-01  0.0000E+00  0.0000E+00  0.0000E+00  0.0000E+00  0.0000E+00
     -2.450  0.1664E+00  0.2069E-01  0.2069E-01  0.2069E-01  0.0000E+00  0.0000E+00  0.0000E+00  0.0000E+00  0.0000E+00
     -2.369  0.1436E+00  0.1774E-01  0.1774E-01  0.1774E-01  0.0000E+00  0.0000E+00  0.0000E+00  0.0000E+00  0.0000E+00
     -2.289  0.1279E+00  0.1588E-01  0.1588E-01  0.1588E-01  0.0000E+00  0.0000E+00  0.0000E+00  0.0000E+00  0.0000E+00
     -2.208  0.1167E+00  0.1459E-01  0.1459E-01  0.1459E-01  0.0000E+00  0.0000E+00  0.0000E+00  0.0000E+00  0.0000E+00
     -2.128  0.1079E+00  0.1362E-01  0.1362E-01  0.1362E-01  0.0000E+00  0.0000E+00  0.0000E+00  0.0000E+00  0.0000E+00
     -2.047  0.9999E-01  0.1278E-01  0.1278E-01  0.1278E-01  0.0000E+00  0.0000E+00  0.0000E+00  0.0000E+00  0.0000E+00
     -1.967  0.9272E-01  0.1204E-01  0.1204E-01  0.1204E-01  0.0000E+00  0.0000E+00  0.0000E+00  0.0000E+00  0.0000E+00
     -1.886  0.8717E-01  0.1147E-01  0.1147E-01  0.1147E-01  0.0000E+00  0.0000E+00  0.0000E+00  0.0000E+00  0.0000E+00
     -1.805  0.8215E-01  0.1096E-01  0.1096E-01  0.1096E-01  0.0000E+00  0.0000E+00  0.0000E+00  0.0000E+00  0.0000E+00
     -1.725  0.7727E-01  0.1047E-01  0.1047E-01  0.1047E-01  0.0000E+00  0.0000E+00  0.0000E+00  0.0000E+00  0.0000E+00
     -1.644  0.7246E-01  0.9996E-02  0.9996E-02  0.9996E-02  0.0000E+00  0.0000E+00  0.0000E+00  0.0000E+00  0.0000E+00
     -1.564  0.6847E-01  0.9597E-02  0.9597E-02  0.9597E-02  0.0000E+00  0.0000E+00  0.0000E+00  0.0000E+00  0.0000E+00
     -1.483  0.6509E-01  0.9261E-02  0.9261E-02  0.9261E-02  0.0000E+00  0.0000E+00  0.0000E+00  0.0000E+00  0.0000E+00
     -1.403  0.6163E-01  0.8916E-02  0.8916E-02  0.8916E-02  0.0000E+00  0.0000E+00  0.0000E+00  0.0000E+00  0.0000E+00
     -1.322  0.5818E-01  0.8568E-02  0.8568E-02  0.8568E-02  0.0000E+00  0.0000E+00  0.0000E+00  0.0000E+00  0.0000E+00
     -1.241  0.5469E-01  0.8209E-02  0.8209E-02  0.8209E-02  0.0000E+00  0.0000E+00  0.0000E+00  0.0000E+00  0.0000E+00
     -1.161  0.5225E-01  0.7960E-02  0.7960E-02  0.7960E-02  0.0000E+00  0.0000E+00  0.0000E+00  0.0000E+00  0.0000E+00
     -1.080  0.4975E-01  0.7703E-02  0.7703E-02  0.7703E-02  0.0000E+00  0.0000E+00  0.0000E+00  0.0000E+00  0.0000E+00
     -1.000  0.4723E-01  0.7441E-02  0.7441E-02  0.7441E-02  0.0000E+00  0.0000E+00  0.0000E+00  0.0000E+00  0.0000E+00
     -0.919  0.4457E-01  0.7155E-02  0.7155E-02  0.7155E-02  0.0000E+00  0.0000E+00  0.0000E+00  0.0000E+00  0.0000E+00
     -0.839  0.4198E-01  0.6870E-02  0.6870E-02  0.6870E-02  0.0000E+00  0.0000E+00  0.0000E+00  0.0000E+00  0.0000E+00
     -0.758  0.4016E-01  0.6673E-02  0.6673E-02  0.6673E-02  0.0000E+00  0.0000E+00  0.0000E+00  0.0000E+00  0.0000E+00
     -0.677  0.3833E-01  0.6472E-02  0.6472E-02  0.6472E-02  0.0000E+00  0.0000E+00  0.0000E+00  0.0000E+00  0.0000E+00
     -0.597  0.3635E-01  0.6250E-02  0.6250E-02  0.6250E-02  0.0000E+00  0.0000E+00  0.0000E+00  0.0000E+00  0.0000E+00
     -0.516  0.3436E-01  0.6019E-02  0.6019E-02  0.6019E-02  0.0000E+00  0.0000E+00  0.0000E+00  0.0000E+00  0.0000E+00
     -0.436  0.3222E-01  0.5762E-02  0.5762E-02  0.5762E-02  0.0000E+00  0.0000E+00  0.0000E+00  0.0000E+00  0.0000E+00
     -0.355  0.3082E-01  0.5596E-02  0.5596E-02  0.5596E-02  0.0000E+00  0.0000E+00  0.0000E+00  0.0000E+00  0.0000E+00
     -0.275  0.2939E-01  0.5425E-02  0.5425E-02  0.5425E-02  0.0000E+00  0.0000E+00  0.0000E+00  0.0000E+00  0.0000E+00
     -0.194  0.2796E-01  0.5251E-02  0.5251E-02  0.5251E-02  0.0000E+00  0.0000E+00  0.0000E+00  0.0000E+00  0.0000E+00
     -0.113  0.2640E-01  0.5055E-02  0.5055E-02  0.5055E-02  0.0000E+00  0.0000E+00  0.0000E+00  0.0000E+00  0.0000E+00
     -0.033  0.2484E-01  0.4851E-02  0.4851E-02  0.4851E-02  0.0000E+00  0.0000E+00  0.0000E+00  0.0000E+00  0.0000E+00
      0.048  0.2335E-01  0.4652E-02  0.4652E-02  0.4652E-02  0.0000E+00  0.0000E+00  0.0000E+00  0.0000E+00  0.0000E+00
      0.128  0.2259E-01  0.9823E-02  0.9823E-02  0.9823E-02  0.0000E+00  0.0000E+00  0.0000E+00  0.0000E+00  0.0000E+00
      0.209  0.2350E-01  0.3675E-01  0.3675E-01  0.3675E-01  0.0000E+00  0.0000E+00  0.0000E+00  0.0000E+00  0.0000E+00
      0.290  0.2466E-01  0.5336E-01  0.5336E-01  0.5336E-01  0.0000E+00  0.0000E+00  0.0000E+00  0.0000E+00  0.0000E+00
      0.370  0.2716E-01  0.7726E-01  0.7726E-01  0.7726E-01  0.0000E+00  0.0000E+00  0.0000E+00  0.0000E+00  0.0000E+00
      0.451  0.2682E-01  0.6844E-01  0.6844E-01  0.6844E-01  0.0000E+00  0.0000E+00  0.0000E+00  0.0000E+00  0.0000E+00
      0.531  0.2686E-01  0.6317E-01  0.6317E-01  0.6317E-01  0.0000E+00  0.0000E+00  0.0000E+00  0.0000E+00  0.0000E+00
      0.612  0.2676E-01  0.5837E-01  0.5837E-01  0.5837E-01  0.0000E+00  0.0000E+00  0.0000E+00  0.0000E+00  0.0000E+00
      0.692  0.2672E-01  0.5814E-01  0.5814E-01  0.5814E-01  0.0000E+00  0.0000E+00  0.0000E+00  0.0000E+00  0.0000E+00
      0.773  0.2630E-01  0.5754E-01  0.5754E-01  0.5754E-01  0.0000E+00  0.0000E+00  0.0000E+00  0.0000E+00  0.0000E+00
      0.854  0.2568E-01  0.6027E-01  0.6027E-01  0.6027E-01  0.0000E+00  0.0000E+00  0.0000E+00  0.0000E+00  0.0000E+00
      0.934  0.2504E-01  0.6112E-01  0.6112E-01  0.6112E-01  0.0000E+00  0.0000E+00  0.0000E+00  0.0000E+00  0.0000E+00
      1.015  0.2436E-01  0.6415E-01  0.6415E-01  0.6415E-01  0.0000E+00  0.0000E+00  0.0000E+00  0.0000E+00  0.0000E+00
      1.095  0.2383E-01  0.6933E-01  0.6933E-01  0.6933E-01  0.0000E+00  0.0000E+00  0.0000E+00  0.0000E+00  0.0000E+00
      1.176  0.2310E-01  0.7306E-01  0.7306E-01  0.7306E-01  0.0000E+00  0.0000E+00  0.0000E+00  0.0000E+00  0.0000E+00
      1.256  0.2247E-01  0.8403E-01  0.8403E-01  0.8403E-01  0.0000E+00  0.0000E+00  0.0000E+00  0.0000E+00  0.0000E+00
      1.337  0.2170E-01  0.9903E-01  0.9903E-01  0.9903E-01  0.0000E+00  0.0000E+00  0.0000E+00  0.0000E+00  0.0000E+00
      1.418  0.2057E-01  0.9622E-01  0.9622E-01  0.9622E-01  0.0000E+00  0.0000E+00  0.0000E+00  0.0000E+00  0.0000E+00
      1.498  0.1945E-01  0.9520E-01  0.9520E-01  0.9520E-01  0.0000E+00  0.0000E+00  0.0000E+00  0.0000E+00  0.0000E+00
      1.579  0.1871E-01  0.9448E-01  0.9448E-01  0.9448E-01  0.0000E+00  0.0000E+00  0.0000E+00  0.0000E+00  0.0000E+00
      1.659  0.1795E-01  0.9341E-01  0.9341E-01  0.9341E-01  0.0000E+00  0.0000E+00  0.0000E+00  0.0000E+00  0.0000E+00
      1.740  0.1713E-01  0.9260E-01  0.9260E-01  0.9260E-01  0.0000E+00  0.0000E+00  0.0000E+00  0.0000E+00  0.0000E+00
      1.820  0.1623E-01  0.9170E-01  0.9170E-01  0.9170E-01  0.0000E+00  0.0000E+00  0.0000E+00  0.0000E+00  0.0000E+00
      1.901  0.1519E-01  0.9074E-01  0.9074E-01  0.9074E-01  0.0000E+00  0.0000E+00  0.0000E+00  0.0000E+00  0.0000E+00
      1.982  0.1410E-01  0.9016E-01  0.9016E-01  0.9016E-01  0.0000E+00  0.0000E+00  0.0000E+00  0.0000E+00  0.0000E+00
      2.062  0.1321E-01  0.8880E-01  0.8880E-01  0.8880E-01  0.0000E+00  0.0000E+00  0.0000E+00  0.0000E+00  0.0000E+00
      2.143  0.1246E-01  0.8833E-01  0.8833E-01  0.8833E-01  0.0000E+00  0.0000E+00  0.0000E+00  0.0000E+00  0.0000E+00
      2.223  0.1162E-01  0.8780E-01  0.8780E-01  0.8780E-01  0.0000E+00  0.0000E+00  0.0000E+00  0.0000E+00  0.0000E+00
      2.304  0.1067E-01  0.8688E-01  0.8688E-01  0.8688E-01  0.0000E+00  0.0000E+00  0.0000E+00  0.0000E+00  0.0000E+00
      2.384  0.9666E-02  0.8586E-01  0.8586E-01  0.8586E-01  0.0000E+00  0.0000E+00  0.0000E+00  0.0000E+00  0.0000E+00
      2.465  0.8607E-02  0.8555E-01  0.8555E-01  0.8555E-01  0.0000E+00  0.0000E+00  0.0000E+00  0.0000E+00  0.0000E+00
      2.546  0.7493E-02  0.8613E-01  0.8613E-01  0.8613E-01  0.0000E+00  0.0000E+00  0.0000E+00  0.0000E+00  0.0000E+00
      2.626  0.6493E-02  0.8525E-01  0.8525E-01  0.8525E-01  0.0000E+00  0.0000E+00  0.0000E+00  0.0000E+00  0.0000E+00
      2.707  0.5545E-02  0.7454E-01  0.7454E-01  0.7454E-01  0.0000E+00  0.0000E+00  0.0000E+00  0.0000E+00  0.0000E+00
      2.787  0.4945E-02  0.5831E-01  0.5831E-01  0.5831E-01  0.0000E+00  0.0000E+00  0.0000E+00  0.0000E+00  0.0000E+00
      2.868  0.4445E-02  0.4987E-01  0.4987E-01  0.4987E-01  0.0000E+00  0.0000E+00  0.0000E+00  0.0000E+00  0.0000E+00
      2.948  0.3896E-02  0.4349E-01  0.4349E-01  0.4349E-01  0.0000E+00  0.0000E+00  0.0000E+00  0.0000E+00  0.0000E+00
      3.029  0.3236E-02  0.3786E-01  0.3786E-01  0.3786E-01  0.0000E+00  0.0000E+00  0.0000E+00  0.0000E+00  0.0000E+00
      3.110  0.2770E-02  0.3370E-01  0.3370E-01  0.3370E-01  0.0000E+00  0.0000E+00  0.0000E+00  0.0000E+00  0.0000E+00
      3.190  0.2251E-02  0.2944E-01  0.2944E-01  0.2944E-01  0.0000E+00  0.0000E+00  0.0000E+00  0.0000E+00  0.0000E+00
      3.271  0.1828E-02  0.2549E-01  0.2549E-01  0.2549E-01  0.0000E+00  0.0000E+00  0.0000E+00  0.0000E+00  0.0000E+00
      3.351  0.1430E-02  0.2183E-01  0.2183E-01  0.2183E-01  0.0000E+00  0.0000E+00  0.0000E+00  0.0000E+00  0.0000E+00
      3.432  0.1035E-02  0.1879E-01  0.1879E-01  0.1879E-01  0.0000E+00  0.0000E+00  0.0000E+00  0.0000E+00  0.0000E+00
      3.512  0.6848E-03  0.1494E-01  0.1494E-01  0.1494E-01  0.0000E+00  0.0000E+00  0.0000E+00  0.0000E+00  0.0000E+00
      3.593  0.3797E-03  0.1191E-01  0.1191E-01  0.1191E-01  0.0000E+00  0.0000E+00  0.0000E+00  0.0000E+00  0.0000E+00
      3.674  0.1406E-03  0.7297E-02  0.7297E-02  0.7297E-02  0.0000E+00  0.0000E+00  0.0000E+00  0.0000E+00  0.0000E+00
      3.754  0.4391E-06  0.4868E-03  0.4868E-03  0.4868E-03  0.0000E+00  0.0000E+00  0.0000E+00  0.0000E+00  0.0000E+00
      3.835  0.0000E+00  0.0000E+00  0.0000E+00  0.0000E+00  0.0000E+00  0.0000E+00  0.0000E+00  0.0000E+00  0.0000E+00
      3.915  0.0000E+00  0.0000E+00  0.0000E+00  0.0000E+00  0.0000E+00  0.0000E+00  0.0000E+00  0.0000E+00  0.0000E+00
      3.996  0.0000E+00  0.0000E+00  0.0000E+00  0.0000E+00  0.0000E+00  0.0000E+00  0.0000E+00  0.0000E+00  0.0000E+00
      4.076  0.0000E+00  0.0000E+00  0.0000E+00  0.0000E+00  0.0000E+00  0.0000E+00  0.0000E+00  0.0000E+00  0.0000E+00
      4.157  0.0000E+00  0.0000E+00  0.0000E+00  0.0000E+00  0.0000E+00  0.0000E+00  0.0000E+00  0.0000E+00  0.0000E+00
      4.238  0.0000E+00  0.0000E+00  0.0000E+00  0.0000E+00  0.0000E+00  0.0000E+00  0.0000E+00  0.0000E+00  0.0000E+00
      4.318  0.0000E+00  0.0000E+00  0.0000E+00  0.0000E+00  0.0000E+00  0.0000E+00  0.0000E+00  0.0000E+00  0.0000E+00
      4.399  0.0000E+00  0.0000E+00  0.0000E+00  0.0000E+00  0.0000E+00  0.0000E+00  0.0000E+00  0.0000E+00  0.0000E+00
      4.479  0.0000E+00  0.0000E+00  0.0000E+00  0.0000E+00  0.0000E+00  0.0000E+00  0.0000E+00  0.0000E+00  0.0000E+00
      4.560  0.0000E+00  0.0000E+00  0.0000E+00  0.0000E+00  0.0000E+00  0.0000E+00  0.0000E+00  0.0000E+00  0.0000E+00
      4.640  0.0000E+00  0.0000E+00  0.0000E+00  0.0000E+00  0.0000E+00  0.0000E+00  0.0000E+00  0.0000E+00  0.0000E+00
      4.721  0.0000E+00  0.0000E+00  0.0000E+00  0.0000E+00  0.0000E+00  0.0000E+00  0.0000E+00  0.0000E+00  0.0000E+00
      4.802  0.0000E+00  0.0000E+00  0.0000E+00  0.0000E+00  0.0000E+00  0.0000E+00  0.0000E+00  0.0000E+00  0.0000E+00
      4.882  0.4047E-02  0.1366E-02  0.1366E-02  0.1366E-02  0.0000E+00  0.0000E+00  0.0000E+00  0.0000E+00  0.0000E+00
      4.963  0.1584E-01  0.4187E-02  0.4187E-02  0.4187E-02  0.0000E+00  0.0000E+00  0.0000E+00  0.0000E+00  0.0000E+00
      5.043  0.2667E-01  0.6905E-02  0.6905E-02  0.6905E-02  0.0000E+00  0.0000E+00  0.0000E+00  0.0000E+00  0.0000E+00
      5.124  0.3486E-01  0.9767E-02  0.9767E-02  0.9767E-02  0.0000E+00  0.0000E+00  0.0000E+00  0.0000E+00  0.0000E+00
      5.204  0.4167E-01  0.1206E-01  0.1206E-01  0.1206E-01  0.0000E+00  0.0000E+00  0.0000E+00  0.0000E+00  0.0000E+00
      5.285  0.4843E-01  0.1444E-01  0.1444E-01  0.1444E-01  0.0000E+00  0.0000E+00  0.0000E+00  0.0000E+00  0.0000E+00
      5.366  0.5571E-01  0.1718E-01  0.1718E-01  0.1718E-01  0.0000E+00  0.0000E+00  0.0000E+00  0.0000E+00  0.0000E+00
      5.446  0.6406E-01  0.2036E-01  0.2036E-01  0.2036E-01  0.0000E+00  0.0000E+00  0.0000E+00  0.0000E+00  0.0000E+00
      5.527  0.7344E-01  0.2373E-01  0.2373E-01  0.2373E-01  0.0000E+00  0.0000E+00  0.0000E+00  0.0000E+00  0.0000E+00
      5.607  0.8288E-01  0.2710E-01  0.2710E-01  0.2710E-01  0.0000E+00  0.0000E+00  0.0000E+00  0.0000E+00  0.0000E+00
      5.688  0.9501E-01  0.3152E-01  0.3152E-01  0.3152E-01  0.0000E+00  0.0000E+00  0.0000E+00  0.0000E+00  0.0000E+00
      5.768  0.1146E+00  0.3785E-01  0.3785E-01  0.3785E-01  0.0000E+00  0.0000E+00  0.0000E+00  0.0000E+00  0.0000E+00
      5.849  0.1396E+00  0.4695E-01  0.4695E-01  0.4695E-01  0.0000E+00  0.0000E+00  0.0000E+00  0.0000E+00  0.0000E+00
      5.930  0.1642E+00  0.5819E-01  0.5819E-01  0.5819E-01  0.0000E+00  0.0000E+00  0.0000E+00  0.0000E+00  0.0000E+00
      6.010  0.1498E+00  0.5677E-01  0.5677E-01  0.5677E-01  0.0000E+00  0.0000E+00  0.0000E+00  0.0000E+00  0.0000E+00
      6.091  0.1458E+00  0.5672E-01  0.5672E-01  0.5672E-01  0.0000E+00  0.0000E+00  0.0000E+00  0.0000E+00  0.0000E+00
      6.171  0.1159E+00  0.4597E-01  0.4597E-01  0.4597E-01  0.0000E+00  0.0000E+00  0.0000E+00  0.0000E+00  0.0000E+00
      6.252  0.1056E+00  0.4235E-01  0.4235E-01  0.4235E-01  0.0000E+00  0.0000E+00  0.0000E+00  0.0000E+00  0.0000E+00
      6.332  0.9678E-01  0.4021E-01  0.4021E-01  0.4021E-01  0.0000E+00  0.0000E+00  0.0000E+00  0.0000E+00  0.0000E+00
      6.413  0.7954E-01  0.3940E-01  0.3940E-01  0.3940E-01  0.0000E+00  0.0000E+00  0.0000E+00  0.0000E+00  0.0000E+00
      6.494  0.6691E-01  0.3736E-01  0.3736E-01  0.3736E-01  0.0000E+00  0.0000E+00  0.0000E+00  0.0000E+00  0.0000E+00
      6.574  0.6214E-01  0.3599E-01  0.3599E-01  0.3599E-01  0.0000E+00  0.0000E+00  0.0000E+00  0.0000E+00  0.0000E+00
      6.655  0.5983E-01  0.3652E-01  0.3652E-01  0.3652E-01  0.0000E+00  0.0000E+00  0.0000E+00  0.0000E+00  0.0000E+00
      6.735  0.5599E-01  0.3686E-01  0.3686E-01  0.3686E-01  0.0000E+00  0.0000E+00  0.0000E+00  0.0000E+00  0.0000E+00
      6.816  0.5370E-01  0.3655E-01  0.3655E-01  0.3655E-01  0.0000E+00  0.0000E+00  0.0000E+00  0.0000E+00  0.0000E+00
      6.896  0.5518E-01  0.3919E-01  0.3919E-01  0.3919E-01  0.0000E+00  0.0000E+00  0.0000E+00  0.0000E+00  0.0000E+00
      6.977  0.6017E-01  0.4362E-01  0.4362E-01  0.4362E-01  0.0000E+00  0.0000E+00  0.0000E+00  0.0000E+00  0.0000E+00
      7.058  0.6681E-01  0.4792E-01  0.4792E-01  0.4792E-01  0.0000E+00  0.0000E+00  0.0000E+00  0.0000E+00  0.0000E+00
      7.138  0.9247E-01  0.6187E-01  0.6187E-01  0.6187E-01  0.0000E+00  0.0000E+00  0.0000E+00  0.0000E+00  0.0000E+00
      7.219  0.6600E-01  0.6471E-01  0.6471E-01  0.6471E-01  0.0000E+00  0.0000E+00  0.0000E+00  0.0000E+00  0.0000E+00
      7.299  0.6719E-01  0.1138E+00  0.1138E+00  0.1138E+00  0.0000E+00  0.0000E+00  0.0000E+00  0.0000E+00  0.0000E+00
      7.380  0.4893E-01  0.8281E-01  0.8281E-01  0.8281E-01  0.0000E+00  0.0000E+00  0.0000E+00  0.0000E+00  0.0000E+00
      7.460  0.4476E-01  0.6599E-01  0.6599E-01  0.6599E-01  0.0000E+00  0.0000E+00  0.0000E+00  0.0000E+00  0.0000E+00
      7.541  0.4310E-01  0.6588E-01  0.6588E-01  0.6588E-01  0.0000E+00  0.0000E+00  0.0000E+00  0.0000E+00  0.0000E+00
      7.622  0.4021E-01  0.6195E-01  0.6195E-01  0.6195E-01  0.0000E+00  0.0000E+00  0.0000E+00  0.0000E+00  0.0000E+00
      7.702  0.3719E-01  0.5762E-01  0.5762E-01  0.5762E-01  0.0000E+00  0.0000E+00  0.0000E+00  0.0000E+00  0.0000E+00
      7.783  0.2895E-01  0.5044E-01  0.5044E-01  0.5044E-01  0.0000E+00  0.0000E+00  0.0000E+00  0.0000E+00  0.0000E+00
      7.863  0.2886E-01  0.4981E-01  0.4981E-01  0.4981E-01  0.0000E+00  0.0000E+00  0.0000E+00  0.0000E+00  0.0000E+00
      7.944  0.2634E-01  0.4668E-01  0.4668E-01  0.4668E-01  0.0000E+00  0.0000E+00  0.0000E+00  0.0000E+00  0.0000E+00
      8.024  0.2468E-01  0.4491E-01  0.4491E-01  0.4491E-01  0.0000E+00  0.0000E+00  0.0000E+00  0.0000E+00  0.0000E+00
      8.105  0.2482E-01  0.4615E-01  0.4615E-01  0.4615E-01  0.0000E+00  0.0000E+00  0.0000E+00  0.0000E+00  0.0000E+00
      8.186  0.2765E-01  0.5012E-01  0.5012E-01  0.5012E-01  0.0000E+00  0.0000E+00  0.0000E+00  0.0000E+00  0.0000E+00
      8.266  0.2700E-01  0.5285E-01  0.5285E-01  0.5285E-01  0.0000E+00  0.0000E+00  0.0000E+00  0.0000E+00  0.0000E+00
      8.347  0.2626E-01  0.5575E-01  0.5575E-01  0.5575E-01  0.0000E+00  0.0000E+00  0.0000E+00  0.0000E+00  0.0000E+00
      8.427  0.3004E-01  0.6556E-01  0.6556E-01  0.6556E-01  0.0000E+00  0.0000E+00  0.0000E+00  0.0000E+00  0.0000E+00
      8.508  0.3062E-01  0.6253E-01  0.6253E-01  0.6253E-01  0.0000E+00  0.0000E+00  0.0000E+00  0.0000E+00  0.0000E+00
      8.588  0.3030E-01  0.5580E-01  0.5580E-01  0.5580E-01  0.0000E+00  0.0000E+00  0.0000E+00  0.0000E+00  0.0000E+00
      8.669  0.3263E-01  0.5841E-01  0.5841E-01  0.5841E-01  0.0000E+00  0.0000E+00  0.0000E+00  0.0000E+00  0.0000E+00
      8.750  0.3172E-01  0.5439E-01  0.5439E-01  0.5439E-01  0.0000E+00  0.0000E+00  0.0000E+00  0.0000E+00  0.0000E+00
      8.830  0.3395E-01  0.5512E-01  0.5512E-01  0.5512E-01  0.0000E+00  0.0000E+00  0.0000E+00  0.0000E+00  0.0000E+00
      8.911  0.3137E-01  0.5296E-01  0.5296E-01  0.5296E-01  0.0000E+00  0.0000E+00  0.0000E+00  0.0000E+00  0.0000E+00
      8.991  0.3122E-01  0.5215E-01  0.5215E-01  0.5215E-01  0.0000E+00  0.0000E+00  0.0000E+00  0.0000E+00  0.0000E+00
      9.072  0.3287E-01  0.5439E-01  0.5439E-01  0.5439E-01  0.0000E+00  0.0000E+00  0.0000E+00  0.0000E+00  0.0000E+00
      9.152  0.3007E-01  0.5025E-01  0.5025E-01  0.5025E-01  0.0000E+00  0.0000E+00  0.0000E+00  0.0000E+00  0.0000E+00
      9.233  0.2884E-01  0.4920E-01  0.4920E-01  0.4920E-01  0.0000E+00  0.0000E+00  0.0000E+00  0.0000E+00  0.0000E+00
      9.314  0.2735E-01  0.4745E-01  0.4745E-01  0.4745E-01  0.0000E+00  0.0000E+00  0.0000E+00  0.0000E+00  0.0000E+00
      9.394  0.2652E-01  0.4716E-01  0.4716E-01  0.4716E-01  0.0000E+00  0.0000E+00  0.0000E+00  0.0000E+00  0.0000E+00
      9.475  0.2584E-01  0.4689E-01  0.4689E-01  0.4689E-01  0.0000E+00  0.0000E+00  0.0000E+00  0.0000E+00  0.0000E+00
      9.555  0.2566E-01  0.4678E-01  0.4678E-01  0.4678E-01  0.0000E+00  0.0000E+00  0.0000E+00  0.0000E+00  0.0000E+00
      9.636  0.2806E-01  0.5072E-01  0.5072E-01  0.5072E-01  0.0000E+00  0.0000E+00  0.0000E+00  0.0000E+00  0.0000E+00
      9.717  0.2370E-01  0.4502E-01  0.4502E-01  0.4502E-01  0.0000E+00  0.0000E+00  0.0000E+00  0.0000E+00  0.0000E+00
      9.797  0.1911E-01  0.3850E-01  0.3850E-01  0.3850E-01  0.0000E+00  0.0000E+00  0.0000E+00  0.0000E+00  0.0000E+00
      9.878  0.1965E-01  0.4046E-01  0.4046E-01  0.4046E-01  0.0000E+00  0.0000E+00  0.0000E+00  0.0000E+00  0.0000E+00
      9.958  0.1976E-01  0.4140E-01  0.4140E-01  0.4140E-01  0.0000E+00  0.0000E+00  0.0000E+00  0.0000E+00  0.0000E+00
     10.039  0.2102E-01  0.4452E-01  0.4452E-01  0.4452E-01  0.0000E+00  0.0000E+00  0.0000E+00  0.0000E+00  0.0000E+00
     10.119  0.2203E-01  0.4713E-01  0.4713E-01  0.4713E-01  0.0000E+00  0.0000E+00  0.0000E+00  0.0000E+00  0.0000E+00
     10.200  0.2348E-01  0.5026E-01  0.5026E-01  0.5026E-01  0.0000E+00  0.0000E+00  0.0000E+00  0.0000E+00  0.0000E+00
     10.281  0.2361E-01  0.5059E-01  0.5059E-01  0.5059E-01  0.0000E+00  0.0000E+00  0.0000E+00  0.0000E+00  0.0000E+00
     10.361  0.2121E-01  0.4716E-01  0.4716E-01  0.4716E-01  0.0000E+00  0.0000E+00  0.0000E+00  0.0000E+00  0.0000E+00
     10.442  0.1828E-01  0.4247E-01  0.4247E-01  0.4247E-01  0.0000E+00  0.0000E+00  0.0000E+00  0.0000E+00  0.0000E+00
     10.522  0.1509E-01  0.3787E-01  0.3787E-01  0.3787E-01  0.0000E+00  0.0000E+00  0.0000E+00  0.0000E+00  0.0000E+00
     10.603  0.1400E-01  0.3645E-01  0.3645E-01  0.3645E-01  0.0000E+00  0.0000E+00  0.0000E+00  0.0000E+00  0.0000E+00
     10.683  0.1303E-01  0.3514E-01  0.3514E-01  0.3514E-01  0.0000E+00  0.0000E+00  0.0000E+00  0.0000E+00  0.0000E+00
     10.764  0.1182E-01  0.3327E-01  0.3327E-01  0.3327E-01  0.0000E+00  0.0000E+00  0.0000E+00  0.0000E+00  0.0000E+00
     10.845  0.1075E-01  0.3199E-01  0.3199E-01  0.3199E-01  0.0000E+00  0.0000E+00  0.0000E+00  0.0000E+00  0.0000E+00
     10.925  0.9751E-02  0.3033E-01  0.3033E-01  0.3033E-01  0.0000E+00  0.0000E+00  0.0000E+00  0.0000E+00  0.0000E+00
     11.006  0.8987E-02  0.2906E-01  0.2906E-01  0.2906E-01  0.0000E+00  0.0000E+00  0.0000E+00  0.0000E+00  0.0000E+00
     11.086  0.8365E-02  0.2799E-01  0.2799E-01  0.2799E-01  0.0000E+00  0.0000E+00  0.0000E+00  0.0000E+00  0.0000E+00
     11.167  0.7883E-02  0.2744E-01  0.2744E-01  0.2744E-01  0.0000E+00  0.0000E+00  0.0000E+00  0.0000E+00  0.0000E+00
     11.247  0.6496E-02  0.2528E-01  0.2528E-01  0.2528E-01  0.0000E+00  0.0000E+00  0.0000E+00  0.0000E+00  0.0000E+00
     11.328  0.5778E-02  0.2449E-01  0.2449E-01  0.2449E-01  0.0000E+00  0.0000E+00  0.0000E+00  0.0000E+00  0.0000E+00
     11.409  0.5117E-02  0.2356E-01  0.2356E-01  0.2356E-01  0.0000E+00  0.0000E+00  0.0000E+00  0.0000E+00  0.0000E+00
     11.489  0.4474E-02  0.2318E-01  0.2318E-01  0.2318E-01  0.0000E+00  0.0000E+00  0.0000E+00  0.0000E+00  0.0000E+00
     11.570  0.3626E-02  0.2165E-01  0.2165E-01  0.2165E-01  0.0000E+00  0.0000E+00  0.0000E+00  0.0000E+00  0.0000E+00
     11.650  0.2994E-02  0.2461E-01  0.2461E-01  0.2461E-01  0.0000E+00  0.0000E+00  0.0000E+00  0.0000E+00  0.0000E+00
     11.731  0.2130E-02  0.1428E-01  0.1428E-01  0.1428E-01  0.0000E+00  0.0000E+00  0.0000E+00  0.0000E+00  0.0000E+00
     11.811  0.1915E-02  0.1178E-01  0.1178E-01  0.1178E-01  0.0000E+00  0.0000E+00  0.0000E+00  0.0000E+00  0.0000E+00
     11.892  0.1773E-02  0.1126E-01  0.1126E-01  0.1126E-01  0.0000E+00  0.0000E+00  0.0000E+00  0.0000E+00  0.0000E+00
     11.973  0.1506E-02  0.1035E-01  0.1035E-01  0.1035E-01  0.0000E+00  0.0000E+00  0.0000E+00  0.0000E+00  0.0000E+00
     12.053  0.1130E-02  0.9526E-02  0.9526E-02  0.9526E-02  0.0000E+00  0.0000E+00  0.0000E+00  0.0000E+00  0.0000E+00
     12.134  0.9333E-03  0.8961E-02  0.8961E-02  0.8961E-02  0.0000E+00  0.0000E+00  0.0000E+00  0.0000E+00  0.0000E+00
     12.214  0.7275E-03  0.7512E-02  0.7512E-02  0.7512E-02  0.0000E+00  0.0000E+00  0.0000E+00  0.0000E+00  0.0000E+00
     12.295  0.5533E-03  0.6255E-02  0.6255E-02  0.6255E-02  0.0000E+00  0.0000E+00  0.0000E+00  0.0000E+00  0.0000E+00
     12.375  0.4101E-03  0.5290E-02  0.5290E-02  0.5290E-02  0.0000E+00  0.0000E+00  0.0000E+00  0.0000E+00  0.0000E+00
     12.456  0.3094E-03  0.4792E-02  0.4792E-02  0.4792E-02  0.0000E+00  0.0000E+00  0.0000E+00  0.0000E+00  0.0000E+00
     12.537  0.2485E-03  0.4412E-02  0.4412E-02  0.4412E-02  0.0000E+00  0.0000E+00  0.0000E+00  0.0000E+00  0.0000E+00
     12.617  0.8714E-04  0.3562E-02  0.3562E-02  0.3562E-02  0.0000E+00  0.0000E+00  0.0000E+00  0.0000E+00  0.0000E+00
     12.698  0.2548E-04  0.1042E-02  0.1042E-02  0.1042E-02  0.0000E+00  0.0000E+00  0.0000E+00  0.0000E+00  0.0000E+00
     12.778  0.5801E-06  0.2371E-04  0.2371E-04  0.2371E-04  0.0000E+00  0.0000E+00  0.0000E+00  0.0000E+00  0.0000E+00
     12.859  0.0000E+00  0.0000E+00  0.0000E+00  0.0000E+00  0.0000E+00  0.0000E+00  0.0000E+00  0.0000E+00  0.0000E+00
     12.939  0.0000E+00  0.0000E+00  0.0000E+00  0.0000E+00  0.0000E+00  0.0000E+00  0.0000E+00  0.0000E+00  0.0000E+00
     13.020  0.0000E+00  0.0000E+00  0.0000E+00  0.0000E+00  0.0000E+00  0.0000E+00  0.0000E+00  0.0000E+00  0.0000E+00
     13.101  0.0000E+00  0.0000E+00  0.0000E+00  0.0000E+00  0.0000E+00  0.0000E+00  0.0000E+00  0.0000E+00  0.0000E+00
     13.181  0.0000E+00  0.0000E+00  0.0000E+00  0.0000E+00  0.0000E+00  0.0000E+00  0.0000E+00  0.0000E+00  0.0000E+00
     13.262  0.0000E+00  0.0000E+00  0.0000E+00  0.0000E+00  0.0000E+00  0.0000E+00  0.0000E+00  0.0000E+00  0.0000E+00
     13.342  0.0000E+00  0.0000E+00  0.0000E+00  0.0000E+00  0.0000E+00  0.0000E+00  0.0000E+00  0.0000E+00  0.0000E+00
     13.423  0.0000E+00  0.0000E+00  0.0000E+00  0.0000E+00  0.0000E+00  0.0000E+00  0.0000E+00  0.0000E+00  0.0000E+00
     13.503  0.0000E+00  0.0000E+00  0.0000E+00  0.0000E+00  0.0000E+00  0.0000E+00  0.0000E+00  0.0000E+00  0.0000E+00
     13.584  0.0000E+00  0.0000E+00  0.0000E+00  0.0000E+00  0.0000E+00  0.0000E+00  0.0000E+00  0.0000E+00  0.0000E+00
     13.665  0.0000E+00  0.0000E+00  0.0000E+00  0.0000E+00  0.0000E+00  0.0000E+00  0.0000E+00  0.0000E+00  0.0000E+00
     13.745  0.0000E+00  0.0000E+00  0.0000E+00  0.0000E+00  0.0000E+00  0.0000E+00  0.0000E+00  0.0000E+00  0.0000E+00
     13.826  0.0000E+00  0.0000E+00  0.0000E+00  0.0000E+00  0.0000E+00  0.0000E+00  0.0000E+00  0.0000E+00  0.0000E+00
     13.906  0.0000E+00  0.0000E+00  0.0000E+00  0.0000E+00  0.0000E+00  0.0000E+00  0.0000E+00  0.0000E+00  0.0000E+00
     13.987  0.0000E+00  0.0000E+00  0.0000E+00  0.0000E+00  0.0000E+00  0.0000E+00  0.0000E+00  0.0000E+00  0.0000E+00
     14.067  0.0000E+00  0.0000E+00  0.0000E+00  0.0000E+00  0.0000E+00  0.0000E+00  0.0000E+00  0.0000E+00  0.0000E+00
     14.148  0.0000E+00  0.0000E+00  0.0000E+00  0.0000E+00  0.0000E+00  0.0000E+00  0.0000E+00  0.0000E+00  0.0000E+00
     14.229  0.0000E+00  0.0000E+00  0.0000E+00  0.0000E+00  0.0000E+00  0.0000E+00  0.0000E+00  0.0000E+00  0.0000E+00
     14.309  0.0000E+00  0.0000E+00  0.0000E+00  0.0000E+00  0.0000E+00  0.0000E+00  0.0000E+00  0.0000E+00  0.0000E+00
     14.390  0.0000E+00  0.0000E+00  0.0000E+00  0.0000E+00  0.0000E+00  0.0000E+00  0.0000E+00  0.0000E+00  0.0000E+00
     14.470  0.0000E+00  0.0000E+00  0.0000E+00  0.0000E+00  0.0000E+00  0.0000E+00  0.0000E+00  0.0000E+00  0.0000E+00
     14.551  0.0000E+00  0.0000E+00  0.0000E+00  0.0000E+00  0.0000E+00  0.0000E+00  0.0000E+00  0.0000E+00  0.0000E+00
     14.631  0.0000E+00  0.0000E+00  0.0000E+00  0.0000E+00  0.0000E+00  0.0000E+00  0.0000E+00  0.0000E+00  0.0000E+00
     14.712  0.0000E+00  0.0000E+00  0.0000E+00  0.0000E+00  0.0000E+00  0.0000E+00  0.0000E+00  0.0000E+00  0.0000E+00
     14.793  0.0000E+00  0.0000E+00  0.0000E+00  0.0000E+00  0.0000E+00  0.0000E+00  0.0000E+00  0.0000E+00  0.0000E+00
     14.79258065     -9.37921104  301      4.83017710      1.00000000
     -9.379  0.0000E+00  0.0000E+00  0.0000E+00  0.0000E+00  0.0000E+00  0.0000E+00  0.0000E+00  0.0000E+00  0.0000E+00
     -9.299  0.0000E+00  0.0000E+00  0.0000E+00  0.0000E+00  0.0000E+00  0.0000E+00  0.0000E+00  0.0000E+00  0.0000E+00
     -9.218  0.0000E+00  0.0000E+00  0.0000E+00  0.0000E+00  0.0000E+00  0.0000E+00  0.0000E+00  0.0000E+00  0.0000E+00
     -9.137  0.0000E+00  0.0000E+00  0.0000E+00  0.0000E+00  0.0000E+00  0.0000E+00  0.0000E+00  0.0000E+00  0.0000E+00
     -9.057  0.0000E+00  0.0000E+00  0.0000E+00  0.0000E+00  0.0000E+00  0.0000E+00  0.0000E+00  0.0000E+00  0.0000E+00
     -8.976  0.0000E+00  0.0000E+00  0.0000E+00  0.0000E+00  0.0000E+00  0.0000E+00  0.0000E+00  0.0000E+00  0.0000E+00
     -8.896  0.0000E+00  0.0000E+00  0.0000E+00  0.0000E+00  0.0000E+00  0.0000E+00  0.0000E+00  0.0000E+00  0.0000E+00
     -8.815  0.0000E+00  0.0000E+00  0.0000E+00  0.0000E+00  0.0000E+00  0.0000E+00  0.0000E+00  0.0000E+00  0.0000E+00
     -8.735  0.0000E+00  0.0000E+00  0.0000E+00  0.0000E+00  0.0000E+00  0.0000E+00  0.0000E+00  0.0000E+00  0.0000E+00
     -8.654  0.0000E+00  0.0000E+00  0.0000E+00  0.0000E+00  0.0000E+00  0.0000E+00  0.0000E+00  0.0000E+00  0.0000E+00
     -8.573  0.0000E+00  0.0000E+00  0.0000E+00  0.0000E+00  0.0000E+00  0.0000E+00  0.0000E+00  0.0000E+00  0.0000E+00
     -8.493  0.0000E+00  0.0000E+00  0.0000E+00  0.0000E+00  0.0000E+00  0.0000E+00  0.0000E+00  0.0000E+00  0.0000E+00
     -8.412  0.0000E+00  0.0000E+00  0.0000E+00  0.0000E+00  0.0000E+00  0.0000E+00  0.0000E+00  0.0000E+00  0.0000E+00
     -8.332  0.0000E+00  0.0000E+00  0.0000E+00  0.0000E+00  0.0000E+00  0.0000E+00  0.0000E+00  0.0000E+00  0.0000E+00
     -8.251  0.0000E+00  0.0000E+00  0.0000E+00  0.0000E+00  0.0000E+00  0.0000E+00  0.0000E+00  0.0000E+00  0.0000E+00
     -8.171  0.0000E+00  0.0000E+00  0.0000E+00  0.0000E+00  0.0000E+00  0.0000E+00  0.0000E+00  0.0000E+00  0.0000E+00
     -8.090  0.0000E+00  0.0000E+00  0.0000E+00  0.0000E+00  0.0000E+00  0.0000E+00  0.0000E+00  0.0000E+00  0.0000E+00
     -8.009  0.0000E+00  0.0000E+00  0.0000E+00  0.0000E+00  0.0000E+00  0.0000E+00  0.0000E+00  0.0000E+00  0.0000E+00
     -7.929  0.0000E+00  0.0000E+00  0.0000E+00  0.0000E+00  0.0000E+00  0.0000E+00  0.0000E+00  0.0000E+00  0.0000E+00
     -7.848  0.0000E+00  0.0000E+00  0.0000E+00  0.0000E+00  0.0000E+00  0.0000E+00  0.0000E+00  0.0000E+00  0.0000E+00
     -7.768  0.0000E+00  0.0000E+00  0.0000E+00  0.0000E+00  0.0000E+00  0.0000E+00  0.0000E+00  0.0000E+00  0.0000E+00
     -7.687  0.0000E+00  0.0000E+00  0.0000E+00  0.0000E+00  0.0000E+00  0.0000E+00  0.0000E+00  0.0000E+00  0.0000E+00
     -7.607  0.0000E+00  0.0000E+00  0.0000E+00  0.0000E+00  0.0000E+00  0.0000E+00  0.0000E+00  0.0000E+00  0.0000E+00
     -7.526  0.0000E+00  0.0000E+00  0.0000E+00  0.0000E+00  0.0000E+00  0.0000E+00  0.0000E+00  0.0000E+00  0.0000E+00
     -7.445  0.0000E+00  0.0000E+00  0.0000E+00  0.0000E+00  0.0000E+00  0.0000E+00  0.0000E+00  0.0000E+00  0.0000E+00
     -7.365  0.6813E-02  0.1698E-05  0.1698E-05  0.1698E-05  0.0000E+00  0.0000E+00  0.0000E+00  0.0000E+00  0.0000E+00
     -7.284  0.3366E-01  0.4364E-04  0.4364E-04  0.4364E-04  0.0000E+00  0.0000E+00  0.0000E+00  0.0000E+00  0.0000E+00
     -7.204  0.3484E-01  0.9440E-04  0.9440E-04  0.9440E-04  0.0000E+00  0.0000E+00  0.0000E+00  0.0000E+00  0.0000E+00
     -7.123  0.4286E-01  0.1661E-03  0.1661E-03  0.1661E-03  0.0000E+00  0.0000E+00  0.0000E+00  0.0000E+00  0.0000E+00
     -7.043  0.5022E-01  0.2475E-03  0.2475E-03  0.2475E-03  0.0000E+00  0.0000E+00  0.0000E+00  0.0000E+00  0.0000E+00
     -6.962  0.5576E-01  0.3459E-03  0.3459E-03  0.3459E-03  0.0000E+00  0.0000E+00  0.0000E+00  0.0000E+00  0.0000E+00
     -6.881  0.6167E-01  0.4501E-03  0.4501E-03  0.4501E-03  0.0000E+00  0.0000E+00  0.0000E+00  0.0000E+00  0.0000E+00
     -6.801  0.6682E-01  0.5669E-03  0.5669E-03  0.5669E-03  0.0000E+00  0.0000E+00  0.0000E+00  0.0000E+00  0.0000E+00
     -6.720  0.7225E-01  0.6884E-03  0.6884E-03  0.6884E-03  0.0000E+00  0.0000E+00  0.0000E+00  0.0000E+00  0.0000E+00
     -6.640  0.7697E-01  0.8246E-03  0.8246E-03  0.8246E-03  0.0000E+00  0.0000E+00  0.0000E+00  0.0000E+00  0.0000E+00
     -6.559  0.8219E-01  0.9614E-03  0.9614E-03  0.9614E-03  0.0000E+00  0.0000E+00  0.0000E+00  0.0000E+00  0.0000E+00
     -6.479  0.8681E-01  0.1116E-02  0.1116E-02  0.1116E-02  0.0000E+00  0.0000E+00  0.0000E+00  0.0000E+00  0.0000E+00
     -6.398  0.9173E-01  0.1274E-02  0.1274E-02  0.1274E-02  0.0000E+00  0.0000E+00  0.0000E+00  0.0000E+00  0.0000E+00
     -6.317  0.9682E-01  0.1438E-02  0.1438E-02  0.1438E-02  0.0000E+00  0.0000E+00  0.0000E+00  0.0000E+00  0.0000E+00
     -6.237  0.1017E+00  0.1620E-02  0.1620E-02  0.1620E-02  0.0000E+00  0.0000E+00  0.0000E+00  0.0000E+00  0.0000E+00
     -6.156  0.1070E+00  0.1803E-02  0.1803E-02  0.1803E-02  0.0000E+00  0.0000E+00  0.0000E+00  0.0000E+00  0.0000E+00
     -6.076  0.1125E+00  0.2000E-02  0.2000E-02  0.2000E-02  0.0000E+00  0.0000E+00  0.0000E+00  0.0000E+00  0.0000E+00
     -5.995  0.1181E+00  0.2214E-02  0.2214E-02  0.2214E-02  0.0000E+00  0.0000E+00  0.0000E+00  0.0000E+00  0.0000E+00
     -5.915  0.1244E+00  0.2433E-02  0.2433E-02  0.2433E-02  0.0000E+00  0.0000E+00  0.0000E+00  0.0000E+00  0.0000E+00
     -5.834  0.1312E+00  0.2672E-02  0.2672E-02  0.2672E-02  0.0000E+00  0.0000E+00  0.0000E+00  0.0000E+00  0.0000E+00
     -5.753  0.1388E+00  0.2941E-02  0.2941E-02  0.2941E-02  0.0000E+00  0.0000E+00  0.0000E+00  0.0000E+00  0.0000E+00
     -5.673  0.1479E+00  0.3230E-02  0.3230E-02  0.3230E-02  0.0000E+00  0.0000E+00  0.0000E+00  0.0000E+00  0.0000E+00
     -5.592  0.1591E+00  0.3563E-02  0.3563E-02  0.3563E-02  0.0000E+00  0.0000E+00  0.0000E+00  0.0000E+00  0.0000E+00
     -5.512  0.1751E+00  0.4004E-02  0.4004E-02  0.4004E-02  0.0000E+00  0.0000E+00  0.0000E+00  0.0000E+00  0.0000E+00
     -5.431  0.2252E+00  0.5027E-02  0.5027E-02  0.5027E-02  0.0000E+00  0.0000E+00  0.0000E+00  0.0000E+00  0.0000E+00
     -5.351  0.2138E+00  0.5031E-02  0.5031E-02  0.5031E-02  0.0000E+00  0.0000E+00  0.0000E+00  0.0000E+00  0.0000E+00
     -5.270  0.2042E+00  0.5099E-02  0.5099E-02  0.5099E-02  0.0000E+00  0.0000E+00  0.0000E+00  0.0000E+00  0.0000E+00
     -5.189  0.1951E+00  0.5115E-02  0.5115E-02  0.5115E-02  0.0000E+00  0.0000E+00  0.0000E+00  0.0000E+00  0.0000E+00
     -5.109  0.1889E+00  0.5175E-02  0.5175E-02  0.5175E-02  0.0000E+00  0.0000E+00  0.0000E+00  0.0000E+00  0.0000E+00
     -5.028  0.1812E+00  0.5205E-02  0.5205E-02  0.5205E-02  0.0000E+00  0.0000E+00  0.0000E+00  0.0000E+00  0.0000E+00
     -4.948  0.1725E+00  0.5178E-02  0.5178E-02  0.5178E-02  0.0000E+00  0.0000E+00  0.0000E+00  0.0000E+00  0.0000E+00
     -4.867  0.1657E+00  0.5176E-02  0.5176E-02  0.5176E-02  0.0000E+00  0.0000E+00  0.0000E+00  0.0000E+00  0.0000E+00
     -4.787  0.1575E+00  0.5136E-02  0.5136E-02  0.5136E-02  0.0000E+00  0.0000E+00  0.0000E+00  0.0000E+00  0.0000E+00
     -4.706  0.1497E+00  0.5075E-02  0.5075E-02  0.5075E-02  0.0000E+00  0.0000E+00  0.0000E+00  0.0000E+00  0.0000E+00
     -4.625  0.1424E+00  0.5004E-02  0.5004E-02  0.5004E-02  0.0000E+00  0.0000E+00  0.0000E+00  0.0000E+00  0.0000E+00
     -4.545  0.1335E+00  0.4890E-02  0.4890E-02  0.4890E-02  0.0000E+00  0.0000E+00  0.0000E+00  0.0000E+00  0.0000E+00
     -4.464  0.1258E+00  0.4769E-02  0.4769E-02  0.4769E-02  0.0000E+00  0.0000E+00  0.0000E+00  0.0000E+00  0.0000E+00
     -4.384  0.1167E+00  0.4600E-02  0.4600E-02  0.4600E-02  0.0000E+00  0.0000E+00  0.0000E+00  0.0000E+00  0.0000E+00
     -4.303  0.1081E+00  0.4418E-02  0.4418E-02  0.4418E-02  0.0000E+00  0.0000E+00  0.0000E+00  0.0000E+00  0.0000E+00
     -4.223  0.9940E-01  0.4200E-02  0.4200E-02  0.4200E-02  0.0000E+00  0.0000E+00  0.0000E+00  0.0000E+00  0.0000E+00
     -4.142  0.8965E-01  0.3950E-02  0.3950E-02  0.3950E-02  0.0000E+00  0.0000E+00  0.0000E+00  0.0000E+00  0.0000E+00
     -4.061  0.7918E-01  0.3615E-02  0.3615E-02  0.3615E-02  0.0000E+00  0.0000E+00  0.0000E+00  0.0000E+00  0.0000E+00
     -3.981  0.6875E-01  0.3280E-02  0.3280E-02  0.3280E-02  0.0000E+00  0.0000E+00  0.0000E+00  0.0000E+00  0.0000E+00
     -3.900  0.4854E-01  0.2426E-02  0.2426E-02  0.2426E-02  0.0000E+00  0.0000E+00  0.0000E+00  0.0000E+00  0.0000E+00
     -3.820  0.1910E-01  0.9658E-03  0.9658E-03  0.9658E-03  0.0000E+00  0.0000E+00  0.0000E+00  0.0000E+00  0.0000E+00
     -3.739  0.4789E-02  0.2427E-03  0.2427E-03  0.2427E-03  0.0000E+00  0.0000E+00  0.0000E+00  0.0000E+00  0.0000E+00
     -3.659  0.9471E-02  0.5592E-03  0.5592E-03  0.5592E-03  0.0000E+00  0.0000E+00  0.0000E+00  0.0000E+00  0.0000E+00
     -3.578  0.2781E-01  0.1650E-02  0.1650E-02  0.1650E-02  0.0000E+00  0.0000E+00  0.0000E+00  0.0000E+00  0.0000E+00
     -3.497  0.4804E-01  0.2891E-02  0.2891E-02  0.2891E-02  0.0000E+00  0.0000E+00  0.0000E+00  0.0000E+00  0.0000E+00
     -3.417  0.6246E-01  0.3872E-02  0.3872E-02  0.3872E-02  0.0000E+00  0.0000E+00  0.0000E+00  0.0000E+00  0.0000E+00
     -3.336  0.7196E-01  0.4615E-02  0.4615E-02  0.4615E-02  0.0000E+00  0.0000E+00  0.0000E+00  0.0000E+00  0.0000E+00
     -3.256  0.8053E-01  0.5314E-02  0.5314E-02  0.5314E-02  0.0000E+00  0.0000E+00  0.0000E+00  0.0000E+00  0.0000E+00
     -3.175  0.8984E-01  0.6160E-02  0.6160E-02  0.6160E-02  0.0000E+00  0.0000E+00  0.0000E+00  0.0000E+00  0.0000E+00
     -3.095  0.9851E-01  0.6998E-02  0.6998E-02  0.6998E-02  0.0000E+00  0.0000E+00  0.0000E+00  0.0000E+00  0.0000E+00
     -3.014  0.1069E+00  0.7889E-02  0.7889E-02  0.7889E-02  0.0000E+00  0.0000E+00  0.0000E+00  0.0000E+00  0.0000E+00
     -2.933  0.1174E+00  0.9094E-02  0.9094E-02  0.9094E-02  0.0000E+00  0.0000E+00  0.0000E+00  0.0000E+00  0.0000E+00
     -2.853  0.1268E+00  0.1029E-01  0.1029E-01  0.1029E-01  0.0000E+00  0.0000E+00  0.0000E+00  0.0000E+00  0.0000E+00
     -2.772  0.1407E+00  0.1222E-01  0.1222E-01  0.1222E-01  0.0000E+00  0.0000E+00  0.0000E+00  0.0000E+00  0.0000E+00
     -2.692  0.1585E+00  0.1490E-01  0.1490E-01  0.1490E-01  0.0000E+00  0.0000E+00  0.0000E+00  0.0000E+00  0.0000E+00
     -2.611  0.2063E+00  0.2247E-01  0.2247E-01  0.2247E-01  0.0000E+00  0.0000E+00  0.0000E+00  0.0000E+00  0.0000E+00
     -2.531  0.2540E+00  0.3475E-01  0.3475E-01  0.3475E-01  0.0000E+00  0.0000E+00  0.0000E+00  0.0000E+00  0.0000E+00
     -2.450  0.1664E+00  0.2069E-01  0.2069E-01  0.2069E-01  0.0000E+00  0.0000E+00  0.0000E+00  0.0000E+00  0.0000E+00
     -2.369  0.1436E+00  0.1774E-01  0.1774E-01  0.1774E-01  0.0000E+00  0.0000E+00  0.0000E+00  0.0000E+00  0.0000E+00
     -2.289  0.1279E+00  0.1588E-01  0.1588E-01  0.1588E-01  0.0000E+00  0.0000E+00  0.0000E+00  0.0000E+00  0.0000E+00
     -2.208  0.1167E+00  0.1459E-01  0.1459E-01  0.1459E-01  0.0000E+00  0.0000E+00  0.0000E+00  0.0000E+00  0.0000E+00
     -2.128  0.1079E+00  0.1362E-01  0.1362E-01  0.1362E-01  0.0000E+00  0.0000E+00  0.0000E+00  0.0000E+00  0.0000E+00
     -2.047  0.9999E-01  0.1278E-01  0.1278E-01  0.1278E-01  0.0000E+00  0.0000E+00  0.0000E+00  0.0000E+00  0.0000E+00
     -1.967  0.9272E-01  0.1204E-01  0.1204E-01  0.1204E-01  0.0000E+00  0.0000E+00  0.0000E+00  0.0000E+00  0.0000E+00
     -1.886  0.8717E-01  0.1147E-01  0.1147E-01  0.1147E-01  0.0000E+00  0.0000E+00  0.0000E+00  0.0000E+00  0.0000E+00
     -1.805  0.8215E-01  0.1096E-01  0.1096E-01  0.1096E-01  0.0000E+00  0.0000E+00  0.0000E+00  0.0000E+00  0.0000E+00
     -1.725  0.7727E-01  0.1047E-01  0.1047E-01  0.1047E-01  0.0000E+00  0.0000E+00  0.0000E+00  0.0000E+00  0.0000E+00
     -1.644  0.7246E-01  0.9996E-02  0.9996E-02  0.9996E-02  0.0000E+00  0.0000E+00  0.0000E+00  0.0000E+00  0.0000E+00
     -1.564  0.6847E-01  0.9597E-02  0.9597E-02  0.9597E-02  0.0000E+00  0.0000E+00  0.0000E+00  0.0000E+00  0.0000E+00
     -1.483  0.6509E-01  0.9261E-02  0.9261E-02  0.9261E-02  0.0000E+00  0.0000E+00  0.0000E+00  0.0000E+00  0.0000E+00
     -1.403  0.6163E-01  0.8916E-02  0.8916E-02  0.8916E-02  0.0000E+00  0.0000E+00  0.0000E+00  0.0000E+00  0.0000E+00
     -1.322  0.5818E-01  0.8568E-02  0.8568E-02  0.8568E-02  0.0000E+00  0.0000E+00  0.0000E+00  0.0000E+00  0.0000E+00
     -1.241  0.5469E-01  0.8209E-02  0.8209E-02  0.8209E-02  0.0000E+00  0.0000E+00  0.0000E+00  0.0000E+00  0.0000E+00
     -1.161  0.5225E-01  0.7960E-02  0.7960E-02  0.7960E-02  0.0000E+00  0.0000E+00  0.0000E+00  0.0000E+00  0.0000E+00
     -1.080  0.4975E-01  0.7703E-02  0.7703E-02  0.7703E-02  0.0000E+00  0.0000E+00  0.0000E+00  0.0000E+00  0.0000E+00
     -1.000  0.4723E-01  0.7441E-02  0.7441E-02  0.7441E-02  0.0000E+00  0.0000E+00  0.0000E+00  0.0000E+00  0.0000E+00
     -0.919  0.4457E-01  0.7155E-02  0.7155E-02  0.7155E-02  0.0000E+00  0.0000E+00  0.0000E+00  0.0000E+00  0.0000E+00
     -0.839  0.4198E-01  0.6870E-02  0.6870E-02  0.6870E-02  0.0000E+00  0.0000E+00  0.0000E+00  0.0000E+00  0.0000E+00
     -0.758  0.4016E-01  0.6673E-02  0.6673E-02  0.6673E-02  0.0000E+00  0.0000E+00  0.0000E+00  0.0000E+00  0.0000E+00
     -0.677  0.3833E-01  0.6472E-02  0.6472E-02  0.6472E-02  0.0000E+00  0.0000E+00  0.0000E+00  0.0000E+00  0.0000E+00
     -0.597  0.3635E-01  0.6250E-02  0.6250E-02  0.6250E-02  0.0000E+00  0.0000E+00  0.0000E+00  0.0000E+00  0.0000E+00
     -0.516  0.3436E-01  0.6019E-02  0.6019E-02  0.6019E-02  0.0000E+00  0.0000E+00  0.0000E+00  0.0000E+00  0.0000E+00
     -0.436  0.3222E-01  0.5762E-02  0.5762E-02  0.5762E-02  0.0000E+00  0.0000E+00  0.0000E+00  0.0000E+00  0.0000E+00
     -0.355  0.3082E-01  0.5596E-02  0.5596E-02  0.5596E-02  0.0000E+00  0.0000E+00  0.0000E+00  0.0000E+00  0.0000E+00
     -0.275  0.2939E-01  0.5425E-02  0.5425E-02  0.5425E-02  0.0000E+00  0.0000E+00  0.0000E+00  0.0000E+00  0.0000E+00
     -0.194  0.2796E-01  0.5251E-02  0.5251E-02  0.5251E-02  0.0000E+00  0.0000E+00  0.0000E+00  0.0000E+00  0.0000E+00
     -0.113  0.2640E-01  0.5055E-02  0.5055E-02  0.5055E-02  0.0000E+00  0.0000E+00  0.0000E+00  0.0000E+00  0.0000E+00
     -0.033  0.2484E-01  0.4851E-02  0.4851E-02  0.4851E-02  0.0000E+00  0.0000E+00  0.0000E+00  0.0000E+00  0.0000E+00
      0.048  0.2335E-01  0.4652E-02  0.4652E-02  0.4652E-02  0.0000E+00  0.0000E+00  0.0000E+00  0.0000E+00  0.0000E+00
      0.128  0.2259E-01  0.9823E-02  0.9823E-02  0.9823E-02  0.0000E+00  0.0000E+00  0.0000E+00  0.0000E+00  0.0000E+00
      0.209  0.2350E-01  0.3675E-01  0.3675E-01  0.3675E-01  0.0000E+00  0.0000E+00  0.0000E+00  0.0000E+00  0.0000E+00
      0.290  0.2466E-01  0.5336E-01  0.5336E-01  0.5336E-01  0.0000E+00  0.0000E+00  0.0000E+00  0.0000E+00  0.0000E+00
      0.370  0.2716E-01  0.7726E-01  0.7726E-01  0.7726E-01  0.0000E+00  0.0000E+00  0.0000E+00  0.0000E+00  0.0000E+00
      0.451  0.2682E-01  0.6844E-01  0.6844E-01  0.6844E-01  0.0000E+00  0.0000E+00  0.0000E+00  0.0000E+00  0.0000E+00
      0.531  0.2686E-01  0.6317E-01  0.6317E-01  0.6317E-01  0.0000E+00  0.0000E+00  0.0000E+00  0.0000E+00  0.0000E+00
      0.612  0.2676E-01  0.5837E-01  0.5837E-01  0.5837E-01  0.0000E+00  0.0000E+00  0.0000E+00  0.0000E+00  0.0000E+00
      0.692  0.2672E-01  0.5814E-01  0.5814E-01  0.5814E-01  0.0000E+00  0.0000E+00  0.0000E+00  0.0000E+00  0.0000E+00
      0.773  0.2630E-01  0.5754E-01  0.5754E-01  0.5754E-01  0.0000E+00  0.0000E+00  0.0000E+00  0.0000E+00  0.0000E+00
      0.854  0.2568E-01  0.6027E-01  0.6027E-01  0.6027E-01  0.0000E+00  0.0000E+00  0.0000E+00  0.0000E+00  0.0000E+00
      0.934  0.2504E-01  0.6112E-01  0.6112E-01  0.6112E-01  0.0000E+00  0.0000E+00  0.0000E+00  0.0000E+00  0.0000E+00
      1.015  0.2436E-01  0.6415E-01  0.6415E-01  0.6415E-01  0.0000E+00  0.0000E+00  0.0000E+00  0.0000E+00  0.0000E+00
      1.095  0.2383E-01  0.6933E-01  0.6933E-01  0.6933E-01  0.0000E+00  0.0000E+00  0.0000E+00  0.0000E+00  0.0000E+00
      1.176  0.2310E-01  0.7306E-01  0.7306E-01  0.7306E-01  0.0000E+00  0.0000E+00  0.0000E+00  0.0000E+00  0.0000E+00
      1.256  0.2247E-01  0.8403E-01  0.8403E-01  0.8403E-01  0.0000E+00  0.0000E+00  0.0000E+00  0.0000E+00  0.0000E+00
      1.337  0.2170E-01  0.9903E-01  0.9903E-01  0.9903E-01  0.0000E+00  0.0000E+00  0.0000E+00  0.0000E+00  0.0000E+00
      1.418  0.2057E-01  0.9622E-01  0.9622E-01  0.9622E-01  0.0000E+00  0.0000E+00  0.0000E+00  0.0000E+00  0.0000E+00
      1.498  0.1945E-01  0.9520E-01  0.9520E-01  0.9520E-01  0.0000E+00  0.0000E+00  0.0000E+00  0.0000E+00  0.0000E+00
      1.579  0.1871E-01  0.9448E-01  0.9448E-01  0.9448E-01  0.0000E+00  0.0000E+00  0.0000E+00  0.0000E+00  0.0000E+00
      1.659  0.1795E-01  0.9341E-01  0.9341E-01  0.9341E-01  0.0000E+00  0.0000E+00  0.0000E+00  0.0000E+00  0.0000E+00
      1.740  0.1713E-01  0.9260E-01  0.9260E-01  0.9260E-01  0.0000E+00  0.0000E+00  0.0000E+00  0.0000E+00  0.0000E+00
      1.820  0.1623E-01  0.9170E-01  0.9170E-01  0.9170E-01  0.0000E+00  0.0000E+00  0.0000E+00  0.0000E+00  0.0000E+00
      1.901  0.1519E-01  0.9074E-01  0.9074E-01  0.9074E-01  0.0000E+00  0.0000E+00  0.0000E+00  0.0000E+00  0.0000E+00
      1.982  0.1410E-01  0.9016E-01  0.9016E-01  0.9016E-01  0.0000E+00  0.0000E+00  0.0000E+00  0.0000E+00  0.0000E+00
      2.062  0.1321E-01  0.8880E-01  0.8880E-01  0.8880E-01  0.0000E+00  0.0000E+00  0.0000E+00  0.0000E+00  0.0000E+00
      2.143  0.1246E-01  0.8833E-01  0.8833E-01  0.8833E-01  0.0000E+00  0.0000E+00  0.0000E+00  0.0000E+00  0.0000E+00
      2.223  0.1162E-01  0.8780E-01  0.8780E-01  0.8780E-01  0.0000E+00  0.0000E+00  0.0000E+00  0.0000E+00  0.0000E+00
      2.304  0.1067E-01  0.8688E-01  0.8688E-01  0.8688E-01  0.0000E+00  0.0000E+00  0.0000E+00  0.0000E+00  0.0000E+00
      2.384  0.9666E-02  0.8586E-01  0.8586E-01  0.8586E-01  0.0000E+00  0.0000E+00  0.0000E+00  0.0000E+00  0.0000E+00
      2.465  0.8607E-02  0.8555E-01  0.8555E-01  0.8555E-01  0.0000E+00  0.0000E+00  0.0000E+00  0.0000E+00  0.0000E+00
      2.546  0.7493E-02  0.8613E-01  0.8613E-01  0.8613E-01  0.0000E+00  0.0000E+00  0.0000E+00  0.0000E+00  0.0000E+00
      2.626  0.6493E-02  0.8525E-01  0.8525E-01  0.8525E-01  0.0000E+00  0.0000E+00  0.0000E+00  0.0000E+00  0.0000E+00
      2.707  0.5545E-02  0.7454E-01  0.7454E-01  0.7454E-01  0.0000E+00  0.0000E+00  0.0000E+00  0.0000E+00  0.0000E+00
      2.787  0.4945E-02  0.5831E-01  0.5831E-01  0.5831E-01  0.0000E+00  0.0000E+00  0.0000E+00  0.0000E+00  0.0000E+00
      2.868  0.4445E-02  0.4987E-01  0.4987E-01  0.4987E-01  0.0000E+00  0.0000E+00  0.0000E+00  0.0000E+00  0.0000E+00
      2.948  0.3896E-02  0.4349E-01  0.4349E-01  0.4349E-01  0.0000E+00  0.0000E+00  0.0000E+00  0.0000E+00  0.0000E+00
      3.029  0.3236E-02  0.3786E-01  0.3786E-01  0.3786E-01  0.0000E+00  0.0000E+00  0.0000E+00  0.0000E+00  0.0000E+00
      3.110  0.2770E-02  0.3370E-01  0.3370E-01  0.3370E-01  0.0000E+00  0.0000E+00  0.0000E+00  0.0000E+00  0.0000E+00
      3.190  0.2251E-02  0.2944E-01  0.2944E-01  0.2944E-01  0.0000E+00  0.0000E+00  0.0000E+00  0.0000E+00  0.0000E+00
      3.271  0.1828E-02  0.2549E-01  0.2549E-01  0.2549E-01  0.0000E+00  0.0000E+00  0.0000E+00  0.0000E+00  0.0000E+00
      3.351  0.1430E-02  0.2183E-01  0.2183E-01  0.2183E-01  0.0000E+00  0.0000E+00  0.0000E+00  0.0000E+00  0.0000E+00
      3.432  0.1035E-02  0.1879E-01  0.1879E-01  0.1879E-01  0.0000E+00  0.0000E+00  0.0000E+00  0.0000E+00  0.0000E+00
      3.512  0.6848E-03  0.1494E-01  0.1494E-01  0.1494E-01  0.0000E+00  0.0000E+00  0.0000E+00  0.0000E+00  0.0000E+00
      3.593  0.3797E-03  0.1191E-01  0.1191E-01  0.1191E-01  0.0000E+00  0.0000E+00  0.0000E+00  0.0000E+00  0.0000E+00
      3.674  0.1406E-03  0.7297E-02  0.7297E-02  0.7297E-02  0.0000E+00  0.0000E+00  0.0000E+00  0.0000E+00  0.0000E+00
      3.754  0.4391E-06  0.4868E-03  0.4868E-03  0.4868E-03  0.0000E+00  0.0000E+00  0.0000E+00  0.0000E+00  0.0000E+00
      3.835  0.0000E+00  0.0000E+00  0.0000E+00  0.0000E+00  0.0000E+00  0.0000E+00  0.0000E+00  0.0000E+00  0.0000E+00
      3.915  0.0000E+00  0.0000E+00  0.0000E+00  0.0000E+00  0.0000E+00  0.0000E+00  0.0000E+00  0.0000E+00  0.0000E+00
      3.996  0.0000E+00  0.0000E+00  0.0000E+00  0.0000E+00  0.0000E+00  0.0000E+00  0.0000E+00  0.0000E+00  0.0000E+00
      4.076  0.0000E+00  0.0000E+00  0.0000E+00  0.0000E+00  0.0000E+00  0.0000E+00  0.0000E+00  0.0000E+00  0.0000E+00
      4.157  0.0000E+00  0.0000E+00  0.0000E+00  0.0000E+00  0.0000E+00  0.0000E+00  0.0000E+00  0.0000E+00  0.0000E+00
      4.238  0.0000E+00  0.0000E+00  0.0000E+00  0.0000E+00  0.0000E+00  0.0000E+00  0.0000E+00  0.0000E+00  0.0000E+00
      4.318  0.0000E+00  0.0000E+00  0.0000E+00  0.0000E+00  0.0000E+00  0.0000E+00  0.0000E+00  0.0000E+00  0.0000E+00
      4.399  0.0000E+00  0.0000E+00  0.0000E+00  0.0000E+00  0.0000E+00  0.0000E+00  0.0000E+00  0.0000E+00  0.0000E+00
      4.479  0.0000E+00  0.0000E+00  0.0000E+00  0.0000E+00  0.0000E+00  0.0000E+00  0.0000E+00  0.0000E+00  0.0000E+00
      4.560  0.0000E+00  0.0000E+00  0.0000E+00  0.0000E+00  0.0000E+00  0.0000E+00  0.0000E+00  0.0000E+00  0.0000E+00
      4.640  0.0000E+00  0.0000E+00  0.0000E+00  0.0000E+00  0.0000E+00  0.0000E+00  0.0000E+00  0.0000E+00  0.0000E+00
      4.721  0.0000E+00  0.0000E+00  0.0000E+00  0.0000E+00  0.0000E+00  0.0000E+00  0.0000E+00  0.0000E+00  0.0000E+00
      4.802  0.0000E+00  0.0000E+00  0.0000E+00  0.0000E+00  0.0000E+00  0.0000E+00  0.0000E+00  0.0000E+00  0.0000E+00
      4.882  0.4047E-02  0.1366E-02  0.1366E-02  0.1366E-02  0.0000E+00  0.0000E+00  0.0000E+00  0.0000E+00  0.0000E+00
      4.963  0.1584E-01  0.4187E-02  0.4187E-02  0.4187E-02  0.0000E+00  0.0000E+00  0.0000E+00  0.0000E+00  0.0000E+00
      5.043  0.2667E-01  0.6905E-02  0.6905E-02  0.6905E-02  0.0000E+00  0.0000E+00  0.0000E+00  0.0000E+00  0.0000E+00
      5.124  0.3486E-01  0.9767E-02  0.9767E-02  0.9767E-02  0.0000E+00  0.0000E+00  0.0000E+00  0.0000E+00  0.0000E+00
      5.204  0.4167E-01  0.1206E-01  0.1206E-01  0.1206E-01  0.0000E+00  0.0000E+00  0.0000E+00  0.0000E+00  0.0000E+00
      5.285  0.4843E-01  0.1444E-01  0.1444E-01  0.1444E-01  0.0000E+00  0.0000E+00  0.0000E+00  0.0000E+00  0.0000E+00
      5.366  0.5571E-01  0.1718E-01  0.1718E-01  0.1718E-01  0.0000E+00  0.0000E+00  0.0000E+00  0.0000E+00  0.0000E+00
      5.446  0.6406E-01  0.2036E-01  0.2036E-01  0.2036E-01  0.0000E+00  0.0000E+00  0.0000E+00  0.0000E+00  0.0000E+00
      5.527  0.7344E-01  0.2373E-01  0.2373E-01  0.2373E-01  0.0000E+00  0.0000E+00  0.0000E+00  0.0000E+00  0.0000E+00
      5.607  0.8288E-01  0.2710E-01  0.2710E-01  0.2710E-01  0.0000E+00  0.0000E+00  0.0000E+00  0.0000E+00  0.0000E+00
      5.688  0.9501E-01  0.3152E-01  0.3152E-01  0.3152E-01  0.0000E+00  0.0000E+00  0.0000E+00  0.0000E+00  0.0000E+00
      5.768  0.1146E+00  0.3785E-01  0.3785E-01  0.3785E-01  0.0000E+00  0.0000E+00  0.0000E+00  0.0000E+00  0.0000E+00
      5.849  0.1396E+00  0.4695E-01  0.4695E-01  0.4695E-01  0.0000E+00  0.0000E+00  0.0000E+00  0.0000E+00  0.0000E+00
      5.930  0.1642E+00  0.5819E-01  0.5819E-01  0.5819E-01  0.0000E+00  0.0000E+00  0.0000E+00  0.0000E+00  0.0000E+00
      6.010  0.1498E+00  0.5677E-01  0.5677E-01  0.5677E-01  0.0000E+00  0.0000E+00  0.0000E+00  0.0000E+00  0.0000E+00
      6.091  0.1458E+00  0.5672E-01  0.5672E-01  0.5672E-01  0.0000E+00  0.0000E+00  0.0000E+00  0.0000E+00  0.0000E+00
      6.171  0.1159E+00  0.4597E-01  0.4597E-01  0.4597E-01  0.0000E+00  0.0000E+00  0.0000E+00  0.0000E+00  0.0000E+00
      6.252  0.1056E+00  0.4235E-01  0.4235E-01  0.4235E-01  0.0000E+00  0.0000E+00  0.0000E+00  0.0000E+00  0.0000E+00
      6.332  0.9678E-01  0.4021E-01  0.4021E-01  0.4021E-01  0.0000E+00  0.0000E+00  0.0000E+00  0.0000E+00  0.0000E+00
      6.413  0.7954E-01  0.3940E-01  0.3940E-01  0.3940E-01  0.0000E+00  0.0000E+00  0.0000E+00  0.0000E+00  0.0000E+00
      6.494  0.6691E-01  0.3736E-01  0.3736E-01  0.3736E-01  0.0000E+00  0.0000E+00  0.0000E+00  0.0000E+00  0.0000E+00
      6.574  0.6214E-01  0.3599E-01  0.3599E-01  0.3599E-01  0.0000E+00  0.0000E+00  0.0000E+00  0.0000E+00  0.0000E+00
      6.655  0.5983E-01  0.3652E-01  0.3652E-01  0.3652E-01  0.0000E+00  0.0000E+00  0.0000E+00  0.0000E+00  0.0000E+00
      6.735  0.5599E-01  0.3686E-01  0.3686E-01  0.3686E-01  0.0000E+00  0.0000E+00  0.0000E+00  0.0000E+00  0.0000E+00
      6.816  0.5370E-01  0.3655E-01  0.3655E-01  0.3655E-01  0.0000E+00  0.0000E+00  0.0000E+00  0.0000E+00  0.0000E+00
      6.896  0.5518E-01  0.3919E-01  0.3919E-01  0.3919E-01  0.0000E+00  0.0000E+00  0.0000E+00  0.0000E+00  0.0000E+00
      6.977  0.6017E-01  0.4362E-01  0.4362E-01  0.4362E-01  0.0000E+00  0.0000E+00  0.0000E+00  0.0000E+00  0.0000E+00
      7.058  0.6681E-01  0.4792E-01  0.4792E-01  0.4792E-01  0.0000E+00  0.0000E+00  0.0000E+00  0.0000E+00  0.0000E+00
      7.138  0.9247E-01  0.6187E-01  0.6187E-01  0.6187E-01  0.0000E+00  0.0000E+00  0.0000E+00  0.0000E+00  0.0000E+00
      7.219  0.6600E-01  0.6471E-01  0.6471E-01  0.6471E-01  0.0000E+00  0.0000E+00  0.0000E+00  0.0000E+00  0.0000E+00
      7.299  0.6719E-01  0.1138E+00  0.1138E+00  0.1138E+00  0.0000E+00  0.0000E+00  0.0000E+00  0.0000E+00  0.0000E+00
      7.380  0.4893E-01  0.8281E-01  0.8281E-01  0.8281E-01  0.0000E+00  0.0000E+00  0.0000E+00  0.0000E+00  0.0000E+00
      7.460  0.4476E-01  0.6599E-01  0.6599E-01  0.6599E-01  0.0000E+00  0.0000E+00  0.0000E+00  0.0000E+00  0.0000E+00
      7.541  0.4310E-01  0.6588E-01  0.6588E-01  0.6588E-01  0.0000E+00  0.0000E+00  0.0000E+00  0.0000E+00  0.0000E+00
      7.622  0.4021E-01  0.6195E-01  0.6195E-01  0.6195E-01  0.0000E+00  0.0000E+00  0.0000E+00  0.0000E+00  0.0000E+00
      7.702  0.3719E-01  0.5762E-01  0.5762E-01  0.5762E-01  0.0000E+00  0.0000E+00  0.0000E+00  0.0000E+00  0.0000E+00
      7.783  0.2895E-01  0.5044E-01  0.5044E-01  0.5044E-01  0.0000E+00  0.0000E+00  0.0000E+00  0.0000E+00  0.0000E+00
      7.863  0.2886E-01  0.4981E-01  0.4981E-01  0.4981E-01  0.0000E+00  0.0000E+00  0.0000E+00  0.0000E+00  0.0000E+00
      7.944  0.2634E-01  0.4668E-01  0.4668E-01  0.4668E-01  0.0000E+00  0.0000E+00  0.0000E+00  0.0000E+00  0.0000E+00
      8.024  0.2468E-01  0.4491E-01  0.4491E-01  0.4491E-01  0.0000E+00  0.0000E+00  0.0000E+00  0.0000E+00  0.0000E+00
      8.105  0.2482E-01  0.4615E-01  0.4615E-01  0.4615E-01  0.0000E+00  0.0000E+00  0.0000E+00  0.0000E+00  0.0000E+00
      8.186  0.2765E-01  0.5012E-01  0.5012E-01  0.5012E-01  0.0000E+00  0.0000E+00  0.0000E+00  0.0000E+00  0.0000E+00
      8.266  0.2700E-01  0.5285E-01  0.5285E-01  0.5285E-01  0.0000E+00  0.0000E+00  0.0000E+00  0.0000E+00  0.0000E+00
      8.347  0.2626E-01  0.5575E-01  0.5575E-01  0.5575E-01  0.0000E+00  0.0000E+00  0.0000E+00  0.0000E+00  0.0000E+00
      8.427  0.3004E-01  0.6556E-01  0.6556E-01  0.6556E-01  0.0000E+00  0.0000E+00  0.0000E+00  0.0000E+00  0.0000E+00
      8.508  0.3062E-01  0.6253E-01  0.6253E-01  0.6253E-01  0.0000E+00  0.0000E+00  0.0000E+00  0.0000E+00  0.0000E+00
      8.588  0.3030E-01  0.5580E-01  0.5580E-01  0.5580E-01  0.0000E+00  0.0000E+00  0.0000E+00  0.0000E+00  0.0000E+00
      8.669  0.3263E-01  0.5841E-01  0.5841E-01  0.5841E-01  0.0000E+00  0.0000E+00  0.0000E+00  0.0000E+00  0.0000E+00
      8.750  0.3172E-01  0.5439E-01  0.5439E-01  0.5439E-01  0.0000E+00  0.0000E+00  0.0000E+00  0.0000E+00  0.0000E+00
      8.830  0.3395E-01  0.5512E-01  0.5512E-01  0.5512E-01  0.0000E+00  0.0000E+00  0.0000E+00  0.0000E+00  0.0000E+00
      8.911  0.3137E-01  0.5296E-01  0.5296E-01  0.5296E-01  0.0000E+00  0.0000E+00  0.0000E+00  0.0000E+00  0.0000E+00
      8.991  0.3122E-01  0.5215E-01  0.5215E-01  0.5215E-01  0.0000E+00  0.0000E+00  0.0000E+00  0.0000E+00  0.0000E+00
      9.072  0.3287E-01  0.5439E-01  0.5439E-01  0.5439E-01  0.0000E+00  0.0000E+00  0.0000E+00  0.0000E+00  0.0000E+00
      9.152  0.3007E-01  0.5025E-01  0.5025E-01  0.5025E-01  0.0000E+00  0.0000E+00  0.0000E+00  0.0000E+00  0.0000E+00
      9.233  0.2884E-01  0.4920E-01  0.4920E-01  0.4920E-01  0.0000E+00  0.0000E+00  0.0000E+00  0.0000E+00  0.0000E+00
      9.314  0.2735E-01  0.4745E-01  0.4745E-01  0.4745E-01  0.0000E+00  0.0000E+00  0.0000E+00  0.0000E+00  0.0000E+00
      9.394  0.2652E-01  0.4716E-01  0.4716E-01  0.4716E-01  0.0000E+00  0.0000E+00  0.0000E+00  0.0000E+00  0.0000E+00
      9.475  0.2584E-01  0.4689E-01  0.4689E-01  0.4689E-01  0.0000E+00  0.0000E+00  0.0000E+00  0.0000E+00  0.0000E+00
      9.555  0.2566E-01  0.4678E-01  0.4678E-01  0.4678E-01  0.0000E+00  0.0000E+00  0.0000E+00  0.0000E+00  0.0000E+00
      9.636  0.2806E-01  0.5072E-01  0.5072E-01  0.5072E-01  0.0000E+00  0.0000E+00  0.0000E+00  0.0000E+00  0.0000E+00
      9.717  0.2370E-01  0.4502E-01  0.4502E-01  0.4502E-01  0.0000E+00  0.0000E+00  0.0000E+00  0.0000E+00  0.0000E+00
      9.797  0.1911E-01  0.3850E-01  0.3850E-01  0.3850E-01  0.0000E+00  0.0000E+00  0.0000E+00  0.0000E+00  0.0000E+00
      9.878  0.1965E-01  0.4046E-01  0.4046E-01  0.4046E-01  0.0000E+00  0.0000E+00  0.0000E+00  0.0000E+00  0.0000E+00
      9.958  0.1976E-01  0.4140E-01  0.4140E-01  0.4140E-01  0.0000E+00  0.0000E+00  0.0000E+00  0.0000E+00  0.0000E+00
     10.039  0.2102E-01  0.4452E-01  0.4452E-01  0.4452E-01  0.0000E+00  0.0000E+00  0.0000E+00  0.0000E+00  0.0000E+00
     10.119  0.2203E-01  0.4713E-01  0.4713E-01  0.4713E-01  0.0000E+00  0.0000E+00  0.0000E+00  0.0000E+00  0.0000E+00
     10.200  0.2348E-01  0.5026E-01  0.5026E-01  0.5026E-01  0.0000E+00  0.0000E+00  0.0000E+00  0.0000E+00  0.0000E+00
     10.281  0.2361E-01  0.5059E-01  0.5059E-01  0.5059E-01  0.0000E+00  0.0000E+00  0.0000E+00  0.0000E+00  0.0000E+00
     10.361  0.2121E-01  0.4716E-01  0.4716E-01  0.4716E-01  0.0000E+00  0.0000E+00  0.0000E+00  0.0000E+00  0.0000E+00
     10.442  0.1828E-01  0.4247E-01  0.4247E-01  0.4247E-01  0.0000E+00  0.0000E+00  0.0000E+00  0.0000E+00  0.0000E+00
     10.522  0.1509E-01  0.3787E-01  0.3787E-01  0.3787E-01  0.0000E+00  0.0000E+00  0.0000E+00  0.0000E+00  0.0000E+00
     10.603  0.1400E-01  0.3645E-01  0.3645E-01  0.3645E-01  0.0000E+00  0.0000E+00  0.0000E+00  0.0000E+00  0.0000E+00
     10.683  0.1303E-01  0.3514E-01  0.3514E-01  0.3514E-01  0.0000E+00  0.0000E+00  0.0000E+00  0.0000E+00  0.0000E+00
     10.764  0.1182E-01  0.3327E-01  0.3327E-01  0.3327E-01  0.0000E+00  0.0000E+00  0.0000E+00  0.0000E+00  0.0000E+00
     10.845  0.1075E-01  0.3199E-01  0.3199E-01  0.3199E-01  0.0000E+00  0.0000E+00  0.0000E+00  0.0000E+00  0.0000E+00
     10.925  0.9751E-02  0.3033E-01  0.3033E-01  0.3033E-01  0.0000E+00  0.0000E+00  0.0000E+00  0.0000E+00  0.0000E+00
     11.006  0.8987E-02  0.2906E-01  0.2906E-01  0.2906E-01  0.0000E+00  0.0000E+00  0.0000E+00  0.0000E+00  0.0000E+00
     11.086  0.8365E-02  0.2799E-01  0.2799E-01  0.2799E-01  0.0000E+00  0.0000E+00  0.0000E+00  0.0000E+00  0.0000E+00
     11.167  0.7883E-02  0.2744E-01  0.2744E-01  0.2744E-01  0.0000E+00  0.0000E+00  0.0000E+00  0.0000E+00  0.0000E+00
     11.247  0.6496E-02  0.2528E-01  0.2528E-01  0.2528E-01  0.0000E+00  0.0000E+00  0.0000E+00  0.0000E+00  0.0000E+00
     11.328  0.5778E-02  0.2449E-01  0.2449E-01  0.2449E-01  0.0000E+00  0.0000E+00  0.0000E+00  0.0000E+00  0.0000E+00
     11.409  0.5117E-02  0.2356E-01  0.2356E-01  0.2356E-01  0.0000E+00  0.0000E+00  0.0000E+00  0.0000E+00  0.0000E+00
     11.489  0.4474E-02  0.2318E-01  0.2318E-01  0.2318E-01  0.0000E+00  0.0000E+00  0.0000E+00  0.0000E+00  0.0000E+00
     11.570  0.3626E-02  0.2165E-01  0.2165E-01  0.2165E-01  0.0000E+00  0.0000E+00  0.0000E+00  0.0000E+00  0.0000E+00
     11.650  0.2994E-02  0.2461E-01  0.2461E-01  0.2461E-01  0.0000E+00  0.0000E+00  0.0000E+00  0.0000E+00  0.0000E+00
     11.731  0.2130E-02  0.1428E-01  0.1428E-01  0.1428E-01  0.0000E+00  0.0000E+00  0.0000E+00  0.0000E+00  0.0000E+00
     11.811  0.1915E-02  0.1178E-01  0.1178E-01  0.1178E-01  0.0000E+00  0.0000E+00  0.0000E+00  0.0000E+00  0.0000E+00
     11.892  0.1773E-02  0.1126E-01  0.1126E-01  0.1126E-01  0.0000E+00  0.0000E+00  0.0000E+00  0.0000E+00  0.0000E+00
     11.973  0.1506E-02  0.1035E-01  0.1035E-01  0.1035E-01  0.0000E+00  0.0000E+00  0.0000E+00  0.0000E+00  0.0000E+00
     12.053  0.1130E-02  0.9526E-02  0.9526E-02  0.9526E-02  0.0000E+00  0.0000E+00  0.0000E+00  0.0000E+00  0.0000E+00
     12.134  0.9333E-03  0.8961E-02  0.8961E-02  0.8961E-02  0.0000E+00  0.0000E+00  0.0000E+00  0.0000E+00  0.0000E+00
     12.214  0.7275E-03  0.7512E-02  0.7512E-02  0.7512E-02  0.0000E+00  0.0000E+00  0.0000E+00  0.0000E+00  0.0000E+00
     12.295  0.5533E-03  0.6255E-02  0.6255E-02  0.6255E-02  0.0000E+00  0.0000E+00  0.0000E+00  0.0000E+00  0.0000E+00
     12.375  0.4101E-03  0.5290E-02  0.5290E-02  0.5290E-02  0.0000E+00  0.0000E+00  0.0000E+00  0.0000E+00  0.0000E+00
     12.456  0.3094E-03  0.4792E-02  0.4792E-02  0.4792E-02  0.0000E+00  0.0000E+00  0.0000E+00  0.0000E+00  0.0000E+00
     12.537  0.2485E-03  0.4412E-02  0.4412E-02  0.4412E-02  0.0000E+00  0.0000E+00  0.0000E+00  0.0000E+00  0.0000E+00
     12.617  0.8714E-04  0.3562E-02  0.3562E-02  0.3562E-02  0.0000E+00  0.0000E+00  0.0000E+00  0.0000E+00  0.0000E+00
     12.698  0.2548E-04  0.1042E-02  0.1042E-02  0.1042E-02  0.0000E+00  0.0000E+00  0.0000E+00  0.0000E+00  0.0000E+00
     12.778  0.5801E-06  0.2371E-04  0.2371E-04  0.2371E-04  0.0000E+00  0.0000E+00  0.0000E+00  0.0000E+00  0.0000E+00
     12.859  0.0000E+00  0.0000E+00  0.0000E+00  0.0000E+00  0.0000E+00  0.0000E+00  0.0000E+00  0.0000E+00  0.0000E+00
     12.939  0.0000E+00  0.0000E+00  0.0000E+00  0.0000E+00  0.0000E+00  0.0000E+00  0.0000E+00  0.0000E+00  0.0000E+00
     13.020  0.0000E+00  0.0000E+00  0.0000E+00  0.0000E+00  0.0000E+00  0.0000E+00  0.0000E+00  0.0000E+00  0.0000E+00
     13.101  0.0000E+00  0.0000E+00  0.0000E+00  0.0000E+00  0.0000E+00  0.0000E+00  0.0000E+00  0.0000E+00  0.0000E+00
     13.181  0.0000E+00  0.0000E+00  0.0000E+00  0.0000E+00  0.0000E+00  0.0000E+00  0.0000E+00  0.0000E+00  0.0000E+00
     13.262  0.0000E+00  0.0000E+00  0.0000E+00  0.0000E+00  0.0000E+00  0.0000E+00  0.0000E+00  0.0000E+00  0.0000E+00
     13.342  0.0000E+00  0.0000E+00  0.0000E+00  0.0000E+00  0.0000E+00  0.0000E+00  0.0000E+00  0.0000E+00  0.0000E+00
     13.423  0.0000E+00  0.0000E+00  0.0000E+00  0.0000E+00  0.0000E+00  0.0000E+00  0.0000E+00  0.0000E+00  0.0000E+00
     13.503  0.0000E+00  0.0000E+00  0.0000E+00  0.0000E+00  0.0000E+00  0.0000E+00  0.0000E+00  0.0000E+00  0.0000E+00
     13.584  0.0000E+00  0.0000E+00  0.0000E+00  0.0000E+00  0.0000E+00  0.0000E+00  0.0000E+00  0.0000E+00  0.0000E+00
     13.665  0.0000E+00  0.0000E+00  0.0000E+00  0.0000E+00  0.0000E+00  0.0000E+00  0.0000E+00  0.0000E+00  0.0000E+00
     13.745  0.0000E+00  0.0000E+00  0.0000E+00  0.0000E+00  0.0000E+00  0.0000E+00  0.0000E+00  0.0000E+00  0.0000E+00
     13.826  0.0000E+00  0.0000E+00  0.0000E+00  0.0000E+00  0.0000E+00  0.0000E+00  0.0000E+00  0.0000E+00  0.0000E+00
     13.906  0.0000E+00  0.0000E+00  0.0000E+00  0.0000E+00  0.0000E+00  0.0000E+00  0.0000E+00  0.0000E+00  0.0000E+00
     13.987  0.0000E+00  0.0000E+00  0.0000E+00  0.0000E+00  0.0000E+00  0.0000E+00  0.0000E+00  0.0000E+00  0.0000E+00
     14.067  0.0000E+00  0.0000E+00  0.0000E+00  0.0000E+00  0.0000E+00  0.0000E+00  0.0000E+00  0.0000E+00  0.0000E+00
     14.148  0.0000E+00  0.0000E+00  0.0000E+00  0.0000E+00  0.0000E+00  0.0000E+00  0.0000E+00  0.0000E+00  0.0000E+00
     14.229  0.0000E+00  0.0000E+00  0.0000E+00  0.0000E+00  0.0000E+00  0.0000E+00  0.0000E+00  0.0000E+00  0.0000E+00
     14.309  0.0000E+00  0.0000E+00  0.0000E+00  0.0000E+00  0.0000E+00  0.0000E+00  0.0000E+00  0.0000E+00  0.0000E+00
     14.390  0.0000E+00  0.0000E+00  0.0000E+00  0.0000E+00  0.0000E+00  0.0000E+00  0.0000E+00  0.0000E+00  0.0000E+00
     14.470  0.0000E+00  0.0000E+00  0.0000E+00  0.0000E+00  0.0000E+00  0.0000E+00  0.0000E+00  0.0000E+00  0.0000E+00
     14.551  0.0000E+00  0.0000E+00  0.0000E+00  0.0000E+00  0.0000E+00  0.0000E+00  0.0000E+00  0.0000E+00  0.0000E+00
     14.631  0.0000E+00  0.0000E+00  0.0000E+00  0.0000E+00  0.0000E+00  0.0000E+00  0.0000E+00  0.0000E+00  0.0000E+00
     14.712  0.0000E+00  0.0000E+00  0.0000E+00  0.0000E+00  0.0000E+00  0.0000E+00  0.0000E+00  0.0000E+00  0.0000E+00
     14.793  0.0000E+00  0.0000E+00  0.0000E+00  0.0000E+00  0.0000E+00  0.0000E+00  0.0000E+00  0.0000E+00  0.0000E+00
