   2   2   1   0
  0.2012663E+02  0.3846851E-09  0.3846851E-09  0.3846851E-09  0.5000000E-15
  1.000000000000000E-004
  CAR 
 Si                                      
     18.51815330     -8.80491511  301      5.68404423      1.00000000
     -8.805  0.0000E+00  0.0000E+00
     -8.714  0.0000E+00  0.0000E+00
     -8.623  0.0000E+00  0.0000E+00
     -8.532  0.0000E+00  0.0000E+00
     -8.441  0.0000E+00  0.0000E+00
     -8.350  0.0000E+00  0.0000E+00
     -8.258  0.0000E+00  0.0000E+00
     -8.167  0.0000E+00  0.0000E+00
     -8.076  0.0000E+00  0.0000E+00
     -7.985  0.0000E+00  0.0000E+00
     -7.894  0.0000E+00  0.0000E+00
     -7.803  0.0000E+00  0.0000E+00
     -7.712  0.0000E+00  0.0000E+00
     -7.621  0.0000E+00  0.0000E+00
     -7.530  0.0000E+00  0.0000E+00
     -7.439  0.0000E+00  0.0000E+00
     -7.348  0.0000E+00  0.0000E+00
     -7.257  0.0000E+00  0.0000E+00
     -7.166  0.0000E+00  0.0000E+00
     -7.074  0.0000E+00  0.0000E+00
     -6.983  0.0000E+00  0.0000E+00
     -6.892  0.0000E+00  0.0000E+00
     -6.801  0.1658E-02  0.2040E-05
     -6.710  0.1236E+00  0.5569E-02
     -6.619  0.1404E+00  0.1622E-01
     -6.528  0.1676E+00  0.3017E-01
     -6.437  0.1961E+00  0.4681E-01
     -6.346  0.2203E+00  0.6573E-01
     -6.255  0.2422E+00  0.8686E-01
     -6.164  0.2644E+00  0.1099E+00
     -6.073  0.2836E+00  0.1349E+00
     -5.982  0.3035E+00  0.1616E+00
     -5.890  0.3218E+00  0.1901E+00
     -5.799  0.3400E+00  0.2203E+00
     -5.708  0.3588E+00  0.2521E+00
     -5.617  0.3759E+00  0.2856E+00
     -5.526  0.3944E+00  0.3206E+00
     -5.435  0.4124E+00  0.3574E+00
     -5.344  0.4304E+00  0.3958E+00
     -5.253  0.4497E+00  0.4358E+00
     -5.162  0.4688E+00  0.4777E+00
     -5.071  0.4889E+00  0.5213E+00
     -4.980  0.5108E+00  0.5668E+00
     -4.889  0.5337E+00  0.6143E+00
     -4.798  0.5591E+00  0.6641E+00
     -4.706  0.5882E+00  0.7163E+00
     -4.615  0.6221E+00  0.7713E+00
     -4.524  0.6658E+00  0.8299E+00
     -4.433  0.7323E+00  0.8933E+00
     -4.342  0.8606E+00  0.9665E+00
     -4.251  0.8330E+00  0.1043E+01
     -4.160  0.8015E+00  0.1118E+01
     -4.069  0.7784E+00  0.1189E+01
     -3.978  0.7468E+00  0.1259E+01
     -3.887  0.7167E+00  0.1325E+01
     -3.796  0.6906E+00  0.1389E+01
     -3.705  0.6600E+00  0.1451E+01
     -3.614  0.6332E+00  0.1510E+01
     -3.522  0.6040E+00  0.1566E+01
     -3.431  0.5755E+00  0.1620E+01
     -3.340  0.5471E+00  0.1671E+01
     -3.249  0.5150E+00  0.1719E+01
     -3.158  0.4850E+00  0.1765E+01
     -3.067  0.4519E+00  0.1808E+01
     -2.976  0.4183E+00  0.1847E+01
     -2.885  0.3867E+00  0.1884E+01
     -2.794  0.3484E+00  0.1917E+01
     -2.703  0.3215E+00  0.1948E+01
     -2.612  0.2534E+00  0.1974E+01
     -2.521  0.1171E+00  0.1992E+01
     -2.430  0.3746E-01  0.1998E+01
     -2.338  0.3760E-01  0.2001E+01
     -2.247  0.9972E-01  0.2007E+01
     -2.156  0.1809E+00  0.2020E+01
     -2.065  0.2429E+00  0.2039E+01
     -1.974  0.2986E+00  0.2064E+01
     -1.883  0.3457E+00  0.2093E+01
     -1.792  0.3945E+00  0.2127E+01
     -1.701  0.4504E+00  0.2165E+01
     -1.610  0.5082E+00  0.2209E+01
     -1.519  0.7660E+00  0.2262E+01
     -1.428  0.1217E+01  0.2349E+01
     -1.337  0.1811E+01  0.2501E+01
     -1.246  0.1086E+01  0.2618E+01
     -1.154  0.9052E+00  0.2708E+01
     -1.063  0.7949E+00  0.2785E+01
     -0.972  0.7154E+00  0.2854E+01
     -0.881  0.6595E+00  0.2916E+01
     -0.790  0.6100E+00  0.2974E+01
     -0.699  0.5650E+00  0.3027E+01
     -0.608  0.5333E+00  0.3077E+01
     -0.517  0.5028E+00  0.3125E+01
     -0.426  0.4725E+00  0.3169E+01
     -0.335  0.4461E+00  0.3211E+01
     -0.244  0.4254E+00  0.3250E+01
     -0.153  0.4042E+00  0.3288E+01
     -0.062  0.3816E+00  0.3324E+01
      0.030  0.3633E+00  0.3358E+01
      0.121  0.3482E+00  0.3390E+01
      0.212  0.3325E+00  0.3421E+01
      0.303  0.3152E+00  0.3451E+01
      0.394  0.2995E+00  0.3479E+01
      0.485  0.2880E+00  0.3505E+01
      0.576  0.2762E+00  0.3531E+01
      0.667  0.2631E+00  0.3556E+01
      0.758  0.2484E+00  0.3579E+01
      0.849  0.2390E+00  0.3601E+01
      0.940  0.2298E+00  0.3622E+01
      1.031  0.2200E+00  0.3643E+01
      1.122  0.2697E+00  0.3663E+01
      1.214  0.6495E+00  0.3706E+01
      1.305  0.8348E+00  0.3771E+01
      1.396  0.1182E+01  0.3860E+01
      1.487  0.1192E+01  0.3971E+01
      1.578  0.1098E+01  0.4075E+01
      1.669  0.1037E+01  0.4172E+01
      1.760  0.9835E+00  0.4264E+01
      1.851  0.9815E+00  0.4353E+01
      1.942  0.9879E+00  0.4443E+01
      2.033  0.9953E+00  0.4533E+01
      2.124  0.1009E+01  0.4625E+01
      2.215  0.1053E+01  0.4719E+01
      2.306  0.1069E+01  0.4816E+01
      2.398  0.1126E+01  0.4914E+01
      2.489  0.1170E+01  0.5020E+01
      2.580  0.1238E+01  0.5129E+01
      2.671  0.1428E+01  0.5250E+01
      2.762  0.1492E+01  0.5385E+01
      2.853  0.1456E+01  0.5518E+01
      2.944  0.1429E+01  0.5650E+01
      3.035  0.1405E+01  0.5779E+01
      3.126  0.1381E+01  0.5905E+01
      3.217  0.1358E+01  0.6030E+01
      3.308  0.1335E+01  0.6153E+01
      3.399  0.1312E+01  0.6273E+01
      3.490  0.1288E+01  0.6391E+01
      3.582  0.1273E+01  0.6508E+01
      3.673  0.1244E+01  0.6623E+01
      3.764  0.1219E+01  0.6735E+01
      3.855  0.1203E+01  0.6845E+01
      3.946  0.1189E+01  0.6954E+01
      4.037  0.1170E+01  0.7061E+01
      4.128  0.1148E+01  0.7167E+01
      4.219  0.1129E+01  0.7271E+01
      4.310  0.1122E+01  0.7373E+01
      4.401  0.1074E+01  0.7474E+01
      4.492  0.8153E+00  0.7557E+01
      4.583  0.7045E+00  0.7626E+01
      4.674  0.6188E+00  0.7686E+01
      4.766  0.5435E+00  0.7739E+01
      4.857  0.4813E+00  0.7786E+01
      4.948  0.4295E+00  0.7827E+01
      5.039  0.3772E+00  0.7863E+01
      5.130  0.3285E+00  0.7896E+01
      5.221  0.2846E+00  0.7924E+01
      5.312  0.2406E+00  0.7947E+01
      5.403  0.1937E+00  0.7967E+01
      5.494  0.1602E+00  0.7984E+01
      5.585  0.1014E+00  0.7995E+01
      5.676  0.1140E-02  0.8000E+01
      5.767  0.0000E+00  0.8000E+01
      5.858  0.0000E+00  0.8000E+01
      5.950  0.0000E+00  0.8000E+01
      6.041  0.0000E+00  0.8000E+01
      6.132  0.0000E+00  0.8000E+01
      6.223  0.0000E+00  0.8000E+01
      6.314  0.0000E+00  0.8000E+01
      6.405  0.0000E+00  0.8000E+01
      6.496  0.1809E-01  0.8000E+01
      6.587  0.1227E+00  0.8007E+01
      6.678  0.1976E+00  0.8021E+01
      6.769  0.2844E+00  0.8043E+01
      6.860  0.3288E+00  0.8071E+01
      6.951  0.3761E+00  0.8103E+01
      7.042  0.4288E+00  0.8140E+01
      7.134  0.4833E+00  0.8182E+01
      7.225  0.5226E+00  0.8228E+01
      7.316  0.5650E+00  0.8277E+01
      7.407  0.6071E+00  0.8330E+01
      7.498  0.6504E+00  0.8388E+01
      7.589  0.7116E+00  0.8449E+01
      7.680  0.8273E+00  0.8519E+01
      7.771  0.9082E+00  0.8598E+01
      7.862  0.9909E+00  0.8685E+01
      7.953  0.1089E+01  0.8779E+01
      8.044  0.1218E+01  0.8884E+01
      8.135  0.1416E+01  0.9003E+01
      8.226  0.1689E+01  0.9145E+01
      8.318  0.1593E+01  0.9293E+01
      8.409  0.1650E+01  0.9439E+01
      8.500  0.1533E+01  0.9582E+01
      8.591  0.1288E+01  0.9711E+01
      8.682  0.1185E+01  0.9823E+01
      8.773  0.1163E+01  0.9928E+01
      8.864  0.1180E+01  0.1004E+02
      8.955  0.1054E+01  0.1014E+02
      9.046  0.1007E+01  0.1023E+02
      9.137  0.1068E+01  0.1032E+02
      9.228  0.2194E+01  0.1046E+02
      9.319  0.2242E+01  0.1066E+02
      9.410  0.1835E+01  0.1084E+02
      9.502  0.1614E+01  0.1100E+02
      9.593  0.1561E+01  0.1114E+02
      9.684  0.1636E+01  0.1128E+02
      9.775  0.1673E+01  0.1144E+02
      9.866  0.1706E+01  0.1159E+02
      9.957  0.1379E+01  0.1173E+02
     10.048  0.1283E+01  0.1184E+02
     10.139  0.1124E+01  0.1195E+02
     10.230  0.1043E+01  0.1205E+02
     10.321  0.1043E+01  0.1214E+02
     10.412  0.1104E+01  0.1224E+02
     10.503  0.1233E+01  0.1234E+02
     10.594  0.1393E+01  0.1247E+02
     10.686  0.1140E+01  0.1258E+02
     10.777  0.1146E+01  0.1269E+02
     10.868  0.1134E+01  0.1279E+02
     10.959  0.1151E+01  0.1290E+02
     11.050  0.1162E+01  0.1300E+02
     11.141  0.1160E+01  0.1311E+02
     11.232  0.1154E+01  0.1321E+02
     11.323  0.1118E+01  0.1331E+02
     11.414  0.1117E+01  0.1342E+02
     11.505  0.1141E+01  0.1352E+02
     11.596  0.1090E+01  0.1362E+02
     11.687  0.1120E+01  0.1372E+02
     11.778  0.1081E+01  0.1382E+02
     11.870  0.1024E+01  0.1392E+02
     11.961  0.9984E+00  0.1401E+02
     12.052  0.9958E+00  0.1410E+02
     12.143  0.9802E+00  0.1419E+02
     12.234  0.9624E+00  0.1428E+02
     12.325  0.9639E+00  0.1436E+02
     12.416  0.9492E+00  0.1445E+02
     12.507  0.8232E+00  0.1453E+02
     12.598  0.8219E+00  0.1461E+02
     12.689  0.8252E+00  0.1468E+02
     12.780  0.8873E+00  0.1476E+02
     12.871  0.9294E+00  0.1484E+02
     12.962  0.9462E+00  0.1493E+02
     13.054  0.8522E+00  0.1501E+02
     13.145  0.7493E+00  0.1509E+02
     13.236  0.7016E+00  0.1515E+02
     13.327  0.6712E+00  0.1522E+02
     13.418  0.6193E+00  0.1527E+02
     13.509  0.5854E+00  0.1533E+02
     13.600  0.5669E+00  0.1538E+02
     13.691  0.5452E+00  0.1543E+02
     13.782  0.5103E+00  0.1548E+02
     13.873  0.5058E+00  0.1553E+02
     13.964  0.4883E+00  0.1557E+02
     14.055  0.5243E+00  0.1562E+02
     14.146  0.5420E+00  0.1567E+02
     14.238  0.4533E+00  0.1571E+02
     14.329  0.4089E+00  0.1575E+02
     14.420  0.2652E+00  0.1578E+02
     14.511  0.2220E+00  0.1581E+02
     14.602  0.2114E+00  0.1583E+02
     14.693  0.1961E+00  0.1584E+02
     14.784  0.2016E+00  0.1586E+02
     14.875  0.1701E+00  0.1588E+02
     14.966  0.1489E+00  0.1589E+02
     15.057  0.1347E+00  0.1591E+02
     15.148  0.1246E+00  0.1592E+02
     15.239  0.1178E+00  0.1593E+02
     15.330  0.1118E+00  0.1594E+02
     15.422  0.1029E+00  0.1595E+02
     15.513  0.9389E-01  0.1596E+02
     15.604  0.7915E-01  0.1597E+02
     15.695  0.6550E-01  0.1597E+02
     15.786  0.5507E-01  0.1598E+02
     15.877  0.4653E-01  0.1598E+02
     15.968  0.4066E-01  0.1599E+02
     16.059  0.3795E-01  0.1599E+02
     16.150  0.3717E-01  0.1599E+02
     16.241  0.3067E-01  0.1600E+02
     16.332  0.9045E-02  0.1600E+02
     16.423  0.2352E-02  0.1600E+02
     16.514  0.3569E-05  0.1600E+02
     16.606  0.0000E+00  0.1600E+02
     16.697  0.0000E+00  0.1600E+02
     16.788  0.0000E+00  0.1600E+02
     16.879  0.0000E+00  0.1600E+02
     16.970  0.0000E+00  0.1600E+02
     17.061  0.0000E+00  0.1600E+02
     17.152  0.0000E+00  0.1600E+02
     17.243  0.0000E+00  0.1600E+02
     17.334  0.0000E+00  0.1600E+02
     17.425  0.0000E+00  0.1600E+02
     17.516  0.0000E+00  0.1600E+02
     17.607  0.0000E+00  0.1600E+02
     17.698  0.0000E+00  0.1600E+02
     17.790  0.0000E+00  0.1600E+02
     17.881  0.0000E+00  0.1600E+02
     17.972  0.0000E+00  0.1600E+02
     18.063  0.0000E+00  0.1600E+02
     18.154  0.0000E+00  0.1600E+02
     18.245  0.0000E+00  0.1600E+02
     18.336  0.0000E+00  0.1600E+02
     18.427  0.0000E+00  0.1600E+02
     18.518  0.0000E+00  0.1600E+02
     18.51815330     -8.80491511  301      5.68404423      1.00000000
     -8.805  0.0000E+00  0.0000E+00  0.0000E+00  0.0000E+00  0.0000E+00  0.0000E+00  0.0000E+00  0.0000E+00  0.0000E+00
     -8.714  0.0000E+00  0.0000E+00  0.0000E+00  0.0000E+00  0.0000E+00  0.0000E+00  0.0000E+00  0.0000E+00  0.0000E+00
     -8.623  0.0000E+00  0.0000E+00  0.0000E+00  0.0000E+00  0.0000E+00  0.0000E+00  0.0000E+00  0.0000E+00  0.0000E+00
     -8.532  0.0000E+00  0.0000E+00  0.0000E+00  0.0000E+00  0.0000E+00  0.0000E+00  0.0000E+00  0.0000E+00  0.0000E+00
     -8.441  0.0000E+00  0.0000E+00  0.0000E+00  0.0000E+00  0.0000E+00  0.0000E+00  0.0000E+00  0.0000E+00  0.0000E+00
     -8.350  0.0000E+00  0.0000E+00  0.0000E+00  0.0000E+00  0.0000E+00  0.0000E+00  0.0000E+00  0.0000E+00  0.0000E+00
     -8.258  0.0000E+00  0.0000E+00  0.0000E+00  0.0000E+00  0.0000E+00  0.0000E+00  0.0000E+00  0.0000E+00  0.0000E+00
     -8.167  0.0000E+00  0.0000E+00  0.0000E+00  0.0000E+00  0.0000E+00  0.0000E+00  0.0000E+00  0.0000E+00  0.0000E+00
     -8.076  0.0000E+00  0.0000E+00  0.0000E+00  0.0000E+00  0.0000E+00  0.0000E+00  0.0000E+00  0.0000E+00  0.0000E+00
     -7.985  0.0000E+00  0.0000E+00  0.0000E+00  0.0000E+00  0.0000E+00  0.0000E+00  0.0000E+00  0.0000E+00  0.0000E+00
     -7.894  0.0000E+00  0.0000E+00  0.0000E+00  0.0000E+00  0.0000E+00  0.0000E+00  0.0000E+00  0.0000E+00  0.0000E+00
     -7.803  0.0000E+00  0.0000E+00  0.0000E+00  0.0000E+00  0.0000E+00  0.0000E+00  0.0000E+00  0.0000E+00  0.0000E+00
     -7.712  0.0000E+00  0.0000E+00  0.0000E+00  0.0000E+00  0.0000E+00  0.0000E+00  0.0000E+00  0.0000E+00  0.0000E+00
     -7.621  0.0000E+00  0.0000E+00  0.0000E+00  0.0000E+00  0.0000E+00  0.0000E+00  0.0000E+00  0.0000E+00  0.0000E+00
     -7.530  0.0000E+00  0.0000E+00  0.0000E+00  0.0000E+00  0.0000E+00  0.0000E+00  0.0000E+00  0.0000E+00  0.0000E+00
     -7.439  0.0000E+00  0.0000E+00  0.0000E+00  0.0000E+00  0.0000E+00  0.0000E+00  0.0000E+00  0.0000E+00  0.0000E+00
     -7.348  0.0000E+00  0.0000E+00  0.0000E+00  0.0000E+00  0.0000E+00  0.0000E+00  0.0000E+00  0.0000E+00  0.0000E+00
     -7.257  0.0000E+00  0.0000E+00  0.0000E+00  0.0000E+00  0.0000E+00  0.0000E+00  0.0000E+00  0.0000E+00  0.0000E+00
     -7.166  0.0000E+00  0.0000E+00  0.0000E+00  0.0000E+00  0.0000E+00  0.0000E+00  0.0000E+00  0.0000E+00  0.0000E+00
     -7.074  0.0000E+00  0.0000E+00  0.0000E+00  0.0000E+00  0.0000E+00  0.0000E+00  0.0000E+00  0.0000E+00  0.0000E+00
     -6.983  0.0000E+00  0.0000E+00  0.0000E+00  0.0000E+00  0.0000E+00  0.0000E+00  0.0000E+00  0.0000E+00  0.0000E+00
     -6.892  0.0000E+00  0.0000E+00  0.0000E+00  0.0000E+00  0.0000E+00  0.0000E+00  0.0000E+00  0.0000E+00  0.0000E+00
     -6.801  0.3559E-03  0.1011E-06  0.1011E-06  0.1011E-06  0.0000E+00  0.0000E+00  0.0000E+00  0.0000E+00  0.0000E+00
     -6.710  0.2649E-01  0.3905E-04  0.3905E-04  0.3905E-04  0.0000E+00  0.0000E+00  0.0000E+00  0.0000E+00  0.0000E+00
     -6.619  0.3002E-01  0.9527E-04  0.9527E-04  0.9527E-04  0.0000E+00  0.0000E+00  0.0000E+00  0.0000E+00  0.0000E+00
     -6.528  0.3575E-01  0.1684E-03  0.1684E-03  0.1684E-03  0.0000E+00  0.0000E+00  0.0000E+00  0.0000E+00  0.0000E+00
     -6.437  0.4175E-01  0.2565E-03  0.2565E-03  0.2565E-03  0.0000E+00  0.0000E+00  0.0000E+00  0.0000E+00  0.0000E+00
     -6.346  0.4681E-01  0.3574E-03  0.3574E-03  0.3574E-03  0.0000E+00  0.0000E+00  0.0000E+00  0.0000E+00  0.0000E+00
     -6.255  0.5138E-01  0.4707E-03  0.4707E-03  0.4707E-03  0.0000E+00  0.0000E+00  0.0000E+00  0.0000E+00  0.0000E+00
     -6.164  0.5599E-01  0.5896E-03  0.5896E-03  0.5896E-03  0.0000E+00  0.0000E+00  0.0000E+00  0.0000E+00  0.0000E+00
     -6.073  0.5993E-01  0.7233E-03  0.7233E-03  0.7233E-03  0.0000E+00  0.0000E+00  0.0000E+00  0.0000E+00  0.0000E+00
     -5.982  0.6405E-01  0.8606E-03  0.8606E-03  0.8606E-03  0.0000E+00  0.0000E+00  0.0000E+00  0.0000E+00  0.0000E+00
     -5.890  0.6781E-01  0.1010E-02  0.1010E-02  0.1010E-02  0.0000E+00  0.0000E+00  0.0000E+00  0.0000E+00  0.0000E+00
     -5.799  0.7155E-01  0.1167E-02  0.1167E-02  0.1167E-02  0.0000E+00  0.0000E+00  0.0000E+00  0.0000E+00  0.0000E+00
     -5.708  0.7543E-01  0.1328E-02  0.1328E-02  0.1328E-02  0.0000E+00  0.0000E+00  0.0000E+00  0.0000E+00  0.0000E+00
     -5.617  0.7893E-01  0.1504E-02  0.1504E-02  0.1504E-02  0.0000E+00  0.0000E+00  0.0000E+00  0.0000E+00  0.0000E+00
     -5.526  0.8274E-01  0.1681E-02  0.1681E-02  0.1681E-02  0.0000E+00  0.0000E+00  0.0000E+00  0.0000E+00  0.0000E+00
     -5.435  0.8644E-01  0.1871E-02  0.1871E-02  0.1871E-02  0.0000E+00  0.0000E+00  0.0000E+00  0.0000E+00  0.0000E+00
     -5.344  0.9016E-01  0.2069E-02  0.2069E-02  0.2069E-02  0.0000E+00  0.0000E+00  0.0000E+00  0.0000E+00  0.0000E+00
     -5.253  0.9418E-01  0.2270E-02  0.2270E-02  0.2270E-02  0.0000E+00  0.0000E+00  0.0000E+00  0.0000E+00  0.0000E+00
     -5.162  0.9816E-01  0.2488E-02  0.2488E-02  0.2488E-02  0.0000E+00  0.0000E+00  0.0000E+00  0.0000E+00  0.0000E+00
     -5.071  0.1024E+00  0.2715E-02  0.2715E-02  0.2715E-02  0.0000E+00  0.0000E+00  0.0000E+00  0.0000E+00  0.0000E+00
     -4.980  0.1070E+00  0.2947E-02  0.2947E-02  0.2947E-02  0.0000E+00  0.0000E+00  0.0000E+00  0.0000E+00  0.0000E+00
     -4.889  0.1119E+00  0.3201E-02  0.3201E-02  0.3201E-02  0.0000E+00  0.0000E+00  0.0000E+00  0.0000E+00  0.0000E+00
     -4.798  0.1173E+00  0.3473E-02  0.3473E-02  0.3473E-02  0.0000E+00  0.0000E+00  0.0000E+00  0.0000E+00  0.0000E+00
     -4.706  0.1236E+00  0.3760E-02  0.3760E-02  0.3760E-02  0.0000E+00  0.0000E+00  0.0000E+00  0.0000E+00  0.0000E+00
     -4.615  0.1311E+00  0.4083E-02  0.4083E-02  0.4083E-02  0.0000E+00  0.0000E+00  0.0000E+00  0.0000E+00  0.0000E+00
     -4.524  0.1407E+00  0.4469E-02  0.4469E-02  0.4469E-02  0.0000E+00  0.0000E+00  0.0000E+00  0.0000E+00  0.0000E+00
     -4.433  0.1555E+00  0.4966E-02  0.4966E-02  0.4966E-02  0.0000E+00  0.0000E+00  0.0000E+00  0.0000E+00  0.0000E+00
     -4.342  0.1842E+00  0.5780E-02  0.5780E-02  0.5780E-02  0.0000E+00  0.0000E+00  0.0000E+00  0.0000E+00  0.0000E+00
     -4.251  0.1780E+00  0.5894E-02  0.5894E-02  0.5894E-02  0.0000E+00  0.0000E+00  0.0000E+00  0.0000E+00  0.0000E+00
     -4.160  0.1710E+00  0.5929E-02  0.5929E-02  0.5929E-02  0.0000E+00  0.0000E+00  0.0000E+00  0.0000E+00  0.0000E+00
     -4.069  0.1657E+00  0.5995E-02  0.5995E-02  0.5995E-02  0.0000E+00  0.0000E+00  0.0000E+00  0.0000E+00  0.0000E+00
     -3.978  0.1587E+00  0.6028E-02  0.6028E-02  0.6028E-02  0.0000E+00  0.0000E+00  0.0000E+00  0.0000E+00  0.0000E+00
     -3.887  0.1520E+00  0.6022E-02  0.6022E-02  0.6022E-02  0.0000E+00  0.0000E+00  0.0000E+00  0.0000E+00  0.0000E+00
     -3.796  0.1462E+00  0.6025E-02  0.6025E-02  0.6025E-02  0.0000E+00  0.0000E+00  0.0000E+00  0.0000E+00  0.0000E+00
     -3.705  0.1394E+00  0.6000E-02  0.6000E-02  0.6000E-02  0.0000E+00  0.0000E+00  0.0000E+00  0.0000E+00  0.0000E+00
     -3.614  0.1335E+00  0.5960E-02  0.5960E-02  0.5960E-02  0.0000E+00  0.0000E+00  0.0000E+00  0.0000E+00  0.0000E+00
     -3.522  0.1270E+00  0.5890E-02  0.5890E-02  0.5890E-02  0.0000E+00  0.0000E+00  0.0000E+00  0.0000E+00  0.0000E+00
     -3.431  0.1208E+00  0.5817E-02  0.5817E-02  0.5817E-02  0.0000E+00  0.0000E+00  0.0000E+00  0.0000E+00  0.0000E+00
     -3.340  0.1146E+00  0.5712E-02  0.5712E-02  0.5712E-02  0.0000E+00  0.0000E+00  0.0000E+00  0.0000E+00  0.0000E+00
     -3.249  0.1075E+00  0.5567E-02  0.5567E-02  0.5567E-02  0.0000E+00  0.0000E+00  0.0000E+00  0.0000E+00  0.0000E+00
     -3.158  0.1010E+00  0.5415E-02  0.5415E-02  0.5415E-02  0.0000E+00  0.0000E+00  0.0000E+00  0.0000E+00  0.0000E+00
     -3.067  0.9382E-01  0.5218E-02  0.5218E-02  0.5218E-02  0.0000E+00  0.0000E+00  0.0000E+00  0.0000E+00  0.0000E+00
     -2.976  0.8657E-01  0.4989E-02  0.4989E-02  0.4989E-02  0.0000E+00  0.0000E+00  0.0000E+00  0.0000E+00  0.0000E+00
     -2.885  0.7973E-01  0.4754E-02  0.4754E-02  0.4754E-02  0.0000E+00  0.0000E+00  0.0000E+00  0.0000E+00  0.0000E+00
     -2.794  0.7146E-01  0.4448E-02  0.4448E-02  0.4448E-02  0.0000E+00  0.0000E+00  0.0000E+00  0.0000E+00  0.0000E+00
     -2.703  0.6544E-01  0.4260E-02  0.4260E-02  0.4260E-02  0.0000E+00  0.0000E+00  0.0000E+00  0.0000E+00  0.0000E+00
     -2.612  0.5120E-01  0.3472E-02  0.3472E-02  0.3472E-02  0.0000E+00  0.0000E+00  0.0000E+00  0.0000E+00  0.0000E+00
     -2.521  0.2358E-01  0.1648E-02  0.1648E-02  0.1648E-02  0.0000E+00  0.0000E+00  0.0000E+00  0.0000E+00  0.0000E+00
     -2.430  0.7596E-02  0.5262E-03  0.5262E-03  0.5262E-03  0.0000E+00  0.0000E+00  0.0000E+00  0.0000E+00  0.0000E+00
     -2.338  0.7317E-02  0.5957E-03  0.5957E-03  0.5957E-03  0.0000E+00  0.0000E+00  0.0000E+00  0.0000E+00  0.0000E+00
     -2.247  0.1930E-01  0.1619E-02  0.1619E-02  0.1619E-02  0.0000E+00  0.0000E+00  0.0000E+00  0.0000E+00  0.0000E+00
     -2.156  0.3506E-01  0.2967E-02  0.2967E-02  0.2967E-02  0.0000E+00  0.0000E+00  0.0000E+00  0.0000E+00  0.0000E+00
     -2.065  0.4703E-01  0.4053E-02  0.4053E-02  0.4053E-02  0.0000E+00  0.0000E+00  0.0000E+00  0.0000E+00  0.0000E+00
     -1.974  0.5741E-01  0.5133E-02  0.5133E-02  0.5133E-02  0.0000E+00  0.0000E+00  0.0000E+00  0.0000E+00  0.0000E+00
     -1.883  0.6603E-01  0.6098E-02  0.6098E-02  0.6098E-02  0.0000E+00  0.0000E+00  0.0000E+00  0.0000E+00  0.0000E+00
     -1.792  0.7471E-01  0.7166E-02  0.7166E-02  0.7166E-02  0.0000E+00  0.0000E+00  0.0000E+00  0.0000E+00  0.0000E+00
     -1.701  0.8430E-01  0.8458E-02  0.8458E-02  0.8458E-02  0.0000E+00  0.0000E+00  0.0000E+00  0.0000E+00  0.0000E+00
     -1.610  0.9387E-01  0.9859E-02  0.9859E-02  0.9859E-02  0.0000E+00  0.0000E+00  0.0000E+00  0.0000E+00  0.0000E+00
     -1.519  0.1248E+00  0.1752E-01  0.1752E-01  0.1752E-01  0.0000E+00  0.0000E+00  0.0000E+00  0.0000E+00  0.0000E+00
     -1.428  0.1808E+00  0.3071E-01  0.3071E-01  0.3071E-01  0.0000E+00  0.0000E+00  0.0000E+00  0.0000E+00  0.0000E+00
     -1.337  0.2614E+00  0.4725E-01  0.4725E-01  0.4725E-01  0.0000E+00  0.0000E+00  0.0000E+00  0.0000E+00  0.0000E+00
     -1.246  0.1610E+00  0.2799E-01  0.2799E-01  0.2799E-01  0.0000E+00  0.0000E+00  0.0000E+00  0.0000E+00  0.0000E+00
     -1.154  0.1352E+00  0.2341E-01  0.2341E-01  0.2341E-01  0.0000E+00  0.0000E+00  0.0000E+00  0.0000E+00  0.0000E+00
     -1.063  0.1189E+00  0.2073E-01  0.2073E-01  0.2073E-01  0.0000E+00  0.0000E+00  0.0000E+00  0.0000E+00  0.0000E+00
     -0.972  0.1069E+00  0.1885E-01  0.1885E-01  0.1885E-01  0.0000E+00  0.0000E+00  0.0000E+00  0.0000E+00  0.0000E+00
     -0.881  0.9848E-01  0.1756E-01  0.1756E-01  0.1756E-01  0.0000E+00  0.0000E+00  0.0000E+00  0.0000E+00  0.0000E+00
     -0.790  0.9079E-01  0.1644E-01  0.1644E-01  0.1644E-01  0.0000E+00  0.0000E+00  0.0000E+00  0.0000E+00  0.0000E+00
     -0.699  0.8368E-01  0.1543E-01  0.1543E-01  0.1543E-01  0.0000E+00  0.0000E+00  0.0000E+00  0.0000E+00  0.0000E+00
     -0.608  0.7873E-01  0.1473E-01  0.1473E-01  0.1473E-01  0.0000E+00  0.0000E+00  0.0000E+00  0.0000E+00  0.0000E+00
     -0.517  0.7388E-01  0.1407E-01  0.1407E-01  0.1407E-01  0.0000E+00  0.0000E+00  0.0000E+00  0.0000E+00  0.0000E+00
     -0.426  0.6898E-01  0.1340E-01  0.1340E-01  0.1340E-01  0.0000E+00  0.0000E+00  0.0000E+00  0.0000E+00  0.0000E+00
     -0.335  0.6475E-01  0.1283E-01  0.1283E-01  0.1283E-01  0.0000E+00  0.0000E+00  0.0000E+00  0.0000E+00  0.0000E+00
     -0.244  0.6141E-01  0.1238E-01  0.1238E-01  0.1238E-01  0.0000E+00  0.0000E+00  0.0000E+00  0.0000E+00  0.0000E+00
     -0.153  0.5796E-01  0.1192E-01  0.1192E-01  0.1192E-01  0.0000E+00  0.0000E+00  0.0000E+00  0.0000E+00  0.0000E+00
     -0.062  0.5428E-01  0.1142E-01  0.1142E-01  0.1142E-01  0.0000E+00  0.0000E+00  0.0000E+00  0.0000E+00  0.0000E+00
      0.030  0.5133E-01  0.1102E-01  0.1102E-01  0.1102E-01  0.0000E+00  0.0000E+00  0.0000E+00  0.0000E+00  0.0000E+00
      0.121  0.4887E-01  0.1069E-01  0.1069E-01  0.1069E-01  0.0000E+00  0.0000E+00  0.0000E+00  0.0000E+00  0.0000E+00
      0.212  0.4631E-01  0.1034E-01  0.1034E-01  0.1034E-01  0.0000E+00  0.0000E+00  0.0000E+00  0.0000E+00  0.0000E+00
      0.303  0.4351E-01  0.9944E-02  0.9944E-02  0.9944E-02  0.0000E+00  0.0000E+00  0.0000E+00  0.0000E+00  0.0000E+00
      0.394  0.4099E-01  0.9578E-02  0.9578E-02  0.9578E-02  0.0000E+00  0.0000E+00  0.0000E+00  0.0000E+00  0.0000E+00
      0.485  0.3912E-01  0.9320E-02  0.9320E-02  0.9320E-02  0.0000E+00  0.0000E+00  0.0000E+00  0.0000E+00  0.0000E+00
      0.576  0.3721E-01  0.9051E-02  0.9051E-02  0.9051E-02  0.0000E+00  0.0000E+00  0.0000E+00  0.0000E+00  0.0000E+00
      0.667  0.3510E-01  0.8738E-02  0.8738E-02  0.8738E-02  0.0000E+00  0.0000E+00  0.0000E+00  0.0000E+00  0.0000E+00
      0.758  0.3279E-01  0.8371E-02  0.8371E-02  0.8371E-02  0.0000E+00  0.0000E+00  0.0000E+00  0.0000E+00  0.0000E+00
      0.849  0.3128E-01  0.8147E-02  0.8147E-02  0.8147E-02  0.0000E+00  0.0000E+00  0.0000E+00  0.0000E+00  0.0000E+00
      0.940  0.2982E-01  0.7930E-02  0.7930E-02  0.7930E-02  0.0000E+00  0.0000E+00  0.0000E+00  0.0000E+00  0.0000E+00
      1.031  0.2826E-01  0.7689E-02  0.7689E-02  0.7689E-02  0.0000E+00  0.0000E+00  0.0000E+00  0.0000E+00  0.0000E+00
      1.122  0.2675E-01  0.1057E-01  0.1057E-01  0.1057E-01  0.0000E+00  0.0000E+00  0.0000E+00  0.0000E+00  0.0000E+00
      1.214  0.2700E-01  0.3067E-01  0.3067E-01  0.3067E-01  0.0000E+00  0.0000E+00  0.0000E+00  0.0000E+00  0.0000E+00
      1.305  0.2775E-01  0.4066E-01  0.4066E-01  0.4066E-01  0.0000E+00  0.0000E+00  0.0000E+00  0.0000E+00  0.0000E+00
      1.396  0.3011E-01  0.5926E-01  0.5926E-01  0.5926E-01  0.0000E+00  0.0000E+00  0.0000E+00  0.0000E+00  0.0000E+00
      1.487  0.3078E-01  0.6014E-01  0.6014E-01  0.6014E-01  0.0000E+00  0.0000E+00  0.0000E+00  0.0000E+00  0.0000E+00
      1.578  0.3059E-01  0.5553E-01  0.5553E-01  0.5553E-01  0.0000E+00  0.0000E+00  0.0000E+00  0.0000E+00  0.0000E+00
      1.669  0.3015E-01  0.5268E-01  0.5268E-01  0.5268E-01  0.0000E+00  0.0000E+00  0.0000E+00  0.0000E+00  0.0000E+00
      1.760  0.3002E-01  0.5013E-01  0.5013E-01  0.5013E-01  0.0000E+00  0.0000E+00  0.0000E+00  0.0000E+00  0.0000E+00
      1.851  0.2987E-01  0.5042E-01  0.5042E-01  0.5042E-01  0.0000E+00  0.0000E+00  0.0000E+00  0.0000E+00  0.0000E+00
      1.942  0.2943E-01  0.5131E-01  0.5131E-01  0.5131E-01  0.0000E+00  0.0000E+00  0.0000E+00  0.0000E+00  0.0000E+00
      2.033  0.2869E-01  0.5224E-01  0.5224E-01  0.5224E-01  0.0000E+00  0.0000E+00  0.0000E+00  0.0000E+00  0.0000E+00
      2.124  0.2785E-01  0.5361E-01  0.5361E-01  0.5361E-01  0.0000E+00  0.0000E+00  0.0000E+00  0.0000E+00  0.0000E+00
      2.215  0.2746E-01  0.5675E-01  0.5675E-01  0.5675E-01  0.0000E+00  0.0000E+00  0.0000E+00  0.0000E+00  0.0000E+00
      2.306  0.2681E-01  0.5828E-01  0.5828E-01  0.5828E-01  0.0000E+00  0.0000E+00  0.0000E+00  0.0000E+00  0.0000E+00
      2.398  0.2615E-01  0.6245E-01  0.6245E-01  0.6245E-01  0.0000E+00  0.0000E+00  0.0000E+00  0.0000E+00  0.0000E+00
      2.489  0.2536E-01  0.6585E-01  0.6585E-01  0.6585E-01  0.0000E+00  0.0000E+00  0.0000E+00  0.0000E+00  0.0000E+00
      2.580  0.2438E-01  0.7092E-01  0.7092E-01  0.7092E-01  0.0000E+00  0.0000E+00  0.0000E+00  0.0000E+00  0.0000E+00
      2.671  0.2345E-01  0.8416E-01  0.8416E-01  0.8416E-01  0.0000E+00  0.0000E+00  0.0000E+00  0.0000E+00  0.0000E+00
      2.762  0.2255E-01  0.8925E-01  0.8925E-01  0.8925E-01  0.0000E+00  0.0000E+00  0.0000E+00  0.0000E+00  0.0000E+00
      2.853  0.2174E-01  0.8751E-01  0.8751E-01  0.8751E-01  0.0000E+00  0.0000E+00  0.0000E+00  0.0000E+00  0.0000E+00
      2.944  0.2085E-01  0.8653E-01  0.8653E-01  0.8653E-01  0.0000E+00  0.0000E+00  0.0000E+00  0.0000E+00  0.0000E+00
      3.035  0.1981E-01  0.8568E-01  0.8568E-01  0.8568E-01  0.0000E+00  0.0000E+00  0.0000E+00  0.0000E+00  0.0000E+00
      3.126  0.1865E-01  0.8493E-01  0.8493E-01  0.8493E-01  0.0000E+00  0.0000E+00  0.0000E+00  0.0000E+00  0.0000E+00
      3.217  0.1773E-01  0.8414E-01  0.8414E-01  0.8414E-01  0.0000E+00  0.0000E+00  0.0000E+00  0.0000E+00  0.0000E+00
      3.308  0.1693E-01  0.8335E-01  0.8335E-01  0.8335E-01  0.0000E+00  0.0000E+00  0.0000E+00  0.0000E+00  0.0000E+00
      3.399  0.1609E-01  0.8254E-01  0.8254E-01  0.8254E-01  0.0000E+00  0.0000E+00  0.0000E+00  0.0000E+00  0.0000E+00
      3.490  0.1523E-01  0.8163E-01  0.8163E-01  0.8163E-01  0.0000E+00  0.0000E+00  0.0000E+00  0.0000E+00  0.0000E+00
      3.582  0.1424E-01  0.8142E-01  0.8142E-01  0.8142E-01  0.0000E+00  0.0000E+00  0.0000E+00  0.0000E+00  0.0000E+00
      3.673  0.1310E-01  0.8028E-01  0.8028E-01  0.8028E-01  0.0000E+00  0.0000E+00  0.0000E+00  0.0000E+00  0.0000E+00
      3.764  0.1226E-01  0.7928E-01  0.7928E-01  0.7928E-01  0.0000E+00  0.0000E+00  0.0000E+00  0.0000E+00  0.0000E+00
      3.855  0.1146E-01  0.7897E-01  0.7897E-01  0.7897E-01  0.0000E+00  0.0000E+00  0.0000E+00  0.0000E+00  0.0000E+00
      3.946  0.1051E-01  0.7877E-01  0.7877E-01  0.7877E-01  0.0000E+00  0.0000E+00  0.0000E+00  0.0000E+00  0.0000E+00
      4.037  0.9483E-02  0.7831E-01  0.7831E-01  0.7831E-01  0.0000E+00  0.0000E+00  0.0000E+00  0.0000E+00  0.0000E+00
      4.128  0.8501E-02  0.7755E-01  0.7755E-01  0.7755E-01  0.0000E+00  0.0000E+00  0.0000E+00  0.0000E+00  0.0000E+00
      4.219  0.7519E-02  0.7704E-01  0.7704E-01  0.7704E-01  0.0000E+00  0.0000E+00  0.0000E+00  0.0000E+00  0.0000E+00
      4.310  0.6807E-02  0.7730E-01  0.7730E-01  0.7730E-01  0.0000E+00  0.0000E+00  0.0000E+00  0.0000E+00  0.0000E+00
      4.401  0.6094E-02  0.7459E-01  0.7459E-01  0.7459E-01  0.0000E+00  0.0000E+00  0.0000E+00  0.0000E+00  0.0000E+00
      4.492  0.5581E-02  0.5630E-01  0.5630E-01  0.5630E-01  0.0000E+00  0.0000E+00  0.0000E+00  0.0000E+00  0.0000E+00
      4.583  0.4958E-02  0.4869E-01  0.4869E-01  0.4869E-01  0.0000E+00  0.0000E+00  0.0000E+00  0.0000E+00  0.0000E+00
      4.674  0.4216E-02  0.4293E-01  0.4293E-01  0.4293E-01  0.0000E+00  0.0000E+00  0.0000E+00  0.0000E+00  0.0000E+00
      4.766  0.3568E-02  0.3784E-01  0.3784E-01  0.3784E-01  0.0000E+00  0.0000E+00  0.0000E+00  0.0000E+00  0.0000E+00
      4.857  0.3115E-02  0.3362E-01  0.3362E-01  0.3362E-01  0.0000E+00  0.0000E+00  0.0000E+00  0.0000E+00  0.0000E+00
      4.948  0.2636E-02  0.3011E-01  0.3011E-01  0.3011E-01  0.0000E+00  0.0000E+00  0.0000E+00  0.0000E+00  0.0000E+00
      5.039  0.2144E-02  0.2657E-01  0.2657E-01  0.2657E-01  0.0000E+00  0.0000E+00  0.0000E+00  0.0000E+00  0.0000E+00
      5.130  0.1697E-02  0.2323E-01  0.2323E-01  0.2323E-01  0.0000E+00  0.0000E+00  0.0000E+00  0.0000E+00  0.0000E+00
      5.221  0.1265E-02  0.2023E-01  0.2023E-01  0.2023E-01  0.0000E+00  0.0000E+00  0.0000E+00  0.0000E+00  0.0000E+00
      5.312  0.9797E-03  0.1715E-01  0.1715E-01  0.1715E-01  0.0000E+00  0.0000E+00  0.0000E+00  0.0000E+00  0.0000E+00
      5.403  0.6600E-03  0.1386E-01  0.1386E-01  0.1386E-01  0.0000E+00  0.0000E+00  0.0000E+00  0.0000E+00  0.0000E+00
      5.494  0.3602E-03  0.1152E-01  0.1152E-01  0.1152E-01  0.0000E+00  0.0000E+00  0.0000E+00  0.0000E+00  0.0000E+00
      5.585  0.1472E-03  0.7314E-02  0.7314E-02  0.7314E-02  0.0000E+00  0.0000E+00  0.0000E+00  0.0000E+00  0.0000E+00
      5.676  0.9629E-07  0.8244E-04  0.8244E-04  0.8244E-04  0.0000E+00  0.0000E+00  0.0000E+00  0.0000E+00  0.0000E+00
      5.767  0.0000E+00  0.0000E+00  0.0000E+00  0.0000E+00  0.0000E+00  0.0000E+00  0.0000E+00  0.0000E+00  0.0000E+00
      5.858  0.0000E+00  0.0000E+00  0.0000E+00  0.0000E+00  0.0000E+00  0.0000E+00  0.0000E+00  0.0000E+00  0.0000E+00
      5.950  0.0000E+00  0.0000E+00  0.0000E+00  0.0000E+00  0.0000E+00  0.0000E+00  0.0000E+00  0.0000E+00  0.0000E+00
      6.041  0.0000E+00  0.0000E+00  0.0000E+00  0.0000E+00  0.0000E+00  0.0000E+00  0.0000E+00  0.0000E+00  0.0000E+00
      6.132  0.0000E+00  0.0000E+00  0.0000E+00  0.0000E+00  0.0000E+00  0.0000E+00  0.0000E+00  0.0000E+00  0.0000E+00
      6.223  0.0000E+00  0.0000E+00  0.0000E+00  0.0000E+00  0.0000E+00  0.0000E+00  0.0000E+00  0.0000E+00  0.0000E+00
      6.314  0.0000E+00  0.0000E+00  0.0000E+00  0.0000E+00  0.0000E+00  0.0000E+00  0.0000E+00  0.0000E+00  0.0000E+00
      6.405  0.0000E+00  0.0000E+00  0.0000E+00  0.0000E+00  0.0000E+00  0.0000E+00  0.0000E+00  0.0000E+00  0.0000E+00
      6.496  0.9451E-03  0.2767E-03  0.2767E-03  0.2767E-03  0.0000E+00  0.0000E+00  0.0000E+00  0.0000E+00  0.0000E+00
      6.587  0.6300E-02  0.1919E-02  0.1919E-02  0.1919E-02  0.0000E+00  0.0000E+00  0.0000E+00  0.0000E+00  0.0000E+00
      6.678  0.9950E-02  0.3149E-02  0.3149E-02  0.3149E-02  0.0000E+00  0.0000E+00  0.0000E+00  0.0000E+00  0.0000E+00
      6.769  0.1411E-01  0.4597E-02  0.4597E-02  0.4597E-02  0.0000E+00  0.0000E+00  0.0000E+00  0.0000E+00  0.0000E+00
      6.860  0.1603E-01  0.5544E-02  0.5544E-02  0.5544E-02  0.0000E+00  0.0000E+00  0.0000E+00  0.0000E+00  0.0000E+00
      6.951  0.1804E-01  0.6570E-02  0.6570E-02  0.6570E-02  0.0000E+00  0.0000E+00  0.0000E+00  0.0000E+00  0.0000E+00
      7.042  0.2027E-01  0.7706E-02  0.7706E-02  0.7706E-02  0.0000E+00  0.0000E+00  0.0000E+00  0.0000E+00  0.0000E+00
      7.134  0.2252E-01  0.8940E-02  0.8940E-02  0.8940E-02  0.0000E+00  0.0000E+00  0.0000E+00  0.0000E+00  0.0000E+00
      7.225  0.2399E-01  0.9990E-02  0.9990E-02  0.9990E-02  0.0000E+00  0.0000E+00  0.0000E+00  0.0000E+00  0.0000E+00
      7.316  0.2558E-01  0.1113E-01  0.1113E-01  0.1113E-01  0.0000E+00  0.0000E+00  0.0000E+00  0.0000E+00  0.0000E+00
      7.407  0.2711E-01  0.1232E-01  0.1232E-01  0.1232E-01  0.0000E+00  0.0000E+00  0.0000E+00  0.0000E+00  0.0000E+00
      7.498  0.2874E-01  0.1355E-01  0.1355E-01  0.1355E-01  0.0000E+00  0.0000E+00  0.0000E+00  0.0000E+00  0.0000E+00
      7.589  0.3285E-01  0.1503E-01  0.1503E-01  0.1503E-01  0.0000E+00  0.0000E+00  0.0000E+00  0.0000E+00  0.0000E+00
      7.680  0.4622E-01  0.1714E-01  0.1714E-01  0.1714E-01  0.0000E+00  0.0000E+00  0.0000E+00  0.0000E+00  0.0000E+00
      7.771  0.5230E-01  0.1928E-01  0.1928E-01  0.1928E-01  0.0000E+00  0.0000E+00  0.0000E+00  0.0000E+00  0.0000E+00
      7.862  0.5965E-01  0.2144E-01  0.2144E-01  0.2144E-01  0.0000E+00  0.0000E+00  0.0000E+00  0.0000E+00  0.0000E+00
      7.953  0.6774E-01  0.2410E-01  0.2410E-01  0.2410E-01  0.0000E+00  0.0000E+00  0.0000E+00  0.0000E+00  0.0000E+00
      8.044  0.7829E-01  0.2766E-01  0.2766E-01  0.2766E-01  0.0000E+00  0.0000E+00  0.0000E+00  0.0000E+00  0.0000E+00
      8.135  0.9568E-01  0.3270E-01  0.3270E-01  0.3270E-01  0.0000E+00  0.0000E+00  0.0000E+00  0.0000E+00  0.0000E+00
      8.226  0.1192E+00  0.3993E-01  0.3993E-01  0.3993E-01  0.0000E+00  0.0000E+00  0.0000E+00  0.0000E+00  0.0000E+00
      8.318  0.1063E+00  0.3994E-01  0.3994E-01  0.3994E-01  0.0000E+00  0.0000E+00  0.0000E+00  0.0000E+00  0.0000E+00
      8.409  0.1055E+00  0.4388E-01  0.4388E-01  0.4388E-01  0.0000E+00  0.0000E+00  0.0000E+00  0.0000E+00  0.0000E+00
      8.500  0.9073E-01  0.4245E-01  0.4245E-01  0.4245E-01  0.0000E+00  0.0000E+00  0.0000E+00  0.0000E+00  0.0000E+00
      8.591  0.7301E-01  0.3496E-01  0.3496E-01  0.3496E-01  0.0000E+00  0.0000E+00  0.0000E+00  0.0000E+00  0.0000E+00
      8.682  0.6328E-01  0.3283E-01  0.3283E-01  0.3283E-01  0.0000E+00  0.0000E+00  0.0000E+00  0.0000E+00  0.0000E+00
      8.773  0.5846E-01  0.3306E-01  0.3306E-01  0.3306E-01  0.0000E+00  0.0000E+00  0.0000E+00  0.0000E+00  0.0000E+00
      8.864  0.5541E-01  0.3507E-01  0.3507E-01  0.3507E-01  0.0000E+00  0.0000E+00  0.0000E+00  0.0000E+00  0.0000E+00
      8.955  0.4621E-01  0.3230E-01  0.3230E-01  0.3230E-01  0.0000E+00  0.0000E+00  0.0000E+00  0.0000E+00  0.0000E+00
      9.046  0.3933E-01  0.3158E-01  0.3158E-01  0.3158E-01  0.0000E+00  0.0000E+00  0.0000E+00  0.0000E+00  0.0000E+00
      9.137  0.3501E-01  0.3439E-01  0.3439E-01  0.3439E-01  0.0000E+00  0.0000E+00  0.0000E+00  0.0000E+00  0.0000E+00
      9.228  0.4558E-01  0.7077E-01  0.7077E-01  0.7077E-01  0.0000E+00  0.0000E+00  0.0000E+00  0.0000E+00  0.0000E+00
      9.319  0.5056E-01  0.7560E-01  0.7560E-01  0.7560E-01  0.0000E+00  0.0000E+00  0.0000E+00  0.0000E+00  0.0000E+00
      9.410  0.5130E-01  0.6116E-01  0.6116E-01  0.6116E-01  0.0000E+00  0.0000E+00  0.0000E+00  0.0000E+00  0.0000E+00
      9.502  0.4640E-01  0.5322E-01  0.5322E-01  0.5322E-01  0.0000E+00  0.0000E+00  0.0000E+00  0.0000E+00  0.0000E+00
      9.593  0.4440E-01  0.5217E-01  0.5217E-01  0.5217E-01  0.0000E+00  0.0000E+00  0.0000E+00  0.0000E+00  0.0000E+00
      9.684  0.4709E-01  0.5445E-01  0.5445E-01  0.5445E-01  0.0000E+00  0.0000E+00  0.0000E+00  0.0000E+00  0.0000E+00
      9.775  0.5284E-01  0.5499E-01  0.5499E-01  0.5499E-01  0.0000E+00  0.0000E+00  0.0000E+00  0.0000E+00  0.0000E+00
      9.866  0.6557E-01  0.5602E-01  0.5602E-01  0.5602E-01  0.0000E+00  0.0000E+00  0.0000E+00  0.0000E+00  0.0000E+00
      9.957  0.4299E-01  0.4594E-01  0.4594E-01  0.4594E-01  0.0000E+00  0.0000E+00  0.0000E+00  0.0000E+00  0.0000E+00
     10.048  0.3412E-01  0.4322E-01  0.4322E-01  0.4322E-01  0.0000E+00  0.0000E+00  0.0000E+00  0.0000E+00  0.0000E+00
     10.139  0.2985E-01  0.3867E-01  0.3867E-01  0.3867E-01  0.0000E+00  0.0000E+00  0.0000E+00  0.0000E+00  0.0000E+00
     10.230  0.2743E-01  0.3607E-01  0.3607E-01  0.3607E-01  0.0000E+00  0.0000E+00  0.0000E+00  0.0000E+00  0.0000E+00
     10.321  0.2848E-01  0.3571E-01  0.3571E-01  0.3571E-01  0.0000E+00  0.0000E+00  0.0000E+00  0.0000E+00  0.0000E+00
     10.412  0.3085E-01  0.3747E-01  0.3747E-01  0.3747E-01  0.0000E+00  0.0000E+00  0.0000E+00  0.0000E+00  0.0000E+00
     10.503  0.3391E-01  0.4163E-01  0.4163E-01  0.4163E-01  0.0000E+00  0.0000E+00  0.0000E+00  0.0000E+00  0.0000E+00
     10.594  0.4109E-01  0.4712E-01  0.4712E-01  0.4712E-01  0.0000E+00  0.0000E+00  0.0000E+00  0.0000E+00  0.0000E+00
     10.686  0.3919E-01  0.3851E-01  0.3851E-01  0.3851E-01  0.0000E+00  0.0000E+00  0.0000E+00  0.0000E+00  0.0000E+00
     10.777  0.3955E-01  0.3891E-01  0.3891E-01  0.3891E-01  0.0000E+00  0.0000E+00  0.0000E+00  0.0000E+00  0.0000E+00
     10.868  0.4113E-01  0.3863E-01  0.3863E-01  0.3863E-01  0.0000E+00  0.0000E+00  0.0000E+00  0.0000E+00  0.0000E+00
     10.959  0.4120E-01  0.3921E-01  0.3921E-01  0.3921E-01  0.0000E+00  0.0000E+00  0.0000E+00  0.0000E+00  0.0000E+00
     11.050  0.4160E-01  0.3950E-01  0.3950E-01  0.3950E-01  0.0000E+00  0.0000E+00  0.0000E+00  0.0000E+00  0.0000E+00
     11.141  0.4109E-01  0.3963E-01  0.3963E-01  0.3963E-01  0.0000E+00  0.0000E+00  0.0000E+00  0.0000E+00  0.0000E+00
     11.232  0.3949E-01  0.3958E-01  0.3958E-01  0.3958E-01  0.0000E+00  0.0000E+00  0.0000E+00  0.0000E+00  0.0000E+00
     11.323  0.3803E-01  0.3851E-01  0.3851E-01  0.3851E-01  0.0000E+00  0.0000E+00  0.0000E+00  0.0000E+00  0.0000E+00
     11.414  0.3760E-01  0.3862E-01  0.3862E-01  0.3862E-01  0.0000E+00  0.0000E+00  0.0000E+00  0.0000E+00  0.0000E+00
     11.505  0.3842E-01  0.3966E-01  0.3966E-01  0.3966E-01  0.0000E+00  0.0000E+00  0.0000E+00  0.0000E+00  0.0000E+00
     11.596  0.3627E-01  0.3789E-01  0.3789E-01  0.3789E-01  0.0000E+00  0.0000E+00  0.0000E+00  0.0000E+00  0.0000E+00
     11.687  0.3646E-01  0.3894E-01  0.3894E-01  0.3894E-01  0.0000E+00  0.0000E+00  0.0000E+00  0.0000E+00  0.0000E+00
     11.778  0.3355E-01  0.3785E-01  0.3785E-01  0.3785E-01  0.0000E+00  0.0000E+00  0.0000E+00  0.0000E+00  0.0000E+00
     11.870  0.3105E-01  0.3628E-01  0.3628E-01  0.3628E-01  0.0000E+00  0.0000E+00  0.0000E+00  0.0000E+00  0.0000E+00
     11.961  0.2929E-01  0.3561E-01  0.3561E-01  0.3561E-01  0.0000E+00  0.0000E+00  0.0000E+00  0.0000E+00  0.0000E+00
     12.052  0.2850E-01  0.3575E-01  0.3575E-01  0.3575E-01  0.0000E+00  0.0000E+00  0.0000E+00  0.0000E+00  0.0000E+00
     12.143  0.2718E-01  0.3544E-01  0.3544E-01  0.3544E-01  0.0000E+00  0.0000E+00  0.0000E+00  0.0000E+00  0.0000E+00
     12.234  0.2545E-01  0.3495E-01  0.3495E-01  0.3495E-01  0.0000E+00  0.0000E+00  0.0000E+00  0.0000E+00  0.0000E+00
     12.325  0.2430E-01  0.3514E-01  0.3514E-01  0.3514E-01  0.0000E+00  0.0000E+00  0.0000E+00  0.0000E+00  0.0000E+00
     12.416  0.2292E-01  0.3522E-01  0.3522E-01  0.3522E-01  0.0000E+00  0.0000E+00  0.0000E+00  0.0000E+00  0.0000E+00
     12.507  0.2029E-01  0.3120E-01  0.3120E-01  0.3120E-01  0.0000E+00  0.0000E+00  0.0000E+00  0.0000E+00  0.0000E+00
     12.598  0.1992E-01  0.3117E-01  0.3117E-01  0.3117E-01  0.0000E+00  0.0000E+00  0.0000E+00  0.0000E+00  0.0000E+00
     12.689  0.1933E-01  0.3122E-01  0.3122E-01  0.3122E-01  0.0000E+00  0.0000E+00  0.0000E+00  0.0000E+00  0.0000E+00
     12.780  0.2041E-01  0.3340E-01  0.3340E-01  0.3340E-01  0.0000E+00  0.0000E+00  0.0000E+00  0.0000E+00  0.0000E+00
     12.871  0.2138E-01  0.3517E-01  0.3517E-01  0.3517E-01  0.0000E+00  0.0000E+00  0.0000E+00  0.0000E+00  0.0000E+00
     12.962  0.2153E-01  0.3608E-01  0.3608E-01  0.3608E-01  0.0000E+00  0.0000E+00  0.0000E+00  0.0000E+00  0.0000E+00
     13.054  0.1867E-01  0.3276E-01  0.3276E-01  0.3276E-01  0.0000E+00  0.0000E+00  0.0000E+00  0.0000E+00  0.0000E+00
     13.145  0.1530E-01  0.2878E-01  0.2878E-01  0.2878E-01  0.0000E+00  0.0000E+00  0.0000E+00  0.0000E+00  0.0000E+00
     13.236  0.1349E-01  0.2709E-01  0.2709E-01  0.2709E-01  0.0000E+00  0.0000E+00  0.0000E+00  0.0000E+00  0.0000E+00
     13.327  0.1250E-01  0.2608E-01  0.2608E-01  0.2608E-01  0.0000E+00  0.0000E+00  0.0000E+00  0.0000E+00  0.0000E+00
     13.418  0.1117E-01  0.2431E-01  0.2431E-01  0.2431E-01  0.0000E+00  0.0000E+00  0.0000E+00  0.0000E+00  0.0000E+00
     13.509  0.1024E-01  0.2313E-01  0.2313E-01  0.2313E-01  0.0000E+00  0.0000E+00  0.0000E+00  0.0000E+00  0.0000E+00
     13.600  0.9636E-02  0.2249E-01  0.2249E-01  0.2249E-01  0.0000E+00  0.0000E+00  0.0000E+00  0.0000E+00  0.0000E+00
     13.691  0.8990E-02  0.2179E-01  0.2179E-01  0.2179E-01  0.0000E+00  0.0000E+00  0.0000E+00  0.0000E+00  0.0000E+00
     13.782  0.7943E-02  0.2066E-01  0.2066E-01  0.2066E-01  0.0000E+00  0.0000E+00  0.0000E+00  0.0000E+00  0.0000E+00
     13.873  0.7632E-02  0.2072E-01  0.2072E-01  0.2072E-01  0.0000E+00  0.0000E+00  0.0000E+00  0.0000E+00  0.0000E+00
     13.964  0.6784E-02  0.2002E-01  0.2002E-01  0.2002E-01  0.0000E+00  0.0000E+00  0.0000E+00  0.0000E+00  0.0000E+00
     14.055  0.5987E-02  0.2037E-01  0.2037E-01  0.2037E-01  0.0000E+00  0.0000E+00  0.0000E+00  0.0000E+00  0.0000E+00
     14.146  0.5542E-02  0.2056E-01  0.2056E-01  0.2056E-01  0.0000E+00  0.0000E+00  0.0000E+00  0.0000E+00  0.0000E+00
     14.238  0.4905E-02  0.1835E-01  0.1835E-01  0.1835E-01  0.0000E+00  0.0000E+00  0.0000E+00  0.0000E+00  0.0000E+00
     14.329  0.4313E-02  0.1733E-01  0.1733E-01  0.1733E-01  0.0000E+00  0.0000E+00  0.0000E+00  0.0000E+00  0.0000E+00
     14.420  0.3615E-02  0.1225E-01  0.1225E-01  0.1225E-01  0.0000E+00  0.0000E+00  0.0000E+00  0.0000E+00  0.0000E+00
     14.511  0.3246E-02  0.1063E-01  0.1063E-01  0.1063E-01  0.0000E+00  0.0000E+00  0.0000E+00  0.0000E+00  0.0000E+00
     14.602  0.3047E-02  0.1022E-01  0.1022E-01  0.1022E-01  0.0000E+00  0.0000E+00  0.0000E+00  0.0000E+00  0.0000E+00
     14.693  0.2640E-02  0.9664E-02  0.9664E-02  0.9664E-02  0.0000E+00  0.0000E+00  0.0000E+00  0.0000E+00  0.0000E+00
     14.784  0.2580E-02  0.1021E-01  0.1021E-01  0.1021E-01  0.0000E+00  0.0000E+00  0.0000E+00  0.0000E+00  0.0000E+00
     14.875  0.2017E-02  0.8674E-02  0.8674E-02  0.8674E-02  0.0000E+00  0.0000E+00  0.0000E+00  0.0000E+00  0.0000E+00
     14.966  0.1716E-02  0.7638E-02  0.7638E-02  0.7638E-02  0.0000E+00  0.0000E+00  0.0000E+00  0.0000E+00  0.0000E+00
     15.057  0.1516E-02  0.6973E-02  0.6973E-02  0.6973E-02  0.0000E+00  0.0000E+00  0.0000E+00  0.0000E+00  0.0000E+00
     15.148  0.1371E-02  0.6525E-02  0.6525E-02  0.6525E-02  0.0000E+00  0.0000E+00  0.0000E+00  0.0000E+00  0.0000E+00
     15.239  0.1266E-02  0.6258E-02  0.6258E-02  0.6258E-02  0.0000E+00  0.0000E+00  0.0000E+00  0.0000E+00  0.0000E+00
     15.330  0.1174E-02  0.6038E-02  0.6038E-02  0.6038E-02  0.0000E+00  0.0000E+00  0.0000E+00  0.0000E+00  0.0000E+00
     15.422  0.1030E-02  0.5674E-02  0.5674E-02  0.5674E-02  0.0000E+00  0.0000E+00  0.0000E+00  0.0000E+00  0.0000E+00
     15.513  0.8617E-03  0.5365E-02  0.5365E-02  0.5365E-02  0.0000E+00  0.0000E+00  0.0000E+00  0.0000E+00  0.0000E+00
     15.604  0.5953E-03  0.4643E-02  0.4643E-02  0.4643E-02  0.0000E+00  0.0000E+00  0.0000E+00  0.0000E+00  0.0000E+00
     15.695  0.4657E-03  0.3900E-02  0.3900E-02  0.3900E-02  0.0000E+00  0.0000E+00  0.0000E+00  0.0000E+00  0.0000E+00
     15.786  0.3835E-03  0.3330E-02  0.3330E-02  0.3330E-02  0.0000E+00  0.0000E+00  0.0000E+00  0.0000E+00  0.0000E+00
     15.877  0.3107E-03  0.2865E-02  0.2865E-02  0.2865E-02  0.0000E+00  0.0000E+00  0.0000E+00  0.0000E+00  0.0000E+00
     15.968  0.2541E-03  0.2566E-02  0.2566E-02  0.2566E-02  0.0000E+00  0.0000E+00  0.0000E+00  0.0000E+00  0.0000E+00
     16.059  0.2051E-03  0.2461E-02  0.2461E-02  0.2461E-02  0.0000E+00  0.0000E+00  0.0000E+00  0.0000E+00  0.0000E+00
     16.150  0.1652E-03  0.2492E-02  0.2492E-02  0.2492E-02  0.0000E+00  0.0000E+00  0.0000E+00  0.0000E+00  0.0000E+00
     16.241  0.1079E-03  0.2135E-02  0.2135E-02  0.2135E-02  0.0000E+00  0.0000E+00  0.0000E+00  0.0000E+00  0.0000E+00
     16.332  0.1841E-04  0.6323E-03  0.6323E-03  0.6323E-03  0.0000E+00  0.0000E+00  0.0000E+00  0.0000E+00  0.0000E+00
     16.423  0.4787E-05  0.1644E-03  0.1644E-03  0.1644E-03  0.0000E+00  0.0000E+00  0.0000E+00  0.0000E+00  0.0000E+00
     16.514  0.7264E-08  0.2495E-06  0.2495E-06  0.2495E-06  0.0000E+00  0.0000E+00  0.0000E+00  0.0000E+00  0.0000E+00
     16.606  0.0000E+00  0.0000E+00  0.0000E+00  0.0000E+00  0.0000E+00  0.0000E+00  0.0000E+00  0.0000E+00  0.0000E+00
     16.697  0.0000E+00  0.0000E+00  0.0000E+00  0.0000E+00  0.0000E+00  0.0000E+00  0.0000E+00  0.0000E+00  0.0000E+00
     16.788  0.0000E+00  0.0000E+00  0.0000E+00  0.0000E+00  0.0000E+00  0.0000E+00  0.0000E+00  0.0000E+00  0.0000E+00
     16.879  0.0000E+00  0.0000E+00  0.0000E+00  0.0000E+00  0.0000E+00  0.0000E+00  0.0000E+00  0.0000E+00  0.0000E+00
     16.970  0.0000E+00  0.0000E+00  0.0000E+00  0.0000E+00  0.0000E+00  0.0000E+00  0.0000E+00  0.0000E+00  0.0000E+00
     17.061  0.0000E+00  0.0000E+00  0.0000E+00  0.0000E+00  0.0000E+00  0.0000E+00  0.0000E+00  0.0000E+00  0.0000E+00
     17.152  0.0000E+00  0.0000E+00  0.0000E+00  0.0000E+00  0.0000E+00  0.0000E+00  0.0000E+00  0.0000E+00  0.0000E+00
     17.243  0.0000E+00  0.0000E+00  0.0000E+00  0.0000E+00  0.0000E+00  0.0000E+00  0.0000E+00  0.0000E+00  0.0000E+00
     17.334  0.0000E+00  0.0000E+00  0.0000E+00  0.0000E+00  0.0000E+00  0.0000E+00  0.0000E+00  0.0000E+00  0.0000E+00
     17.425  0.0000E+00  0.0000E+00  0.0000E+00  0.0000E+00  0.0000E+00  0.0000E+00  0.0000E+00  0.0000E+00  0.0000E+00
     17.516  0.0000E+00  0.0000E+00  0.0000E+00  0.0000E+00  0.0000E+00  0.0000E+00  0.0000E+00  0.0000E+00  0.0000E+00
     17.607  0.0000E+00  0.0000E+00  0.0000E+00  0.0000E+00  0.0000E+00  0.0000E+00  0.0000E+00  0.0000E+00  0.0000E+00
     17.698  0.0000E+00  0.0000E+00  0.0000E+00  0.0000E+00  0.0000E+00  0.0000E+00  0.0000E+00  0.0000E+00  0.0000E+00
     17.790  0.0000E+00  0.0000E+00  0.0000E+00  0.0000E+00  0.0000E+00  0.0000E+00  0.0000E+00  0.0000E+00  0.0000E+00
     17.881  0.0000E+00  0.0000E+00  0.0000E+00  0.0000E+00  0.0000E+00  0.0000E+00  0.0000E+00  0.0000E+00  0.0000E+00
     17.972  0.0000E+00  0.0000E+00  0.0000E+00  0.0000E+00  0.0000E+00  0.0000E+00  0.0000E+00  0.0000E+00  0.0000E+00
     18.063  0.0000E+00  0.0000E+00  0.0000E+00  0.0000E+00  0.0000E+00  0.0000E+00  0.0000E+00  0.0000E+00  0.0000E+00
     18.154  0.0000E+00  0.0000E+00  0.0000E+00  0.0000E+00  0.0000E+00  0.0000E+00  0.0000E+00  0.0000E+00  0.0000E+00
     18.245  0.0000E+00  0.0000E+00  0.0000E+00  0.0000E+00  0.0000E+00  0.0000E+00  0.0000E+00  0.0000E+00  0.0000E+00
     18.336  0.0000E+00  0.0000E+00  0.0000E+00  0.0000E+00  0.0000E+00  0.0000E+00  0.0000E+00  0.0000E+00  0.0000E+00
     18.427  0.0000E+00  0.0000E+00  0.0000E+00  0.0000E+00  0.0000E+00  0.0000E+00  0.0000E+00  0.0000E+00  0.0000E+00
     18.518  0.0000E+00  0.0000E+00  0.0000E+00  0.0000E+00  0.0000E+00  0.0000E+00  0.0000E+00  0.0000E+00  0.0000E+00
     18.51815330     -8.80491511  301      5.68404423      1.00000000
     -8.805  0.0000E+00  0.0000E+00  0.0000E+00  0.0000E+00  0.0000E+00  0.0000E+00  0.0000E+00  0.0000E+00  0.0000E+00
     -8.714  0.0000E+00  0.0000E+00  0.0000E+00  0.0000E+00  0.0000E+00  0.0000E+00  0.0000E+00  0.0000E+00  0.0000E+00
     -8.623  0.0000E+00  0.0000E+00  0.0000E+00  0.0000E+00  0.0000E+00  0.0000E+00  0.0000E+00  0.0000E+00  0.0000E+00
     -8.532  0.0000E+00  0.0000E+00  0.0000E+00  0.0000E+00  0.0000E+00  0.0000E+00  0.0000E+00  0.0000E+00  0.0000E+00
     -8.441  0.0000E+00  0.0000E+00  0.0000E+00  0.0000E+00  0.0000E+00  0.0000E+00  0.0000E+00  0.0000E+00  0.0000E+00
     -8.350  0.0000E+00  0.0000E+00  0.0000E+00  0.0000E+00  0.0000E+00  0.0000E+00  0.0000E+00  0.0000E+00  0.0000E+00
     -8.258  0.0000E+00  0.0000E+00  0.0000E+00  0.0000E+00  0.0000E+00  0.0000E+00  0.0000E+00  0.0000E+00  0.0000E+00
     -8.167  0.0000E+00  0.0000E+00  0.0000E+00  0.0000E+00  0.0000E+00  0.0000E+00  0.0000E+00  0.0000E+00  0.0000E+00
     -8.076  0.0000E+00  0.0000E+00  0.0000E+00  0.0000E+00  0.0000E+00  0.0000E+00  0.0000E+00  0.0000E+00  0.0000E+00
     -7.985  0.0000E+00  0.0000E+00  0.0000E+00  0.0000E+00  0.0000E+00  0.0000E+00  0.0000E+00  0.0000E+00  0.0000E+00
     -7.894  0.0000E+00  0.0000E+00  0.0000E+00  0.0000E+00  0.0000E+00  0.0000E+00  0.0000E+00  0.0000E+00  0.0000E+00
     -7.803  0.0000E+00  0.0000E+00  0.0000E+00  0.0000E+00  0.0000E+00  0.0000E+00  0.0000E+00  0.0000E+00  0.0000E+00
     -7.712  0.0000E+00  0.0000E+00  0.0000E+00  0.0000E+00  0.0000E+00  0.0000E+00  0.0000E+00  0.0000E+00  0.0000E+00
     -7.621  0.0000E+00  0.0000E+00  0.0000E+00  0.0000E+00  0.0000E+00  0.0000E+00  0.0000E+00  0.0000E+00  0.0000E+00
     -7.530  0.0000E+00  0.0000E+00  0.0000E+00  0.0000E+00  0.0000E+00  0.0000E+00  0.0000E+00  0.0000E+00  0.0000E+00
     -7.439  0.0000E+00  0.0000E+00  0.0000E+00  0.0000E+00  0.0000E+00  0.0000E+00  0.0000E+00  0.0000E+00  0.0000E+00
     -7.348  0.0000E+00  0.0000E+00  0.0000E+00  0.0000E+00  0.0000E+00  0.0000E+00  0.0000E+00  0.0000E+00  0.0000E+00
     -7.257  0.0000E+00  0.0000E+00  0.0000E+00  0.0000E+00  0.0000E+00  0.0000E+00  0.0000E+00  0.0000E+00  0.0000E+00
     -7.166  0.0000E+00  0.0000E+00  0.0000E+00  0.0000E+00  0.0000E+00  0.0000E+00  0.0000E+00  0.0000E+00  0.0000E+00
     -7.074  0.0000E+00  0.0000E+00  0.0000E+00  0.0000E+00  0.0000E+00  0.0000E+00  0.0000E+00  0.0000E+00  0.0000E+00
     -6.983  0.0000E+00  0.0000E+00  0.0000E+00  0.0000E+00  0.0000E+00  0.0000E+00  0.0000E+00  0.0000E+00  0.0000E+00
     -6.892  0.0000E+00  0.0000E+00  0.0000E+00  0.0000E+00  0.0000E+00  0.0000E+00  0.0000E+00  0.0000E+00  0.0000E+00
     -6.801  0.3559E-03  0.1011E-06  0.1011E-06  0.1011E-06  0.0000E+00  0.0000E+00  0.0000E+00  0.0000E+00  0.0000E+00
     -6.710  0.2649E-01  0.3905E-04  0.3905E-04  0.3905E-04  0.0000E+00  0.0000E+00  0.0000E+00  0.0000E+00  0.0000E+00
     -6.619  0.3002E-01  0.9527E-04  0.9527E-04  0.9527E-04  0.0000E+00  0.0000E+00  0.0000E+00  0.0000E+00  0.0000E+00
     -6.528  0.3575E-01  0.1684E-03  0.1684E-03  0.1684E-03  0.0000E+00  0.0000E+00  0.0000E+00  0.0000E+00  0.0000E+00
     -6.437  0.4175E-01  0.2565E-03  0.2565E-03  0.2565E-03  0.0000E+00  0.0000E+00  0.0000E+00  0.0000E+00  0.0000E+00
     -6.346  0.4681E-01  0.3574E-03  0.3574E-03  0.3574E-03  0.0000E+00  0.0000E+00  0.0000E+00  0.0000E+00  0.0000E+00
     -6.255  0.5138E-01  0.4707E-03  0.4707E-03  0.4707E-03  0.0000E+00  0.0000E+00  0.0000E+00  0.0000E+00  0.0000E+00
     -6.164  0.5599E-01  0.5896E-03  0.5896E-03  0.5896E-03  0.0000E+00  0.0000E+00  0.0000E+00  0.0000E+00  0.0000E+00
     -6.073  0.5993E-01  0.7233E-03  0.7233E-03  0.7233E-03  0.0000E+00  0.0000E+00  0.0000E+00  0.0000E+00  0.0000E+00
     -5.982  0.6405E-01  0.8606E-03  0.8606E-03  0.8606E-03  0.0000E+00  0.0000E+00  0.0000E+00  0.0000E+00  0.0000E+00
     -5.890  0.6781E-01  0.1010E-02  0.1010E-02  0.1010E-02  0.0000E+00  0.0000E+00  0.0000E+00  0.0000E+00  0.0000E+00
     -5.799  0.7155E-01  0.1167E-02  0.1167E-02  0.1167E-02  0.0000E+00  0.0000E+00  0.0000E+00  0.0000E+00  0.0000E+00
     -5.708  0.7543E-01  0.1328E-02  0.1328E-02  0.1328E-02  0.0000E+00  0.0000E+00  0.0000E+00  0.0000E+00  0.0000E+00
     -5.617  0.7893E-01  0.1504E-02  0.1504E-02  0.1504E-02  0.0000E+00  0.0000E+00  0.0000E+00  0.0000E+00  0.0000E+00
     -5.526  0.8274E-01  0.1681E-02  0.1681E-02  0.1681E-02  0.0000E+00  0.0000E+00  0.0000E+00  0.0000E+00  0.0000E+00
     -5.435  0.8644E-01  0.1871E-02  0.1871E-02  0.1871E-02  0.0000E+00  0.0000E+00  0.0000E+00  0.0000E+00  0.0000E+00
     -5.344  0.9016E-01  0.2069E-02  0.2069E-02  0.2069E-02  0.0000E+00  0.0000E+00  0.0000E+00  0.0000E+00  0.0000E+00
     -5.253  0.9418E-01  0.2270E-02  0.2270E-02  0.2270E-02  0.0000E+00  0.0000E+00  0.0000E+00  0.0000E+00  0.0000E+00
     -5.162  0.9816E-01  0.2488E-02  0.2488E-02  0.2488E-02  0.0000E+00  0.0000E+00  0.0000E+00  0.0000E+00  0.0000E+00
     -5.071  0.1024E+00  0.2715E-02  0.2715E-02  0.2715E-02  0.0000E+00  0.0000E+00  0.0000E+00  0.0000E+00  0.0000E+00
     -4.980  0.1070E+00  0.2947E-02  0.2947E-02  0.2947E-02  0.0000E+00  0.0000E+00  0.0000E+00  0.0000E+00  0.0000E+00
     -4.889  0.1119E+00  0.3201E-02  0.3201E-02  0.3201E-02  0.0000E+00  0.0000E+00  0.0000E+00  0.0000E+00  0.0000E+00
     -4.798  0.1173E+00  0.3473E-02  0.3473E-02  0.3473E-02  0.0000E+00  0.0000E+00  0.0000E+00  0.0000E+00  0.0000E+00
     -4.706  0.1236E+00  0.3760E-02  0.3760E-02  0.3760E-02  0.0000E+00  0.0000E+00  0.0000E+00  0.0000E+00  0.0000E+00
     -4.615  0.1311E+00  0.4083E-02  0.4083E-02  0.4083E-02  0.0000E+00  0.0000E+00  0.0000E+00  0.0000E+00  0.0000E+00
     -4.524  0.1407E+00  0.4469E-02  0.4469E-02  0.4469E-02  0.0000E+00  0.0000E+00  0.0000E+00  0.0000E+00  0.0000E+00
     -4.433  0.1555E+00  0.4966E-02  0.4966E-02  0.4966E-02  0.0000E+00  0.0000E+00  0.0000E+00  0.0000E+00  0.0000E+00
     -4.342  0.1842E+00  0.5780E-02  0.5780E-02  0.5780E-02  0.0000E+00  0.0000E+00  0.0000E+00  0.0000E+00  0.0000E+00
     -4.251  0.1780E+00  0.5894E-02  0.5894E-02  0.5894E-02  0.0000E+00  0.0000E+00  0.0000E+00  0.0000E+00  0.0000E+00
     -4.160  0.1710E+00  0.5929E-02  0.5929E-02  0.5929E-02  0.0000E+00  0.0000E+00  0.0000E+00  0.0000E+00  0.0000E+00
     -4.069  0.1657E+00  0.5995E-02  0.5995E-02  0.5995E-02  0.0000E+00  0.0000E+00  0.0000E+00  0.0000E+00  0.0000E+00
     -3.978  0.1587E+00  0.6028E-02  0.6028E-02  0.6028E-02  0.0000E+00  0.0000E+00  0.0000E+00  0.0000E+00  0.0000E+00
     -3.887  0.1520E+00  0.6022E-02  0.6022E-02  0.6022E-02  0.0000E+00  0.0000E+00  0.0000E+00  0.0000E+00  0.0000E+00
     -3.796  0.1462E+00  0.6025E-02  0.6025E-02  0.6025E-02  0.0000E+00  0.0000E+00  0.0000E+00  0.0000E+00  0.0000E+00
     -3.705  0.1394E+00  0.6000E-02  0.6000E-02  0.6000E-02  0.0000E+00  0.0000E+00  0.0000E+00  0.0000E+00  0.0000E+00
     -3.614  0.1335E+00  0.5960E-02  0.5960E-02  0.5960E-02  0.0000E+00  0.0000E+00  0.0000E+00  0.0000E+00  0.0000E+00
     -3.522  0.1270E+00  0.5890E-02  0.5890E-02  0.5890E-02  0.0000E+00  0.0000E+00  0.0000E+00  0.0000E+00  0.0000E+00
     -3.431  0.1208E+00  0.5817E-02  0.5817E-02  0.5817E-02  0.0000E+00  0.0000E+00  0.0000E+00  0.0000E+00  0.0000E+00
     -3.340  0.1146E+00  0.5712E-02  0.5712E-02  0.5712E-02  0.0000E+00  0.0000E+00  0.0000E+00  0.0000E+00  0.0000E+00
     -3.249  0.1075E+00  0.5567E-02  0.5567E-02  0.5567E-02  0.0000E+00  0.0000E+00  0.0000E+00  0.0000E+00  0.0000E+00
     -3.158  0.1010E+00  0.5415E-02  0.5415E-02  0.5415E-02  0.0000E+00  0.0000E+00  0.0000E+00  0.0000E+00  0.0000E+00
     -3.067  0.9382E-01  0.5218E-02  0.5218E-02  0.5218E-02  0.0000E+00  0.0000E+00  0.0000E+00  0.0000E+00  0.0000E+00
     -2.976  0.8657E-01  0.4989E-02  0.4989E-02  0.4989E-02  0.0000E+00  0.0000E+00  0.0000E+00  0.0000E+00  0.0000E+00
     -2.885  0.7973E-01  0.4754E-02  0.4754E-02  0.4754E-02  0.0000E+00  0.0000E+00  0.0000E+00  0.0000E+00  0.0000E+00
     -2.794  0.7146E-01  0.4448E-02  0.4448E-02  0.4448E-02  0.0000E+00  0.0000E+00  0.0000E+00  0.0000E+00  0.0000E+00
     -2.703  0.6544E-01  0.4260E-02  0.4260E-02  0.4260E-02  0.0000E+00  0.0000E+00  0.0000E+00  0.0000E+00  0.0000E+00
     -2.612  0.5120E-01  0.3472E-02  0.3472E-02  0.3472E-02  0.0000E+00  0.0000E+00  0.0000E+00  0.0000E+00  0.0000E+00
     -2.521  0.2358E-01  0.1648E-02  0.1648E-02  0.1648E-02  0.0000E+00  0.0000E+00  0.0000E+00  0.0000E+00  0.0000E+00
     -2.430  0.7596E-02  0.5262E-03  0.5262E-03  0.5262E-03  0.0000E+00  0.0000E+00  0.0000E+00  0.0000E+00  0.0000E+00
     -2.338  0.7317E-02  0.5957E-03  0.5957E-03  0.5957E-03  0.0000E+00  0.0000E+00  0.0000E+00  0.0000E+00  0.0000E+00
     -2.247  0.1930E-01  0.1619E-02  0.1619E-02  0.1619E-02  0.0000E+00  0.0000E+00  0.0000E+00  0.0000E+00  0.0000E+00
     -2.156  0.3506E-01  0.2967E-02  0.2967E-02  0.2967E-02  0.0000E+00  0.0000E+00  0.0000E+00  0.0000E+00  0.0000E+00
     -2.065  0.4703E-01  0.4053E-02  0.4053E-02  0.4053E-02  0.0000E+00  0.0000E+00  0.0000E+00  0.0000E+00  0.0000E+00
     -1.974  0.5741E-01  0.5133E-02  0.5133E-02  0.5133E-02  0.0000E+00  0.0000E+00  0.0000E+00  0.0000E+00  0.0000E+00
     -1.883  0.6603E-01  0.6098E-02  0.6098E-02  0.6098E-02  0.0000E+00  0.0000E+00  0.0000E+00  0.0000E+00  0.0000E+00
     -1.792  0.7471E-01  0.7166E-02  0.7166E-02  0.7166E-02  0.0000E+00  0.0000E+00  0.0000E+00  0.0000E+00  0.0000E+00
     -1.701  0.8430E-01  0.8458E-02  0.8458E-02  0.8458E-02  0.0000E+00  0.0000E+00  0.0000E+00  0.0000E+00  0.0000E+00
     -1.610  0.9387E-01  0.9859E-02  0.9859E-02  0.9859E-02  0.0000E+00  0.0000E+00  0.0000E+00  0.0000E+00  0.0000E+00
     -1.519  0.1248E+00  0.1752E-01  0.1752E-01  0.1752E-01  0.0000E+00  0.0000E+00  0.0000E+00  0.0000E+00  0.0000E+00
     -1.428  0.1808E+00  0.3071E-01  0.3071E-01  0.3071E-01  0.0000E+00  0.0000E+00  0.0000E+00  0.0000E+00  0.0000E+00
     -1.337  0.2614E+00  0.4725E-01  0.4725E-01  0.4725E-01  0.0000E+00  0.0000E+00  0.0000E+00  0.0000E+00  0.0000E+00
     -1.246  0.1610E+00  0.2799E-01  0.2799E-01  0.2799E-01  0.0000E+00  0.0000E+00  0.0000E+00  0.0000E+00  0.0000E+00
     -1.154  0.1352E+00  0.2341E-01  0.2341E-01  0.2341E-01  0.0000E+00  0.0000E+00  0.0000E+00  0.0000E+00  0.0000E+00
     -1.063  0.1189E+00  0.2073E-01  0.2073E-01  0.2073E-01  0.0000E+00  0.0000E+00  0.0000E+00  0.0000E+00  0.0000E+00
     -0.972  0.1069E+00  0.1885E-01  0.1885E-01  0.1885E-01  0.0000E+00  0.0000E+00  0.0000E+00  0.0000E+00  0.0000E+00
     -0.881  0.9848E-01  0.1756E-01  0.1756E-01  0.1756E-01  0.0000E+00  0.0000E+00  0.0000E+00  0.0000E+00  0.0000E+00
     -0.790  0.9079E-01  0.1644E-01  0.1644E-01  0.1644E-01  0.0000E+00  0.0000E+00  0.0000E+00  0.0000E+00  0.0000E+00
     -0.699  0.8368E-01  0.1543E-01  0.1543E-01  0.1543E-01  0.0000E+00  0.0000E+00  0.0000E+00  0.0000E+00  0.0000E+00
     -0.608  0.7873E-01  0.1473E-01  0.1473E-01  0.1473E-01  0.0000E+00  0.0000E+00  0.0000E+00  0.0000E+00  0.0000E+00
     -0.517  0.7388E-01  0.1407E-01  0.1407E-01  0.1407E-01  0.0000E+00  0.0000E+00  0.0000E+00  0.0000E+00  0.0000E+00
     -0.426  0.6898E-01  0.1340E-01  0.1340E-01  0.1340E-01  0.0000E+00  0.0000E+00  0.0000E+00  0.0000E+00  0.0000E+00
     -0.335  0.6475E-01  0.1283E-01  0.1283E-01  0.1283E-01  0.0000E+00  0.0000E+00  0.0000E+00  0.0000E+00  0.0000E+00
     -0.244  0.6141E-01  0.1238E-01  0.1238E-01  0.1238E-01  0.0000E+00  0.0000E+00  0.0000E+00  0.0000E+00  0.0000E+00
     -0.153  0.5796E-01  0.1192E-01  0.1192E-01  0.1192E-01  0.0000E+00  0.0000E+00  0.0000E+00  0.0000E+00  0.0000E+00
     -0.062  0.5428E-01  0.1142E-01  0.1142E-01  0.1142E-01  0.0000E+00  0.0000E+00  0.0000E+00  0.0000E+00  0.0000E+00
      0.030  0.5133E-01  0.1102E-01  0.1102E-01  0.1102E-01  0.0000E+00  0.0000E+00  0.0000E+00  0.0000E+00  0.0000E+00
      0.121  0.4887E-01  0.1069E-01  0.1069E-01  0.1069E-01  0.0000E+00  0.0000E+00  0.0000E+00  0.0000E+00  0.0000E+00
      0.212  0.4631E-01  0.1034E-01  0.1034E-01  0.1034E-01  0.0000E+00  0.0000E+00  0.0000E+00  0.0000E+00  0.0000E+00
      0.303  0.4351E-01  0.9944E-02  0.9944E-02  0.9944E-02  0.0000E+00  0.0000E+00  0.0000E+00  0.0000E+00  0.0000E+00
      0.394  0.4099E-01  0.9578E-02  0.9578E-02  0.9578E-02  0.0000E+00  0.0000E+00  0.0000E+00  0.0000E+00  0.0000E+00
      0.485  0.3912E-01  0.9320E-02  0.9320E-02  0.9320E-02  0.0000E+00  0.0000E+00  0.0000E+00  0.0000E+00  0.0000E+00
      0.576  0.3721E-01  0.9051E-02  0.9051E-02  0.9051E-02  0.0000E+00  0.0000E+00  0.0000E+00  0.0000E+00  0.0000E+00
      0.667  0.3510E-01  0.8738E-02  0.8738E-02  0.8738E-02  0.0000E+00  0.0000E+00  0.0000E+00  0.0000E+00  0.0000E+00
      0.758  0.3279E-01  0.8371E-02  0.8371E-02  0.8371E-02  0.0000E+00  0.0000E+00  0.0000E+00  0.0000E+00  0.0000E+00
      0.849  0.3128E-01  0.8147E-02  0.8147E-02  0.8147E-02  0.0000E+00  0.0000E+00  0.0000E+00  0.0000E+00  0.0000E+00
      0.940  0.2982E-01  0.7930E-02  0.7930E-02  0.7930E-02  0.0000E+00  0.0000E+00  0.0000E+00  0.0000E+00  0.0000E+00
      1.031  0.2826E-01  0.7689E-02  0.7689E-02  0.7689E-02  0.0000E+00  0.0000E+00  0.0000E+00  0.0000E+00  0.0000E+00
      1.122  0.2675E-01  0.1057E-01  0.1057E-01  0.1057E-01  0.0000E+00  0.0000E+00  0.0000E+00  0.0000E+00  0.0000E+00
      1.214  0.2700E-01  0.3067E-01  0.3067E-01  0.3067E-01  0.0000E+00  0.0000E+00  0.0000E+00  0.0000E+00  0.0000E+00
      1.305  0.2775E-01  0.4066E-01  0.4066E-01  0.4066E-01  0.0000E+00  0.0000E+00  0.0000E+00  0.0000E+00  0.0000E+00
      1.396  0.3011E-01  0.5926E-01  0.5926E-01  0.5926E-01  0.0000E+00  0.0000E+00  0.0000E+00  0.0000E+00  0.0000E+00
      1.487  0.3078E-01  0.6014E-01  0.6014E-01  0.6014E-01  0.0000E+00  0.0000E+00  0.0000E+00  0.0000E+00  0.0000E+00
      1.578  0.3059E-01  0.5553E-01  0.5553E-01  0.5553E-01  0.0000E+00  0.0000E+00  0.0000E+00  0.0000E+00  0.0000E+00
      1.669  0.3015E-01  0.5268E-01  0.5268E-01  0.5268E-01  0.0000E+00  0.0000E+00  0.0000E+00  0.0000E+00  0.0000E+00
      1.760  0.3002E-01  0.5013E-01  0.5013E-01  0.5013E-01  0.0000E+00  0.0000E+00  0.0000E+00  0.0000E+00  0.0000E+00
      1.851  0.2987E-01  0.5042E-01  0.5042E-01  0.5042E-01  0.0000E+00  0.0000E+00  0.0000E+00  0.0000E+00  0.0000E+00
      1.942  0.2943E-01  0.5131E-01  0.5131E-01  0.5131E-01  0.0000E+00  0.0000E+00  0.0000E+00  0.0000E+00  0.0000E+00
      2.033  0.2869E-01  0.5224E-01  0.5224E-01  0.5224E-01  0.0000E+00  0.0000E+00  0.0000E+00  0.0000E+00  0.0000E+00
      2.124  0.2785E-01  0.5361E-01  0.5361E-01  0.5361E-01  0.0000E+00  0.0000E+00  0.0000E+00  0.0000E+00  0.0000E+00
      2.215  0.2746E-01  0.5675E-01  0.5675E-01  0.5675E-01  0.0000E+00  0.0000E+00  0.0000E+00  0.0000E+00  0.0000E+00
      2.306  0.2681E-01  0.5828E-01  0.5828E-01  0.5828E-01  0.0000E+00  0.0000E+00  0.0000E+00  0.0000E+00  0.0000E+00
      2.398  0.2615E-01  0.6245E-01  0.6245E-01  0.6245E-01  0.0000E+00  0.0000E+00  0.0000E+00  0.0000E+00  0.0000E+00
      2.489  0.2536E-01  0.6585E-01  0.6585E-01  0.6585E-01  0.0000E+00  0.0000E+00  0.0000E+00  0.0000E+00  0.0000E+00
      2.580  0.2438E-01  0.7092E-01  0.7092E-01  0.7092E-01  0.0000E+00  0.0000E+00  0.0000E+00  0.0000E+00  0.0000E+00
      2.671  0.2345E-01  0.8416E-01  0.8416E-01  0.8416E-01  0.0000E+00  0.0000E+00  0.0000E+00  0.0000E+00  0.0000E+00
      2.762  0.2255E-01  0.8925E-01  0.8925E-01  0.8925E-01  0.0000E+00  0.0000E+00  0.0000E+00  0.0000E+00  0.0000E+00
      2.853  0.2174E-01  0.8751E-01  0.8751E-01  0.8751E-01  0.0000E+00  0.0000E+00  0.0000E+00  0.0000E+00  0.0000E+00
      2.944  0.2085E-01  0.8653E-01  0.8653E-01  0.8653E-01  0.0000E+00  0.0000E+00  0.0000E+00  0.0000E+00  0.0000E+00
      3.035  0.1981E-01  0.8568E-01  0.8568E-01  0.8568E-01  0.0000E+00  0.0000E+00  0.0000E+00  0.0000E+00  0.0000E+00
      3.126  0.1865E-01  0.8493E-01  0.8493E-01  0.8493E-01  0.0000E+00  0.0000E+00  0.0000E+00  0.0000E+00  0.0000E+00
      3.217  0.1773E-01  0.8414E-01  0.8414E-01  0.8414E-01  0.0000E+00  0.0000E+00  0.0000E+00  0.0000E+00  0.0000E+00
      3.308  0.1693E-01  0.8335E-01  0.8335E-01  0.8335E-01  0.0000E+00  0.0000E+00  0.0000E+00  0.0000E+00  0.0000E+00
      3.399  0.1609E-01  0.8254E-01  0.8254E-01  0.8254E-01  0.0000E+00  0.0000E+00  0.0000E+00  0.0000E+00  0.0000E+00
      3.490  0.1523E-01  0.8163E-01  0.8163E-01  0.8163E-01  0.0000E+00  0.0000E+00  0.0000E+00  0.0000E+00  0.0000E+00
      3.582  0.1424E-01  0.8142E-01  0.8142E-01  0.8142E-01  0.0000E+00  0.0000E+00  0.0000E+00  0.0000E+00  0.0000E+00
      3.673  0.1310E-01  0.8028E-01  0.8028E-01  0.8028E-01  0.0000E+00  0.0000E+00  0.0000E+00  0.0000E+00  0.0000E+00
      3.764  0.1226E-01  0.7928E-01  0.7928E-01  0.7928E-01  0.0000E+00  0.0000E+00  0.0000E+00  0.0000E+00  0.0000E+00
      3.855  0.1146E-01  0.7897E-01  0.7897E-01  0.7897E-01  0.0000E+00  0.0000E+00  0.0000E+00  0.0000E+00  0.0000E+00
      3.946  0.1051E-01  0.7877E-01  0.7877E-01  0.7877E-01  0.0000E+00  0.0000E+00  0.0000E+00  0.0000E+00  0.0000E+00
      4.037  0.9483E-02  0.7831E-01  0.7831E-01  0.7831E-01  0.0000E+00  0.0000E+00  0.0000E+00  0.0000E+00  0.0000E+00
      4.128  0.8501E-02  0.7755E-01  0.7755E-01  0.7755E-01  0.0000E+00  0.0000E+00  0.0000E+00  0.0000E+00  0.0000E+00
      4.219  0.7519E-02  0.7704E-01  0.7704E-01  0.7704E-01  0.0000E+00  0.0000E+00  0.0000E+00  0.0000E+00  0.0000E+00
      4.310  0.6807E-02  0.7730E-01  0.7730E-01  0.7730E-01  0.0000E+00  0.0000E+00  0.0000E+00  0.0000E+00  0.0000E+00
      4.401  0.6094E-02  0.7459E-01  0.7459E-01  0.7459E-01  0.0000E+00  0.0000E+00  0.0000E+00  0.0000E+00  0.0000E+00
      4.492  0.5581E-02  0.5630E-01  0.5630E-01  0.5630E-01  0.0000E+00  0.0000E+00  0.0000E+00  0.0000E+00  0.0000E+00
      4.583  0.4958E-02  0.4869E-01  0.4869E-01  0.4869E-01  0.0000E+00  0.0000E+00  0.0000E+00  0.0000E+00  0.0000E+00
      4.674  0.4216E-02  0.4293E-01  0.4293E-01  0.4293E-01  0.0000E+00  0.0000E+00  0.0000E+00  0.0000E+00  0.0000E+00
      4.766  0.3568E-02  0.3784E-01  0.3784E-01  0.3784E-01  0.0000E+00  0.0000E+00  0.0000E+00  0.0000E+00  0.0000E+00
      4.857  0.3115E-02  0.3362E-01  0.3362E-01  0.3362E-01  0.0000E+00  0.0000E+00  0.0000E+00  0.0000E+00  0.0000E+00
      4.948  0.2636E-02  0.3011E-01  0.3011E-01  0.3011E-01  0.0000E+00  0.0000E+00  0.0000E+00  0.0000E+00  0.0000E+00
      5.039  0.2144E-02  0.2657E-01  0.2657E-01  0.2657E-01  0.0000E+00  0.0000E+00  0.0000E+00  0.0000E+00  0.0000E+00
      5.130  0.1697E-02  0.2323E-01  0.2323E-01  0.2323E-01  0.0000E+00  0.0000E+00  0.0000E+00  0.0000E+00  0.0000E+00
      5.221  0.1265E-02  0.2023E-01  0.2023E-01  0.2023E-01  0.0000E+00  0.0000E+00  0.0000E+00  0.0000E+00  0.0000E+00
      5.312  0.9797E-03  0.1715E-01  0.1715E-01  0.1715E-01  0.0000E+00  0.0000E+00  0.0000E+00  0.0000E+00  0.0000E+00
      5.403  0.6600E-03  0.1386E-01  0.1386E-01  0.1386E-01  0.0000E+00  0.0000E+00  0.0000E+00  0.0000E+00  0.0000E+00
      5.494  0.3602E-03  0.1152E-01  0.1152E-01  0.1152E-01  0.0000E+00  0.0000E+00  0.0000E+00  0.0000E+00  0.0000E+00
      5.585  0.1472E-03  0.7314E-02  0.7314E-02  0.7314E-02  0.0000E+00  0.0000E+00  0.0000E+00  0.0000E+00  0.0000E+00
      5.676  0.9629E-07  0.8244E-04  0.8244E-04  0.8244E-04  0.0000E+00  0.0000E+00  0.0000E+00  0.0000E+00  0.0000E+00
      5.767  0.0000E+00  0.0000E+00  0.0000E+00  0.0000E+00  0.0000E+00  0.0000E+00  0.0000E+00  0.0000E+00  0.0000E+00
      5.858  0.0000E+00  0.0000E+00  0.0000E+00  0.0000E+00  0.0000E+00  0.0000E+00  0.0000E+00  0.0000E+00  0.0000E+00
      5.950  0.0000E+00  0.0000E+00  0.0000E+00  0.0000E+00  0.0000E+00  0.0000E+00  0.0000E+00  0.0000E+00  0.0000E+00
      6.041  0.0000E+00  0.0000E+00  0.0000E+00  0.0000E+00  0.0000E+00  0.0000E+00  0.0000E+00  0.0000E+00  0.0000E+00
      6.132  0.0000E+00  0.0000E+00  0.0000E+00  0.0000E+00  0.0000E+00  0.0000E+00  0.0000E+00  0.0000E+00  0.0000E+00
      6.223  0.0000E+00  0.0000E+00  0.0000E+00  0.0000E+00  0.0000E+00  0.0000E+00  0.0000E+00  0.0000E+00  0.0000E+00
      6.314  0.0000E+00  0.0000E+00  0.0000E+00  0.0000E+00  0.0000E+00  0.0000E+00  0.0000E+00  0.0000E+00  0.0000E+00
      6.405  0.0000E+00  0.0000E+00  0.0000E+00  0.0000E+00  0.0000E+00  0.0000E+00  0.0000E+00  0.0000E+00  0.0000E+00
      6.496  0.9451E-03  0.2767E-03  0.2767E-03  0.2767E-03  0.0000E+00  0.0000E+00  0.0000E+00  0.0000E+00  0.0000E+00
      6.587  0.6300E-02  0.1919E-02  0.1919E-02  0.1919E-02  0.0000E+00  0.0000E+00  0.0000E+00  0.0000E+00  0.0000E+00
      6.678  0.9950E-02  0.3149E-02  0.3149E-02  0.3149E-02  0.0000E+00  0.0000E+00  0.0000E+00  0.0000E+00  0.0000E+00
      6.769  0.1411E-01  0.4597E-02  0.4597E-02  0.4597E-02  0.0000E+00  0.0000E+00  0.0000E+00  0.0000E+00  0.0000E+00
      6.860  0.1603E-01  0.5544E-02  0.5544E-02  0.5544E-02  0.0000E+00  0.0000E+00  0.0000E+00  0.0000E+00  0.0000E+00
      6.951  0.1804E-01  0.6570E-02  0.6570E-02  0.6570E-02  0.0000E+00  0.0000E+00  0.0000E+00  0.0000E+00  0.0000E+00
      7.042  0.2027E-01  0.7706E-02  0.7706E-02  0.7706E-02  0.0000E+00  0.0000E+00  0.0000E+00  0.0000E+00  0.0000E+00
      7.134  0.2252E-01  0.8940E-02  0.8940E-02  0.8940E-02  0.0000E+00  0.0000E+00  0.0000E+00  0.0000E+00  0.0000E+00
      7.225  0.2399E-01  0.9990E-02  0.9990E-02  0.9990E-02  0.0000E+00  0.0000E+00  0.0000E+00  0.0000E+00  0.0000E+00
      7.316  0.2558E-01  0.1113E-01  0.1113E-01  0.1113E-01  0.0000E+00  0.0000E+00  0.0000E+00  0.0000E+00  0.0000E+00
      7.407  0.2711E-01  0.1232E-01  0.1232E-01  0.1232E-01  0.0000E+00  0.0000E+00  0.0000E+00  0.0000E+00  0.0000E+00
      7.498  0.2874E-01  0.1355E-01  0.1355E-01  0.1355E-01  0.0000E+00  0.0000E+00  0.0000E+00  0.0000E+00  0.0000E+00
      7.589  0.3285E-01  0.1503E-01  0.1503E-01  0.1503E-01  0.0000E+00  0.0000E+00  0.0000E+00  0.0000E+00  0.0000E+00
      7.680  0.4622E-01  0.1714E-01  0.1714E-01  0.1714E-01  0.0000E+00  0.0000E+00  0.0000E+00  0.0000E+00  0.0000E+00
      7.771  0.5230E-01  0.1928E-01  0.1928E-01  0.1928E-01  0.0000E+00  0.0000E+00  0.0000E+00  0.0000E+00  0.0000E+00
      7.862  0.5965E-01  0.2144E-01  0.2144E-01  0.2144E-01  0.0000E+00  0.0000E+00  0.0000E+00  0.0000E+00  0.0000E+00
      7.953  0.6774E-01  0.2410E-01  0.2410E-01  0.2410E-01  0.0000E+00  0.0000E+00  0.0000E+00  0.0000E+00  0.0000E+00
      8.044  0.7829E-01  0.2766E-01  0.2766E-01  0.2766E-01  0.0000E+00  0.0000E+00  0.0000E+00  0.0000E+00  0.0000E+00
      8.135  0.9568E-01  0.3270E-01  0.3270E-01  0.3270E-01  0.0000E+00  0.0000E+00  0.0000E+00  0.0000E+00  0.0000E+00
      8.226  0.1192E+00  0.3993E-01  0.3993E-01  0.3993E-01  0.0000E+00  0.0000E+00  0.0000E+00  0.0000E+00  0.0000E+00
      8.318  0.1063E+00  0.3994E-01  0.3994E-01  0.3994E-01  0.0000E+00  0.0000E+00  0.0000E+00  0.0000E+00  0.0000E+00
      8.409  0.1055E+00  0.4388E-01  0.4388E-01  0.4388E-01  0.0000E+00  0.0000E+00  0.0000E+00  0.0000E+00  0.0000E+00
      8.500  0.9073E-01  0.4245E-01  0.4245E-01  0.4245E-01  0.0000E+00  0.0000E+00  0.0000E+00  0.0000E+00  0.0000E+00
      8.591  0.7301E-01  0.3496E-01  0.3496E-01  0.3496E-01  0.0000E+00  0.0000E+00  0.0000E+00  0.0000E+00  0.0000E+00
      8.682  0.6328E-01  0.3283E-01  0.3283E-01  0.3283E-01  0.0000E+00  0.0000E+00  0.0000E+00  0.0000E+00  0.0000E+00
      8.773  0.5846E-01  0.3306E-01  0.3306E-01  0.3306E-01  0.0000E+00  0.0000E+00  0.0000E+00  0.0000E+00  0.0000E+00
      8.864  0.5541E-01  0.3507E-01  0.3507E-01  0.3507E-01  0.0000E+00  0.0000E+00  0.0000E+00  0.0000E+00  0.0000E+00
      8.955  0.4621E-01  0.3230E-01  0.3230E-01  0.3230E-01  0.0000E+00  0.0000E+00  0.0000E+00  0.0000E+00  0.0000E+00
      9.046  0.3933E-01  0.3158E-01  0.3158E-01  0.3158E-01  0.0000E+00  0.0000E+00  0.0000E+00  0.0000E+00  0.0000E+00
      9.137  0.3501E-01  0.3439E-01  0.3439E-01  0.3439E-01  0.0000E+00  0.0000E+00  0.0000E+00  0.0000E+00  0.0000E+00
      9.228  0.4558E-01  0.7077E-01  0.7077E-01  0.7077E-01  0.0000E+00  0.0000E+00  0.0000E+00  0.0000E+00  0.0000E+00
      9.319  0.5056E-01  0.7560E-01  0.7560E-01  0.7560E-01  0.0000E+00  0.0000E+00  0.0000E+00  0.0000E+00  0.0000E+00
      9.410  0.5130E-01  0.6116E-01  0.6116E-01  0.6116E-01  0.0000E+00  0.0000E+00  0.0000E+00  0.0000E+00  0.0000E+00
      9.502  0.4640E-01  0.5322E-01  0.5322E-01  0.5322E-01  0.0000E+00  0.0000E+00  0.0000E+00  0.0000E+00  0.0000E+00
      9.593  0.4440E-01  0.5217E-01  0.5217E-01  0.5217E-01  0.0000E+00  0.0000E+00  0.0000E+00  0.0000E+00  0.0000E+00
      9.684  0.4709E-01  0.5445E-01  0.5445E-01  0.5445E-01  0.0000E+00  0.0000E+00  0.0000E+00  0.0000E+00  0.0000E+00
      9.775  0.5284E-01  0.5499E-01  0.5499E-01  0.5499E-01  0.0000E+00  0.0000E+00  0.0000E+00  0.0000E+00  0.0000E+00
      9.866  0.6557E-01  0.5602E-01  0.5602E-01  0.5602E-01  0.0000E+00  0.0000E+00  0.0000E+00  0.0000E+00  0.0000E+00
      9.957  0.4299E-01  0.4594E-01  0.4594E-01  0.4594E-01  0.0000E+00  0.0000E+00  0.0000E+00  0.0000E+00  0.0000E+00
     10.048  0.3412E-01  0.4322E-01  0.4322E-01  0.4322E-01  0.0000E+00  0.0000E+00  0.0000E+00  0.0000E+00  0.0000E+00
     10.139  0.2985E-01  0.3867E-01  0.3867E-01  0.3867E-01  0.0000E+00  0.0000E+00  0.0000E+00  0.0000E+00  0.0000E+00
     10.230  0.2743E-01  0.3607E-01  0.3607E-01  0.3607E-01  0.0000E+00  0.0000E+00  0.0000E+00  0.0000E+00  0.0000E+00
     10.321  0.2848E-01  0.3571E-01  0.3571E-01  0.3571E-01  0.0000E+00  0.0000E+00  0.0000E+00  0.0000E+00  0.0000E+00
     10.412  0.3085E-01  0.3747E-01  0.3747E-01  0.3747E-01  0.0000E+00  0.0000E+00  0.0000E+00  0.0000E+00  0.0000E+00
     10.503  0.3391E-01  0.4163E-01  0.4163E-01  0.4163E-01  0.0000E+00  0.0000E+00  0.0000E+00  0.0000E+00  0.0000E+00
     10.594  0.4109E-01  0.4712E-01  0.4712E-01  0.4712E-01  0.0000E+00  0.0000E+00  0.0000E+00  0.0000E+00  0.0000E+00
     10.686  0.3919E-01  0.3851E-01  0.3851E-01  0.3851E-01  0.0000E+00  0.0000E+00  0.0000E+00  0.0000E+00  0.0000E+00
     10.777  0.3955E-01  0.3891E-01  0.3891E-01  0.3891E-01  0.0000E+00  0.0000E+00  0.0000E+00  0.0000E+00  0.0000E+00
     10.868  0.4113E-01  0.3863E-01  0.3863E-01  0.3863E-01  0.0000E+00  0.0000E+00  0.0000E+00  0.0000E+00  0.0000E+00
     10.959  0.4120E-01  0.3921E-01  0.3921E-01  0.3921E-01  0.0000E+00  0.0000E+00  0.0000E+00  0.0000E+00  0.0000E+00
     11.050  0.4160E-01  0.3950E-01  0.3950E-01  0.3950E-01  0.0000E+00  0.0000E+00  0.0000E+00  0.0000E+00  0.0000E+00
     11.141  0.4109E-01  0.3963E-01  0.3963E-01  0.3963E-01  0.0000E+00  0.0000E+00  0.0000E+00  0.0000E+00  0.0000E+00
     11.232  0.3949E-01  0.3958E-01  0.3958E-01  0.3958E-01  0.0000E+00  0.0000E+00  0.0000E+00  0.0000E+00  0.0000E+00
     11.323  0.3803E-01  0.3851E-01  0.3851E-01  0.3851E-01  0.0000E+00  0.0000E+00  0.0000E+00  0.0000E+00  0.0000E+00
     11.414  0.3760E-01  0.3862E-01  0.3862E-01  0.3862E-01  0.0000E+00  0.0000E+00  0.0000E+00  0.0000E+00  0.0000E+00
     11.505  0.3842E-01  0.3966E-01  0.3966E-01  0.3966E-01  0.0000E+00  0.0000E+00  0.0000E+00  0.0000E+00  0.0000E+00
     11.596  0.3627E-01  0.3789E-01  0.3789E-01  0.3789E-01  0.0000E+00  0.0000E+00  0.0000E+00  0.0000E+00  0.0000E+00
     11.687  0.3646E-01  0.3894E-01  0.3894E-01  0.3894E-01  0.0000E+00  0.0000E+00  0.0000E+00  0.0000E+00  0.0000E+00
     11.778  0.3355E-01  0.3785E-01  0.3785E-01  0.3785E-01  0.0000E+00  0.0000E+00  0.0000E+00  0.0000E+00  0.0000E+00
     11.870  0.3105E-01  0.3628E-01  0.3628E-01  0.3628E-01  0.0000E+00  0.0000E+00  0.0000E+00  0.0000E+00  0.0000E+00
     11.961  0.2929E-01  0.3561E-01  0.3561E-01  0.3561E-01  0.0000E+00  0.0000E+00  0.0000E+00  0.0000E+00  0.0000E+00
     12.052  0.2850E-01  0.3575E-01  0.3575E-01  0.3575E-01  0.0000E+00  0.0000E+00  0.0000E+00  0.0000E+00  0.0000E+00
     12.143  0.2718E-01  0.3544E-01  0.3544E-01  0.3544E-01  0.0000E+00  0.0000E+00  0.0000E+00  0.0000E+00  0.0000E+00
     12.234  0.2545E-01  0.3495E-01  0.3495E-01  0.3495E-01  0.0000E+00  0.0000E+00  0.0000E+00  0.0000E+00  0.0000E+00
     12.325  0.2430E-01  0.3514E-01  0.3514E-01  0.3514E-01  0.0000E+00  0.0000E+00  0.0000E+00  0.0000E+00  0.0000E+00
     12.416  0.2292E-01  0.3522E-01  0.3522E-01  0.3522E-01  0.0000E+00  0.0000E+00  0.0000E+00  0.0000E+00  0.0000E+00
     12.507  0.2029E-01  0.3120E-01  0.3120E-01  0.3120E-01  0.0000E+00  0.0000E+00  0.0000E+00  0.0000E+00  0.0000E+00
     12.598  0.1992E-01  0.3117E-01  0.3117E-01  0.3117E-01  0.0000E+00  0.0000E+00  0.0000E+00  0.0000E+00  0.0000E+00
     12.689  0.1933E-01  0.3122E-01  0.3122E-01  0.3122E-01  0.0000E+00  0.0000E+00  0.0000E+00  0.0000E+00  0.0000E+00
     12.780  0.2041E-01  0.3340E-01  0.3340E-01  0.3340E-01  0.0000E+00  0.0000E+00  0.0000E+00  0.0000E+00  0.0000E+00
     12.871  0.2138E-01  0.3517E-01  0.3517E-01  0.3517E-01  0.0000E+00  0.0000E+00  0.0000E+00  0.0000E+00  0.0000E+00
     12.962  0.2153E-01  0.3608E-01  0.3608E-01  0.3608E-01  0.0000E+00  0.0000E+00  0.0000E+00  0.0000E+00  0.0000E+00
     13.054  0.1867E-01  0.3276E-01  0.3276E-01  0.3276E-01  0.0000E+00  0.0000E+00  0.0000E+00  0.0000E+00  0.0000E+00
     13.145  0.1530E-01  0.2878E-01  0.2878E-01  0.2878E-01  0.0000E+00  0.0000E+00  0.0000E+00  0.0000E+00  0.0000E+00
     13.236  0.1349E-01  0.2709E-01  0.2709E-01  0.2709E-01  0.0000E+00  0.0000E+00  0.0000E+00  0.0000E+00  0.0000E+00
     13.327  0.1250E-01  0.2608E-01  0.2608E-01  0.2608E-01  0.0000E+00  0.0000E+00  0.0000E+00  0.0000E+00  0.0000E+00
     13.418  0.1117E-01  0.2431E-01  0.2431E-01  0.2431E-01  0.0000E+00  0.0000E+00  0.0000E+00  0.0000E+00  0.0000E+00
     13.509  0.1024E-01  0.2313E-01  0.2313E-01  0.2313E-01  0.0000E+00  0.0000E+00  0.0000E+00  0.0000E+00  0.0000E+00
     13.600  0.9636E-02  0.2249E-01  0.2249E-01  0.2249E-01  0.0000E+00  0.0000E+00  0.0000E+00  0.0000E+00  0.0000E+00
     13.691  0.8990E-02  0.2179E-01  0.2179E-01  0.2179E-01  0.0000E+00  0.0000E+00  0.0000E+00  0.0000E+00  0.0000E+00
     13.782  0.7943E-02  0.2066E-01  0.2066E-01  0.2066E-01  0.0000E+00  0.0000E+00  0.0000E+00  0.0000E+00  0.0000E+00
     13.873  0.7632E-02  0.2072E-01  0.2072E-01  0.2072E-01  0.0000E+00  0.0000E+00  0.0000E+00  0.0000E+00  0.0000E+00
     13.964  0.6784E-02  0.2002E-01  0.2002E-01  0.2002E-01  0.0000E+00  0.0000E+00  0.0000E+00  0.0000E+00  0.0000E+00
     14.055  0.5987E-02  0.2037E-01  0.2037E-01  0.2037E-01  0.0000E+00  0.0000E+00  0.0000E+00  0.0000E+00  0.0000E+00
     14.146  0.5542E-02  0.2056E-01  0.2056E-01  0.2056E-01  0.0000E+00  0.0000E+00  0.0000E+00  0.0000E+00  0.0000E+00
     14.238  0.4905E-02  0.1835E-01  0.1835E-01  0.1835E-01  0.0000E+00  0.0000E+00  0.0000E+00  0.0000E+00  0.0000E+00
     14.329  0.4313E-02  0.1733E-01  0.1733E-01  0.1733E-01  0.0000E+00  0.0000E+00  0.0000E+00  0.0000E+00  0.0000E+00
     14.420  0.3615E-02  0.1225E-01  0.1225E-01  0.1225E-01  0.0000E+00  0.0000E+00  0.0000E+00  0.0000E+00  0.0000E+00
     14.511  0.3246E-02  0.1063E-01  0.1063E-01  0.1063E-01  0.0000E+00  0.0000E+00  0.0000E+00  0.0000E+00  0.0000E+00
     14.602  0.3047E-02  0.1022E-01  0.1022E-01  0.1022E-01  0.0000E+00  0.0000E+00  0.0000E+00  0.0000E+00  0.0000E+00
     14.693  0.2640E-02  0.9664E-02  0.9664E-02  0.9664E-02  0.0000E+00  0.0000E+00  0.0000E+00  0.0000E+00  0.0000E+00
     14.784  0.2580E-02  0.1021E-01  0.1021E-01  0.1021E-01  0.0000E+00  0.0000E+00  0.0000E+00  0.0000E+00  0.0000E+00
     14.875  0.2017E-02  0.8674E-02  0.8674E-02  0.8674E-02  0.0000E+00  0.0000E+00  0.0000E+00  0.0000E+00  0.0000E+00
     14.966  0.1716E-02  0.7638E-02  0.7638E-02  0.7638E-02  0.0000E+00  0.0000E+00  0.0000E+00  0.0000E+00  0.0000E+00
     15.057  0.1516E-02  0.6973E-02  0.6973E-02  0.6973E-02  0.0000E+00  0.0000E+00  0.0000E+00  0.0000E+00  0.0000E+00
     15.148  0.1371E-02  0.6525E-02  0.6525E-02  0.6525E-02  0.0000E+00  0.0000E+00  0.0000E+00  0.0000E+00  0.0000E+00
     15.239  0.1266E-02  0.6258E-02  0.6258E-02  0.6258E-02  0.0000E+00  0.0000E+00  0.0000E+00  0.0000E+00  0.0000E+00
     15.330  0.1174E-02  0.6038E-02  0.6038E-02  0.6038E-02  0.0000E+00  0.0000E+00  0.0000E+00  0.0000E+00  0.0000E+00
     15.422  0.1030E-02  0.5674E-02  0.5674E-02  0.5674E-02  0.0000E+00  0.0000E+00  0.0000E+00  0.0000E+00  0.0000E+00
     15.513  0.8617E-03  0.5365E-02  0.5365E-02  0.5365E-02  0.0000E+00  0.0000E+00  0.0000E+00  0.0000E+00  0.0000E+00
     15.604  0.5953E-03  0.4643E-02  0.4643E-02  0.4643E-02  0.0000E+00  0.0000E+00  0.0000E+00  0.0000E+00  0.0000E+00
     15.695  0.4657E-03  0.3900E-02  0.3900E-02  0.3900E-02  0.0000E+00  0.0000E+00  0.0000E+00  0.0000E+00  0.0000E+00
     15.786  0.3835E-03  0.3330E-02  0.3330E-02  0.3330E-02  0.0000E+00  0.0000E+00  0.0000E+00  0.0000E+00  0.0000E+00
     15.877  0.3107E-03  0.2865E-02  0.2865E-02  0.2865E-02  0.0000E+00  0.0000E+00  0.0000E+00  0.0000E+00  0.0000E+00
     15.968  0.2541E-03  0.2566E-02  0.2566E-02  0.2566E-02  0.0000E+00  0.0000E+00  0.0000E+00  0.0000E+00  0.0000E+00
     16.059  0.2051E-03  0.2461E-02  0.2461E-02  0.2461E-02  0.0000E+00  0.0000E+00  0.0000E+00  0.0000E+00  0.0000E+00
     16.150  0.1652E-03  0.2492E-02  0.2492E-02  0.2492E-02  0.0000E+00  0.0000E+00  0.0000E+00  0.0000E+00  0.0000E+00
     16.241  0.1079E-03  0.2135E-02  0.2135E-02  0.2135E-02  0.0000E+00  0.0000E+00  0.0000E+00  0.0000E+00  0.0000E+00
     16.332  0.1841E-04  0.6323E-03  0.6323E-03  0.6323E-03  0.0000E+00  0.0000E+00  0.0000E+00  0.0000E+00  0.0000E+00
     16.423  0.4787E-05  0.1644E-03  0.1644E-03  0.1644E-03  0.0000E+00  0.0000E+00  0.0000E+00  0.0000E+00  0.0000E+00
     16.514  0.7264E-08  0.2495E-06  0.2495E-06  0.2495E-06  0.0000E+00  0.0000E+00  0.0000E+00  0.0000E+00  0.0000E+00
     16.606  0.0000E+00  0.0000E+00  0.0000E+00  0.0000E+00  0.0000E+00  0.0000E+00  0.0000E+00  0.0000E+00  0.0000E+00
     16.697  0.0000E+00  0.0000E+00  0.0000E+00  0.0000E+00  0.0000E+00  0.0000E+00  0.0000E+00  0.0000E+00  0.0000E+00
     16.788  0.0000E+00  0.0000E+00  0.0000E+00  0.0000E+00  0.0000E+00  0.0000E+00  0.0000E+00  0.0000E+00  0.0000E+00
     16.879  0.0000E+00  0.0000E+00  0.0000E+00  0.0000E+00  0.0000E+00  0.0000E+00  0.0000E+00  0.0000E+00  0.0000E+00
     16.970  0.0000E+00  0.0000E+00  0.0000E+00  0.0000E+00  0.0000E+00  0.0000E+00  0.0000E+00  0.0000E+00  0.0000E+00
     17.061  0.0000E+00  0.0000E+00  0.0000E+00  0.0000E+00  0.0000E+00  0.0000E+00  0.0000E+00  0.0000E+00  0.0000E+00
     17.152  0.0000E+00  0.0000E+00  0.0000E+00  0.0000E+00  0.0000E+00  0.0000E+00  0.0000E+00  0.0000E+00  0.0000E+00
     17.243  0.0000E+00  0.0000E+00  0.0000E+00  0.0000E+00  0.0000E+00  0.0000E+00  0.0000E+00  0.0000E+00  0.0000E+00
     17.334  0.0000E+00  0.0000E+00  0.0000E+00  0.0000E+00  0.0000E+00  0.0000E+00  0.0000E+00  0.0000E+00  0.0000E+00
     17.425  0.0000E+00  0.0000E+00  0.0000E+00  0.0000E+00  0.0000E+00  0.0000E+00  0.0000E+00  0.0000E+00  0.0000E+00
     17.516  0.0000E+00  0.0000E+00  0.0000E+00  0.0000E+00  0.0000E+00  0.0000E+00  0.0000E+00  0.0000E+00  0.0000E+00
     17.607  0.0000E+00  0.0000E+00  0.0000E+00  0.0000E+00  0.0000E+00  0.0000E+00  0.0000E+00  0.0000E+00  0.0000E+00
     17.698  0.0000E+00  0.0000E+00  0.0000E+00  0.0000E+00  0.0000E+00  0.0000E+00  0.0000E+00  0.0000E+00  0.0000E+00
     17.790  0.0000E+00  0.0000E+00  0.0000E+00  0.0000E+00  0.0000E+00  0.0000E+00  0.0000E+00  0.0000E+00  0.0000E+00
     17.881  0.0000E+00  0.0000E+00  0.0000E+00  0.0000E+00  0.0000E+00  0.0000E+00  0.0000E+00  0.0000E+00  0.0000E+00
     17.972  0.0000E+00  0.0000E+00  0.0000E+00  0.0000E+00  0.0000E+00  0.0000E+00  0.0000E+00  0.0000E+00  0.0000E+00
     18.063  0.0000E+00  0.0000E+00  0.0000E+00  0.0000E+00  0.0000E+00  0.0000E+00  0.0000E+00  0.0000E+00  0.0000E+00
     18.154  0.0000E+00  0.0000E+00  0.0000E+00  0.0000E+00  0.0000E+00  0.0000E+00  0.0000E+00  0.0000E+00  0.0000E+00
     18.245  0.0000E+00  0.0000E+00  0.0000E+00  0.0000E+00  0.0000E+00  0.0000E+00  0.0000E+00  0.0000E+00  0.0000E+00
     18.336  0.0000E+00  0.0000E+00  0.0000E+00  0.0000E+00  0.0000E+00  0.0000E+00  0.0000E+00  0.0000E+00  0.0000E+00
     18.427  0.0000E+00  0.0000E+00  0.0000E+00  0.0000E+00  0.0000E+00  0.0000E+00  0.0000E+00  0.0000E+00  0.0000E+00
     18.518  0.0000E+00  0.0000E+00  0.0000E+00  0.0000E+00  0.0000E+00  0.0000E+00  0.0000E+00  0.0000E+00  0.0000E+00
