   2   2   1   0
  0.1687571E+02  0.3627458E-09  0.3627458E-09  0.3627458E-09  0.5000000E-15
  1.000000000000000E-004
  CAR 
 Si                                      
     21.71547289     -8.21845413  301      8.04528488      1.00000000
     -8.218  0.0000E+00  0.0000E+00
     -8.119  0.0000E+00  0.0000E+00
     -8.019  0.0000E+00  0.0000E+00
     -7.919  0.0000E+00  0.0000E+00
     -7.819  0.0000E+00  0.0000E+00
     -7.720  0.0000E+00  0.0000E+00
     -7.620  0.0000E+00  0.0000E+00
     -7.520  0.0000E+00  0.0000E+00
     -7.420  0.0000E+00  0.0000E+00
     -7.320  0.0000E+00  0.0000E+00
     -7.221  0.0000E+00  0.0000E+00
     -7.121  0.0000E+00  0.0000E+00
     -7.021  0.0000E+00  0.0000E+00
     -6.921  0.0000E+00  0.0000E+00
     -6.822  0.0000E+00  0.0000E+00
     -6.722  0.0000E+00  0.0000E+00
     -6.622  0.0000E+00  0.0000E+00
     -6.522  0.0000E+00  0.0000E+00
     -6.422  0.0000E+00  0.0000E+00
     -6.323  0.0000E+00  0.0000E+00
     -6.223  0.0000E+00  0.0000E+00
     -6.123  0.1034E+00  0.4490E-02
     -6.023  0.1110E+00  0.1399E-01
     -5.924  0.1426E+00  0.2660E-01
     -5.824  0.1625E+00  0.4168E-01
     -5.724  0.1827E+00  0.5886E-01
     -5.624  0.2008E+00  0.7806E-01
     -5.524  0.2193E+00  0.9900E-01
     -5.425  0.2348E+00  0.1217E+00
     -5.325  0.2512E+00  0.1459E+00
     -5.225  0.2658E+00  0.1717E+00
     -5.125  0.2804E+00  0.1990E+00
     -5.026  0.2953E+00  0.2277E+00
     -4.926  0.3087E+00  0.2578E+00
     -4.826  0.3232E+00  0.2894E+00
     -4.726  0.3368E+00  0.3223E+00
     -4.626  0.3504E+00  0.3566E+00
     -4.527  0.3648E+00  0.3923E+00
     -4.427  0.3785E+00  0.4294E+00
     -4.327  0.3927E+00  0.4678E+00
     -4.227  0.4079E+00  0.5078E+00
     -4.127  0.4229E+00  0.5492E+00
     -4.028  0.4388E+00  0.5922E+00
     -3.928  0.4561E+00  0.6368E+00
     -3.828  0.4746E+00  0.6833E+00
     -3.728  0.4949E+00  0.7316E+00
     -3.629  0.5184E+00  0.7821E+00
     -3.529  0.5468E+00  0.8352E+00
     -3.429  0.5836E+00  0.8915E+00
     -3.329  0.6454E+00  0.9525E+00
     -3.229  0.7245E+00  0.1023E+01
     -3.130  0.7041E+00  0.1093E+01
     -3.030  0.6707E+00  0.1161E+01
     -2.930  0.6479E+00  0.1227E+01
     -2.830  0.6293E+00  0.1291E+01
     -2.731  0.6024E+00  0.1352E+01
     -2.631  0.5821E+00  0.1411E+01
     -2.531  0.5572E+00  0.1468E+01
     -2.431  0.5386E+00  0.1523E+01
     -2.331  0.5117E+00  0.1575E+01
     -2.232  0.4911E+00  0.1625E+01
     -2.132  0.4657E+00  0.1673E+01
     -2.032  0.4436E+00  0.1718E+01
     -1.932  0.4199E+00  0.1761E+01
     -1.833  0.3932E+00  0.1802E+01
     -1.733  0.3695E+00  0.1840E+01
     -1.633  0.3411E+00  0.1875E+01
     -1.533  0.3171E+00  0.1908E+01
     -1.433  0.3036E+00  0.1939E+01
     -1.334  0.2758E+00  0.1967E+01
     -1.234  0.1414E+00  0.1987E+01
     -1.134  0.7615E-01  0.1997E+01
     -1.034  0.2378E-01  0.2001E+01
     -0.935  0.6729E-01  0.2005E+01
     -0.835  0.1254E+00  0.2015E+01
     -0.735  0.1935E+00  0.2031E+01
     -0.635  0.2437E+00  0.2054E+01
     -0.535  0.3679E+00  0.2082E+01
     -0.436  0.5657E+00  0.2129E+01
     -0.336  0.7287E+00  0.2192E+01
     -0.236  0.9163E+00  0.2274E+01
     -0.136  0.1524E+01  0.2386E+01
     -0.037  0.1128E+01  0.2528E+01
      0.063  0.8685E+00  0.2624E+01
      0.163  0.7604E+00  0.2705E+01
      0.263  0.6811E+00  0.2777E+01
      0.363  0.6228E+00  0.2842E+01
      0.462  0.5798E+00  0.2902E+01
      0.562  0.5400E+00  0.2957E+01
      0.662  0.5041E+00  0.3009E+01
      0.762  0.4784E+00  0.3058E+01
      0.862  0.4519E+00  0.3105E+01
      0.961  0.4235E+00  0.3148E+01
      1.061  0.4057E+00  0.3190E+01
      1.161  0.3874E+00  0.3229E+01
      1.261  0.3669E+00  0.3267E+01
      1.360  0.3478E+00  0.3303E+01
      1.460  0.3345E+00  0.3337E+01
      1.560  0.3207E+00  0.3369E+01
      1.660  0.3044E+00  0.3401E+01
      1.760  0.2891E+00  0.3430E+01
      1.859  0.2791E+00  0.3458E+01
      1.959  0.2679E+00  0.3486E+01
      2.059  0.2553E+00  0.3512E+01
      2.159  0.3779E+00  0.3539E+01
      2.258  0.5588E+00  0.3587E+01
      2.358  0.6913E+00  0.3649E+01
      2.458  0.8835E+00  0.3726E+01
      2.558  0.9590E+00  0.3823E+01
      2.658  0.9375E+00  0.3919E+01
      2.757  0.8691E+00  0.4008E+01
      2.857  0.8560E+00  0.4093E+01
      2.957  0.8144E+00  0.4176E+01
      3.057  0.8380E+00  0.4259E+01
      3.156  0.8471E+00  0.4343E+01
      3.256  0.8543E+00  0.4428E+01
      3.356  0.8670E+00  0.4514E+01
      3.456  0.8886E+00  0.4602E+01
      3.556  0.9073E+00  0.4691E+01
      3.655  0.9308E+00  0.4783E+01
      3.755  0.9719E+00  0.4877E+01
      3.855  0.1024E+01  0.4976E+01
      3.955  0.1046E+01  0.5078E+01
      4.054  0.1154E+01  0.5188E+01
      4.154  0.1288E+01  0.5311E+01
      4.254  0.1254E+01  0.5437E+01
      4.354  0.1230E+01  0.5560E+01
      4.454  0.1215E+01  0.5683E+01
      4.553  0.1186E+01  0.5802E+01
      4.653  0.1168E+01  0.5919E+01
      4.753  0.1150E+01  0.6035E+01
      4.853  0.1130E+01  0.6149E+01
      4.952  0.1115E+01  0.6261E+01
      5.052  0.1085E+01  0.6371E+01
      5.152  0.1073E+01  0.6478E+01
      5.252  0.1057E+01  0.6585E+01
      5.352  0.1039E+01  0.6689E+01
      5.451  0.1020E+01  0.6792E+01
      5.551  0.1007E+01  0.6893E+01
      5.651  0.9883E+00  0.6993E+01
      5.751  0.9720E+00  0.7090E+01
      5.850  0.9541E+00  0.7187E+01
      5.950  0.9409E+00  0.7281E+01
      6.050  0.9275E+00  0.7374E+01
      6.150  0.9068E+00  0.7466E+01
      6.250  0.7134E+00  0.7546E+01
      6.349  0.6166E+00  0.7612E+01
      6.449  0.5473E+00  0.7670E+01
      6.549  0.4893E+00  0.7722E+01
      6.649  0.4337E+00  0.7768E+01
      6.749  0.3896E+00  0.7809E+01
      6.848  0.3480E+00  0.7845E+01
      6.948  0.3085E+00  0.7878E+01
      7.048  0.2724E+00  0.7907E+01
      7.148  0.2390E+00  0.7933E+01
      7.247  0.1999E+00  0.7955E+01
      7.347  0.1630E+00  0.7973E+01
      7.447  0.1309E+00  0.7988E+01
      7.547  0.6883E-01  0.7998E+01
      7.647  0.0000E+00  0.8000E+01
      7.746  0.0000E+00  0.8000E+01
      7.846  0.0000E+00  0.8000E+01
      7.946  0.0000E+00  0.8000E+01
      8.046  0.7325E-05  0.8000E+01
      8.145  0.9022E-01  0.8004E+01
      8.245  0.1578E+00  0.8016E+01
      8.345  0.2264E+00  0.8036E+01
      8.445  0.2670E+00  0.8060E+01
      8.545  0.3063E+00  0.8089E+01
      8.644  0.3490E+00  0.8122E+01
      8.744  0.3953E+00  0.8159E+01
      8.844  0.4256E+00  0.8200E+01
      8.944  0.4576E+00  0.8244E+01
      9.043  0.4916E+00  0.8291E+01
      9.143  0.5257E+00  0.8342E+01
      9.243  0.5618E+00  0.8396E+01
      9.343  0.5986E+00  0.8454E+01
      9.443  0.6400E+00  0.8516E+01
      9.542  0.6689E+00  0.8581E+01
      9.642  0.7034E+00  0.8650E+01
      9.742  0.7407E+00  0.8722E+01
      9.842  0.7813E+00  0.8798E+01
      9.941  0.8231E+00  0.8878E+01
     10.041  0.8680E+00  0.8962E+01
     10.141  0.9204E+00  0.9051E+01
     10.241  0.1023E+01  0.9147E+01
     10.341  0.1169E+01  0.9257E+01
     10.440  0.1377E+01  0.9383E+01
     10.540  0.1572E+01  0.9532E+01
     10.640  0.1507E+01  0.9682E+01
     10.740  0.1521E+01  0.9833E+01
     10.839  0.1176E+01  0.9970E+01
     10.939  0.1096E+01  0.1008E+02
     11.039  0.1375E+01  0.1020E+02
     11.139  0.1398E+01  0.1034E+02
     11.239  0.1494E+01  0.1048E+02
     11.338  0.1619E+01  0.1064E+02
     11.438  0.1333E+01  0.1078E+02
     11.538  0.1516E+01  0.1092E+02
     11.638  0.1540E+01  0.1107E+02
     11.737  0.1498E+01  0.1122E+02
     11.837  0.1449E+01  0.1137E+02
     11.937  0.1340E+01  0.1151E+02
     12.037  0.1292E+01  0.1164E+02
     12.137  0.1216E+01  0.1176E+02
     12.236  0.1159E+01  0.1188E+02
     12.336  0.1071E+01  0.1199E+02
     12.436  0.8971E+00  0.1209E+02
     12.536  0.8630E+00  0.1218E+02
     12.636  0.9094E+00  0.1226E+02
     12.735  0.9044E+00  0.1235E+02
     12.835  0.9447E+00  0.1245E+02
     12.935  0.9803E+00  0.1255E+02
     13.035  0.9848E+00  0.1264E+02
     13.134  0.1001E+01  0.1274E+02
     13.234  0.9930E+00  0.1284E+02
     13.334  0.1026E+01  0.1294E+02
     13.434  0.9853E+00  0.1304E+02
     13.534  0.9791E+00  0.1314E+02
     13.633  0.1031E+01  0.1324E+02
     13.733  0.1039E+01  0.1334E+02
     13.833  0.1051E+01  0.1345E+02
     13.933  0.1022E+01  0.1355E+02
     14.032  0.1015E+01  0.1365E+02
     14.132  0.1002E+01  0.1375E+02
     14.232  0.1001E+01  0.1385E+02
     14.332  0.1014E+01  0.1395E+02
     14.432  0.9557E+00  0.1405E+02
     14.531  0.9338E+00  0.1415E+02
     14.631  0.9169E+00  0.1424E+02
     14.731  0.7820E+00  0.1432E+02
     14.831  0.7327E+00  0.1440E+02
     14.930  0.7070E+00  0.1447E+02
     15.030  0.7176E+00  0.1454E+02
     15.130  0.7272E+00  0.1461E+02
     15.230  0.7253E+00  0.1469E+02
     15.330  0.7383E+00  0.1476E+02
     15.429  0.7768E+00  0.1483E+02
     15.529  0.8093E+00  0.1492E+02
     15.629  0.8175E+00  0.1500E+02
     15.729  0.8081E+00  0.1508E+02
     15.828  0.6689E+00  0.1515E+02
     15.928  0.6088E+00  0.1521E+02
     16.028  0.5624E+00  0.1527E+02
     16.128  0.5342E+00  0.1533E+02
     16.228  0.5175E+00  0.1538E+02
     16.327  0.5859E+00  0.1543E+02
     16.427  0.6241E+00  0.1550E+02
     16.527  0.5092E+00  0.1555E+02
     16.627  0.4435E+00  0.1560E+02
     16.726  0.4164E+00  0.1564E+02
     16.826  0.3986E+00  0.1568E+02
     16.926  0.2997E+00  0.1571E+02
     17.026  0.2498E+00  0.1574E+02
     17.126  0.2218E+00  0.1577E+02
     17.225  0.2080E+00  0.1579E+02
     17.325  0.2048E+00  0.1581E+02
     17.425  0.1847E+00  0.1583E+02
     17.525  0.1667E+00  0.1584E+02
     17.625  0.1536E+00  0.1586E+02
     17.724  0.1451E+00  0.1588E+02
     17.824  0.1350E+00  0.1589E+02
     17.924  0.1232E+00  0.1590E+02
     18.024  0.1130E+00  0.1591E+02
     18.123  0.1043E+00  0.1592E+02
     18.223  0.9922E-01  0.1593E+02
     18.323  0.9015E-01  0.1594E+02
     18.423  0.7950E-01  0.1595E+02
     18.523  0.7016E-01  0.1596E+02
     18.622  0.6319E-01  0.1597E+02
     18.722  0.5784E-01  0.1597E+02
     18.822  0.6016E-01  0.1598E+02
     18.922  0.4738E-01  0.1598E+02
     19.021  0.3512E-01  0.1599E+02
     19.121  0.2745E-01  0.1599E+02
     19.221  0.2175E-01  0.1599E+02
     19.321  0.1701E-01  0.1600E+02
     19.421  0.1304E-01  0.1600E+02
     19.520  0.1022E-01  0.1600E+02
     19.620  0.9960E-02  0.1600E+02
     19.720  0.0000E+00  0.1600E+02
     19.820  0.0000E+00  0.1600E+02
     19.919  0.0000E+00  0.1600E+02
     20.019  0.0000E+00  0.1600E+02
     20.119  0.0000E+00  0.1600E+02
     20.219  0.0000E+00  0.1600E+02
     20.319  0.0000E+00  0.1600E+02
     20.418  0.0000E+00  0.1600E+02
     20.518  0.0000E+00  0.1600E+02
     20.618  0.0000E+00  0.1600E+02
     20.718  0.0000E+00  0.1600E+02
     20.817  0.0000E+00  0.1600E+02
     20.917  0.0000E+00  0.1600E+02
     21.017  0.0000E+00  0.1600E+02
     21.117  0.0000E+00  0.1600E+02
     21.217  0.0000E+00  0.1600E+02
     21.316  0.0000E+00  0.1600E+02
     21.416  0.0000E+00  0.1600E+02
     21.516  0.0000E+00  0.1600E+02
     21.616  0.0000E+00  0.1600E+02
     21.715  0.0000E+00  0.1600E+02
     21.71547289     -8.21845413  301      8.04528488      1.00000000
     -8.218  0.0000E+00  0.0000E+00  0.0000E+00  0.0000E+00  0.0000E+00  0.0000E+00  0.0000E+00  0.0000E+00  0.0000E+00
     -8.119  0.0000E+00  0.0000E+00  0.0000E+00  0.0000E+00  0.0000E+00  0.0000E+00  0.0000E+00  0.0000E+00  0.0000E+00
     -8.019  0.0000E+00  0.0000E+00  0.0000E+00  0.0000E+00  0.0000E+00  0.0000E+00  0.0000E+00  0.0000E+00  0.0000E+00
     -7.919  0.0000E+00  0.0000E+00  0.0000E+00  0.0000E+00  0.0000E+00  0.0000E+00  0.0000E+00  0.0000E+00  0.0000E+00
     -7.819  0.0000E+00  0.0000E+00  0.0000E+00  0.0000E+00  0.0000E+00  0.0000E+00  0.0000E+00  0.0000E+00  0.0000E+00
     -7.720  0.0000E+00  0.0000E+00  0.0000E+00  0.0000E+00  0.0000E+00  0.0000E+00  0.0000E+00  0.0000E+00  0.0000E+00
     -7.620  0.0000E+00  0.0000E+00  0.0000E+00  0.0000E+00  0.0000E+00  0.0000E+00  0.0000E+00  0.0000E+00  0.0000E+00
     -7.520  0.0000E+00  0.0000E+00  0.0000E+00  0.0000E+00  0.0000E+00  0.0000E+00  0.0000E+00  0.0000E+00  0.0000E+00
     -7.420  0.0000E+00  0.0000E+00  0.0000E+00  0.0000E+00  0.0000E+00  0.0000E+00  0.0000E+00  0.0000E+00  0.0000E+00
     -7.320  0.0000E+00  0.0000E+00  0.0000E+00  0.0000E+00  0.0000E+00  0.0000E+00  0.0000E+00  0.0000E+00  0.0000E+00
     -7.221  0.0000E+00  0.0000E+00  0.0000E+00  0.0000E+00  0.0000E+00  0.0000E+00  0.0000E+00  0.0000E+00  0.0000E+00
     -7.121  0.0000E+00  0.0000E+00  0.0000E+00  0.0000E+00  0.0000E+00  0.0000E+00  0.0000E+00  0.0000E+00  0.0000E+00
     -7.021  0.0000E+00  0.0000E+00  0.0000E+00  0.0000E+00  0.0000E+00  0.0000E+00  0.0000E+00  0.0000E+00  0.0000E+00
     -6.921  0.0000E+00  0.0000E+00  0.0000E+00  0.0000E+00  0.0000E+00  0.0000E+00  0.0000E+00  0.0000E+00  0.0000E+00
     -6.822  0.0000E+00  0.0000E+00  0.0000E+00  0.0000E+00  0.0000E+00  0.0000E+00  0.0000E+00  0.0000E+00  0.0000E+00
     -6.722  0.0000E+00  0.0000E+00  0.0000E+00  0.0000E+00  0.0000E+00  0.0000E+00  0.0000E+00  0.0000E+00  0.0000E+00
     -6.622  0.0000E+00  0.0000E+00  0.0000E+00  0.0000E+00  0.0000E+00  0.0000E+00  0.0000E+00  0.0000E+00  0.0000E+00
     -6.522  0.0000E+00  0.0000E+00  0.0000E+00  0.0000E+00  0.0000E+00  0.0000E+00  0.0000E+00  0.0000E+00  0.0000E+00
     -6.422  0.0000E+00  0.0000E+00  0.0000E+00  0.0000E+00  0.0000E+00  0.0000E+00  0.0000E+00  0.0000E+00  0.0000E+00
     -6.323  0.0000E+00  0.0000E+00  0.0000E+00  0.0000E+00  0.0000E+00  0.0000E+00  0.0000E+00  0.0000E+00  0.0000E+00
     -6.223  0.0000E+00  0.0000E+00  0.0000E+00  0.0000E+00  0.0000E+00  0.0000E+00  0.0000E+00  0.0000E+00  0.0000E+00
     -6.123  0.2374E-01  0.3738E-04  0.3738E-04  0.3738E-04  0.0000E+00  0.0000E+00  0.0000E+00  0.0000E+00  0.0000E+00
     -6.023  0.2539E-01  0.9230E-04  0.9230E-04  0.9230E-04  0.0000E+00  0.0000E+00  0.0000E+00  0.0000E+00  0.0000E+00
     -5.924  0.3252E-01  0.1750E-03  0.1750E-03  0.1750E-03  0.0000E+00  0.0000E+00  0.0000E+00  0.0000E+00  0.0000E+00
     -5.824  0.3694E-01  0.2629E-03  0.2629E-03  0.2629E-03  0.0000E+00  0.0000E+00  0.0000E+00  0.0000E+00  0.0000E+00
     -5.724  0.4140E-01  0.3683E-03  0.3683E-03  0.3683E-03  0.0000E+00  0.0000E+00  0.0000E+00  0.0000E+00  0.0000E+00
     -5.624  0.4538E-01  0.4868E-03  0.4868E-03  0.4868E-03  0.0000E+00  0.0000E+00  0.0000E+00  0.0000E+00  0.0000E+00
     -5.524  0.4941E-01  0.6106E-03  0.6106E-03  0.6106E-03  0.0000E+00  0.0000E+00  0.0000E+00  0.0000E+00  0.0000E+00
     -5.425  0.5275E-01  0.7500E-03  0.7500E-03  0.7500E-03  0.0000E+00  0.0000E+00  0.0000E+00  0.0000E+00  0.0000E+00
     -5.325  0.5628E-01  0.8923E-03  0.8923E-03  0.8923E-03  0.0000E+00  0.0000E+00  0.0000E+00  0.0000E+00  0.0000E+00
     -5.225  0.5939E-01  0.1048E-02  0.1048E-02  0.1048E-02  0.0000E+00  0.0000E+00  0.0000E+00  0.0000E+00  0.0000E+00
     -5.125  0.6252E-01  0.1209E-02  0.1209E-02  0.1209E-02  0.0000E+00  0.0000E+00  0.0000E+00  0.0000E+00  0.0000E+00
     -5.026  0.6567E-01  0.1376E-02  0.1376E-02  0.1376E-02  0.0000E+00  0.0000E+00  0.0000E+00  0.0000E+00  0.0000E+00
     -4.926  0.6850E-01  0.1556E-02  0.1556E-02  0.1556E-02  0.0000E+00  0.0000E+00  0.0000E+00  0.0000E+00  0.0000E+00
     -4.826  0.7157E-01  0.1736E-02  0.1736E-02  0.1736E-02  0.0000E+00  0.0000E+00  0.0000E+00  0.0000E+00  0.0000E+00
     -4.726  0.7442E-01  0.1929E-02  0.1929E-02  0.1929E-02  0.0000E+00  0.0000E+00  0.0000E+00  0.0000E+00  0.0000E+00
     -4.626  0.7729E-01  0.2129E-02  0.2129E-02  0.2129E-02  0.0000E+00  0.0000E+00  0.0000E+00  0.0000E+00  0.0000E+00
     -4.527  0.8036E-01  0.2329E-02  0.2329E-02  0.2329E-02  0.0000E+00  0.0000E+00  0.0000E+00  0.0000E+00  0.0000E+00
     -4.427  0.8325E-01  0.2546E-02  0.2546E-02  0.2546E-02  0.0000E+00  0.0000E+00  0.0000E+00  0.0000E+00  0.0000E+00
     -4.327  0.8628E-01  0.2767E-02  0.2767E-02  0.2767E-02  0.0000E+00  0.0000E+00  0.0000E+00  0.0000E+00  0.0000E+00
     -4.227  0.8953E-01  0.2990E-02  0.2990E-02  0.2990E-02  0.0000E+00  0.0000E+00  0.0000E+00  0.0000E+00  0.0000E+00
     -4.127  0.9276E-01  0.3231E-02  0.3231E-02  0.3231E-02  0.0000E+00  0.0000E+00  0.0000E+00  0.0000E+00  0.0000E+00
     -4.028  0.9623E-01  0.3481E-02  0.3481E-02  0.3481E-02  0.0000E+00  0.0000E+00  0.0000E+00  0.0000E+00  0.0000E+00
     -3.928  0.1000E+00  0.3734E-02  0.3734E-02  0.3734E-02  0.0000E+00  0.0000E+00  0.0000E+00  0.0000E+00  0.0000E+00
     -3.828  0.1041E+00  0.4005E-02  0.4005E-02  0.4005E-02  0.0000E+00  0.0000E+00  0.0000E+00  0.0000E+00  0.0000E+00
     -3.728  0.1087E+00  0.4299E-02  0.4299E-02  0.4299E-02  0.0000E+00  0.0000E+00  0.0000E+00  0.0000E+00  0.0000E+00
     -3.629  0.1141E+00  0.4609E-02  0.4609E-02  0.4609E-02  0.0000E+00  0.0000E+00  0.0000E+00  0.0000E+00  0.0000E+00
     -3.529  0.1206E+00  0.4946E-02  0.4946E-02  0.4946E-02  0.0000E+00  0.0000E+00  0.0000E+00  0.0000E+00  0.0000E+00
     -3.429  0.1292E+00  0.5364E-02  0.5364E-02  0.5364E-02  0.0000E+00  0.0000E+00  0.0000E+00  0.0000E+00  0.0000E+00
     -3.329  0.1438E+00  0.5936E-02  0.5936E-02  0.5936E-02  0.0000E+00  0.0000E+00  0.0000E+00  0.0000E+00  0.0000E+00
     -3.229  0.1627E+00  0.6632E-02  0.6632E-02  0.6632E-02  0.0000E+00  0.0000E+00  0.0000E+00  0.0000E+00  0.0000E+00
     -3.130  0.1577E+00  0.6728E-02  0.6728E-02  0.6728E-02  0.0000E+00  0.0000E+00  0.0000E+00  0.0000E+00  0.0000E+00
     -3.030  0.1497E+00  0.6723E-02  0.6723E-02  0.6723E-02  0.0000E+00  0.0000E+00  0.0000E+00  0.0000E+00  0.0000E+00
     -2.930  0.1442E+00  0.6743E-02  0.6743E-02  0.6743E-02  0.0000E+00  0.0000E+00  0.0000E+00  0.0000E+00  0.0000E+00
     -2.830  0.1398E+00  0.6797E-02  0.6797E-02  0.6797E-02  0.0000E+00  0.0000E+00  0.0000E+00  0.0000E+00  0.0000E+00
     -2.731  0.1334E+00  0.6778E-02  0.6778E-02  0.6778E-02  0.0000E+00  0.0000E+00  0.0000E+00  0.0000E+00  0.0000E+00
     -2.631  0.1286E+00  0.6771E-02  0.6771E-02  0.6771E-02  0.0000E+00  0.0000E+00  0.0000E+00  0.0000E+00  0.0000E+00
     -2.531  0.1227E+00  0.6718E-02  0.6718E-02  0.6718E-02  0.0000E+00  0.0000E+00  0.0000E+00  0.0000E+00  0.0000E+00
     -2.431  0.1184E+00  0.6709E-02  0.6709E-02  0.6709E-02  0.0000E+00  0.0000E+00  0.0000E+00  0.0000E+00  0.0000E+00
     -2.331  0.1121E+00  0.6602E-02  0.6602E-02  0.6602E-02  0.0000E+00  0.0000E+00  0.0000E+00  0.0000E+00  0.0000E+00
     -2.232  0.1073E+00  0.6525E-02  0.6525E-02  0.6525E-02  0.0000E+00  0.0000E+00  0.0000E+00  0.0000E+00  0.0000E+00
     -2.132  0.1014E+00  0.6405E-02  0.6405E-02  0.6405E-02  0.0000E+00  0.0000E+00  0.0000E+00  0.0000E+00  0.0000E+00
     -2.032  0.9632E-01  0.6279E-02  0.6279E-02  0.6279E-02  0.0000E+00  0.0000E+00  0.0000E+00  0.0000E+00  0.0000E+00
     -1.932  0.9087E-01  0.6119E-02  0.6119E-02  0.6119E-02  0.0000E+00  0.0000E+00  0.0000E+00  0.0000E+00  0.0000E+00
     -1.833  0.8476E-01  0.5922E-02  0.5922E-02  0.5922E-02  0.0000E+00  0.0000E+00  0.0000E+00  0.0000E+00  0.0000E+00
     -1.733  0.7936E-01  0.5718E-02  0.5718E-02  0.5718E-02  0.0000E+00  0.0000E+00  0.0000E+00  0.0000E+00  0.0000E+00
     -1.633  0.7289E-01  0.5454E-02  0.5454E-02  0.5454E-02  0.0000E+00  0.0000E+00  0.0000E+00  0.0000E+00  0.0000E+00
     -1.533  0.6741E-01  0.5228E-02  0.5228E-02  0.5228E-02  0.0000E+00  0.0000E+00  0.0000E+00  0.0000E+00  0.0000E+00
     -1.433  0.6398E-01  0.5187E-02  0.5187E-02  0.5187E-02  0.0000E+00  0.0000E+00  0.0000E+00  0.0000E+00  0.0000E+00
     -1.334  0.5759E-01  0.4888E-02  0.4888E-02  0.4888E-02  0.0000E+00  0.0000E+00  0.0000E+00  0.0000E+00  0.0000E+00
     -1.234  0.2942E-01  0.2549E-02  0.2549E-02  0.2549E-02  0.0000E+00  0.0000E+00  0.0000E+00  0.0000E+00  0.0000E+00
     -1.134  0.1610E-01  0.1362E-02  0.1362E-02  0.1362E-02  0.0000E+00  0.0000E+00  0.0000E+00  0.0000E+00  0.0000E+00
     -1.034  0.4619E-02  0.5032E-03  0.5032E-03  0.5032E-03  0.0000E+00  0.0000E+00  0.0000E+00  0.0000E+00  0.0000E+00
     -0.935  0.1305E-01  0.1440E-02  0.1440E-02  0.1440E-02  0.0000E+00  0.0000E+00  0.0000E+00  0.0000E+00  0.0000E+00
     -0.835  0.2441E-01  0.2704E-02  0.2704E-02  0.2704E-02  0.0000E+00  0.0000E+00  0.0000E+00  0.0000E+00  0.0000E+00
     -0.735  0.3792E-01  0.4200E-02  0.4200E-02  0.4200E-02  0.0000E+00  0.0000E+00  0.0000E+00  0.0000E+00  0.0000E+00
     -0.635  0.4763E-01  0.5386E-02  0.5386E-02  0.5386E-02  0.0000E+00  0.0000E+00  0.0000E+00  0.0000E+00  0.0000E+00
     -0.535  0.6321E-01  0.9591E-02  0.9591E-02  0.9591E-02  0.0000E+00  0.0000E+00  0.0000E+00  0.0000E+00  0.0000E+00
     -0.436  0.8561E-01  0.1670E-01  0.1670E-01  0.1670E-01  0.0000E+00  0.0000E+00  0.0000E+00  0.0000E+00  0.0000E+00
     -0.336  0.1072E+00  0.2220E-01  0.2220E-01  0.2220E-01  0.0000E+00  0.0000E+00  0.0000E+00  0.0000E+00  0.0000E+00
     -0.236  0.1344E+00  0.2822E-01  0.2822E-01  0.2822E-01  0.0000E+00  0.0000E+00  0.0000E+00  0.0000E+00  0.0000E+00
     -0.136  0.2198E+00  0.4798E-01  0.4798E-01  0.4798E-01  0.0000E+00  0.0000E+00  0.0000E+00  0.0000E+00  0.0000E+00
     -0.037  0.1649E+00  0.3549E-01  0.3549E-01  0.3549E-01  0.0000E+00  0.0000E+00  0.0000E+00  0.0000E+00  0.0000E+00
      0.063  0.1271E+00  0.2754E-01  0.2754E-01  0.2754E-01  0.0000E+00  0.0000E+00  0.0000E+00  0.0000E+00  0.0000E+00
      0.163  0.1114E+00  0.2431E-01  0.2431E-01  0.2431E-01  0.0000E+00  0.0000E+00  0.0000E+00  0.0000E+00  0.0000E+00
      0.263  0.9940E-01  0.2202E-01  0.2202E-01  0.2202E-01  0.0000E+00  0.0000E+00  0.0000E+00  0.0000E+00  0.0000E+00
      0.363  0.9053E-01  0.2037E-01  0.2037E-01  0.2037E-01  0.0000E+00  0.0000E+00  0.0000E+00  0.0000E+00  0.0000E+00
      0.462  0.8396E-01  0.1917E-01  0.1917E-01  0.1917E-01  0.0000E+00  0.0000E+00  0.0000E+00  0.0000E+00  0.0000E+00
      0.562  0.7771E-01  0.1808E-01  0.1808E-01  0.1808E-01  0.0000E+00  0.0000E+00  0.0000E+00  0.0000E+00  0.0000E+00
      0.662  0.7203E-01  0.1710E-01  0.1710E-01  0.1710E-01  0.0000E+00  0.0000E+00  0.0000E+00  0.0000E+00  0.0000E+00
      0.762  0.6797E-01  0.1642E-01  0.1642E-01  0.1642E-01  0.0000E+00  0.0000E+00  0.0000E+00  0.0000E+00  0.0000E+00
      0.862  0.6370E-01  0.1571E-01  0.1571E-01  0.1571E-01  0.0000E+00  0.0000E+00  0.0000E+00  0.0000E+00  0.0000E+00
      0.961  0.5912E-01  0.1494E-01  0.1494E-01  0.1494E-01  0.0000E+00  0.0000E+00  0.0000E+00  0.0000E+00  0.0000E+00
      1.061  0.5627E-01  0.1448E-01  0.1448E-01  0.1448E-01  0.0000E+00  0.0000E+00  0.0000E+00  0.0000E+00  0.0000E+00
      1.161  0.5328E-01  0.1400E-01  0.1400E-01  0.1400E-01  0.0000E+00  0.0000E+00  0.0000E+00  0.0000E+00  0.0000E+00
      1.261  0.4994E-01  0.1344E-01  0.1344E-01  0.1344E-01  0.0000E+00  0.0000E+00  0.0000E+00  0.0000E+00  0.0000E+00
      1.360  0.4687E-01  0.1291E-01  0.1291E-01  0.1291E-01  0.0000E+00  0.0000E+00  0.0000E+00  0.0000E+00  0.0000E+00
      1.460  0.4470E-01  0.1257E-01  0.1257E-01  0.1257E-01  0.0000E+00  0.0000E+00  0.0000E+00  0.0000E+00  0.0000E+00
      1.560  0.4244E-01  0.1220E-01  0.1220E-01  0.1220E-01  0.0000E+00  0.0000E+00  0.0000E+00  0.0000E+00  0.0000E+00
      1.660  0.3981E-01  0.1174E-01  0.1174E-01  0.1174E-01  0.0000E+00  0.0000E+00  0.0000E+00  0.0000E+00  0.0000E+00
      1.760  0.3737E-01  0.1129E-01  0.1129E-01  0.1129E-01  0.0000E+00  0.0000E+00  0.0000E+00  0.0000E+00  0.0000E+00
      1.859  0.3573E-01  0.1103E-01  0.1103E-01  0.1103E-01  0.0000E+00  0.0000E+00  0.0000E+00  0.0000E+00  0.0000E+00
      1.959  0.3391E-01  0.1072E-01  0.1072E-01  0.1072E-01  0.0000E+00  0.0000E+00  0.0000E+00  0.0000E+00  0.0000E+00
      2.059  0.3192E-01  0.1035E-01  0.1035E-01  0.1035E-01  0.0000E+00  0.0000E+00  0.0000E+00  0.0000E+00  0.0000E+00
      2.159  0.3051E-01  0.1766E-01  0.1766E-01  0.1766E-01  0.0000E+00  0.0000E+00  0.0000E+00  0.0000E+00  0.0000E+00
      2.258  0.3094E-01  0.2817E-01  0.2817E-01  0.2817E-01  0.0000E+00  0.0000E+00  0.0000E+00  0.0000E+00  0.0000E+00
      2.358  0.3149E-01  0.3599E-01  0.3599E-01  0.3599E-01  0.0000E+00  0.0000E+00  0.0000E+00  0.0000E+00  0.0000E+00
      2.458  0.3279E-01  0.4731E-01  0.4731E-01  0.4731E-01  0.0000E+00  0.0000E+00  0.0000E+00  0.0000E+00  0.0000E+00
      2.558  0.3338E-01  0.5201E-01  0.5201E-01  0.5201E-01  0.0000E+00  0.0000E+00  0.0000E+00  0.0000E+00  0.0000E+00
      2.658  0.3370E-01  0.5104E-01  0.5104E-01  0.5104E-01  0.0000E+00  0.0000E+00  0.0000E+00  0.0000E+00  0.0000E+00
      2.757  0.3370E-01  0.4732E-01  0.4732E-01  0.4732E-01  0.0000E+00  0.0000E+00  0.0000E+00  0.0000E+00  0.0000E+00
      2.857  0.3353E-01  0.4692E-01  0.4692E-01  0.4692E-01  0.0000E+00  0.0000E+00  0.0000E+00  0.0000E+00  0.0000E+00
      2.957  0.3297E-01  0.4480E-01  0.4480E-01  0.4480E-01  0.0000E+00  0.0000E+00  0.0000E+00  0.0000E+00  0.0000E+00
      3.057  0.3202E-01  0.4672E-01  0.4672E-01  0.4672E-01  0.0000E+00  0.0000E+00  0.0000E+00  0.0000E+00  0.0000E+00
      3.156  0.3181E-01  0.4771E-01  0.4771E-01  0.4771E-01  0.0000E+00  0.0000E+00  0.0000E+00  0.0000E+00  0.0000E+00
      3.256  0.3139E-01  0.4855E-01  0.4855E-01  0.4855E-01  0.0000E+00  0.0000E+00  0.0000E+00  0.0000E+00  0.0000E+00
      3.356  0.3083E-01  0.4981E-01  0.4981E-01  0.4981E-01  0.0000E+00  0.0000E+00  0.0000E+00  0.0000E+00  0.0000E+00
      3.456  0.2989E-01  0.5181E-01  0.5181E-01  0.5181E-01  0.0000E+00  0.0000E+00  0.0000E+00  0.0000E+00  0.0000E+00
      3.556  0.2890E-01  0.5361E-01  0.5361E-01  0.5361E-01  0.0000E+00  0.0000E+00  0.0000E+00  0.0000E+00  0.0000E+00
      3.655  0.2846E-01  0.5565E-01  0.5565E-01  0.5565E-01  0.0000E+00  0.0000E+00  0.0000E+00  0.0000E+00  0.0000E+00
      3.755  0.2791E-01  0.5899E-01  0.5899E-01  0.5899E-01  0.0000E+00  0.0000E+00  0.0000E+00  0.0000E+00  0.0000E+00
      3.855  0.2705E-01  0.6328E-01  0.6328E-01  0.6328E-01  0.0000E+00  0.0000E+00  0.0000E+00  0.0000E+00  0.0000E+00
      3.955  0.2600E-01  0.6557E-01  0.6557E-01  0.6557E-01  0.0000E+00  0.0000E+00  0.0000E+00  0.0000E+00  0.0000E+00
      4.054  0.2488E-01  0.7416E-01  0.7416E-01  0.7416E-01  0.0000E+00  0.0000E+00  0.0000E+00  0.0000E+00  0.0000E+00
      4.154  0.2414E-01  0.8477E-01  0.8477E-01  0.8477E-01  0.0000E+00  0.0000E+00  0.0000E+00  0.0000E+00  0.0000E+00
      4.254  0.2322E-01  0.8292E-01  0.8292E-01  0.8292E-01  0.0000E+00  0.0000E+00  0.0000E+00  0.0000E+00  0.0000E+00
      4.354  0.2226E-01  0.8184E-01  0.8184E-01  0.8184E-01  0.0000E+00  0.0000E+00  0.0000E+00  0.0000E+00  0.0000E+00
      4.454  0.2116E-01  0.8143E-01  0.8143E-01  0.8143E-01  0.0000E+00  0.0000E+00  0.0000E+00  0.0000E+00  0.0000E+00
      4.553  0.1990E-01  0.8006E-01  0.8006E-01  0.8006E-01  0.0000E+00  0.0000E+00  0.0000E+00  0.0000E+00  0.0000E+00
      4.653  0.1910E-01  0.7943E-01  0.7943E-01  0.7943E-01  0.0000E+00  0.0000E+00  0.0000E+00  0.0000E+00  0.0000E+00
      4.753  0.1835E-01  0.7868E-01  0.7868E-01  0.7868E-01  0.0000E+00  0.0000E+00  0.0000E+00  0.0000E+00  0.0000E+00
      4.853  0.1742E-01  0.7780E-01  0.7780E-01  0.7780E-01  0.0000E+00  0.0000E+00  0.0000E+00  0.0000E+00  0.0000E+00
      4.952  0.1644E-01  0.7750E-01  0.7750E-01  0.7750E-01  0.0000E+00  0.0000E+00  0.0000E+00  0.0000E+00  0.0000E+00
      5.052  0.1534E-01  0.7599E-01  0.7599E-01  0.7599E-01  0.0000E+00  0.0000E+00  0.0000E+00  0.0000E+00  0.0000E+00
      5.152  0.1450E-01  0.7570E-01  0.7570E-01  0.7570E-01  0.0000E+00  0.0000E+00  0.0000E+00  0.0000E+00  0.0000E+00
      5.252  0.1369E-01  0.7520E-01  0.7520E-01  0.7520E-01  0.0000E+00  0.0000E+00  0.0000E+00  0.0000E+00  0.0000E+00
      5.352  0.1273E-01  0.7457E-01  0.7457E-01  0.7457E-01  0.0000E+00  0.0000E+00  0.0000E+00  0.0000E+00  0.0000E+00
      5.451  0.1179E-01  0.7380E-01  0.7380E-01  0.7380E-01  0.0000E+00  0.0000E+00  0.0000E+00  0.0000E+00  0.0000E+00
      5.551  0.1092E-01  0.7356E-01  0.7356E-01  0.7356E-01  0.0000E+00  0.0000E+00  0.0000E+00  0.0000E+00  0.0000E+00
      5.651  0.9923E-02  0.7282E-01  0.7282E-01  0.7282E-01  0.0000E+00  0.0000E+00  0.0000E+00  0.0000E+00  0.0000E+00
      5.751  0.9189E-02  0.7229E-01  0.7229E-01  0.7229E-01  0.0000E+00  0.0000E+00  0.0000E+00  0.0000E+00  0.0000E+00
      5.850  0.8441E-02  0.7160E-01  0.7160E-01  0.7160E-01  0.0000E+00  0.0000E+00  0.0000E+00  0.0000E+00  0.0000E+00
      5.950  0.7750E-02  0.7126E-01  0.7126E-01  0.7126E-01  0.0000E+00  0.0000E+00  0.0000E+00  0.0000E+00  0.0000E+00
      6.050  0.6985E-02  0.7094E-01  0.7094E-01  0.7094E-01  0.0000E+00  0.0000E+00  0.0000E+00  0.0000E+00  0.0000E+00
      6.150  0.6147E-02  0.7006E-01  0.7006E-01  0.7006E-01  0.0000E+00  0.0000E+00  0.0000E+00  0.0000E+00  0.0000E+00
      6.250  0.5542E-02  0.5484E-01  0.5484E-01  0.5484E-01  0.0000E+00  0.0000E+00  0.0000E+00  0.0000E+00  0.0000E+00
      6.349  0.4965E-02  0.4740E-01  0.4740E-01  0.4740E-01  0.0000E+00  0.0000E+00  0.0000E+00  0.0000E+00  0.0000E+00
      6.449  0.4427E-02  0.4213E-01  0.4213E-01  0.4213E-01  0.0000E+00  0.0000E+00  0.0000E+00  0.0000E+00  0.0000E+00
      6.549  0.3884E-02  0.3778E-01  0.3778E-01  0.3778E-01  0.0000E+00  0.0000E+00  0.0000E+00  0.0000E+00  0.0000E+00
      6.649  0.3218E-02  0.3362E-01  0.3362E-01  0.3362E-01  0.0000E+00  0.0000E+00  0.0000E+00  0.0000E+00  0.0000E+00
      6.749  0.2784E-02  0.3029E-01  0.3029E-01  0.3029E-01  0.0000E+00  0.0000E+00  0.0000E+00  0.0000E+00  0.0000E+00
      6.848  0.2357E-02  0.2714E-01  0.2714E-01  0.2714E-01  0.0000E+00  0.0000E+00  0.0000E+00  0.0000E+00  0.0000E+00
      6.948  0.1910E-02  0.2415E-01  0.2415E-01  0.2415E-01  0.0000E+00  0.0000E+00  0.0000E+00  0.0000E+00  0.0000E+00
      7.048  0.1576E-02  0.2138E-01  0.2138E-01  0.2138E-01  0.0000E+00  0.0000E+00  0.0000E+00  0.0000E+00  0.0000E+00
      7.148  0.1117E-02  0.1885E-01  0.1885E-01  0.1885E-01  0.0000E+00  0.0000E+00  0.0000E+00  0.0000E+00  0.0000E+00
      7.247  0.8490E-03  0.1579E-01  0.1579E-01  0.1579E-01  0.0000E+00  0.0000E+00  0.0000E+00  0.0000E+00  0.0000E+00
      7.347  0.5548E-03  0.1290E-01  0.1290E-01  0.1290E-01  0.0000E+00  0.0000E+00  0.0000E+00  0.0000E+00  0.0000E+00
      7.447  0.2842E-03  0.1040E-01  0.1040E-01  0.1040E-01  0.0000E+00  0.0000E+00  0.0000E+00  0.0000E+00  0.0000E+00
      7.547  0.1295E-03  0.5455E-02  0.5455E-02  0.5455E-02  0.0000E+00  0.0000E+00  0.0000E+00  0.0000E+00  0.0000E+00
      7.647  0.0000E+00  0.0000E+00  0.0000E+00  0.0000E+00  0.0000E+00  0.0000E+00  0.0000E+00  0.0000E+00  0.0000E+00
      7.746  0.0000E+00  0.0000E+00  0.0000E+00  0.0000E+00  0.0000E+00  0.0000E+00  0.0000E+00  0.0000E+00  0.0000E+00
      7.846  0.0000E+00  0.0000E+00  0.0000E+00  0.0000E+00  0.0000E+00  0.0000E+00  0.0000E+00  0.0000E+00  0.0000E+00
      7.946  0.0000E+00  0.0000E+00  0.0000E+00  0.0000E+00  0.0000E+00  0.0000E+00  0.0000E+00  0.0000E+00  0.0000E+00
      8.046  0.4369E-06  0.8760E-07  0.8760E-07  0.8760E-07  0.0000E+00  0.0000E+00  0.0000E+00  0.0000E+00  0.0000E+00
      8.145  0.5288E-02  0.1095E-02  0.1095E-02  0.1095E-02  0.0000E+00  0.0000E+00  0.0000E+00  0.0000E+00  0.0000E+00
      8.245  0.9017E-02  0.2009E-02  0.2009E-02  0.2009E-02  0.0000E+00  0.0000E+00  0.0000E+00  0.0000E+00  0.0000E+00
      8.345  0.1264E-01  0.2970E-02  0.2970E-02  0.2970E-02  0.0000E+00  0.0000E+00  0.0000E+00  0.0000E+00  0.0000E+00
      8.445  0.1459E-01  0.3710E-02  0.3710E-02  0.3710E-02  0.0000E+00  0.0000E+00  0.0000E+00  0.0000E+00  0.0000E+00
      8.545  0.1637E-01  0.4471E-02  0.4471E-02  0.4471E-02  0.0000E+00  0.0000E+00  0.0000E+00  0.0000E+00  0.0000E+00
      8.644  0.1829E-01  0.5304E-02  0.5304E-02  0.5304E-02  0.0000E+00  0.0000E+00  0.0000E+00  0.0000E+00  0.0000E+00
      8.744  0.2025E-01  0.6253E-02  0.6253E-02  0.6253E-02  0.0000E+00  0.0000E+00  0.0000E+00  0.0000E+00  0.0000E+00
      8.844  0.2133E-01  0.7031E-02  0.7031E-02  0.7031E-02  0.0000E+00  0.0000E+00  0.0000E+00  0.0000E+00  0.0000E+00
      8.944  0.2246E-01  0.7859E-02  0.7859E-02  0.7859E-02  0.0000E+00  0.0000E+00  0.0000E+00  0.0000E+00  0.0000E+00
      9.043  0.2358E-01  0.8759E-02  0.8759E-02  0.8759E-02  0.0000E+00  0.0000E+00  0.0000E+00  0.0000E+00  0.0000E+00
      9.143  0.2473E-01  0.9680E-02  0.9680E-02  0.9680E-02  0.0000E+00  0.0000E+00  0.0000E+00  0.0000E+00  0.0000E+00
      9.243  0.2591E-01  0.1066E-01  0.1066E-01  0.1066E-01  0.0000E+00  0.0000E+00  0.0000E+00  0.0000E+00  0.0000E+00
      9.343  0.2696E-01  0.1174E-01  0.1174E-01  0.1174E-01  0.0000E+00  0.0000E+00  0.0000E+00  0.0000E+00  0.0000E+00
      9.443  0.2820E-01  0.1295E-01  0.1295E-01  0.1295E-01  0.0000E+00  0.0000E+00  0.0000E+00  0.0000E+00  0.0000E+00
      9.542  0.2886E-01  0.1393E-01  0.1393E-01  0.1393E-01  0.0000E+00  0.0000E+00  0.0000E+00  0.0000E+00  0.0000E+00
      9.642  0.2967E-01  0.1511E-01  0.1511E-01  0.1511E-01  0.0000E+00  0.0000E+00  0.0000E+00  0.0000E+00  0.0000E+00
      9.742  0.3061E-01  0.1633E-01  0.1633E-01  0.1633E-01  0.0000E+00  0.0000E+00  0.0000E+00  0.0000E+00  0.0000E+00
      9.842  0.3166E-01  0.1765E-01  0.1765E-01  0.1765E-01  0.0000E+00  0.0000E+00  0.0000E+00  0.0000E+00  0.0000E+00
      9.941  0.3268E-01  0.1911E-01  0.1911E-01  0.1911E-01  0.0000E+00  0.0000E+00  0.0000E+00  0.0000E+00  0.0000E+00
     10.041  0.3388E-01  0.2069E-01  0.2069E-01  0.2069E-01  0.0000E+00  0.0000E+00  0.0000E+00  0.0000E+00  0.0000E+00
     10.141  0.3533E-01  0.2246E-01  0.2246E-01  0.2246E-01  0.0000E+00  0.0000E+00  0.0000E+00  0.0000E+00  0.0000E+00
     10.241  0.4493E-01  0.2474E-01  0.2474E-01  0.2474E-01  0.0000E+00  0.0000E+00  0.0000E+00  0.0000E+00  0.0000E+00
     10.341  0.6009E-01  0.2787E-01  0.2787E-01  0.2787E-01  0.0000E+00  0.0000E+00  0.0000E+00  0.0000E+00  0.0000E+00
     10.440  0.7844E-01  0.3306E-01  0.3306E-01  0.3306E-01  0.0000E+00  0.0000E+00  0.0000E+00  0.0000E+00  0.0000E+00
     10.540  0.9398E-01  0.3807E-01  0.3807E-01  0.3807E-01  0.0000E+00  0.0000E+00  0.0000E+00  0.0000E+00  0.0000E+00
     10.640  0.7807E-01  0.3919E-01  0.3919E-01  0.3919E-01  0.0000E+00  0.0000E+00  0.0000E+00  0.0000E+00  0.0000E+00
     10.740  0.7181E-01  0.4132E-01  0.4132E-01  0.4132E-01  0.0000E+00  0.0000E+00  0.0000E+00  0.0000E+00  0.0000E+00
     10.839  0.4711E-01  0.3308E-01  0.3308E-01  0.3308E-01  0.0000E+00  0.0000E+00  0.0000E+00  0.0000E+00  0.0000E+00
     10.939  0.3896E-01  0.3167E-01  0.3167E-01  0.3167E-01  0.0000E+00  0.0000E+00  0.0000E+00  0.0000E+00  0.0000E+00
     11.039  0.4024E-01  0.4012E-01  0.4012E-01  0.4012E-01  0.0000E+00  0.0000E+00  0.0000E+00  0.0000E+00  0.0000E+00
     11.139  0.3939E-01  0.4187E-01  0.4187E-01  0.4187E-01  0.0000E+00  0.0000E+00  0.0000E+00  0.0000E+00  0.0000E+00
     11.239  0.4322E-01  0.4638E-01  0.4638E-01  0.4638E-01  0.0000E+00  0.0000E+00  0.0000E+00  0.0000E+00  0.0000E+00
     11.338  0.4263E-01  0.5303E-01  0.5303E-01  0.5303E-01  0.0000E+00  0.0000E+00  0.0000E+00  0.0000E+00  0.0000E+00
     11.438  0.3966E-01  0.4252E-01  0.4252E-01  0.4252E-01  0.0000E+00  0.0000E+00  0.0000E+00  0.0000E+00  0.0000E+00
     11.538  0.4676E-01  0.4871E-01  0.4871E-01  0.4871E-01  0.0000E+00  0.0000E+00  0.0000E+00  0.0000E+00  0.0000E+00
     11.638  0.4337E-01  0.4945E-01  0.4945E-01  0.4945E-01  0.0000E+00  0.0000E+00  0.0000E+00  0.0000E+00  0.0000E+00
     11.737  0.3956E-01  0.4868E-01  0.4868E-01  0.4868E-01  0.0000E+00  0.0000E+00  0.0000E+00  0.0000E+00  0.0000E+00
     11.837  0.3686E-01  0.4724E-01  0.4724E-01  0.4724E-01  0.0000E+00  0.0000E+00  0.0000E+00  0.0000E+00  0.0000E+00
     11.937  0.3325E-01  0.4372E-01  0.4372E-01  0.4372E-01  0.0000E+00  0.0000E+00  0.0000E+00  0.0000E+00  0.0000E+00
     12.037  0.3189E-01  0.4202E-01  0.4202E-01  0.4202E-01  0.0000E+00  0.0000E+00  0.0000E+00  0.0000E+00  0.0000E+00
     12.137  0.2904E-01  0.3971E-01  0.3971E-01  0.3971E-01  0.0000E+00  0.0000E+00  0.0000E+00  0.0000E+00  0.0000E+00
     12.236  0.2730E-01  0.3803E-01  0.3803E-01  0.3803E-01  0.0000E+00  0.0000E+00  0.0000E+00  0.0000E+00  0.0000E+00
     12.336  0.2341E-01  0.3583E-01  0.3583E-01  0.3583E-01  0.0000E+00  0.0000E+00  0.0000E+00  0.0000E+00  0.0000E+00
     12.436  0.1875E-01  0.3034E-01  0.3034E-01  0.3034E-01  0.0000E+00  0.0000E+00  0.0000E+00  0.0000E+00  0.0000E+00
     12.536  0.2013E-01  0.2911E-01  0.2911E-01  0.2911E-01  0.0000E+00  0.0000E+00  0.0000E+00  0.0000E+00  0.0000E+00
     12.636  0.2538E-01  0.2947E-01  0.2947E-01  0.2947E-01  0.0000E+00  0.0000E+00  0.0000E+00  0.0000E+00  0.0000E+00
     12.735  0.2673E-01  0.2899E-01  0.2899E-01  0.2899E-01  0.0000E+00  0.0000E+00  0.0000E+00  0.0000E+00  0.0000E+00
     12.835  0.2951E-01  0.3007E-01  0.3007E-01  0.3007E-01  0.0000E+00  0.0000E+00  0.0000E+00  0.0000E+00  0.0000E+00
     12.935  0.3031E-01  0.3091E-01  0.3091E-01  0.3091E-01  0.0000E+00  0.0000E+00  0.0000E+00  0.0000E+00  0.0000E+00
     13.035  0.2813E-01  0.3105E-01  0.3105E-01  0.3105E-01  0.0000E+00  0.0000E+00  0.0000E+00  0.0000E+00  0.0000E+00
     13.134  0.2827E-01  0.3125E-01  0.3125E-01  0.3125E-01  0.0000E+00  0.0000E+00  0.0000E+00  0.0000E+00  0.0000E+00
     13.234  0.2826E-01  0.3066E-01  0.3066E-01  0.3066E-01  0.0000E+00  0.0000E+00  0.0000E+00  0.0000E+00  0.0000E+00
     13.334  0.3057E-01  0.3126E-01  0.3126E-01  0.3126E-01  0.0000E+00  0.0000E+00  0.0000E+00  0.0000E+00  0.0000E+00
     13.434  0.2865E-01  0.3012E-01  0.3012E-01  0.3012E-01  0.0000E+00  0.0000E+00  0.0000E+00  0.0000E+00  0.0000E+00
     13.534  0.2818E-01  0.2960E-01  0.2960E-01  0.2960E-01  0.0000E+00  0.0000E+00  0.0000E+00  0.0000E+00  0.0000E+00
     13.633  0.2920E-01  0.3056E-01  0.3056E-01  0.3056E-01  0.0000E+00  0.0000E+00  0.0000E+00  0.0000E+00  0.0000E+00
     13.733  0.2777E-01  0.3041E-01  0.3041E-01  0.3041E-01  0.0000E+00  0.0000E+00  0.0000E+00  0.0000E+00  0.0000E+00
     13.833  0.2741E-01  0.3015E-01  0.3015E-01  0.3015E-01  0.0000E+00  0.0000E+00  0.0000E+00  0.0000E+00  0.0000E+00
     13.933  0.2927E-01  0.2871E-01  0.2871E-01  0.2871E-01  0.0000E+00  0.0000E+00  0.0000E+00  0.0000E+00  0.0000E+00
     14.032  0.3037E-01  0.2858E-01  0.2858E-01  0.2858E-01  0.0000E+00  0.0000E+00  0.0000E+00  0.0000E+00  0.0000E+00
     14.132  0.3221E-01  0.2815E-01  0.2815E-01  0.2815E-01  0.0000E+00  0.0000E+00  0.0000E+00  0.0000E+00  0.0000E+00
     14.232  0.3283E-01  0.2835E-01  0.2835E-01  0.2835E-01  0.0000E+00  0.0000E+00  0.0000E+00  0.0000E+00  0.0000E+00
     14.332  0.3305E-01  0.2926E-01  0.2926E-01  0.2926E-01  0.0000E+00  0.0000E+00  0.0000E+00  0.0000E+00  0.0000E+00
     14.432  0.2798E-01  0.2801E-01  0.2801E-01  0.2801E-01  0.0000E+00  0.0000E+00  0.0000E+00  0.0000E+00  0.0000E+00
     14.531  0.2523E-01  0.2765E-01  0.2765E-01  0.2765E-01  0.0000E+00  0.0000E+00  0.0000E+00  0.0000E+00  0.0000E+00
     14.631  0.2372E-01  0.2794E-01  0.2794E-01  0.2794E-01  0.0000E+00  0.0000E+00  0.0000E+00  0.0000E+00  0.0000E+00
     14.731  0.1940E-01  0.2548E-01  0.2548E-01  0.2548E-01  0.0000E+00  0.0000E+00  0.0000E+00  0.0000E+00  0.0000E+00
     14.831  0.1792E-01  0.2472E-01  0.2472E-01  0.2472E-01  0.0000E+00  0.0000E+00  0.0000E+00  0.0000E+00  0.0000E+00
     14.930  0.1672E-01  0.2432E-01  0.2432E-01  0.2432E-01  0.0000E+00  0.0000E+00  0.0000E+00  0.0000E+00  0.0000E+00
     15.030  0.1696E-01  0.2504E-01  0.2504E-01  0.2504E-01  0.0000E+00  0.0000E+00  0.0000E+00  0.0000E+00  0.0000E+00
     15.130  0.1667E-01  0.2547E-01  0.2547E-01  0.2547E-01  0.0000E+00  0.0000E+00  0.0000E+00  0.0000E+00  0.0000E+00
     15.230  0.1603E-01  0.2533E-01  0.2533E-01  0.2533E-01  0.0000E+00  0.0000E+00  0.0000E+00  0.0000E+00  0.0000E+00
     15.330  0.1626E-01  0.2590E-01  0.2590E-01  0.2590E-01  0.0000E+00  0.0000E+00  0.0000E+00  0.0000E+00  0.0000E+00
     15.429  0.1736E-01  0.2735E-01  0.2735E-01  0.2735E-01  0.0000E+00  0.0000E+00  0.0000E+00  0.0000E+00  0.0000E+00
     15.529  0.1859E-01  0.2862E-01  0.2862E-01  0.2862E-01  0.0000E+00  0.0000E+00  0.0000E+00  0.0000E+00  0.0000E+00
     15.629  0.1943E-01  0.2904E-01  0.2904E-01  0.2904E-01  0.0000E+00  0.0000E+00  0.0000E+00  0.0000E+00  0.0000E+00
     15.729  0.1926E-01  0.2878E-01  0.2878E-01  0.2878E-01  0.0000E+00  0.0000E+00  0.0000E+00  0.0000E+00  0.0000E+00
     15.828  0.1355E-01  0.2325E-01  0.2325E-01  0.2325E-01  0.0000E+00  0.0000E+00  0.0000E+00  0.0000E+00  0.0000E+00
     15.928  0.1143E-01  0.2102E-01  0.2102E-01  0.2102E-01  0.0000E+00  0.0000E+00  0.0000E+00  0.0000E+00  0.0000E+00
     16.028  0.1000E-01  0.1933E-01  0.1933E-01  0.1933E-01  0.0000E+00  0.0000E+00  0.0000E+00  0.0000E+00  0.0000E+00
     16.128  0.9090E-02  0.1827E-01  0.1827E-01  0.1827E-01  0.0000E+00  0.0000E+00  0.0000E+00  0.0000E+00  0.0000E+00
     16.228  0.8410E-02  0.1760E-01  0.1760E-01  0.1760E-01  0.0000E+00  0.0000E+00  0.0000E+00  0.0000E+00  0.0000E+00
     16.327  0.8490E-02  0.1855E-01  0.1855E-01  0.1855E-01  0.0000E+00  0.0000E+00  0.0000E+00  0.0000E+00  0.0000E+00
     16.427  0.8149E-02  0.1926E-01  0.1926E-01  0.1926E-01  0.0000E+00  0.0000E+00  0.0000E+00  0.0000E+00  0.0000E+00
     16.527  0.6494E-02  0.1634E-01  0.1634E-01  0.1634E-01  0.0000E+00  0.0000E+00  0.0000E+00  0.0000E+00  0.0000E+00
     16.627  0.5384E-02  0.1459E-01  0.1459E-01  0.1459E-01  0.0000E+00  0.0000E+00  0.0000E+00  0.0000E+00  0.0000E+00
     16.726  0.4818E-02  0.1388E-01  0.1388E-01  0.1388E-01  0.0000E+00  0.0000E+00  0.0000E+00  0.0000E+00  0.0000E+00
     16.826  0.4382E-02  0.1345E-01  0.1345E-01  0.1345E-01  0.0000E+00  0.0000E+00  0.0000E+00  0.0000E+00  0.0000E+00
     16.926  0.3628E-02  0.1034E-01  0.1034E-01  0.1034E-01  0.0000E+00  0.0000E+00  0.0000E+00  0.0000E+00  0.0000E+00
     17.026  0.3178E-02  0.8727E-02  0.8727E-02  0.8727E-02  0.0000E+00  0.0000E+00  0.0000E+00  0.0000E+00  0.0000E+00
     17.126  0.2878E-02  0.7834E-02  0.7834E-02  0.7834E-02  0.0000E+00  0.0000E+00  0.0000E+00  0.0000E+00  0.0000E+00
     17.225  0.2647E-02  0.7323E-02  0.7323E-02  0.7323E-02  0.0000E+00  0.0000E+00  0.0000E+00  0.0000E+00  0.0000E+00
     17.325  0.2537E-02  0.7124E-02  0.7124E-02  0.7124E-02  0.0000E+00  0.0000E+00  0.0000E+00  0.0000E+00  0.0000E+00
     17.425  0.2086E-02  0.6396E-02  0.6396E-02  0.6396E-02  0.0000E+00  0.0000E+00  0.0000E+00  0.0000E+00  0.0000E+00
     17.525  0.1726E-02  0.5741E-02  0.5741E-02  0.5741E-02  0.0000E+00  0.0000E+00  0.0000E+00  0.0000E+00  0.0000E+00
     17.625  0.1523E-02  0.5271E-02  0.5271E-02  0.5271E-02  0.0000E+00  0.0000E+00  0.0000E+00  0.0000E+00  0.0000E+00
     17.724  0.1411E-02  0.4895E-02  0.4895E-02  0.4895E-02  0.0000E+00  0.0000E+00  0.0000E+00  0.0000E+00  0.0000E+00
     17.824  0.1285E-02  0.4567E-02  0.4567E-02  0.4567E-02  0.0000E+00  0.0000E+00  0.0000E+00  0.0000E+00  0.0000E+00
     17.924  0.1131E-02  0.4175E-02  0.4175E-02  0.4175E-02  0.0000E+00  0.0000E+00  0.0000E+00  0.0000E+00  0.0000E+00
     18.024  0.9922E-03  0.3807E-02  0.3807E-02  0.3807E-02  0.0000E+00  0.0000E+00  0.0000E+00  0.0000E+00  0.0000E+00
     18.123  0.8602E-03  0.3467E-02  0.3467E-02  0.3467E-02  0.0000E+00  0.0000E+00  0.0000E+00  0.0000E+00  0.0000E+00
     18.223  0.7728E-03  0.3239E-02  0.3239E-02  0.3239E-02  0.0000E+00  0.0000E+00  0.0000E+00  0.0000E+00  0.0000E+00
     18.323  0.6639E-03  0.2908E-02  0.2908E-02  0.2908E-02  0.0000E+00  0.0000E+00  0.0000E+00  0.0000E+00  0.0000E+00
     18.423  0.5577E-03  0.2546E-02  0.2546E-02  0.2546E-02  0.0000E+00  0.0000E+00  0.0000E+00  0.0000E+00  0.0000E+00
     18.523  0.4680E-03  0.2226E-02  0.2226E-02  0.2226E-02  0.0000E+00  0.0000E+00  0.0000E+00  0.0000E+00  0.0000E+00
     18.622  0.3961E-03  0.1988E-02  0.1988E-02  0.1988E-02  0.0000E+00  0.0000E+00  0.0000E+00  0.0000E+00  0.0000E+00
     18.722  0.3247E-03  0.1825E-02  0.1825E-02  0.1825E-02  0.0000E+00  0.0000E+00  0.0000E+00  0.0000E+00  0.0000E+00
     18.822  0.2979E-03  0.1836E-02  0.1836E-02  0.1836E-02  0.0000E+00  0.0000E+00  0.0000E+00  0.0000E+00  0.0000E+00
     18.922  0.2092E-03  0.1386E-02  0.1386E-02  0.1386E-02  0.0000E+00  0.0000E+00  0.0000E+00  0.0000E+00  0.0000E+00
     19.021  0.1270E-03  0.9895E-03  0.9895E-03  0.9895E-03  0.0000E+00  0.0000E+00  0.0000E+00  0.0000E+00  0.0000E+00
     19.121  0.8519E-04  0.7558E-03  0.7558E-03  0.7558E-03  0.0000E+00  0.0000E+00  0.0000E+00  0.0000E+00  0.0000E+00
     19.221  0.6515E-04  0.5733E-03  0.5733E-03  0.5733E-03  0.0000E+00  0.0000E+00  0.0000E+00  0.0000E+00  0.0000E+00
     19.321  0.4841E-04  0.4239E-03  0.4239E-03  0.4239E-03  0.0000E+00  0.0000E+00  0.0000E+00  0.0000E+00  0.0000E+00
     19.421  0.3375E-04  0.3044E-03  0.3044E-03  0.3044E-03  0.0000E+00  0.0000E+00  0.0000E+00  0.0000E+00  0.0000E+00
     19.520  0.2147E-04  0.2173E-03  0.2173E-03  0.2173E-03  0.0000E+00  0.0000E+00  0.0000E+00  0.0000E+00  0.0000E+00
     19.620  0.1270E-04  0.1814E-03  0.1814E-03  0.1814E-03  0.0000E+00  0.0000E+00  0.0000E+00  0.0000E+00  0.0000E+00
     19.720  0.0000E+00  0.0000E+00  0.0000E+00  0.0000E+00  0.0000E+00  0.0000E+00  0.0000E+00  0.0000E+00  0.0000E+00
     19.820  0.0000E+00  0.0000E+00  0.0000E+00  0.0000E+00  0.0000E+00  0.0000E+00  0.0000E+00  0.0000E+00  0.0000E+00
     19.919  0.0000E+00  0.0000E+00  0.0000E+00  0.0000E+00  0.0000E+00  0.0000E+00  0.0000E+00  0.0000E+00  0.0000E+00
     20.019  0.0000E+00  0.0000E+00  0.0000E+00  0.0000E+00  0.0000E+00  0.0000E+00  0.0000E+00  0.0000E+00  0.0000E+00
     20.119  0.0000E+00  0.0000E+00  0.0000E+00  0.0000E+00  0.0000E+00  0.0000E+00  0.0000E+00  0.0000E+00  0.0000E+00
     20.219  0.0000E+00  0.0000E+00  0.0000E+00  0.0000E+00  0.0000E+00  0.0000E+00  0.0000E+00  0.0000E+00  0.0000E+00
     20.319  0.0000E+00  0.0000E+00  0.0000E+00  0.0000E+00  0.0000E+00  0.0000E+00  0.0000E+00  0.0000E+00  0.0000E+00
     20.418  0.0000E+00  0.0000E+00  0.0000E+00  0.0000E+00  0.0000E+00  0.0000E+00  0.0000E+00  0.0000E+00  0.0000E+00
     20.518  0.0000E+00  0.0000E+00  0.0000E+00  0.0000E+00  0.0000E+00  0.0000E+00  0.0000E+00  0.0000E+00  0.0000E+00
     20.618  0.0000E+00  0.0000E+00  0.0000E+00  0.0000E+00  0.0000E+00  0.0000E+00  0.0000E+00  0.0000E+00  0.0000E+00
     20.718  0.0000E+00  0.0000E+00  0.0000E+00  0.0000E+00  0.0000E+00  0.0000E+00  0.0000E+00  0.0000E+00  0.0000E+00
     20.817  0.0000E+00  0.0000E+00  0.0000E+00  0.0000E+00  0.0000E+00  0.0000E+00  0.0000E+00  0.0000E+00  0.0000E+00
     20.917  0.0000E+00  0.0000E+00  0.0000E+00  0.0000E+00  0.0000E+00  0.0000E+00  0.0000E+00  0.0000E+00  0.0000E+00
     21.017  0.0000E+00  0.0000E+00  0.0000E+00  0.0000E+00  0.0000E+00  0.0000E+00  0.0000E+00  0.0000E+00  0.0000E+00
     21.117  0.0000E+00  0.0000E+00  0.0000E+00  0.0000E+00  0.0000E+00  0.0000E+00  0.0000E+00  0.0000E+00  0.0000E+00
     21.217  0.0000E+00  0.0000E+00  0.0000E+00  0.0000E+00  0.0000E+00  0.0000E+00  0.0000E+00  0.0000E+00  0.0000E+00
     21.316  0.0000E+00  0.0000E+00  0.0000E+00  0.0000E+00  0.0000E+00  0.0000E+00  0.0000E+00  0.0000E+00  0.0000E+00
     21.416  0.0000E+00  0.0000E+00  0.0000E+00  0.0000E+00  0.0000E+00  0.0000E+00  0.0000E+00  0.0000E+00  0.0000E+00
     21.516  0.0000E+00  0.0000E+00  0.0000E+00  0.0000E+00  0.0000E+00  0.0000E+00  0.0000E+00  0.0000E+00  0.0000E+00
     21.616  0.0000E+00  0.0000E+00  0.0000E+00  0.0000E+00  0.0000E+00  0.0000E+00  0.0000E+00  0.0000E+00  0.0000E+00
     21.715  0.0000E+00  0.0000E+00  0.0000E+00  0.0000E+00  0.0000E+00  0.0000E+00  0.0000E+00  0.0000E+00  0.0000E+00
     21.71547289     -8.21845413  301      8.04528488      1.00000000
     -8.218  0.0000E+00  0.0000E+00  0.0000E+00  0.0000E+00  0.0000E+00  0.0000E+00  0.0000E+00  0.0000E+00  0.0000E+00
     -8.119  0.0000E+00  0.0000E+00  0.0000E+00  0.0000E+00  0.0000E+00  0.0000E+00  0.0000E+00  0.0000E+00  0.0000E+00
     -8.019  0.0000E+00  0.0000E+00  0.0000E+00  0.0000E+00  0.0000E+00  0.0000E+00  0.0000E+00  0.0000E+00  0.0000E+00
     -7.919  0.0000E+00  0.0000E+00  0.0000E+00  0.0000E+00  0.0000E+00  0.0000E+00  0.0000E+00  0.0000E+00  0.0000E+00
     -7.819  0.0000E+00  0.0000E+00  0.0000E+00  0.0000E+00  0.0000E+00  0.0000E+00  0.0000E+00  0.0000E+00  0.0000E+00
     -7.720  0.0000E+00  0.0000E+00  0.0000E+00  0.0000E+00  0.0000E+00  0.0000E+00  0.0000E+00  0.0000E+00  0.0000E+00
     -7.620  0.0000E+00  0.0000E+00  0.0000E+00  0.0000E+00  0.0000E+00  0.0000E+00  0.0000E+00  0.0000E+00  0.0000E+00
     -7.520  0.0000E+00  0.0000E+00  0.0000E+00  0.0000E+00  0.0000E+00  0.0000E+00  0.0000E+00  0.0000E+00  0.0000E+00
     -7.420  0.0000E+00  0.0000E+00  0.0000E+00  0.0000E+00  0.0000E+00  0.0000E+00  0.0000E+00  0.0000E+00  0.0000E+00
     -7.320  0.0000E+00  0.0000E+00  0.0000E+00  0.0000E+00  0.0000E+00  0.0000E+00  0.0000E+00  0.0000E+00  0.0000E+00
     -7.221  0.0000E+00  0.0000E+00  0.0000E+00  0.0000E+00  0.0000E+00  0.0000E+00  0.0000E+00  0.0000E+00  0.0000E+00
     -7.121  0.0000E+00  0.0000E+00  0.0000E+00  0.0000E+00  0.0000E+00  0.0000E+00  0.0000E+00  0.0000E+00  0.0000E+00
     -7.021  0.0000E+00  0.0000E+00  0.0000E+00  0.0000E+00  0.0000E+00  0.0000E+00  0.0000E+00  0.0000E+00  0.0000E+00
     -6.921  0.0000E+00  0.0000E+00  0.0000E+00  0.0000E+00  0.0000E+00  0.0000E+00  0.0000E+00  0.0000E+00  0.0000E+00
     -6.822  0.0000E+00  0.0000E+00  0.0000E+00  0.0000E+00  0.0000E+00  0.0000E+00  0.0000E+00  0.0000E+00  0.0000E+00
     -6.722  0.0000E+00  0.0000E+00  0.0000E+00  0.0000E+00  0.0000E+00  0.0000E+00  0.0000E+00  0.0000E+00  0.0000E+00
     -6.622  0.0000E+00  0.0000E+00  0.0000E+00  0.0000E+00  0.0000E+00  0.0000E+00  0.0000E+00  0.0000E+00  0.0000E+00
     -6.522  0.0000E+00  0.0000E+00  0.0000E+00  0.0000E+00  0.0000E+00  0.0000E+00  0.0000E+00  0.0000E+00  0.0000E+00
     -6.422  0.0000E+00  0.0000E+00  0.0000E+00  0.0000E+00  0.0000E+00  0.0000E+00  0.0000E+00  0.0000E+00  0.0000E+00
     -6.323  0.0000E+00  0.0000E+00  0.0000E+00  0.0000E+00  0.0000E+00  0.0000E+00  0.0000E+00  0.0000E+00  0.0000E+00
     -6.223  0.0000E+00  0.0000E+00  0.0000E+00  0.0000E+00  0.0000E+00  0.0000E+00  0.0000E+00  0.0000E+00  0.0000E+00
     -6.123  0.2374E-01  0.3738E-04  0.3738E-04  0.3738E-04  0.0000E+00  0.0000E+00  0.0000E+00  0.0000E+00  0.0000E+00
     -6.023  0.2539E-01  0.9230E-04  0.9230E-04  0.9230E-04  0.0000E+00  0.0000E+00  0.0000E+00  0.0000E+00  0.0000E+00
     -5.924  0.3252E-01  0.1750E-03  0.1750E-03  0.1750E-03  0.0000E+00  0.0000E+00  0.0000E+00  0.0000E+00  0.0000E+00
     -5.824  0.3694E-01  0.2629E-03  0.2629E-03  0.2629E-03  0.0000E+00  0.0000E+00  0.0000E+00  0.0000E+00  0.0000E+00
     -5.724  0.4140E-01  0.3683E-03  0.3683E-03  0.3683E-03  0.0000E+00  0.0000E+00  0.0000E+00  0.0000E+00  0.0000E+00
     -5.624  0.4538E-01  0.4868E-03  0.4868E-03  0.4868E-03  0.0000E+00  0.0000E+00  0.0000E+00  0.0000E+00  0.0000E+00
     -5.524  0.4941E-01  0.6106E-03  0.6106E-03  0.6106E-03  0.0000E+00  0.0000E+00  0.0000E+00  0.0000E+00  0.0000E+00
     -5.425  0.5275E-01  0.7500E-03  0.7500E-03  0.7500E-03  0.0000E+00  0.0000E+00  0.0000E+00  0.0000E+00  0.0000E+00
     -5.325  0.5628E-01  0.8923E-03  0.8923E-03  0.8923E-03  0.0000E+00  0.0000E+00  0.0000E+00  0.0000E+00  0.0000E+00
     -5.225  0.5939E-01  0.1048E-02  0.1048E-02  0.1048E-02  0.0000E+00  0.0000E+00  0.0000E+00  0.0000E+00  0.0000E+00
     -5.125  0.6252E-01  0.1209E-02  0.1209E-02  0.1209E-02  0.0000E+00  0.0000E+00  0.0000E+00  0.0000E+00  0.0000E+00
     -5.026  0.6567E-01  0.1376E-02  0.1376E-02  0.1376E-02  0.0000E+00  0.0000E+00  0.0000E+00  0.0000E+00  0.0000E+00
     -4.926  0.6850E-01  0.1556E-02  0.1556E-02  0.1556E-02  0.0000E+00  0.0000E+00  0.0000E+00  0.0000E+00  0.0000E+00
     -4.826  0.7157E-01  0.1736E-02  0.1736E-02  0.1736E-02  0.0000E+00  0.0000E+00  0.0000E+00  0.0000E+00  0.0000E+00
     -4.726  0.7442E-01  0.1929E-02  0.1929E-02  0.1929E-02  0.0000E+00  0.0000E+00  0.0000E+00  0.0000E+00  0.0000E+00
     -4.626  0.7729E-01  0.2129E-02  0.2129E-02  0.2129E-02  0.0000E+00  0.0000E+00  0.0000E+00  0.0000E+00  0.0000E+00
     -4.527  0.8036E-01  0.2329E-02  0.2329E-02  0.2329E-02  0.0000E+00  0.0000E+00  0.0000E+00  0.0000E+00  0.0000E+00
     -4.427  0.8325E-01  0.2546E-02  0.2546E-02  0.2546E-02  0.0000E+00  0.0000E+00  0.0000E+00  0.0000E+00  0.0000E+00
     -4.327  0.8628E-01  0.2767E-02  0.2767E-02  0.2767E-02  0.0000E+00  0.0000E+00  0.0000E+00  0.0000E+00  0.0000E+00
     -4.227  0.8953E-01  0.2990E-02  0.2990E-02  0.2990E-02  0.0000E+00  0.0000E+00  0.0000E+00  0.0000E+00  0.0000E+00
     -4.127  0.9276E-01  0.3231E-02  0.3231E-02  0.3231E-02  0.0000E+00  0.0000E+00  0.0000E+00  0.0000E+00  0.0000E+00
     -4.028  0.9623E-01  0.3481E-02  0.3481E-02  0.3481E-02  0.0000E+00  0.0000E+00  0.0000E+00  0.0000E+00  0.0000E+00
     -3.928  0.1000E+00  0.3734E-02  0.3734E-02  0.3734E-02  0.0000E+00  0.0000E+00  0.0000E+00  0.0000E+00  0.0000E+00
     -3.828  0.1041E+00  0.4005E-02  0.4005E-02  0.4005E-02  0.0000E+00  0.0000E+00  0.0000E+00  0.0000E+00  0.0000E+00
     -3.728  0.1087E+00  0.4299E-02  0.4299E-02  0.4299E-02  0.0000E+00  0.0000E+00  0.0000E+00  0.0000E+00  0.0000E+00
     -3.629  0.1141E+00  0.4609E-02  0.4609E-02  0.4609E-02  0.0000E+00  0.0000E+00  0.0000E+00  0.0000E+00  0.0000E+00
     -3.529  0.1206E+00  0.4946E-02  0.4946E-02  0.4946E-02  0.0000E+00  0.0000E+00  0.0000E+00  0.0000E+00  0.0000E+00
     -3.429  0.1292E+00  0.5364E-02  0.5364E-02  0.5364E-02  0.0000E+00  0.0000E+00  0.0000E+00  0.0000E+00  0.0000E+00
     -3.329  0.1438E+00  0.5936E-02  0.5936E-02  0.5936E-02  0.0000E+00  0.0000E+00  0.0000E+00  0.0000E+00  0.0000E+00
     -3.229  0.1627E+00  0.6632E-02  0.6632E-02  0.6632E-02  0.0000E+00  0.0000E+00  0.0000E+00  0.0000E+00  0.0000E+00
     -3.130  0.1577E+00  0.6728E-02  0.6728E-02  0.6728E-02  0.0000E+00  0.0000E+00  0.0000E+00  0.0000E+00  0.0000E+00
     -3.030  0.1497E+00  0.6723E-02  0.6723E-02  0.6723E-02  0.0000E+00  0.0000E+00  0.0000E+00  0.0000E+00  0.0000E+00
     -2.930  0.1442E+00  0.6743E-02  0.6743E-02  0.6743E-02  0.0000E+00  0.0000E+00  0.0000E+00  0.0000E+00  0.0000E+00
     -2.830  0.1398E+00  0.6797E-02  0.6797E-02  0.6797E-02  0.0000E+00  0.0000E+00  0.0000E+00  0.0000E+00  0.0000E+00
     -2.731  0.1334E+00  0.6778E-02  0.6778E-02  0.6778E-02  0.0000E+00  0.0000E+00  0.0000E+00  0.0000E+00  0.0000E+00
     -2.631  0.1286E+00  0.6771E-02  0.6771E-02  0.6771E-02  0.0000E+00  0.0000E+00  0.0000E+00  0.0000E+00  0.0000E+00
     -2.531  0.1227E+00  0.6718E-02  0.6718E-02  0.6718E-02  0.0000E+00  0.0000E+00  0.0000E+00  0.0000E+00  0.0000E+00
     -2.431  0.1184E+00  0.6709E-02  0.6709E-02  0.6709E-02  0.0000E+00  0.0000E+00  0.0000E+00  0.0000E+00  0.0000E+00
     -2.331  0.1121E+00  0.6602E-02  0.6602E-02  0.6602E-02  0.0000E+00  0.0000E+00  0.0000E+00  0.0000E+00  0.0000E+00
     -2.232  0.1073E+00  0.6525E-02  0.6525E-02  0.6525E-02  0.0000E+00  0.0000E+00  0.0000E+00  0.0000E+00  0.0000E+00
     -2.132  0.1014E+00  0.6405E-02  0.6405E-02  0.6405E-02  0.0000E+00  0.0000E+00  0.0000E+00  0.0000E+00  0.0000E+00
     -2.032  0.9632E-01  0.6279E-02  0.6279E-02  0.6279E-02  0.0000E+00  0.0000E+00  0.0000E+00  0.0000E+00  0.0000E+00
     -1.932  0.9087E-01  0.6119E-02  0.6119E-02  0.6119E-02  0.0000E+00  0.0000E+00  0.0000E+00  0.0000E+00  0.0000E+00
     -1.833  0.8476E-01  0.5922E-02  0.5922E-02  0.5922E-02  0.0000E+00  0.0000E+00  0.0000E+00  0.0000E+00  0.0000E+00
     -1.733  0.7936E-01  0.5718E-02  0.5718E-02  0.5718E-02  0.0000E+00  0.0000E+00  0.0000E+00  0.0000E+00  0.0000E+00
     -1.633  0.7289E-01  0.5454E-02  0.5454E-02  0.5454E-02  0.0000E+00  0.0000E+00  0.0000E+00  0.0000E+00  0.0000E+00
     -1.533  0.6741E-01  0.5228E-02  0.5228E-02  0.5228E-02  0.0000E+00  0.0000E+00  0.0000E+00  0.0000E+00  0.0000E+00
     -1.433  0.6398E-01  0.5187E-02  0.5187E-02  0.5187E-02  0.0000E+00  0.0000E+00  0.0000E+00  0.0000E+00  0.0000E+00
     -1.334  0.5759E-01  0.4888E-02  0.4888E-02  0.4888E-02  0.0000E+00  0.0000E+00  0.0000E+00  0.0000E+00  0.0000E+00
     -1.234  0.2942E-01  0.2549E-02  0.2549E-02  0.2549E-02  0.0000E+00  0.0000E+00  0.0000E+00  0.0000E+00  0.0000E+00
     -1.134  0.1610E-01  0.1362E-02  0.1362E-02  0.1362E-02  0.0000E+00  0.0000E+00  0.0000E+00  0.0000E+00  0.0000E+00
     -1.034  0.4619E-02  0.5032E-03  0.5032E-03  0.5032E-03  0.0000E+00  0.0000E+00  0.0000E+00  0.0000E+00  0.0000E+00
     -0.935  0.1305E-01  0.1440E-02  0.1440E-02  0.1440E-02  0.0000E+00  0.0000E+00  0.0000E+00  0.0000E+00  0.0000E+00
     -0.835  0.2441E-01  0.2704E-02  0.2704E-02  0.2704E-02  0.0000E+00  0.0000E+00  0.0000E+00  0.0000E+00  0.0000E+00
     -0.735  0.3792E-01  0.4200E-02  0.4200E-02  0.4200E-02  0.0000E+00  0.0000E+00  0.0000E+00  0.0000E+00  0.0000E+00
     -0.635  0.4763E-01  0.5386E-02  0.5386E-02  0.5386E-02  0.0000E+00  0.0000E+00  0.0000E+00  0.0000E+00  0.0000E+00
     -0.535  0.6321E-01  0.9591E-02  0.9591E-02  0.9591E-02  0.0000E+00  0.0000E+00  0.0000E+00  0.0000E+00  0.0000E+00
     -0.436  0.8561E-01  0.1670E-01  0.1670E-01  0.1670E-01  0.0000E+00  0.0000E+00  0.0000E+00  0.0000E+00  0.0000E+00
     -0.336  0.1072E+00  0.2220E-01  0.2220E-01  0.2220E-01  0.0000E+00  0.0000E+00  0.0000E+00  0.0000E+00  0.0000E+00
     -0.236  0.1344E+00  0.2822E-01  0.2822E-01  0.2822E-01  0.0000E+00  0.0000E+00  0.0000E+00  0.0000E+00  0.0000E+00
     -0.136  0.2198E+00  0.4798E-01  0.4798E-01  0.4798E-01  0.0000E+00  0.0000E+00  0.0000E+00  0.0000E+00  0.0000E+00
     -0.037  0.1649E+00  0.3549E-01  0.3549E-01  0.3549E-01  0.0000E+00  0.0000E+00  0.0000E+00  0.0000E+00  0.0000E+00
      0.063  0.1271E+00  0.2754E-01  0.2754E-01  0.2754E-01  0.0000E+00  0.0000E+00  0.0000E+00  0.0000E+00  0.0000E+00
      0.163  0.1114E+00  0.2431E-01  0.2431E-01  0.2431E-01  0.0000E+00  0.0000E+00  0.0000E+00  0.0000E+00  0.0000E+00
      0.263  0.9940E-01  0.2202E-01  0.2202E-01  0.2202E-01  0.0000E+00  0.0000E+00  0.0000E+00  0.0000E+00  0.0000E+00
      0.363  0.9053E-01  0.2037E-01  0.2037E-01  0.2037E-01  0.0000E+00  0.0000E+00  0.0000E+00  0.0000E+00  0.0000E+00
      0.462  0.8396E-01  0.1917E-01  0.1917E-01  0.1917E-01  0.0000E+00  0.0000E+00  0.0000E+00  0.0000E+00  0.0000E+00
      0.562  0.7771E-01  0.1808E-01  0.1808E-01  0.1808E-01  0.0000E+00  0.0000E+00  0.0000E+00  0.0000E+00  0.0000E+00
      0.662  0.7203E-01  0.1710E-01  0.1710E-01  0.1710E-01  0.0000E+00  0.0000E+00  0.0000E+00  0.0000E+00  0.0000E+00
      0.762  0.6797E-01  0.1642E-01  0.1642E-01  0.1642E-01  0.0000E+00  0.0000E+00  0.0000E+00  0.0000E+00  0.0000E+00
      0.862  0.6370E-01  0.1571E-01  0.1571E-01  0.1571E-01  0.0000E+00  0.0000E+00  0.0000E+00  0.0000E+00  0.0000E+00
      0.961  0.5912E-01  0.1494E-01  0.1494E-01  0.1494E-01  0.0000E+00  0.0000E+00  0.0000E+00  0.0000E+00  0.0000E+00
      1.061  0.5627E-01  0.1448E-01  0.1448E-01  0.1448E-01  0.0000E+00  0.0000E+00  0.0000E+00  0.0000E+00  0.0000E+00
      1.161  0.5328E-01  0.1400E-01  0.1400E-01  0.1400E-01  0.0000E+00  0.0000E+00  0.0000E+00  0.0000E+00  0.0000E+00
      1.261  0.4994E-01  0.1344E-01  0.1344E-01  0.1344E-01  0.0000E+00  0.0000E+00  0.0000E+00  0.0000E+00  0.0000E+00
      1.360  0.4687E-01  0.1291E-01  0.1291E-01  0.1291E-01  0.0000E+00  0.0000E+00  0.0000E+00  0.0000E+00  0.0000E+00
      1.460  0.4470E-01  0.1257E-01  0.1257E-01  0.1257E-01  0.0000E+00  0.0000E+00  0.0000E+00  0.0000E+00  0.0000E+00
      1.560  0.4244E-01  0.1220E-01  0.1220E-01  0.1220E-01  0.0000E+00  0.0000E+00  0.0000E+00  0.0000E+00  0.0000E+00
      1.660  0.3981E-01  0.1174E-01  0.1174E-01  0.1174E-01  0.0000E+00  0.0000E+00  0.0000E+00  0.0000E+00  0.0000E+00
      1.760  0.3737E-01  0.1129E-01  0.1129E-01  0.1129E-01  0.0000E+00  0.0000E+00  0.0000E+00  0.0000E+00  0.0000E+00
      1.859  0.3573E-01  0.1103E-01  0.1103E-01  0.1103E-01  0.0000E+00  0.0000E+00  0.0000E+00  0.0000E+00  0.0000E+00
      1.959  0.3391E-01  0.1072E-01  0.1072E-01  0.1072E-01  0.0000E+00  0.0000E+00  0.0000E+00  0.0000E+00  0.0000E+00
      2.059  0.3192E-01  0.1035E-01  0.1035E-01  0.1035E-01  0.0000E+00  0.0000E+00  0.0000E+00  0.0000E+00  0.0000E+00
      2.159  0.3051E-01  0.1766E-01  0.1766E-01  0.1766E-01  0.0000E+00  0.0000E+00  0.0000E+00  0.0000E+00  0.0000E+00
      2.258  0.3094E-01  0.2817E-01  0.2817E-01  0.2817E-01  0.0000E+00  0.0000E+00  0.0000E+00  0.0000E+00  0.0000E+00
      2.358  0.3149E-01  0.3599E-01  0.3599E-01  0.3599E-01  0.0000E+00  0.0000E+00  0.0000E+00  0.0000E+00  0.0000E+00
      2.458  0.3279E-01  0.4731E-01  0.4731E-01  0.4731E-01  0.0000E+00  0.0000E+00  0.0000E+00  0.0000E+00  0.0000E+00
      2.558  0.3338E-01  0.5201E-01  0.5201E-01  0.5201E-01  0.0000E+00  0.0000E+00  0.0000E+00  0.0000E+00  0.0000E+00
      2.658  0.3370E-01  0.5104E-01  0.5104E-01  0.5104E-01  0.0000E+00  0.0000E+00  0.0000E+00  0.0000E+00  0.0000E+00
      2.757  0.3370E-01  0.4732E-01  0.4732E-01  0.4732E-01  0.0000E+00  0.0000E+00  0.0000E+00  0.0000E+00  0.0000E+00
      2.857  0.3353E-01  0.4692E-01  0.4692E-01  0.4692E-01  0.0000E+00  0.0000E+00  0.0000E+00  0.0000E+00  0.0000E+00
      2.957  0.3297E-01  0.4480E-01  0.4480E-01  0.4480E-01  0.0000E+00  0.0000E+00  0.0000E+00  0.0000E+00  0.0000E+00
      3.057  0.3202E-01  0.4672E-01  0.4672E-01  0.4672E-01  0.0000E+00  0.0000E+00  0.0000E+00  0.0000E+00  0.0000E+00
      3.156  0.3181E-01  0.4771E-01  0.4771E-01  0.4771E-01  0.0000E+00  0.0000E+00  0.0000E+00  0.0000E+00  0.0000E+00
      3.256  0.3139E-01  0.4855E-01  0.4855E-01  0.4855E-01  0.0000E+00  0.0000E+00  0.0000E+00  0.0000E+00  0.0000E+00
      3.356  0.3083E-01  0.4981E-01  0.4981E-01  0.4981E-01  0.0000E+00  0.0000E+00  0.0000E+00  0.0000E+00  0.0000E+00
      3.456  0.2989E-01  0.5181E-01  0.5181E-01  0.5181E-01  0.0000E+00  0.0000E+00  0.0000E+00  0.0000E+00  0.0000E+00
      3.556  0.2890E-01  0.5361E-01  0.5361E-01  0.5361E-01  0.0000E+00  0.0000E+00  0.0000E+00  0.0000E+00  0.0000E+00
      3.655  0.2846E-01  0.5565E-01  0.5565E-01  0.5565E-01  0.0000E+00  0.0000E+00  0.0000E+00  0.0000E+00  0.0000E+00
      3.755  0.2791E-01  0.5899E-01  0.5899E-01  0.5899E-01  0.0000E+00  0.0000E+00  0.0000E+00  0.0000E+00  0.0000E+00
      3.855  0.2705E-01  0.6328E-01  0.6328E-01  0.6328E-01  0.0000E+00  0.0000E+00  0.0000E+00  0.0000E+00  0.0000E+00
      3.955  0.2600E-01  0.6557E-01  0.6557E-01  0.6557E-01  0.0000E+00  0.0000E+00  0.0000E+00  0.0000E+00  0.0000E+00
      4.054  0.2488E-01  0.7416E-01  0.7416E-01  0.7416E-01  0.0000E+00  0.0000E+00  0.0000E+00  0.0000E+00  0.0000E+00
      4.154  0.2414E-01  0.8477E-01  0.8477E-01  0.8477E-01  0.0000E+00  0.0000E+00  0.0000E+00  0.0000E+00  0.0000E+00
      4.254  0.2322E-01  0.8292E-01  0.8292E-01  0.8292E-01  0.0000E+00  0.0000E+00  0.0000E+00  0.0000E+00  0.0000E+00
      4.354  0.2226E-01  0.8184E-01  0.8184E-01  0.8184E-01  0.0000E+00  0.0000E+00  0.0000E+00  0.0000E+00  0.0000E+00
      4.454  0.2116E-01  0.8143E-01  0.8143E-01  0.8143E-01  0.0000E+00  0.0000E+00  0.0000E+00  0.0000E+00  0.0000E+00
      4.553  0.1990E-01  0.8006E-01  0.8006E-01  0.8006E-01  0.0000E+00  0.0000E+00  0.0000E+00  0.0000E+00  0.0000E+00
      4.653  0.1910E-01  0.7943E-01  0.7943E-01  0.7943E-01  0.0000E+00  0.0000E+00  0.0000E+00  0.0000E+00  0.0000E+00
      4.753  0.1835E-01  0.7868E-01  0.7868E-01  0.7868E-01  0.0000E+00  0.0000E+00  0.0000E+00  0.0000E+00  0.0000E+00
      4.853  0.1742E-01  0.7780E-01  0.7780E-01  0.7780E-01  0.0000E+00  0.0000E+00  0.0000E+00  0.0000E+00  0.0000E+00
      4.952  0.1644E-01  0.7750E-01  0.7750E-01  0.7750E-01  0.0000E+00  0.0000E+00  0.0000E+00  0.0000E+00  0.0000E+00
      5.052  0.1534E-01  0.7599E-01  0.7599E-01  0.7599E-01  0.0000E+00  0.0000E+00  0.0000E+00  0.0000E+00  0.0000E+00
      5.152  0.1450E-01  0.7570E-01  0.7570E-01  0.7570E-01  0.0000E+00  0.0000E+00  0.0000E+00  0.0000E+00  0.0000E+00
      5.252  0.1369E-01  0.7520E-01  0.7520E-01  0.7520E-01  0.0000E+00  0.0000E+00  0.0000E+00  0.0000E+00  0.0000E+00
      5.352  0.1273E-01  0.7457E-01  0.7457E-01  0.7457E-01  0.0000E+00  0.0000E+00  0.0000E+00  0.0000E+00  0.0000E+00
      5.451  0.1179E-01  0.7380E-01  0.7380E-01  0.7380E-01  0.0000E+00  0.0000E+00  0.0000E+00  0.0000E+00  0.0000E+00
      5.551  0.1092E-01  0.7356E-01  0.7356E-01  0.7356E-01  0.0000E+00  0.0000E+00  0.0000E+00  0.0000E+00  0.0000E+00
      5.651  0.9923E-02  0.7282E-01  0.7282E-01  0.7282E-01  0.0000E+00  0.0000E+00  0.0000E+00  0.0000E+00  0.0000E+00
      5.751  0.9189E-02  0.7229E-01  0.7229E-01  0.7229E-01  0.0000E+00  0.0000E+00  0.0000E+00  0.0000E+00  0.0000E+00
      5.850  0.8441E-02  0.7160E-01  0.7160E-01  0.7160E-01  0.0000E+00  0.0000E+00  0.0000E+00  0.0000E+00  0.0000E+00
      5.950  0.7750E-02  0.7126E-01  0.7126E-01  0.7126E-01  0.0000E+00  0.0000E+00  0.0000E+00  0.0000E+00  0.0000E+00
      6.050  0.6985E-02  0.7094E-01  0.7094E-01  0.7094E-01  0.0000E+00  0.0000E+00  0.0000E+00  0.0000E+00  0.0000E+00
      6.150  0.6147E-02  0.7006E-01  0.7006E-01  0.7006E-01  0.0000E+00  0.0000E+00  0.0000E+00  0.0000E+00  0.0000E+00
      6.250  0.5542E-02  0.5484E-01  0.5484E-01  0.5484E-01  0.0000E+00  0.0000E+00  0.0000E+00  0.0000E+00  0.0000E+00
      6.349  0.4965E-02  0.4740E-01  0.4740E-01  0.4740E-01  0.0000E+00  0.0000E+00  0.0000E+00  0.0000E+00  0.0000E+00
      6.449  0.4427E-02  0.4213E-01  0.4213E-01  0.4213E-01  0.0000E+00  0.0000E+00  0.0000E+00  0.0000E+00  0.0000E+00
      6.549  0.3884E-02  0.3778E-01  0.3778E-01  0.3778E-01  0.0000E+00  0.0000E+00  0.0000E+00  0.0000E+00  0.0000E+00
      6.649  0.3218E-02  0.3362E-01  0.3362E-01  0.3362E-01  0.0000E+00  0.0000E+00  0.0000E+00  0.0000E+00  0.0000E+00
      6.749  0.2784E-02  0.3029E-01  0.3029E-01  0.3029E-01  0.0000E+00  0.0000E+00  0.0000E+00  0.0000E+00  0.0000E+00
      6.848  0.2357E-02  0.2714E-01  0.2714E-01  0.2714E-01  0.0000E+00  0.0000E+00  0.0000E+00  0.0000E+00  0.0000E+00
      6.948  0.1910E-02  0.2415E-01  0.2415E-01  0.2415E-01  0.0000E+00  0.0000E+00  0.0000E+00  0.0000E+00  0.0000E+00
      7.048  0.1576E-02  0.2138E-01  0.2138E-01  0.2138E-01  0.0000E+00  0.0000E+00  0.0000E+00  0.0000E+00  0.0000E+00
      7.148  0.1117E-02  0.1885E-01  0.1885E-01  0.1885E-01  0.0000E+00  0.0000E+00  0.0000E+00  0.0000E+00  0.0000E+00
      7.247  0.8490E-03  0.1579E-01  0.1579E-01  0.1579E-01  0.0000E+00  0.0000E+00  0.0000E+00  0.0000E+00  0.0000E+00
      7.347  0.5548E-03  0.1290E-01  0.1290E-01  0.1290E-01  0.0000E+00  0.0000E+00  0.0000E+00  0.0000E+00  0.0000E+00
      7.447  0.2842E-03  0.1040E-01  0.1040E-01  0.1040E-01  0.0000E+00  0.0000E+00  0.0000E+00  0.0000E+00  0.0000E+00
      7.547  0.1295E-03  0.5455E-02  0.5455E-02  0.5455E-02  0.0000E+00  0.0000E+00  0.0000E+00  0.0000E+00  0.0000E+00
      7.647  0.0000E+00  0.0000E+00  0.0000E+00  0.0000E+00  0.0000E+00  0.0000E+00  0.0000E+00  0.0000E+00  0.0000E+00
      7.746  0.0000E+00  0.0000E+00  0.0000E+00  0.0000E+00  0.0000E+00  0.0000E+00  0.0000E+00  0.0000E+00  0.0000E+00
      7.846  0.0000E+00  0.0000E+00  0.0000E+00  0.0000E+00  0.0000E+00  0.0000E+00  0.0000E+00  0.0000E+00  0.0000E+00
      7.946  0.0000E+00  0.0000E+00  0.0000E+00  0.0000E+00  0.0000E+00  0.0000E+00  0.0000E+00  0.0000E+00  0.0000E+00
      8.046  0.4369E-06  0.8760E-07  0.8760E-07  0.8760E-07  0.0000E+00  0.0000E+00  0.0000E+00  0.0000E+00  0.0000E+00
      8.145  0.5288E-02  0.1095E-02  0.1095E-02  0.1095E-02  0.0000E+00  0.0000E+00  0.0000E+00  0.0000E+00  0.0000E+00
      8.245  0.9017E-02  0.2009E-02  0.2009E-02  0.2009E-02  0.0000E+00  0.0000E+00  0.0000E+00  0.0000E+00  0.0000E+00
      8.345  0.1264E-01  0.2970E-02  0.2970E-02  0.2970E-02  0.0000E+00  0.0000E+00  0.0000E+00  0.0000E+00  0.0000E+00
      8.445  0.1459E-01  0.3710E-02  0.3710E-02  0.3710E-02  0.0000E+00  0.0000E+00  0.0000E+00  0.0000E+00  0.0000E+00
      8.545  0.1637E-01  0.4471E-02  0.4471E-02  0.4471E-02  0.0000E+00  0.0000E+00  0.0000E+00  0.0000E+00  0.0000E+00
      8.644  0.1829E-01  0.5304E-02  0.5304E-02  0.5304E-02  0.0000E+00  0.0000E+00  0.0000E+00  0.0000E+00  0.0000E+00
      8.744  0.2025E-01  0.6253E-02  0.6253E-02  0.6253E-02  0.0000E+00  0.0000E+00  0.0000E+00  0.0000E+00  0.0000E+00
      8.844  0.2133E-01  0.7031E-02  0.7031E-02  0.7031E-02  0.0000E+00  0.0000E+00  0.0000E+00  0.0000E+00  0.0000E+00
      8.944  0.2246E-01  0.7859E-02  0.7859E-02  0.7859E-02  0.0000E+00  0.0000E+00  0.0000E+00  0.0000E+00  0.0000E+00
      9.043  0.2358E-01  0.8759E-02  0.8759E-02  0.8759E-02  0.0000E+00  0.0000E+00  0.0000E+00  0.0000E+00  0.0000E+00
      9.143  0.2473E-01  0.9680E-02  0.9680E-02  0.9680E-02  0.0000E+00  0.0000E+00  0.0000E+00  0.0000E+00  0.0000E+00
      9.243  0.2591E-01  0.1066E-01  0.1066E-01  0.1066E-01  0.0000E+00  0.0000E+00  0.0000E+00  0.0000E+00  0.0000E+00
      9.343  0.2696E-01  0.1174E-01  0.1174E-01  0.1174E-01  0.0000E+00  0.0000E+00  0.0000E+00  0.0000E+00  0.0000E+00
      9.443  0.2820E-01  0.1295E-01  0.1295E-01  0.1295E-01  0.0000E+00  0.0000E+00  0.0000E+00  0.0000E+00  0.0000E+00
      9.542  0.2886E-01  0.1393E-01  0.1393E-01  0.1393E-01  0.0000E+00  0.0000E+00  0.0000E+00  0.0000E+00  0.0000E+00
      9.642  0.2967E-01  0.1511E-01  0.1511E-01  0.1511E-01  0.0000E+00  0.0000E+00  0.0000E+00  0.0000E+00  0.0000E+00
      9.742  0.3061E-01  0.1633E-01  0.1633E-01  0.1633E-01  0.0000E+00  0.0000E+00  0.0000E+00  0.0000E+00  0.0000E+00
      9.842  0.3166E-01  0.1765E-01  0.1765E-01  0.1765E-01  0.0000E+00  0.0000E+00  0.0000E+00  0.0000E+00  0.0000E+00
      9.941  0.3268E-01  0.1911E-01  0.1911E-01  0.1911E-01  0.0000E+00  0.0000E+00  0.0000E+00  0.0000E+00  0.0000E+00
     10.041  0.3388E-01  0.2069E-01  0.2069E-01  0.2069E-01  0.0000E+00  0.0000E+00  0.0000E+00  0.0000E+00  0.0000E+00
     10.141  0.3533E-01  0.2246E-01  0.2246E-01  0.2246E-01  0.0000E+00  0.0000E+00  0.0000E+00  0.0000E+00  0.0000E+00
     10.241  0.4493E-01  0.2474E-01  0.2474E-01  0.2474E-01  0.0000E+00  0.0000E+00  0.0000E+00  0.0000E+00  0.0000E+00
     10.341  0.6009E-01  0.2787E-01  0.2787E-01  0.2787E-01  0.0000E+00  0.0000E+00  0.0000E+00  0.0000E+00  0.0000E+00
     10.440  0.7844E-01  0.3306E-01  0.3306E-01  0.3306E-01  0.0000E+00  0.0000E+00  0.0000E+00  0.0000E+00  0.0000E+00
     10.540  0.9398E-01  0.3807E-01  0.3807E-01  0.3807E-01  0.0000E+00  0.0000E+00  0.0000E+00  0.0000E+00  0.0000E+00
     10.640  0.7807E-01  0.3919E-01  0.3919E-01  0.3919E-01  0.0000E+00  0.0000E+00  0.0000E+00  0.0000E+00  0.0000E+00
     10.740  0.7181E-01  0.4132E-01  0.4132E-01  0.4132E-01  0.0000E+00  0.0000E+00  0.0000E+00  0.0000E+00  0.0000E+00
     10.839  0.4711E-01  0.3308E-01  0.3308E-01  0.3308E-01  0.0000E+00  0.0000E+00  0.0000E+00  0.0000E+00  0.0000E+00
     10.939  0.3896E-01  0.3167E-01  0.3167E-01  0.3167E-01  0.0000E+00  0.0000E+00  0.0000E+00  0.0000E+00  0.0000E+00
     11.039  0.4024E-01  0.4012E-01  0.4012E-01  0.4012E-01  0.0000E+00  0.0000E+00  0.0000E+00  0.0000E+00  0.0000E+00
     11.139  0.3939E-01  0.4187E-01  0.4187E-01  0.4187E-01  0.0000E+00  0.0000E+00  0.0000E+00  0.0000E+00  0.0000E+00
     11.239  0.4322E-01  0.4638E-01  0.4638E-01  0.4638E-01  0.0000E+00  0.0000E+00  0.0000E+00  0.0000E+00  0.0000E+00
     11.338  0.4263E-01  0.5303E-01  0.5303E-01  0.5303E-01  0.0000E+00  0.0000E+00  0.0000E+00  0.0000E+00  0.0000E+00
     11.438  0.3966E-01  0.4252E-01  0.4252E-01  0.4252E-01  0.0000E+00  0.0000E+00  0.0000E+00  0.0000E+00  0.0000E+00
     11.538  0.4676E-01  0.4871E-01  0.4871E-01  0.4871E-01  0.0000E+00  0.0000E+00  0.0000E+00  0.0000E+00  0.0000E+00
     11.638  0.4337E-01  0.4945E-01  0.4945E-01  0.4945E-01  0.0000E+00  0.0000E+00  0.0000E+00  0.0000E+00  0.0000E+00
     11.737  0.3956E-01  0.4868E-01  0.4868E-01  0.4868E-01  0.0000E+00  0.0000E+00  0.0000E+00  0.0000E+00  0.0000E+00
     11.837  0.3686E-01  0.4724E-01  0.4724E-01  0.4724E-01  0.0000E+00  0.0000E+00  0.0000E+00  0.0000E+00  0.0000E+00
     11.937  0.3325E-01  0.4372E-01  0.4372E-01  0.4372E-01  0.0000E+00  0.0000E+00  0.0000E+00  0.0000E+00  0.0000E+00
     12.037  0.3189E-01  0.4202E-01  0.4202E-01  0.4202E-01  0.0000E+00  0.0000E+00  0.0000E+00  0.0000E+00  0.0000E+00
     12.137  0.2904E-01  0.3971E-01  0.3971E-01  0.3971E-01  0.0000E+00  0.0000E+00  0.0000E+00  0.0000E+00  0.0000E+00
     12.236  0.2730E-01  0.3803E-01  0.3803E-01  0.3803E-01  0.0000E+00  0.0000E+00  0.0000E+00  0.0000E+00  0.0000E+00
     12.336  0.2341E-01  0.3583E-01  0.3583E-01  0.3583E-01  0.0000E+00  0.0000E+00  0.0000E+00  0.0000E+00  0.0000E+00
     12.436  0.1875E-01  0.3034E-01  0.3034E-01  0.3034E-01  0.0000E+00  0.0000E+00  0.0000E+00  0.0000E+00  0.0000E+00
     12.536  0.2013E-01  0.2911E-01  0.2911E-01  0.2911E-01  0.0000E+00  0.0000E+00  0.0000E+00  0.0000E+00  0.0000E+00
     12.636  0.2538E-01  0.2947E-01  0.2947E-01  0.2947E-01  0.0000E+00  0.0000E+00  0.0000E+00  0.0000E+00  0.0000E+00
     12.735  0.2673E-01  0.2899E-01  0.2899E-01  0.2899E-01  0.0000E+00  0.0000E+00  0.0000E+00  0.0000E+00  0.0000E+00
     12.835  0.2951E-01  0.3007E-01  0.3007E-01  0.3007E-01  0.0000E+00  0.0000E+00  0.0000E+00  0.0000E+00  0.0000E+00
     12.935  0.3031E-01  0.3091E-01  0.3091E-01  0.3091E-01  0.0000E+00  0.0000E+00  0.0000E+00  0.0000E+00  0.0000E+00
     13.035  0.2813E-01  0.3105E-01  0.3105E-01  0.3105E-01  0.0000E+00  0.0000E+00  0.0000E+00  0.0000E+00  0.0000E+00
     13.134  0.2827E-01  0.3125E-01  0.3125E-01  0.3125E-01  0.0000E+00  0.0000E+00  0.0000E+00  0.0000E+00  0.0000E+00
     13.234  0.2826E-01  0.3066E-01  0.3066E-01  0.3066E-01  0.0000E+00  0.0000E+00  0.0000E+00  0.0000E+00  0.0000E+00
     13.334  0.3057E-01  0.3126E-01  0.3126E-01  0.3126E-01  0.0000E+00  0.0000E+00  0.0000E+00  0.0000E+00  0.0000E+00
     13.434  0.2865E-01  0.3012E-01  0.3012E-01  0.3012E-01  0.0000E+00  0.0000E+00  0.0000E+00  0.0000E+00  0.0000E+00
     13.534  0.2818E-01  0.2960E-01  0.2960E-01  0.2960E-01  0.0000E+00  0.0000E+00  0.0000E+00  0.0000E+00  0.0000E+00
     13.633  0.2920E-01  0.3056E-01  0.3056E-01  0.3056E-01  0.0000E+00  0.0000E+00  0.0000E+00  0.0000E+00  0.0000E+00
     13.733  0.2777E-01  0.3041E-01  0.3041E-01  0.3041E-01  0.0000E+00  0.0000E+00  0.0000E+00  0.0000E+00  0.0000E+00
     13.833  0.2741E-01  0.3015E-01  0.3015E-01  0.3015E-01  0.0000E+00  0.0000E+00  0.0000E+00  0.0000E+00  0.0000E+00
     13.933  0.2927E-01  0.2871E-01  0.2871E-01  0.2871E-01  0.0000E+00  0.0000E+00  0.0000E+00  0.0000E+00  0.0000E+00
     14.032  0.3037E-01  0.2858E-01  0.2858E-01  0.2858E-01  0.0000E+00  0.0000E+00  0.0000E+00  0.0000E+00  0.0000E+00
     14.132  0.3221E-01  0.2815E-01  0.2815E-01  0.2815E-01  0.0000E+00  0.0000E+00  0.0000E+00  0.0000E+00  0.0000E+00
     14.232  0.3283E-01  0.2835E-01  0.2835E-01  0.2835E-01  0.0000E+00  0.0000E+00  0.0000E+00  0.0000E+00  0.0000E+00
     14.332  0.3305E-01  0.2926E-01  0.2926E-01  0.2926E-01  0.0000E+00  0.0000E+00  0.0000E+00  0.0000E+00  0.0000E+00
     14.432  0.2798E-01  0.2801E-01  0.2801E-01  0.2801E-01  0.0000E+00  0.0000E+00  0.0000E+00  0.0000E+00  0.0000E+00
     14.531  0.2523E-01  0.2765E-01  0.2765E-01  0.2765E-01  0.0000E+00  0.0000E+00  0.0000E+00  0.0000E+00  0.0000E+00
     14.631  0.2372E-01  0.2794E-01  0.2794E-01  0.2794E-01  0.0000E+00  0.0000E+00  0.0000E+00  0.0000E+00  0.0000E+00
     14.731  0.1940E-01  0.2548E-01  0.2548E-01  0.2548E-01  0.0000E+00  0.0000E+00  0.0000E+00  0.0000E+00  0.0000E+00
     14.831  0.1792E-01  0.2472E-01  0.2472E-01  0.2472E-01  0.0000E+00  0.0000E+00  0.0000E+00  0.0000E+00  0.0000E+00
     14.930  0.1672E-01  0.2432E-01  0.2432E-01  0.2432E-01  0.0000E+00  0.0000E+00  0.0000E+00  0.0000E+00  0.0000E+00
     15.030  0.1696E-01  0.2504E-01  0.2504E-01  0.2504E-01  0.0000E+00  0.0000E+00  0.0000E+00  0.0000E+00  0.0000E+00
     15.130  0.1667E-01  0.2547E-01  0.2547E-01  0.2547E-01  0.0000E+00  0.0000E+00  0.0000E+00  0.0000E+00  0.0000E+00
     15.230  0.1603E-01  0.2533E-01  0.2533E-01  0.2533E-01  0.0000E+00  0.0000E+00  0.0000E+00  0.0000E+00  0.0000E+00
     15.330  0.1626E-01  0.2590E-01  0.2590E-01  0.2590E-01  0.0000E+00  0.0000E+00  0.0000E+00  0.0000E+00  0.0000E+00
     15.429  0.1736E-01  0.2735E-01  0.2735E-01  0.2735E-01  0.0000E+00  0.0000E+00  0.0000E+00  0.0000E+00  0.0000E+00
     15.529  0.1859E-01  0.2862E-01  0.2862E-01  0.2862E-01  0.0000E+00  0.0000E+00  0.0000E+00  0.0000E+00  0.0000E+00
     15.629  0.1943E-01  0.2904E-01  0.2904E-01  0.2904E-01  0.0000E+00  0.0000E+00  0.0000E+00  0.0000E+00  0.0000E+00
     15.729  0.1926E-01  0.2878E-01  0.2878E-01  0.2878E-01  0.0000E+00  0.0000E+00  0.0000E+00  0.0000E+00  0.0000E+00
     15.828  0.1355E-01  0.2325E-01  0.2325E-01  0.2325E-01  0.0000E+00  0.0000E+00  0.0000E+00  0.0000E+00  0.0000E+00
     15.928  0.1143E-01  0.2102E-01  0.2102E-01  0.2102E-01  0.0000E+00  0.0000E+00  0.0000E+00  0.0000E+00  0.0000E+00
     16.028  0.1000E-01  0.1933E-01  0.1933E-01  0.1933E-01  0.0000E+00  0.0000E+00  0.0000E+00  0.0000E+00  0.0000E+00
     16.128  0.9090E-02  0.1827E-01  0.1827E-01  0.1827E-01  0.0000E+00  0.0000E+00  0.0000E+00  0.0000E+00  0.0000E+00
     16.228  0.8410E-02  0.1760E-01  0.1760E-01  0.1760E-01  0.0000E+00  0.0000E+00  0.0000E+00  0.0000E+00  0.0000E+00
     16.327  0.8490E-02  0.1855E-01  0.1855E-01  0.1855E-01  0.0000E+00  0.0000E+00  0.0000E+00  0.0000E+00  0.0000E+00
     16.427  0.8149E-02  0.1926E-01  0.1926E-01  0.1926E-01  0.0000E+00  0.0000E+00  0.0000E+00  0.0000E+00  0.0000E+00
     16.527  0.6494E-02  0.1634E-01  0.1634E-01  0.1634E-01  0.0000E+00  0.0000E+00  0.0000E+00  0.0000E+00  0.0000E+00
     16.627  0.5384E-02  0.1459E-01  0.1459E-01  0.1459E-01  0.0000E+00  0.0000E+00  0.0000E+00  0.0000E+00  0.0000E+00
     16.726  0.4818E-02  0.1388E-01  0.1388E-01  0.1388E-01  0.0000E+00  0.0000E+00  0.0000E+00  0.0000E+00  0.0000E+00
     16.826  0.4382E-02  0.1345E-01  0.1345E-01  0.1345E-01  0.0000E+00  0.0000E+00  0.0000E+00  0.0000E+00  0.0000E+00
     16.926  0.3628E-02  0.1034E-01  0.1034E-01  0.1034E-01  0.0000E+00  0.0000E+00  0.0000E+00  0.0000E+00  0.0000E+00
     17.026  0.3178E-02  0.8727E-02  0.8727E-02  0.8727E-02  0.0000E+00  0.0000E+00  0.0000E+00  0.0000E+00  0.0000E+00
     17.126  0.2878E-02  0.7834E-02  0.7834E-02  0.7834E-02  0.0000E+00  0.0000E+00  0.0000E+00  0.0000E+00  0.0000E+00
     17.225  0.2647E-02  0.7323E-02  0.7323E-02  0.7323E-02  0.0000E+00  0.0000E+00  0.0000E+00  0.0000E+00  0.0000E+00
     17.325  0.2537E-02  0.7124E-02  0.7124E-02  0.7124E-02  0.0000E+00  0.0000E+00  0.0000E+00  0.0000E+00  0.0000E+00
     17.425  0.2086E-02  0.6396E-02  0.6396E-02  0.6396E-02  0.0000E+00  0.0000E+00  0.0000E+00  0.0000E+00  0.0000E+00
     17.525  0.1726E-02  0.5741E-02  0.5741E-02  0.5741E-02  0.0000E+00  0.0000E+00  0.0000E+00  0.0000E+00  0.0000E+00
     17.625  0.1523E-02  0.5271E-02  0.5271E-02  0.5271E-02  0.0000E+00  0.0000E+00  0.0000E+00  0.0000E+00  0.0000E+00
     17.724  0.1411E-02  0.4895E-02  0.4895E-02  0.4895E-02  0.0000E+00  0.0000E+00  0.0000E+00  0.0000E+00  0.0000E+00
     17.824  0.1285E-02  0.4567E-02  0.4567E-02  0.4567E-02  0.0000E+00  0.0000E+00  0.0000E+00  0.0000E+00  0.0000E+00
     17.924  0.1131E-02  0.4175E-02  0.4175E-02  0.4175E-02  0.0000E+00  0.0000E+00  0.0000E+00  0.0000E+00  0.0000E+00
     18.024  0.9922E-03  0.3807E-02  0.3807E-02  0.3807E-02  0.0000E+00  0.0000E+00  0.0000E+00  0.0000E+00  0.0000E+00
     18.123  0.8602E-03  0.3467E-02  0.3467E-02  0.3467E-02  0.0000E+00  0.0000E+00  0.0000E+00  0.0000E+00  0.0000E+00
     18.223  0.7728E-03  0.3239E-02  0.3239E-02  0.3239E-02  0.0000E+00  0.0000E+00  0.0000E+00  0.0000E+00  0.0000E+00
     18.323  0.6639E-03  0.2908E-02  0.2908E-02  0.2908E-02  0.0000E+00  0.0000E+00  0.0000E+00  0.0000E+00  0.0000E+00
     18.423  0.5577E-03  0.2546E-02  0.2546E-02  0.2546E-02  0.0000E+00  0.0000E+00  0.0000E+00  0.0000E+00  0.0000E+00
     18.523  0.4680E-03  0.2226E-02  0.2226E-02  0.2226E-02  0.0000E+00  0.0000E+00  0.0000E+00  0.0000E+00  0.0000E+00
     18.622  0.3961E-03  0.1988E-02  0.1988E-02  0.1988E-02  0.0000E+00  0.0000E+00  0.0000E+00  0.0000E+00  0.0000E+00
     18.722  0.3247E-03  0.1825E-02  0.1825E-02  0.1825E-02  0.0000E+00  0.0000E+00  0.0000E+00  0.0000E+00  0.0000E+00
     18.822  0.2979E-03  0.1836E-02  0.1836E-02  0.1836E-02  0.0000E+00  0.0000E+00  0.0000E+00  0.0000E+00  0.0000E+00
     18.922  0.2092E-03  0.1386E-02  0.1386E-02  0.1386E-02  0.0000E+00  0.0000E+00  0.0000E+00  0.0000E+00  0.0000E+00
     19.021  0.1270E-03  0.9895E-03  0.9895E-03  0.9895E-03  0.0000E+00  0.0000E+00  0.0000E+00  0.0000E+00  0.0000E+00
     19.121  0.8519E-04  0.7558E-03  0.7558E-03  0.7558E-03  0.0000E+00  0.0000E+00  0.0000E+00  0.0000E+00  0.0000E+00
     19.221  0.6515E-04  0.5733E-03  0.5733E-03  0.5733E-03  0.0000E+00  0.0000E+00  0.0000E+00  0.0000E+00  0.0000E+00
     19.321  0.4841E-04  0.4239E-03  0.4239E-03  0.4239E-03  0.0000E+00  0.0000E+00  0.0000E+00  0.0000E+00  0.0000E+00
     19.421  0.3375E-04  0.3044E-03  0.3044E-03  0.3044E-03  0.0000E+00  0.0000E+00  0.0000E+00  0.0000E+00  0.0000E+00
     19.520  0.2147E-04  0.2173E-03  0.2173E-03  0.2173E-03  0.0000E+00  0.0000E+00  0.0000E+00  0.0000E+00  0.0000E+00
     19.620  0.1270E-04  0.1814E-03  0.1814E-03  0.1814E-03  0.0000E+00  0.0000E+00  0.0000E+00  0.0000E+00  0.0000E+00
     19.720  0.0000E+00  0.0000E+00  0.0000E+00  0.0000E+00  0.0000E+00  0.0000E+00  0.0000E+00  0.0000E+00  0.0000E+00
     19.820  0.0000E+00  0.0000E+00  0.0000E+00  0.0000E+00  0.0000E+00  0.0000E+00  0.0000E+00  0.0000E+00  0.0000E+00
     19.919  0.0000E+00  0.0000E+00  0.0000E+00  0.0000E+00  0.0000E+00  0.0000E+00  0.0000E+00  0.0000E+00  0.0000E+00
     20.019  0.0000E+00  0.0000E+00  0.0000E+00  0.0000E+00  0.0000E+00  0.0000E+00  0.0000E+00  0.0000E+00  0.0000E+00
     20.119  0.0000E+00  0.0000E+00  0.0000E+00  0.0000E+00  0.0000E+00  0.0000E+00  0.0000E+00  0.0000E+00  0.0000E+00
     20.219  0.0000E+00  0.0000E+00  0.0000E+00  0.0000E+00  0.0000E+00  0.0000E+00  0.0000E+00  0.0000E+00  0.0000E+00
     20.319  0.0000E+00  0.0000E+00  0.0000E+00  0.0000E+00  0.0000E+00  0.0000E+00  0.0000E+00  0.0000E+00  0.0000E+00
     20.418  0.0000E+00  0.0000E+00  0.0000E+00  0.0000E+00  0.0000E+00  0.0000E+00  0.0000E+00  0.0000E+00  0.0000E+00
     20.518  0.0000E+00  0.0000E+00  0.0000E+00  0.0000E+00  0.0000E+00  0.0000E+00  0.0000E+00  0.0000E+00  0.0000E+00
     20.618  0.0000E+00  0.0000E+00  0.0000E+00  0.0000E+00  0.0000E+00  0.0000E+00  0.0000E+00  0.0000E+00  0.0000E+00
     20.718  0.0000E+00  0.0000E+00  0.0000E+00  0.0000E+00  0.0000E+00  0.0000E+00  0.0000E+00  0.0000E+00  0.0000E+00
     20.817  0.0000E+00  0.0000E+00  0.0000E+00  0.0000E+00  0.0000E+00  0.0000E+00  0.0000E+00  0.0000E+00  0.0000E+00
     20.917  0.0000E+00  0.0000E+00  0.0000E+00  0.0000E+00  0.0000E+00  0.0000E+00  0.0000E+00  0.0000E+00  0.0000E+00
     21.017  0.0000E+00  0.0000E+00  0.0000E+00  0.0000E+00  0.0000E+00  0.0000E+00  0.0000E+00  0.0000E+00  0.0000E+00
     21.117  0.0000E+00  0.0000E+00  0.0000E+00  0.0000E+00  0.0000E+00  0.0000E+00  0.0000E+00  0.0000E+00  0.0000E+00
     21.217  0.0000E+00  0.0000E+00  0.0000E+00  0.0000E+00  0.0000E+00  0.0000E+00  0.0000E+00  0.0000E+00  0.0000E+00
     21.316  0.0000E+00  0.0000E+00  0.0000E+00  0.0000E+00  0.0000E+00  0.0000E+00  0.0000E+00  0.0000E+00  0.0000E+00
     21.416  0.0000E+00  0.0000E+00  0.0000E+00  0.0000E+00  0.0000E+00  0.0000E+00  0.0000E+00  0.0000E+00  0.0000E+00
     21.516  0.0000E+00  0.0000E+00  0.0000E+00  0.0000E+00  0.0000E+00  0.0000E+00  0.0000E+00  0.0000E+00  0.0000E+00
     21.616  0.0000E+00  0.0000E+00  0.0000E+00  0.0000E+00  0.0000E+00  0.0000E+00  0.0000E+00  0.0000E+00  0.0000E+00
     21.715  0.0000E+00  0.0000E+00  0.0000E+00  0.0000E+00  0.0000E+00  0.0000E+00  0.0000E+00  0.0000E+00  0.0000E+00
