   2   2   1   0
  0.2023629E+02  0.3853825E-09  0.3853825E-09  0.3853825E-09  0.5000000E-15
  1.000000000000000E-004
  CAR 
 Si                                      
     18.32671657     -8.82143197  301      5.62896305      1.00000000
     -8.821  0.0000E+00  0.0000E+00
     -8.731  0.0000E+00  0.0000E+00
     -8.640  0.0000E+00  0.0000E+00
     -8.550  0.0000E+00  0.0000E+00
     -8.459  0.0000E+00  0.0000E+00
     -8.369  0.0000E+00  0.0000E+00
     -8.278  0.0000E+00  0.0000E+00
     -8.188  0.0000E+00  0.0000E+00
     -8.097  0.0000E+00  0.0000E+00
     -8.007  0.0000E+00  0.0000E+00
     -7.916  0.0000E+00  0.0000E+00
     -7.826  0.0000E+00  0.0000E+00
     -7.736  0.0000E+00  0.0000E+00
     -7.645  0.0000E+00  0.0000E+00
     -7.555  0.0000E+00  0.0000E+00
     -7.464  0.0000E+00  0.0000E+00
     -7.374  0.0000E+00  0.0000E+00
     -7.283  0.0000E+00  0.0000E+00
     -7.193  0.0000E+00  0.0000E+00
     -7.102  0.0000E+00  0.0000E+00
     -7.012  0.0000E+00  0.0000E+00
     -6.921  0.0000E+00  0.0000E+00
     -6.831  0.0000E+00  0.0000E+00
     -6.740  0.1150E+00  0.4366E-02
     -6.650  0.1309E+00  0.1442E-01
     -6.559  0.1645E+00  0.2789E-01
     -6.469  0.1935E+00  0.4404E-01
     -6.378  0.2168E+00  0.6264E-01
     -6.288  0.2417E+00  0.8339E-01
     -6.197  0.2612E+00  0.1061E+00
     -6.107  0.2832E+00  0.1308E+00
     -6.016  0.3012E+00  0.1572E+00
     -5.926  0.3210E+00  0.1853E+00
     -5.835  0.3388E+00  0.2152E+00
     -5.745  0.3568E+00  0.2467E+00
     -5.654  0.3758E+00  0.2798E+00
     -5.564  0.3929E+00  0.3146E+00
     -5.473  0.4113E+00  0.3510E+00
     -5.383  0.4300E+00  0.3890E+00
     -5.292  0.4483E+00  0.4288E+00
     -5.202  0.4679E+00  0.4702E+00
     -5.111  0.4884E+00  0.5135E+00
     -5.021  0.5094E+00  0.5586E+00
     -4.930  0.5325E+00  0.6057E+00
     -4.840  0.5580E+00  0.6551E+00
     -4.749  0.5862E+00  0.7068E+00
     -4.659  0.6196E+00  0.7613E+00
     -4.568  0.6620E+00  0.8192E+00
     -4.478  0.7229E+00  0.8816E+00
     -4.387  0.8493E+00  0.9526E+00
     -4.297  0.8668E+00  0.1030E+01
     -4.206  0.8174E+00  0.1105E+01
     -4.116  0.7831E+00  0.1177E+01
     -4.025  0.7525E+00  0.1247E+01
     -3.935  0.7290E+00  0.1313E+01
     -3.844  0.6969E+00  0.1378E+01
     -3.754  0.6715E+00  0.1440E+01
     -3.663  0.6393E+00  0.1499E+01
     -3.573  0.6147E+00  0.1556E+01
     -3.482  0.5826E+00  0.1610E+01
     -3.392  0.5541E+00  0.1662E+01
     -3.301  0.5258E+00  0.1711E+01
     -3.211  0.4917E+00  0.1757E+01
     -3.120  0.4621E+00  0.1800E+01
     -3.030  0.4285E+00  0.1840E+01
     -2.939  0.3947E+00  0.1877E+01
     -2.849  0.3589E+00  0.1911E+01
     -2.758  0.3281E+00  0.1942E+01
     -2.668  0.2768E+00  0.1971E+01
     -2.577  0.1633E+00  0.1990E+01
     -2.487  0.1114E-01  0.2000E+01
     -2.396  0.1688E-01  0.2001E+01
     -2.306  0.6750E-01  0.2004E+01
     -2.215  0.1532E+00  0.2014E+01
     -2.125  0.2676E+00  0.2033E+01
     -2.034  0.2921E+00  0.2057E+01
     -1.944  0.3341E+00  0.2086E+01
     -1.853  0.3868E+00  0.2118E+01
     -1.763  0.4336E+00  0.2155E+01
     -1.672  0.5006E+00  0.2198E+01
     -1.582  0.5698E+00  0.2246E+01
     -1.491  0.1053E+01  0.2319E+01
     -1.401  0.2389E+01  0.2442E+01
     -1.310  0.1207E+01  0.2586E+01
     -1.220  0.9520E+00  0.2682E+01
     -1.129  0.8308E+00  0.2762E+01
     -1.039  0.7445E+00  0.2833E+01
     -0.948  0.6760E+00  0.2898E+01
     -0.858  0.6265E+00  0.2956E+01
     -0.767  0.5848E+00  0.3011E+01
     -0.677  0.5458E+00  0.3062E+01
     -0.586  0.5104E+00  0.3110E+01
     -0.496  0.4846E+00  0.3155E+01
     -0.406  0.4591E+00  0.3198E+01
     -0.315  0.4335E+00  0.3238E+01
     -0.225  0.4092E+00  0.3276E+01
     -0.134  0.3916E+00  0.3312E+01
     -0.044  0.3735E+00  0.3347E+01
      0.047  0.3543E+00  0.3380E+01
      0.137  0.3349E+00  0.3411E+01
      0.228  0.3219E+00  0.3441E+01
      0.318  0.3087E+00  0.3469E+01
      0.409  0.2944E+00  0.3497E+01
      0.499  0.2785E+00  0.3523E+01
      0.590  0.2661E+00  0.3547E+01
      0.680  0.2563E+00  0.3571E+01
      0.771  0.2456E+00  0.3594E+01
      0.861  0.2343E+00  0.3615E+01
      0.952  0.2213E+00  0.3636E+01
      1.042  0.2121E+00  0.3655E+01
      1.133  0.4665E+00  0.3682E+01
      1.223  0.7079E+00  0.3735E+01
      1.314  0.9346E+00  0.3809E+01
      1.404  0.1266E+01  0.3912E+01
      1.495  0.1157E+01  0.4019E+01
      1.585  0.1083E+01  0.4121E+01
      1.676  0.1012E+01  0.4215E+01
      1.766  0.9749E+00  0.4305E+01
      1.857  0.1010E+01  0.4395E+01
      1.947  0.9861E+00  0.4484E+01
      2.038  0.1009E+01  0.4575E+01
      2.128  0.1053E+01  0.4668E+01
      2.219  0.1052E+01  0.4763E+01
      2.309  0.1086E+01  0.4860E+01
      2.400  0.1159E+01  0.4962E+01
      2.490  0.1202E+01  0.5069E+01
      2.581  0.1336E+01  0.5181E+01
      2.671  0.1505E+01  0.5310E+01
      2.762  0.1476E+01  0.5445E+01
      2.852  0.1450E+01  0.5578E+01
      2.943  0.1424E+01  0.5707E+01
      3.033  0.1403E+01  0.5835E+01
      3.124  0.1378E+01  0.5961E+01
      3.214  0.1356E+01  0.6085E+01
      3.305  0.1330E+01  0.6206E+01
      3.395  0.1310E+01  0.6326E+01
      3.486  0.1291E+01  0.6443E+01
      3.576  0.1262E+01  0.6559E+01
      3.667  0.1237E+01  0.6672E+01
      3.757  0.1224E+01  0.6783E+01
      3.848  0.1205E+01  0.6893E+01
      3.938  0.1186E+01  0.7001E+01
      4.029  0.1163E+01  0.7108E+01
      4.119  0.1151E+01  0.7212E+01
      4.210  0.1137E+01  0.7316E+01
      4.300  0.1113E+01  0.7418E+01
      4.391  0.9518E+00  0.7514E+01
      4.481  0.7680E+00  0.7589E+01
      4.572  0.6667E+00  0.7653E+01
      4.662  0.5845E+00  0.7710E+01
      4.753  0.5180E+00  0.7760E+01
      4.843  0.4629E+00  0.7804E+01
      4.934  0.4080E+00  0.7843E+01
      5.024  0.3565E+00  0.7878E+01
      5.115  0.3114E+00  0.7908E+01
      5.205  0.2677E+00  0.7934E+01
      5.296  0.2229E+00  0.7957E+01
      5.386  0.1835E+00  0.7975E+01
      5.477  0.1322E+00  0.7989E+01
      5.567  0.6069E-01  0.7998E+01
      5.658  0.0000E+00  0.8000E+01
      5.748  0.0000E+00  0.8000E+01
      5.839  0.0000E+00  0.8000E+01
      5.929  0.0000E+00  0.8000E+01
      6.020  0.0000E+00  0.8000E+01
      6.110  0.0000E+00  0.8000E+01
      6.201  0.0000E+00  0.8000E+01
      6.291  0.0000E+00  0.8000E+01
      6.382  0.0000E+00  0.8000E+01
      6.472  0.4079E-01  0.8001E+01
      6.563  0.1434E+00  0.8010E+01
      6.653  0.2110E+00  0.8026E+01
      6.744  0.2968E+00  0.8049E+01
      6.834  0.3400E+00  0.8078E+01
      6.924  0.3902E+00  0.8111E+01
      7.015  0.4398E+00  0.8148E+01
      7.105  0.4948E+00  0.8191E+01
      7.196  0.5390E+00  0.8238E+01
      7.286  0.5777E+00  0.8288E+01
      7.377  0.6189E+00  0.8342E+01
      7.467  0.6648E+00  0.8400E+01
      7.558  0.7496E+00  0.8464E+01
      7.648  0.8513E+00  0.8537E+01
      7.739  0.9391E+00  0.8618E+01
      7.829  0.1032E+01  0.8707E+01
      7.920  0.1131E+01  0.8804E+01
      8.010  0.1284E+01  0.8913E+01
      8.101  0.1509E+01  0.9039E+01
      8.191  0.1701E+01  0.9187E+01
      8.282  0.1593E+01  0.9333E+01
      8.372  0.1576E+01  0.9478E+01
      8.463  0.1446E+01  0.9617E+01
      8.553  0.1287E+01  0.9741E+01
      8.644  0.1168E+01  0.9851E+01
      8.734  0.1147E+01  0.9954E+01
      8.825  0.1175E+01  0.1006E+02
      8.915  0.1041E+01  0.1016E+02
      9.006  0.9476E+00  0.1025E+02
      9.096  0.1092E+01  0.1034E+02
      9.187  0.2406E+01  0.1049E+02
      9.277  0.2156E+01  0.1069E+02
      9.368  0.1774E+01  0.1087E+02
      9.458  0.1626E+01  0.1102E+02
      9.549  0.1596E+01  0.1117E+02
      9.639  0.1628E+01  0.1131E+02
      9.730  0.1718E+01  0.1147E+02
      9.820  0.1694E+01  0.1162E+02
      9.911  0.1267E+01  0.1175E+02
     10.001  0.1181E+01  0.1186E+02
     10.092  0.1104E+01  0.1197E+02
     10.182  0.1093E+01  0.1206E+02
     10.273  0.1074E+01  0.1216E+02
     10.363  0.1124E+01  0.1226E+02
     10.454  0.1227E+01  0.1237E+02
     10.544  0.1334E+01  0.1248E+02
     10.635  0.1193E+01  0.1260E+02
     10.725  0.1162E+01  0.1270E+02
     10.816  0.1173E+01  0.1281E+02
     10.906  0.1211E+01  0.1292E+02
     10.997  0.1148E+01  0.1302E+02
     11.087  0.1130E+01  0.1312E+02
     11.178  0.1175E+01  0.1323E+02
     11.268  0.1116E+01  0.1333E+02
     11.359  0.1092E+01  0.1343E+02
     11.449  0.1118E+01  0.1353E+02
     11.540  0.1142E+01  0.1363E+02
     11.630  0.1095E+01  0.1374E+02
     11.721  0.1056E+01  0.1383E+02
     11.811  0.1049E+01  0.1393E+02
     11.902  0.1019E+01  0.1402E+02
     11.992  0.1011E+01  0.1411E+02
     12.083  0.9873E+00  0.1420E+02
     12.173  0.9504E+00  0.1429E+02
     12.264  0.9424E+00  0.1438E+02
     12.354  0.9021E+00  0.1446E+02
     12.445  0.8481E+00  0.1454E+02
     12.535  0.8184E+00  0.1462E+02
     12.626  0.8449E+00  0.1469E+02
     12.716  0.9510E+00  0.1477E+02
     12.807  0.1001E+01  0.1486E+02
     12.897  0.8936E+00  0.1494E+02
     12.988  0.8376E+00  0.1502E+02
     13.078  0.7535E+00  0.1510E+02
     13.169  0.6991E+00  0.1516E+02
     13.259  0.6671E+00  0.1522E+02
     13.350  0.6129E+00  0.1528E+02
     13.440  0.5850E+00  0.1533E+02
     13.531  0.5657E+00  0.1539E+02
     13.621  0.5450E+00  0.1544E+02
     13.712  0.5106E+00  0.1548E+02
     13.802  0.4895E+00  0.1553E+02
     13.893  0.4870E+00  0.1557E+02
     13.983  0.5253E+00  0.1562E+02
     14.074  0.6148E+00  0.1568E+02
     14.164  0.4825E+00  0.1572E+02
     14.254  0.3764E+00  0.1576E+02
     14.345  0.2684E+00  0.1579E+02
     14.435  0.2143E+00  0.1581E+02
     14.526  0.1983E+00  0.1583E+02
     14.616  0.1890E+00  0.1585E+02
     14.707  0.1801E+00  0.1586E+02
     14.797  0.1684E+00  0.1588E+02
     14.888  0.1576E+00  0.1589E+02
     14.978  0.1459E+00  0.1591E+02
     15.069  0.1349E+00  0.1592E+02
     15.159  0.1166E+00  0.1593E+02
     15.250  0.1019E+00  0.1594E+02
     15.340  0.9108E-01  0.1595E+02
     15.431  0.8302E-01  0.1596E+02
     15.521  0.7891E-01  0.1597E+02
     15.612  0.7493E-01  0.1597E+02
     15.702  0.6746E-01  0.1598E+02
     15.793  0.6074E-01  0.1599E+02
     15.883  0.4055E-01  0.1599E+02
     15.974  0.3112E-01  0.1599E+02
     16.064  0.2327E-01  0.1600E+02
     16.155  0.1704E-01  0.1600E+02
     16.245  0.1607E-01  0.1600E+02
     16.336  0.0000E+00  0.1600E+02
     16.426  0.0000E+00  0.1600E+02
     16.517  0.0000E+00  0.1600E+02
     16.607  0.0000E+00  0.1600E+02
     16.698  0.0000E+00  0.1600E+02
     16.788  0.0000E+00  0.1600E+02
     16.879  0.0000E+00  0.1600E+02
     16.969  0.0000E+00  0.1600E+02
     17.060  0.0000E+00  0.1600E+02
     17.150  0.0000E+00  0.1600E+02
     17.241  0.0000E+00  0.1600E+02
     17.331  0.0000E+00  0.1600E+02
     17.422  0.0000E+00  0.1600E+02
     17.512  0.0000E+00  0.1600E+02
     17.603  0.0000E+00  0.1600E+02
     17.693  0.0000E+00  0.1600E+02
     17.784  0.0000E+00  0.1600E+02
     17.874  0.0000E+00  0.1600E+02
     17.965  0.0000E+00  0.1600E+02
     18.055  0.0000E+00  0.1600E+02
     18.146  0.0000E+00  0.1600E+02
     18.236  0.0000E+00  0.1600E+02
     18.327  0.0000E+00  0.1600E+02
     18.32671657     -8.82143197  301      5.62896305      1.00000000
     -8.821  0.0000E+00  0.0000E+00  0.0000E+00  0.0000E+00  0.0000E+00  0.0000E+00  0.0000E+00  0.0000E+00  0.0000E+00
     -8.731  0.0000E+00  0.0000E+00  0.0000E+00  0.0000E+00  0.0000E+00  0.0000E+00  0.0000E+00  0.0000E+00  0.0000E+00
     -8.640  0.0000E+00  0.0000E+00  0.0000E+00  0.0000E+00  0.0000E+00  0.0000E+00  0.0000E+00  0.0000E+00  0.0000E+00
     -8.550  0.0000E+00  0.0000E+00  0.0000E+00  0.0000E+00  0.0000E+00  0.0000E+00  0.0000E+00  0.0000E+00  0.0000E+00
     -8.459  0.0000E+00  0.0000E+00  0.0000E+00  0.0000E+00  0.0000E+00  0.0000E+00  0.0000E+00  0.0000E+00  0.0000E+00
     -8.369  0.0000E+00  0.0000E+00  0.0000E+00  0.0000E+00  0.0000E+00  0.0000E+00  0.0000E+00  0.0000E+00  0.0000E+00
     -8.278  0.0000E+00  0.0000E+00  0.0000E+00  0.0000E+00  0.0000E+00  0.0000E+00  0.0000E+00  0.0000E+00  0.0000E+00
     -8.188  0.0000E+00  0.0000E+00  0.0000E+00  0.0000E+00  0.0000E+00  0.0000E+00  0.0000E+00  0.0000E+00  0.0000E+00
     -8.097  0.0000E+00  0.0000E+00  0.0000E+00  0.0000E+00  0.0000E+00  0.0000E+00  0.0000E+00  0.0000E+00  0.0000E+00
     -8.007  0.0000E+00  0.0000E+00  0.0000E+00  0.0000E+00  0.0000E+00  0.0000E+00  0.0000E+00  0.0000E+00  0.0000E+00
     -7.916  0.0000E+00  0.0000E+00  0.0000E+00  0.0000E+00  0.0000E+00  0.0000E+00  0.0000E+00  0.0000E+00  0.0000E+00
     -7.826  0.0000E+00  0.0000E+00  0.0000E+00  0.0000E+00  0.0000E+00  0.0000E+00  0.0000E+00  0.0000E+00  0.0000E+00
     -7.736  0.0000E+00  0.0000E+00  0.0000E+00  0.0000E+00  0.0000E+00  0.0000E+00  0.0000E+00  0.0000E+00  0.0000E+00
     -7.645  0.0000E+00  0.0000E+00  0.0000E+00  0.0000E+00  0.0000E+00  0.0000E+00  0.0000E+00  0.0000E+00  0.0000E+00
     -7.555  0.0000E+00  0.0000E+00  0.0000E+00  0.0000E+00  0.0000E+00  0.0000E+00  0.0000E+00  0.0000E+00  0.0000E+00
     -7.464  0.0000E+00  0.0000E+00  0.0000E+00  0.0000E+00  0.0000E+00  0.0000E+00  0.0000E+00  0.0000E+00  0.0000E+00
     -7.374  0.0000E+00  0.0000E+00  0.0000E+00  0.0000E+00  0.0000E+00  0.0000E+00  0.0000E+00  0.0000E+00  0.0000E+00
     -7.283  0.0000E+00  0.0000E+00  0.0000E+00  0.0000E+00  0.0000E+00  0.0000E+00  0.0000E+00  0.0000E+00  0.0000E+00
     -7.193  0.0000E+00  0.0000E+00  0.0000E+00  0.0000E+00  0.0000E+00  0.0000E+00  0.0000E+00  0.0000E+00  0.0000E+00
     -7.102  0.0000E+00  0.0000E+00  0.0000E+00  0.0000E+00  0.0000E+00  0.0000E+00  0.0000E+00  0.0000E+00  0.0000E+00
     -7.012  0.0000E+00  0.0000E+00  0.0000E+00  0.0000E+00  0.0000E+00  0.0000E+00  0.0000E+00  0.0000E+00  0.0000E+00
     -6.921  0.0000E+00  0.0000E+00  0.0000E+00  0.0000E+00  0.0000E+00  0.0000E+00  0.0000E+00  0.0000E+00  0.0000E+00
     -6.831  0.0000E+00  0.0000E+00  0.0000E+00  0.0000E+00  0.0000E+00  0.0000E+00  0.0000E+00  0.0000E+00  0.0000E+00
     -6.740  0.2462E-01  0.3147E-04  0.3147E-04  0.3147E-04  0.0000E+00  0.0000E+00  0.0000E+00  0.0000E+00  0.0000E+00
     -6.650  0.2793E-01  0.8271E-04  0.8271E-04  0.8271E-04  0.0000E+00  0.0000E+00  0.0000E+00  0.0000E+00  0.0000E+00
     -6.559  0.3505E-01  0.1553E-03  0.1553E-03  0.1553E-03  0.0000E+00  0.0000E+00  0.0000E+00  0.0000E+00  0.0000E+00
     -6.469  0.4114E-01  0.2403E-03  0.2403E-03  0.2403E-03  0.0000E+00  0.0000E+00  0.0000E+00  0.0000E+00  0.0000E+00
     -6.378  0.4601E-01  0.3415E-03  0.3415E-03  0.3415E-03  0.0000E+00  0.0000E+00  0.0000E+00  0.0000E+00  0.0000E+00
     -6.288  0.5120E-01  0.4475E-03  0.4475E-03  0.4475E-03  0.0000E+00  0.0000E+00  0.0000E+00  0.0000E+00  0.0000E+00
     -6.197  0.5522E-01  0.5709E-03  0.5709E-03  0.5709E-03  0.0000E+00  0.0000E+00  0.0000E+00  0.0000E+00  0.0000E+00
     -6.107  0.5978E-01  0.6953E-03  0.6953E-03  0.6953E-03  0.0000E+00  0.0000E+00  0.0000E+00  0.0000E+00  0.0000E+00
     -6.016  0.6347E-01  0.8372E-03  0.8372E-03  0.8372E-03  0.0000E+00  0.0000E+00  0.0000E+00  0.0000E+00  0.0000E+00
     -5.926  0.6756E-01  0.9795E-03  0.9795E-03  0.9795E-03  0.0000E+00  0.0000E+00  0.0000E+00  0.0000E+00  0.0000E+00
     -5.835  0.7120E-01  0.1137E-02  0.1137E-02  0.1137E-02  0.0000E+00  0.0000E+00  0.0000E+00  0.0000E+00  0.0000E+00
     -5.745  0.7491E-01  0.1299E-02  0.1299E-02  0.1299E-02  0.0000E+00  0.0000E+00  0.0000E+00  0.0000E+00  0.0000E+00
     -5.654  0.7882E-01  0.1464E-02  0.1464E-02  0.1464E-02  0.0000E+00  0.0000E+00  0.0000E+00  0.0000E+00  0.0000E+00
     -5.564  0.8231E-01  0.1648E-02  0.1648E-02  0.1648E-02  0.0000E+00  0.0000E+00  0.0000E+00  0.0000E+00  0.0000E+00
     -5.473  0.8611E-01  0.1831E-02  0.1831E-02  0.1831E-02  0.0000E+00  0.0000E+00  0.0000E+00  0.0000E+00  0.0000E+00
     -5.383  0.8999E-01  0.2023E-02  0.2023E-02  0.2023E-02  0.0000E+00  0.0000E+00  0.0000E+00  0.0000E+00  0.0000E+00
     -5.292  0.9376E-01  0.2231E-02  0.2231E-02  0.2231E-02  0.0000E+00  0.0000E+00  0.0000E+00  0.0000E+00  0.0000E+00
     -5.202  0.9786E-01  0.2441E-02  0.2441E-02  0.2441E-02  0.0000E+00  0.0000E+00  0.0000E+00  0.0000E+00  0.0000E+00
     -5.111  0.1022E+00  0.2659E-02  0.2659E-02  0.2659E-02  0.0000E+00  0.0000E+00  0.0000E+00  0.0000E+00  0.0000E+00
     -5.021  0.1066E+00  0.2900E-02  0.2900E-02  0.2900E-02  0.0000E+00  0.0000E+00  0.0000E+00  0.0000E+00  0.0000E+00
     -4.930  0.1115E+00  0.3147E-02  0.3147E-02  0.3147E-02  0.0000E+00  0.0000E+00  0.0000E+00  0.0000E+00  0.0000E+00
     -4.840  0.1170E+00  0.3402E-02  0.3402E-02  0.3402E-02  0.0000E+00  0.0000E+00  0.0000E+00  0.0000E+00  0.0000E+00
     -4.749  0.1230E+00  0.3699E-02  0.3699E-02  0.3699E-02  0.0000E+00  0.0000E+00  0.0000E+00  0.0000E+00  0.0000E+00
     -4.659  0.1304E+00  0.4018E-02  0.4018E-02  0.4018E-02  0.0000E+00  0.0000E+00  0.0000E+00  0.0000E+00  0.0000E+00
     -4.568  0.1397E+00  0.4378E-02  0.4378E-02  0.4378E-02  0.0000E+00  0.0000E+00  0.0000E+00  0.0000E+00  0.0000E+00
     -4.478  0.1532E+00  0.4850E-02  0.4850E-02  0.4850E-02  0.0000E+00  0.0000E+00  0.0000E+00  0.0000E+00  0.0000E+00
     -4.387  0.1814E+00  0.5662E-02  0.5662E-02  0.5662E-02  0.0000E+00  0.0000E+00  0.0000E+00  0.0000E+00  0.0000E+00
     -4.297  0.1853E+00  0.5966E-02  0.5966E-02  0.5966E-02  0.0000E+00  0.0000E+00  0.0000E+00  0.0000E+00  0.0000E+00
     -4.206  0.1742E+00  0.5930E-02  0.5930E-02  0.5930E-02  0.0000E+00  0.0000E+00  0.0000E+00  0.0000E+00  0.0000E+00
     -4.116  0.1666E+00  0.5966E-02  0.5966E-02  0.5966E-02  0.0000E+00  0.0000E+00  0.0000E+00  0.0000E+00  0.0000E+00
     -4.025  0.1597E+00  0.5975E-02  0.5975E-02  0.5975E-02  0.0000E+00  0.0000E+00  0.0000E+00  0.0000E+00  0.0000E+00
     -3.935  0.1545E+00  0.6013E-02  0.6013E-02  0.6013E-02  0.0000E+00  0.0000E+00  0.0000E+00  0.0000E+00  0.0000E+00
     -3.844  0.1474E+00  0.6006E-02  0.6006E-02  0.6006E-02  0.0000E+00  0.0000E+00  0.0000E+00  0.0000E+00  0.0000E+00
     -3.754  0.1417E+00  0.5995E-02  0.5995E-02  0.5995E-02  0.0000E+00  0.0000E+00  0.0000E+00  0.0000E+00  0.0000E+00
     -3.663  0.1346E+00  0.5931E-02  0.5931E-02  0.5931E-02  0.0000E+00  0.0000E+00  0.0000E+00  0.0000E+00  0.0000E+00
     -3.573  0.1292E+00  0.5905E-02  0.5905E-02  0.5905E-02  0.0000E+00  0.0000E+00  0.0000E+00  0.0000E+00  0.0000E+00
     -3.482  0.1222E+00  0.5804E-02  0.5804E-02  0.5804E-02  0.0000E+00  0.0000E+00  0.0000E+00  0.0000E+00  0.0000E+00
     -3.392  0.1159E+00  0.5703E-02  0.5703E-02  0.5703E-02  0.0000E+00  0.0000E+00  0.0000E+00  0.0000E+00  0.0000E+00
     -3.301  0.1098E+00  0.5592E-02  0.5592E-02  0.5592E-02  0.0000E+00  0.0000E+00  0.0000E+00  0.0000E+00  0.0000E+00
     -3.211  0.1024E+00  0.5420E-02  0.5420E-02  0.5420E-02  0.0000E+00  0.0000E+00  0.0000E+00  0.0000E+00  0.0000E+00
     -3.120  0.9595E-01  0.5247E-02  0.5247E-02  0.5247E-02  0.0000E+00  0.0000E+00  0.0000E+00  0.0000E+00  0.0000E+00
     -3.030  0.8868E-01  0.5029E-02  0.5029E-02  0.5029E-02  0.0000E+00  0.0000E+00  0.0000E+00  0.0000E+00  0.0000E+00
     -2.939  0.8136E-01  0.4794E-02  0.4794E-02  0.4794E-02  0.0000E+00  0.0000E+00  0.0000E+00  0.0000E+00  0.0000E+00
     -2.849  0.7365E-01  0.4500E-02  0.4500E-02  0.4500E-02  0.0000E+00  0.0000E+00  0.0000E+00  0.0000E+00  0.0000E+00
     -2.758  0.6685E-01  0.4274E-02  0.4274E-02  0.4274E-02  0.0000E+00  0.0000E+00  0.0000E+00  0.0000E+00  0.0000E+00
     -2.668  0.5594E-01  0.3748E-02  0.3748E-02  0.3748E-02  0.0000E+00  0.0000E+00  0.0000E+00  0.0000E+00  0.0000E+00
     -2.577  0.3298E-01  0.2243E-02  0.2243E-02  0.2243E-02  0.0000E+00  0.0000E+00  0.0000E+00  0.0000E+00  0.0000E+00
     -2.487  0.2290E-02  0.1505E-03  0.1505E-03  0.1505E-03  0.0000E+00  0.0000E+00  0.0000E+00  0.0000E+00  0.0000E+00
     -2.396  0.3238E-02  0.2732E-03  0.2732E-03  0.2732E-03  0.0000E+00  0.0000E+00  0.0000E+00  0.0000E+00  0.0000E+00
     -2.306  0.1297E-01  0.1097E-02  0.1097E-02  0.1097E-02  0.0000E+00  0.0000E+00  0.0000E+00  0.0000E+00  0.0000E+00
     -2.215  0.2956E-01  0.2502E-02  0.2502E-02  0.2502E-02  0.0000E+00  0.0000E+00  0.0000E+00  0.0000E+00  0.0000E+00
     -2.125  0.5193E-01  0.4402E-02  0.4402E-02  0.4402E-02  0.0000E+00  0.0000E+00  0.0000E+00  0.0000E+00  0.0000E+00
     -2.034  0.5626E-01  0.4946E-02  0.4946E-02  0.4946E-02  0.0000E+00  0.0000E+00  0.0000E+00  0.0000E+00  0.0000E+00
     -1.944  0.6398E-01  0.5796E-02  0.5796E-02  0.5796E-02  0.0000E+00  0.0000E+00  0.0000E+00  0.0000E+00  0.0000E+00
     -1.853  0.7336E-01  0.6929E-02  0.6929E-02  0.6929E-02  0.0000E+00  0.0000E+00  0.0000E+00  0.0000E+00  0.0000E+00
     -1.763  0.8150E-01  0.7987E-02  0.7987E-02  0.7987E-02  0.0000E+00  0.0000E+00  0.0000E+00  0.0000E+00  0.0000E+00
     -1.672  0.9268E-01  0.9582E-02  0.9582E-02  0.9582E-02  0.0000E+00  0.0000E+00  0.0000E+00  0.0000E+00  0.0000E+00
     -1.582  0.1037E+00  0.1131E-01  0.1131E-01  0.1131E-01  0.0000E+00  0.0000E+00  0.0000E+00  0.0000E+00  0.0000E+00
     -1.491  0.1604E+00  0.2576E-01  0.2576E-01  0.2576E-01  0.0000E+00  0.0000E+00  0.0000E+00  0.0000E+00  0.0000E+00
     -1.401  0.3368E+00  0.6299E-01  0.6299E-01  0.6299E-01  0.0000E+00  0.0000E+00  0.0000E+00  0.0000E+00  0.0000E+00
     -1.310  0.1782E+00  0.3092E-01  0.3092E-01  0.3092E-01  0.0000E+00  0.0000E+00  0.0000E+00  0.0000E+00  0.0000E+00
     -1.220  0.1419E+00  0.2446E-01  0.2446E-01  0.2446E-01  0.0000E+00  0.0000E+00  0.0000E+00  0.0000E+00  0.0000E+00
     -1.129  0.1244E+00  0.2146E-01  0.2146E-01  0.2146E-01  0.0000E+00  0.0000E+00  0.0000E+00  0.0000E+00  0.0000E+00
     -1.039  0.1115E+00  0.1940E-01  0.1940E-01  0.1940E-01  0.0000E+00  0.0000E+00  0.0000E+00  0.0000E+00  0.0000E+00
     -0.948  0.1010E+00  0.1783E-01  0.1783E-01  0.1783E-01  0.0000E+00  0.0000E+00  0.0000E+00  0.0000E+00  0.0000E+00
     -0.858  0.9346E-01  0.1670E-01  0.1670E-01  0.1670E-01  0.0000E+00  0.0000E+00  0.0000E+00  0.0000E+00  0.0000E+00
     -0.767  0.8697E-01  0.1577E-01  0.1577E-01  0.1577E-01  0.0000E+00  0.0000E+00  0.0000E+00  0.0000E+00  0.0000E+00
     -0.677  0.8079E-01  0.1491E-01  0.1491E-01  0.1491E-01  0.0000E+00  0.0000E+00  0.0000E+00  0.0000E+00  0.0000E+00
     -0.586  0.7514E-01  0.1414E-01  0.1414E-01  0.1414E-01  0.0000E+00  0.0000E+00  0.0000E+00  0.0000E+00  0.0000E+00
     -0.496  0.7105E-01  0.1358E-01  0.1358E-01  0.1358E-01  0.0000E+00  0.0000E+00  0.0000E+00  0.0000E+00  0.0000E+00
     -0.406  0.6694E-01  0.1303E-01  0.1303E-01  0.1303E-01  0.0000E+00  0.0000E+00  0.0000E+00  0.0000E+00  0.0000E+00
     -0.315  0.6279E-01  0.1248E-01  0.1248E-01  0.1248E-01  0.0000E+00  0.0000E+00  0.0000E+00  0.0000E+00  0.0000E+00
     -0.225  0.5886E-01  0.1195E-01  0.1195E-01  0.1195E-01  0.0000E+00  0.0000E+00  0.0000E+00  0.0000E+00  0.0000E+00
     -0.134  0.5602E-01  0.1157E-01  0.1157E-01  0.1157E-01  0.0000E+00  0.0000E+00  0.0000E+00  0.0000E+00  0.0000E+00
     -0.044  0.5307E-01  0.1118E-01  0.1118E-01  0.1118E-01  0.0000E+00  0.0000E+00  0.0000E+00  0.0000E+00  0.0000E+00
      0.047  0.4993E-01  0.1075E-01  0.1075E-01  0.1075E-01  0.0000E+00  0.0000E+00  0.0000E+00  0.0000E+00  0.0000E+00
      0.137  0.4680E-01  0.1031E-01  0.1031E-01  0.1031E-01  0.0000E+00  0.0000E+00  0.0000E+00  0.0000E+00  0.0000E+00
      0.228  0.4468E-01  0.1003E-01  0.1003E-01  0.1003E-01  0.0000E+00  0.0000E+00  0.0000E+00  0.0000E+00  0.0000E+00
      0.318  0.4255E-01  0.9741E-02  0.9741E-02  0.9741E-02  0.0000E+00  0.0000E+00  0.0000E+00  0.0000E+00  0.0000E+00
      0.409  0.4022E-01  0.9414E-02  0.9414E-02  0.9414E-02  0.0000E+00  0.0000E+00  0.0000E+00  0.0000E+00  0.0000E+00
      0.499  0.3768E-01  0.9036E-02  0.9036E-02  0.9036E-02  0.0000E+00  0.0000E+00  0.0000E+00  0.0000E+00  0.0000E+00
      0.590  0.3570E-01  0.8743E-02  0.8743E-02  0.8743E-02  0.0000E+00  0.0000E+00  0.0000E+00  0.0000E+00  0.0000E+00
      0.680  0.3411E-01  0.8520E-02  0.8520E-02  0.8520E-02  0.0000E+00  0.0000E+00  0.0000E+00  0.0000E+00  0.0000E+00
      0.771  0.3239E-01  0.8267E-02  0.8267E-02  0.8267E-02  0.0000E+00  0.0000E+00  0.0000E+00  0.0000E+00  0.0000E+00
      0.861  0.3060E-01  0.7992E-02  0.7992E-02  0.7992E-02  0.0000E+00  0.0000E+00  0.0000E+00  0.0000E+00  0.0000E+00
      0.952  0.2856E-01  0.7655E-02  0.7655E-02  0.7655E-02  0.0000E+00  0.0000E+00  0.0000E+00  0.0000E+00  0.0000E+00
      1.042  0.2713E-01  0.7426E-02  0.7426E-02  0.7426E-02  0.0000E+00  0.0000E+00  0.0000E+00  0.0000E+00  0.0000E+00
      1.133  0.2697E-01  0.2086E-01  0.2086E-01  0.2086E-01  0.0000E+00  0.0000E+00  0.0000E+00  0.0000E+00  0.0000E+00
      1.223  0.2746E-01  0.3371E-01  0.3371E-01  0.3371E-01  0.0000E+00  0.0000E+00  0.0000E+00  0.0000E+00  0.0000E+00
      1.314  0.2843E-01  0.4592E-01  0.4592E-01  0.4592E-01  0.0000E+00  0.0000E+00  0.0000E+00  0.0000E+00  0.0000E+00
      1.404  0.3041E-01  0.6377E-01  0.6377E-01  0.6377E-01  0.0000E+00  0.0000E+00  0.0000E+00  0.0000E+00  0.0000E+00
      1.495  0.3038E-01  0.5836E-01  0.5836E-01  0.5836E-01  0.0000E+00  0.0000E+00  0.0000E+00  0.0000E+00  0.0000E+00
      1.585  0.3049E-01  0.5473E-01  0.5473E-01  0.5473E-01  0.0000E+00  0.0000E+00  0.0000E+00  0.0000E+00  0.0000E+00
      1.676  0.3034E-01  0.5125E-01  0.5125E-01  0.5125E-01  0.0000E+00  0.0000E+00  0.0000E+00  0.0000E+00  0.0000E+00
      1.766  0.3010E-01  0.4965E-01  0.4965E-01  0.4965E-01  0.0000E+00  0.0000E+00  0.0000E+00  0.0000E+00  0.0000E+00
      1.857  0.2942E-01  0.5219E-01  0.5219E-01  0.5219E-01  0.0000E+00  0.0000E+00  0.0000E+00  0.0000E+00  0.0000E+00
      1.947  0.2862E-01  0.5133E-01  0.5133E-01  0.5133E-01  0.0000E+00  0.0000E+00  0.0000E+00  0.0000E+00  0.0000E+00
      2.038  0.2835E-01  0.5308E-01  0.5308E-01  0.5308E-01  0.0000E+00  0.0000E+00  0.0000E+00  0.0000E+00  0.0000E+00
      2.128  0.2799E-01  0.5621E-01  0.5621E-01  0.5621E-01  0.0000E+00  0.0000E+00  0.0000E+00  0.0000E+00  0.0000E+00
      2.219  0.2717E-01  0.5682E-01  0.5682E-01  0.5682E-01  0.0000E+00  0.0000E+00  0.0000E+00  0.0000E+00  0.0000E+00
      2.309  0.2644E-01  0.5942E-01  0.5942E-01  0.5942E-01  0.0000E+00  0.0000E+00  0.0000E+00  0.0000E+00  0.0000E+00
      2.400  0.2558E-01  0.6463E-01  0.6463E-01  0.6463E-01  0.0000E+00  0.0000E+00  0.0000E+00  0.0000E+00  0.0000E+00
      2.490  0.2473E-01  0.6801E-01  0.6801E-01  0.6801E-01  0.0000E+00  0.0000E+00  0.0000E+00  0.0000E+00  0.0000E+00
      2.581  0.2400E-01  0.7741E-01  0.7741E-01  0.7741E-01  0.0000E+00  0.0000E+00  0.0000E+00  0.0000E+00  0.0000E+00
      2.671  0.2320E-01  0.8926E-01  0.8926E-01  0.8926E-01  0.0000E+00  0.0000E+00  0.0000E+00  0.0000E+00  0.0000E+00
      2.762  0.2234E-01  0.8808E-01  0.8808E-01  0.8808E-01  0.0000E+00  0.0000E+00  0.0000E+00  0.0000E+00  0.0000E+00
      2.852  0.2123E-01  0.8719E-01  0.8719E-01  0.8719E-01  0.0000E+00  0.0000E+00  0.0000E+00  0.0000E+00  0.0000E+00
      2.943  0.2012E-01  0.8627E-01  0.8627E-01  0.8627E-01  0.0000E+00  0.0000E+00  0.0000E+00  0.0000E+00  0.0000E+00
      3.033  0.1918E-01  0.8570E-01  0.8570E-01  0.8570E-01  0.0000E+00  0.0000E+00  0.0000E+00  0.0000E+00  0.0000E+00
      3.124  0.1834E-01  0.8473E-01  0.8473E-01  0.8473E-01  0.0000E+00  0.0000E+00  0.0000E+00  0.0000E+00  0.0000E+00
      3.214  0.1749E-01  0.8405E-01  0.8405E-01  0.8405E-01  0.0000E+00  0.0000E+00  0.0000E+00  0.0000E+00  0.0000E+00
      3.305  0.1661E-01  0.8305E-01  0.8305E-01  0.8305E-01  0.0000E+00  0.0000E+00  0.0000E+00  0.0000E+00  0.0000E+00
      3.395  0.1574E-01  0.8239E-01  0.8239E-01  0.8239E-01  0.0000E+00  0.0000E+00  0.0000E+00  0.0000E+00  0.0000E+00
      3.486  0.1454E-01  0.8200E-01  0.8200E-01  0.8200E-01  0.0000E+00  0.0000E+00  0.0000E+00  0.0000E+00  0.0000E+00
      3.576  0.1363E-01  0.8079E-01  0.8079E-01  0.8079E-01  0.0000E+00  0.0000E+00  0.0000E+00  0.0000E+00  0.0000E+00
      3.667  0.1287E-01  0.7981E-01  0.7981E-01  0.7981E-01  0.0000E+00  0.0000E+00  0.0000E+00  0.0000E+00  0.0000E+00
      3.757  0.1206E-01  0.7969E-01  0.7969E-01  0.7969E-01  0.0000E+00  0.0000E+00  0.0000E+00  0.0000E+00  0.0000E+00
      3.848  0.1103E-01  0.7915E-01  0.7915E-01  0.7915E-01  0.0000E+00  0.0000E+00  0.0000E+00  0.0000E+00  0.0000E+00
      3.938  0.9938E-02  0.7873E-01  0.7873E-01  0.7873E-01  0.0000E+00  0.0000E+00  0.0000E+00  0.0000E+00  0.0000E+00
      4.029  0.8829E-02  0.7794E-01  0.7794E-01  0.7794E-01  0.0000E+00  0.0000E+00  0.0000E+00  0.0000E+00  0.0000E+00
      4.119  0.8022E-02  0.7785E-01  0.7785E-01  0.7785E-01  0.0000E+00  0.0000E+00  0.0000E+00  0.0000E+00  0.0000E+00
      4.210  0.7326E-02  0.7765E-01  0.7765E-01  0.7765E-01  0.0000E+00  0.0000E+00  0.0000E+00  0.0000E+00  0.0000E+00
      4.300  0.6553E-02  0.7672E-01  0.7672E-01  0.7672E-01  0.0000E+00  0.0000E+00  0.0000E+00  0.0000E+00  0.0000E+00
      4.391  0.5863E-02  0.6572E-01  0.6572E-01  0.6572E-01  0.0000E+00  0.0000E+00  0.0000E+00  0.0000E+00  0.0000E+00
      4.481  0.5305E-02  0.5287E-01  0.5287E-01  0.5287E-01  0.0000E+00  0.0000E+00  0.0000E+00  0.0000E+00  0.0000E+00
      4.572  0.4564E-02  0.4602E-01  0.4602E-01  0.4602E-01  0.0000E+00  0.0000E+00  0.0000E+00  0.0000E+00  0.0000E+00
      4.662  0.3908E-02  0.4048E-01  0.4048E-01  0.4048E-01  0.0000E+00  0.0000E+00  0.0000E+00  0.0000E+00  0.0000E+00
      4.753  0.3443E-02  0.3599E-01  0.3599E-01  0.3599E-01  0.0000E+00  0.0000E+00  0.0000E+00  0.0000E+00  0.0000E+00
      4.843  0.2927E-02  0.3228E-01  0.3228E-01  0.3228E-01  0.0000E+00  0.0000E+00  0.0000E+00  0.0000E+00  0.0000E+00
      4.934  0.2455E-02  0.2856E-01  0.2856E-01  0.2856E-01  0.0000E+00  0.0000E+00  0.0000E+00  0.0000E+00  0.0000E+00
      5.024  0.1943E-02  0.2507E-01  0.2507E-01  0.2507E-01  0.0000E+00  0.0000E+00  0.0000E+00  0.0000E+00  0.0000E+00
      5.115  0.1468E-02  0.2202E-01  0.2202E-01  0.2202E-01  0.0000E+00  0.0000E+00  0.0000E+00  0.0000E+00  0.0000E+00
      5.205  0.1184E-02  0.1898E-01  0.1898E-01  0.1898E-01  0.0000E+00  0.0000E+00  0.0000E+00  0.0000E+00  0.0000E+00
      5.296  0.8181E-03  0.1588E-01  0.1588E-01  0.1588E-01  0.0000E+00  0.0000E+00  0.0000E+00  0.0000E+00  0.0000E+00
      5.386  0.5658E-03  0.1311E-01  0.1311E-01  0.1311E-01  0.0000E+00  0.0000E+00  0.0000E+00  0.0000E+00  0.0000E+00
      5.477  0.2937E-03  0.9481E-02  0.9481E-02  0.9481E-02  0.0000E+00  0.0000E+00  0.0000E+00  0.0000E+00  0.0000E+00
      5.567  0.5363E-04  0.4366E-02  0.4366E-02  0.4366E-02  0.0000E+00  0.0000E+00  0.0000E+00  0.0000E+00  0.0000E+00
      5.658  0.0000E+00  0.0000E+00  0.0000E+00  0.0000E+00  0.0000E+00  0.0000E+00  0.0000E+00  0.0000E+00  0.0000E+00
      5.748  0.0000E+00  0.0000E+00  0.0000E+00  0.0000E+00  0.0000E+00  0.0000E+00  0.0000E+00  0.0000E+00  0.0000E+00
      5.839  0.0000E+00  0.0000E+00  0.0000E+00  0.0000E+00  0.0000E+00  0.0000E+00  0.0000E+00  0.0000E+00  0.0000E+00
      5.929  0.0000E+00  0.0000E+00  0.0000E+00  0.0000E+00  0.0000E+00  0.0000E+00  0.0000E+00  0.0000E+00  0.0000E+00
      6.020  0.0000E+00  0.0000E+00  0.0000E+00  0.0000E+00  0.0000E+00  0.0000E+00  0.0000E+00  0.0000E+00  0.0000E+00
      6.110  0.0000E+00  0.0000E+00  0.0000E+00  0.0000E+00  0.0000E+00  0.0000E+00  0.0000E+00  0.0000E+00  0.0000E+00
      6.201  0.0000E+00  0.0000E+00  0.0000E+00  0.0000E+00  0.0000E+00  0.0000E+00  0.0000E+00  0.0000E+00  0.0000E+00
      6.291  0.0000E+00  0.0000E+00  0.0000E+00  0.0000E+00  0.0000E+00  0.0000E+00  0.0000E+00  0.0000E+00  0.0000E+00
      6.382  0.0000E+00  0.0000E+00  0.0000E+00  0.0000E+00  0.0000E+00  0.0000E+00  0.0000E+00  0.0000E+00  0.0000E+00
      6.472  0.2113E-02  0.6332E-03  0.6332E-03  0.6332E-03  0.0000E+00  0.0000E+00  0.0000E+00  0.0000E+00  0.0000E+00
      6.563  0.7291E-02  0.2260E-02  0.2260E-02  0.2260E-02  0.0000E+00  0.0000E+00  0.0000E+00  0.0000E+00  0.0000E+00
      6.653  0.1054E-01  0.3426E-02  0.3426E-02  0.3426E-02  0.0000E+00  0.0000E+00  0.0000E+00  0.0000E+00  0.0000E+00
      6.744  0.1461E-01  0.4868E-02  0.4868E-02  0.4868E-02  0.0000E+00  0.0000E+00  0.0000E+00  0.0000E+00  0.0000E+00
      6.834  0.1645E-01  0.5824E-02  0.5824E-02  0.5824E-02  0.0000E+00  0.0000E+00  0.0000E+00  0.0000E+00  0.0000E+00
      6.924  0.1860E-01  0.6898E-02  0.6898E-02  0.6898E-02  0.0000E+00  0.0000E+00  0.0000E+00  0.0000E+00  0.0000E+00
      7.015  0.2066E-01  0.8013E-02  0.8013E-02  0.8013E-02  0.0000E+00  0.0000E+00  0.0000E+00  0.0000E+00  0.0000E+00
      7.105  0.2292E-01  0.9262E-02  0.9262E-02  0.9262E-02  0.0000E+00  0.0000E+00  0.0000E+00  0.0000E+00  0.0000E+00
      7.196  0.2462E-01  0.1040E-01  0.1040E-01  0.1040E-01  0.0000E+00  0.0000E+00  0.0000E+00  0.0000E+00  0.0000E+00
      7.286  0.2602E-01  0.1151E-01  0.1151E-01  0.1151E-01  0.0000E+00  0.0000E+00  0.0000E+00  0.0000E+00  0.0000E+00
      7.377  0.2754E-01  0.1269E-01  0.1269E-01  0.1269E-01  0.0000E+00  0.0000E+00  0.0000E+00  0.0000E+00  0.0000E+00
      7.467  0.2927E-01  0.1398E-01  0.1398E-01  0.1398E-01  0.0000E+00  0.0000E+00  0.0000E+00  0.0000E+00  0.0000E+00
      7.558  0.3773E-01  0.1571E-01  0.1571E-01  0.1571E-01  0.0000E+00  0.0000E+00  0.0000E+00  0.0000E+00  0.0000E+00
      7.648  0.4842E-01  0.1779E-01  0.1779E-01  0.1779E-01  0.0000E+00  0.0000E+00  0.0000E+00  0.0000E+00  0.0000E+00
      7.739  0.5536E-01  0.2006E-01  0.2006E-01  0.2006E-01  0.0000E+00  0.0000E+00  0.0000E+00  0.0000E+00  0.0000E+00
      7.829  0.6302E-01  0.2250E-01  0.2250E-01  0.2250E-01  0.0000E+00  0.0000E+00  0.0000E+00  0.0000E+00  0.0000E+00
      7.920  0.7132E-01  0.2526E-01  0.2526E-01  0.2526E-01  0.0000E+00  0.0000E+00  0.0000E+00  0.0000E+00  0.0000E+00
      8.010  0.8425E-01  0.2938E-01  0.2938E-01  0.2938E-01  0.0000E+00  0.0000E+00  0.0000E+00  0.0000E+00  0.0000E+00
      8.101  0.1041E+00  0.3514E-01  0.3514E-01  0.3514E-01  0.0000E+00  0.0000E+00  0.0000E+00  0.0000E+00  0.0000E+00
      8.191  0.1191E+00  0.4112E-01  0.4112E-01  0.4112E-01  0.0000E+00  0.0000E+00  0.0000E+00  0.0000E+00  0.0000E+00
      8.282  0.1052E+00  0.4055E-01  0.4055E-01  0.4055E-01  0.0000E+00  0.0000E+00  0.0000E+00  0.0000E+00  0.0000E+00
      8.372  0.9826E-01  0.4235E-01  0.4235E-01  0.4235E-01  0.0000E+00  0.0000E+00  0.0000E+00  0.0000E+00  0.0000E+00
      8.463  0.8455E-01  0.3980E-01  0.3980E-01  0.3980E-01  0.0000E+00  0.0000E+00  0.0000E+00  0.0000E+00  0.0000E+00
      8.553  0.7258E-01  0.3511E-01  0.3511E-01  0.3511E-01  0.0000E+00  0.0000E+00  0.0000E+00  0.0000E+00  0.0000E+00
      8.644  0.6147E-01  0.3261E-01  0.3261E-01  0.3261E-01  0.0000E+00  0.0000E+00  0.0000E+00  0.0000E+00  0.0000E+00
      8.734  0.5682E-01  0.3286E-01  0.3286E-01  0.3286E-01  0.0000E+00  0.0000E+00  0.0000E+00  0.0000E+00  0.0000E+00
      8.825  0.5403E-01  0.3539E-01  0.3539E-01  0.3539E-01  0.0000E+00  0.0000E+00  0.0000E+00  0.0000E+00  0.0000E+00
      8.915  0.4498E-01  0.3219E-01  0.3219E-01  0.3219E-01  0.0000E+00  0.0000E+00  0.0000E+00  0.0000E+00  0.0000E+00
      9.006  0.3567E-01  0.3006E-01  0.3006E-01  0.3006E-01  0.0000E+00  0.0000E+00  0.0000E+00  0.0000E+00  0.0000E+00
      9.096  0.3543E-01  0.3531E-01  0.3531E-01  0.3531E-01  0.0000E+00  0.0000E+00  0.0000E+00  0.0000E+00  0.0000E+00
      9.187  0.4956E-01  0.7836E-01  0.7836E-01  0.7836E-01  0.0000E+00  0.0000E+00  0.0000E+00  0.0000E+00  0.0000E+00
      9.277  0.5064E-01  0.7283E-01  0.7283E-01  0.7283E-01  0.0000E+00  0.0000E+00  0.0000E+00  0.0000E+00  0.0000E+00
      9.368  0.5076E-01  0.5891E-01  0.5891E-01  0.5891E-01  0.0000E+00  0.0000E+00  0.0000E+00  0.0000E+00  0.0000E+00
      9.458  0.4702E-01  0.5379E-01  0.5379E-01  0.5379E-01  0.0000E+00  0.0000E+00  0.0000E+00  0.0000E+00  0.0000E+00
      9.549  0.4663E-01  0.5328E-01  0.5328E-01  0.5328E-01  0.0000E+00  0.0000E+00  0.0000E+00  0.0000E+00  0.0000E+00
      9.639  0.5030E-01  0.5408E-01  0.5408E-01  0.5408E-01  0.0000E+00  0.0000E+00  0.0000E+00  0.0000E+00  0.0000E+00
      9.730  0.5531E-01  0.5644E-01  0.5644E-01  0.5644E-01  0.0000E+00  0.0000E+00  0.0000E+00  0.0000E+00  0.0000E+00
      9.820  0.6601E-01  0.5594E-01  0.5594E-01  0.5594E-01  0.0000E+00  0.0000E+00  0.0000E+00  0.0000E+00  0.0000E+00
      9.911  0.3746E-01  0.4276E-01  0.4276E-01  0.4276E-01  0.0000E+00  0.0000E+00  0.0000E+00  0.0000E+00  0.0000E+00
     10.001  0.3209E-01  0.4035E-01  0.4035E-01  0.4035E-01  0.0000E+00  0.0000E+00  0.0000E+00  0.0000E+00  0.0000E+00
     10.092  0.2803E-01  0.3808E-01  0.3808E-01  0.3808E-01  0.0000E+00  0.0000E+00  0.0000E+00  0.0000E+00  0.0000E+00
     10.182  0.2802E-01  0.3753E-01  0.3753E-01  0.3753E-01  0.0000E+00  0.0000E+00  0.0000E+00  0.0000E+00  0.0000E+00
     10.273  0.2859E-01  0.3662E-01  0.3662E-01  0.3662E-01  0.0000E+00  0.0000E+00  0.0000E+00  0.0000E+00  0.0000E+00
     10.363  0.3106E-01  0.3804E-01  0.3804E-01  0.3804E-01  0.0000E+00  0.0000E+00  0.0000E+00  0.0000E+00  0.0000E+00
     10.454  0.3419E-01  0.4139E-01  0.4139E-01  0.4139E-01  0.0000E+00  0.0000E+00  0.0000E+00  0.0000E+00  0.0000E+00
     10.544  0.4017E-01  0.4475E-01  0.4475E-01  0.4475E-01  0.0000E+00  0.0000E+00  0.0000E+00  0.0000E+00  0.0000E+00
     10.635  0.4090E-01  0.4043E-01  0.4043E-01  0.4043E-01  0.0000E+00  0.0000E+00  0.0000E+00  0.0000E+00  0.0000E+00
     10.725  0.4065E-01  0.3961E-01  0.3961E-01  0.3961E-01  0.0000E+00  0.0000E+00  0.0000E+00  0.0000E+00  0.0000E+00
     10.816  0.4105E-01  0.4021E-01  0.4021E-01  0.4021E-01  0.0000E+00  0.0000E+00  0.0000E+00  0.0000E+00  0.0000E+00
     10.906  0.4275E-01  0.4151E-01  0.4151E-01  0.4151E-01  0.0000E+00  0.0000E+00  0.0000E+00  0.0000E+00  0.0000E+00
     10.997  0.4042E-01  0.3967E-01  0.3967E-01  0.3967E-01  0.0000E+00  0.0000E+00  0.0000E+00  0.0000E+00  0.0000E+00
     11.087  0.3964E-01  0.3908E-01  0.3908E-01  0.3908E-01  0.0000E+00  0.0000E+00  0.0000E+00  0.0000E+00  0.0000E+00
     11.178  0.4167E-01  0.4051E-01  0.4051E-01  0.4051E-01  0.0000E+00  0.0000E+00  0.0000E+00  0.0000E+00  0.0000E+00
     11.268  0.3767E-01  0.3877E-01  0.3877E-01  0.3877E-01  0.0000E+00  0.0000E+00  0.0000E+00  0.0000E+00  0.0000E+00
     11.359  0.3627E-01  0.3805E-01  0.3805E-01  0.3805E-01  0.0000E+00  0.0000E+00  0.0000E+00  0.0000E+00  0.0000E+00
     11.449  0.3769E-01  0.3900E-01  0.3900E-01  0.3900E-01  0.0000E+00  0.0000E+00  0.0000E+00  0.0000E+00  0.0000E+00
     11.540  0.3773E-01  0.3999E-01  0.3999E-01  0.3999E-01  0.0000E+00  0.0000E+00  0.0000E+00  0.0000E+00  0.0000E+00
     11.630  0.3567E-01  0.3846E-01  0.3846E-01  0.3846E-01  0.0000E+00  0.0000E+00  0.0000E+00  0.0000E+00  0.0000E+00
     11.721  0.3303E-01  0.3723E-01  0.3723E-01  0.3723E-01  0.0000E+00  0.0000E+00  0.0000E+00  0.0000E+00  0.0000E+00
     11.811  0.3113E-01  0.3722E-01  0.3722E-01  0.3722E-01  0.0000E+00  0.0000E+00  0.0000E+00  0.0000E+00  0.0000E+00
     11.902  0.2985E-01  0.3653E-01  0.3653E-01  0.3653E-01  0.0000E+00  0.0000E+00  0.0000E+00  0.0000E+00  0.0000E+00
     11.992  0.2879E-01  0.3647E-01  0.3647E-01  0.3647E-01  0.0000E+00  0.0000E+00  0.0000E+00  0.0000E+00  0.0000E+00
     12.083  0.2690E-01  0.3590E-01  0.3590E-01  0.3590E-01  0.0000E+00  0.0000E+00  0.0000E+00  0.0000E+00  0.0000E+00
     12.173  0.2540E-01  0.3477E-01  0.3477E-01  0.3477E-01  0.0000E+00  0.0000E+00  0.0000E+00  0.0000E+00  0.0000E+00
     12.264  0.2420E-01  0.3480E-01  0.3480E-01  0.3480E-01  0.0000E+00  0.0000E+00  0.0000E+00  0.0000E+00  0.0000E+00
     12.354  0.2250E-01  0.3366E-01  0.3366E-01  0.3366E-01  0.0000E+00  0.0000E+00  0.0000E+00  0.0000E+00  0.0000E+00
     12.445  0.2033E-01  0.3204E-01  0.3204E-01  0.3204E-01  0.0000E+00  0.0000E+00  0.0000E+00  0.0000E+00  0.0000E+00
     12.535  0.1945E-01  0.3113E-01  0.3113E-01  0.3113E-01  0.0000E+00  0.0000E+00  0.0000E+00  0.0000E+00  0.0000E+00
     12.626  0.1973E-01  0.3221E-01  0.3221E-01  0.3221E-01  0.0000E+00  0.0000E+00  0.0000E+00  0.0000E+00  0.0000E+00
     12.716  0.2189E-01  0.3606E-01  0.3606E-01  0.3606E-01  0.0000E+00  0.0000E+00  0.0000E+00  0.0000E+00  0.0000E+00
     12.807  0.2326E-01  0.3812E-01  0.3812E-01  0.3812E-01  0.0000E+00  0.0000E+00  0.0000E+00  0.0000E+00  0.0000E+00
     12.897  0.2022E-01  0.3437E-01  0.3437E-01  0.3437E-01  0.0000E+00  0.0000E+00  0.0000E+00  0.0000E+00  0.0000E+00
     12.988  0.1846E-01  0.3235E-01  0.3235E-01  0.3235E-01  0.0000E+00  0.0000E+00  0.0000E+00  0.0000E+00  0.0000E+00
     13.078  0.1583E-01  0.2927E-01  0.2927E-01  0.2927E-01  0.0000E+00  0.0000E+00  0.0000E+00  0.0000E+00  0.0000E+00
     13.169  0.1387E-01  0.2734E-01  0.2734E-01  0.2734E-01  0.0000E+00  0.0000E+00  0.0000E+00  0.0000E+00  0.0000E+00
     13.259  0.1263E-01  0.2627E-01  0.2627E-01  0.2627E-01  0.0000E+00  0.0000E+00  0.0000E+00  0.0000E+00  0.0000E+00
     13.350  0.1099E-01  0.2420E-01  0.2420E-01  0.2420E-01  0.0000E+00  0.0000E+00  0.0000E+00  0.0000E+00  0.0000E+00
     13.440  0.9986E-02  0.2332E-01  0.2332E-01  0.2332E-01  0.0000E+00  0.0000E+00  0.0000E+00  0.0000E+00  0.0000E+00
     13.531  0.9427E-02  0.2266E-01  0.2266E-01  0.2266E-01  0.0000E+00  0.0000E+00  0.0000E+00  0.0000E+00  0.0000E+00
     13.621  0.8874E-02  0.2191E-01  0.2191E-01  0.2191E-01  0.0000E+00  0.0000E+00  0.0000E+00  0.0000E+00  0.0000E+00
     13.712  0.8027E-02  0.2076E-01  0.2076E-01  0.2076E-01  0.0000E+00  0.0000E+00  0.0000E+00  0.0000E+00  0.0000E+00
     13.802  0.7382E-02  0.2007E-01  0.2007E-01  0.2007E-01  0.0000E+00  0.0000E+00  0.0000E+00  0.0000E+00  0.0000E+00
     13.893  0.6959E-02  0.1995E-01  0.1995E-01  0.1995E-01  0.0000E+00  0.0000E+00  0.0000E+00  0.0000E+00  0.0000E+00
     13.983  0.6696E-02  0.2079E-01  0.2079E-01  0.2079E-01  0.0000E+00  0.0000E+00  0.0000E+00  0.0000E+00  0.0000E+00
     14.074  0.6066E-02  0.2278E-01  0.2278E-01  0.2278E-01  0.0000E+00  0.0000E+00  0.0000E+00  0.0000E+00  0.0000E+00
     14.164  0.5322E-02  0.1975E-01  0.1975E-01  0.1975E-01  0.0000E+00  0.0000E+00  0.0000E+00  0.0000E+00  0.0000E+00
     14.254  0.3985E-02  0.1640E-01  0.1640E-01  0.1640E-01  0.0000E+00  0.0000E+00  0.0000E+00  0.0000E+00  0.0000E+00
     14.345  0.3304E-02  0.1254E-01  0.1254E-01  0.1254E-01  0.0000E+00  0.0000E+00  0.0000E+00  0.0000E+00  0.0000E+00
     14.435  0.2871E-02  0.1043E-01  0.1043E-01  0.1043E-01  0.0000E+00  0.0000E+00  0.0000E+00  0.0000E+00  0.0000E+00
     14.526  0.2657E-02  0.9774E-02  0.9774E-02  0.9774E-02  0.0000E+00  0.0000E+00  0.0000E+00  0.0000E+00  0.0000E+00
     14.616  0.2529E-02  0.9385E-02  0.9385E-02  0.9385E-02  0.0000E+00  0.0000E+00  0.0000E+00  0.0000E+00  0.0000E+00
     14.707  0.2372E-02  0.9044E-02  0.9044E-02  0.9044E-02  0.0000E+00  0.0000E+00  0.0000E+00  0.0000E+00  0.0000E+00
     14.797  0.2157E-02  0.8582E-02  0.8582E-02  0.8582E-02  0.0000E+00  0.0000E+00  0.0000E+00  0.0000E+00  0.0000E+00
     14.888  0.1990E-02  0.8135E-02  0.8135E-02  0.8135E-02  0.0000E+00  0.0000E+00  0.0000E+00  0.0000E+00  0.0000E+00
     14.978  0.1603E-02  0.7811E-02  0.7811E-02  0.7811E-02  0.0000E+00  0.0000E+00  0.0000E+00  0.0000E+00  0.0000E+00
     15.069  0.1380E-02  0.7350E-02  0.7350E-02  0.7350E-02  0.0000E+00  0.0000E+00  0.0000E+00  0.0000E+00  0.0000E+00
     15.159  0.1180E-02  0.6393E-02  0.6393E-02  0.6393E-02  0.0000E+00  0.0000E+00  0.0000E+00  0.0000E+00  0.0000E+00
     15.250  0.1009E-02  0.5632E-02  0.5632E-02  0.5632E-02  0.0000E+00  0.0000E+00  0.0000E+00  0.0000E+00  0.0000E+00
     15.340  0.8796E-03  0.5091E-02  0.5091E-02  0.5091E-02  0.0000E+00  0.0000E+00  0.0000E+00  0.0000E+00  0.0000E+00
     15.431  0.7754E-03  0.4697E-02  0.4697E-02  0.4697E-02  0.0000E+00  0.0000E+00  0.0000E+00  0.0000E+00  0.0000E+00
     15.521  0.6921E-03  0.4542E-02  0.4542E-02  0.4542E-02  0.0000E+00  0.0000E+00  0.0000E+00  0.0000E+00  0.0000E+00
     15.612  0.6260E-03  0.4393E-02  0.4393E-02  0.4393E-02  0.0000E+00  0.0000E+00  0.0000E+00  0.0000E+00  0.0000E+00
     15.702  0.5307E-03  0.4074E-02  0.4074E-02  0.4074E-02  0.0000E+00  0.0000E+00  0.0000E+00  0.0000E+00  0.0000E+00
     15.793  0.4279E-03  0.3801E-02  0.3801E-02  0.3801E-02  0.0000E+00  0.0000E+00  0.0000E+00  0.0000E+00  0.0000E+00
     15.883  0.1985E-03  0.2587E-02  0.2587E-02  0.2587E-02  0.0000E+00  0.0000E+00  0.0000E+00  0.0000E+00  0.0000E+00
     15.974  0.1479E-03  0.2025E-02  0.2025E-02  0.2025E-02  0.0000E+00  0.0000E+00  0.0000E+00  0.0000E+00  0.0000E+00
     16.064  0.1033E-03  0.1551E-02  0.1551E-02  0.1551E-02  0.0000E+00  0.0000E+00  0.0000E+00  0.0000E+00  0.0000E+00
     16.155  0.6490E-04  0.1169E-02  0.1169E-02  0.1169E-02  0.0000E+00  0.0000E+00  0.0000E+00  0.0000E+00  0.0000E+00
     16.245  0.3650E-04  0.1185E-02  0.1185E-02  0.1185E-02  0.0000E+00  0.0000E+00  0.0000E+00  0.0000E+00  0.0000E+00
     16.336  0.0000E+00  0.0000E+00  0.0000E+00  0.0000E+00  0.0000E+00  0.0000E+00  0.0000E+00  0.0000E+00  0.0000E+00
     16.426  0.0000E+00  0.0000E+00  0.0000E+00  0.0000E+00  0.0000E+00  0.0000E+00  0.0000E+00  0.0000E+00  0.0000E+00
     16.517  0.0000E+00  0.0000E+00  0.0000E+00  0.0000E+00  0.0000E+00  0.0000E+00  0.0000E+00  0.0000E+00  0.0000E+00
     16.607  0.0000E+00  0.0000E+00  0.0000E+00  0.0000E+00  0.0000E+00  0.0000E+00  0.0000E+00  0.0000E+00  0.0000E+00
     16.698  0.0000E+00  0.0000E+00  0.0000E+00  0.0000E+00  0.0000E+00  0.0000E+00  0.0000E+00  0.0000E+00  0.0000E+00
     16.788  0.0000E+00  0.0000E+00  0.0000E+00  0.0000E+00  0.0000E+00  0.0000E+00  0.0000E+00  0.0000E+00  0.0000E+00
     16.879  0.0000E+00  0.0000E+00  0.0000E+00  0.0000E+00  0.0000E+00  0.0000E+00  0.0000E+00  0.0000E+00  0.0000E+00
     16.969  0.0000E+00  0.0000E+00  0.0000E+00  0.0000E+00  0.0000E+00  0.0000E+00  0.0000E+00  0.0000E+00  0.0000E+00
     17.060  0.0000E+00  0.0000E+00  0.0000E+00  0.0000E+00  0.0000E+00  0.0000E+00  0.0000E+00  0.0000E+00  0.0000E+00
     17.150  0.0000E+00  0.0000E+00  0.0000E+00  0.0000E+00  0.0000E+00  0.0000E+00  0.0000E+00  0.0000E+00  0.0000E+00
     17.241  0.0000E+00  0.0000E+00  0.0000E+00  0.0000E+00  0.0000E+00  0.0000E+00  0.0000E+00  0.0000E+00  0.0000E+00
     17.331  0.0000E+00  0.0000E+00  0.0000E+00  0.0000E+00  0.0000E+00  0.0000E+00  0.0000E+00  0.0000E+00  0.0000E+00
     17.422  0.0000E+00  0.0000E+00  0.0000E+00  0.0000E+00  0.0000E+00  0.0000E+00  0.0000E+00  0.0000E+00  0.0000E+00
     17.512  0.0000E+00  0.0000E+00  0.0000E+00  0.0000E+00  0.0000E+00  0.0000E+00  0.0000E+00  0.0000E+00  0.0000E+00
     17.603  0.0000E+00  0.0000E+00  0.0000E+00  0.0000E+00  0.0000E+00  0.0000E+00  0.0000E+00  0.0000E+00  0.0000E+00
     17.693  0.0000E+00  0.0000E+00  0.0000E+00  0.0000E+00  0.0000E+00  0.0000E+00  0.0000E+00  0.0000E+00  0.0000E+00
     17.784  0.0000E+00  0.0000E+00  0.0000E+00  0.0000E+00  0.0000E+00  0.0000E+00  0.0000E+00  0.0000E+00  0.0000E+00
     17.874  0.0000E+00  0.0000E+00  0.0000E+00  0.0000E+00  0.0000E+00  0.0000E+00  0.0000E+00  0.0000E+00  0.0000E+00
     17.965  0.0000E+00  0.0000E+00  0.0000E+00  0.0000E+00  0.0000E+00  0.0000E+00  0.0000E+00  0.0000E+00  0.0000E+00
     18.055  0.0000E+00  0.0000E+00  0.0000E+00  0.0000E+00  0.0000E+00  0.0000E+00  0.0000E+00  0.0000E+00  0.0000E+00
     18.146  0.0000E+00  0.0000E+00  0.0000E+00  0.0000E+00  0.0000E+00  0.0000E+00  0.0000E+00  0.0000E+00  0.0000E+00
     18.236  0.0000E+00  0.0000E+00  0.0000E+00  0.0000E+00  0.0000E+00  0.0000E+00  0.0000E+00  0.0000E+00  0.0000E+00
     18.327  0.0000E+00  0.0000E+00  0.0000E+00  0.0000E+00  0.0000E+00  0.0000E+00  0.0000E+00  0.0000E+00  0.0000E+00
     18.32671657     -8.82143197  301      5.62896305      1.00000000
     -8.821  0.0000E+00  0.0000E+00  0.0000E+00  0.0000E+00  0.0000E+00  0.0000E+00  0.0000E+00  0.0000E+00  0.0000E+00
     -8.731  0.0000E+00  0.0000E+00  0.0000E+00  0.0000E+00  0.0000E+00  0.0000E+00  0.0000E+00  0.0000E+00  0.0000E+00
     -8.640  0.0000E+00  0.0000E+00  0.0000E+00  0.0000E+00  0.0000E+00  0.0000E+00  0.0000E+00  0.0000E+00  0.0000E+00
     -8.550  0.0000E+00  0.0000E+00  0.0000E+00  0.0000E+00  0.0000E+00  0.0000E+00  0.0000E+00  0.0000E+00  0.0000E+00
     -8.459  0.0000E+00  0.0000E+00  0.0000E+00  0.0000E+00  0.0000E+00  0.0000E+00  0.0000E+00  0.0000E+00  0.0000E+00
     -8.369  0.0000E+00  0.0000E+00  0.0000E+00  0.0000E+00  0.0000E+00  0.0000E+00  0.0000E+00  0.0000E+00  0.0000E+00
     -8.278  0.0000E+00  0.0000E+00  0.0000E+00  0.0000E+00  0.0000E+00  0.0000E+00  0.0000E+00  0.0000E+00  0.0000E+00
     -8.188  0.0000E+00  0.0000E+00  0.0000E+00  0.0000E+00  0.0000E+00  0.0000E+00  0.0000E+00  0.0000E+00  0.0000E+00
     -8.097  0.0000E+00  0.0000E+00  0.0000E+00  0.0000E+00  0.0000E+00  0.0000E+00  0.0000E+00  0.0000E+00  0.0000E+00
     -8.007  0.0000E+00  0.0000E+00  0.0000E+00  0.0000E+00  0.0000E+00  0.0000E+00  0.0000E+00  0.0000E+00  0.0000E+00
     -7.916  0.0000E+00  0.0000E+00  0.0000E+00  0.0000E+00  0.0000E+00  0.0000E+00  0.0000E+00  0.0000E+00  0.0000E+00
     -7.826  0.0000E+00  0.0000E+00  0.0000E+00  0.0000E+00  0.0000E+00  0.0000E+00  0.0000E+00  0.0000E+00  0.0000E+00
     -7.736  0.0000E+00  0.0000E+00  0.0000E+00  0.0000E+00  0.0000E+00  0.0000E+00  0.0000E+00  0.0000E+00  0.0000E+00
     -7.645  0.0000E+00  0.0000E+00  0.0000E+00  0.0000E+00  0.0000E+00  0.0000E+00  0.0000E+00  0.0000E+00  0.0000E+00
     -7.555  0.0000E+00  0.0000E+00  0.0000E+00  0.0000E+00  0.0000E+00  0.0000E+00  0.0000E+00  0.0000E+00  0.0000E+00
     -7.464  0.0000E+00  0.0000E+00  0.0000E+00  0.0000E+00  0.0000E+00  0.0000E+00  0.0000E+00  0.0000E+00  0.0000E+00
     -7.374  0.0000E+00  0.0000E+00  0.0000E+00  0.0000E+00  0.0000E+00  0.0000E+00  0.0000E+00  0.0000E+00  0.0000E+00
     -7.283  0.0000E+00  0.0000E+00  0.0000E+00  0.0000E+00  0.0000E+00  0.0000E+00  0.0000E+00  0.0000E+00  0.0000E+00
     -7.193  0.0000E+00  0.0000E+00  0.0000E+00  0.0000E+00  0.0000E+00  0.0000E+00  0.0000E+00  0.0000E+00  0.0000E+00
     -7.102  0.0000E+00  0.0000E+00  0.0000E+00  0.0000E+00  0.0000E+00  0.0000E+00  0.0000E+00  0.0000E+00  0.0000E+00
     -7.012  0.0000E+00  0.0000E+00  0.0000E+00  0.0000E+00  0.0000E+00  0.0000E+00  0.0000E+00  0.0000E+00  0.0000E+00
     -6.921  0.0000E+00  0.0000E+00  0.0000E+00  0.0000E+00  0.0000E+00  0.0000E+00  0.0000E+00  0.0000E+00  0.0000E+00
     -6.831  0.0000E+00  0.0000E+00  0.0000E+00  0.0000E+00  0.0000E+00  0.0000E+00  0.0000E+00  0.0000E+00  0.0000E+00
     -6.740  0.2462E-01  0.3147E-04  0.3147E-04  0.3147E-04  0.0000E+00  0.0000E+00  0.0000E+00  0.0000E+00  0.0000E+00
     -6.650  0.2793E-01  0.8271E-04  0.8271E-04  0.8271E-04  0.0000E+00  0.0000E+00  0.0000E+00  0.0000E+00  0.0000E+00
     -6.559  0.3505E-01  0.1553E-03  0.1553E-03  0.1553E-03  0.0000E+00  0.0000E+00  0.0000E+00  0.0000E+00  0.0000E+00
     -6.469  0.4114E-01  0.2403E-03  0.2403E-03  0.2403E-03  0.0000E+00  0.0000E+00  0.0000E+00  0.0000E+00  0.0000E+00
     -6.378  0.4601E-01  0.3415E-03  0.3415E-03  0.3415E-03  0.0000E+00  0.0000E+00  0.0000E+00  0.0000E+00  0.0000E+00
     -6.288  0.5120E-01  0.4475E-03  0.4475E-03  0.4475E-03  0.0000E+00  0.0000E+00  0.0000E+00  0.0000E+00  0.0000E+00
     -6.197  0.5522E-01  0.5709E-03  0.5709E-03  0.5709E-03  0.0000E+00  0.0000E+00  0.0000E+00  0.0000E+00  0.0000E+00
     -6.107  0.5978E-01  0.6953E-03  0.6953E-03  0.6953E-03  0.0000E+00  0.0000E+00  0.0000E+00  0.0000E+00  0.0000E+00
     -6.016  0.6347E-01  0.8372E-03  0.8372E-03  0.8372E-03  0.0000E+00  0.0000E+00  0.0000E+00  0.0000E+00  0.0000E+00
     -5.926  0.6756E-01  0.9795E-03  0.9795E-03  0.9795E-03  0.0000E+00  0.0000E+00  0.0000E+00  0.0000E+00  0.0000E+00
     -5.835  0.7120E-01  0.1137E-02  0.1137E-02  0.1137E-02  0.0000E+00  0.0000E+00  0.0000E+00  0.0000E+00  0.0000E+00
     -5.745  0.7491E-01  0.1299E-02  0.1299E-02  0.1299E-02  0.0000E+00  0.0000E+00  0.0000E+00  0.0000E+00  0.0000E+00
     -5.654  0.7882E-01  0.1464E-02  0.1464E-02  0.1464E-02  0.0000E+00  0.0000E+00  0.0000E+00  0.0000E+00  0.0000E+00
     -5.564  0.8231E-01  0.1648E-02  0.1648E-02  0.1648E-02  0.0000E+00  0.0000E+00  0.0000E+00  0.0000E+00  0.0000E+00
     -5.473  0.8611E-01  0.1831E-02  0.1831E-02  0.1831E-02  0.0000E+00  0.0000E+00  0.0000E+00  0.0000E+00  0.0000E+00
     -5.383  0.8999E-01  0.2023E-02  0.2023E-02  0.2023E-02  0.0000E+00  0.0000E+00  0.0000E+00  0.0000E+00  0.0000E+00
     -5.292  0.9376E-01  0.2231E-02  0.2231E-02  0.2231E-02  0.0000E+00  0.0000E+00  0.0000E+00  0.0000E+00  0.0000E+00
     -5.202  0.9786E-01  0.2441E-02  0.2441E-02  0.2441E-02  0.0000E+00  0.0000E+00  0.0000E+00  0.0000E+00  0.0000E+00
     -5.111  0.1022E+00  0.2659E-02  0.2659E-02  0.2659E-02  0.0000E+00  0.0000E+00  0.0000E+00  0.0000E+00  0.0000E+00
     -5.021  0.1066E+00  0.2900E-02  0.2900E-02  0.2900E-02  0.0000E+00  0.0000E+00  0.0000E+00  0.0000E+00  0.0000E+00
     -4.930  0.1115E+00  0.3147E-02  0.3147E-02  0.3147E-02  0.0000E+00  0.0000E+00  0.0000E+00  0.0000E+00  0.0000E+00
     -4.840  0.1170E+00  0.3402E-02  0.3402E-02  0.3402E-02  0.0000E+00  0.0000E+00  0.0000E+00  0.0000E+00  0.0000E+00
     -4.749  0.1230E+00  0.3699E-02  0.3699E-02  0.3699E-02  0.0000E+00  0.0000E+00  0.0000E+00  0.0000E+00  0.0000E+00
     -4.659  0.1304E+00  0.4018E-02  0.4018E-02  0.4018E-02  0.0000E+00  0.0000E+00  0.0000E+00  0.0000E+00  0.0000E+00
     -4.568  0.1397E+00  0.4378E-02  0.4378E-02  0.4378E-02  0.0000E+00  0.0000E+00  0.0000E+00  0.0000E+00  0.0000E+00
     -4.478  0.1532E+00  0.4850E-02  0.4850E-02  0.4850E-02  0.0000E+00  0.0000E+00  0.0000E+00  0.0000E+00  0.0000E+00
     -4.387  0.1814E+00  0.5662E-02  0.5662E-02  0.5662E-02  0.0000E+00  0.0000E+00  0.0000E+00  0.0000E+00  0.0000E+00
     -4.297  0.1853E+00  0.5966E-02  0.5966E-02  0.5966E-02  0.0000E+00  0.0000E+00  0.0000E+00  0.0000E+00  0.0000E+00
     -4.206  0.1742E+00  0.5930E-02  0.5930E-02  0.5930E-02  0.0000E+00  0.0000E+00  0.0000E+00  0.0000E+00  0.0000E+00
     -4.116  0.1666E+00  0.5966E-02  0.5966E-02  0.5966E-02  0.0000E+00  0.0000E+00  0.0000E+00  0.0000E+00  0.0000E+00
     -4.025  0.1597E+00  0.5975E-02  0.5975E-02  0.5975E-02  0.0000E+00  0.0000E+00  0.0000E+00  0.0000E+00  0.0000E+00
     -3.935  0.1545E+00  0.6013E-02  0.6013E-02  0.6013E-02  0.0000E+00  0.0000E+00  0.0000E+00  0.0000E+00  0.0000E+00
     -3.844  0.1474E+00  0.6006E-02  0.6006E-02  0.6006E-02  0.0000E+00  0.0000E+00  0.0000E+00  0.0000E+00  0.0000E+00
     -3.754  0.1417E+00  0.5995E-02  0.5995E-02  0.5995E-02  0.0000E+00  0.0000E+00  0.0000E+00  0.0000E+00  0.0000E+00
     -3.663  0.1346E+00  0.5931E-02  0.5931E-02  0.5931E-02  0.0000E+00  0.0000E+00  0.0000E+00  0.0000E+00  0.0000E+00
     -3.573  0.1292E+00  0.5905E-02  0.5905E-02  0.5905E-02  0.0000E+00  0.0000E+00  0.0000E+00  0.0000E+00  0.0000E+00
     -3.482  0.1222E+00  0.5804E-02  0.5804E-02  0.5804E-02  0.0000E+00  0.0000E+00  0.0000E+00  0.0000E+00  0.0000E+00
     -3.392  0.1159E+00  0.5703E-02  0.5703E-02  0.5703E-02  0.0000E+00  0.0000E+00  0.0000E+00  0.0000E+00  0.0000E+00
     -3.301  0.1098E+00  0.5592E-02  0.5592E-02  0.5592E-02  0.0000E+00  0.0000E+00  0.0000E+00  0.0000E+00  0.0000E+00
     -3.211  0.1024E+00  0.5420E-02  0.5420E-02  0.5420E-02  0.0000E+00  0.0000E+00  0.0000E+00  0.0000E+00  0.0000E+00
     -3.120  0.9595E-01  0.5247E-02  0.5247E-02  0.5247E-02  0.0000E+00  0.0000E+00  0.0000E+00  0.0000E+00  0.0000E+00
     -3.030  0.8868E-01  0.5029E-02  0.5029E-02  0.5029E-02  0.0000E+00  0.0000E+00  0.0000E+00  0.0000E+00  0.0000E+00
     -2.939  0.8136E-01  0.4794E-02  0.4794E-02  0.4794E-02  0.0000E+00  0.0000E+00  0.0000E+00  0.0000E+00  0.0000E+00
     -2.849  0.7365E-01  0.4500E-02  0.4500E-02  0.4500E-02  0.0000E+00  0.0000E+00  0.0000E+00  0.0000E+00  0.0000E+00
     -2.758  0.6685E-01  0.4274E-02  0.4274E-02  0.4274E-02  0.0000E+00  0.0000E+00  0.0000E+00  0.0000E+00  0.0000E+00
     -2.668  0.5594E-01  0.3748E-02  0.3748E-02  0.3748E-02  0.0000E+00  0.0000E+00  0.0000E+00  0.0000E+00  0.0000E+00
     -2.577  0.3298E-01  0.2243E-02  0.2243E-02  0.2243E-02  0.0000E+00  0.0000E+00  0.0000E+00  0.0000E+00  0.0000E+00
     -2.487  0.2290E-02  0.1505E-03  0.1505E-03  0.1505E-03  0.0000E+00  0.0000E+00  0.0000E+00  0.0000E+00  0.0000E+00
     -2.396  0.3238E-02  0.2732E-03  0.2732E-03  0.2732E-03  0.0000E+00  0.0000E+00  0.0000E+00  0.0000E+00  0.0000E+00
     -2.306  0.1297E-01  0.1097E-02  0.1097E-02  0.1097E-02  0.0000E+00  0.0000E+00  0.0000E+00  0.0000E+00  0.0000E+00
     -2.215  0.2956E-01  0.2502E-02  0.2502E-02  0.2502E-02  0.0000E+00  0.0000E+00  0.0000E+00  0.0000E+00  0.0000E+00
     -2.125  0.5193E-01  0.4402E-02  0.4402E-02  0.4402E-02  0.0000E+00  0.0000E+00  0.0000E+00  0.0000E+00  0.0000E+00
     -2.034  0.5626E-01  0.4946E-02  0.4946E-02  0.4946E-02  0.0000E+00  0.0000E+00  0.0000E+00  0.0000E+00  0.0000E+00
     -1.944  0.6398E-01  0.5796E-02  0.5796E-02  0.5796E-02  0.0000E+00  0.0000E+00  0.0000E+00  0.0000E+00  0.0000E+00
     -1.853  0.7336E-01  0.6929E-02  0.6929E-02  0.6929E-02  0.0000E+00  0.0000E+00  0.0000E+00  0.0000E+00  0.0000E+00
     -1.763  0.8150E-01  0.7987E-02  0.7987E-02  0.7987E-02  0.0000E+00  0.0000E+00  0.0000E+00  0.0000E+00  0.0000E+00
     -1.672  0.9268E-01  0.9582E-02  0.9582E-02  0.9582E-02  0.0000E+00  0.0000E+00  0.0000E+00  0.0000E+00  0.0000E+00
     -1.582  0.1037E+00  0.1131E-01  0.1131E-01  0.1131E-01  0.0000E+00  0.0000E+00  0.0000E+00  0.0000E+00  0.0000E+00
     -1.491  0.1604E+00  0.2576E-01  0.2576E-01  0.2576E-01  0.0000E+00  0.0000E+00  0.0000E+00  0.0000E+00  0.0000E+00
     -1.401  0.3368E+00  0.6299E-01  0.6299E-01  0.6299E-01  0.0000E+00  0.0000E+00  0.0000E+00  0.0000E+00  0.0000E+00
     -1.310  0.1782E+00  0.3092E-01  0.3092E-01  0.3092E-01  0.0000E+00  0.0000E+00  0.0000E+00  0.0000E+00  0.0000E+00
     -1.220  0.1419E+00  0.2446E-01  0.2446E-01  0.2446E-01  0.0000E+00  0.0000E+00  0.0000E+00  0.0000E+00  0.0000E+00
     -1.129  0.1244E+00  0.2146E-01  0.2146E-01  0.2146E-01  0.0000E+00  0.0000E+00  0.0000E+00  0.0000E+00  0.0000E+00
     -1.039  0.1115E+00  0.1940E-01  0.1940E-01  0.1940E-01  0.0000E+00  0.0000E+00  0.0000E+00  0.0000E+00  0.0000E+00
     -0.948  0.1010E+00  0.1783E-01  0.1783E-01  0.1783E-01  0.0000E+00  0.0000E+00  0.0000E+00  0.0000E+00  0.0000E+00
     -0.858  0.9346E-01  0.1670E-01  0.1670E-01  0.1670E-01  0.0000E+00  0.0000E+00  0.0000E+00  0.0000E+00  0.0000E+00
     -0.767  0.8697E-01  0.1577E-01  0.1577E-01  0.1577E-01  0.0000E+00  0.0000E+00  0.0000E+00  0.0000E+00  0.0000E+00
     -0.677  0.8079E-01  0.1491E-01  0.1491E-01  0.1491E-01  0.0000E+00  0.0000E+00  0.0000E+00  0.0000E+00  0.0000E+00
     -0.586  0.7514E-01  0.1414E-01  0.1414E-01  0.1414E-01  0.0000E+00  0.0000E+00  0.0000E+00  0.0000E+00  0.0000E+00
     -0.496  0.7105E-01  0.1358E-01  0.1358E-01  0.1358E-01  0.0000E+00  0.0000E+00  0.0000E+00  0.0000E+00  0.0000E+00
     -0.406  0.6694E-01  0.1303E-01  0.1303E-01  0.1303E-01  0.0000E+00  0.0000E+00  0.0000E+00  0.0000E+00  0.0000E+00
     -0.315  0.6279E-01  0.1248E-01  0.1248E-01  0.1248E-01  0.0000E+00  0.0000E+00  0.0000E+00  0.0000E+00  0.0000E+00
     -0.225  0.5886E-01  0.1195E-01  0.1195E-01  0.1195E-01  0.0000E+00  0.0000E+00  0.0000E+00  0.0000E+00  0.0000E+00
     -0.134  0.5602E-01  0.1157E-01  0.1157E-01  0.1157E-01  0.0000E+00  0.0000E+00  0.0000E+00  0.0000E+00  0.0000E+00
     -0.044  0.5307E-01  0.1118E-01  0.1118E-01  0.1118E-01  0.0000E+00  0.0000E+00  0.0000E+00  0.0000E+00  0.0000E+00
      0.047  0.4993E-01  0.1075E-01  0.1075E-01  0.1075E-01  0.0000E+00  0.0000E+00  0.0000E+00  0.0000E+00  0.0000E+00
      0.137  0.4680E-01  0.1031E-01  0.1031E-01  0.1031E-01  0.0000E+00  0.0000E+00  0.0000E+00  0.0000E+00  0.0000E+00
      0.228  0.4468E-01  0.1003E-01  0.1003E-01  0.1003E-01  0.0000E+00  0.0000E+00  0.0000E+00  0.0000E+00  0.0000E+00
      0.318  0.4255E-01  0.9741E-02  0.9741E-02  0.9741E-02  0.0000E+00  0.0000E+00  0.0000E+00  0.0000E+00  0.0000E+00
      0.409  0.4022E-01  0.9414E-02  0.9414E-02  0.9414E-02  0.0000E+00  0.0000E+00  0.0000E+00  0.0000E+00  0.0000E+00
      0.499  0.3768E-01  0.9036E-02  0.9036E-02  0.9036E-02  0.0000E+00  0.0000E+00  0.0000E+00  0.0000E+00  0.0000E+00
      0.590  0.3570E-01  0.8743E-02  0.8743E-02  0.8743E-02  0.0000E+00  0.0000E+00  0.0000E+00  0.0000E+00  0.0000E+00
      0.680  0.3411E-01  0.8520E-02  0.8520E-02  0.8520E-02  0.0000E+00  0.0000E+00  0.0000E+00  0.0000E+00  0.0000E+00
      0.771  0.3239E-01  0.8267E-02  0.8267E-02  0.8267E-02  0.0000E+00  0.0000E+00  0.0000E+00  0.0000E+00  0.0000E+00
      0.861  0.3060E-01  0.7992E-02  0.7992E-02  0.7992E-02  0.0000E+00  0.0000E+00  0.0000E+00  0.0000E+00  0.0000E+00
      0.952  0.2856E-01  0.7655E-02  0.7655E-02  0.7655E-02  0.0000E+00  0.0000E+00  0.0000E+00  0.0000E+00  0.0000E+00
      1.042  0.2713E-01  0.7426E-02  0.7426E-02  0.7426E-02  0.0000E+00  0.0000E+00  0.0000E+00  0.0000E+00  0.0000E+00
      1.133  0.2697E-01  0.2086E-01  0.2086E-01  0.2086E-01  0.0000E+00  0.0000E+00  0.0000E+00  0.0000E+00  0.0000E+00
      1.223  0.2746E-01  0.3371E-01  0.3371E-01  0.3371E-01  0.0000E+00  0.0000E+00  0.0000E+00  0.0000E+00  0.0000E+00
      1.314  0.2843E-01  0.4592E-01  0.4592E-01  0.4592E-01  0.0000E+00  0.0000E+00  0.0000E+00  0.0000E+00  0.0000E+00
      1.404  0.3041E-01  0.6377E-01  0.6377E-01  0.6377E-01  0.0000E+00  0.0000E+00  0.0000E+00  0.0000E+00  0.0000E+00
      1.495  0.3038E-01  0.5836E-01  0.5836E-01  0.5836E-01  0.0000E+00  0.0000E+00  0.0000E+00  0.0000E+00  0.0000E+00
      1.585  0.3049E-01  0.5473E-01  0.5473E-01  0.5473E-01  0.0000E+00  0.0000E+00  0.0000E+00  0.0000E+00  0.0000E+00
      1.676  0.3034E-01  0.5125E-01  0.5125E-01  0.5125E-01  0.0000E+00  0.0000E+00  0.0000E+00  0.0000E+00  0.0000E+00
      1.766  0.3010E-01  0.4965E-01  0.4965E-01  0.4965E-01  0.0000E+00  0.0000E+00  0.0000E+00  0.0000E+00  0.0000E+00
      1.857  0.2942E-01  0.5219E-01  0.5219E-01  0.5219E-01  0.0000E+00  0.0000E+00  0.0000E+00  0.0000E+00  0.0000E+00
      1.947  0.2862E-01  0.5133E-01  0.5133E-01  0.5133E-01  0.0000E+00  0.0000E+00  0.0000E+00  0.0000E+00  0.0000E+00
      2.038  0.2835E-01  0.5308E-01  0.5308E-01  0.5308E-01  0.0000E+00  0.0000E+00  0.0000E+00  0.0000E+00  0.0000E+00
      2.128  0.2799E-01  0.5621E-01  0.5621E-01  0.5621E-01  0.0000E+00  0.0000E+00  0.0000E+00  0.0000E+00  0.0000E+00
      2.219  0.2717E-01  0.5682E-01  0.5682E-01  0.5682E-01  0.0000E+00  0.0000E+00  0.0000E+00  0.0000E+00  0.0000E+00
      2.309  0.2644E-01  0.5942E-01  0.5942E-01  0.5942E-01  0.0000E+00  0.0000E+00  0.0000E+00  0.0000E+00  0.0000E+00
      2.400  0.2558E-01  0.6463E-01  0.6463E-01  0.6463E-01  0.0000E+00  0.0000E+00  0.0000E+00  0.0000E+00  0.0000E+00
      2.490  0.2473E-01  0.6801E-01  0.6801E-01  0.6801E-01  0.0000E+00  0.0000E+00  0.0000E+00  0.0000E+00  0.0000E+00
      2.581  0.2400E-01  0.7741E-01  0.7741E-01  0.7741E-01  0.0000E+00  0.0000E+00  0.0000E+00  0.0000E+00  0.0000E+00
      2.671  0.2320E-01  0.8926E-01  0.8926E-01  0.8926E-01  0.0000E+00  0.0000E+00  0.0000E+00  0.0000E+00  0.0000E+00
      2.762  0.2234E-01  0.8808E-01  0.8808E-01  0.8808E-01  0.0000E+00  0.0000E+00  0.0000E+00  0.0000E+00  0.0000E+00
      2.852  0.2123E-01  0.8719E-01  0.8719E-01  0.8719E-01  0.0000E+00  0.0000E+00  0.0000E+00  0.0000E+00  0.0000E+00
      2.943  0.2012E-01  0.8627E-01  0.8627E-01  0.8627E-01  0.0000E+00  0.0000E+00  0.0000E+00  0.0000E+00  0.0000E+00
      3.033  0.1918E-01  0.8570E-01  0.8570E-01  0.8570E-01  0.0000E+00  0.0000E+00  0.0000E+00  0.0000E+00  0.0000E+00
      3.124  0.1834E-01  0.8473E-01  0.8473E-01  0.8473E-01  0.0000E+00  0.0000E+00  0.0000E+00  0.0000E+00  0.0000E+00
      3.214  0.1749E-01  0.8405E-01  0.8405E-01  0.8405E-01  0.0000E+00  0.0000E+00  0.0000E+00  0.0000E+00  0.0000E+00
      3.305  0.1661E-01  0.8305E-01  0.8305E-01  0.8305E-01  0.0000E+00  0.0000E+00  0.0000E+00  0.0000E+00  0.0000E+00
      3.395  0.1574E-01  0.8239E-01  0.8239E-01  0.8239E-01  0.0000E+00  0.0000E+00  0.0000E+00  0.0000E+00  0.0000E+00
      3.486  0.1454E-01  0.8200E-01  0.8200E-01  0.8200E-01  0.0000E+00  0.0000E+00  0.0000E+00  0.0000E+00  0.0000E+00
      3.576  0.1363E-01  0.8079E-01  0.8079E-01  0.8079E-01  0.0000E+00  0.0000E+00  0.0000E+00  0.0000E+00  0.0000E+00
      3.667  0.1287E-01  0.7981E-01  0.7981E-01  0.7981E-01  0.0000E+00  0.0000E+00  0.0000E+00  0.0000E+00  0.0000E+00
      3.757  0.1206E-01  0.7969E-01  0.7969E-01  0.7969E-01  0.0000E+00  0.0000E+00  0.0000E+00  0.0000E+00  0.0000E+00
      3.848  0.1103E-01  0.7915E-01  0.7915E-01  0.7915E-01  0.0000E+00  0.0000E+00  0.0000E+00  0.0000E+00  0.0000E+00
      3.938  0.9938E-02  0.7873E-01  0.7873E-01  0.7873E-01  0.0000E+00  0.0000E+00  0.0000E+00  0.0000E+00  0.0000E+00
      4.029  0.8829E-02  0.7794E-01  0.7794E-01  0.7794E-01  0.0000E+00  0.0000E+00  0.0000E+00  0.0000E+00  0.0000E+00
      4.119  0.8022E-02  0.7785E-01  0.7785E-01  0.7785E-01  0.0000E+00  0.0000E+00  0.0000E+00  0.0000E+00  0.0000E+00
      4.210  0.7326E-02  0.7765E-01  0.7765E-01  0.7765E-01  0.0000E+00  0.0000E+00  0.0000E+00  0.0000E+00  0.0000E+00
      4.300  0.6553E-02  0.7672E-01  0.7672E-01  0.7672E-01  0.0000E+00  0.0000E+00  0.0000E+00  0.0000E+00  0.0000E+00
      4.391  0.5863E-02  0.6572E-01  0.6572E-01  0.6572E-01  0.0000E+00  0.0000E+00  0.0000E+00  0.0000E+00  0.0000E+00
      4.481  0.5305E-02  0.5287E-01  0.5287E-01  0.5287E-01  0.0000E+00  0.0000E+00  0.0000E+00  0.0000E+00  0.0000E+00
      4.572  0.4564E-02  0.4602E-01  0.4602E-01  0.4602E-01  0.0000E+00  0.0000E+00  0.0000E+00  0.0000E+00  0.0000E+00
      4.662  0.3908E-02  0.4048E-01  0.4048E-01  0.4048E-01  0.0000E+00  0.0000E+00  0.0000E+00  0.0000E+00  0.0000E+00
      4.753  0.3443E-02  0.3599E-01  0.3599E-01  0.3599E-01  0.0000E+00  0.0000E+00  0.0000E+00  0.0000E+00  0.0000E+00
      4.843  0.2927E-02  0.3228E-01  0.3228E-01  0.3228E-01  0.0000E+00  0.0000E+00  0.0000E+00  0.0000E+00  0.0000E+00
      4.934  0.2455E-02  0.2856E-01  0.2856E-01  0.2856E-01  0.0000E+00  0.0000E+00  0.0000E+00  0.0000E+00  0.0000E+00
      5.024  0.1943E-02  0.2507E-01  0.2507E-01  0.2507E-01  0.0000E+00  0.0000E+00  0.0000E+00  0.0000E+00  0.0000E+00
      5.115  0.1468E-02  0.2202E-01  0.2202E-01  0.2202E-01  0.0000E+00  0.0000E+00  0.0000E+00  0.0000E+00  0.0000E+00
      5.205  0.1184E-02  0.1898E-01  0.1898E-01  0.1898E-01  0.0000E+00  0.0000E+00  0.0000E+00  0.0000E+00  0.0000E+00
      5.296  0.8181E-03  0.1588E-01  0.1588E-01  0.1588E-01  0.0000E+00  0.0000E+00  0.0000E+00  0.0000E+00  0.0000E+00
      5.386  0.5658E-03  0.1311E-01  0.1311E-01  0.1311E-01  0.0000E+00  0.0000E+00  0.0000E+00  0.0000E+00  0.0000E+00
      5.477  0.2937E-03  0.9481E-02  0.9481E-02  0.9481E-02  0.0000E+00  0.0000E+00  0.0000E+00  0.0000E+00  0.0000E+00
      5.567  0.5363E-04  0.4366E-02  0.4366E-02  0.4366E-02  0.0000E+00  0.0000E+00  0.0000E+00  0.0000E+00  0.0000E+00
      5.658  0.0000E+00  0.0000E+00  0.0000E+00  0.0000E+00  0.0000E+00  0.0000E+00  0.0000E+00  0.0000E+00  0.0000E+00
      5.748  0.0000E+00  0.0000E+00  0.0000E+00  0.0000E+00  0.0000E+00  0.0000E+00  0.0000E+00  0.0000E+00  0.0000E+00
      5.839  0.0000E+00  0.0000E+00  0.0000E+00  0.0000E+00  0.0000E+00  0.0000E+00  0.0000E+00  0.0000E+00  0.0000E+00
      5.929  0.0000E+00  0.0000E+00  0.0000E+00  0.0000E+00  0.0000E+00  0.0000E+00  0.0000E+00  0.0000E+00  0.0000E+00
      6.020  0.0000E+00  0.0000E+00  0.0000E+00  0.0000E+00  0.0000E+00  0.0000E+00  0.0000E+00  0.0000E+00  0.0000E+00
      6.110  0.0000E+00  0.0000E+00  0.0000E+00  0.0000E+00  0.0000E+00  0.0000E+00  0.0000E+00  0.0000E+00  0.0000E+00
      6.201  0.0000E+00  0.0000E+00  0.0000E+00  0.0000E+00  0.0000E+00  0.0000E+00  0.0000E+00  0.0000E+00  0.0000E+00
      6.291  0.0000E+00  0.0000E+00  0.0000E+00  0.0000E+00  0.0000E+00  0.0000E+00  0.0000E+00  0.0000E+00  0.0000E+00
      6.382  0.0000E+00  0.0000E+00  0.0000E+00  0.0000E+00  0.0000E+00  0.0000E+00  0.0000E+00  0.0000E+00  0.0000E+00
      6.472  0.2113E-02  0.6332E-03  0.6332E-03  0.6332E-03  0.0000E+00  0.0000E+00  0.0000E+00  0.0000E+00  0.0000E+00
      6.563  0.7291E-02  0.2260E-02  0.2260E-02  0.2260E-02  0.0000E+00  0.0000E+00  0.0000E+00  0.0000E+00  0.0000E+00
      6.653  0.1054E-01  0.3426E-02  0.3426E-02  0.3426E-02  0.0000E+00  0.0000E+00  0.0000E+00  0.0000E+00  0.0000E+00
      6.744  0.1461E-01  0.4868E-02  0.4868E-02  0.4868E-02  0.0000E+00  0.0000E+00  0.0000E+00  0.0000E+00  0.0000E+00
      6.834  0.1645E-01  0.5824E-02  0.5824E-02  0.5824E-02  0.0000E+00  0.0000E+00  0.0000E+00  0.0000E+00  0.0000E+00
      6.924  0.1860E-01  0.6898E-02  0.6898E-02  0.6898E-02  0.0000E+00  0.0000E+00  0.0000E+00  0.0000E+00  0.0000E+00
      7.015  0.2066E-01  0.8013E-02  0.8013E-02  0.8013E-02  0.0000E+00  0.0000E+00  0.0000E+00  0.0000E+00  0.0000E+00
      7.105  0.2292E-01  0.9262E-02  0.9262E-02  0.9262E-02  0.0000E+00  0.0000E+00  0.0000E+00  0.0000E+00  0.0000E+00
      7.196  0.2462E-01  0.1040E-01  0.1040E-01  0.1040E-01  0.0000E+00  0.0000E+00  0.0000E+00  0.0000E+00  0.0000E+00
      7.286  0.2602E-01  0.1151E-01  0.1151E-01  0.1151E-01  0.0000E+00  0.0000E+00  0.0000E+00  0.0000E+00  0.0000E+00
      7.377  0.2754E-01  0.1269E-01  0.1269E-01  0.1269E-01  0.0000E+00  0.0000E+00  0.0000E+00  0.0000E+00  0.0000E+00
      7.467  0.2927E-01  0.1398E-01  0.1398E-01  0.1398E-01  0.0000E+00  0.0000E+00  0.0000E+00  0.0000E+00  0.0000E+00
      7.558  0.3773E-01  0.1571E-01  0.1571E-01  0.1571E-01  0.0000E+00  0.0000E+00  0.0000E+00  0.0000E+00  0.0000E+00
      7.648  0.4842E-01  0.1779E-01  0.1779E-01  0.1779E-01  0.0000E+00  0.0000E+00  0.0000E+00  0.0000E+00  0.0000E+00
      7.739  0.5536E-01  0.2006E-01  0.2006E-01  0.2006E-01  0.0000E+00  0.0000E+00  0.0000E+00  0.0000E+00  0.0000E+00
      7.829  0.6302E-01  0.2250E-01  0.2250E-01  0.2250E-01  0.0000E+00  0.0000E+00  0.0000E+00  0.0000E+00  0.0000E+00
      7.920  0.7132E-01  0.2526E-01  0.2526E-01  0.2526E-01  0.0000E+00  0.0000E+00  0.0000E+00  0.0000E+00  0.0000E+00
      8.010  0.8425E-01  0.2938E-01  0.2938E-01  0.2938E-01  0.0000E+00  0.0000E+00  0.0000E+00  0.0000E+00  0.0000E+00
      8.101  0.1041E+00  0.3514E-01  0.3514E-01  0.3514E-01  0.0000E+00  0.0000E+00  0.0000E+00  0.0000E+00  0.0000E+00
      8.191  0.1191E+00  0.4112E-01  0.4112E-01  0.4112E-01  0.0000E+00  0.0000E+00  0.0000E+00  0.0000E+00  0.0000E+00
      8.282  0.1052E+00  0.4055E-01  0.4055E-01  0.4055E-01  0.0000E+00  0.0000E+00  0.0000E+00  0.0000E+00  0.0000E+00
      8.372  0.9826E-01  0.4235E-01  0.4235E-01  0.4235E-01  0.0000E+00  0.0000E+00  0.0000E+00  0.0000E+00  0.0000E+00
      8.463  0.8455E-01  0.3980E-01  0.3980E-01  0.3980E-01  0.0000E+00  0.0000E+00  0.0000E+00  0.0000E+00  0.0000E+00
      8.553  0.7258E-01  0.3511E-01  0.3511E-01  0.3511E-01  0.0000E+00  0.0000E+00  0.0000E+00  0.0000E+00  0.0000E+00
      8.644  0.6147E-01  0.3261E-01  0.3261E-01  0.3261E-01  0.0000E+00  0.0000E+00  0.0000E+00  0.0000E+00  0.0000E+00
      8.734  0.5682E-01  0.3286E-01  0.3286E-01  0.3286E-01  0.0000E+00  0.0000E+00  0.0000E+00  0.0000E+00  0.0000E+00
      8.825  0.5403E-01  0.3539E-01  0.3539E-01  0.3539E-01  0.0000E+00  0.0000E+00  0.0000E+00  0.0000E+00  0.0000E+00
      8.915  0.4498E-01  0.3219E-01  0.3219E-01  0.3219E-01  0.0000E+00  0.0000E+00  0.0000E+00  0.0000E+00  0.0000E+00
      9.006  0.3567E-01  0.3006E-01  0.3006E-01  0.3006E-01  0.0000E+00  0.0000E+00  0.0000E+00  0.0000E+00  0.0000E+00
      9.096  0.3543E-01  0.3531E-01  0.3531E-01  0.3531E-01  0.0000E+00  0.0000E+00  0.0000E+00  0.0000E+00  0.0000E+00
      9.187  0.4956E-01  0.7836E-01  0.7836E-01  0.7836E-01  0.0000E+00  0.0000E+00  0.0000E+00  0.0000E+00  0.0000E+00
      9.277  0.5064E-01  0.7283E-01  0.7283E-01  0.7283E-01  0.0000E+00  0.0000E+00  0.0000E+00  0.0000E+00  0.0000E+00
      9.368  0.5076E-01  0.5891E-01  0.5891E-01  0.5891E-01  0.0000E+00  0.0000E+00  0.0000E+00  0.0000E+00  0.0000E+00
      9.458  0.4702E-01  0.5379E-01  0.5379E-01  0.5379E-01  0.0000E+00  0.0000E+00  0.0000E+00  0.0000E+00  0.0000E+00
      9.549  0.4663E-01  0.5328E-01  0.5328E-01  0.5328E-01  0.0000E+00  0.0000E+00  0.0000E+00  0.0000E+00  0.0000E+00
      9.639  0.5030E-01  0.5408E-01  0.5408E-01  0.5408E-01  0.0000E+00  0.0000E+00  0.0000E+00  0.0000E+00  0.0000E+00
      9.730  0.5531E-01  0.5644E-01  0.5644E-01  0.5644E-01  0.0000E+00  0.0000E+00  0.0000E+00  0.0000E+00  0.0000E+00
      9.820  0.6601E-01  0.5594E-01  0.5594E-01  0.5594E-01  0.0000E+00  0.0000E+00  0.0000E+00  0.0000E+00  0.0000E+00
      9.911  0.3746E-01  0.4276E-01  0.4276E-01  0.4276E-01  0.0000E+00  0.0000E+00  0.0000E+00  0.0000E+00  0.0000E+00
     10.001  0.3209E-01  0.4035E-01  0.4035E-01  0.4035E-01  0.0000E+00  0.0000E+00  0.0000E+00  0.0000E+00  0.0000E+00
     10.092  0.2803E-01  0.3808E-01  0.3808E-01  0.3808E-01  0.0000E+00  0.0000E+00  0.0000E+00  0.0000E+00  0.0000E+00
     10.182  0.2802E-01  0.3753E-01  0.3753E-01  0.3753E-01  0.0000E+00  0.0000E+00  0.0000E+00  0.0000E+00  0.0000E+00
     10.273  0.2859E-01  0.3662E-01  0.3662E-01  0.3662E-01  0.0000E+00  0.0000E+00  0.0000E+00  0.0000E+00  0.0000E+00
     10.363  0.3106E-01  0.3804E-01  0.3804E-01  0.3804E-01  0.0000E+00  0.0000E+00  0.0000E+00  0.0000E+00  0.0000E+00
     10.454  0.3419E-01  0.4139E-01  0.4139E-01  0.4139E-01  0.0000E+00  0.0000E+00  0.0000E+00  0.0000E+00  0.0000E+00
     10.544  0.4017E-01  0.4475E-01  0.4475E-01  0.4475E-01  0.0000E+00  0.0000E+00  0.0000E+00  0.0000E+00  0.0000E+00
     10.635  0.4090E-01  0.4043E-01  0.4043E-01  0.4043E-01  0.0000E+00  0.0000E+00  0.0000E+00  0.0000E+00  0.0000E+00
     10.725  0.4065E-01  0.3961E-01  0.3961E-01  0.3961E-01  0.0000E+00  0.0000E+00  0.0000E+00  0.0000E+00  0.0000E+00
     10.816  0.4105E-01  0.4021E-01  0.4021E-01  0.4021E-01  0.0000E+00  0.0000E+00  0.0000E+00  0.0000E+00  0.0000E+00
     10.906  0.4275E-01  0.4151E-01  0.4151E-01  0.4151E-01  0.0000E+00  0.0000E+00  0.0000E+00  0.0000E+00  0.0000E+00
     10.997  0.4042E-01  0.3967E-01  0.3967E-01  0.3967E-01  0.0000E+00  0.0000E+00  0.0000E+00  0.0000E+00  0.0000E+00
     11.087  0.3964E-01  0.3908E-01  0.3908E-01  0.3908E-01  0.0000E+00  0.0000E+00  0.0000E+00  0.0000E+00  0.0000E+00
     11.178  0.4167E-01  0.4051E-01  0.4051E-01  0.4051E-01  0.0000E+00  0.0000E+00  0.0000E+00  0.0000E+00  0.0000E+00
     11.268  0.3767E-01  0.3877E-01  0.3877E-01  0.3877E-01  0.0000E+00  0.0000E+00  0.0000E+00  0.0000E+00  0.0000E+00
     11.359  0.3627E-01  0.3805E-01  0.3805E-01  0.3805E-01  0.0000E+00  0.0000E+00  0.0000E+00  0.0000E+00  0.0000E+00
     11.449  0.3769E-01  0.3900E-01  0.3900E-01  0.3900E-01  0.0000E+00  0.0000E+00  0.0000E+00  0.0000E+00  0.0000E+00
     11.540  0.3773E-01  0.3999E-01  0.3999E-01  0.3999E-01  0.0000E+00  0.0000E+00  0.0000E+00  0.0000E+00  0.0000E+00
     11.630  0.3567E-01  0.3846E-01  0.3846E-01  0.3846E-01  0.0000E+00  0.0000E+00  0.0000E+00  0.0000E+00  0.0000E+00
     11.721  0.3303E-01  0.3723E-01  0.3723E-01  0.3723E-01  0.0000E+00  0.0000E+00  0.0000E+00  0.0000E+00  0.0000E+00
     11.811  0.3113E-01  0.3722E-01  0.3722E-01  0.3722E-01  0.0000E+00  0.0000E+00  0.0000E+00  0.0000E+00  0.0000E+00
     11.902  0.2985E-01  0.3653E-01  0.3653E-01  0.3653E-01  0.0000E+00  0.0000E+00  0.0000E+00  0.0000E+00  0.0000E+00
     11.992  0.2879E-01  0.3647E-01  0.3647E-01  0.3647E-01  0.0000E+00  0.0000E+00  0.0000E+00  0.0000E+00  0.0000E+00
     12.083  0.2690E-01  0.3590E-01  0.3590E-01  0.3590E-01  0.0000E+00  0.0000E+00  0.0000E+00  0.0000E+00  0.0000E+00
     12.173  0.2540E-01  0.3477E-01  0.3477E-01  0.3477E-01  0.0000E+00  0.0000E+00  0.0000E+00  0.0000E+00  0.0000E+00
     12.264  0.2420E-01  0.3480E-01  0.3480E-01  0.3480E-01  0.0000E+00  0.0000E+00  0.0000E+00  0.0000E+00  0.0000E+00
     12.354  0.2250E-01  0.3366E-01  0.3366E-01  0.3366E-01  0.0000E+00  0.0000E+00  0.0000E+00  0.0000E+00  0.0000E+00
     12.445  0.2033E-01  0.3204E-01  0.3204E-01  0.3204E-01  0.0000E+00  0.0000E+00  0.0000E+00  0.0000E+00  0.0000E+00
     12.535  0.1945E-01  0.3113E-01  0.3113E-01  0.3113E-01  0.0000E+00  0.0000E+00  0.0000E+00  0.0000E+00  0.0000E+00
     12.626  0.1973E-01  0.3221E-01  0.3221E-01  0.3221E-01  0.0000E+00  0.0000E+00  0.0000E+00  0.0000E+00  0.0000E+00
     12.716  0.2189E-01  0.3606E-01  0.3606E-01  0.3606E-01  0.0000E+00  0.0000E+00  0.0000E+00  0.0000E+00  0.0000E+00
     12.807  0.2326E-01  0.3812E-01  0.3812E-01  0.3812E-01  0.0000E+00  0.0000E+00  0.0000E+00  0.0000E+00  0.0000E+00
     12.897  0.2022E-01  0.3437E-01  0.3437E-01  0.3437E-01  0.0000E+00  0.0000E+00  0.0000E+00  0.0000E+00  0.0000E+00
     12.988  0.1846E-01  0.3235E-01  0.3235E-01  0.3235E-01  0.0000E+00  0.0000E+00  0.0000E+00  0.0000E+00  0.0000E+00
     13.078  0.1583E-01  0.2927E-01  0.2927E-01  0.2927E-01  0.0000E+00  0.0000E+00  0.0000E+00  0.0000E+00  0.0000E+00
     13.169  0.1387E-01  0.2734E-01  0.2734E-01  0.2734E-01  0.0000E+00  0.0000E+00  0.0000E+00  0.0000E+00  0.0000E+00
     13.259  0.1263E-01  0.2627E-01  0.2627E-01  0.2627E-01  0.0000E+00  0.0000E+00  0.0000E+00  0.0000E+00  0.0000E+00
     13.350  0.1099E-01  0.2420E-01  0.2420E-01  0.2420E-01  0.0000E+00  0.0000E+00  0.0000E+00  0.0000E+00  0.0000E+00
     13.440  0.9986E-02  0.2332E-01  0.2332E-01  0.2332E-01  0.0000E+00  0.0000E+00  0.0000E+00  0.0000E+00  0.0000E+00
     13.531  0.9427E-02  0.2266E-01  0.2266E-01  0.2266E-01  0.0000E+00  0.0000E+00  0.0000E+00  0.0000E+00  0.0000E+00
     13.621  0.8874E-02  0.2191E-01  0.2191E-01  0.2191E-01  0.0000E+00  0.0000E+00  0.0000E+00  0.0000E+00  0.0000E+00
     13.712  0.8027E-02  0.2076E-01  0.2076E-01  0.2076E-01  0.0000E+00  0.0000E+00  0.0000E+00  0.0000E+00  0.0000E+00
     13.802  0.7382E-02  0.2007E-01  0.2007E-01  0.2007E-01  0.0000E+00  0.0000E+00  0.0000E+00  0.0000E+00  0.0000E+00
     13.893  0.6959E-02  0.1995E-01  0.1995E-01  0.1995E-01  0.0000E+00  0.0000E+00  0.0000E+00  0.0000E+00  0.0000E+00
     13.983  0.6696E-02  0.2079E-01  0.2079E-01  0.2079E-01  0.0000E+00  0.0000E+00  0.0000E+00  0.0000E+00  0.0000E+00
     14.074  0.6066E-02  0.2278E-01  0.2278E-01  0.2278E-01  0.0000E+00  0.0000E+00  0.0000E+00  0.0000E+00  0.0000E+00
     14.164  0.5322E-02  0.1975E-01  0.1975E-01  0.1975E-01  0.0000E+00  0.0000E+00  0.0000E+00  0.0000E+00  0.0000E+00
     14.254  0.3985E-02  0.1640E-01  0.1640E-01  0.1640E-01  0.0000E+00  0.0000E+00  0.0000E+00  0.0000E+00  0.0000E+00
     14.345  0.3304E-02  0.1254E-01  0.1254E-01  0.1254E-01  0.0000E+00  0.0000E+00  0.0000E+00  0.0000E+00  0.0000E+00
     14.435  0.2871E-02  0.1043E-01  0.1043E-01  0.1043E-01  0.0000E+00  0.0000E+00  0.0000E+00  0.0000E+00  0.0000E+00
     14.526  0.2657E-02  0.9774E-02  0.9774E-02  0.9774E-02  0.0000E+00  0.0000E+00  0.0000E+00  0.0000E+00  0.0000E+00
     14.616  0.2529E-02  0.9385E-02  0.9385E-02  0.9385E-02  0.0000E+00  0.0000E+00  0.0000E+00  0.0000E+00  0.0000E+00
     14.707  0.2372E-02  0.9044E-02  0.9044E-02  0.9044E-02  0.0000E+00  0.0000E+00  0.0000E+00  0.0000E+00  0.0000E+00
     14.797  0.2157E-02  0.8582E-02  0.8582E-02  0.8582E-02  0.0000E+00  0.0000E+00  0.0000E+00  0.0000E+00  0.0000E+00
     14.888  0.1990E-02  0.8135E-02  0.8135E-02  0.8135E-02  0.0000E+00  0.0000E+00  0.0000E+00  0.0000E+00  0.0000E+00
     14.978  0.1603E-02  0.7811E-02  0.7811E-02  0.7811E-02  0.0000E+00  0.0000E+00  0.0000E+00  0.0000E+00  0.0000E+00
     15.069  0.1380E-02  0.7350E-02  0.7350E-02  0.7350E-02  0.0000E+00  0.0000E+00  0.0000E+00  0.0000E+00  0.0000E+00
     15.159  0.1180E-02  0.6393E-02  0.6393E-02  0.6393E-02  0.0000E+00  0.0000E+00  0.0000E+00  0.0000E+00  0.0000E+00
     15.250  0.1009E-02  0.5632E-02  0.5632E-02  0.5632E-02  0.0000E+00  0.0000E+00  0.0000E+00  0.0000E+00  0.0000E+00
     15.340  0.8796E-03  0.5091E-02  0.5091E-02  0.5091E-02  0.0000E+00  0.0000E+00  0.0000E+00  0.0000E+00  0.0000E+00
     15.431  0.7754E-03  0.4697E-02  0.4697E-02  0.4697E-02  0.0000E+00  0.0000E+00  0.0000E+00  0.0000E+00  0.0000E+00
     15.521  0.6921E-03  0.4542E-02  0.4542E-02  0.4542E-02  0.0000E+00  0.0000E+00  0.0000E+00  0.0000E+00  0.0000E+00
     15.612  0.6260E-03  0.4393E-02  0.4393E-02  0.4393E-02  0.0000E+00  0.0000E+00  0.0000E+00  0.0000E+00  0.0000E+00
     15.702  0.5307E-03  0.4074E-02  0.4074E-02  0.4074E-02  0.0000E+00  0.0000E+00  0.0000E+00  0.0000E+00  0.0000E+00
     15.793  0.4279E-03  0.3801E-02  0.3801E-02  0.3801E-02  0.0000E+00  0.0000E+00  0.0000E+00  0.0000E+00  0.0000E+00
     15.883  0.1985E-03  0.2587E-02  0.2587E-02  0.2587E-02  0.0000E+00  0.0000E+00  0.0000E+00  0.0000E+00  0.0000E+00
     15.974  0.1479E-03  0.2025E-02  0.2025E-02  0.2025E-02  0.0000E+00  0.0000E+00  0.0000E+00  0.0000E+00  0.0000E+00
     16.064  0.1033E-03  0.1551E-02  0.1551E-02  0.1551E-02  0.0000E+00  0.0000E+00  0.0000E+00  0.0000E+00  0.0000E+00
     16.155  0.6490E-04  0.1169E-02  0.1169E-02  0.1169E-02  0.0000E+00  0.0000E+00  0.0000E+00  0.0000E+00  0.0000E+00
     16.245  0.3650E-04  0.1185E-02  0.1185E-02  0.1185E-02  0.0000E+00  0.0000E+00  0.0000E+00  0.0000E+00  0.0000E+00
     16.336  0.0000E+00  0.0000E+00  0.0000E+00  0.0000E+00  0.0000E+00  0.0000E+00  0.0000E+00  0.0000E+00  0.0000E+00
     16.426  0.0000E+00  0.0000E+00  0.0000E+00  0.0000E+00  0.0000E+00  0.0000E+00  0.0000E+00  0.0000E+00  0.0000E+00
     16.517  0.0000E+00  0.0000E+00  0.0000E+00  0.0000E+00  0.0000E+00  0.0000E+00  0.0000E+00  0.0000E+00  0.0000E+00
     16.607  0.0000E+00  0.0000E+00  0.0000E+00  0.0000E+00  0.0000E+00  0.0000E+00  0.0000E+00  0.0000E+00  0.0000E+00
     16.698  0.0000E+00  0.0000E+00  0.0000E+00  0.0000E+00  0.0000E+00  0.0000E+00  0.0000E+00  0.0000E+00  0.0000E+00
     16.788  0.0000E+00  0.0000E+00  0.0000E+00  0.0000E+00  0.0000E+00  0.0000E+00  0.0000E+00  0.0000E+00  0.0000E+00
     16.879  0.0000E+00  0.0000E+00  0.0000E+00  0.0000E+00  0.0000E+00  0.0000E+00  0.0000E+00  0.0000E+00  0.0000E+00
     16.969  0.0000E+00  0.0000E+00  0.0000E+00  0.0000E+00  0.0000E+00  0.0000E+00  0.0000E+00  0.0000E+00  0.0000E+00
     17.060  0.0000E+00  0.0000E+00  0.0000E+00  0.0000E+00  0.0000E+00  0.0000E+00  0.0000E+00  0.0000E+00  0.0000E+00
     17.150  0.0000E+00  0.0000E+00  0.0000E+00  0.0000E+00  0.0000E+00  0.0000E+00  0.0000E+00  0.0000E+00  0.0000E+00
     17.241  0.0000E+00  0.0000E+00  0.0000E+00  0.0000E+00  0.0000E+00  0.0000E+00  0.0000E+00  0.0000E+00  0.0000E+00
     17.331  0.0000E+00  0.0000E+00  0.0000E+00  0.0000E+00  0.0000E+00  0.0000E+00  0.0000E+00  0.0000E+00  0.0000E+00
     17.422  0.0000E+00  0.0000E+00  0.0000E+00  0.0000E+00  0.0000E+00  0.0000E+00  0.0000E+00  0.0000E+00  0.0000E+00
     17.512  0.0000E+00  0.0000E+00  0.0000E+00  0.0000E+00  0.0000E+00  0.0000E+00  0.0000E+00  0.0000E+00  0.0000E+00
     17.603  0.0000E+00  0.0000E+00  0.0000E+00  0.0000E+00  0.0000E+00  0.0000E+00  0.0000E+00  0.0000E+00  0.0000E+00
     17.693  0.0000E+00  0.0000E+00  0.0000E+00  0.0000E+00  0.0000E+00  0.0000E+00  0.0000E+00  0.0000E+00  0.0000E+00
     17.784  0.0000E+00  0.0000E+00  0.0000E+00  0.0000E+00  0.0000E+00  0.0000E+00  0.0000E+00  0.0000E+00  0.0000E+00
     17.874  0.0000E+00  0.0000E+00  0.0000E+00  0.0000E+00  0.0000E+00  0.0000E+00  0.0000E+00  0.0000E+00  0.0000E+00
     17.965  0.0000E+00  0.0000E+00  0.0000E+00  0.0000E+00  0.0000E+00  0.0000E+00  0.0000E+00  0.0000E+00  0.0000E+00
     18.055  0.0000E+00  0.0000E+00  0.0000E+00  0.0000E+00  0.0000E+00  0.0000E+00  0.0000E+00  0.0000E+00  0.0000E+00
     18.146  0.0000E+00  0.0000E+00  0.0000E+00  0.0000E+00  0.0000E+00  0.0000E+00  0.0000E+00  0.0000E+00  0.0000E+00
     18.236  0.0000E+00  0.0000E+00  0.0000E+00  0.0000E+00  0.0000E+00  0.0000E+00  0.0000E+00  0.0000E+00  0.0000E+00
     18.327  0.0000E+00  0.0000E+00  0.0000E+00  0.0000E+00  0.0000E+00  0.0000E+00  0.0000E+00  0.0000E+00  0.0000E+00
