   2   2   1   0
  0.1979399E+02  0.3825540E-09  0.3825540E-09  0.3825540E-09  0.5000000E-15
  1.000000000000000E-004
  CAR 
 Si                                      
     18.84219590     -8.75370858  301      5.85398471      1.00000000
     -8.754  0.0000E+00  0.0000E+00
     -8.662  0.0000E+00  0.0000E+00
     -8.570  0.0000E+00  0.0000E+00
     -8.478  0.0000E+00  0.0000E+00
     -8.386  0.0000E+00  0.0000E+00
     -8.294  0.0000E+00  0.0000E+00
     -8.202  0.0000E+00  0.0000E+00
     -8.110  0.0000E+00  0.0000E+00
     -8.018  0.0000E+00  0.0000E+00
     -7.926  0.0000E+00  0.0000E+00
     -7.834  0.0000E+00  0.0000E+00
     -7.742  0.0000E+00  0.0000E+00
     -7.650  0.0000E+00  0.0000E+00
     -7.558  0.0000E+00  0.0000E+00
     -7.466  0.0000E+00  0.0000E+00
     -7.374  0.0000E+00  0.0000E+00
     -7.282  0.0000E+00  0.0000E+00
     -7.190  0.0000E+00  0.0000E+00
     -7.098  0.0000E+00  0.0000E+00
     -7.006  0.0000E+00  0.0000E+00
     -6.914  0.0000E+00  0.0000E+00
     -6.822  0.0000E+00  0.0000E+00
     -6.730  0.4338E-01  0.4827E-03
     -6.638  0.1142E+00  0.7492E-02
     -6.546  0.1421E+00  0.1886E-01
     -6.454  0.1710E+00  0.3333E-01
     -6.362  0.1974E+00  0.5040E-01
     -6.270  0.2223E+00  0.6968E-01
     -6.178  0.2426E+00  0.9109E-01
     -6.086  0.2649E+00  0.1144E+00
     -5.994  0.2828E+00  0.1396E+00
     -5.902  0.3027E+00  0.1665E+00
     -5.810  0.3200E+00  0.1952E+00
     -5.718  0.3381E+00  0.2254E+00
     -5.626  0.3560E+00  0.2574E+00
     -5.534  0.3730E+00  0.2909E+00
     -5.442  0.3912E+00  0.3260E+00
     -5.350  0.4084E+00  0.3628E+00
     -5.258  0.4262E+00  0.4012E+00
     -5.166  0.4452E+00  0.4413E+00
     -5.074  0.4637E+00  0.4831E+00
     -4.982  0.4834E+00  0.5266E+00
     -4.890  0.5049E+00  0.5721E+00
     -4.798  0.5272E+00  0.6195E+00
     -4.706  0.5521E+00  0.6692E+00
     -4.614  0.5806E+00  0.7212E+00
     -4.522  0.6138E+00  0.7761E+00
     -4.430  0.6566E+00  0.8344E+00
     -4.338  0.7221E+00  0.8976E+00
     -4.246  0.8465E+00  0.9704E+00
     -4.154  0.8190E+00  0.1047E+01
     -4.062  0.7883E+00  0.1121E+01
     -3.970  0.7661E+00  0.1192E+01
     -3.878  0.7348E+00  0.1261E+01
     -3.786  0.7055E+00  0.1327E+01
     -3.694  0.6798E+00  0.1391E+01
     -3.602  0.6499E+00  0.1452E+01
     -3.510  0.6235E+00  0.1511E+01
     -3.419  0.5953E+00  0.1567E+01
     -3.327  0.5671E+00  0.1620E+01
     -3.235  0.5394E+00  0.1671E+01
     -3.143  0.5078E+00  0.1719E+01
     -3.051  0.4785E+00  0.1764E+01
     -2.959  0.4463E+00  0.1807E+01
     -2.867  0.4134E+00  0.1847E+01
     -2.775  0.3824E+00  0.1883E+01
     -2.683  0.3442E+00  0.1917E+01
     -2.591  0.3204E+00  0.1947E+01
     -2.499  0.2519E+00  0.1974E+01
     -2.407  0.1185E+00  0.1992E+01
     -2.315  0.3856E-01  0.1998E+01
     -2.223  0.3764E-01  0.2001E+01
     -2.131  0.9657E-01  0.2007E+01
     -2.039  0.1762E+00  0.2019E+01
     -1.947  0.2373E+00  0.2039E+01
     -1.855  0.2941E+00  0.2063E+01
     -1.763  0.3408E+00  0.2092E+01
     -1.671  0.3891E+00  0.2126E+01
     -1.579  0.4463E+00  0.2164E+01
     -1.487  0.5055E+00  0.2208E+01
     -1.395  0.8801E+00  0.2268E+01
     -1.303  0.1326E+01  0.2364E+01
     -1.211  0.1604E+01  0.2520E+01
     -1.119  0.1034E+01  0.2630E+01
     -1.027  0.8747E+00  0.2717E+01
     -0.935  0.7730E+00  0.2792E+01
     -0.843  0.6983E+00  0.2860E+01
     -0.751  0.6454E+00  0.2921E+01
     -0.659  0.5978E+00  0.2979E+01
     -0.567  0.5544E+00  0.3032E+01
     -0.475  0.5239E+00  0.3081E+01
     -0.383  0.4944E+00  0.3128E+01
     -0.291  0.4646E+00  0.3172E+01
     -0.199  0.4391E+00  0.3213E+01
     -0.107  0.4189E+00  0.3253E+01
     -0.015  0.3982E+00  0.3291E+01
      0.077  0.3758E+00  0.3326E+01
      0.169  0.3581E+00  0.3360E+01
      0.261  0.3434E+00  0.3392E+01
      0.353  0.3279E+00  0.3423E+01
      0.445  0.3109E+00  0.3452E+01
      0.537  0.2955E+00  0.3480E+01
      0.629  0.2842E+00  0.3507E+01
      0.721  0.2726E+00  0.3532E+01
      0.813  0.2596E+00  0.3557E+01
      0.905  0.2451E+00  0.3580E+01
      0.997  0.2359E+00  0.3602E+01
      1.089  0.2270E+00  0.3624E+01
      1.181  0.2173E+00  0.3644E+01
      1.273  0.5614E+00  0.3677E+01
      1.365  0.7302E+00  0.3735E+01
      1.457  0.9899E+00  0.3813E+01
      1.549  0.1217E+01  0.3919E+01
      1.641  0.1103E+01  0.4025E+01
      1.733  0.1044E+01  0.4124E+01
      1.825  0.9808E+00  0.4217E+01
      1.917  0.9620E+00  0.4306E+01
      2.009  0.9837E+00  0.4395E+01
      2.101  0.9715E+00  0.4485E+01
      2.193  0.9961E+00  0.4575E+01
      2.285  0.1024E+01  0.4668E+01
      2.377  0.1057E+01  0.4762E+01
      2.469  0.1064E+01  0.4860E+01
      2.561  0.1145E+01  0.4961E+01
      2.653  0.1186E+01  0.5067E+01
      2.745  0.1286E+01  0.5180E+01
      2.837  0.1484E+01  0.5309E+01
      2.929  0.1439E+01  0.5442E+01
      3.021  0.1427E+01  0.5575E+01
      3.113  0.1394E+01  0.5704E+01
      3.205  0.1371E+01  0.5832E+01
      3.297  0.1350E+01  0.5957E+01
      3.388  0.1324E+01  0.6080E+01
      3.480  0.1308E+01  0.6201E+01
      3.572  0.1278E+01  0.6320E+01
      3.664  0.1261E+01  0.6437E+01
      3.756  0.1243E+01  0.6552E+01
      3.848  0.1214E+01  0.6665E+01
      3.940  0.1191E+01  0.6775E+01
      4.032  0.1179E+01  0.6884E+01
      4.124  0.1163E+01  0.6992E+01
      4.216  0.1144E+01  0.7098E+01
      4.308  0.1122E+01  0.7202E+01
      4.400  0.1101E+01  0.7305E+01
      4.492  0.1092E+01  0.7406E+01
      4.584  0.9593E+00  0.7503E+01
      4.676  0.7590E+00  0.7580E+01
      4.768  0.6641E+00  0.7645E+01
      4.860  0.5857E+00  0.7703E+01
      4.952  0.5181E+00  0.7753E+01
      5.044  0.4560E+00  0.7798E+01
      5.136  0.4083E+00  0.7838E+01
      5.228  0.3581E+00  0.7873E+01
      5.320  0.3121E+00  0.7904E+01
      5.412  0.2695E+00  0.7931E+01
      5.504  0.2269E+00  0.7953E+01
      5.596  0.1796E+00  0.7972E+01
      5.688  0.1391E+00  0.7987E+01
      5.780  0.7003E-01  0.7997E+01
      5.872  0.0000E+00  0.8000E+01
      5.964  0.0000E+00  0.8000E+01
      6.056  0.0000E+00  0.8000E+01
      6.148  0.0000E+00  0.8000E+01
      6.240  0.0000E+00  0.8000E+01
      6.332  0.0000E+00  0.8000E+01
      6.424  0.0000E+00  0.8000E+01
      6.516  0.0000E+00  0.8000E+01
      6.608  0.1711E-04  0.8000E+01
      6.700  0.9080E-01  0.8004E+01
      6.792  0.1695E+00  0.8016E+01
      6.884  0.2552E+00  0.8035E+01
      6.976  0.3082E+00  0.8062E+01
      7.068  0.3548E+00  0.8092E+01
      7.160  0.4047E+00  0.8127E+01
      7.252  0.4584E+00  0.8167E+01
      7.344  0.5041E+00  0.8211E+01
      7.436  0.5400E+00  0.8259E+01
      7.528  0.5822E+00  0.8311E+01
      7.620  0.6239E+00  0.8366E+01
      7.712  0.6693E+00  0.8426E+01
      7.804  0.7223E+00  0.8489E+01
      7.896  0.8327E+00  0.8561E+01
      7.988  0.9125E+00  0.8641E+01
      8.080  0.1001E+01  0.8729E+01
      8.172  0.1099E+01  0.8826E+01
      8.264  0.1240E+01  0.8933E+01
      8.356  0.1451E+01  0.9056E+01
      8.448  0.1655E+01  0.9202E+01
      8.540  0.1570E+01  0.9348E+01
      8.632  0.1571E+01  0.9495E+01
      8.724  0.1460E+01  0.9636E+01
      8.816  0.1238E+01  0.9759E+01
      8.908  0.1156E+01  0.9869E+01
      9.000  0.1193E+01  0.9976E+01
      9.092  0.1120E+01  0.1008E+02
      9.184  0.1041E+01  0.1018E+02
      9.276  0.1033E+01  0.1028E+02
      9.368  0.1912E+01  0.1039E+02
      9.460  0.2279E+01  0.1057E+02
      9.552  0.1929E+01  0.1076E+02
      9.644  0.1663E+01  0.1092E+02
      9.736  0.1574E+01  0.1107E+02
      9.828  0.1522E+01  0.1121E+02
      9.920  0.1661E+01  0.1136E+02
     10.012  0.1556E+01  0.1151E+02
     10.103  0.1634E+01  0.1165E+02
     10.195  0.1287E+01  0.1178E+02
     10.287  0.1151E+01  0.1190E+02
     10.379  0.1061E+01  0.1200E+02
     10.471  0.1022E+01  0.1209E+02
     10.563  0.1054E+01  0.1219E+02
     10.655  0.1151E+01  0.1229E+02
     10.747  0.1289E+01  0.1240E+02
     10.839  0.1180E+01  0.1252E+02
     10.931  0.1147E+01  0.1262E+02
     11.023  0.1122E+01  0.1273E+02
     11.115  0.1158E+01  0.1283E+02
     11.207  0.1120E+01  0.1294E+02
     11.299  0.1213E+01  0.1304E+02
     11.391  0.1152E+01  0.1315E+02
     11.483  0.1103E+01  0.1325E+02
     11.575  0.1108E+01  0.1335E+02
     11.667  0.1097E+01  0.1346E+02
     11.759  0.1108E+01  0.1356E+02
     11.851  0.1077E+01  0.1366E+02
     11.943  0.1106E+01  0.1376E+02
     12.035  0.1046E+01  0.1386E+02
     12.127  0.9984E+00  0.1395E+02
     12.219  0.9975E+00  0.1404E+02
     12.311  0.9729E+00  0.1414E+02
     12.403  0.9670E+00  0.1422E+02
     12.495  0.9585E+00  0.1431E+02
     12.587  0.1025E+01  0.1440E+02
     12.679  0.8669E+00  0.1449E+02
     12.771  0.8096E+00  0.1456E+02
     12.863  0.8096E+00  0.1464E+02
     12.955  0.8489E+00  0.1471E+02
     13.047  0.8939E+00  0.1479E+02
     13.139  0.9205E+00  0.1488E+02
     13.231  0.9277E+00  0.1496E+02
     13.323  0.8206E+00  0.1504E+02
     13.415  0.7204E+00  0.1511E+02
     13.507  0.6817E+00  0.1518E+02
     13.599  0.6475E+00  0.1524E+02
     13.691  0.5927E+00  0.1530E+02
     13.783  0.5689E+00  0.1535E+02
     13.875  0.5504E+00  0.1540E+02
     13.967  0.5233E+00  0.1545E+02
     14.059  0.4959E+00  0.1550E+02
     14.151  0.5008E+00  0.1554E+02
     14.243  0.5036E+00  0.1559E+02
     14.335  0.5872E+00  0.1564E+02
     14.427  0.4619E+00  0.1569E+02
     14.519  0.4146E+00  0.1573E+02
     14.611  0.3392E+00  0.1577E+02
     14.703  0.2331E+00  0.1579E+02
     14.795  0.2155E+00  0.1581E+02
     14.887  0.2050E+00  0.1583E+02
     14.979  0.1917E+00  0.1585E+02
     15.071  0.1974E+00  0.1587E+02
     15.163  0.1617E+00  0.1588E+02
     15.255  0.1428E+00  0.1590E+02
     15.347  0.1297E+00  0.1591E+02
     15.439  0.1204E+00  0.1592E+02
     15.531  0.1149E+00  0.1593E+02
     15.623  0.1083E+00  0.1594E+02
     15.715  0.9854E-01  0.1595E+02
     15.807  0.9035E-01  0.1596E+02
     15.899  0.7395E-01  0.1597E+02
     15.991  0.6222E-01  0.1597E+02
     16.083  0.5256E-01  0.1598E+02
     16.175  0.4460E-01  0.1598E+02
     16.267  0.3923E-01  0.1599E+02
     16.359  0.3679E-01  0.1599E+02
     16.451  0.3635E-01  0.1599E+02
     16.543  0.7142E-01  0.1600E+02
     16.635  0.9081E-02  0.1600E+02
     16.727  0.2818E-02  0.1600E+02
     16.818  0.1183E-03  0.1600E+02
     16.910  0.0000E+00  0.1600E+02
     17.002  0.0000E+00  0.1600E+02
     17.094  0.0000E+00  0.1600E+02
     17.186  0.0000E+00  0.1600E+02
     17.278  0.0000E+00  0.1600E+02
     17.370  0.0000E+00  0.1600E+02
     17.462  0.0000E+00  0.1600E+02
     17.554  0.0000E+00  0.1600E+02
     17.646  0.0000E+00  0.1600E+02
     17.738  0.0000E+00  0.1600E+02
     17.830  0.0000E+00  0.1600E+02
     17.922  0.0000E+00  0.1600E+02
     18.014  0.0000E+00  0.1600E+02
     18.106  0.0000E+00  0.1600E+02
     18.198  0.0000E+00  0.1600E+02
     18.290  0.0000E+00  0.1600E+02
     18.382  0.0000E+00  0.1600E+02
     18.474  0.0000E+00  0.1600E+02
     18.566  0.0000E+00  0.1600E+02
     18.658  0.0000E+00  0.1600E+02
     18.750  0.0000E+00  0.1600E+02
     18.842  0.0000E+00  0.1600E+02
     18.84219590     -8.75370858  301      5.85398471      1.00000000
     -8.754  0.0000E+00  0.0000E+00  0.0000E+00  0.0000E+00  0.0000E+00  0.0000E+00  0.0000E+00  0.0000E+00  0.0000E+00
     -8.662  0.0000E+00  0.0000E+00  0.0000E+00  0.0000E+00  0.0000E+00  0.0000E+00  0.0000E+00  0.0000E+00  0.0000E+00
     -8.570  0.0000E+00  0.0000E+00  0.0000E+00  0.0000E+00  0.0000E+00  0.0000E+00  0.0000E+00  0.0000E+00  0.0000E+00
     -8.478  0.0000E+00  0.0000E+00  0.0000E+00  0.0000E+00  0.0000E+00  0.0000E+00  0.0000E+00  0.0000E+00  0.0000E+00
     -8.386  0.0000E+00  0.0000E+00  0.0000E+00  0.0000E+00  0.0000E+00  0.0000E+00  0.0000E+00  0.0000E+00  0.0000E+00
     -8.294  0.0000E+00  0.0000E+00  0.0000E+00  0.0000E+00  0.0000E+00  0.0000E+00  0.0000E+00  0.0000E+00  0.0000E+00
     -8.202  0.0000E+00  0.0000E+00  0.0000E+00  0.0000E+00  0.0000E+00  0.0000E+00  0.0000E+00  0.0000E+00  0.0000E+00
     -8.110  0.0000E+00  0.0000E+00  0.0000E+00  0.0000E+00  0.0000E+00  0.0000E+00  0.0000E+00  0.0000E+00  0.0000E+00
     -8.018  0.0000E+00  0.0000E+00  0.0000E+00  0.0000E+00  0.0000E+00  0.0000E+00  0.0000E+00  0.0000E+00  0.0000E+00
     -7.926  0.0000E+00  0.0000E+00  0.0000E+00  0.0000E+00  0.0000E+00  0.0000E+00  0.0000E+00  0.0000E+00  0.0000E+00
     -7.834  0.0000E+00  0.0000E+00  0.0000E+00  0.0000E+00  0.0000E+00  0.0000E+00  0.0000E+00  0.0000E+00  0.0000E+00
     -7.742  0.0000E+00  0.0000E+00  0.0000E+00  0.0000E+00  0.0000E+00  0.0000E+00  0.0000E+00  0.0000E+00  0.0000E+00
     -7.650  0.0000E+00  0.0000E+00  0.0000E+00  0.0000E+00  0.0000E+00  0.0000E+00  0.0000E+00  0.0000E+00  0.0000E+00
     -7.558  0.0000E+00  0.0000E+00  0.0000E+00  0.0000E+00  0.0000E+00  0.0000E+00  0.0000E+00  0.0000E+00  0.0000E+00
     -7.466  0.0000E+00  0.0000E+00  0.0000E+00  0.0000E+00  0.0000E+00  0.0000E+00  0.0000E+00  0.0000E+00  0.0000E+00
     -7.374  0.0000E+00  0.0000E+00  0.0000E+00  0.0000E+00  0.0000E+00  0.0000E+00  0.0000E+00  0.0000E+00  0.0000E+00
     -7.282  0.0000E+00  0.0000E+00  0.0000E+00  0.0000E+00  0.0000E+00  0.0000E+00  0.0000E+00  0.0000E+00  0.0000E+00
     -7.190  0.0000E+00  0.0000E+00  0.0000E+00  0.0000E+00  0.0000E+00  0.0000E+00  0.0000E+00  0.0000E+00  0.0000E+00
     -7.098  0.0000E+00  0.0000E+00  0.0000E+00  0.0000E+00  0.0000E+00  0.0000E+00  0.0000E+00  0.0000E+00  0.0000E+00
     -7.006  0.0000E+00  0.0000E+00  0.0000E+00  0.0000E+00  0.0000E+00  0.0000E+00  0.0000E+00  0.0000E+00  0.0000E+00
     -6.914  0.0000E+00  0.0000E+00  0.0000E+00  0.0000E+00  0.0000E+00  0.0000E+00  0.0000E+00  0.0000E+00  0.0000E+00
     -6.822  0.0000E+00  0.0000E+00  0.0000E+00  0.0000E+00  0.0000E+00  0.0000E+00  0.0000E+00  0.0000E+00  0.0000E+00
     -6.730  0.9367E-02  0.4249E-05  0.4249E-05  0.4249E-05  0.0000E+00  0.0000E+00  0.0000E+00  0.0000E+00  0.0000E+00
     -6.638  0.2460E-01  0.4674E-04  0.4674E-04  0.4674E-04  0.0000E+00  0.0000E+00  0.0000E+00  0.0000E+00  0.0000E+00
     -6.546  0.3055E-01  0.1073E-03  0.1073E-03  0.1073E-03  0.0000E+00  0.0000E+00  0.0000E+00  0.0000E+00  0.0000E+00
     -6.454  0.3666E-01  0.1878E-03  0.1878E-03  0.1878E-03  0.0000E+00  0.0000E+00  0.0000E+00  0.0000E+00  0.0000E+00
     -6.362  0.4223E-01  0.2806E-03  0.2806E-03  0.2806E-03  0.0000E+00  0.0000E+00  0.0000E+00  0.0000E+00  0.0000E+00
     -6.270  0.4747E-01  0.3821E-03  0.3821E-03  0.3821E-03  0.0000E+00  0.0000E+00  0.0000E+00  0.0000E+00  0.0000E+00
     -6.178  0.5170E-01  0.5000E-03  0.5000E-03  0.5000E-03  0.0000E+00  0.0000E+00  0.0000E+00  0.0000E+00  0.0000E+00
     -6.086  0.5635E-01  0.6200E-03  0.6200E-03  0.6200E-03  0.0000E+00  0.0000E+00  0.0000E+00  0.0000E+00  0.0000E+00
     -5.994  0.6006E-01  0.7579E-03  0.7579E-03  0.7579E-03  0.0000E+00  0.0000E+00  0.0000E+00  0.0000E+00  0.0000E+00
     -5.902  0.6417E-01  0.8964E-03  0.8964E-03  0.8964E-03  0.0000E+00  0.0000E+00  0.0000E+00  0.0000E+00  0.0000E+00
     -5.810  0.6773E-01  0.1051E-02  0.1051E-02  0.1051E-02  0.0000E+00  0.0000E+00  0.0000E+00  0.0000E+00  0.0000E+00
     -5.718  0.7146E-01  0.1208E-02  0.1208E-02  0.1208E-02  0.0000E+00  0.0000E+00  0.0000E+00  0.0000E+00  0.0000E+00
     -5.626  0.7516E-01  0.1374E-02  0.1374E-02  0.1374E-02  0.0000E+00  0.0000E+00  0.0000E+00  0.0000E+00  0.0000E+00
     -5.534  0.7864E-01  0.1551E-02  0.1551E-02  0.1551E-02  0.0000E+00  0.0000E+00  0.0000E+00  0.0000E+00  0.0000E+00
     -5.442  0.8241E-01  0.1729E-02  0.1729E-02  0.1729E-02  0.0000E+00  0.0000E+00  0.0000E+00  0.0000E+00  0.0000E+00
     -5.350  0.8597E-01  0.1923E-02  0.1923E-02  0.1923E-02  0.0000E+00  0.0000E+00  0.0000E+00  0.0000E+00  0.0000E+00
     -5.258  0.8965E-01  0.2123E-02  0.2123E-02  0.2123E-02  0.0000E+00  0.0000E+00  0.0000E+00  0.0000E+00  0.0000E+00
     -5.166  0.9360E-01  0.2324E-02  0.2324E-02  0.2324E-02  0.0000E+00  0.0000E+00  0.0000E+00  0.0000E+00  0.0000E+00
     -5.074  0.9748E-01  0.2547E-02  0.2547E-02  0.2547E-02  0.0000E+00  0.0000E+00  0.0000E+00  0.0000E+00  0.0000E+00
     -4.982  0.1016E+00  0.2775E-02  0.2775E-02  0.2775E-02  0.0000E+00  0.0000E+00  0.0000E+00  0.0000E+00  0.0000E+00
     -4.890  0.1062E+00  0.3008E-02  0.3008E-02  0.3008E-02  0.0000E+00  0.0000E+00  0.0000E+00  0.0000E+00  0.0000E+00
     -4.798  0.1109E+00  0.3266E-02  0.3266E-02  0.3266E-02  0.0000E+00  0.0000E+00  0.0000E+00  0.0000E+00  0.0000E+00
     -4.706  0.1163E+00  0.3539E-02  0.3539E-02  0.3539E-02  0.0000E+00  0.0000E+00  0.0000E+00  0.0000E+00  0.0000E+00
     -4.614  0.1225E+00  0.3827E-02  0.3827E-02  0.3827E-02  0.0000E+00  0.0000E+00  0.0000E+00  0.0000E+00  0.0000E+00
     -4.522  0.1298E+00  0.4154E-02  0.4154E-02  0.4154E-02  0.0000E+00  0.0000E+00  0.0000E+00  0.0000E+00  0.0000E+00
     -4.430  0.1393E+00  0.4541E-02  0.4541E-02  0.4541E-02  0.0000E+00  0.0000E+00  0.0000E+00  0.0000E+00  0.0000E+00
     -4.338  0.1539E+00  0.5041E-02  0.5041E-02  0.5041E-02  0.0000E+00  0.0000E+00  0.0000E+00  0.0000E+00  0.0000E+00
     -4.246  0.1820E+00  0.5853E-02  0.5853E-02  0.5853E-02  0.0000E+00  0.0000E+00  0.0000E+00  0.0000E+00  0.0000E+00
     -4.154  0.1757E+00  0.5964E-02  0.5964E-02  0.5964E-02  0.0000E+00  0.0000E+00  0.0000E+00  0.0000E+00  0.0000E+00
     -4.062  0.1688E+00  0.5997E-02  0.5997E-02  0.5997E-02  0.0000E+00  0.0000E+00  0.0000E+00  0.0000E+00  0.0000E+00
     -3.970  0.1637E+00  0.6067E-02  0.6067E-02  0.6067E-02  0.0000E+00  0.0000E+00  0.0000E+00  0.0000E+00  0.0000E+00
     -3.878  0.1567E+00  0.6098E-02  0.6098E-02  0.6098E-02  0.0000E+00  0.0000E+00  0.0000E+00  0.0000E+00  0.0000E+00
     -3.786  0.1501E+00  0.6092E-02  0.6092E-02  0.6092E-02  0.0000E+00  0.0000E+00  0.0000E+00  0.0000E+00  0.0000E+00
     -3.694  0.1444E+00  0.6094E-02  0.6094E-02  0.6094E-02  0.0000E+00  0.0000E+00  0.0000E+00  0.0000E+00  0.0000E+00
     -3.602  0.1377E+00  0.6068E-02  0.6068E-02  0.6068E-02  0.0000E+00  0.0000E+00  0.0000E+00  0.0000E+00  0.0000E+00
     -3.510  0.1319E+00  0.6028E-02  0.6028E-02  0.6028E-02  0.0000E+00  0.0000E+00  0.0000E+00  0.0000E+00  0.0000E+00
     -3.419  0.1256E+00  0.5959E-02  0.5959E-02  0.5959E-02  0.0000E+00  0.0000E+00  0.0000E+00  0.0000E+00  0.0000E+00
     -3.327  0.1194E+00  0.5885E-02  0.5885E-02  0.5885E-02  0.0000E+00  0.0000E+00  0.0000E+00  0.0000E+00  0.0000E+00
     -3.235  0.1133E+00  0.5779E-02  0.5779E-02  0.5779E-02  0.0000E+00  0.0000E+00  0.0000E+00  0.0000E+00  0.0000E+00
     -3.143  0.1064E+00  0.5633E-02  0.5633E-02  0.5633E-02  0.0000E+00  0.0000E+00  0.0000E+00  0.0000E+00  0.0000E+00
     -3.051  0.9998E-01  0.5482E-02  0.5482E-02  0.5482E-02  0.0000E+00  0.0000E+00  0.0000E+00  0.0000E+00  0.0000E+00
     -2.959  0.9295E-01  0.5286E-02  0.5286E-02  0.5286E-02  0.0000E+00  0.0000E+00  0.0000E+00  0.0000E+00  0.0000E+00
     -2.867  0.8579E-01  0.5057E-02  0.5057E-02  0.5057E-02  0.0000E+00  0.0000E+00  0.0000E+00  0.0000E+00  0.0000E+00
     -2.775  0.7908E-01  0.4823E-02  0.4823E-02  0.4823E-02  0.0000E+00  0.0000E+00  0.0000E+00  0.0000E+00  0.0000E+00
     -2.683  0.7078E-01  0.4506E-02  0.4506E-02  0.4506E-02  0.0000E+00  0.0000E+00  0.0000E+00  0.0000E+00  0.0000E+00
     -2.591  0.6538E-01  0.4352E-02  0.4352E-02  0.4352E-02  0.0000E+00  0.0000E+00  0.0000E+00  0.0000E+00  0.0000E+00
     -2.499  0.5100E-01  0.3539E-02  0.3539E-02  0.3539E-02  0.0000E+00  0.0000E+00  0.0000E+00  0.0000E+00  0.0000E+00
     -2.407  0.2390E-01  0.1710E-02  0.1710E-02  0.1710E-02  0.0000E+00  0.0000E+00  0.0000E+00  0.0000E+00  0.0000E+00
     -2.315  0.7837E-02  0.5555E-03  0.5555E-03  0.5555E-03  0.0000E+00  0.0000E+00  0.0000E+00  0.0000E+00  0.0000E+00
     -2.223  0.7337E-02  0.6101E-03  0.6101E-03  0.6101E-03  0.0000E+00  0.0000E+00  0.0000E+00  0.0000E+00  0.0000E+00
     -2.131  0.1870E-01  0.1610E-02  0.1610E-02  0.1610E-02  0.0000E+00  0.0000E+00  0.0000E+00  0.0000E+00  0.0000E+00
     -2.039  0.3417E-01  0.2966E-02  0.2966E-02  0.2966E-02  0.0000E+00  0.0000E+00  0.0000E+00  0.0000E+00  0.0000E+00
     -1.947  0.4597E-01  0.4064E-02  0.4064E-02  0.4064E-02  0.0000E+00  0.0000E+00  0.0000E+00  0.0000E+00  0.0000E+00
     -1.855  0.5658E-01  0.5185E-02  0.5185E-02  0.5185E-02  0.0000E+00  0.0000E+00  0.0000E+00  0.0000E+00  0.0000E+00
     -1.763  0.6513E-01  0.6166E-02  0.6166E-02  0.6166E-02  0.0000E+00  0.0000E+00  0.0000E+00  0.0000E+00  0.0000E+00
     -1.671  0.7371E-01  0.7245E-02  0.7245E-02  0.7245E-02  0.0000E+00  0.0000E+00  0.0000E+00  0.0000E+00  0.0000E+00
     -1.579  0.8350E-01  0.8595E-02  0.8595E-02  0.8595E-02  0.0000E+00  0.0000E+00  0.0000E+00  0.0000E+00  0.0000E+00
     -1.487  0.9326E-01  0.1006E-01  0.1006E-01  0.1006E-01  0.0000E+00  0.0000E+00  0.0000E+00  0.0000E+00  0.0000E+00
     -1.395  0.1362E+00  0.2162E-01  0.2162E-01  0.2162E-01  0.0000E+00  0.0000E+00  0.0000E+00  0.0000E+00  0.0000E+00
     -1.303  0.1943E+00  0.3451E-01  0.3451E-01  0.3451E-01  0.0000E+00  0.0000E+00  0.0000E+00  0.0000E+00  0.0000E+00
     -1.211  0.2328E+00  0.4248E-01  0.4248E-01  0.4248E-01  0.0000E+00  0.0000E+00  0.0000E+00  0.0000E+00  0.0000E+00
     -1.119  0.1532E+00  0.2721E-01  0.2721E-01  0.2721E-01  0.0000E+00  0.0000E+00  0.0000E+00  0.0000E+00  0.0000E+00
     -1.027  0.1303E+00  0.2312E-01  0.2312E-01  0.2312E-01  0.0000E+00  0.0000E+00  0.0000E+00  0.0000E+00  0.0000E+00
     -0.935  0.1152E+00  0.2062E-01  0.2062E-01  0.2062E-01  0.0000E+00  0.0000E+00  0.0000E+00  0.0000E+00  0.0000E+00
     -0.843  0.1040E+00  0.1883E-01  0.1883E-01  0.1883E-01  0.0000E+00  0.0000E+00  0.0000E+00  0.0000E+00  0.0000E+00
     -0.751  0.9595E-01  0.1758E-01  0.1758E-01  0.1758E-01  0.0000E+00  0.0000E+00  0.0000E+00  0.0000E+00  0.0000E+00
     -0.659  0.8856E-01  0.1648E-01  0.1648E-01  0.1648E-01  0.0000E+00  0.0000E+00  0.0000E+00  0.0000E+00  0.0000E+00
     -0.567  0.8169E-01  0.1550E-01  0.1550E-01  0.1550E-01  0.0000E+00  0.0000E+00  0.0000E+00  0.0000E+00  0.0000E+00
     -0.475  0.7692E-01  0.1481E-01  0.1481E-01  0.1481E-01  0.0000E+00  0.0000E+00  0.0000E+00  0.0000E+00  0.0000E+00
     -0.383  0.7222E-01  0.1416E-01  0.1416E-01  0.1416E-01  0.0000E+00  0.0000E+00  0.0000E+00  0.0000E+00  0.0000E+00
     -0.291  0.6743E-01  0.1349E-01  0.1349E-01  0.1349E-01  0.0000E+00  0.0000E+00  0.0000E+00  0.0000E+00  0.0000E+00
     -0.199  0.6332E-01  0.1292E-01  0.1292E-01  0.1292E-01  0.0000E+00  0.0000E+00  0.0000E+00  0.0000E+00  0.0000E+00
     -0.107  0.6007E-01  0.1248E-01  0.1248E-01  0.1248E-01  0.0000E+00  0.0000E+00  0.0000E+00  0.0000E+00  0.0000E+00
     -0.015  0.5670E-01  0.1202E-01  0.1202E-01  0.1202E-01  0.0000E+00  0.0000E+00  0.0000E+00  0.0000E+00  0.0000E+00
      0.077  0.5307E-01  0.1151E-01  0.1151E-01  0.1151E-01  0.0000E+00  0.0000E+00  0.0000E+00  0.0000E+00  0.0000E+00
      0.169  0.5021E-01  0.1111E-01  0.1111E-01  0.1111E-01  0.0000E+00  0.0000E+00  0.0000E+00  0.0000E+00  0.0000E+00
      0.261  0.4781E-01  0.1079E-01  0.1079E-01  0.1079E-01  0.0000E+00  0.0000E+00  0.0000E+00  0.0000E+00  0.0000E+00
      0.353  0.4529E-01  0.1044E-01  0.1044E-01  0.1044E-01  0.0000E+00  0.0000E+00  0.0000E+00  0.0000E+00  0.0000E+00
      0.445  0.4254E-01  0.1004E-01  0.1004E-01  0.1004E-01  0.0000E+00  0.0000E+00  0.0000E+00  0.0000E+00  0.0000E+00
      0.537  0.4008E-01  0.9670E-02  0.9670E-02  0.9670E-02  0.0000E+00  0.0000E+00  0.0000E+00  0.0000E+00  0.0000E+00
      0.629  0.3825E-01  0.9412E-02  0.9412E-02  0.9412E-02  0.0000E+00  0.0000E+00  0.0000E+00  0.0000E+00  0.0000E+00
      0.721  0.3638E-01  0.9144E-02  0.9144E-02  0.9144E-02  0.0000E+00  0.0000E+00  0.0000E+00  0.0000E+00  0.0000E+00
      0.813  0.3429E-01  0.8825E-02  0.8825E-02  0.8825E-02  0.0000E+00  0.0000E+00  0.0000E+00  0.0000E+00  0.0000E+00
      0.905  0.3201E-01  0.8451E-02  0.8451E-02  0.8451E-02  0.0000E+00  0.0000E+00  0.0000E+00  0.0000E+00  0.0000E+00
      0.997  0.3055E-01  0.8232E-02  0.8232E-02  0.8232E-02  0.0000E+00  0.0000E+00  0.0000E+00  0.0000E+00  0.0000E+00
      1.089  0.2913E-01  0.8014E-02  0.8014E-02  0.8014E-02  0.0000E+00  0.0000E+00  0.0000E+00  0.0000E+00  0.0000E+00
      1.181  0.2760E-01  0.7771E-02  0.7771E-02  0.7771E-02  0.0000E+00  0.0000E+00  0.0000E+00  0.0000E+00  0.0000E+00
      1.273  0.2748E-01  0.2613E-01  0.2613E-01  0.2613E-01  0.0000E+00  0.0000E+00  0.0000E+00  0.0000E+00  0.0000E+00
      1.365  0.2755E-01  0.3536E-01  0.3536E-01  0.3536E-01  0.0000E+00  0.0000E+00  0.0000E+00  0.0000E+00  0.0000E+00
      1.457  0.2913E-01  0.4940E-01  0.4940E-01  0.4940E-01  0.0000E+00  0.0000E+00  0.0000E+00  0.0000E+00  0.0000E+00
      1.549  0.3120E-01  0.6182E-01  0.6182E-01  0.6182E-01  0.0000E+00  0.0000E+00  0.0000E+00  0.0000E+00  0.0000E+00
      1.641  0.3099E-01  0.5605E-01  0.5605E-01  0.5605E-01  0.0000E+00  0.0000E+00  0.0000E+00  0.0000E+00  0.0000E+00
      1.733  0.3087E-01  0.5324E-01  0.5324E-01  0.5324E-01  0.0000E+00  0.0000E+00  0.0000E+00  0.0000E+00  0.0000E+00
      1.825  0.3021E-01  0.5027E-01  0.5027E-01  0.5027E-01  0.0000E+00  0.0000E+00  0.0000E+00  0.0000E+00  0.0000E+00
      1.917  0.3009E-01  0.4958E-01  0.4958E-01  0.4958E-01  0.0000E+00  0.0000E+00  0.0000E+00  0.0000E+00  0.0000E+00
      2.009  0.2995E-01  0.5129E-01  0.5129E-01  0.5129E-01  0.0000E+00  0.0000E+00  0.0000E+00  0.0000E+00  0.0000E+00
      2.101  0.2930E-01  0.5110E-01  0.5110E-01  0.5110E-01  0.0000E+00  0.0000E+00  0.0000E+00  0.0000E+00  0.0000E+00
      2.193  0.2858E-01  0.5301E-01  0.5301E-01  0.5301E-01  0.0000E+00  0.0000E+00  0.0000E+00  0.0000E+00  0.0000E+00
      2.285  0.2781E-01  0.5530E-01  0.5530E-01  0.5530E-01  0.0000E+00  0.0000E+00  0.0000E+00  0.0000E+00  0.0000E+00
      2.377  0.2729E-01  0.5785E-01  0.5785E-01  0.5785E-01  0.0000E+00  0.0000E+00  0.0000E+00  0.0000E+00  0.0000E+00
      2.469  0.2659E-01  0.5887E-01  0.5887E-01  0.5887E-01  0.0000E+00  0.0000E+00  0.0000E+00  0.0000E+00  0.0000E+00
      2.561  0.2598E-01  0.6459E-01  0.6459E-01  0.6459E-01  0.0000E+00  0.0000E+00  0.0000E+00  0.0000E+00  0.0000E+00
      2.653  0.2514E-01  0.6786E-01  0.6786E-01  0.6786E-01  0.0000E+00  0.0000E+00  0.0000E+00  0.0000E+00  0.0000E+00
      2.745  0.2412E-01  0.7519E-01  0.7519E-01  0.7519E-01  0.0000E+00  0.0000E+00  0.0000E+00  0.0000E+00  0.0000E+00
      2.837  0.2307E-01  0.8918E-01  0.8918E-01  0.8918E-01  0.0000E+00  0.0000E+00  0.0000E+00  0.0000E+00  0.0000E+00
      2.929  0.2223E-01  0.8697E-01  0.8697E-01  0.8697E-01  0.0000E+00  0.0000E+00  0.0000E+00  0.0000E+00  0.0000E+00
      3.021  0.2143E-01  0.8684E-01  0.8684E-01  0.8684E-01  0.0000E+00  0.0000E+00  0.0000E+00  0.0000E+00  0.0000E+00
      3.113  0.2051E-01  0.8541E-01  0.8541E-01  0.8541E-01  0.0000E+00  0.0000E+00  0.0000E+00  0.0000E+00  0.0000E+00
      3.205  0.1946E-01  0.8461E-01  0.8461E-01  0.8461E-01  0.0000E+00  0.0000E+00  0.0000E+00  0.0000E+00  0.0000E+00
      3.297  0.1827E-01  0.8403E-01  0.8403E-01  0.8403E-01  0.0000E+00  0.0000E+00  0.0000E+00  0.0000E+00  0.0000E+00
      3.388  0.1740E-01  0.8300E-01  0.8300E-01  0.8300E-01  0.0000E+00  0.0000E+00  0.0000E+00  0.0000E+00  0.0000E+00
      3.480  0.1660E-01  0.8267E-01  0.8267E-01  0.8267E-01  0.0000E+00  0.0000E+00  0.0000E+00  0.0000E+00  0.0000E+00
      3.572  0.1577E-01  0.8134E-01  0.8134E-01  0.8134E-01  0.0000E+00  0.0000E+00  0.0000E+00  0.0000E+00  0.0000E+00
      3.664  0.1492E-01  0.8092E-01  0.8092E-01  0.8092E-01  0.0000E+00  0.0000E+00  0.0000E+00  0.0000E+00  0.0000E+00
      3.756  0.1389E-01  0.8048E-01  0.8048E-01  0.8048E-01  0.0000E+00  0.0000E+00  0.0000E+00  0.0000E+00  0.0000E+00
      3.848  0.1270E-01  0.7934E-01  0.7934E-01  0.7934E-01  0.0000E+00  0.0000E+00  0.0000E+00  0.0000E+00  0.0000E+00
      3.940  0.1182E-01  0.7847E-01  0.7847E-01  0.7847E-01  0.0000E+00  0.0000E+00  0.0000E+00  0.0000E+00  0.0000E+00
      4.032  0.1100E-01  0.7840E-01  0.7840E-01  0.7840E-01  0.0000E+00  0.0000E+00  0.0000E+00  0.0000E+00  0.0000E+00
      4.124  0.1011E-01  0.7805E-01  0.7805E-01  0.7805E-01  0.0000E+00  0.0000E+00  0.0000E+00  0.0000E+00  0.0000E+00
      4.216  0.9160E-02  0.7752E-01  0.7752E-01  0.7752E-01  0.0000E+00  0.0000E+00  0.0000E+00  0.0000E+00  0.0000E+00
      4.308  0.8252E-02  0.7673E-01  0.7673E-01  0.7673E-01  0.0000E+00  0.0000E+00  0.0000E+00  0.0000E+00  0.0000E+00
      4.400  0.7364E-02  0.7603E-01  0.7603E-01  0.7603E-01  0.0000E+00  0.0000E+00  0.0000E+00  0.0000E+00  0.0000E+00
      4.492  0.6639E-02  0.7617E-01  0.7617E-01  0.7617E-01  0.0000E+00  0.0000E+00  0.0000E+00  0.0000E+00  0.0000E+00
      4.584  0.5961E-02  0.6712E-01  0.6712E-01  0.6712E-01  0.0000E+00  0.0000E+00  0.0000E+00  0.0000E+00  0.0000E+00
      4.676  0.5387E-02  0.5290E-01  0.5290E-01  0.5290E-01  0.0000E+00  0.0000E+00  0.0000E+00  0.0000E+00  0.0000E+00
      4.768  0.4702E-02  0.4639E-01  0.4639E-01  0.4639E-01  0.0000E+00  0.0000E+00  0.0000E+00  0.0000E+00  0.0000E+00
      4.860  0.4023E-02  0.4106E-01  0.4106E-01  0.4106E-01  0.0000E+00  0.0000E+00  0.0000E+00  0.0000E+00  0.0000E+00
      4.952  0.3430E-02  0.3646E-01  0.3646E-01  0.3646E-01  0.0000E+00  0.0000E+00  0.0000E+00  0.0000E+00  0.0000E+00
      5.044  0.2911E-02  0.3221E-01  0.3221E-01  0.3221E-01  0.0000E+00  0.0000E+00  0.0000E+00  0.0000E+00  0.0000E+00
      5.136  0.2516E-02  0.2893E-01  0.2893E-01  0.2893E-01  0.0000E+00  0.0000E+00  0.0000E+00  0.0000E+00  0.0000E+00
      5.228  0.2029E-02  0.2548E-01  0.2548E-01  0.2548E-01  0.0000E+00  0.0000E+00  0.0000E+00  0.0000E+00  0.0000E+00
      5.320  0.1580E-02  0.2231E-01  0.2231E-01  0.2231E-01  0.0000E+00  0.0000E+00  0.0000E+00  0.0000E+00  0.0000E+00
      5.412  0.1191E-02  0.1935E-01  0.1935E-01  0.1935E-01  0.0000E+00  0.0000E+00  0.0000E+00  0.0000E+00  0.0000E+00
      5.504  0.8629E-03  0.1636E-01  0.1636E-01  0.1636E-01  0.0000E+00  0.0000E+00  0.0000E+00  0.0000E+00  0.0000E+00
      5.596  0.5971E-03  0.1297E-01  0.1297E-01  0.1297E-01  0.0000E+00  0.0000E+00  0.0000E+00  0.0000E+00  0.0000E+00
      5.688  0.3005E-03  0.1009E-01  0.1009E-01  0.1009E-01  0.0000E+00  0.0000E+00  0.0000E+00  0.0000E+00  0.0000E+00
      5.780  0.8012E-04  0.5095E-02  0.5095E-02  0.5095E-02  0.0000E+00  0.0000E+00  0.0000E+00  0.0000E+00  0.0000E+00
      5.872  0.0000E+00  0.0000E+00  0.0000E+00  0.0000E+00  0.0000E+00  0.0000E+00  0.0000E+00  0.0000E+00  0.0000E+00
      5.964  0.0000E+00  0.0000E+00  0.0000E+00  0.0000E+00  0.0000E+00  0.0000E+00  0.0000E+00  0.0000E+00  0.0000E+00
      6.056  0.0000E+00  0.0000E+00  0.0000E+00  0.0000E+00  0.0000E+00  0.0000E+00  0.0000E+00  0.0000E+00  0.0000E+00
      6.148  0.0000E+00  0.0000E+00  0.0000E+00  0.0000E+00  0.0000E+00  0.0000E+00  0.0000E+00  0.0000E+00  0.0000E+00
      6.240  0.0000E+00  0.0000E+00  0.0000E+00  0.0000E+00  0.0000E+00  0.0000E+00  0.0000E+00  0.0000E+00  0.0000E+00
      6.332  0.0000E+00  0.0000E+00  0.0000E+00  0.0000E+00  0.0000E+00  0.0000E+00  0.0000E+00  0.0000E+00  0.0000E+00
      6.424  0.0000E+00  0.0000E+00  0.0000E+00  0.0000E+00  0.0000E+00  0.0000E+00  0.0000E+00  0.0000E+00  0.0000E+00
      6.516  0.0000E+00  0.0000E+00  0.0000E+00  0.0000E+00  0.0000E+00  0.0000E+00  0.0000E+00  0.0000E+00  0.0000E+00
      6.608  0.9043E-06  0.2562E-06  0.2562E-06  0.2562E-06  0.0000E+00  0.0000E+00  0.0000E+00  0.0000E+00  0.0000E+00
      6.700  0.4742E-02  0.1388E-02  0.1388E-02  0.1388E-02  0.0000E+00  0.0000E+00  0.0000E+00  0.0000E+00  0.0000E+00
      6.792  0.8666E-02  0.2640E-02  0.2640E-02  0.2640E-02  0.0000E+00  0.0000E+00  0.0000E+00  0.0000E+00  0.0000E+00
      6.884  0.1285E-01  0.4023E-02  0.4023E-02  0.4023E-02  0.0000E+00  0.0000E+00  0.0000E+00  0.0000E+00  0.0000E+00
      6.976  0.1524E-01  0.5051E-02  0.5051E-02  0.5051E-02  0.0000E+00  0.0000E+00  0.0000E+00  0.0000E+00  0.0000E+00
      7.068  0.1726E-01  0.6034E-02  0.6034E-02  0.6034E-02  0.0000E+00  0.0000E+00  0.0000E+00  0.0000E+00  0.0000E+00
      7.160  0.1937E-01  0.7104E-02  0.7104E-02  0.7104E-02  0.0000E+00  0.0000E+00  0.0000E+00  0.0000E+00  0.0000E+00
      7.252  0.2164E-01  0.8270E-02  0.8270E-02  0.8270E-02  0.0000E+00  0.0000E+00  0.0000E+00  0.0000E+00  0.0000E+00
      7.344  0.2340E-01  0.9413E-02  0.9413E-02  0.9413E-02  0.0000E+00  0.0000E+00  0.0000E+00  0.0000E+00  0.0000E+00
      7.436  0.2469E-01  0.1041E-01  0.1041E-01  0.1041E-01  0.0000E+00  0.0000E+00  0.0000E+00  0.0000E+00  0.0000E+00
      7.528  0.2624E-01  0.1156E-01  0.1156E-01  0.1156E-01  0.0000E+00  0.0000E+00  0.0000E+00  0.0000E+00  0.0000E+00
      7.620  0.2776E-01  0.1274E-01  0.1274E-01  0.1274E-01  0.0000E+00  0.0000E+00  0.0000E+00  0.0000E+00  0.0000E+00
      7.712  0.2944E-01  0.1402E-01  0.1402E-01  0.1402E-01  0.0000E+00  0.0000E+00  0.0000E+00  0.0000E+00  0.0000E+00
      7.804  0.3202E-01  0.1546E-01  0.1546E-01  0.1546E-01  0.0000E+00  0.0000E+00  0.0000E+00  0.0000E+00  0.0000E+00
      7.896  0.4422E-01  0.1754E-01  0.1754E-01  0.1754E-01  0.0000E+00  0.0000E+00  0.0000E+00  0.0000E+00  0.0000E+00
      7.988  0.5181E-01  0.1950E-01  0.1950E-01  0.1950E-01  0.0000E+00  0.0000E+00  0.0000E+00  0.0000E+00  0.0000E+00
      8.080  0.5935E-01  0.2177E-01  0.2177E-01  0.2177E-01  0.0000E+00  0.0000E+00  0.0000E+00  0.0000E+00  0.0000E+00
      8.172  0.6762E-01  0.2439E-01  0.2439E-01  0.2439E-01  0.0000E+00  0.0000E+00  0.0000E+00  0.0000E+00  0.0000E+00
      8.264  0.7941E-01  0.2817E-01  0.2817E-01  0.2817E-01  0.0000E+00  0.0000E+00  0.0000E+00  0.0000E+00  0.0000E+00
      8.356  0.9833E-01  0.3348E-01  0.3348E-01  0.3348E-01  0.0000E+00  0.0000E+00  0.0000E+00  0.0000E+00  0.0000E+00
      8.448  0.1147E+00  0.3951E-01  0.3951E-01  0.3951E-01  0.0000E+00  0.0000E+00  0.0000E+00  0.0000E+00  0.0000E+00
      8.540  0.1026E+00  0.3959E-01  0.3959E-01  0.3959E-01  0.0000E+00  0.0000E+00  0.0000E+00  0.0000E+00  0.0000E+00
      8.632  0.9612E-01  0.4207E-01  0.4207E-01  0.4207E-01  0.0000E+00  0.0000E+00  0.0000E+00  0.0000E+00  0.0000E+00
      8.724  0.8420E-01  0.4009E-01  0.4009E-01  0.4009E-01  0.0000E+00  0.0000E+00  0.0000E+00  0.0000E+00  0.0000E+00
      8.816  0.6661E-01  0.3388E-01  0.3388E-01  0.3388E-01  0.0000E+00  0.0000E+00  0.0000E+00  0.0000E+00  0.0000E+00
      8.908  0.5841E-01  0.3217E-01  0.3217E-01  0.3217E-01  0.0000E+00  0.0000E+00  0.0000E+00  0.0000E+00  0.0000E+00
      9.000  0.5664E-01  0.3428E-01  0.3428E-01  0.3428E-01  0.0000E+00  0.0000E+00  0.0000E+00  0.0000E+00  0.0000E+00
      9.092  0.5036E-01  0.3328E-01  0.3328E-01  0.3328E-01  0.0000E+00  0.0000E+00  0.0000E+00  0.0000E+00  0.0000E+00
      9.184  0.4292E-01  0.3212E-01  0.3212E-01  0.3212E-01  0.0000E+00  0.0000E+00  0.0000E+00  0.0000E+00  0.0000E+00
      9.276  0.3635E-01  0.3250E-01  0.3250E-01  0.3250E-01  0.0000E+00  0.0000E+00  0.0000E+00  0.0000E+00  0.0000E+00
      9.368  0.4143E-01  0.5999E-01  0.5999E-01  0.5999E-01  0.0000E+00  0.0000E+00  0.0000E+00  0.0000E+00  0.0000E+00
      9.460  0.4917E-01  0.7633E-01  0.7633E-01  0.7633E-01  0.0000E+00  0.0000E+00  0.0000E+00  0.0000E+00  0.0000E+00
      9.552  0.4883E-01  0.6453E-01  0.6453E-01  0.6453E-01  0.0000E+00  0.0000E+00  0.0000E+00  0.0000E+00  0.0000E+00
      9.644  0.4915E-01  0.5473E-01  0.5473E-01  0.5473E-01  0.0000E+00  0.0000E+00  0.0000E+00  0.0000E+00  0.0000E+00
      9.736  0.4423E-01  0.5191E-01  0.5191E-01  0.5191E-01  0.0000E+00  0.0000E+00  0.0000E+00  0.0000E+00  0.0000E+00
      9.828  0.4238E-01  0.5089E-01  0.5089E-01  0.5089E-01  0.0000E+00  0.0000E+00  0.0000E+00  0.0000E+00  0.0000E+00
      9.920  0.4659E-01  0.5466E-01  0.5466E-01  0.5466E-01  0.0000E+00  0.0000E+00  0.0000E+00  0.0000E+00  0.0000E+00
     10.012  0.4710E-01  0.5127E-01  0.5127E-01  0.5127E-01  0.0000E+00  0.0000E+00  0.0000E+00  0.0000E+00  0.0000E+00
     10.103  0.6097E-01  0.5345E-01  0.5345E-01  0.5345E-01  0.0000E+00  0.0000E+00  0.0000E+00  0.0000E+00  0.0000E+00
     10.195  0.3661E-01  0.4301E-01  0.4301E-01  0.4301E-01  0.0000E+00  0.0000E+00  0.0000E+00  0.0000E+00  0.0000E+00
     10.287  0.2981E-01  0.3911E-01  0.3911E-01  0.3911E-01  0.0000E+00  0.0000E+00  0.0000E+00  0.0000E+00  0.0000E+00
     10.379  0.2701E-01  0.3640E-01  0.3640E-01  0.3640E-01  0.0000E+00  0.0000E+00  0.0000E+00  0.0000E+00  0.0000E+00
     10.471  0.2653E-01  0.3495E-01  0.3495E-01  0.3495E-01  0.0000E+00  0.0000E+00  0.0000E+00  0.0000E+00  0.0000E+00
     10.563  0.2887E-01  0.3564E-01  0.3564E-01  0.3564E-01  0.0000E+00  0.0000E+00  0.0000E+00  0.0000E+00  0.0000E+00
     10.655  0.3127E-01  0.3879E-01  0.3879E-01  0.3879E-01  0.0000E+00  0.0000E+00  0.0000E+00  0.0000E+00  0.0000E+00
     10.747  0.3645E-01  0.4325E-01  0.4325E-01  0.4325E-01  0.0000E+00  0.0000E+00  0.0000E+00  0.0000E+00  0.0000E+00
     10.839  0.3828E-01  0.3957E-01  0.3957E-01  0.3957E-01  0.0000E+00  0.0000E+00  0.0000E+00  0.0000E+00  0.0000E+00
     10.931  0.4082E-01  0.3847E-01  0.3847E-01  0.3847E-01  0.0000E+00  0.0000E+00  0.0000E+00  0.0000E+00  0.0000E+00
     11.023  0.4250E-01  0.3765E-01  0.3765E-01  0.3765E-01  0.0000E+00  0.0000E+00  0.0000E+00  0.0000E+00  0.0000E+00
     11.115  0.4216E-01  0.3878E-01  0.3878E-01  0.3878E-01  0.0000E+00  0.0000E+00  0.0000E+00  0.0000E+00  0.0000E+00
     11.207  0.4185E-01  0.3754E-01  0.3754E-01  0.3754E-01  0.0000E+00  0.0000E+00  0.0000E+00  0.0000E+00  0.0000E+00
     11.299  0.4462E-01  0.4068E-01  0.4068E-01  0.4068E-01  0.0000E+00  0.0000E+00  0.0000E+00  0.0000E+00  0.0000E+00
     11.391  0.4084E-01  0.3883E-01  0.3883E-01  0.3883E-01  0.0000E+00  0.0000E+00  0.0000E+00  0.0000E+00  0.0000E+00
     11.483  0.3883E-01  0.3735E-01  0.3735E-01  0.3735E-01  0.0000E+00  0.0000E+00  0.0000E+00  0.0000E+00  0.0000E+00
     11.575  0.3848E-01  0.3765E-01  0.3765E-01  0.3765E-01  0.0000E+00  0.0000E+00  0.0000E+00  0.0000E+00  0.0000E+00
     11.667  0.3794E-01  0.3737E-01  0.3737E-01  0.3737E-01  0.0000E+00  0.0000E+00  0.0000E+00  0.0000E+00  0.0000E+00
     11.759  0.3742E-01  0.3795E-01  0.3795E-01  0.3795E-01  0.0000E+00  0.0000E+00  0.0000E+00  0.0000E+00  0.0000E+00
     11.851  0.3597E-01  0.3691E-01  0.3691E-01  0.3691E-01  0.0000E+00  0.0000E+00  0.0000E+00  0.0000E+00  0.0000E+00
     11.943  0.3622E-01  0.3795E-01  0.3795E-01  0.3795E-01  0.0000E+00  0.0000E+00  0.0000E+00  0.0000E+00  0.0000E+00
     12.035  0.3301E-01  0.3626E-01  0.3626E-01  0.3626E-01  0.0000E+00  0.0000E+00  0.0000E+00  0.0000E+00  0.0000E+00
     12.127  0.2999E-01  0.3492E-01  0.3492E-01  0.3492E-01  0.0000E+00  0.0000E+00  0.0000E+00  0.0000E+00  0.0000E+00
     12.219  0.2866E-01  0.3509E-01  0.3509E-01  0.3509E-01  0.0000E+00  0.0000E+00  0.0000E+00  0.0000E+00  0.0000E+00
     12.311  0.2744E-01  0.3439E-01  0.3439E-01  0.3439E-01  0.0000E+00  0.0000E+00  0.0000E+00  0.0000E+00  0.0000E+00
     12.403  0.2605E-01  0.3433E-01  0.3433E-01  0.3433E-01  0.0000E+00  0.0000E+00  0.0000E+00  0.0000E+00  0.0000E+00
     12.495  0.2455E-01  0.3408E-01  0.3408E-01  0.3408E-01  0.0000E+00  0.0000E+00  0.0000E+00  0.0000E+00  0.0000E+00
     12.587  0.2423E-01  0.3635E-01  0.3635E-01  0.3635E-01  0.0000E+00  0.0000E+00  0.0000E+00  0.0000E+00  0.0000E+00
     12.679  0.2035E-01  0.3177E-01  0.3177E-01  0.3177E-01  0.0000E+00  0.0000E+00  0.0000E+00  0.0000E+00  0.0000E+00
     12.771  0.1926E-01  0.3000E-01  0.3000E-01  0.3000E-01  0.0000E+00  0.0000E+00  0.0000E+00  0.0000E+00  0.0000E+00
     12.863  0.1850E-01  0.2993E-01  0.2993E-01  0.2993E-01  0.0000E+00  0.0000E+00  0.0000E+00  0.0000E+00  0.0000E+00
     12.955  0.1893E-01  0.3123E-01  0.3123E-01  0.3123E-01  0.0000E+00  0.0000E+00  0.0000E+00  0.0000E+00  0.0000E+00
     13.047  0.1988E-01  0.3299E-01  0.3299E-01  0.3299E-01  0.0000E+00  0.0000E+00  0.0000E+00  0.0000E+00  0.0000E+00
     13.139  0.2044E-01  0.3423E-01  0.3423E-01  0.3423E-01  0.0000E+00  0.0000E+00  0.0000E+00  0.0000E+00  0.0000E+00
     13.231  0.2037E-01  0.3482E-01  0.3482E-01  0.3482E-01  0.0000E+00  0.0000E+00  0.0000E+00  0.0000E+00  0.0000E+00
     13.323  0.1720E-01  0.3092E-01  0.3092E-01  0.3092E-01  0.0000E+00  0.0000E+00  0.0000E+00  0.0000E+00  0.0000E+00
     13.415  0.1396E-01  0.2707E-01  0.2707E-01  0.2707E-01  0.0000E+00  0.0000E+00  0.0000E+00  0.0000E+00  0.0000E+00
     13.507  0.1245E-01  0.2575E-01  0.2575E-01  0.2575E-01  0.0000E+00  0.0000E+00  0.0000E+00  0.0000E+00  0.0000E+00
     13.599  0.1143E-01  0.2462E-01  0.2462E-01  0.2462E-01  0.0000E+00  0.0000E+00  0.0000E+00  0.0000E+00  0.0000E+00
     13.691  0.1017E-01  0.2283E-01  0.2283E-01  0.2283E-01  0.0000E+00  0.0000E+00  0.0000E+00  0.0000E+00  0.0000E+00
     13.783  0.9564E-02  0.2206E-01  0.2206E-01  0.2206E-01  0.0000E+00  0.0000E+00  0.0000E+00  0.0000E+00  0.0000E+00
     13.875  0.9058E-02  0.2146E-01  0.2146E-01  0.2146E-01  0.0000E+00  0.0000E+00  0.0000E+00  0.0000E+00  0.0000E+00
     13.967  0.8369E-02  0.2060E-01  0.2060E-01  0.2060E-01  0.0000E+00  0.0000E+00  0.0000E+00  0.0000E+00  0.0000E+00
     14.059  0.7467E-02  0.1969E-01  0.1969E-01  0.1969E-01  0.0000E+00  0.0000E+00  0.0000E+00  0.0000E+00  0.0000E+00
     14.151  0.7292E-02  0.2003E-01  0.2003E-01  0.2003E-01  0.0000E+00  0.0000E+00  0.0000E+00  0.0000E+00  0.0000E+00
     14.243  0.6359E-02  0.1955E-01  0.1955E-01  0.1955E-01  0.0000E+00  0.0000E+00  0.0000E+00  0.0000E+00  0.0000E+00
     14.335  0.5794E-02  0.2122E-01  0.2122E-01  0.2122E-01  0.0000E+00  0.0000E+00  0.0000E+00  0.0000E+00  0.0000E+00
     14.427  0.4988E-02  0.1803E-01  0.1803E-01  0.1803E-01  0.0000E+00  0.0000E+00  0.0000E+00  0.0000E+00  0.0000E+00
     14.519  0.4507E-02  0.1682E-01  0.1682E-01  0.1682E-01  0.0000E+00  0.0000E+00  0.0000E+00  0.0000E+00  0.0000E+00
     14.611  0.3908E-02  0.1459E-01  0.1459E-01  0.1459E-01  0.0000E+00  0.0000E+00  0.0000E+00  0.0000E+00  0.0000E+00
     14.703  0.3350E-02  0.1067E-01  0.1067E-01  0.1067E-01  0.0000E+00  0.0000E+00  0.0000E+00  0.0000E+00  0.0000E+00
     14.795  0.3097E-02  0.1001E-01  0.1001E-01  0.1001E-01  0.0000E+00  0.0000E+00  0.0000E+00  0.0000E+00  0.0000E+00
     14.887  0.2896E-02  0.9604E-02  0.9604E-02  0.9604E-02  0.0000E+00  0.0000E+00  0.0000E+00  0.0000E+00  0.0000E+00
     14.979  0.2531E-02  0.9153E-02  0.9153E-02  0.9153E-02  0.0000E+00  0.0000E+00  0.0000E+00  0.0000E+00  0.0000E+00
     15.071  0.2467E-02  0.9759E-02  0.9759E-02  0.9759E-02  0.0000E+00  0.0000E+00  0.0000E+00  0.0000E+00  0.0000E+00
     15.163  0.1883E-02  0.7992E-02  0.7992E-02  0.7992E-02  0.0000E+00  0.0000E+00  0.0000E+00  0.0000E+00  0.0000E+00
     15.255  0.1613E-02  0.7089E-02  0.7089E-02  0.7089E-02  0.0000E+00  0.0000E+00  0.0000E+00  0.0000E+00  0.0000E+00
     15.347  0.1429E-02  0.6496E-02  0.6496E-02  0.6496E-02  0.0000E+00  0.0000E+00  0.0000E+00  0.0000E+00  0.0000E+00
     15.439  0.1295E-02  0.6099E-02  0.6099E-02  0.6099E-02  0.0000E+00  0.0000E+00  0.0000E+00  0.0000E+00  0.0000E+00
     15.531  0.1203E-02  0.5897E-02  0.5897E-02  0.5897E-02  0.0000E+00  0.0000E+00  0.0000E+00  0.0000E+00  0.0000E+00
     15.623  0.1104E-02  0.5649E-02  0.5649E-02  0.5649E-02  0.0000E+00  0.0000E+00  0.0000E+00  0.0000E+00  0.0000E+00
     15.715  0.9555E-03  0.5251E-02  0.5251E-02  0.5251E-02  0.0000E+00  0.0000E+00  0.0000E+00  0.0000E+00  0.0000E+00
     15.807  0.7976E-03  0.4985E-02  0.4985E-02  0.4985E-02  0.0000E+00  0.0000E+00  0.0000E+00  0.0000E+00  0.0000E+00
     15.899  0.5283E-03  0.4239E-02  0.4239E-02  0.4239E-02  0.0000E+00  0.0000E+00  0.0000E+00  0.0000E+00  0.0000E+00
     15.991  0.4364E-03  0.3620E-02  0.3620E-02  0.3620E-02  0.0000E+00  0.0000E+00  0.0000E+00  0.0000E+00  0.0000E+00
     16.083  0.3615E-03  0.3108E-02  0.3108E-02  0.3108E-02  0.0000E+00  0.0000E+00  0.0000E+00  0.0000E+00  0.0000E+00
     16.175  0.2949E-03  0.2685E-02  0.2685E-02  0.2685E-02  0.0000E+00  0.0000E+00  0.0000E+00  0.0000E+00  0.0000E+00
     16.267  0.2434E-03  0.2423E-02  0.2423E-02  0.2423E-02  0.0000E+00  0.0000E+00  0.0000E+00  0.0000E+00  0.0000E+00
     16.359  0.1986E-03  0.2329E-02  0.2329E-02  0.2329E-02  0.0000E+00  0.0000E+00  0.0000E+00  0.0000E+00  0.0000E+00
     16.451  0.1632E-03  0.2382E-02  0.2382E-02  0.2382E-02  0.0000E+00  0.0000E+00  0.0000E+00  0.0000E+00  0.0000E+00
     16.543  0.3610E-03  0.4862E-02  0.4862E-02  0.4862E-02  0.0000E+00  0.0000E+00  0.0000E+00  0.0000E+00  0.0000E+00
     16.635  0.1860E-04  0.6208E-03  0.6208E-03  0.6208E-03  0.0000E+00  0.0000E+00  0.0000E+00  0.0000E+00  0.0000E+00
     16.727  0.5772E-05  0.1926E-03  0.1926E-03  0.1926E-03  0.0000E+00  0.0000E+00  0.0000E+00  0.0000E+00  0.0000E+00
     16.818  0.2423E-06  0.8085E-05  0.8085E-05  0.8085E-05  0.0000E+00  0.0000E+00  0.0000E+00  0.0000E+00  0.0000E+00
     16.910  0.0000E+00  0.0000E+00  0.0000E+00  0.0000E+00  0.0000E+00  0.0000E+00  0.0000E+00  0.0000E+00  0.0000E+00
     17.002  0.0000E+00  0.0000E+00  0.0000E+00  0.0000E+00  0.0000E+00  0.0000E+00  0.0000E+00  0.0000E+00  0.0000E+00
     17.094  0.0000E+00  0.0000E+00  0.0000E+00  0.0000E+00  0.0000E+00  0.0000E+00  0.0000E+00  0.0000E+00  0.0000E+00
     17.186  0.0000E+00  0.0000E+00  0.0000E+00  0.0000E+00  0.0000E+00  0.0000E+00  0.0000E+00  0.0000E+00  0.0000E+00
     17.278  0.0000E+00  0.0000E+00  0.0000E+00  0.0000E+00  0.0000E+00  0.0000E+00  0.0000E+00  0.0000E+00  0.0000E+00
     17.370  0.0000E+00  0.0000E+00  0.0000E+00  0.0000E+00  0.0000E+00  0.0000E+00  0.0000E+00  0.0000E+00  0.0000E+00
     17.462  0.0000E+00  0.0000E+00  0.0000E+00  0.0000E+00  0.0000E+00  0.0000E+00  0.0000E+00  0.0000E+00  0.0000E+00
     17.554  0.0000E+00  0.0000E+00  0.0000E+00  0.0000E+00  0.0000E+00  0.0000E+00  0.0000E+00  0.0000E+00  0.0000E+00
     17.646  0.0000E+00  0.0000E+00  0.0000E+00  0.0000E+00  0.0000E+00  0.0000E+00  0.0000E+00  0.0000E+00  0.0000E+00
     17.738  0.0000E+00  0.0000E+00  0.0000E+00  0.0000E+00  0.0000E+00  0.0000E+00  0.0000E+00  0.0000E+00  0.0000E+00
     17.830  0.0000E+00  0.0000E+00  0.0000E+00  0.0000E+00  0.0000E+00  0.0000E+00  0.0000E+00  0.0000E+00  0.0000E+00
     17.922  0.0000E+00  0.0000E+00  0.0000E+00  0.0000E+00  0.0000E+00  0.0000E+00  0.0000E+00  0.0000E+00  0.0000E+00
     18.014  0.0000E+00  0.0000E+00  0.0000E+00  0.0000E+00  0.0000E+00  0.0000E+00  0.0000E+00  0.0000E+00  0.0000E+00
     18.106  0.0000E+00  0.0000E+00  0.0000E+00  0.0000E+00  0.0000E+00  0.0000E+00  0.0000E+00  0.0000E+00  0.0000E+00
     18.198  0.0000E+00  0.0000E+00  0.0000E+00  0.0000E+00  0.0000E+00  0.0000E+00  0.0000E+00  0.0000E+00  0.0000E+00
     18.290  0.0000E+00  0.0000E+00  0.0000E+00  0.0000E+00  0.0000E+00  0.0000E+00  0.0000E+00  0.0000E+00  0.0000E+00
     18.382  0.0000E+00  0.0000E+00  0.0000E+00  0.0000E+00  0.0000E+00  0.0000E+00  0.0000E+00  0.0000E+00  0.0000E+00
     18.474  0.0000E+00  0.0000E+00  0.0000E+00  0.0000E+00  0.0000E+00  0.0000E+00  0.0000E+00  0.0000E+00  0.0000E+00
     18.566  0.0000E+00  0.0000E+00  0.0000E+00  0.0000E+00  0.0000E+00  0.0000E+00  0.0000E+00  0.0000E+00  0.0000E+00
     18.658  0.0000E+00  0.0000E+00  0.0000E+00  0.0000E+00  0.0000E+00  0.0000E+00  0.0000E+00  0.0000E+00  0.0000E+00
     18.750  0.0000E+00  0.0000E+00  0.0000E+00  0.0000E+00  0.0000E+00  0.0000E+00  0.0000E+00  0.0000E+00  0.0000E+00
     18.842  0.0000E+00  0.0000E+00  0.0000E+00  0.0000E+00  0.0000E+00  0.0000E+00  0.0000E+00  0.0000E+00  0.0000E+00
     18.84219590     -8.75370858  301      5.85398471      1.00000000
     -8.754  0.0000E+00  0.0000E+00  0.0000E+00  0.0000E+00  0.0000E+00  0.0000E+00  0.0000E+00  0.0000E+00  0.0000E+00
     -8.662  0.0000E+00  0.0000E+00  0.0000E+00  0.0000E+00  0.0000E+00  0.0000E+00  0.0000E+00  0.0000E+00  0.0000E+00
     -8.570  0.0000E+00  0.0000E+00  0.0000E+00  0.0000E+00  0.0000E+00  0.0000E+00  0.0000E+00  0.0000E+00  0.0000E+00
     -8.478  0.0000E+00  0.0000E+00  0.0000E+00  0.0000E+00  0.0000E+00  0.0000E+00  0.0000E+00  0.0000E+00  0.0000E+00
     -8.386  0.0000E+00  0.0000E+00  0.0000E+00  0.0000E+00  0.0000E+00  0.0000E+00  0.0000E+00  0.0000E+00  0.0000E+00
     -8.294  0.0000E+00  0.0000E+00  0.0000E+00  0.0000E+00  0.0000E+00  0.0000E+00  0.0000E+00  0.0000E+00  0.0000E+00
     -8.202  0.0000E+00  0.0000E+00  0.0000E+00  0.0000E+00  0.0000E+00  0.0000E+00  0.0000E+00  0.0000E+00  0.0000E+00
     -8.110  0.0000E+00  0.0000E+00  0.0000E+00  0.0000E+00  0.0000E+00  0.0000E+00  0.0000E+00  0.0000E+00  0.0000E+00
     -8.018  0.0000E+00  0.0000E+00  0.0000E+00  0.0000E+00  0.0000E+00  0.0000E+00  0.0000E+00  0.0000E+00  0.0000E+00
     -7.926  0.0000E+00  0.0000E+00  0.0000E+00  0.0000E+00  0.0000E+00  0.0000E+00  0.0000E+00  0.0000E+00  0.0000E+00
     -7.834  0.0000E+00  0.0000E+00  0.0000E+00  0.0000E+00  0.0000E+00  0.0000E+00  0.0000E+00  0.0000E+00  0.0000E+00
     -7.742  0.0000E+00  0.0000E+00  0.0000E+00  0.0000E+00  0.0000E+00  0.0000E+00  0.0000E+00  0.0000E+00  0.0000E+00
     -7.650  0.0000E+00  0.0000E+00  0.0000E+00  0.0000E+00  0.0000E+00  0.0000E+00  0.0000E+00  0.0000E+00  0.0000E+00
     -7.558  0.0000E+00  0.0000E+00  0.0000E+00  0.0000E+00  0.0000E+00  0.0000E+00  0.0000E+00  0.0000E+00  0.0000E+00
     -7.466  0.0000E+00  0.0000E+00  0.0000E+00  0.0000E+00  0.0000E+00  0.0000E+00  0.0000E+00  0.0000E+00  0.0000E+00
     -7.374  0.0000E+00  0.0000E+00  0.0000E+00  0.0000E+00  0.0000E+00  0.0000E+00  0.0000E+00  0.0000E+00  0.0000E+00
     -7.282  0.0000E+00  0.0000E+00  0.0000E+00  0.0000E+00  0.0000E+00  0.0000E+00  0.0000E+00  0.0000E+00  0.0000E+00
     -7.190  0.0000E+00  0.0000E+00  0.0000E+00  0.0000E+00  0.0000E+00  0.0000E+00  0.0000E+00  0.0000E+00  0.0000E+00
     -7.098  0.0000E+00  0.0000E+00  0.0000E+00  0.0000E+00  0.0000E+00  0.0000E+00  0.0000E+00  0.0000E+00  0.0000E+00
     -7.006  0.0000E+00  0.0000E+00  0.0000E+00  0.0000E+00  0.0000E+00  0.0000E+00  0.0000E+00  0.0000E+00  0.0000E+00
     -6.914  0.0000E+00  0.0000E+00  0.0000E+00  0.0000E+00  0.0000E+00  0.0000E+00  0.0000E+00  0.0000E+00  0.0000E+00
     -6.822  0.0000E+00  0.0000E+00  0.0000E+00  0.0000E+00  0.0000E+00  0.0000E+00  0.0000E+00  0.0000E+00  0.0000E+00
     -6.730  0.9367E-02  0.4249E-05  0.4249E-05  0.4249E-05  0.0000E+00  0.0000E+00  0.0000E+00  0.0000E+00  0.0000E+00
     -6.638  0.2460E-01  0.4674E-04  0.4674E-04  0.4674E-04  0.0000E+00  0.0000E+00  0.0000E+00  0.0000E+00  0.0000E+00
     -6.546  0.3055E-01  0.1073E-03  0.1073E-03  0.1073E-03  0.0000E+00  0.0000E+00  0.0000E+00  0.0000E+00  0.0000E+00
     -6.454  0.3666E-01  0.1878E-03  0.1878E-03  0.1878E-03  0.0000E+00  0.0000E+00  0.0000E+00  0.0000E+00  0.0000E+00
     -6.362  0.4223E-01  0.2806E-03  0.2806E-03  0.2806E-03  0.0000E+00  0.0000E+00  0.0000E+00  0.0000E+00  0.0000E+00
     -6.270  0.4747E-01  0.3821E-03  0.3821E-03  0.3821E-03  0.0000E+00  0.0000E+00  0.0000E+00  0.0000E+00  0.0000E+00
     -6.178  0.5170E-01  0.5000E-03  0.5000E-03  0.5000E-03  0.0000E+00  0.0000E+00  0.0000E+00  0.0000E+00  0.0000E+00
     -6.086  0.5635E-01  0.6200E-03  0.6200E-03  0.6200E-03  0.0000E+00  0.0000E+00  0.0000E+00  0.0000E+00  0.0000E+00
     -5.994  0.6006E-01  0.7579E-03  0.7579E-03  0.7579E-03  0.0000E+00  0.0000E+00  0.0000E+00  0.0000E+00  0.0000E+00
     -5.902  0.6417E-01  0.8964E-03  0.8964E-03  0.8964E-03  0.0000E+00  0.0000E+00  0.0000E+00  0.0000E+00  0.0000E+00
     -5.810  0.6773E-01  0.1051E-02  0.1051E-02  0.1051E-02  0.0000E+00  0.0000E+00  0.0000E+00  0.0000E+00  0.0000E+00
     -5.718  0.7146E-01  0.1208E-02  0.1208E-02  0.1208E-02  0.0000E+00  0.0000E+00  0.0000E+00  0.0000E+00  0.0000E+00
     -5.626  0.7516E-01  0.1374E-02  0.1374E-02  0.1374E-02  0.0000E+00  0.0000E+00  0.0000E+00  0.0000E+00  0.0000E+00
     -5.534  0.7864E-01  0.1551E-02  0.1551E-02  0.1551E-02  0.0000E+00  0.0000E+00  0.0000E+00  0.0000E+00  0.0000E+00
     -5.442  0.8241E-01  0.1729E-02  0.1729E-02  0.1729E-02  0.0000E+00  0.0000E+00  0.0000E+00  0.0000E+00  0.0000E+00
     -5.350  0.8597E-01  0.1923E-02  0.1923E-02  0.1923E-02  0.0000E+00  0.0000E+00  0.0000E+00  0.0000E+00  0.0000E+00
     -5.258  0.8965E-01  0.2123E-02  0.2123E-02  0.2123E-02  0.0000E+00  0.0000E+00  0.0000E+00  0.0000E+00  0.0000E+00
     -5.166  0.9360E-01  0.2324E-02  0.2324E-02  0.2324E-02  0.0000E+00  0.0000E+00  0.0000E+00  0.0000E+00  0.0000E+00
     -5.074  0.9748E-01  0.2547E-02  0.2547E-02  0.2547E-02  0.0000E+00  0.0000E+00  0.0000E+00  0.0000E+00  0.0000E+00
     -4.982  0.1016E+00  0.2775E-02  0.2775E-02  0.2775E-02  0.0000E+00  0.0000E+00  0.0000E+00  0.0000E+00  0.0000E+00
     -4.890  0.1062E+00  0.3008E-02  0.3008E-02  0.3008E-02  0.0000E+00  0.0000E+00  0.0000E+00  0.0000E+00  0.0000E+00
     -4.798  0.1109E+00  0.3266E-02  0.3266E-02  0.3266E-02  0.0000E+00  0.0000E+00  0.0000E+00  0.0000E+00  0.0000E+00
     -4.706  0.1163E+00  0.3539E-02  0.3539E-02  0.3539E-02  0.0000E+00  0.0000E+00  0.0000E+00  0.0000E+00  0.0000E+00
     -4.614  0.1225E+00  0.3827E-02  0.3827E-02  0.3827E-02  0.0000E+00  0.0000E+00  0.0000E+00  0.0000E+00  0.0000E+00
     -4.522  0.1298E+00  0.4154E-02  0.4154E-02  0.4154E-02  0.0000E+00  0.0000E+00  0.0000E+00  0.0000E+00  0.0000E+00
     -4.430  0.1393E+00  0.4541E-02  0.4541E-02  0.4541E-02  0.0000E+00  0.0000E+00  0.0000E+00  0.0000E+00  0.0000E+00
     -4.338  0.1539E+00  0.5041E-02  0.5041E-02  0.5041E-02  0.0000E+00  0.0000E+00  0.0000E+00  0.0000E+00  0.0000E+00
     -4.246  0.1820E+00  0.5853E-02  0.5853E-02  0.5853E-02  0.0000E+00  0.0000E+00  0.0000E+00  0.0000E+00  0.0000E+00
     -4.154  0.1757E+00  0.5964E-02  0.5964E-02  0.5964E-02  0.0000E+00  0.0000E+00  0.0000E+00  0.0000E+00  0.0000E+00
     -4.062  0.1688E+00  0.5997E-02  0.5997E-02  0.5997E-02  0.0000E+00  0.0000E+00  0.0000E+00  0.0000E+00  0.0000E+00
     -3.970  0.1637E+00  0.6067E-02  0.6067E-02  0.6067E-02  0.0000E+00  0.0000E+00  0.0000E+00  0.0000E+00  0.0000E+00
     -3.878  0.1567E+00  0.6098E-02  0.6098E-02  0.6098E-02  0.0000E+00  0.0000E+00  0.0000E+00  0.0000E+00  0.0000E+00
     -3.786  0.1501E+00  0.6092E-02  0.6092E-02  0.6092E-02  0.0000E+00  0.0000E+00  0.0000E+00  0.0000E+00  0.0000E+00
     -3.694  0.1444E+00  0.6094E-02  0.6094E-02  0.6094E-02  0.0000E+00  0.0000E+00  0.0000E+00  0.0000E+00  0.0000E+00
     -3.602  0.1377E+00  0.6068E-02  0.6068E-02  0.6068E-02  0.0000E+00  0.0000E+00  0.0000E+00  0.0000E+00  0.0000E+00
     -3.510  0.1319E+00  0.6028E-02  0.6028E-02  0.6028E-02  0.0000E+00  0.0000E+00  0.0000E+00  0.0000E+00  0.0000E+00
     -3.419  0.1256E+00  0.5959E-02  0.5959E-02  0.5959E-02  0.0000E+00  0.0000E+00  0.0000E+00  0.0000E+00  0.0000E+00
     -3.327  0.1194E+00  0.5885E-02  0.5885E-02  0.5885E-02  0.0000E+00  0.0000E+00  0.0000E+00  0.0000E+00  0.0000E+00
     -3.235  0.1133E+00  0.5779E-02  0.5779E-02  0.5779E-02  0.0000E+00  0.0000E+00  0.0000E+00  0.0000E+00  0.0000E+00
     -3.143  0.1064E+00  0.5633E-02  0.5633E-02  0.5633E-02  0.0000E+00  0.0000E+00  0.0000E+00  0.0000E+00  0.0000E+00
     -3.051  0.9998E-01  0.5482E-02  0.5482E-02  0.5482E-02  0.0000E+00  0.0000E+00  0.0000E+00  0.0000E+00  0.0000E+00
     -2.959  0.9295E-01  0.5286E-02  0.5286E-02  0.5286E-02  0.0000E+00  0.0000E+00  0.0000E+00  0.0000E+00  0.0000E+00
     -2.867  0.8579E-01  0.5057E-02  0.5057E-02  0.5057E-02  0.0000E+00  0.0000E+00  0.0000E+00  0.0000E+00  0.0000E+00
     -2.775  0.7908E-01  0.4823E-02  0.4823E-02  0.4823E-02  0.0000E+00  0.0000E+00  0.0000E+00  0.0000E+00  0.0000E+00
     -2.683  0.7078E-01  0.4506E-02  0.4506E-02  0.4506E-02  0.0000E+00  0.0000E+00  0.0000E+00  0.0000E+00  0.0000E+00
     -2.591  0.6538E-01  0.4352E-02  0.4352E-02  0.4352E-02  0.0000E+00  0.0000E+00  0.0000E+00  0.0000E+00  0.0000E+00
     -2.499  0.5100E-01  0.3539E-02  0.3539E-02  0.3539E-02  0.0000E+00  0.0000E+00  0.0000E+00  0.0000E+00  0.0000E+00
     -2.407  0.2390E-01  0.1710E-02  0.1710E-02  0.1710E-02  0.0000E+00  0.0000E+00  0.0000E+00  0.0000E+00  0.0000E+00
     -2.315  0.7837E-02  0.5555E-03  0.5555E-03  0.5555E-03  0.0000E+00  0.0000E+00  0.0000E+00  0.0000E+00  0.0000E+00
     -2.223  0.7337E-02  0.6101E-03  0.6101E-03  0.6101E-03  0.0000E+00  0.0000E+00  0.0000E+00  0.0000E+00  0.0000E+00
     -2.131  0.1870E-01  0.1610E-02  0.1610E-02  0.1610E-02  0.0000E+00  0.0000E+00  0.0000E+00  0.0000E+00  0.0000E+00
     -2.039  0.3417E-01  0.2966E-02  0.2966E-02  0.2966E-02  0.0000E+00  0.0000E+00  0.0000E+00  0.0000E+00  0.0000E+00
     -1.947  0.4597E-01  0.4064E-02  0.4064E-02  0.4064E-02  0.0000E+00  0.0000E+00  0.0000E+00  0.0000E+00  0.0000E+00
     -1.855  0.5658E-01  0.5185E-02  0.5185E-02  0.5185E-02  0.0000E+00  0.0000E+00  0.0000E+00  0.0000E+00  0.0000E+00
     -1.763  0.6513E-01  0.6166E-02  0.6166E-02  0.6166E-02  0.0000E+00  0.0000E+00  0.0000E+00  0.0000E+00  0.0000E+00
     -1.671  0.7371E-01  0.7245E-02  0.7245E-02  0.7245E-02  0.0000E+00  0.0000E+00  0.0000E+00  0.0000E+00  0.0000E+00
     -1.579  0.8350E-01  0.8595E-02  0.8595E-02  0.8595E-02  0.0000E+00  0.0000E+00  0.0000E+00  0.0000E+00  0.0000E+00
     -1.487  0.9326E-01  0.1006E-01  0.1006E-01  0.1006E-01  0.0000E+00  0.0000E+00  0.0000E+00  0.0000E+00  0.0000E+00
     -1.395  0.1362E+00  0.2162E-01  0.2162E-01  0.2162E-01  0.0000E+00  0.0000E+00  0.0000E+00  0.0000E+00  0.0000E+00
     -1.303  0.1943E+00  0.3451E-01  0.3451E-01  0.3451E-01  0.0000E+00  0.0000E+00  0.0000E+00  0.0000E+00  0.0000E+00
     -1.211  0.2328E+00  0.4248E-01  0.4248E-01  0.4248E-01  0.0000E+00  0.0000E+00  0.0000E+00  0.0000E+00  0.0000E+00
     -1.119  0.1532E+00  0.2721E-01  0.2721E-01  0.2721E-01  0.0000E+00  0.0000E+00  0.0000E+00  0.0000E+00  0.0000E+00
     -1.027  0.1303E+00  0.2312E-01  0.2312E-01  0.2312E-01  0.0000E+00  0.0000E+00  0.0000E+00  0.0000E+00  0.0000E+00
     -0.935  0.1152E+00  0.2062E-01  0.2062E-01  0.2062E-01  0.0000E+00  0.0000E+00  0.0000E+00  0.0000E+00  0.0000E+00
     -0.843  0.1040E+00  0.1883E-01  0.1883E-01  0.1883E-01  0.0000E+00  0.0000E+00  0.0000E+00  0.0000E+00  0.0000E+00
     -0.751  0.9595E-01  0.1758E-01  0.1758E-01  0.1758E-01  0.0000E+00  0.0000E+00  0.0000E+00  0.0000E+00  0.0000E+00
     -0.659  0.8856E-01  0.1648E-01  0.1648E-01  0.1648E-01  0.0000E+00  0.0000E+00  0.0000E+00  0.0000E+00  0.0000E+00
     -0.567  0.8169E-01  0.1550E-01  0.1550E-01  0.1550E-01  0.0000E+00  0.0000E+00  0.0000E+00  0.0000E+00  0.0000E+00
     -0.475  0.7692E-01  0.1481E-01  0.1481E-01  0.1481E-01  0.0000E+00  0.0000E+00  0.0000E+00  0.0000E+00  0.0000E+00
     -0.383  0.7222E-01  0.1416E-01  0.1416E-01  0.1416E-01  0.0000E+00  0.0000E+00  0.0000E+00  0.0000E+00  0.0000E+00
     -0.291  0.6743E-01  0.1349E-01  0.1349E-01  0.1349E-01  0.0000E+00  0.0000E+00  0.0000E+00  0.0000E+00  0.0000E+00
     -0.199  0.6332E-01  0.1292E-01  0.1292E-01  0.1292E-01  0.0000E+00  0.0000E+00  0.0000E+00  0.0000E+00  0.0000E+00
     -0.107  0.6007E-01  0.1248E-01  0.1248E-01  0.1248E-01  0.0000E+00  0.0000E+00  0.0000E+00  0.0000E+00  0.0000E+00
     -0.015  0.5670E-01  0.1202E-01  0.1202E-01  0.1202E-01  0.0000E+00  0.0000E+00  0.0000E+00  0.0000E+00  0.0000E+00
      0.077  0.5307E-01  0.1151E-01  0.1151E-01  0.1151E-01  0.0000E+00  0.0000E+00  0.0000E+00  0.0000E+00  0.0000E+00
      0.169  0.5021E-01  0.1111E-01  0.1111E-01  0.1111E-01  0.0000E+00  0.0000E+00  0.0000E+00  0.0000E+00  0.0000E+00
      0.261  0.4781E-01  0.1079E-01  0.1079E-01  0.1079E-01  0.0000E+00  0.0000E+00  0.0000E+00  0.0000E+00  0.0000E+00
      0.353  0.4529E-01  0.1044E-01  0.1044E-01  0.1044E-01  0.0000E+00  0.0000E+00  0.0000E+00  0.0000E+00  0.0000E+00
      0.445  0.4254E-01  0.1004E-01  0.1004E-01  0.1004E-01  0.0000E+00  0.0000E+00  0.0000E+00  0.0000E+00  0.0000E+00
      0.537  0.4008E-01  0.9670E-02  0.9670E-02  0.9670E-02  0.0000E+00  0.0000E+00  0.0000E+00  0.0000E+00  0.0000E+00
      0.629  0.3825E-01  0.9412E-02  0.9412E-02  0.9412E-02  0.0000E+00  0.0000E+00  0.0000E+00  0.0000E+00  0.0000E+00
      0.721  0.3638E-01  0.9144E-02  0.9144E-02  0.9144E-02  0.0000E+00  0.0000E+00  0.0000E+00  0.0000E+00  0.0000E+00
      0.813  0.3429E-01  0.8825E-02  0.8825E-02  0.8825E-02  0.0000E+00  0.0000E+00  0.0000E+00  0.0000E+00  0.0000E+00
      0.905  0.3201E-01  0.8451E-02  0.8451E-02  0.8451E-02  0.0000E+00  0.0000E+00  0.0000E+00  0.0000E+00  0.0000E+00
      0.997  0.3055E-01  0.8232E-02  0.8232E-02  0.8232E-02  0.0000E+00  0.0000E+00  0.0000E+00  0.0000E+00  0.0000E+00
      1.089  0.2913E-01  0.8014E-02  0.8014E-02  0.8014E-02  0.0000E+00  0.0000E+00  0.0000E+00  0.0000E+00  0.0000E+00
      1.181  0.2760E-01  0.7771E-02  0.7771E-02  0.7771E-02  0.0000E+00  0.0000E+00  0.0000E+00  0.0000E+00  0.0000E+00
      1.273  0.2748E-01  0.2613E-01  0.2613E-01  0.2613E-01  0.0000E+00  0.0000E+00  0.0000E+00  0.0000E+00  0.0000E+00
      1.365  0.2755E-01  0.3536E-01  0.3536E-01  0.3536E-01  0.0000E+00  0.0000E+00  0.0000E+00  0.0000E+00  0.0000E+00
      1.457  0.2913E-01  0.4940E-01  0.4940E-01  0.4940E-01  0.0000E+00  0.0000E+00  0.0000E+00  0.0000E+00  0.0000E+00
      1.549  0.3120E-01  0.6182E-01  0.6182E-01  0.6182E-01  0.0000E+00  0.0000E+00  0.0000E+00  0.0000E+00  0.0000E+00
      1.641  0.3099E-01  0.5605E-01  0.5605E-01  0.5605E-01  0.0000E+00  0.0000E+00  0.0000E+00  0.0000E+00  0.0000E+00
      1.733  0.3087E-01  0.5324E-01  0.5324E-01  0.5324E-01  0.0000E+00  0.0000E+00  0.0000E+00  0.0000E+00  0.0000E+00
      1.825  0.3021E-01  0.5027E-01  0.5027E-01  0.5027E-01  0.0000E+00  0.0000E+00  0.0000E+00  0.0000E+00  0.0000E+00
      1.917  0.3009E-01  0.4958E-01  0.4958E-01  0.4958E-01  0.0000E+00  0.0000E+00  0.0000E+00  0.0000E+00  0.0000E+00
      2.009  0.2995E-01  0.5129E-01  0.5129E-01  0.5129E-01  0.0000E+00  0.0000E+00  0.0000E+00  0.0000E+00  0.0000E+00
      2.101  0.2930E-01  0.5110E-01  0.5110E-01  0.5110E-01  0.0000E+00  0.0000E+00  0.0000E+00  0.0000E+00  0.0000E+00
      2.193  0.2858E-01  0.5301E-01  0.5301E-01  0.5301E-01  0.0000E+00  0.0000E+00  0.0000E+00  0.0000E+00  0.0000E+00
      2.285  0.2781E-01  0.5530E-01  0.5530E-01  0.5530E-01  0.0000E+00  0.0000E+00  0.0000E+00  0.0000E+00  0.0000E+00
      2.377  0.2729E-01  0.5785E-01  0.5785E-01  0.5785E-01  0.0000E+00  0.0000E+00  0.0000E+00  0.0000E+00  0.0000E+00
      2.469  0.2659E-01  0.5887E-01  0.5887E-01  0.5887E-01  0.0000E+00  0.0000E+00  0.0000E+00  0.0000E+00  0.0000E+00
      2.561  0.2598E-01  0.6459E-01  0.6459E-01  0.6459E-01  0.0000E+00  0.0000E+00  0.0000E+00  0.0000E+00  0.0000E+00
      2.653  0.2514E-01  0.6786E-01  0.6786E-01  0.6786E-01  0.0000E+00  0.0000E+00  0.0000E+00  0.0000E+00  0.0000E+00
      2.745  0.2412E-01  0.7519E-01  0.7519E-01  0.7519E-01  0.0000E+00  0.0000E+00  0.0000E+00  0.0000E+00  0.0000E+00
      2.837  0.2307E-01  0.8918E-01  0.8918E-01  0.8918E-01  0.0000E+00  0.0000E+00  0.0000E+00  0.0000E+00  0.0000E+00
      2.929  0.2223E-01  0.8697E-01  0.8697E-01  0.8697E-01  0.0000E+00  0.0000E+00  0.0000E+00  0.0000E+00  0.0000E+00
      3.021  0.2143E-01  0.8684E-01  0.8684E-01  0.8684E-01  0.0000E+00  0.0000E+00  0.0000E+00  0.0000E+00  0.0000E+00
      3.113  0.2051E-01  0.8541E-01  0.8541E-01  0.8541E-01  0.0000E+00  0.0000E+00  0.0000E+00  0.0000E+00  0.0000E+00
      3.205  0.1946E-01  0.8461E-01  0.8461E-01  0.8461E-01  0.0000E+00  0.0000E+00  0.0000E+00  0.0000E+00  0.0000E+00
      3.297  0.1827E-01  0.8403E-01  0.8403E-01  0.8403E-01  0.0000E+00  0.0000E+00  0.0000E+00  0.0000E+00  0.0000E+00
      3.388  0.1740E-01  0.8300E-01  0.8300E-01  0.8300E-01  0.0000E+00  0.0000E+00  0.0000E+00  0.0000E+00  0.0000E+00
      3.480  0.1660E-01  0.8267E-01  0.8267E-01  0.8267E-01  0.0000E+00  0.0000E+00  0.0000E+00  0.0000E+00  0.0000E+00
      3.572  0.1577E-01  0.8134E-01  0.8134E-01  0.8134E-01  0.0000E+00  0.0000E+00  0.0000E+00  0.0000E+00  0.0000E+00
      3.664  0.1492E-01  0.8092E-01  0.8092E-01  0.8092E-01  0.0000E+00  0.0000E+00  0.0000E+00  0.0000E+00  0.0000E+00
      3.756  0.1389E-01  0.8048E-01  0.8048E-01  0.8048E-01  0.0000E+00  0.0000E+00  0.0000E+00  0.0000E+00  0.0000E+00
      3.848  0.1270E-01  0.7934E-01  0.7934E-01  0.7934E-01  0.0000E+00  0.0000E+00  0.0000E+00  0.0000E+00  0.0000E+00
      3.940  0.1182E-01  0.7847E-01  0.7847E-01  0.7847E-01  0.0000E+00  0.0000E+00  0.0000E+00  0.0000E+00  0.0000E+00
      4.032  0.1100E-01  0.7840E-01  0.7840E-01  0.7840E-01  0.0000E+00  0.0000E+00  0.0000E+00  0.0000E+00  0.0000E+00
      4.124  0.1011E-01  0.7805E-01  0.7805E-01  0.7805E-01  0.0000E+00  0.0000E+00  0.0000E+00  0.0000E+00  0.0000E+00
      4.216  0.9160E-02  0.7752E-01  0.7752E-01  0.7752E-01  0.0000E+00  0.0000E+00  0.0000E+00  0.0000E+00  0.0000E+00
      4.308  0.8252E-02  0.7673E-01  0.7673E-01  0.7673E-01  0.0000E+00  0.0000E+00  0.0000E+00  0.0000E+00  0.0000E+00
      4.400  0.7364E-02  0.7603E-01  0.7603E-01  0.7603E-01  0.0000E+00  0.0000E+00  0.0000E+00  0.0000E+00  0.0000E+00
      4.492  0.6639E-02  0.7617E-01  0.7617E-01  0.7617E-01  0.0000E+00  0.0000E+00  0.0000E+00  0.0000E+00  0.0000E+00
      4.584  0.5961E-02  0.6712E-01  0.6712E-01  0.6712E-01  0.0000E+00  0.0000E+00  0.0000E+00  0.0000E+00  0.0000E+00
      4.676  0.5387E-02  0.5290E-01  0.5290E-01  0.5290E-01  0.0000E+00  0.0000E+00  0.0000E+00  0.0000E+00  0.0000E+00
      4.768  0.4702E-02  0.4639E-01  0.4639E-01  0.4639E-01  0.0000E+00  0.0000E+00  0.0000E+00  0.0000E+00  0.0000E+00
      4.860  0.4023E-02  0.4106E-01  0.4106E-01  0.4106E-01  0.0000E+00  0.0000E+00  0.0000E+00  0.0000E+00  0.0000E+00
      4.952  0.3430E-02  0.3646E-01  0.3646E-01  0.3646E-01  0.0000E+00  0.0000E+00  0.0000E+00  0.0000E+00  0.0000E+00
      5.044  0.2911E-02  0.3221E-01  0.3221E-01  0.3221E-01  0.0000E+00  0.0000E+00  0.0000E+00  0.0000E+00  0.0000E+00
      5.136  0.2516E-02  0.2893E-01  0.2893E-01  0.2893E-01  0.0000E+00  0.0000E+00  0.0000E+00  0.0000E+00  0.0000E+00
      5.228  0.2029E-02  0.2548E-01  0.2548E-01  0.2548E-01  0.0000E+00  0.0000E+00  0.0000E+00  0.0000E+00  0.0000E+00
      5.320  0.1580E-02  0.2231E-01  0.2231E-01  0.2231E-01  0.0000E+00  0.0000E+00  0.0000E+00  0.0000E+00  0.0000E+00
      5.412  0.1191E-02  0.1935E-01  0.1935E-01  0.1935E-01  0.0000E+00  0.0000E+00  0.0000E+00  0.0000E+00  0.0000E+00
      5.504  0.8629E-03  0.1636E-01  0.1636E-01  0.1636E-01  0.0000E+00  0.0000E+00  0.0000E+00  0.0000E+00  0.0000E+00
      5.596  0.5971E-03  0.1297E-01  0.1297E-01  0.1297E-01  0.0000E+00  0.0000E+00  0.0000E+00  0.0000E+00  0.0000E+00
      5.688  0.3005E-03  0.1009E-01  0.1009E-01  0.1009E-01  0.0000E+00  0.0000E+00  0.0000E+00  0.0000E+00  0.0000E+00
      5.780  0.8012E-04  0.5095E-02  0.5095E-02  0.5095E-02  0.0000E+00  0.0000E+00  0.0000E+00  0.0000E+00  0.0000E+00
      5.872  0.0000E+00  0.0000E+00  0.0000E+00  0.0000E+00  0.0000E+00  0.0000E+00  0.0000E+00  0.0000E+00  0.0000E+00
      5.964  0.0000E+00  0.0000E+00  0.0000E+00  0.0000E+00  0.0000E+00  0.0000E+00  0.0000E+00  0.0000E+00  0.0000E+00
      6.056  0.0000E+00  0.0000E+00  0.0000E+00  0.0000E+00  0.0000E+00  0.0000E+00  0.0000E+00  0.0000E+00  0.0000E+00
      6.148  0.0000E+00  0.0000E+00  0.0000E+00  0.0000E+00  0.0000E+00  0.0000E+00  0.0000E+00  0.0000E+00  0.0000E+00
      6.240  0.0000E+00  0.0000E+00  0.0000E+00  0.0000E+00  0.0000E+00  0.0000E+00  0.0000E+00  0.0000E+00  0.0000E+00
      6.332  0.0000E+00  0.0000E+00  0.0000E+00  0.0000E+00  0.0000E+00  0.0000E+00  0.0000E+00  0.0000E+00  0.0000E+00
      6.424  0.0000E+00  0.0000E+00  0.0000E+00  0.0000E+00  0.0000E+00  0.0000E+00  0.0000E+00  0.0000E+00  0.0000E+00
      6.516  0.0000E+00  0.0000E+00  0.0000E+00  0.0000E+00  0.0000E+00  0.0000E+00  0.0000E+00  0.0000E+00  0.0000E+00
      6.608  0.9043E-06  0.2562E-06  0.2562E-06  0.2562E-06  0.0000E+00  0.0000E+00  0.0000E+00  0.0000E+00  0.0000E+00
      6.700  0.4742E-02  0.1388E-02  0.1388E-02  0.1388E-02  0.0000E+00  0.0000E+00  0.0000E+00  0.0000E+00  0.0000E+00
      6.792  0.8666E-02  0.2640E-02  0.2640E-02  0.2640E-02  0.0000E+00  0.0000E+00  0.0000E+00  0.0000E+00  0.0000E+00
      6.884  0.1285E-01  0.4023E-02  0.4023E-02  0.4023E-02  0.0000E+00  0.0000E+00  0.0000E+00  0.0000E+00  0.0000E+00
      6.976  0.1524E-01  0.5051E-02  0.5051E-02  0.5051E-02  0.0000E+00  0.0000E+00  0.0000E+00  0.0000E+00  0.0000E+00
      7.068  0.1726E-01  0.6034E-02  0.6034E-02  0.6034E-02  0.0000E+00  0.0000E+00  0.0000E+00  0.0000E+00  0.0000E+00
      7.160  0.1937E-01  0.7104E-02  0.7104E-02  0.7104E-02  0.0000E+00  0.0000E+00  0.0000E+00  0.0000E+00  0.0000E+00
      7.252  0.2164E-01  0.8270E-02  0.8270E-02  0.8270E-02  0.0000E+00  0.0000E+00  0.0000E+00  0.0000E+00  0.0000E+00
      7.344  0.2340E-01  0.9413E-02  0.9413E-02  0.9413E-02  0.0000E+00  0.0000E+00  0.0000E+00  0.0000E+00  0.0000E+00
      7.436  0.2469E-01  0.1041E-01  0.1041E-01  0.1041E-01  0.0000E+00  0.0000E+00  0.0000E+00  0.0000E+00  0.0000E+00
      7.528  0.2624E-01  0.1156E-01  0.1156E-01  0.1156E-01  0.0000E+00  0.0000E+00  0.0000E+00  0.0000E+00  0.0000E+00
      7.620  0.2776E-01  0.1274E-01  0.1274E-01  0.1274E-01  0.0000E+00  0.0000E+00  0.0000E+00  0.0000E+00  0.0000E+00
      7.712  0.2944E-01  0.1402E-01  0.1402E-01  0.1402E-01  0.0000E+00  0.0000E+00  0.0000E+00  0.0000E+00  0.0000E+00
      7.804  0.3202E-01  0.1546E-01  0.1546E-01  0.1546E-01  0.0000E+00  0.0000E+00  0.0000E+00  0.0000E+00  0.0000E+00
      7.896  0.4422E-01  0.1754E-01  0.1754E-01  0.1754E-01  0.0000E+00  0.0000E+00  0.0000E+00  0.0000E+00  0.0000E+00
      7.988  0.5181E-01  0.1950E-01  0.1950E-01  0.1950E-01  0.0000E+00  0.0000E+00  0.0000E+00  0.0000E+00  0.0000E+00
      8.080  0.5935E-01  0.2177E-01  0.2177E-01  0.2177E-01  0.0000E+00  0.0000E+00  0.0000E+00  0.0000E+00  0.0000E+00
      8.172  0.6762E-01  0.2439E-01  0.2439E-01  0.2439E-01  0.0000E+00  0.0000E+00  0.0000E+00  0.0000E+00  0.0000E+00
      8.264  0.7941E-01  0.2817E-01  0.2817E-01  0.2817E-01  0.0000E+00  0.0000E+00  0.0000E+00  0.0000E+00  0.0000E+00
      8.356  0.9833E-01  0.3348E-01  0.3348E-01  0.3348E-01  0.0000E+00  0.0000E+00  0.0000E+00  0.0000E+00  0.0000E+00
      8.448  0.1147E+00  0.3951E-01  0.3951E-01  0.3951E-01  0.0000E+00  0.0000E+00  0.0000E+00  0.0000E+00  0.0000E+00
      8.540  0.1026E+00  0.3959E-01  0.3959E-01  0.3959E-01  0.0000E+00  0.0000E+00  0.0000E+00  0.0000E+00  0.0000E+00
      8.632  0.9612E-01  0.4207E-01  0.4207E-01  0.4207E-01  0.0000E+00  0.0000E+00  0.0000E+00  0.0000E+00  0.0000E+00
      8.724  0.8420E-01  0.4009E-01  0.4009E-01  0.4009E-01  0.0000E+00  0.0000E+00  0.0000E+00  0.0000E+00  0.0000E+00
      8.816  0.6661E-01  0.3388E-01  0.3388E-01  0.3388E-01  0.0000E+00  0.0000E+00  0.0000E+00  0.0000E+00  0.0000E+00
      8.908  0.5841E-01  0.3217E-01  0.3217E-01  0.3217E-01  0.0000E+00  0.0000E+00  0.0000E+00  0.0000E+00  0.0000E+00
      9.000  0.5664E-01  0.3428E-01  0.3428E-01  0.3428E-01  0.0000E+00  0.0000E+00  0.0000E+00  0.0000E+00  0.0000E+00
      9.092  0.5036E-01  0.3328E-01  0.3328E-01  0.3328E-01  0.0000E+00  0.0000E+00  0.0000E+00  0.0000E+00  0.0000E+00
      9.184  0.4292E-01  0.3212E-01  0.3212E-01  0.3212E-01  0.0000E+00  0.0000E+00  0.0000E+00  0.0000E+00  0.0000E+00
      9.276  0.3635E-01  0.3250E-01  0.3250E-01  0.3250E-01  0.0000E+00  0.0000E+00  0.0000E+00  0.0000E+00  0.0000E+00
      9.368  0.4143E-01  0.5999E-01  0.5999E-01  0.5999E-01  0.0000E+00  0.0000E+00  0.0000E+00  0.0000E+00  0.0000E+00
      9.460  0.4917E-01  0.7633E-01  0.7633E-01  0.7633E-01  0.0000E+00  0.0000E+00  0.0000E+00  0.0000E+00  0.0000E+00
      9.552  0.4883E-01  0.6453E-01  0.6453E-01  0.6453E-01  0.0000E+00  0.0000E+00  0.0000E+00  0.0000E+00  0.0000E+00
      9.644  0.4915E-01  0.5473E-01  0.5473E-01  0.5473E-01  0.0000E+00  0.0000E+00  0.0000E+00  0.0000E+00  0.0000E+00
      9.736  0.4423E-01  0.5191E-01  0.5191E-01  0.5191E-01  0.0000E+00  0.0000E+00  0.0000E+00  0.0000E+00  0.0000E+00
      9.828  0.4238E-01  0.5089E-01  0.5089E-01  0.5089E-01  0.0000E+00  0.0000E+00  0.0000E+00  0.0000E+00  0.0000E+00
      9.920  0.4659E-01  0.5466E-01  0.5466E-01  0.5466E-01  0.0000E+00  0.0000E+00  0.0000E+00  0.0000E+00  0.0000E+00
     10.012  0.4710E-01  0.5127E-01  0.5127E-01  0.5127E-01  0.0000E+00  0.0000E+00  0.0000E+00  0.0000E+00  0.0000E+00
     10.103  0.6097E-01  0.5345E-01  0.5345E-01  0.5345E-01  0.0000E+00  0.0000E+00  0.0000E+00  0.0000E+00  0.0000E+00
     10.195  0.3661E-01  0.4301E-01  0.4301E-01  0.4301E-01  0.0000E+00  0.0000E+00  0.0000E+00  0.0000E+00  0.0000E+00
     10.287  0.2981E-01  0.3911E-01  0.3911E-01  0.3911E-01  0.0000E+00  0.0000E+00  0.0000E+00  0.0000E+00  0.0000E+00
     10.379  0.2701E-01  0.3640E-01  0.3640E-01  0.3640E-01  0.0000E+00  0.0000E+00  0.0000E+00  0.0000E+00  0.0000E+00
     10.471  0.2653E-01  0.3495E-01  0.3495E-01  0.3495E-01  0.0000E+00  0.0000E+00  0.0000E+00  0.0000E+00  0.0000E+00
     10.563  0.2887E-01  0.3564E-01  0.3564E-01  0.3564E-01  0.0000E+00  0.0000E+00  0.0000E+00  0.0000E+00  0.0000E+00
     10.655  0.3127E-01  0.3879E-01  0.3879E-01  0.3879E-01  0.0000E+00  0.0000E+00  0.0000E+00  0.0000E+00  0.0000E+00
     10.747  0.3645E-01  0.4325E-01  0.4325E-01  0.4325E-01  0.0000E+00  0.0000E+00  0.0000E+00  0.0000E+00  0.0000E+00
     10.839  0.3828E-01  0.3957E-01  0.3957E-01  0.3957E-01  0.0000E+00  0.0000E+00  0.0000E+00  0.0000E+00  0.0000E+00
     10.931  0.4082E-01  0.3847E-01  0.3847E-01  0.3847E-01  0.0000E+00  0.0000E+00  0.0000E+00  0.0000E+00  0.0000E+00
     11.023  0.4250E-01  0.3765E-01  0.3765E-01  0.3765E-01  0.0000E+00  0.0000E+00  0.0000E+00  0.0000E+00  0.0000E+00
     11.115  0.4216E-01  0.3878E-01  0.3878E-01  0.3878E-01  0.0000E+00  0.0000E+00  0.0000E+00  0.0000E+00  0.0000E+00
     11.207  0.4185E-01  0.3754E-01  0.3754E-01  0.3754E-01  0.0000E+00  0.0000E+00  0.0000E+00  0.0000E+00  0.0000E+00
     11.299  0.4462E-01  0.4068E-01  0.4068E-01  0.4068E-01  0.0000E+00  0.0000E+00  0.0000E+00  0.0000E+00  0.0000E+00
     11.391  0.4084E-01  0.3883E-01  0.3883E-01  0.3883E-01  0.0000E+00  0.0000E+00  0.0000E+00  0.0000E+00  0.0000E+00
     11.483  0.3883E-01  0.3735E-01  0.3735E-01  0.3735E-01  0.0000E+00  0.0000E+00  0.0000E+00  0.0000E+00  0.0000E+00
     11.575  0.3848E-01  0.3765E-01  0.3765E-01  0.3765E-01  0.0000E+00  0.0000E+00  0.0000E+00  0.0000E+00  0.0000E+00
     11.667  0.3794E-01  0.3737E-01  0.3737E-01  0.3737E-01  0.0000E+00  0.0000E+00  0.0000E+00  0.0000E+00  0.0000E+00
     11.759  0.3742E-01  0.3795E-01  0.3795E-01  0.3795E-01  0.0000E+00  0.0000E+00  0.0000E+00  0.0000E+00  0.0000E+00
     11.851  0.3597E-01  0.3691E-01  0.3691E-01  0.3691E-01  0.0000E+00  0.0000E+00  0.0000E+00  0.0000E+00  0.0000E+00
     11.943  0.3622E-01  0.3795E-01  0.3795E-01  0.3795E-01  0.0000E+00  0.0000E+00  0.0000E+00  0.0000E+00  0.0000E+00
     12.035  0.3301E-01  0.3626E-01  0.3626E-01  0.3626E-01  0.0000E+00  0.0000E+00  0.0000E+00  0.0000E+00  0.0000E+00
     12.127  0.2999E-01  0.3492E-01  0.3492E-01  0.3492E-01  0.0000E+00  0.0000E+00  0.0000E+00  0.0000E+00  0.0000E+00
     12.219  0.2866E-01  0.3509E-01  0.3509E-01  0.3509E-01  0.0000E+00  0.0000E+00  0.0000E+00  0.0000E+00  0.0000E+00
     12.311  0.2744E-01  0.3439E-01  0.3439E-01  0.3439E-01  0.0000E+00  0.0000E+00  0.0000E+00  0.0000E+00  0.0000E+00
     12.403  0.2605E-01  0.3433E-01  0.3433E-01  0.3433E-01  0.0000E+00  0.0000E+00  0.0000E+00  0.0000E+00  0.0000E+00
     12.495  0.2455E-01  0.3408E-01  0.3408E-01  0.3408E-01  0.0000E+00  0.0000E+00  0.0000E+00  0.0000E+00  0.0000E+00
     12.587  0.2423E-01  0.3635E-01  0.3635E-01  0.3635E-01  0.0000E+00  0.0000E+00  0.0000E+00  0.0000E+00  0.0000E+00
     12.679  0.2035E-01  0.3177E-01  0.3177E-01  0.3177E-01  0.0000E+00  0.0000E+00  0.0000E+00  0.0000E+00  0.0000E+00
     12.771  0.1926E-01  0.3000E-01  0.3000E-01  0.3000E-01  0.0000E+00  0.0000E+00  0.0000E+00  0.0000E+00  0.0000E+00
     12.863  0.1850E-01  0.2993E-01  0.2993E-01  0.2993E-01  0.0000E+00  0.0000E+00  0.0000E+00  0.0000E+00  0.0000E+00
     12.955  0.1893E-01  0.3123E-01  0.3123E-01  0.3123E-01  0.0000E+00  0.0000E+00  0.0000E+00  0.0000E+00  0.0000E+00
     13.047  0.1988E-01  0.3299E-01  0.3299E-01  0.3299E-01  0.0000E+00  0.0000E+00  0.0000E+00  0.0000E+00  0.0000E+00
     13.139  0.2044E-01  0.3423E-01  0.3423E-01  0.3423E-01  0.0000E+00  0.0000E+00  0.0000E+00  0.0000E+00  0.0000E+00
     13.231  0.2037E-01  0.3482E-01  0.3482E-01  0.3482E-01  0.0000E+00  0.0000E+00  0.0000E+00  0.0000E+00  0.0000E+00
     13.323  0.1720E-01  0.3092E-01  0.3092E-01  0.3092E-01  0.0000E+00  0.0000E+00  0.0000E+00  0.0000E+00  0.0000E+00
     13.415  0.1396E-01  0.2707E-01  0.2707E-01  0.2707E-01  0.0000E+00  0.0000E+00  0.0000E+00  0.0000E+00  0.0000E+00
     13.507  0.1245E-01  0.2575E-01  0.2575E-01  0.2575E-01  0.0000E+00  0.0000E+00  0.0000E+00  0.0000E+00  0.0000E+00
     13.599  0.1143E-01  0.2462E-01  0.2462E-01  0.2462E-01  0.0000E+00  0.0000E+00  0.0000E+00  0.0000E+00  0.0000E+00
     13.691  0.1017E-01  0.2283E-01  0.2283E-01  0.2283E-01  0.0000E+00  0.0000E+00  0.0000E+00  0.0000E+00  0.0000E+00
     13.783  0.9564E-02  0.2206E-01  0.2206E-01  0.2206E-01  0.0000E+00  0.0000E+00  0.0000E+00  0.0000E+00  0.0000E+00
     13.875  0.9058E-02  0.2146E-01  0.2146E-01  0.2146E-01  0.0000E+00  0.0000E+00  0.0000E+00  0.0000E+00  0.0000E+00
     13.967  0.8369E-02  0.2060E-01  0.2060E-01  0.2060E-01  0.0000E+00  0.0000E+00  0.0000E+00  0.0000E+00  0.0000E+00
     14.059  0.7467E-02  0.1969E-01  0.1969E-01  0.1969E-01  0.0000E+00  0.0000E+00  0.0000E+00  0.0000E+00  0.0000E+00
     14.151  0.7292E-02  0.2003E-01  0.2003E-01  0.2003E-01  0.0000E+00  0.0000E+00  0.0000E+00  0.0000E+00  0.0000E+00
     14.243  0.6359E-02  0.1955E-01  0.1955E-01  0.1955E-01  0.0000E+00  0.0000E+00  0.0000E+00  0.0000E+00  0.0000E+00
     14.335  0.5794E-02  0.2122E-01  0.2122E-01  0.2122E-01  0.0000E+00  0.0000E+00  0.0000E+00  0.0000E+00  0.0000E+00
     14.427  0.4988E-02  0.1803E-01  0.1803E-01  0.1803E-01  0.0000E+00  0.0000E+00  0.0000E+00  0.0000E+00  0.0000E+00
     14.519  0.4507E-02  0.1682E-01  0.1682E-01  0.1682E-01  0.0000E+00  0.0000E+00  0.0000E+00  0.0000E+00  0.0000E+00
     14.611  0.3908E-02  0.1459E-01  0.1459E-01  0.1459E-01  0.0000E+00  0.0000E+00  0.0000E+00  0.0000E+00  0.0000E+00
     14.703  0.3350E-02  0.1067E-01  0.1067E-01  0.1067E-01  0.0000E+00  0.0000E+00  0.0000E+00  0.0000E+00  0.0000E+00
     14.795  0.3097E-02  0.1001E-01  0.1001E-01  0.1001E-01  0.0000E+00  0.0000E+00  0.0000E+00  0.0000E+00  0.0000E+00
     14.887  0.2896E-02  0.9604E-02  0.9604E-02  0.9604E-02  0.0000E+00  0.0000E+00  0.0000E+00  0.0000E+00  0.0000E+00
     14.979  0.2531E-02  0.9153E-02  0.9153E-02  0.9153E-02  0.0000E+00  0.0000E+00  0.0000E+00  0.0000E+00  0.0000E+00
     15.071  0.2467E-02  0.9759E-02  0.9759E-02  0.9759E-02  0.0000E+00  0.0000E+00  0.0000E+00  0.0000E+00  0.0000E+00
     15.163  0.1883E-02  0.7992E-02  0.7992E-02  0.7992E-02  0.0000E+00  0.0000E+00  0.0000E+00  0.0000E+00  0.0000E+00
     15.255  0.1613E-02  0.7089E-02  0.7089E-02  0.7089E-02  0.0000E+00  0.0000E+00  0.0000E+00  0.0000E+00  0.0000E+00
     15.347  0.1429E-02  0.6496E-02  0.6496E-02  0.6496E-02  0.0000E+00  0.0000E+00  0.0000E+00  0.0000E+00  0.0000E+00
     15.439  0.1295E-02  0.6099E-02  0.6099E-02  0.6099E-02  0.0000E+00  0.0000E+00  0.0000E+00  0.0000E+00  0.0000E+00
     15.531  0.1203E-02  0.5897E-02  0.5897E-02  0.5897E-02  0.0000E+00  0.0000E+00  0.0000E+00  0.0000E+00  0.0000E+00
     15.623  0.1104E-02  0.5649E-02  0.5649E-02  0.5649E-02  0.0000E+00  0.0000E+00  0.0000E+00  0.0000E+00  0.0000E+00
     15.715  0.9555E-03  0.5251E-02  0.5251E-02  0.5251E-02  0.0000E+00  0.0000E+00  0.0000E+00  0.0000E+00  0.0000E+00
     15.807  0.7976E-03  0.4985E-02  0.4985E-02  0.4985E-02  0.0000E+00  0.0000E+00  0.0000E+00  0.0000E+00  0.0000E+00
     15.899  0.5283E-03  0.4239E-02  0.4239E-02  0.4239E-02  0.0000E+00  0.0000E+00  0.0000E+00  0.0000E+00  0.0000E+00
     15.991  0.4364E-03  0.3620E-02  0.3620E-02  0.3620E-02  0.0000E+00  0.0000E+00  0.0000E+00  0.0000E+00  0.0000E+00
     16.083  0.3615E-03  0.3108E-02  0.3108E-02  0.3108E-02  0.0000E+00  0.0000E+00  0.0000E+00  0.0000E+00  0.0000E+00
     16.175  0.2949E-03  0.2685E-02  0.2685E-02  0.2685E-02  0.0000E+00  0.0000E+00  0.0000E+00  0.0000E+00  0.0000E+00
     16.267  0.2434E-03  0.2423E-02  0.2423E-02  0.2423E-02  0.0000E+00  0.0000E+00  0.0000E+00  0.0000E+00  0.0000E+00
     16.359  0.1986E-03  0.2329E-02  0.2329E-02  0.2329E-02  0.0000E+00  0.0000E+00  0.0000E+00  0.0000E+00  0.0000E+00
     16.451  0.1632E-03  0.2382E-02  0.2382E-02  0.2382E-02  0.0000E+00  0.0000E+00  0.0000E+00  0.0000E+00  0.0000E+00
     16.543  0.3610E-03  0.4862E-02  0.4862E-02  0.4862E-02  0.0000E+00  0.0000E+00  0.0000E+00  0.0000E+00  0.0000E+00
     16.635  0.1860E-04  0.6208E-03  0.6208E-03  0.6208E-03  0.0000E+00  0.0000E+00  0.0000E+00  0.0000E+00  0.0000E+00
     16.727  0.5772E-05  0.1926E-03  0.1926E-03  0.1926E-03  0.0000E+00  0.0000E+00  0.0000E+00  0.0000E+00  0.0000E+00
     16.818  0.2423E-06  0.8085E-05  0.8085E-05  0.8085E-05  0.0000E+00  0.0000E+00  0.0000E+00  0.0000E+00  0.0000E+00
     16.910  0.0000E+00  0.0000E+00  0.0000E+00  0.0000E+00  0.0000E+00  0.0000E+00  0.0000E+00  0.0000E+00  0.0000E+00
     17.002  0.0000E+00  0.0000E+00  0.0000E+00  0.0000E+00  0.0000E+00  0.0000E+00  0.0000E+00  0.0000E+00  0.0000E+00
     17.094  0.0000E+00  0.0000E+00  0.0000E+00  0.0000E+00  0.0000E+00  0.0000E+00  0.0000E+00  0.0000E+00  0.0000E+00
     17.186  0.0000E+00  0.0000E+00  0.0000E+00  0.0000E+00  0.0000E+00  0.0000E+00  0.0000E+00  0.0000E+00  0.0000E+00
     17.278  0.0000E+00  0.0000E+00  0.0000E+00  0.0000E+00  0.0000E+00  0.0000E+00  0.0000E+00  0.0000E+00  0.0000E+00
     17.370  0.0000E+00  0.0000E+00  0.0000E+00  0.0000E+00  0.0000E+00  0.0000E+00  0.0000E+00  0.0000E+00  0.0000E+00
     17.462  0.0000E+00  0.0000E+00  0.0000E+00  0.0000E+00  0.0000E+00  0.0000E+00  0.0000E+00  0.0000E+00  0.0000E+00
     17.554  0.0000E+00  0.0000E+00  0.0000E+00  0.0000E+00  0.0000E+00  0.0000E+00  0.0000E+00  0.0000E+00  0.0000E+00
     17.646  0.0000E+00  0.0000E+00  0.0000E+00  0.0000E+00  0.0000E+00  0.0000E+00  0.0000E+00  0.0000E+00  0.0000E+00
     17.738  0.0000E+00  0.0000E+00  0.0000E+00  0.0000E+00  0.0000E+00  0.0000E+00  0.0000E+00  0.0000E+00  0.0000E+00
     17.830  0.0000E+00  0.0000E+00  0.0000E+00  0.0000E+00  0.0000E+00  0.0000E+00  0.0000E+00  0.0000E+00  0.0000E+00
     17.922  0.0000E+00  0.0000E+00  0.0000E+00  0.0000E+00  0.0000E+00  0.0000E+00  0.0000E+00  0.0000E+00  0.0000E+00
     18.014  0.0000E+00  0.0000E+00  0.0000E+00  0.0000E+00  0.0000E+00  0.0000E+00  0.0000E+00  0.0000E+00  0.0000E+00
     18.106  0.0000E+00  0.0000E+00  0.0000E+00  0.0000E+00  0.0000E+00  0.0000E+00  0.0000E+00  0.0000E+00  0.0000E+00
     18.198  0.0000E+00  0.0000E+00  0.0000E+00  0.0000E+00  0.0000E+00  0.0000E+00  0.0000E+00  0.0000E+00  0.0000E+00
     18.290  0.0000E+00  0.0000E+00  0.0000E+00  0.0000E+00  0.0000E+00  0.0000E+00  0.0000E+00  0.0000E+00  0.0000E+00
     18.382  0.0000E+00  0.0000E+00  0.0000E+00  0.0000E+00  0.0000E+00  0.0000E+00  0.0000E+00  0.0000E+00  0.0000E+00
     18.474  0.0000E+00  0.0000E+00  0.0000E+00  0.0000E+00  0.0000E+00  0.0000E+00  0.0000E+00  0.0000E+00  0.0000E+00
     18.566  0.0000E+00  0.0000E+00  0.0000E+00  0.0000E+00  0.0000E+00  0.0000E+00  0.0000E+00  0.0000E+00  0.0000E+00
     18.658  0.0000E+00  0.0000E+00  0.0000E+00  0.0000E+00  0.0000E+00  0.0000E+00  0.0000E+00  0.0000E+00  0.0000E+00
     18.750  0.0000E+00  0.0000E+00  0.0000E+00  0.0000E+00  0.0000E+00  0.0000E+00  0.0000E+00  0.0000E+00  0.0000E+00
     18.842  0.0000E+00  0.0000E+00  0.0000E+00  0.0000E+00  0.0000E+00  0.0000E+00  0.0000E+00  0.0000E+00  0.0000E+00
