   2   2   1   0
  0.2242897E+02  0.3988272E-09  0.3988272E-09  0.3988272E-09  0.5000000E-15
  1.000000000000000E-004
  CAR 
 Si                                      
     16.41879217     -9.11848110  301      4.63835409      1.00000000
     -9.118  0.0000E+00  0.0000E+00
     -9.033  0.0000E+00  0.0000E+00
     -8.948  0.0000E+00  0.0000E+00
     -8.863  0.0000E+00  0.0000E+00
     -8.778  0.0000E+00  0.0000E+00
     -8.693  0.0000E+00  0.0000E+00
     -8.608  0.0000E+00  0.0000E+00
     -8.523  0.0000E+00  0.0000E+00
     -8.437  0.0000E+00  0.0000E+00
     -8.352  0.0000E+00  0.0000E+00
     -8.267  0.0000E+00  0.0000E+00
     -8.182  0.0000E+00  0.0000E+00
     -8.097  0.0000E+00  0.0000E+00
     -8.012  0.0000E+00  0.0000E+00
     -7.927  0.0000E+00  0.0000E+00
     -7.842  0.0000E+00  0.0000E+00
     -7.756  0.0000E+00  0.0000E+00
     -7.671  0.0000E+00  0.0000E+00
     -7.586  0.0000E+00  0.0000E+00
     -7.501  0.0000E+00  0.0000E+00
     -7.416  0.0000E+00  0.0000E+00
     -7.331  0.0000E+00  0.0000E+00
     -7.246  0.0000E+00  0.0000E+00
     -7.161  0.0000E+00  0.0000E+00
     -7.075  0.7426E-01  0.1678E-02
     -6.990  0.1437E+00  0.1042E-01
     -6.905  0.1711E+00  0.2316E-01
     -6.820  0.2015E+00  0.3899E-01
     -6.735  0.2304E+00  0.5750E-01
     -6.650  0.2584E+00  0.7828E-01
     -6.565  0.2814E+00  0.1013E+00
     -6.480  0.3064E+00  0.1263E+00
     -6.395  0.3274E+00  0.1533E+00
     -6.309  0.3499E+00  0.1821E+00
     -6.224  0.3707E+00  0.2128E+00
     -6.139  0.3915E+00  0.2452E+00
     -6.054  0.4134E+00  0.2795E+00
     -5.969  0.4333E+00  0.3155E+00
     -5.884  0.4549E+00  0.3533E+00
     -5.799  0.4767E+00  0.3930E+00
     -5.714  0.4984E+00  0.4345E+00
     -5.628  0.5220E+00  0.4779E+00
     -5.543  0.5464E+00  0.5234E+00
     -5.458  0.5723E+00  0.5710E+00
     -5.373  0.6012E+00  0.6209E+00
     -5.288  0.6333E+00  0.6734E+00
     -5.203  0.6708E+00  0.7289E+00
     -5.118  0.7180E+00  0.7879E+00
     -5.033  0.7838E+00  0.8516E+00
     -4.947  0.9427E+00  0.9237E+00
     -4.862  0.9638E+00  0.1005E+01
     -4.777  0.9011E+00  0.1082E+01
     -4.692  0.8682E+00  0.1158E+01
     -4.607  0.8339E+00  0.1230E+01
     -4.522  0.8058E+00  0.1300E+01
     -4.437  0.7702E+00  0.1367E+01
     -4.352  0.7411E+00  0.1431E+01
     -4.266  0.7049E+00  0.1493E+01
     -4.181  0.6764E+00  0.1552E+01
     -4.096  0.6398E+00  0.1608E+01
     -4.011  0.6075E+00  0.1661E+01
     -3.926  0.5743E+00  0.1711E+01
     -3.841  0.5363E+00  0.1758E+01
     -3.756  0.5008E+00  0.1803E+01
     -3.671  0.4624E+00  0.1844E+01
     -3.585  0.4229E+00  0.1881E+01
     -3.500  0.3865E+00  0.1916E+01
     -3.415  0.3466E+00  0.1946E+01
     -3.330  0.2740E+00  0.1974E+01
     -3.245  0.1747E+00  0.1993E+01
     -3.160  0.1053E-01  0.2000E+01
     -3.075  0.1856E-01  0.2000E+01
     -2.990  0.8060E-01  0.2004E+01
     -2.904  0.1888E+00  0.2016E+01
     -2.819  0.2923E+00  0.2037E+01
     -2.734  0.3192E+00  0.2062E+01
     -2.649  0.3662E+00  0.2092E+01
     -2.564  0.4188E+00  0.2125E+01
     -2.479  0.4662E+00  0.2163E+01
     -2.394  0.5251E+00  0.2205E+01
     -2.309  0.5812E+00  0.2252E+01
     -2.223  0.6675E+00  0.2305E+01
     -2.138  0.7765E+00  0.2366E+01
     -2.053  0.1641E+01  0.2456E+01
     -1.968  0.1573E+01  0.2611E+01
     -1.883  0.1036E+01  0.2710E+01
     -1.798  0.8876E+00  0.2792E+01
     -1.713  0.7863E+00  0.2863E+01
     -1.628  0.7171E+00  0.2926E+01
     -1.542  0.6619E+00  0.2985E+01
     -1.457  0.6132E+00  0.3039E+01
     -1.372  0.5703E+00  0.3090E+01
     -1.287  0.5383E+00  0.3137E+01
     -1.202  0.5078E+00  0.3181E+01
     -1.117  0.4781E+00  0.3223E+01
     -1.032  0.4505E+00  0.3263E+01
     -0.947  0.4296E+00  0.3300E+01
     -0.861  0.4088E+00  0.3336E+01
     -0.776  0.3873E+00  0.3370E+01
     -0.691  0.3658E+00  0.3402E+01
     -0.606  0.3506E+00  0.3432E+01
     -0.521  0.3356E+00  0.3461E+01
     -0.436  0.3197E+00  0.3489E+01
     -0.351  0.3027E+00  0.3516E+01
     -0.266  0.2886E+00  0.3541E+01
     -0.180  0.2773E+00  0.3565E+01
     -0.095  0.2654E+00  0.3588E+01
     -0.010  0.2530E+00  0.3610E+01
      0.075  0.2401E+00  0.3631E+01
      0.160  0.2288E+00  0.3651E+01
      0.245  0.2201E+00  0.3670E+01
      0.330  0.2110E+00  0.3689E+01
      0.415  0.2011E+00  0.3706E+01
      0.501  0.1901E+00  0.3723E+01
      0.586  0.3802E+00  0.3740E+01
      0.671  0.7042E+00  0.3787E+01
      0.756  0.9975E+00  0.3859E+01
      0.841  0.1419E+01  0.3964E+01
      0.926  0.1317E+01  0.4080E+01
      1.011  0.1211E+01  0.4188E+01
      1.096  0.1132E+01  0.4287E+01
      1.182  0.1072E+01  0.4381E+01
      1.267  0.1110E+01  0.4474E+01
      1.352  0.1097E+01  0.4567E+01
      1.437  0.1143E+01  0.4662E+01
      1.522  0.1147E+01  0.4759E+01
      1.607  0.1185E+01  0.4858E+01
      1.692  0.1249E+01  0.4961E+01
      1.777  0.1332E+01  0.5070E+01
      1.863  0.1405E+01  0.5185E+01
      1.948  0.1674E+01  0.5317E+01
      2.033  0.1629E+01  0.5457E+01
      2.118  0.1597E+01  0.5594E+01
      2.203  0.1566E+01  0.5729E+01
      2.288  0.1544E+01  0.5861E+01
      2.373  0.1516E+01  0.5991E+01
      2.458  0.1490E+01  0.6119E+01
      2.544  0.1459E+01  0.6245E+01
      2.629  0.1439E+01  0.6368E+01
      2.714  0.1419E+01  0.6490E+01
      2.799  0.1388E+01  0.6609E+01
      2.884  0.1361E+01  0.6726E+01
      2.969  0.1344E+01  0.6841E+01
      3.054  0.1321E+01  0.6955E+01
      3.139  0.1297E+01  0.7066E+01
      3.225  0.1279E+01  0.7176E+01
      3.310  0.1268E+01  0.7284E+01
      3.395  0.1250E+01  0.7392E+01
      3.480  0.1108E+01  0.7495E+01
      3.565  0.8634E+00  0.7576E+01
      3.650  0.7473E+00  0.7645E+01
      3.735  0.6503E+00  0.7704E+01
      3.820  0.5748E+00  0.7756E+01
      3.906  0.5050E+00  0.7802E+01
      3.991  0.4463E+00  0.7843E+01
      4.076  0.3882E+00  0.7878E+01
      4.161  0.3369E+00  0.7909E+01
      4.246  0.2873E+00  0.7935E+01
      4.331  0.2373E+00  0.7958E+01
      4.416  0.1921E+00  0.7976E+01
      4.501  0.1370E+00  0.7990E+01
      4.587  0.6064E-01  0.7999E+01
      4.672  0.0000E+00  0.8000E+01
      4.757  0.0000E+00  0.8000E+01
      4.842  0.0000E+00  0.8000E+01
      4.927  0.0000E+00  0.8000E+01
      5.012  0.0000E+00  0.8000E+01
      5.097  0.0000E+00  0.8000E+01
      5.182  0.0000E+00  0.8000E+01
      5.268  0.0000E+00  0.8000E+01
      5.353  0.0000E+00  0.8000E+01
      5.438  0.0000E+00  0.8000E+01
      5.523  0.0000E+00  0.8000E+01
      5.608  0.1495E-01  0.8000E+01
      5.693  0.1277E+00  0.8006E+01
      5.778  0.2087E+00  0.8021E+01
      5.863  0.3034E+00  0.8042E+01
      5.949  0.3658E+00  0.8071E+01
      6.034  0.4212E+00  0.8104E+01
      6.119  0.4849E+00  0.8143E+01
      6.204  0.5962E+00  0.8189E+01
      6.289  0.6911E+00  0.8244E+01
      6.374  0.7674E+00  0.8306E+01
      6.459  0.8493E+00  0.8375E+01
      6.544  0.9406E+00  0.8451E+01
      6.630  0.1042E+01  0.8535E+01
      6.715  0.1159E+01  0.8629E+01
      6.800  0.1300E+01  0.8733E+01
      6.885  0.1505E+01  0.8851E+01
      6.970  0.1818E+01  0.8998E+01
      7.055  0.1803E+01  0.9151E+01
      7.140  0.1758E+01  0.9301E+01
      7.225  0.1599E+01  0.9443E+01
      7.310  0.1472E+01  0.9578E+01
      7.396  0.1325E+01  0.9692E+01
      7.481  0.1274E+01  0.9802E+01
      7.566  0.1256E+01  0.9909E+01
      7.651  0.1190E+01  0.1001E+02
      7.736  0.1004E+01  0.1011E+02
      7.821  0.9907E+00  0.1019E+02
      7.906  0.9726E+00  0.1027E+02
      7.991  0.1037E+01  0.1036E+02
      8.077  0.1160E+01  0.1045E+02
      8.162  0.2807E+01  0.1059E+02
      8.247  0.2568E+01  0.1082E+02
      8.332  0.2063E+01  0.1102E+02
      8.417  0.2206E+01  0.1119E+02
      8.502  0.1787E+01  0.1136E+02
      8.587  0.1687E+01  0.1150E+02
      8.672  0.1457E+01  0.1164E+02
      8.758  0.1317E+01  0.1176E+02
      8.843  0.1257E+01  0.1187E+02
      8.928  0.1121E+01  0.1197E+02
      9.013  0.1136E+01  0.1206E+02
      9.098  0.1177E+01  0.1216E+02
      9.183  0.1203E+01  0.1226E+02
      9.268  0.1268E+01  0.1236E+02
      9.353  0.1412E+01  0.1248E+02
      9.439  0.1565E+01  0.1261E+02
      9.524  0.1353E+01  0.1273E+02
      9.609  0.1355E+01  0.1284E+02
      9.694  0.1341E+01  0.1296E+02
      9.779  0.1249E+01  0.1307E+02
      9.864  0.1234E+01  0.1318E+02
      9.949  0.1245E+01  0.1328E+02
     10.034  0.1208E+01  0.1339E+02
     10.120  0.1221E+01  0.1349E+02
     10.205  0.1189E+01  0.1359E+02
     10.290  0.1167E+01  0.1370E+02
     10.375  0.1138E+01  0.1379E+02
     10.460  0.1142E+01  0.1389E+02
     10.545  0.1122E+01  0.1399E+02
     10.630  0.1085E+01  0.1408E+02
     10.715  0.1066E+01  0.1417E+02
     10.801  0.1023E+01  0.1426E+02
     10.886  0.1017E+01  0.1435E+02
     10.971  0.9620E+00  0.1443E+02
     11.056  0.8860E+00  0.1451E+02
     11.141  0.8971E+00  0.1459E+02
     11.226  0.8942E+00  0.1466E+02
     11.311  0.9307E+00  0.1474E+02
     11.396  0.1119E+01  0.1483E+02
     11.482  0.1040E+01  0.1492E+02
     11.567  0.9324E+00  0.1500E+02
     11.652  0.8435E+00  0.1508E+02
     11.737  0.7774E+00  0.1515E+02
     11.822  0.7181E+00  0.1521E+02
     11.907  0.6679E+00  0.1527E+02
     11.992  0.6440E+00  0.1533E+02
     12.077  0.6195E+00  0.1538E+02
     12.163  0.5919E+00  0.1543E+02
     12.248  0.5820E+00  0.1548E+02
     12.333  0.5309E+00  0.1553E+02
     12.418  0.5016E+00  0.1557E+02
     12.503  0.5017E+00  0.1562E+02
     12.588  0.4958E+00  0.1566E+02
     12.673  0.4576E+00  0.1570E+02
     12.758  0.4763E+00  0.1574E+02
     12.844  0.5418E+00  0.1579E+02
     12.929  0.3582E+00  0.1582E+02
     13.014  0.2172E+00  0.1585E+02
     13.099  0.2065E+00  0.1586E+02
     13.184  0.1926E+00  0.1588E+02
     13.269  0.1740E+00  0.1590E+02
     13.354  0.1668E+00  0.1591E+02
     13.439  0.1488E+00  0.1593E+02
     13.525  0.1287E+00  0.1594E+02
     13.610  0.1129E+00  0.1595E+02
     13.695  0.9979E-01  0.1596E+02
     13.780  0.9301E-01  0.1596E+02
     13.865  0.8820E-01  0.1597E+02
     13.950  0.7924E-01  0.1598E+02
     14.035  0.6948E-01  0.1599E+02
     14.120  0.5059E-01  0.1599E+02
     14.206  0.3614E-01  0.1599E+02
     14.291  0.2489E-01  0.1600E+02
     14.376  0.1934E-01  0.1600E+02
     14.461  0.6015E-02  0.1600E+02
     14.546  0.0000E+00  0.1600E+02
     14.631  0.0000E+00  0.1600E+02
     14.716  0.0000E+00  0.1600E+02
     14.801  0.0000E+00  0.1600E+02
     14.887  0.0000E+00  0.1600E+02
     14.972  0.0000E+00  0.1600E+02
     15.057  0.0000E+00  0.1600E+02
     15.142  0.0000E+00  0.1600E+02
     15.227  0.0000E+00  0.1600E+02
     15.312  0.0000E+00  0.1600E+02
     15.397  0.0000E+00  0.1600E+02
     15.482  0.0000E+00  0.1600E+02
     15.568  0.0000E+00  0.1600E+02
     15.653  0.0000E+00  0.1600E+02
     15.738  0.0000E+00  0.1600E+02
     15.823  0.0000E+00  0.1600E+02
     15.908  0.0000E+00  0.1600E+02
     15.993  0.0000E+00  0.1600E+02
     16.078  0.0000E+00  0.1600E+02
     16.163  0.0000E+00  0.1600E+02
     16.249  0.0000E+00  0.1600E+02
     16.334  0.0000E+00  0.1600E+02
     16.419  0.0000E+00  0.1600E+02
     16.41879217     -9.11848110  301      4.63835409      1.00000000
     -9.118  0.0000E+00  0.0000E+00  0.0000E+00  0.0000E+00  0.0000E+00  0.0000E+00  0.0000E+00  0.0000E+00  0.0000E+00
     -9.033  0.0000E+00  0.0000E+00  0.0000E+00  0.0000E+00  0.0000E+00  0.0000E+00  0.0000E+00  0.0000E+00  0.0000E+00
     -8.948  0.0000E+00  0.0000E+00  0.0000E+00  0.0000E+00  0.0000E+00  0.0000E+00  0.0000E+00  0.0000E+00  0.0000E+00
     -8.863  0.0000E+00  0.0000E+00  0.0000E+00  0.0000E+00  0.0000E+00  0.0000E+00  0.0000E+00  0.0000E+00  0.0000E+00
     -8.778  0.0000E+00  0.0000E+00  0.0000E+00  0.0000E+00  0.0000E+00  0.0000E+00  0.0000E+00  0.0000E+00  0.0000E+00
     -8.693  0.0000E+00  0.0000E+00  0.0000E+00  0.0000E+00  0.0000E+00  0.0000E+00  0.0000E+00  0.0000E+00  0.0000E+00
     -8.608  0.0000E+00  0.0000E+00  0.0000E+00  0.0000E+00  0.0000E+00  0.0000E+00  0.0000E+00  0.0000E+00  0.0000E+00
     -8.523  0.0000E+00  0.0000E+00  0.0000E+00  0.0000E+00  0.0000E+00  0.0000E+00  0.0000E+00  0.0000E+00  0.0000E+00
     -8.437  0.0000E+00  0.0000E+00  0.0000E+00  0.0000E+00  0.0000E+00  0.0000E+00  0.0000E+00  0.0000E+00  0.0000E+00
     -8.352  0.0000E+00  0.0000E+00  0.0000E+00  0.0000E+00  0.0000E+00  0.0000E+00  0.0000E+00  0.0000E+00  0.0000E+00
     -8.267  0.0000E+00  0.0000E+00  0.0000E+00  0.0000E+00  0.0000E+00  0.0000E+00  0.0000E+00  0.0000E+00  0.0000E+00
     -8.182  0.0000E+00  0.0000E+00  0.0000E+00  0.0000E+00  0.0000E+00  0.0000E+00  0.0000E+00  0.0000E+00  0.0000E+00
     -8.097  0.0000E+00  0.0000E+00  0.0000E+00  0.0000E+00  0.0000E+00  0.0000E+00  0.0000E+00  0.0000E+00  0.0000E+00
     -8.012  0.0000E+00  0.0000E+00  0.0000E+00  0.0000E+00  0.0000E+00  0.0000E+00  0.0000E+00  0.0000E+00  0.0000E+00
     -7.927  0.0000E+00  0.0000E+00  0.0000E+00  0.0000E+00  0.0000E+00  0.0000E+00  0.0000E+00  0.0000E+00  0.0000E+00
     -7.842  0.0000E+00  0.0000E+00  0.0000E+00  0.0000E+00  0.0000E+00  0.0000E+00  0.0000E+00  0.0000E+00  0.0000E+00
     -7.756  0.0000E+00  0.0000E+00  0.0000E+00  0.0000E+00  0.0000E+00  0.0000E+00  0.0000E+00  0.0000E+00  0.0000E+00
     -7.671  0.0000E+00  0.0000E+00  0.0000E+00  0.0000E+00  0.0000E+00  0.0000E+00  0.0000E+00  0.0000E+00  0.0000E+00
     -7.586  0.0000E+00  0.0000E+00  0.0000E+00  0.0000E+00  0.0000E+00  0.0000E+00  0.0000E+00  0.0000E+00  0.0000E+00
     -7.501  0.0000E+00  0.0000E+00  0.0000E+00  0.0000E+00  0.0000E+00  0.0000E+00  0.0000E+00  0.0000E+00  0.0000E+00
     -7.416  0.0000E+00  0.0000E+00  0.0000E+00  0.0000E+00  0.0000E+00  0.0000E+00  0.0000E+00  0.0000E+00  0.0000E+00
     -7.331  0.0000E+00  0.0000E+00  0.0000E+00  0.0000E+00  0.0000E+00  0.0000E+00  0.0000E+00  0.0000E+00  0.0000E+00
     -7.246  0.0000E+00  0.0000E+00  0.0000E+00  0.0000E+00  0.0000E+00  0.0000E+00  0.0000E+00  0.0000E+00  0.0000E+00
     -7.161  0.0000E+00  0.0000E+00  0.0000E+00  0.0000E+00  0.0000E+00  0.0000E+00  0.0000E+00  0.0000E+00  0.0000E+00
     -7.075  0.1540E-01  0.1100E-04  0.1100E-04  0.1100E-04  0.0000E+00  0.0000E+00  0.0000E+00  0.0000E+00  0.0000E+00
     -6.990  0.2976E-01  0.5782E-04  0.5782E-04  0.5782E-04  0.0000E+00  0.0000E+00  0.0000E+00  0.0000E+00  0.0000E+00
     -6.905  0.3539E-01  0.1178E-03  0.1178E-03  0.1178E-03  0.0000E+00  0.0000E+00  0.0000E+00  0.0000E+00  0.0000E+00
     -6.820  0.4160E-01  0.1980E-03  0.1980E-03  0.1980E-03  0.0000E+00  0.0000E+00  0.0000E+00  0.0000E+00  0.0000E+00
     -6.735  0.4749E-01  0.2894E-03  0.2894E-03  0.2894E-03  0.0000E+00  0.0000E+00  0.0000E+00  0.0000E+00  0.0000E+00
     -6.650  0.5322E-01  0.3882E-03  0.3882E-03  0.3882E-03  0.0000E+00  0.0000E+00  0.0000E+00  0.0000E+00  0.0000E+00
     -6.565  0.5787E-01  0.5031E-03  0.5031E-03  0.5031E-03  0.0000E+00  0.0000E+00  0.0000E+00  0.0000E+00  0.0000E+00
     -6.480  0.6297E-01  0.6201E-03  0.6201E-03  0.6201E-03  0.0000E+00  0.0000E+00  0.0000E+00  0.0000E+00  0.0000E+00
     -6.395  0.6721E-01  0.7535E-03  0.7535E-03  0.7535E-03  0.0000E+00  0.0000E+00  0.0000E+00  0.0000E+00  0.0000E+00
     -6.309  0.7176E-01  0.8893E-03  0.8893E-03  0.8893E-03  0.0000E+00  0.0000E+00  0.0000E+00  0.0000E+00  0.0000E+00
     -6.224  0.7598E-01  0.1038E-02  0.1038E-02  0.1038E-02  0.0000E+00  0.0000E+00  0.0000E+00  0.0000E+00  0.0000E+00
     -6.139  0.8018E-01  0.1193E-02  0.1193E-02  0.1193E-02  0.0000E+00  0.0000E+00  0.0000E+00  0.0000E+00  0.0000E+00
     -6.054  0.8463E-01  0.1352E-02  0.1352E-02  0.1352E-02  0.0000E+00  0.0000E+00  0.0000E+00  0.0000E+00  0.0000E+00
     -5.969  0.8867E-01  0.1529E-02  0.1529E-02  0.1529E-02  0.0000E+00  0.0000E+00  0.0000E+00  0.0000E+00  0.0000E+00
     -5.884  0.9307E-01  0.1706E-02  0.1706E-02  0.1706E-02  0.0000E+00  0.0000E+00  0.0000E+00  0.0000E+00  0.0000E+00
     -5.799  0.9754E-01  0.1894E-02  0.1894E-02  0.1894E-02  0.0000E+00  0.0000E+00  0.0000E+00  0.0000E+00  0.0000E+00
     -5.714  0.1020E+00  0.2097E-02  0.2097E-02  0.2097E-02  0.0000E+00  0.0000E+00  0.0000E+00  0.0000E+00  0.0000E+00
     -5.628  0.1069E+00  0.2302E-02  0.2302E-02  0.2302E-02  0.0000E+00  0.0000E+00  0.0000E+00  0.0000E+00  0.0000E+00
     -5.543  0.1119E+00  0.2522E-02  0.2522E-02  0.2522E-02  0.0000E+00  0.0000E+00  0.0000E+00  0.0000E+00  0.0000E+00
     -5.458  0.1173E+00  0.2762E-02  0.2762E-02  0.2762E-02  0.0000E+00  0.0000E+00  0.0000E+00  0.0000E+00  0.0000E+00
     -5.373  0.1234E+00  0.3010E-02  0.3010E-02  0.3010E-02  0.0000E+00  0.0000E+00  0.0000E+00  0.0000E+00  0.0000E+00
     -5.288  0.1302E+00  0.3279E-02  0.3279E-02  0.3279E-02  0.0000E+00  0.0000E+00  0.0000E+00  0.0000E+00  0.0000E+00
     -5.203  0.1382E+00  0.3590E-02  0.3590E-02  0.3590E-02  0.0000E+00  0.0000E+00  0.0000E+00  0.0000E+00  0.0000E+00
     -5.118  0.1483E+00  0.3938E-02  0.3938E-02  0.3938E-02  0.0000E+00  0.0000E+00  0.0000E+00  0.0000E+00  0.0000E+00
     -5.033  0.1626E+00  0.4367E-02  0.4367E-02  0.4367E-02  0.0000E+00  0.0000E+00  0.0000E+00  0.0000E+00  0.0000E+00
     -4.947  0.1971E+00  0.5226E-02  0.5226E-02  0.5226E-02  0.0000E+00  0.0000E+00  0.0000E+00  0.0000E+00  0.0000E+00
     -4.862  0.2017E+00  0.5541E-02  0.5541E-02  0.5541E-02  0.0000E+00  0.0000E+00  0.0000E+00  0.0000E+00  0.0000E+00
     -4.777  0.1880E+00  0.5462E-02  0.5462E-02  0.5462E-02  0.0000E+00  0.0000E+00  0.0000E+00  0.0000E+00  0.0000E+00
     -4.692  0.1810E+00  0.5540E-02  0.5540E-02  0.5540E-02  0.0000E+00  0.0000E+00  0.0000E+00  0.0000E+00  0.0000E+00
     -4.607  0.1736E+00  0.5557E-02  0.5557E-02  0.5557E-02  0.0000E+00  0.0000E+00  0.0000E+00  0.0000E+00  0.0000E+00
     -4.522  0.1675E+00  0.5588E-02  0.5588E-02  0.5588E-02  0.0000E+00  0.0000E+00  0.0000E+00  0.0000E+00  0.0000E+00
     -4.437  0.1598E+00  0.5587E-02  0.5587E-02  0.5587E-02  0.0000E+00  0.0000E+00  0.0000E+00  0.0000E+00  0.0000E+00
     -4.352  0.1536E+00  0.5579E-02  0.5579E-02  0.5579E-02  0.0000E+00  0.0000E+00  0.0000E+00  0.0000E+00  0.0000E+00
     -4.266  0.1458E+00  0.5521E-02  0.5521E-02  0.5521E-02  0.0000E+00  0.0000E+00  0.0000E+00  0.0000E+00  0.0000E+00
     -4.181  0.1397E+00  0.5492E-02  0.5492E-02  0.5492E-02  0.0000E+00  0.0000E+00  0.0000E+00  0.0000E+00  0.0000E+00
     -4.096  0.1319E+00  0.5395E-02  0.5395E-02  0.5395E-02  0.0000E+00  0.0000E+00  0.0000E+00  0.0000E+00  0.0000E+00
     -4.011  0.1250E+00  0.5298E-02  0.5298E-02  0.5298E-02  0.0000E+00  0.0000E+00  0.0000E+00  0.0000E+00  0.0000E+00
     -3.926  0.1180E+00  0.5184E-02  0.5184E-02  0.5184E-02  0.0000E+00  0.0000E+00  0.0000E+00  0.0000E+00  0.0000E+00
     -3.841  0.1099E+00  0.5018E-02  0.5018E-02  0.5018E-02  0.0000E+00  0.0000E+00  0.0000E+00  0.0000E+00  0.0000E+00
     -3.756  0.1024E+00  0.4836E-02  0.4836E-02  0.4836E-02  0.0000E+00  0.0000E+00  0.0000E+00  0.0000E+00  0.0000E+00
     -3.671  0.9431E-01  0.4622E-02  0.4622E-02  0.4622E-02  0.0000E+00  0.0000E+00  0.0000E+00  0.0000E+00  0.0000E+00
     -3.585  0.8596E-01  0.4375E-02  0.4375E-02  0.4375E-02  0.0000E+00  0.0000E+00  0.0000E+00  0.0000E+00  0.0000E+00
     -3.500  0.7830E-01  0.4126E-02  0.4126E-02  0.4126E-02  0.0000E+00  0.0000E+00  0.0000E+00  0.0000E+00  0.0000E+00
     -3.415  0.6980E-01  0.3853E-02  0.3853E-02  0.3853E-02  0.0000E+00  0.0000E+00  0.0000E+00  0.0000E+00  0.0000E+00
     -3.330  0.5477E-01  0.3162E-02  0.3162E-02  0.3162E-02  0.0000E+00  0.0000E+00  0.0000E+00  0.0000E+00  0.0000E+00
     -3.245  0.3495E-01  0.2041E-02  0.2041E-02  0.2041E-02  0.0000E+00  0.0000E+00  0.0000E+00  0.0000E+00  0.0000E+00
     -3.160  0.2139E-02  0.1207E-03  0.1207E-03  0.1207E-03  0.0000E+00  0.0000E+00  0.0000E+00  0.0000E+00  0.0000E+00
     -3.075  0.3565E-02  0.2541E-03  0.2541E-03  0.2541E-03  0.0000E+00  0.0000E+00  0.0000E+00  0.0000E+00  0.0000E+00
     -2.990  0.1552E-01  0.1108E-02  0.1108E-02  0.1108E-02  0.0000E+00  0.0000E+00  0.0000E+00  0.0000E+00  0.0000E+00
     -2.904  0.3649E-01  0.2608E-02  0.2608E-02  0.2608E-02  0.0000E+00  0.0000E+00  0.0000E+00  0.0000E+00  0.0000E+00
     -2.819  0.5657E-01  0.4099E-02  0.4099E-02  0.4099E-02  0.0000E+00  0.0000E+00  0.0000E+00  0.0000E+00  0.0000E+00
     -2.734  0.6146E-01  0.4600E-02  0.4600E-02  0.4600E-02  0.0000E+00  0.0000E+00  0.0000E+00  0.0000E+00  0.0000E+00
     -2.649  0.7013E-01  0.5421E-02  0.5421E-02  0.5421E-02  0.0000E+00  0.0000E+00  0.0000E+00  0.0000E+00  0.0000E+00
     -2.564  0.7960E-01  0.6392E-02  0.6392E-02  0.6392E-02  0.0000E+00  0.0000E+00  0.0000E+00  0.0000E+00  0.0000E+00
     -2.479  0.8796E-01  0.7322E-02  0.7322E-02  0.7322E-02  0.0000E+00  0.0000E+00  0.0000E+00  0.0000E+00  0.0000E+00
     -2.394  0.9795E-01  0.8545E-02  0.8545E-02  0.8545E-02  0.0000E+00  0.0000E+00  0.0000E+00  0.0000E+00  0.0000E+00
     -2.309  0.1071E+00  0.9771E-02  0.9771E-02  0.9771E-02  0.0000E+00  0.0000E+00  0.0000E+00  0.0000E+00  0.0000E+00
     -2.223  0.1208E+00  0.1172E-01  0.1172E-01  0.1172E-01  0.0000E+00  0.0000E+00  0.0000E+00  0.0000E+00  0.0000E+00
     -2.138  0.1368E+00  0.1436E-01  0.1436E-01  0.1436E-01  0.0000E+00  0.0000E+00  0.0000E+00  0.0000E+00  0.0000E+00
     -2.053  0.2459E+00  0.3682E-01  0.3682E-01  0.3682E-01  0.0000E+00  0.0000E+00  0.0000E+00  0.0000E+00  0.0000E+00
     -1.968  0.2311E+00  0.3630E-01  0.3630E-01  0.3630E-01  0.0000E+00  0.0000E+00  0.0000E+00  0.0000E+00  0.0000E+00
     -1.883  0.1580E+00  0.2332E-01  0.2332E-01  0.2332E-01  0.0000E+00  0.0000E+00  0.0000E+00  0.0000E+00  0.0000E+00
     -1.798  0.1364E+00  0.2005E-01  0.2005E-01  0.2005E-01  0.0000E+00  0.0000E+00  0.0000E+00  0.0000E+00  0.0000E+00
     -1.713  0.1210E+00  0.1792E-01  0.1792E-01  0.1792E-01  0.0000E+00  0.0000E+00  0.0000E+00  0.0000E+00  0.0000E+00
     -1.628  0.1105E+00  0.1649E-01  0.1649E-01  0.1649E-01  0.0000E+00  0.0000E+00  0.0000E+00  0.0000E+00  0.0000E+00
     -1.542  0.1019E+00  0.1538E-01  0.1538E-01  0.1538E-01  0.0000E+00  0.0000E+00  0.0000E+00  0.0000E+00  0.0000E+00
     -1.457  0.9418E-01  0.1443E-01  0.1443E-01  0.1443E-01  0.0000E+00  0.0000E+00  0.0000E+00  0.0000E+00  0.0000E+00
     -1.372  0.8730E-01  0.1359E-01  0.1359E-01  0.1359E-01  0.0000E+00  0.0000E+00  0.0000E+00  0.0000E+00  0.0000E+00
     -1.287  0.8221E-01  0.1298E-01  0.1298E-01  0.1298E-01  0.0000E+00  0.0000E+00  0.0000E+00  0.0000E+00  0.0000E+00
     -1.202  0.7726E-01  0.1240E-01  0.1240E-01  0.1240E-01  0.0000E+00  0.0000E+00  0.0000E+00  0.0000E+00  0.0000E+00
     -1.117  0.7241E-01  0.1183E-01  0.1183E-01  0.1183E-01  0.0000E+00  0.0000E+00  0.0000E+00  0.0000E+00  0.0000E+00
     -1.032  0.6789E-01  0.1131E-01  0.1131E-01  0.1131E-01  0.0000E+00  0.0000E+00  0.0000E+00  0.0000E+00  0.0000E+00
     -0.947  0.6449E-01  0.1091E-01  0.1091E-01  0.1091E-01  0.0000E+00  0.0000E+00  0.0000E+00  0.0000E+00  0.0000E+00
     -0.861  0.6107E-01  0.1052E-01  0.1052E-01  0.1052E-01  0.0000E+00  0.0000E+00  0.0000E+00  0.0000E+00  0.0000E+00
     -0.776  0.5753E-01  0.1010E-01  0.1010E-01  0.1010E-01  0.0000E+00  0.0000E+00  0.0000E+00  0.0000E+00  0.0000E+00
     -0.691  0.5400E-01  0.9683E-02  0.9683E-02  0.9683E-02  0.0000E+00  0.0000E+00  0.0000E+00  0.0000E+00  0.0000E+00
     -0.606  0.5150E-01  0.9392E-02  0.9392E-02  0.9392E-02  0.0000E+00  0.0000E+00  0.0000E+00  0.0000E+00  0.0000E+00
     -0.521  0.4903E-01  0.9101E-02  0.9101E-02  0.9101E-02  0.0000E+00  0.0000E+00  0.0000E+00  0.0000E+00  0.0000E+00
     -0.436  0.4641E-01  0.8787E-02  0.8787E-02  0.8787E-02  0.0000E+00  0.0000E+00  0.0000E+00  0.0000E+00  0.0000E+00
     -0.351  0.4363E-01  0.8441E-02  0.8441E-02  0.8441E-02  0.0000E+00  0.0000E+00  0.0000E+00  0.0000E+00  0.0000E+00
     -0.266  0.4133E-01  0.8152E-02  0.8152E-02  0.8152E-02  0.0000E+00  0.0000E+00  0.0000E+00  0.0000E+00  0.0000E+00
     -0.180  0.3948E-01  0.7926E-02  0.7926E-02  0.7926E-02  0.0000E+00  0.0000E+00  0.0000E+00  0.0000E+00  0.0000E+00
     -0.095  0.3754E-01  0.7682E-02  0.7682E-02  0.7682E-02  0.0000E+00  0.0000E+00  0.0000E+00  0.0000E+00  0.0000E+00
     -0.010  0.3552E-01  0.7421E-02  0.7421E-02  0.7421E-02  0.0000E+00  0.0000E+00  0.0000E+00  0.0000E+00  0.0000E+00
      0.075  0.3343E-01  0.7140E-02  0.7140E-02  0.7140E-02  0.0000E+00  0.0000E+00  0.0000E+00  0.0000E+00  0.0000E+00
      0.160  0.3163E-01  0.6893E-02  0.6893E-02  0.6893E-02  0.0000E+00  0.0000E+00  0.0000E+00  0.0000E+00  0.0000E+00
      0.245  0.3022E-01  0.6707E-02  0.6707E-02  0.6707E-02  0.0000E+00  0.0000E+00  0.0000E+00  0.0000E+00  0.0000E+00
      0.330  0.2875E-01  0.6508E-02  0.6508E-02  0.6508E-02  0.0000E+00  0.0000E+00  0.0000E+00  0.0000E+00  0.0000E+00
      0.415  0.2717E-01  0.6283E-02  0.6283E-02  0.6283E-02  0.0000E+00  0.0000E+00  0.0000E+00  0.0000E+00  0.0000E+00
      0.501  0.2544E-01  0.6024E-02  0.6024E-02  0.6024E-02  0.0000E+00  0.0000E+00  0.0000E+00  0.0000E+00  0.0000E+00
      0.586  0.2460E-01  0.1569E-01  0.1569E-01  0.1569E-01  0.0000E+00  0.0000E+00  0.0000E+00  0.0000E+00  0.0000E+00
      0.671  0.2520E-01  0.3205E-01  0.3205E-01  0.3205E-01  0.0000E+00  0.0000E+00  0.0000E+00  0.0000E+00  0.0000E+00
      0.756  0.2634E-01  0.4703E-01  0.4703E-01  0.4703E-01  0.0000E+00  0.0000E+00  0.0000E+00  0.0000E+00  0.0000E+00
      0.841  0.2878E-01  0.6863E-01  0.6863E-01  0.6863E-01  0.0000E+00  0.0000E+00  0.0000E+00  0.0000E+00  0.0000E+00
      0.926  0.2879E-01  0.6386E-01  0.6386E-01  0.6386E-01  0.0000E+00  0.0000E+00  0.0000E+00  0.0000E+00  0.0000E+00
      1.011  0.2839E-01  0.5895E-01  0.5895E-01  0.5895E-01  0.0000E+00  0.0000E+00  0.0000E+00  0.0000E+00  0.0000E+00
      1.096  0.2852E-01  0.5523E-01  0.5523E-01  0.5523E-01  0.0000E+00  0.0000E+00  0.0000E+00  0.0000E+00  0.0000E+00
      1.182  0.2828E-01  0.5256E-01  0.5256E-01  0.5256E-01  0.0000E+00  0.0000E+00  0.0000E+00  0.0000E+00  0.0000E+00
      1.267  0.2797E-01  0.5507E-01  0.5507E-01  0.5507E-01  0.0000E+00  0.0000E+00  0.0000E+00  0.0000E+00  0.0000E+00
      1.352  0.2749E-01  0.5490E-01  0.5490E-01  0.5490E-01  0.0000E+00  0.0000E+00  0.0000E+00  0.0000E+00  0.0000E+00
      1.437  0.2681E-01  0.5802E-01  0.5802E-01  0.5802E-01  0.0000E+00  0.0000E+00  0.0000E+00  0.0000E+00  0.0000E+00
      1.522  0.2599E-01  0.5893E-01  0.5893E-01  0.5893E-01  0.0000E+00  0.0000E+00  0.0000E+00  0.0000E+00  0.0000E+00
      1.607  0.2551E-01  0.6166E-01  0.6166E-01  0.6166E-01  0.0000E+00  0.0000E+00  0.0000E+00  0.0000E+00  0.0000E+00
      1.692  0.2500E-01  0.6603E-01  0.6603E-01  0.6603E-01  0.0000E+00  0.0000E+00  0.0000E+00  0.0000E+00  0.0000E+00
      1.777  0.2437E-01  0.7162E-01  0.7162E-01  0.7162E-01  0.0000E+00  0.0000E+00  0.0000E+00  0.0000E+00  0.0000E+00
      1.863  0.2330E-01  0.7696E-01  0.7696E-01  0.7696E-01  0.0000E+00  0.0000E+00  0.0000E+00  0.0000E+00  0.0000E+00
      1.948  0.2239E-01  0.9429E-01  0.9429E-01  0.9429E-01  0.0000E+00  0.0000E+00  0.0000E+00  0.0000E+00  0.0000E+00
      2.033  0.2142E-01  0.9236E-01  0.9236E-01  0.9236E-01  0.0000E+00  0.0000E+00  0.0000E+00  0.0000E+00  0.0000E+00
      2.118  0.2062E-01  0.9119E-01  0.9119E-01  0.9119E-01  0.0000E+00  0.0000E+00  0.0000E+00  0.0000E+00  0.0000E+00
      2.203  0.1975E-01  0.9002E-01  0.9002E-01  0.9002E-01  0.0000E+00  0.0000E+00  0.0000E+00  0.0000E+00  0.0000E+00
      2.288  0.1883E-01  0.8948E-01  0.8948E-01  0.8948E-01  0.0000E+00  0.0000E+00  0.0000E+00  0.0000E+00  0.0000E+00
      2.373  0.1793E-01  0.8849E-01  0.8849E-01  0.8849E-01  0.0000E+00  0.0000E+00  0.0000E+00  0.0000E+00  0.0000E+00
      2.458  0.1686E-01  0.8774E-01  0.8774E-01  0.8774E-01  0.0000E+00  0.0000E+00  0.0000E+00  0.0000E+00  0.0000E+00
      2.544  0.1586E-01  0.8658E-01  0.8658E-01  0.8658E-01  0.0000E+00  0.0000E+00  0.0000E+00  0.0000E+00  0.0000E+00
      2.629  0.1506E-01  0.8602E-01  0.8602E-01  0.8602E-01  0.0000E+00  0.0000E+00  0.0000E+00  0.0000E+00  0.0000E+00
      2.714  0.1419E-01  0.8562E-01  0.8562E-01  0.8562E-01  0.0000E+00  0.0000E+00  0.0000E+00  0.0000E+00  0.0000E+00
      2.799  0.1335E-01  0.8441E-01  0.8441E-01  0.8441E-01  0.0000E+00  0.0000E+00  0.0000E+00  0.0000E+00  0.0000E+00
      2.884  0.1244E-01  0.8344E-01  0.8344E-01  0.8344E-01  0.0000E+00  0.0000E+00  0.0000E+00  0.0000E+00  0.0000E+00
      2.969  0.1148E-01  0.8319E-01  0.8319E-01  0.8319E-01  0.0000E+00  0.0000E+00  0.0000E+00  0.0000E+00  0.0000E+00
      3.054  0.1026E-01  0.8260E-01  0.8260E-01  0.8260E-01  0.0000E+00  0.0000E+00  0.0000E+00  0.0000E+00  0.0000E+00
      3.139  0.9307E-02  0.8189E-01  0.8189E-01  0.8189E-01  0.0000E+00  0.0000E+00  0.0000E+00  0.0000E+00  0.0000E+00
      3.225  0.8440E-02  0.8145E-01  0.8145E-01  0.8145E-01  0.0000E+00  0.0000E+00  0.0000E+00  0.0000E+00  0.0000E+00
      3.310  0.7645E-02  0.8154E-01  0.8154E-01  0.8154E-01  0.0000E+00  0.0000E+00  0.0000E+00  0.0000E+00  0.0000E+00
      3.395  0.6736E-02  0.8115E-01  0.8115E-01  0.8115E-01  0.0000E+00  0.0000E+00  0.0000E+00  0.0000E+00  0.0000E+00
      3.480  0.5802E-02  0.7233E-01  0.7233E-01  0.7233E-01  0.0000E+00  0.0000E+00  0.0000E+00  0.0000E+00  0.0000E+00
      3.565  0.5169E-02  0.5617E-01  0.5617E-01  0.5617E-01  0.0000E+00  0.0000E+00  0.0000E+00  0.0000E+00  0.0000E+00
      3.650  0.4637E-02  0.4871E-01  0.4871E-01  0.4871E-01  0.0000E+00  0.0000E+00  0.0000E+00  0.0000E+00  0.0000E+00
      3.735  0.4052E-02  0.4251E-01  0.4251E-01  0.4251E-01  0.0000E+00  0.0000E+00  0.0000E+00  0.0000E+00  0.0000E+00
      3.820  0.3556E-02  0.3770E-01  0.3770E-01  0.3770E-01  0.0000E+00  0.0000E+00  0.0000E+00  0.0000E+00  0.0000E+00
      3.906  0.2989E-02  0.3327E-01  0.3327E-01  0.3327E-01  0.0000E+00  0.0000E+00  0.0000E+00  0.0000E+00  0.0000E+00
      3.991  0.2400E-02  0.2955E-01  0.2955E-01  0.2955E-01  0.0000E+00  0.0000E+00  0.0000E+00  0.0000E+00  0.0000E+00
      4.076  0.1924E-02  0.2582E-01  0.2582E-01  0.2582E-01  0.0000E+00  0.0000E+00  0.0000E+00  0.0000E+00  0.0000E+00
      4.161  0.1477E-02  0.2253E-01  0.2253E-01  0.2253E-01  0.0000E+00  0.0000E+00  0.0000E+00  0.0000E+00  0.0000E+00
      4.246  0.1184E-02  0.1927E-01  0.1927E-01  0.1927E-01  0.0000E+00  0.0000E+00  0.0000E+00  0.0000E+00  0.0000E+00
      4.331  0.8172E-03  0.1600E-01  0.1600E-01  0.1600E-01  0.0000E+00  0.0000E+00  0.0000E+00  0.0000E+00  0.0000E+00
      4.416  0.5106E-03  0.1302E-01  0.1302E-01  0.1302E-01  0.0000E+00  0.0000E+00  0.0000E+00  0.0000E+00  0.0000E+00
      4.501  0.2701E-03  0.9316E-02  0.9316E-02  0.9316E-02  0.0000E+00  0.0000E+00  0.0000E+00  0.0000E+00  0.0000E+00
      4.587  0.3987E-04  0.4144E-02  0.4144E-02  0.4144E-02  0.0000E+00  0.0000E+00  0.0000E+00  0.0000E+00  0.0000E+00
      4.672  0.0000E+00  0.0000E+00  0.0000E+00  0.0000E+00  0.0000E+00  0.0000E+00  0.0000E+00  0.0000E+00  0.0000E+00
      4.757  0.0000E+00  0.0000E+00  0.0000E+00  0.0000E+00  0.0000E+00  0.0000E+00  0.0000E+00  0.0000E+00  0.0000E+00
      4.842  0.0000E+00  0.0000E+00  0.0000E+00  0.0000E+00  0.0000E+00  0.0000E+00  0.0000E+00  0.0000E+00  0.0000E+00
      4.927  0.0000E+00  0.0000E+00  0.0000E+00  0.0000E+00  0.0000E+00  0.0000E+00  0.0000E+00  0.0000E+00  0.0000E+00
      5.012  0.0000E+00  0.0000E+00  0.0000E+00  0.0000E+00  0.0000E+00  0.0000E+00  0.0000E+00  0.0000E+00  0.0000E+00
      5.097  0.0000E+00  0.0000E+00  0.0000E+00  0.0000E+00  0.0000E+00  0.0000E+00  0.0000E+00  0.0000E+00  0.0000E+00
      5.182  0.0000E+00  0.0000E+00  0.0000E+00  0.0000E+00  0.0000E+00  0.0000E+00  0.0000E+00  0.0000E+00  0.0000E+00
      5.268  0.0000E+00  0.0000E+00  0.0000E+00  0.0000E+00  0.0000E+00  0.0000E+00  0.0000E+00  0.0000E+00  0.0000E+00
      5.353  0.0000E+00  0.0000E+00  0.0000E+00  0.0000E+00  0.0000E+00  0.0000E+00  0.0000E+00  0.0000E+00  0.0000E+00
      5.438  0.0000E+00  0.0000E+00  0.0000E+00  0.0000E+00  0.0000E+00  0.0000E+00  0.0000E+00  0.0000E+00  0.0000E+00
      5.523  0.0000E+00  0.0000E+00  0.0000E+00  0.0000E+00  0.0000E+00  0.0000E+00  0.0000E+00  0.0000E+00  0.0000E+00
      5.608  0.7248E-03  0.2595E-03  0.2595E-03  0.2595E-03  0.0000E+00  0.0000E+00  0.0000E+00  0.0000E+00  0.0000E+00
      5.693  0.6099E-02  0.2265E-02  0.2265E-02  0.2265E-02  0.0000E+00  0.0000E+00  0.0000E+00  0.0000E+00  0.0000E+00
      5.778  0.9826E-02  0.3759E-02  0.3759E-02  0.3759E-02  0.0000E+00  0.0000E+00  0.0000E+00  0.0000E+00  0.0000E+00
      5.863  0.1416E-01  0.5517E-02  0.5517E-02  0.5517E-02  0.0000E+00  0.0000E+00  0.0000E+00  0.0000E+00  0.0000E+00
      5.949  0.1685E-01  0.6853E-02  0.6853E-02  0.6853E-02  0.0000E+00  0.0000E+00  0.0000E+00  0.0000E+00  0.0000E+00
      6.034  0.1919E-01  0.8127E-02  0.8127E-02  0.8127E-02  0.0000E+00  0.0000E+00  0.0000E+00  0.0000E+00  0.0000E+00
      6.119  0.2276E-01  0.9558E-02  0.9558E-02  0.9558E-02  0.0000E+00  0.0000E+00  0.0000E+00  0.0000E+00  0.0000E+00
      6.204  0.3393E-01  0.1164E-01  0.1164E-01  0.1164E-01  0.0000E+00  0.0000E+00  0.0000E+00  0.0000E+00  0.0000E+00
      6.289  0.4209E-01  0.1375E-01  0.1375E-01  0.1375E-01  0.0000E+00  0.0000E+00  0.0000E+00  0.0000E+00  0.0000E+00
      6.374  0.4820E-01  0.1572E-01  0.1572E-01  0.1572E-01  0.0000E+00  0.0000E+00  0.0000E+00  0.0000E+00  0.0000E+00
      6.459  0.5477E-01  0.1786E-01  0.1786E-01  0.1786E-01  0.0000E+00  0.0000E+00  0.0000E+00  0.0000E+00  0.0000E+00
      6.544  0.6180E-01  0.2034E-01  0.2034E-01  0.2034E-01  0.0000E+00  0.0000E+00  0.0000E+00  0.0000E+00  0.0000E+00
      6.630  0.6928E-01  0.2326E-01  0.2326E-01  0.2326E-01  0.0000E+00  0.0000E+00  0.0000E+00  0.0000E+00  0.0000E+00
      6.715  0.7811E-01  0.2661E-01  0.2661E-01  0.2661E-01  0.0000E+00  0.0000E+00  0.0000E+00  0.0000E+00  0.0000E+00
      6.800  0.8892E-01  0.3066E-01  0.3066E-01  0.3066E-01  0.0000E+00  0.0000E+00  0.0000E+00  0.0000E+00  0.0000E+00
      6.885  0.1051E+00  0.3656E-01  0.3656E-01  0.3656E-01  0.0000E+00  0.0000E+00  0.0000E+00  0.0000E+00  0.0000E+00
      6.970  0.1312E+00  0.4547E-01  0.4547E-01  0.4547E-01  0.0000E+00  0.0000E+00  0.0000E+00  0.0000E+00  0.0000E+00
      7.055  0.1271E+00  0.4724E-01  0.4724E-01  0.4724E-01  0.0000E+00  0.0000E+00  0.0000E+00  0.0000E+00  0.0000E+00
      7.140  0.1207E+00  0.4802E-01  0.4802E-01  0.4802E-01  0.0000E+00  0.0000E+00  0.0000E+00  0.0000E+00  0.0000E+00
      7.225  0.1078E+00  0.4412E-01  0.4412E-01  0.4412E-01  0.0000E+00  0.0000E+00  0.0000E+00  0.0000E+00  0.0000E+00
      7.310  0.9976E-01  0.4083E-01  0.4083E-01  0.4083E-01  0.0000E+00  0.0000E+00  0.0000E+00  0.0000E+00  0.0000E+00
      7.396  0.8364E-01  0.3761E-01  0.3761E-01  0.3761E-01  0.0000E+00  0.0000E+00  0.0000E+00  0.0000E+00  0.0000E+00
      7.481  0.7796E-01  0.3713E-01  0.3713E-01  0.3713E-01  0.0000E+00  0.0000E+00  0.0000E+00  0.0000E+00  0.0000E+00
      7.566  0.7542E-01  0.3755E-01  0.3755E-01  0.3755E-01  0.0000E+00  0.0000E+00  0.0000E+00  0.0000E+00  0.0000E+00
      7.651  0.6700E-01  0.3679E-01  0.3679E-01  0.3679E-01  0.0000E+00  0.0000E+00  0.0000E+00  0.0000E+00  0.0000E+00
      7.736  0.4999E-01  0.3160E-01  0.3160E-01  0.3160E-01  0.0000E+00  0.0000E+00  0.0000E+00  0.0000E+00  0.0000E+00
      7.821  0.4777E-01  0.3209E-01  0.3209E-01  0.3209E-01  0.0000E+00  0.0000E+00  0.0000E+00  0.0000E+00  0.0000E+00
      7.906  0.4442E-01  0.3227E-01  0.3227E-01  0.3227E-01  0.0000E+00  0.0000E+00  0.0000E+00  0.0000E+00  0.0000E+00
      7.991  0.4543E-01  0.3548E-01  0.3548E-01  0.3548E-01  0.0000E+00  0.0000E+00  0.0000E+00  0.0000E+00  0.0000E+00
      8.077  0.4893E-01  0.4095E-01  0.4095E-01  0.4095E-01  0.0000E+00  0.0000E+00  0.0000E+00  0.0000E+00  0.0000E+00
      8.162  0.6744E-01  0.9526E-01  0.9526E-01  0.9526E-01  0.0000E+00  0.0000E+00  0.0000E+00  0.0000E+00  0.0000E+00
      8.247  0.6391E-01  0.8771E-01  0.8771E-01  0.8771E-01  0.0000E+00  0.0000E+00  0.0000E+00  0.0000E+00  0.0000E+00
      8.332  0.6948E-01  0.7036E-01  0.7036E-01  0.7036E-01  0.0000E+00  0.0000E+00  0.0000E+00  0.0000E+00  0.0000E+00
      8.417  0.1014E+00  0.7479E-01  0.7479E-01  0.7479E-01  0.0000E+00  0.0000E+00  0.0000E+00  0.0000E+00  0.0000E+00
      8.502  0.6484E-01  0.6225E-01  0.6225E-01  0.6225E-01  0.0000E+00  0.0000E+00  0.0000E+00  0.0000E+00  0.0000E+00
      8.587  0.5147E-01  0.5942E-01  0.5942E-01  0.5942E-01  0.0000E+00  0.0000E+00  0.0000E+00  0.0000E+00  0.0000E+00
      8.672  0.4072E-01  0.5214E-01  0.5214E-01  0.5214E-01  0.0000E+00  0.0000E+00  0.0000E+00  0.0000E+00  0.0000E+00
      8.758  0.3533E-01  0.4768E-01  0.4768E-01  0.4768E-01  0.0000E+00  0.0000E+00  0.0000E+00  0.0000E+00  0.0000E+00
      8.843  0.3416E-01  0.4583E-01  0.4583E-01  0.4583E-01  0.0000E+00  0.0000E+00  0.0000E+00  0.0000E+00  0.0000E+00
      8.928  0.2711E-01  0.4122E-01  0.4122E-01  0.4122E-01  0.0000E+00  0.0000E+00  0.0000E+00  0.0000E+00  0.0000E+00
      9.013  0.2714E-01  0.4162E-01  0.4162E-01  0.4162E-01  0.0000E+00  0.0000E+00  0.0000E+00  0.0000E+00  0.0000E+00
      9.098  0.2781E-01  0.4285E-01  0.4285E-01  0.4285E-01  0.0000E+00  0.0000E+00  0.0000E+00  0.0000E+00  0.0000E+00
      9.183  0.2870E-01  0.4350E-01  0.4350E-01  0.4350E-01  0.0000E+00  0.0000E+00  0.0000E+00  0.0000E+00  0.0000E+00
      9.268  0.3079E-01  0.4568E-01  0.4568E-01  0.4568E-01  0.0000E+00  0.0000E+00  0.0000E+00  0.0000E+00  0.0000E+00
      9.353  0.3225E-01  0.5062E-01  0.5062E-01  0.5062E-01  0.0000E+00  0.0000E+00  0.0000E+00  0.0000E+00  0.0000E+00
      9.439  0.3302E-01  0.5614E-01  0.5614E-01  0.5614E-01  0.0000E+00  0.0000E+00  0.0000E+00  0.0000E+00  0.0000E+00
      9.524  0.3498E-01  0.4833E-01  0.4833E-01  0.4833E-01  0.0000E+00  0.0000E+00  0.0000E+00  0.0000E+00  0.0000E+00
      9.609  0.3605E-01  0.4851E-01  0.4851E-01  0.4851E-01  0.0000E+00  0.0000E+00  0.0000E+00  0.0000E+00  0.0000E+00
      9.694  0.3675E-01  0.4847E-01  0.4847E-01  0.4847E-01  0.0000E+00  0.0000E+00  0.0000E+00  0.0000E+00  0.0000E+00
      9.779  0.3552E-01  0.4584E-01  0.4584E-01  0.4584E-01  0.0000E+00  0.0000E+00  0.0000E+00  0.0000E+00  0.0000E+00
      9.864  0.3594E-01  0.4556E-01  0.4556E-01  0.4556E-01  0.0000E+00  0.0000E+00  0.0000E+00  0.0000E+00  0.0000E+00
      9.949  0.3619E-01  0.4640E-01  0.4640E-01  0.4640E-01  0.0000E+00  0.0000E+00  0.0000E+00  0.0000E+00  0.0000E+00
     10.034  0.3522E-01  0.4528E-01  0.4528E-01  0.4528E-01  0.0000E+00  0.0000E+00  0.0000E+00  0.0000E+00  0.0000E+00
     10.120  0.3659E-01  0.4598E-01  0.4598E-01  0.4598E-01  0.0000E+00  0.0000E+00  0.0000E+00  0.0000E+00  0.0000E+00
     10.205  0.3464E-01  0.4487E-01  0.4487E-01  0.4487E-01  0.0000E+00  0.0000E+00  0.0000E+00  0.0000E+00  0.0000E+00
     10.290  0.3376E-01  0.4429E-01  0.4429E-01  0.4429E-01  0.0000E+00  0.0000E+00  0.0000E+00  0.0000E+00  0.0000E+00
     10.375  0.3246E-01  0.4337E-01  0.4337E-01  0.4337E-01  0.0000E+00  0.0000E+00  0.0000E+00  0.0000E+00  0.0000E+00
     10.460  0.3196E-01  0.4375E-01  0.4375E-01  0.4375E-01  0.0000E+00  0.0000E+00  0.0000E+00  0.0000E+00  0.0000E+00
     10.545  0.3068E-01  0.4332E-01  0.4332E-01  0.4332E-01  0.0000E+00  0.0000E+00  0.0000E+00  0.0000E+00  0.0000E+00
     10.630  0.2942E-01  0.4239E-01  0.4239E-01  0.4239E-01  0.0000E+00  0.0000E+00  0.0000E+00  0.0000E+00  0.0000E+00
     10.715  0.2880E-01  0.4188E-01  0.4188E-01  0.4188E-01  0.0000E+00  0.0000E+00  0.0000E+00  0.0000E+00  0.0000E+00
     10.801  0.2690E-01  0.4039E-01  0.4039E-01  0.4039E-01  0.0000E+00  0.0000E+00  0.0000E+00  0.0000E+00  0.0000E+00
     10.886  0.2594E-01  0.4034E-01  0.4034E-01  0.4034E-01  0.0000E+00  0.0000E+00  0.0000E+00  0.0000E+00  0.0000E+00
     10.971  0.2350E-01  0.3829E-01  0.3829E-01  0.3829E-01  0.0000E+00  0.0000E+00  0.0000E+00  0.0000E+00  0.0000E+00
     11.056  0.2052E-01  0.3524E-01  0.3524E-01  0.3524E-01  0.0000E+00  0.0000E+00  0.0000E+00  0.0000E+00  0.0000E+00
     11.141  0.1971E-01  0.3581E-01  0.3581E-01  0.3581E-01  0.0000E+00  0.0000E+00  0.0000E+00  0.0000E+00  0.0000E+00
     11.226  0.1929E-01  0.3599E-01  0.3599E-01  0.3599E-01  0.0000E+00  0.0000E+00  0.0000E+00  0.0000E+00  0.0000E+00
     11.311  0.2032E-01  0.3776E-01  0.3776E-01  0.3776E-01  0.0000E+00  0.0000E+00  0.0000E+00  0.0000E+00  0.0000E+00
     11.396  0.2478E-01  0.4481E-01  0.4481E-01  0.4481E-01  0.0000E+00  0.0000E+00  0.0000E+00  0.0000E+00  0.0000E+00
     11.482  0.2234E-01  0.4218E-01  0.4218E-01  0.4218E-01  0.0000E+00  0.0000E+00  0.0000E+00  0.0000E+00  0.0000E+00
     11.567  0.1922E-01  0.3835E-01  0.3835E-01  0.3835E-01  0.0000E+00  0.0000E+00  0.0000E+00  0.0000E+00  0.0000E+00
     11.652  0.1680E-01  0.3514E-01  0.3514E-01  0.3514E-01  0.0000E+00  0.0000E+00  0.0000E+00  0.0000E+00  0.0000E+00
     11.737  0.1520E-01  0.3307E-01  0.3307E-01  0.3307E-01  0.0000E+00  0.0000E+00  0.0000E+00  0.0000E+00  0.0000E+00
     11.822  0.1374E-01  0.3100E-01  0.3100E-01  0.3100E-01  0.0000E+00  0.0000E+00  0.0000E+00  0.0000E+00  0.0000E+00
     11.907  0.1241E-01  0.2924E-01  0.2924E-01  0.2924E-01  0.0000E+00  0.0000E+00  0.0000E+00  0.0000E+00  0.0000E+00
     11.992  0.1165E-01  0.2866E-01  0.2866E-01  0.2866E-01  0.0000E+00  0.0000E+00  0.0000E+00  0.0000E+00  0.0000E+00
     12.077  0.1100E-01  0.2779E-01  0.2779E-01  0.2779E-01  0.0000E+00  0.0000E+00  0.0000E+00  0.0000E+00  0.0000E+00
     12.163  0.1024E-01  0.2674E-01  0.2674E-01  0.2674E-01  0.0000E+00  0.0000E+00  0.0000E+00  0.0000E+00  0.0000E+00
     12.248  0.9802E-02  0.2634E-01  0.2634E-01  0.2634E-01  0.0000E+00  0.0000E+00  0.0000E+00  0.0000E+00  0.0000E+00
     12.333  0.8551E-02  0.2462E-01  0.2462E-01  0.2462E-01  0.0000E+00  0.0000E+00  0.0000E+00  0.0000E+00  0.0000E+00
     12.418  0.7514E-02  0.2353E-01  0.2353E-01  0.2353E-01  0.0000E+00  0.0000E+00  0.0000E+00  0.0000E+00  0.0000E+00
     12.503  0.7189E-02  0.2372E-01  0.2372E-01  0.2372E-01  0.0000E+00  0.0000E+00  0.0000E+00  0.0000E+00  0.0000E+00
     12.588  0.6607E-02  0.2350E-01  0.2350E-01  0.2350E-01  0.0000E+00  0.0000E+00  0.0000E+00  0.0000E+00  0.0000E+00
     12.673  0.5437E-02  0.2183E-01  0.2183E-01  0.2183E-01  0.0000E+00  0.0000E+00  0.0000E+00  0.0000E+00  0.0000E+00
     12.758  0.4725E-02  0.2189E-01  0.2189E-01  0.2189E-01  0.0000E+00  0.0000E+00  0.0000E+00  0.0000E+00  0.0000E+00
     12.844  0.4255E-02  0.2314E-01  0.2314E-01  0.2314E-01  0.0000E+00  0.0000E+00  0.0000E+00  0.0000E+00  0.0000E+00
     12.929  0.3356E-02  0.1754E-01  0.1754E-01  0.1754E-01  0.0000E+00  0.0000E+00  0.0000E+00  0.0000E+00  0.0000E+00
     13.014  0.2828E-02  0.1210E-01  0.1210E-01  0.1210E-01  0.0000E+00  0.0000E+00  0.0000E+00  0.0000E+00  0.0000E+00
     13.099  0.2631E-02  0.1165E-01  0.1165E-01  0.1165E-01  0.0000E+00  0.0000E+00  0.0000E+00  0.0000E+00  0.0000E+00
     13.184  0.2353E-02  0.1102E-01  0.1102E-01  0.1102E-01  0.0000E+00  0.0000E+00  0.0000E+00  0.0000E+00  0.0000E+00
     13.269  0.1909E-02  0.1015E-01  0.1015E-01  0.1015E-01  0.0000E+00  0.0000E+00  0.0000E+00  0.0000E+00  0.0000E+00
     13.354  0.1721E-02  0.9978E-02  0.9978E-02  0.9978E-02  0.0000E+00  0.0000E+00  0.0000E+00  0.0000E+00  0.0000E+00
     13.439  0.1459E-02  0.9055E-02  0.9055E-02  0.9055E-02  0.0000E+00  0.0000E+00  0.0000E+00  0.0000E+00  0.0000E+00
     13.525  0.1225E-02  0.7908E-02  0.7908E-02  0.7908E-02  0.0000E+00  0.0000E+00  0.0000E+00  0.0000E+00  0.0000E+00
     13.610  0.1037E-02  0.7015E-02  0.7015E-02  0.7015E-02  0.0000E+00  0.0000E+00  0.0000E+00  0.0000E+00  0.0000E+00
     13.695  0.8782E-03  0.6283E-02  0.6283E-02  0.6283E-02  0.0000E+00  0.0000E+00  0.0000E+00  0.0000E+00  0.0000E+00
     13.780  0.7736E-03  0.5959E-02  0.5959E-02  0.5959E-02  0.0000E+00  0.0000E+00  0.0000E+00  0.0000E+00  0.0000E+00
     13.865  0.6908E-03  0.5761E-02  0.5761E-02  0.5761E-02  0.0000E+00  0.0000E+00  0.0000E+00  0.0000E+00  0.0000E+00
     13.950  0.5776E-03  0.5293E-02  0.5293E-02  0.5293E-02  0.0000E+00  0.0000E+00  0.0000E+00  0.0000E+00  0.0000E+00
     14.035  0.3647E-03  0.4813E-02  0.4813E-02  0.4813E-02  0.0000E+00  0.0000E+00  0.0000E+00  0.0000E+00  0.0000E+00
     14.120  0.2397E-03  0.3557E-02  0.3557E-02  0.3557E-02  0.0000E+00  0.0000E+00  0.0000E+00  0.0000E+00  0.0000E+00
     14.206  0.1623E-03  0.2582E-02  0.2582E-02  0.2582E-02  0.0000E+00  0.0000E+00  0.0000E+00  0.0000E+00  0.0000E+00
     14.291  0.9610E-04  0.1814E-02  0.1814E-02  0.1814E-02  0.0000E+00  0.0000E+00  0.0000E+00  0.0000E+00  0.0000E+00
     14.376  0.4908E-04  0.1468E-02  0.1468E-02  0.1468E-02  0.0000E+00  0.0000E+00  0.0000E+00  0.0000E+00  0.0000E+00
     14.461  0.5608E-05  0.4640E-03  0.4640E-03  0.4640E-03  0.0000E+00  0.0000E+00  0.0000E+00  0.0000E+00  0.0000E+00
     14.546  0.0000E+00  0.0000E+00  0.0000E+00  0.0000E+00  0.0000E+00  0.0000E+00  0.0000E+00  0.0000E+00  0.0000E+00
     14.631  0.0000E+00  0.0000E+00  0.0000E+00  0.0000E+00  0.0000E+00  0.0000E+00  0.0000E+00  0.0000E+00  0.0000E+00
     14.716  0.0000E+00  0.0000E+00  0.0000E+00  0.0000E+00  0.0000E+00  0.0000E+00  0.0000E+00  0.0000E+00  0.0000E+00
     14.801  0.0000E+00  0.0000E+00  0.0000E+00  0.0000E+00  0.0000E+00  0.0000E+00  0.0000E+00  0.0000E+00  0.0000E+00
     14.887  0.0000E+00  0.0000E+00  0.0000E+00  0.0000E+00  0.0000E+00  0.0000E+00  0.0000E+00  0.0000E+00  0.0000E+00
     14.972  0.0000E+00  0.0000E+00  0.0000E+00  0.0000E+00  0.0000E+00  0.0000E+00  0.0000E+00  0.0000E+00  0.0000E+00
     15.057  0.0000E+00  0.0000E+00  0.0000E+00  0.0000E+00  0.0000E+00  0.0000E+00  0.0000E+00  0.0000E+00  0.0000E+00
     15.142  0.0000E+00  0.0000E+00  0.0000E+00  0.0000E+00  0.0000E+00  0.0000E+00  0.0000E+00  0.0000E+00  0.0000E+00
     15.227  0.0000E+00  0.0000E+00  0.0000E+00  0.0000E+00  0.0000E+00  0.0000E+00  0.0000E+00  0.0000E+00  0.0000E+00
     15.312  0.0000E+00  0.0000E+00  0.0000E+00  0.0000E+00  0.0000E+00  0.0000E+00  0.0000E+00  0.0000E+00  0.0000E+00
     15.397  0.0000E+00  0.0000E+00  0.0000E+00  0.0000E+00  0.0000E+00  0.0000E+00  0.0000E+00  0.0000E+00  0.0000E+00
     15.482  0.0000E+00  0.0000E+00  0.0000E+00  0.0000E+00  0.0000E+00  0.0000E+00  0.0000E+00  0.0000E+00  0.0000E+00
     15.568  0.0000E+00  0.0000E+00  0.0000E+00  0.0000E+00  0.0000E+00  0.0000E+00  0.0000E+00  0.0000E+00  0.0000E+00
     15.653  0.0000E+00  0.0000E+00  0.0000E+00  0.0000E+00  0.0000E+00  0.0000E+00  0.0000E+00  0.0000E+00  0.0000E+00
     15.738  0.0000E+00  0.0000E+00  0.0000E+00  0.0000E+00  0.0000E+00  0.0000E+00  0.0000E+00  0.0000E+00  0.0000E+00
     15.823  0.0000E+00  0.0000E+00  0.0000E+00  0.0000E+00  0.0000E+00  0.0000E+00  0.0000E+00  0.0000E+00  0.0000E+00
     15.908  0.0000E+00  0.0000E+00  0.0000E+00  0.0000E+00  0.0000E+00  0.0000E+00  0.0000E+00  0.0000E+00  0.0000E+00
     15.993  0.0000E+00  0.0000E+00  0.0000E+00  0.0000E+00  0.0000E+00  0.0000E+00  0.0000E+00  0.0000E+00  0.0000E+00
     16.078  0.0000E+00  0.0000E+00  0.0000E+00  0.0000E+00  0.0000E+00  0.0000E+00  0.0000E+00  0.0000E+00  0.0000E+00
     16.163  0.0000E+00  0.0000E+00  0.0000E+00  0.0000E+00  0.0000E+00  0.0000E+00  0.0000E+00  0.0000E+00  0.0000E+00
     16.249  0.0000E+00  0.0000E+00  0.0000E+00  0.0000E+00  0.0000E+00  0.0000E+00  0.0000E+00  0.0000E+00  0.0000E+00
     16.334  0.0000E+00  0.0000E+00  0.0000E+00  0.0000E+00  0.0000E+00  0.0000E+00  0.0000E+00  0.0000E+00  0.0000E+00
     16.419  0.0000E+00  0.0000E+00  0.0000E+00  0.0000E+00  0.0000E+00  0.0000E+00  0.0000E+00  0.0000E+00  0.0000E+00
     16.41879217     -9.11848110  301      4.63835409      1.00000000
     -9.118  0.0000E+00  0.0000E+00  0.0000E+00  0.0000E+00  0.0000E+00  0.0000E+00  0.0000E+00  0.0000E+00  0.0000E+00
     -9.033  0.0000E+00  0.0000E+00  0.0000E+00  0.0000E+00  0.0000E+00  0.0000E+00  0.0000E+00  0.0000E+00  0.0000E+00
     -8.948  0.0000E+00  0.0000E+00  0.0000E+00  0.0000E+00  0.0000E+00  0.0000E+00  0.0000E+00  0.0000E+00  0.0000E+00
     -8.863  0.0000E+00  0.0000E+00  0.0000E+00  0.0000E+00  0.0000E+00  0.0000E+00  0.0000E+00  0.0000E+00  0.0000E+00
     -8.778  0.0000E+00  0.0000E+00  0.0000E+00  0.0000E+00  0.0000E+00  0.0000E+00  0.0000E+00  0.0000E+00  0.0000E+00
     -8.693  0.0000E+00  0.0000E+00  0.0000E+00  0.0000E+00  0.0000E+00  0.0000E+00  0.0000E+00  0.0000E+00  0.0000E+00
     -8.608  0.0000E+00  0.0000E+00  0.0000E+00  0.0000E+00  0.0000E+00  0.0000E+00  0.0000E+00  0.0000E+00  0.0000E+00
     -8.523  0.0000E+00  0.0000E+00  0.0000E+00  0.0000E+00  0.0000E+00  0.0000E+00  0.0000E+00  0.0000E+00  0.0000E+00
     -8.437  0.0000E+00  0.0000E+00  0.0000E+00  0.0000E+00  0.0000E+00  0.0000E+00  0.0000E+00  0.0000E+00  0.0000E+00
     -8.352  0.0000E+00  0.0000E+00  0.0000E+00  0.0000E+00  0.0000E+00  0.0000E+00  0.0000E+00  0.0000E+00  0.0000E+00
     -8.267  0.0000E+00  0.0000E+00  0.0000E+00  0.0000E+00  0.0000E+00  0.0000E+00  0.0000E+00  0.0000E+00  0.0000E+00
     -8.182  0.0000E+00  0.0000E+00  0.0000E+00  0.0000E+00  0.0000E+00  0.0000E+00  0.0000E+00  0.0000E+00  0.0000E+00
     -8.097  0.0000E+00  0.0000E+00  0.0000E+00  0.0000E+00  0.0000E+00  0.0000E+00  0.0000E+00  0.0000E+00  0.0000E+00
     -8.012  0.0000E+00  0.0000E+00  0.0000E+00  0.0000E+00  0.0000E+00  0.0000E+00  0.0000E+00  0.0000E+00  0.0000E+00
     -7.927  0.0000E+00  0.0000E+00  0.0000E+00  0.0000E+00  0.0000E+00  0.0000E+00  0.0000E+00  0.0000E+00  0.0000E+00
     -7.842  0.0000E+00  0.0000E+00  0.0000E+00  0.0000E+00  0.0000E+00  0.0000E+00  0.0000E+00  0.0000E+00  0.0000E+00
     -7.756  0.0000E+00  0.0000E+00  0.0000E+00  0.0000E+00  0.0000E+00  0.0000E+00  0.0000E+00  0.0000E+00  0.0000E+00
     -7.671  0.0000E+00  0.0000E+00  0.0000E+00  0.0000E+00  0.0000E+00  0.0000E+00  0.0000E+00  0.0000E+00  0.0000E+00
     -7.586  0.0000E+00  0.0000E+00  0.0000E+00  0.0000E+00  0.0000E+00  0.0000E+00  0.0000E+00  0.0000E+00  0.0000E+00
     -7.501  0.0000E+00  0.0000E+00  0.0000E+00  0.0000E+00  0.0000E+00  0.0000E+00  0.0000E+00  0.0000E+00  0.0000E+00
     -7.416  0.0000E+00  0.0000E+00  0.0000E+00  0.0000E+00  0.0000E+00  0.0000E+00  0.0000E+00  0.0000E+00  0.0000E+00
     -7.331  0.0000E+00  0.0000E+00  0.0000E+00  0.0000E+00  0.0000E+00  0.0000E+00  0.0000E+00  0.0000E+00  0.0000E+00
     -7.246  0.0000E+00  0.0000E+00  0.0000E+00  0.0000E+00  0.0000E+00  0.0000E+00  0.0000E+00  0.0000E+00  0.0000E+00
     -7.161  0.0000E+00  0.0000E+00  0.0000E+00  0.0000E+00  0.0000E+00  0.0000E+00  0.0000E+00  0.0000E+00  0.0000E+00
     -7.075  0.1540E-01  0.1100E-04  0.1100E-04  0.1100E-04  0.0000E+00  0.0000E+00  0.0000E+00  0.0000E+00  0.0000E+00
     -6.990  0.2976E-01  0.5782E-04  0.5782E-04  0.5782E-04  0.0000E+00  0.0000E+00  0.0000E+00  0.0000E+00  0.0000E+00
     -6.905  0.3539E-01  0.1178E-03  0.1178E-03  0.1178E-03  0.0000E+00  0.0000E+00  0.0000E+00  0.0000E+00  0.0000E+00
     -6.820  0.4160E-01  0.1980E-03  0.1980E-03  0.1980E-03  0.0000E+00  0.0000E+00  0.0000E+00  0.0000E+00  0.0000E+00
     -6.735  0.4749E-01  0.2894E-03  0.2894E-03  0.2894E-03  0.0000E+00  0.0000E+00  0.0000E+00  0.0000E+00  0.0000E+00
     -6.650  0.5322E-01  0.3882E-03  0.3882E-03  0.3882E-03  0.0000E+00  0.0000E+00  0.0000E+00  0.0000E+00  0.0000E+00
     -6.565  0.5787E-01  0.5031E-03  0.5031E-03  0.5031E-03  0.0000E+00  0.0000E+00  0.0000E+00  0.0000E+00  0.0000E+00
     -6.480  0.6297E-01  0.6201E-03  0.6201E-03  0.6201E-03  0.0000E+00  0.0000E+00  0.0000E+00  0.0000E+00  0.0000E+00
     -6.395  0.6721E-01  0.7535E-03  0.7535E-03  0.7535E-03  0.0000E+00  0.0000E+00  0.0000E+00  0.0000E+00  0.0000E+00
     -6.309  0.7176E-01  0.8893E-03  0.8893E-03  0.8893E-03  0.0000E+00  0.0000E+00  0.0000E+00  0.0000E+00  0.0000E+00
     -6.224  0.7598E-01  0.1038E-02  0.1038E-02  0.1038E-02  0.0000E+00  0.0000E+00  0.0000E+00  0.0000E+00  0.0000E+00
     -6.139  0.8018E-01  0.1193E-02  0.1193E-02  0.1193E-02  0.0000E+00  0.0000E+00  0.0000E+00  0.0000E+00  0.0000E+00
     -6.054  0.8463E-01  0.1352E-02  0.1352E-02  0.1352E-02  0.0000E+00  0.0000E+00  0.0000E+00  0.0000E+00  0.0000E+00
     -5.969  0.8867E-01  0.1529E-02  0.1529E-02  0.1529E-02  0.0000E+00  0.0000E+00  0.0000E+00  0.0000E+00  0.0000E+00
     -5.884  0.9307E-01  0.1706E-02  0.1706E-02  0.1706E-02  0.0000E+00  0.0000E+00  0.0000E+00  0.0000E+00  0.0000E+00
     -5.799  0.9754E-01  0.1894E-02  0.1894E-02  0.1894E-02  0.0000E+00  0.0000E+00  0.0000E+00  0.0000E+00  0.0000E+00
     -5.714  0.1020E+00  0.2097E-02  0.2097E-02  0.2097E-02  0.0000E+00  0.0000E+00  0.0000E+00  0.0000E+00  0.0000E+00
     -5.628  0.1069E+00  0.2302E-02  0.2302E-02  0.2302E-02  0.0000E+00  0.0000E+00  0.0000E+00  0.0000E+00  0.0000E+00
     -5.543  0.1119E+00  0.2522E-02  0.2522E-02  0.2522E-02  0.0000E+00  0.0000E+00  0.0000E+00  0.0000E+00  0.0000E+00
     -5.458  0.1173E+00  0.2762E-02  0.2762E-02  0.2762E-02  0.0000E+00  0.0000E+00  0.0000E+00  0.0000E+00  0.0000E+00
     -5.373  0.1234E+00  0.3010E-02  0.3010E-02  0.3010E-02  0.0000E+00  0.0000E+00  0.0000E+00  0.0000E+00  0.0000E+00
     -5.288  0.1302E+00  0.3279E-02  0.3279E-02  0.3279E-02  0.0000E+00  0.0000E+00  0.0000E+00  0.0000E+00  0.0000E+00
     -5.203  0.1382E+00  0.3590E-02  0.3590E-02  0.3590E-02  0.0000E+00  0.0000E+00  0.0000E+00  0.0000E+00  0.0000E+00
     -5.118  0.1483E+00  0.3938E-02  0.3938E-02  0.3938E-02  0.0000E+00  0.0000E+00  0.0000E+00  0.0000E+00  0.0000E+00
     -5.033  0.1626E+00  0.4367E-02  0.4367E-02  0.4367E-02  0.0000E+00  0.0000E+00  0.0000E+00  0.0000E+00  0.0000E+00
     -4.947  0.1971E+00  0.5226E-02  0.5226E-02  0.5226E-02  0.0000E+00  0.0000E+00  0.0000E+00  0.0000E+00  0.0000E+00
     -4.862  0.2017E+00  0.5541E-02  0.5541E-02  0.5541E-02  0.0000E+00  0.0000E+00  0.0000E+00  0.0000E+00  0.0000E+00
     -4.777  0.1880E+00  0.5462E-02  0.5462E-02  0.5462E-02  0.0000E+00  0.0000E+00  0.0000E+00  0.0000E+00  0.0000E+00
     -4.692  0.1810E+00  0.5540E-02  0.5540E-02  0.5540E-02  0.0000E+00  0.0000E+00  0.0000E+00  0.0000E+00  0.0000E+00
     -4.607  0.1736E+00  0.5557E-02  0.5557E-02  0.5557E-02  0.0000E+00  0.0000E+00  0.0000E+00  0.0000E+00  0.0000E+00
     -4.522  0.1675E+00  0.5588E-02  0.5588E-02  0.5588E-02  0.0000E+00  0.0000E+00  0.0000E+00  0.0000E+00  0.0000E+00
     -4.437  0.1598E+00  0.5587E-02  0.5587E-02  0.5587E-02  0.0000E+00  0.0000E+00  0.0000E+00  0.0000E+00  0.0000E+00
     -4.352  0.1536E+00  0.5579E-02  0.5579E-02  0.5579E-02  0.0000E+00  0.0000E+00  0.0000E+00  0.0000E+00  0.0000E+00
     -4.266  0.1458E+00  0.5521E-02  0.5521E-02  0.5521E-02  0.0000E+00  0.0000E+00  0.0000E+00  0.0000E+00  0.0000E+00
     -4.181  0.1397E+00  0.5492E-02  0.5492E-02  0.5492E-02  0.0000E+00  0.0000E+00  0.0000E+00  0.0000E+00  0.0000E+00
     -4.096  0.1319E+00  0.5395E-02  0.5395E-02  0.5395E-02  0.0000E+00  0.0000E+00  0.0000E+00  0.0000E+00  0.0000E+00
     -4.011  0.1250E+00  0.5298E-02  0.5298E-02  0.5298E-02  0.0000E+00  0.0000E+00  0.0000E+00  0.0000E+00  0.0000E+00
     -3.926  0.1180E+00  0.5184E-02  0.5184E-02  0.5184E-02  0.0000E+00  0.0000E+00  0.0000E+00  0.0000E+00  0.0000E+00
     -3.841  0.1099E+00  0.5018E-02  0.5018E-02  0.5018E-02  0.0000E+00  0.0000E+00  0.0000E+00  0.0000E+00  0.0000E+00
     -3.756  0.1024E+00  0.4836E-02  0.4836E-02  0.4836E-02  0.0000E+00  0.0000E+00  0.0000E+00  0.0000E+00  0.0000E+00
     -3.671  0.9431E-01  0.4622E-02  0.4622E-02  0.4622E-02  0.0000E+00  0.0000E+00  0.0000E+00  0.0000E+00  0.0000E+00
     -3.585  0.8596E-01  0.4375E-02  0.4375E-02  0.4375E-02  0.0000E+00  0.0000E+00  0.0000E+00  0.0000E+00  0.0000E+00
     -3.500  0.7830E-01  0.4126E-02  0.4126E-02  0.4126E-02  0.0000E+00  0.0000E+00  0.0000E+00  0.0000E+00  0.0000E+00
     -3.415  0.6980E-01  0.3853E-02  0.3853E-02  0.3853E-02  0.0000E+00  0.0000E+00  0.0000E+00  0.0000E+00  0.0000E+00
     -3.330  0.5477E-01  0.3162E-02  0.3162E-02  0.3162E-02  0.0000E+00  0.0000E+00  0.0000E+00  0.0000E+00  0.0000E+00
     -3.245  0.3495E-01  0.2041E-02  0.2041E-02  0.2041E-02  0.0000E+00  0.0000E+00  0.0000E+00  0.0000E+00  0.0000E+00
     -3.160  0.2139E-02  0.1207E-03  0.1207E-03  0.1207E-03  0.0000E+00  0.0000E+00  0.0000E+00  0.0000E+00  0.0000E+00
     -3.075  0.3565E-02  0.2541E-03  0.2541E-03  0.2541E-03  0.0000E+00  0.0000E+00  0.0000E+00  0.0000E+00  0.0000E+00
     -2.990  0.1552E-01  0.1108E-02  0.1108E-02  0.1108E-02  0.0000E+00  0.0000E+00  0.0000E+00  0.0000E+00  0.0000E+00
     -2.904  0.3649E-01  0.2608E-02  0.2608E-02  0.2608E-02  0.0000E+00  0.0000E+00  0.0000E+00  0.0000E+00  0.0000E+00
     -2.819  0.5657E-01  0.4099E-02  0.4099E-02  0.4099E-02  0.0000E+00  0.0000E+00  0.0000E+00  0.0000E+00  0.0000E+00
     -2.734  0.6146E-01  0.4600E-02  0.4600E-02  0.4600E-02  0.0000E+00  0.0000E+00  0.0000E+00  0.0000E+00  0.0000E+00
     -2.649  0.7013E-01  0.5421E-02  0.5421E-02  0.5421E-02  0.0000E+00  0.0000E+00  0.0000E+00  0.0000E+00  0.0000E+00
     -2.564  0.7960E-01  0.6392E-02  0.6392E-02  0.6392E-02  0.0000E+00  0.0000E+00  0.0000E+00  0.0000E+00  0.0000E+00
     -2.479  0.8796E-01  0.7322E-02  0.7322E-02  0.7322E-02  0.0000E+00  0.0000E+00  0.0000E+00  0.0000E+00  0.0000E+00
     -2.394  0.9795E-01  0.8545E-02  0.8545E-02  0.8545E-02  0.0000E+00  0.0000E+00  0.0000E+00  0.0000E+00  0.0000E+00
     -2.309  0.1071E+00  0.9771E-02  0.9771E-02  0.9771E-02  0.0000E+00  0.0000E+00  0.0000E+00  0.0000E+00  0.0000E+00
     -2.223  0.1208E+00  0.1172E-01  0.1172E-01  0.1172E-01  0.0000E+00  0.0000E+00  0.0000E+00  0.0000E+00  0.0000E+00
     -2.138  0.1368E+00  0.1436E-01  0.1436E-01  0.1436E-01  0.0000E+00  0.0000E+00  0.0000E+00  0.0000E+00  0.0000E+00
     -2.053  0.2459E+00  0.3682E-01  0.3682E-01  0.3682E-01  0.0000E+00  0.0000E+00  0.0000E+00  0.0000E+00  0.0000E+00
     -1.968  0.2311E+00  0.3630E-01  0.3630E-01  0.3630E-01  0.0000E+00  0.0000E+00  0.0000E+00  0.0000E+00  0.0000E+00
     -1.883  0.1580E+00  0.2332E-01  0.2332E-01  0.2332E-01  0.0000E+00  0.0000E+00  0.0000E+00  0.0000E+00  0.0000E+00
     -1.798  0.1364E+00  0.2005E-01  0.2005E-01  0.2005E-01  0.0000E+00  0.0000E+00  0.0000E+00  0.0000E+00  0.0000E+00
     -1.713  0.1210E+00  0.1792E-01  0.1792E-01  0.1792E-01  0.0000E+00  0.0000E+00  0.0000E+00  0.0000E+00  0.0000E+00
     -1.628  0.1105E+00  0.1649E-01  0.1649E-01  0.1649E-01  0.0000E+00  0.0000E+00  0.0000E+00  0.0000E+00  0.0000E+00
     -1.542  0.1019E+00  0.1538E-01  0.1538E-01  0.1538E-01  0.0000E+00  0.0000E+00  0.0000E+00  0.0000E+00  0.0000E+00
     -1.457  0.9418E-01  0.1443E-01  0.1443E-01  0.1443E-01  0.0000E+00  0.0000E+00  0.0000E+00  0.0000E+00  0.0000E+00
     -1.372  0.8730E-01  0.1359E-01  0.1359E-01  0.1359E-01  0.0000E+00  0.0000E+00  0.0000E+00  0.0000E+00  0.0000E+00
     -1.287  0.8221E-01  0.1298E-01  0.1298E-01  0.1298E-01  0.0000E+00  0.0000E+00  0.0000E+00  0.0000E+00  0.0000E+00
     -1.202  0.7726E-01  0.1240E-01  0.1240E-01  0.1240E-01  0.0000E+00  0.0000E+00  0.0000E+00  0.0000E+00  0.0000E+00
     -1.117  0.7241E-01  0.1183E-01  0.1183E-01  0.1183E-01  0.0000E+00  0.0000E+00  0.0000E+00  0.0000E+00  0.0000E+00
     -1.032  0.6789E-01  0.1131E-01  0.1131E-01  0.1131E-01  0.0000E+00  0.0000E+00  0.0000E+00  0.0000E+00  0.0000E+00
     -0.947  0.6449E-01  0.1091E-01  0.1091E-01  0.1091E-01  0.0000E+00  0.0000E+00  0.0000E+00  0.0000E+00  0.0000E+00
     -0.861  0.6107E-01  0.1052E-01  0.1052E-01  0.1052E-01  0.0000E+00  0.0000E+00  0.0000E+00  0.0000E+00  0.0000E+00
     -0.776  0.5753E-01  0.1010E-01  0.1010E-01  0.1010E-01  0.0000E+00  0.0000E+00  0.0000E+00  0.0000E+00  0.0000E+00
     -0.691  0.5400E-01  0.9683E-02  0.9683E-02  0.9683E-02  0.0000E+00  0.0000E+00  0.0000E+00  0.0000E+00  0.0000E+00
     -0.606  0.5150E-01  0.9392E-02  0.9392E-02  0.9392E-02  0.0000E+00  0.0000E+00  0.0000E+00  0.0000E+00  0.0000E+00
     -0.521  0.4903E-01  0.9101E-02  0.9101E-02  0.9101E-02  0.0000E+00  0.0000E+00  0.0000E+00  0.0000E+00  0.0000E+00
     -0.436  0.4641E-01  0.8787E-02  0.8787E-02  0.8787E-02  0.0000E+00  0.0000E+00  0.0000E+00  0.0000E+00  0.0000E+00
     -0.351  0.4363E-01  0.8441E-02  0.8441E-02  0.8441E-02  0.0000E+00  0.0000E+00  0.0000E+00  0.0000E+00  0.0000E+00
     -0.266  0.4133E-01  0.8152E-02  0.8152E-02  0.8152E-02  0.0000E+00  0.0000E+00  0.0000E+00  0.0000E+00  0.0000E+00
     -0.180  0.3948E-01  0.7926E-02  0.7926E-02  0.7926E-02  0.0000E+00  0.0000E+00  0.0000E+00  0.0000E+00  0.0000E+00
     -0.095  0.3754E-01  0.7682E-02  0.7682E-02  0.7682E-02  0.0000E+00  0.0000E+00  0.0000E+00  0.0000E+00  0.0000E+00
     -0.010  0.3552E-01  0.7421E-02  0.7421E-02  0.7421E-02  0.0000E+00  0.0000E+00  0.0000E+00  0.0000E+00  0.0000E+00
      0.075  0.3343E-01  0.7140E-02  0.7140E-02  0.7140E-02  0.0000E+00  0.0000E+00  0.0000E+00  0.0000E+00  0.0000E+00
      0.160  0.3163E-01  0.6893E-02  0.6893E-02  0.6893E-02  0.0000E+00  0.0000E+00  0.0000E+00  0.0000E+00  0.0000E+00
      0.245  0.3022E-01  0.6707E-02  0.6707E-02  0.6707E-02  0.0000E+00  0.0000E+00  0.0000E+00  0.0000E+00  0.0000E+00
      0.330  0.2875E-01  0.6508E-02  0.6508E-02  0.6508E-02  0.0000E+00  0.0000E+00  0.0000E+00  0.0000E+00  0.0000E+00
      0.415  0.2717E-01  0.6283E-02  0.6283E-02  0.6283E-02  0.0000E+00  0.0000E+00  0.0000E+00  0.0000E+00  0.0000E+00
      0.501  0.2544E-01  0.6024E-02  0.6024E-02  0.6024E-02  0.0000E+00  0.0000E+00  0.0000E+00  0.0000E+00  0.0000E+00
      0.586  0.2460E-01  0.1569E-01  0.1569E-01  0.1569E-01  0.0000E+00  0.0000E+00  0.0000E+00  0.0000E+00  0.0000E+00
      0.671  0.2520E-01  0.3205E-01  0.3205E-01  0.3205E-01  0.0000E+00  0.0000E+00  0.0000E+00  0.0000E+00  0.0000E+00
      0.756  0.2634E-01  0.4703E-01  0.4703E-01  0.4703E-01  0.0000E+00  0.0000E+00  0.0000E+00  0.0000E+00  0.0000E+00
      0.841  0.2878E-01  0.6863E-01  0.6863E-01  0.6863E-01  0.0000E+00  0.0000E+00  0.0000E+00  0.0000E+00  0.0000E+00
      0.926  0.2879E-01  0.6386E-01  0.6386E-01  0.6386E-01  0.0000E+00  0.0000E+00  0.0000E+00  0.0000E+00  0.0000E+00
      1.011  0.2839E-01  0.5895E-01  0.5895E-01  0.5895E-01  0.0000E+00  0.0000E+00  0.0000E+00  0.0000E+00  0.0000E+00
      1.096  0.2852E-01  0.5523E-01  0.5523E-01  0.5523E-01  0.0000E+00  0.0000E+00  0.0000E+00  0.0000E+00  0.0000E+00
      1.182  0.2828E-01  0.5256E-01  0.5256E-01  0.5256E-01  0.0000E+00  0.0000E+00  0.0000E+00  0.0000E+00  0.0000E+00
      1.267  0.2797E-01  0.5507E-01  0.5507E-01  0.5507E-01  0.0000E+00  0.0000E+00  0.0000E+00  0.0000E+00  0.0000E+00
      1.352  0.2749E-01  0.5490E-01  0.5490E-01  0.5490E-01  0.0000E+00  0.0000E+00  0.0000E+00  0.0000E+00  0.0000E+00
      1.437  0.2681E-01  0.5802E-01  0.5802E-01  0.5802E-01  0.0000E+00  0.0000E+00  0.0000E+00  0.0000E+00  0.0000E+00
      1.522  0.2599E-01  0.5893E-01  0.5893E-01  0.5893E-01  0.0000E+00  0.0000E+00  0.0000E+00  0.0000E+00  0.0000E+00
      1.607  0.2551E-01  0.6166E-01  0.6166E-01  0.6166E-01  0.0000E+00  0.0000E+00  0.0000E+00  0.0000E+00  0.0000E+00
      1.692  0.2500E-01  0.6603E-01  0.6603E-01  0.6603E-01  0.0000E+00  0.0000E+00  0.0000E+00  0.0000E+00  0.0000E+00
      1.777  0.2437E-01  0.7162E-01  0.7162E-01  0.7162E-01  0.0000E+00  0.0000E+00  0.0000E+00  0.0000E+00  0.0000E+00
      1.863  0.2330E-01  0.7696E-01  0.7696E-01  0.7696E-01  0.0000E+00  0.0000E+00  0.0000E+00  0.0000E+00  0.0000E+00
      1.948  0.2239E-01  0.9429E-01  0.9429E-01  0.9429E-01  0.0000E+00  0.0000E+00  0.0000E+00  0.0000E+00  0.0000E+00
      2.033  0.2142E-01  0.9236E-01  0.9236E-01  0.9236E-01  0.0000E+00  0.0000E+00  0.0000E+00  0.0000E+00  0.0000E+00
      2.118  0.2062E-01  0.9119E-01  0.9119E-01  0.9119E-01  0.0000E+00  0.0000E+00  0.0000E+00  0.0000E+00  0.0000E+00
      2.203  0.1975E-01  0.9002E-01  0.9002E-01  0.9002E-01  0.0000E+00  0.0000E+00  0.0000E+00  0.0000E+00  0.0000E+00
      2.288  0.1883E-01  0.8948E-01  0.8948E-01  0.8948E-01  0.0000E+00  0.0000E+00  0.0000E+00  0.0000E+00  0.0000E+00
      2.373  0.1793E-01  0.8849E-01  0.8849E-01  0.8849E-01  0.0000E+00  0.0000E+00  0.0000E+00  0.0000E+00  0.0000E+00
      2.458  0.1686E-01  0.8774E-01  0.8774E-01  0.8774E-01  0.0000E+00  0.0000E+00  0.0000E+00  0.0000E+00  0.0000E+00
      2.544  0.1586E-01  0.8658E-01  0.8658E-01  0.8658E-01  0.0000E+00  0.0000E+00  0.0000E+00  0.0000E+00  0.0000E+00
      2.629  0.1506E-01  0.8602E-01  0.8602E-01  0.8602E-01  0.0000E+00  0.0000E+00  0.0000E+00  0.0000E+00  0.0000E+00
      2.714  0.1419E-01  0.8562E-01  0.8562E-01  0.8562E-01  0.0000E+00  0.0000E+00  0.0000E+00  0.0000E+00  0.0000E+00
      2.799  0.1335E-01  0.8441E-01  0.8441E-01  0.8441E-01  0.0000E+00  0.0000E+00  0.0000E+00  0.0000E+00  0.0000E+00
      2.884  0.1244E-01  0.8344E-01  0.8344E-01  0.8344E-01  0.0000E+00  0.0000E+00  0.0000E+00  0.0000E+00  0.0000E+00
      2.969  0.1148E-01  0.8319E-01  0.8319E-01  0.8319E-01  0.0000E+00  0.0000E+00  0.0000E+00  0.0000E+00  0.0000E+00
      3.054  0.1026E-01  0.8260E-01  0.8260E-01  0.8260E-01  0.0000E+00  0.0000E+00  0.0000E+00  0.0000E+00  0.0000E+00
      3.139  0.9307E-02  0.8189E-01  0.8189E-01  0.8189E-01  0.0000E+00  0.0000E+00  0.0000E+00  0.0000E+00  0.0000E+00
      3.225  0.8440E-02  0.8145E-01  0.8145E-01  0.8145E-01  0.0000E+00  0.0000E+00  0.0000E+00  0.0000E+00  0.0000E+00
      3.310  0.7645E-02  0.8154E-01  0.8154E-01  0.8154E-01  0.0000E+00  0.0000E+00  0.0000E+00  0.0000E+00  0.0000E+00
      3.395  0.6736E-02  0.8115E-01  0.8115E-01  0.8115E-01  0.0000E+00  0.0000E+00  0.0000E+00  0.0000E+00  0.0000E+00
      3.480  0.5802E-02  0.7233E-01  0.7233E-01  0.7233E-01  0.0000E+00  0.0000E+00  0.0000E+00  0.0000E+00  0.0000E+00
      3.565  0.5169E-02  0.5617E-01  0.5617E-01  0.5617E-01  0.0000E+00  0.0000E+00  0.0000E+00  0.0000E+00  0.0000E+00
      3.650  0.4637E-02  0.4871E-01  0.4871E-01  0.4871E-01  0.0000E+00  0.0000E+00  0.0000E+00  0.0000E+00  0.0000E+00
      3.735  0.4052E-02  0.4251E-01  0.4251E-01  0.4251E-01  0.0000E+00  0.0000E+00  0.0000E+00  0.0000E+00  0.0000E+00
      3.820  0.3556E-02  0.3770E-01  0.3770E-01  0.3770E-01  0.0000E+00  0.0000E+00  0.0000E+00  0.0000E+00  0.0000E+00
      3.906  0.2989E-02  0.3327E-01  0.3327E-01  0.3327E-01  0.0000E+00  0.0000E+00  0.0000E+00  0.0000E+00  0.0000E+00
      3.991  0.2400E-02  0.2955E-01  0.2955E-01  0.2955E-01  0.0000E+00  0.0000E+00  0.0000E+00  0.0000E+00  0.0000E+00
      4.076  0.1924E-02  0.2582E-01  0.2582E-01  0.2582E-01  0.0000E+00  0.0000E+00  0.0000E+00  0.0000E+00  0.0000E+00
      4.161  0.1477E-02  0.2253E-01  0.2253E-01  0.2253E-01  0.0000E+00  0.0000E+00  0.0000E+00  0.0000E+00  0.0000E+00
      4.246  0.1184E-02  0.1927E-01  0.1927E-01  0.1927E-01  0.0000E+00  0.0000E+00  0.0000E+00  0.0000E+00  0.0000E+00
      4.331  0.8172E-03  0.1600E-01  0.1600E-01  0.1600E-01  0.0000E+00  0.0000E+00  0.0000E+00  0.0000E+00  0.0000E+00
      4.416  0.5106E-03  0.1302E-01  0.1302E-01  0.1302E-01  0.0000E+00  0.0000E+00  0.0000E+00  0.0000E+00  0.0000E+00
      4.501  0.2701E-03  0.9316E-02  0.9316E-02  0.9316E-02  0.0000E+00  0.0000E+00  0.0000E+00  0.0000E+00  0.0000E+00
      4.587  0.3987E-04  0.4144E-02  0.4144E-02  0.4144E-02  0.0000E+00  0.0000E+00  0.0000E+00  0.0000E+00  0.0000E+00
      4.672  0.0000E+00  0.0000E+00  0.0000E+00  0.0000E+00  0.0000E+00  0.0000E+00  0.0000E+00  0.0000E+00  0.0000E+00
      4.757  0.0000E+00  0.0000E+00  0.0000E+00  0.0000E+00  0.0000E+00  0.0000E+00  0.0000E+00  0.0000E+00  0.0000E+00
      4.842  0.0000E+00  0.0000E+00  0.0000E+00  0.0000E+00  0.0000E+00  0.0000E+00  0.0000E+00  0.0000E+00  0.0000E+00
      4.927  0.0000E+00  0.0000E+00  0.0000E+00  0.0000E+00  0.0000E+00  0.0000E+00  0.0000E+00  0.0000E+00  0.0000E+00
      5.012  0.0000E+00  0.0000E+00  0.0000E+00  0.0000E+00  0.0000E+00  0.0000E+00  0.0000E+00  0.0000E+00  0.0000E+00
      5.097  0.0000E+00  0.0000E+00  0.0000E+00  0.0000E+00  0.0000E+00  0.0000E+00  0.0000E+00  0.0000E+00  0.0000E+00
      5.182  0.0000E+00  0.0000E+00  0.0000E+00  0.0000E+00  0.0000E+00  0.0000E+00  0.0000E+00  0.0000E+00  0.0000E+00
      5.268  0.0000E+00  0.0000E+00  0.0000E+00  0.0000E+00  0.0000E+00  0.0000E+00  0.0000E+00  0.0000E+00  0.0000E+00
      5.353  0.0000E+00  0.0000E+00  0.0000E+00  0.0000E+00  0.0000E+00  0.0000E+00  0.0000E+00  0.0000E+00  0.0000E+00
      5.438  0.0000E+00  0.0000E+00  0.0000E+00  0.0000E+00  0.0000E+00  0.0000E+00  0.0000E+00  0.0000E+00  0.0000E+00
      5.523  0.0000E+00  0.0000E+00  0.0000E+00  0.0000E+00  0.0000E+00  0.0000E+00  0.0000E+00  0.0000E+00  0.0000E+00
      5.608  0.7248E-03  0.2595E-03  0.2595E-03  0.2595E-03  0.0000E+00  0.0000E+00  0.0000E+00  0.0000E+00  0.0000E+00
      5.693  0.6099E-02  0.2265E-02  0.2265E-02  0.2265E-02  0.0000E+00  0.0000E+00  0.0000E+00  0.0000E+00  0.0000E+00
      5.778  0.9826E-02  0.3759E-02  0.3759E-02  0.3759E-02  0.0000E+00  0.0000E+00  0.0000E+00  0.0000E+00  0.0000E+00
      5.863  0.1416E-01  0.5517E-02  0.5517E-02  0.5517E-02  0.0000E+00  0.0000E+00  0.0000E+00  0.0000E+00  0.0000E+00
      5.949  0.1685E-01  0.6853E-02  0.6853E-02  0.6853E-02  0.0000E+00  0.0000E+00  0.0000E+00  0.0000E+00  0.0000E+00
      6.034  0.1919E-01  0.8127E-02  0.8127E-02  0.8127E-02  0.0000E+00  0.0000E+00  0.0000E+00  0.0000E+00  0.0000E+00
      6.119  0.2276E-01  0.9558E-02  0.9558E-02  0.9558E-02  0.0000E+00  0.0000E+00  0.0000E+00  0.0000E+00  0.0000E+00
      6.204  0.3393E-01  0.1164E-01  0.1164E-01  0.1164E-01  0.0000E+00  0.0000E+00  0.0000E+00  0.0000E+00  0.0000E+00
      6.289  0.4209E-01  0.1375E-01  0.1375E-01  0.1375E-01  0.0000E+00  0.0000E+00  0.0000E+00  0.0000E+00  0.0000E+00
      6.374  0.4820E-01  0.1572E-01  0.1572E-01  0.1572E-01  0.0000E+00  0.0000E+00  0.0000E+00  0.0000E+00  0.0000E+00
      6.459  0.5477E-01  0.1786E-01  0.1786E-01  0.1786E-01  0.0000E+00  0.0000E+00  0.0000E+00  0.0000E+00  0.0000E+00
      6.544  0.6180E-01  0.2034E-01  0.2034E-01  0.2034E-01  0.0000E+00  0.0000E+00  0.0000E+00  0.0000E+00  0.0000E+00
      6.630  0.6928E-01  0.2326E-01  0.2326E-01  0.2326E-01  0.0000E+00  0.0000E+00  0.0000E+00  0.0000E+00  0.0000E+00
      6.715  0.7811E-01  0.2661E-01  0.2661E-01  0.2661E-01  0.0000E+00  0.0000E+00  0.0000E+00  0.0000E+00  0.0000E+00
      6.800  0.8892E-01  0.3066E-01  0.3066E-01  0.3066E-01  0.0000E+00  0.0000E+00  0.0000E+00  0.0000E+00  0.0000E+00
      6.885  0.1051E+00  0.3656E-01  0.3656E-01  0.3656E-01  0.0000E+00  0.0000E+00  0.0000E+00  0.0000E+00  0.0000E+00
      6.970  0.1312E+00  0.4547E-01  0.4547E-01  0.4547E-01  0.0000E+00  0.0000E+00  0.0000E+00  0.0000E+00  0.0000E+00
      7.055  0.1271E+00  0.4724E-01  0.4724E-01  0.4724E-01  0.0000E+00  0.0000E+00  0.0000E+00  0.0000E+00  0.0000E+00
      7.140  0.1207E+00  0.4802E-01  0.4802E-01  0.4802E-01  0.0000E+00  0.0000E+00  0.0000E+00  0.0000E+00  0.0000E+00
      7.225  0.1078E+00  0.4412E-01  0.4412E-01  0.4412E-01  0.0000E+00  0.0000E+00  0.0000E+00  0.0000E+00  0.0000E+00
      7.310  0.9976E-01  0.4083E-01  0.4083E-01  0.4083E-01  0.0000E+00  0.0000E+00  0.0000E+00  0.0000E+00  0.0000E+00
      7.396  0.8364E-01  0.3761E-01  0.3761E-01  0.3761E-01  0.0000E+00  0.0000E+00  0.0000E+00  0.0000E+00  0.0000E+00
      7.481  0.7796E-01  0.3713E-01  0.3713E-01  0.3713E-01  0.0000E+00  0.0000E+00  0.0000E+00  0.0000E+00  0.0000E+00
      7.566  0.7542E-01  0.3755E-01  0.3755E-01  0.3755E-01  0.0000E+00  0.0000E+00  0.0000E+00  0.0000E+00  0.0000E+00
      7.651  0.6700E-01  0.3679E-01  0.3679E-01  0.3679E-01  0.0000E+00  0.0000E+00  0.0000E+00  0.0000E+00  0.0000E+00
      7.736  0.4999E-01  0.3160E-01  0.3160E-01  0.3160E-01  0.0000E+00  0.0000E+00  0.0000E+00  0.0000E+00  0.0000E+00
      7.821  0.4777E-01  0.3209E-01  0.3209E-01  0.3209E-01  0.0000E+00  0.0000E+00  0.0000E+00  0.0000E+00  0.0000E+00
      7.906  0.4442E-01  0.3227E-01  0.3227E-01  0.3227E-01  0.0000E+00  0.0000E+00  0.0000E+00  0.0000E+00  0.0000E+00
      7.991  0.4543E-01  0.3548E-01  0.3548E-01  0.3548E-01  0.0000E+00  0.0000E+00  0.0000E+00  0.0000E+00  0.0000E+00
      8.077  0.4893E-01  0.4095E-01  0.4095E-01  0.4095E-01  0.0000E+00  0.0000E+00  0.0000E+00  0.0000E+00  0.0000E+00
      8.162  0.6744E-01  0.9526E-01  0.9526E-01  0.9526E-01  0.0000E+00  0.0000E+00  0.0000E+00  0.0000E+00  0.0000E+00
      8.247  0.6391E-01  0.8771E-01  0.8771E-01  0.8771E-01  0.0000E+00  0.0000E+00  0.0000E+00  0.0000E+00  0.0000E+00
      8.332  0.6948E-01  0.7036E-01  0.7036E-01  0.7036E-01  0.0000E+00  0.0000E+00  0.0000E+00  0.0000E+00  0.0000E+00
      8.417  0.1014E+00  0.7479E-01  0.7479E-01  0.7479E-01  0.0000E+00  0.0000E+00  0.0000E+00  0.0000E+00  0.0000E+00
      8.502  0.6484E-01  0.6225E-01  0.6225E-01  0.6225E-01  0.0000E+00  0.0000E+00  0.0000E+00  0.0000E+00  0.0000E+00
      8.587  0.5147E-01  0.5942E-01  0.5942E-01  0.5942E-01  0.0000E+00  0.0000E+00  0.0000E+00  0.0000E+00  0.0000E+00
      8.672  0.4072E-01  0.5214E-01  0.5214E-01  0.5214E-01  0.0000E+00  0.0000E+00  0.0000E+00  0.0000E+00  0.0000E+00
      8.758  0.3533E-01  0.4768E-01  0.4768E-01  0.4768E-01  0.0000E+00  0.0000E+00  0.0000E+00  0.0000E+00  0.0000E+00
      8.843  0.3416E-01  0.4583E-01  0.4583E-01  0.4583E-01  0.0000E+00  0.0000E+00  0.0000E+00  0.0000E+00  0.0000E+00
      8.928  0.2711E-01  0.4122E-01  0.4122E-01  0.4122E-01  0.0000E+00  0.0000E+00  0.0000E+00  0.0000E+00  0.0000E+00
      9.013  0.2714E-01  0.4162E-01  0.4162E-01  0.4162E-01  0.0000E+00  0.0000E+00  0.0000E+00  0.0000E+00  0.0000E+00
      9.098  0.2781E-01  0.4285E-01  0.4285E-01  0.4285E-01  0.0000E+00  0.0000E+00  0.0000E+00  0.0000E+00  0.0000E+00
      9.183  0.2870E-01  0.4350E-01  0.4350E-01  0.4350E-01  0.0000E+00  0.0000E+00  0.0000E+00  0.0000E+00  0.0000E+00
      9.268  0.3079E-01  0.4568E-01  0.4568E-01  0.4568E-01  0.0000E+00  0.0000E+00  0.0000E+00  0.0000E+00  0.0000E+00
      9.353  0.3225E-01  0.5062E-01  0.5062E-01  0.5062E-01  0.0000E+00  0.0000E+00  0.0000E+00  0.0000E+00  0.0000E+00
      9.439  0.3302E-01  0.5614E-01  0.5614E-01  0.5614E-01  0.0000E+00  0.0000E+00  0.0000E+00  0.0000E+00  0.0000E+00
      9.524  0.3498E-01  0.4833E-01  0.4833E-01  0.4833E-01  0.0000E+00  0.0000E+00  0.0000E+00  0.0000E+00  0.0000E+00
      9.609  0.3605E-01  0.4851E-01  0.4851E-01  0.4851E-01  0.0000E+00  0.0000E+00  0.0000E+00  0.0000E+00  0.0000E+00
      9.694  0.3675E-01  0.4847E-01  0.4847E-01  0.4847E-01  0.0000E+00  0.0000E+00  0.0000E+00  0.0000E+00  0.0000E+00
      9.779  0.3552E-01  0.4584E-01  0.4584E-01  0.4584E-01  0.0000E+00  0.0000E+00  0.0000E+00  0.0000E+00  0.0000E+00
      9.864  0.3594E-01  0.4556E-01  0.4556E-01  0.4556E-01  0.0000E+00  0.0000E+00  0.0000E+00  0.0000E+00  0.0000E+00
      9.949  0.3619E-01  0.4640E-01  0.4640E-01  0.4640E-01  0.0000E+00  0.0000E+00  0.0000E+00  0.0000E+00  0.0000E+00
     10.034  0.3522E-01  0.4528E-01  0.4528E-01  0.4528E-01  0.0000E+00  0.0000E+00  0.0000E+00  0.0000E+00  0.0000E+00
     10.120  0.3659E-01  0.4598E-01  0.4598E-01  0.4598E-01  0.0000E+00  0.0000E+00  0.0000E+00  0.0000E+00  0.0000E+00
     10.205  0.3464E-01  0.4487E-01  0.4487E-01  0.4487E-01  0.0000E+00  0.0000E+00  0.0000E+00  0.0000E+00  0.0000E+00
     10.290  0.3376E-01  0.4429E-01  0.4429E-01  0.4429E-01  0.0000E+00  0.0000E+00  0.0000E+00  0.0000E+00  0.0000E+00
     10.375  0.3246E-01  0.4337E-01  0.4337E-01  0.4337E-01  0.0000E+00  0.0000E+00  0.0000E+00  0.0000E+00  0.0000E+00
     10.460  0.3196E-01  0.4375E-01  0.4375E-01  0.4375E-01  0.0000E+00  0.0000E+00  0.0000E+00  0.0000E+00  0.0000E+00
     10.545  0.3068E-01  0.4332E-01  0.4332E-01  0.4332E-01  0.0000E+00  0.0000E+00  0.0000E+00  0.0000E+00  0.0000E+00
     10.630  0.2942E-01  0.4239E-01  0.4239E-01  0.4239E-01  0.0000E+00  0.0000E+00  0.0000E+00  0.0000E+00  0.0000E+00
     10.715  0.2880E-01  0.4188E-01  0.4188E-01  0.4188E-01  0.0000E+00  0.0000E+00  0.0000E+00  0.0000E+00  0.0000E+00
     10.801  0.2690E-01  0.4039E-01  0.4039E-01  0.4039E-01  0.0000E+00  0.0000E+00  0.0000E+00  0.0000E+00  0.0000E+00
     10.886  0.2594E-01  0.4034E-01  0.4034E-01  0.4034E-01  0.0000E+00  0.0000E+00  0.0000E+00  0.0000E+00  0.0000E+00
     10.971  0.2350E-01  0.3829E-01  0.3829E-01  0.3829E-01  0.0000E+00  0.0000E+00  0.0000E+00  0.0000E+00  0.0000E+00
     11.056  0.2052E-01  0.3524E-01  0.3524E-01  0.3524E-01  0.0000E+00  0.0000E+00  0.0000E+00  0.0000E+00  0.0000E+00
     11.141  0.1971E-01  0.3581E-01  0.3581E-01  0.3581E-01  0.0000E+00  0.0000E+00  0.0000E+00  0.0000E+00  0.0000E+00
     11.226  0.1929E-01  0.3599E-01  0.3599E-01  0.3599E-01  0.0000E+00  0.0000E+00  0.0000E+00  0.0000E+00  0.0000E+00
     11.311  0.2032E-01  0.3776E-01  0.3776E-01  0.3776E-01  0.0000E+00  0.0000E+00  0.0000E+00  0.0000E+00  0.0000E+00
     11.396  0.2478E-01  0.4481E-01  0.4481E-01  0.4481E-01  0.0000E+00  0.0000E+00  0.0000E+00  0.0000E+00  0.0000E+00
     11.482  0.2234E-01  0.4218E-01  0.4218E-01  0.4218E-01  0.0000E+00  0.0000E+00  0.0000E+00  0.0000E+00  0.0000E+00
     11.567  0.1922E-01  0.3835E-01  0.3835E-01  0.3835E-01  0.0000E+00  0.0000E+00  0.0000E+00  0.0000E+00  0.0000E+00
     11.652  0.1680E-01  0.3514E-01  0.3514E-01  0.3514E-01  0.0000E+00  0.0000E+00  0.0000E+00  0.0000E+00  0.0000E+00
     11.737  0.1520E-01  0.3307E-01  0.3307E-01  0.3307E-01  0.0000E+00  0.0000E+00  0.0000E+00  0.0000E+00  0.0000E+00
     11.822  0.1374E-01  0.3100E-01  0.3100E-01  0.3100E-01  0.0000E+00  0.0000E+00  0.0000E+00  0.0000E+00  0.0000E+00
     11.907  0.1241E-01  0.2924E-01  0.2924E-01  0.2924E-01  0.0000E+00  0.0000E+00  0.0000E+00  0.0000E+00  0.0000E+00
     11.992  0.1165E-01  0.2866E-01  0.2866E-01  0.2866E-01  0.0000E+00  0.0000E+00  0.0000E+00  0.0000E+00  0.0000E+00
     12.077  0.1100E-01  0.2779E-01  0.2779E-01  0.2779E-01  0.0000E+00  0.0000E+00  0.0000E+00  0.0000E+00  0.0000E+00
     12.163  0.1024E-01  0.2674E-01  0.2674E-01  0.2674E-01  0.0000E+00  0.0000E+00  0.0000E+00  0.0000E+00  0.0000E+00
     12.248  0.9802E-02  0.2634E-01  0.2634E-01  0.2634E-01  0.0000E+00  0.0000E+00  0.0000E+00  0.0000E+00  0.0000E+00
     12.333  0.8551E-02  0.2462E-01  0.2462E-01  0.2462E-01  0.0000E+00  0.0000E+00  0.0000E+00  0.0000E+00  0.0000E+00
     12.418  0.7514E-02  0.2353E-01  0.2353E-01  0.2353E-01  0.0000E+00  0.0000E+00  0.0000E+00  0.0000E+00  0.0000E+00
     12.503  0.7189E-02  0.2372E-01  0.2372E-01  0.2372E-01  0.0000E+00  0.0000E+00  0.0000E+00  0.0000E+00  0.0000E+00
     12.588  0.6607E-02  0.2350E-01  0.2350E-01  0.2350E-01  0.0000E+00  0.0000E+00  0.0000E+00  0.0000E+00  0.0000E+00
     12.673  0.5437E-02  0.2183E-01  0.2183E-01  0.2183E-01  0.0000E+00  0.0000E+00  0.0000E+00  0.0000E+00  0.0000E+00
     12.758  0.4725E-02  0.2189E-01  0.2189E-01  0.2189E-01  0.0000E+00  0.0000E+00  0.0000E+00  0.0000E+00  0.0000E+00
     12.844  0.4255E-02  0.2314E-01  0.2314E-01  0.2314E-01  0.0000E+00  0.0000E+00  0.0000E+00  0.0000E+00  0.0000E+00
     12.929  0.3356E-02  0.1754E-01  0.1754E-01  0.1754E-01  0.0000E+00  0.0000E+00  0.0000E+00  0.0000E+00  0.0000E+00
     13.014  0.2828E-02  0.1210E-01  0.1210E-01  0.1210E-01  0.0000E+00  0.0000E+00  0.0000E+00  0.0000E+00  0.0000E+00
     13.099  0.2631E-02  0.1165E-01  0.1165E-01  0.1165E-01  0.0000E+00  0.0000E+00  0.0000E+00  0.0000E+00  0.0000E+00
     13.184  0.2353E-02  0.1102E-01  0.1102E-01  0.1102E-01  0.0000E+00  0.0000E+00  0.0000E+00  0.0000E+00  0.0000E+00
     13.269  0.1909E-02  0.1015E-01  0.1015E-01  0.1015E-01  0.0000E+00  0.0000E+00  0.0000E+00  0.0000E+00  0.0000E+00
     13.354  0.1721E-02  0.9978E-02  0.9978E-02  0.9978E-02  0.0000E+00  0.0000E+00  0.0000E+00  0.0000E+00  0.0000E+00
     13.439  0.1459E-02  0.9055E-02  0.9055E-02  0.9055E-02  0.0000E+00  0.0000E+00  0.0000E+00  0.0000E+00  0.0000E+00
     13.525  0.1225E-02  0.7908E-02  0.7908E-02  0.7908E-02  0.0000E+00  0.0000E+00  0.0000E+00  0.0000E+00  0.0000E+00
     13.610  0.1037E-02  0.7015E-02  0.7015E-02  0.7015E-02  0.0000E+00  0.0000E+00  0.0000E+00  0.0000E+00  0.0000E+00
     13.695  0.8782E-03  0.6283E-02  0.6283E-02  0.6283E-02  0.0000E+00  0.0000E+00  0.0000E+00  0.0000E+00  0.0000E+00
     13.780  0.7736E-03  0.5959E-02  0.5959E-02  0.5959E-02  0.0000E+00  0.0000E+00  0.0000E+00  0.0000E+00  0.0000E+00
     13.865  0.6908E-03  0.5761E-02  0.5761E-02  0.5761E-02  0.0000E+00  0.0000E+00  0.0000E+00  0.0000E+00  0.0000E+00
     13.950  0.5776E-03  0.5293E-02  0.5293E-02  0.5293E-02  0.0000E+00  0.0000E+00  0.0000E+00  0.0000E+00  0.0000E+00
     14.035  0.3647E-03  0.4813E-02  0.4813E-02  0.4813E-02  0.0000E+00  0.0000E+00  0.0000E+00  0.0000E+00  0.0000E+00
     14.120  0.2397E-03  0.3557E-02  0.3557E-02  0.3557E-02  0.0000E+00  0.0000E+00  0.0000E+00  0.0000E+00  0.0000E+00
     14.206  0.1623E-03  0.2582E-02  0.2582E-02  0.2582E-02  0.0000E+00  0.0000E+00  0.0000E+00  0.0000E+00  0.0000E+00
     14.291  0.9610E-04  0.1814E-02  0.1814E-02  0.1814E-02  0.0000E+00  0.0000E+00  0.0000E+00  0.0000E+00  0.0000E+00
     14.376  0.4908E-04  0.1468E-02  0.1468E-02  0.1468E-02  0.0000E+00  0.0000E+00  0.0000E+00  0.0000E+00  0.0000E+00
     14.461  0.5608E-05  0.4640E-03  0.4640E-03  0.4640E-03  0.0000E+00  0.0000E+00  0.0000E+00  0.0000E+00  0.0000E+00
     14.546  0.0000E+00  0.0000E+00  0.0000E+00  0.0000E+00  0.0000E+00  0.0000E+00  0.0000E+00  0.0000E+00  0.0000E+00
     14.631  0.0000E+00  0.0000E+00  0.0000E+00  0.0000E+00  0.0000E+00  0.0000E+00  0.0000E+00  0.0000E+00  0.0000E+00
     14.716  0.0000E+00  0.0000E+00  0.0000E+00  0.0000E+00  0.0000E+00  0.0000E+00  0.0000E+00  0.0000E+00  0.0000E+00
     14.801  0.0000E+00  0.0000E+00  0.0000E+00  0.0000E+00  0.0000E+00  0.0000E+00  0.0000E+00  0.0000E+00  0.0000E+00
     14.887  0.0000E+00  0.0000E+00  0.0000E+00  0.0000E+00  0.0000E+00  0.0000E+00  0.0000E+00  0.0000E+00  0.0000E+00
     14.972  0.0000E+00  0.0000E+00  0.0000E+00  0.0000E+00  0.0000E+00  0.0000E+00  0.0000E+00  0.0000E+00  0.0000E+00
     15.057  0.0000E+00  0.0000E+00  0.0000E+00  0.0000E+00  0.0000E+00  0.0000E+00  0.0000E+00  0.0000E+00  0.0000E+00
     15.142  0.0000E+00  0.0000E+00  0.0000E+00  0.0000E+00  0.0000E+00  0.0000E+00  0.0000E+00  0.0000E+00  0.0000E+00
     15.227  0.0000E+00  0.0000E+00  0.0000E+00  0.0000E+00  0.0000E+00  0.0000E+00  0.0000E+00  0.0000E+00  0.0000E+00
     15.312  0.0000E+00  0.0000E+00  0.0000E+00  0.0000E+00  0.0000E+00  0.0000E+00  0.0000E+00  0.0000E+00  0.0000E+00
     15.397  0.0000E+00  0.0000E+00  0.0000E+00  0.0000E+00  0.0000E+00  0.0000E+00  0.0000E+00  0.0000E+00  0.0000E+00
     15.482  0.0000E+00  0.0000E+00  0.0000E+00  0.0000E+00  0.0000E+00  0.0000E+00  0.0000E+00  0.0000E+00  0.0000E+00
     15.568  0.0000E+00  0.0000E+00  0.0000E+00  0.0000E+00  0.0000E+00  0.0000E+00  0.0000E+00  0.0000E+00  0.0000E+00
     15.653  0.0000E+00  0.0000E+00  0.0000E+00  0.0000E+00  0.0000E+00  0.0000E+00  0.0000E+00  0.0000E+00  0.0000E+00
     15.738  0.0000E+00  0.0000E+00  0.0000E+00  0.0000E+00  0.0000E+00  0.0000E+00  0.0000E+00  0.0000E+00  0.0000E+00
     15.823  0.0000E+00  0.0000E+00  0.0000E+00  0.0000E+00  0.0000E+00  0.0000E+00  0.0000E+00  0.0000E+00  0.0000E+00
     15.908  0.0000E+00  0.0000E+00  0.0000E+00  0.0000E+00  0.0000E+00  0.0000E+00  0.0000E+00  0.0000E+00  0.0000E+00
     15.993  0.0000E+00  0.0000E+00  0.0000E+00  0.0000E+00  0.0000E+00  0.0000E+00  0.0000E+00  0.0000E+00  0.0000E+00
     16.078  0.0000E+00  0.0000E+00  0.0000E+00  0.0000E+00  0.0000E+00  0.0000E+00  0.0000E+00  0.0000E+00  0.0000E+00
     16.163  0.0000E+00  0.0000E+00  0.0000E+00  0.0000E+00  0.0000E+00  0.0000E+00  0.0000E+00  0.0000E+00  0.0000E+00
     16.249  0.0000E+00  0.0000E+00  0.0000E+00  0.0000E+00  0.0000E+00  0.0000E+00  0.0000E+00  0.0000E+00  0.0000E+00
     16.334  0.0000E+00  0.0000E+00  0.0000E+00  0.0000E+00  0.0000E+00  0.0000E+00  0.0000E+00  0.0000E+00  0.0000E+00
     16.419  0.0000E+00  0.0000E+00  0.0000E+00  0.0000E+00  0.0000E+00  0.0000E+00  0.0000E+00  0.0000E+00  0.0000E+00
