   2   2   1   0
  0.2606598E+02  0.4193143E-09  0.4193143E-09  0.4193143E-09  0.5000000E-15
  1.000000000000000E-004
  CAR 
 Si                                      
     13.89035459     -9.50431884  301      4.25837776      1.00000000
     -9.504  0.0000E+00  0.0000E+00
     -9.426  0.0000E+00  0.0000E+00
     -9.348  0.0000E+00  0.0000E+00
     -9.270  0.0000E+00  0.0000E+00
     -9.192  0.0000E+00  0.0000E+00
     -9.114  0.0000E+00  0.0000E+00
     -9.036  0.0000E+00  0.0000E+00
     -8.958  0.0000E+00  0.0000E+00
     -8.880  0.0000E+00  0.0000E+00
     -8.802  0.0000E+00  0.0000E+00
     -8.724  0.0000E+00  0.0000E+00
     -8.647  0.0000E+00  0.0000E+00
     -8.569  0.0000E+00  0.0000E+00
     -8.491  0.0000E+00  0.0000E+00
     -8.413  0.0000E+00  0.0000E+00
     -8.335  0.0000E+00  0.0000E+00
     -8.257  0.0000E+00  0.0000E+00
     -8.179  0.0000E+00  0.0000E+00
     -8.101  0.0000E+00  0.0000E+00
     -8.023  0.0000E+00  0.0000E+00
     -7.945  0.0000E+00  0.0000E+00
     -7.867  0.0000E+00  0.0000E+00
     -7.789  0.0000E+00  0.0000E+00
     -7.711  0.0000E+00  0.0000E+00
     -7.633  0.0000E+00  0.0000E+00
     -7.555  0.0000E+00  0.0000E+00
     -7.477  0.6151E-01  0.9251E-03
     -7.399  0.1495E+00  0.9290E-02
     -7.321  0.1896E+00  0.2240E-01
     -7.243  0.2308E+00  0.3898E-01
     -7.165  0.2683E+00  0.5839E-01
     -7.087  0.2975E+00  0.8046E-01
     -7.009  0.3301E+00  0.1049E+00
     -6.931  0.3558E+00  0.1316E+00
     -6.853  0.3850E+00  0.1605E+00
     -6.775  0.4103E+00  0.1915E+00
     -6.697  0.4368E+00  0.2246E+00
     -6.619  0.4635E+00  0.2597E+00
     -6.541  0.4890E+00  0.2968E+00
     -6.463  0.5163E+00  0.3360E+00
     -6.385  0.5434E+00  0.3774E+00
     -6.307  0.5712E+00  0.4208E+00
     -6.229  0.6015E+00  0.4665E+00
     -6.151  0.6329E+00  0.5146E+00
     -6.073  0.6669E+00  0.5653E+00
     -5.995  0.7055E+00  0.6188E+00
     -5.917  0.7494E+00  0.6755E+00
     -5.839  0.8028E+00  0.7359E+00
     -5.761  0.8755E+00  0.8012E+00
     -5.683  0.1011E+01  0.8739E+00
     -5.605  0.1110E+01  0.9593E+00
     -5.527  0.1049E+01  0.1043E+01
     -5.449  0.1016E+01  0.1124E+01
     -5.371  0.9779E+00  0.1201E+01
     -5.293  0.9318E+00  0.1276E+01
     -5.215  0.9012E+00  0.1347E+01
     -5.137  0.8574E+00  0.1416E+01
     -5.059  0.8211E+00  0.1481E+01
     -4.981  0.7791E+00  0.1544E+01
     -4.903  0.7386E+00  0.1603E+01
     -4.825  0.6997E+00  0.1659E+01
     -4.747  0.6541E+00  0.1712E+01
     -4.669  0.6117E+00  0.1761E+01
     -4.591  0.5679E+00  0.1807E+01
     -4.513  0.5183E+00  0.1850E+01
     -4.435  0.4749E+00  0.1888E+01
     -4.357  0.4189E+00  0.1923E+01
     -4.280  0.3839E+00  0.1954E+01
     -4.202  0.2817E+00  0.1980E+01
     -4.124  0.1090E+00  0.1998E+01
     -4.046  0.0000E+00  0.2000E+01
     -3.968  0.2442E-01  0.2001E+01
     -3.890  0.1068E+00  0.2005E+01
     -3.812  0.2737E+00  0.2019E+01
     -3.734  0.3354E+00  0.2044E+01
     -3.656  0.3795E+00  0.2072E+01
     -3.578  0.4352E+00  0.2104E+01
     -3.500  0.4774E+00  0.2139E+01
     -3.422  0.5290E+00  0.2179E+01
     -3.344  0.5825E+00  0.2222E+01
     -3.266  0.6324E+00  0.2269E+01
     -3.188  0.6907E+00  0.2321E+01
     -3.110  0.7599E+00  0.2377E+01
     -3.032  0.8543E+00  0.2440E+01
     -2.954  0.9642E+00  0.2510E+01
     -2.876  0.1461E+01  0.2597E+01
     -2.798  0.1495E+01  0.2726E+01
     -2.720  0.1037E+01  0.2817E+01
     -2.642  0.8975E+00  0.2892E+01
     -2.564  0.8013E+00  0.2958E+01
     -2.486  0.7275E+00  0.3018E+01
     -2.408  0.6735E+00  0.3072E+01
     -2.330  0.6278E+00  0.3123E+01
     -2.252  0.5862E+00  0.3170E+01
     -2.174  0.5468E+00  0.3214E+01
     -2.096  0.5166E+00  0.3256E+01
     -2.018  0.4897E+00  0.3295E+01
     -1.940  0.4632E+00  0.3332E+01
     -1.862  0.4373E+00  0.3367E+01
     -1.784  0.4127E+00  0.3400E+01
     -1.706  0.3943E+00  0.3432E+01
     -1.628  0.3760E+00  0.3462E+01
     -1.550  0.3577E+00  0.3490E+01
     -1.472  0.3389E+00  0.3518E+01
     -1.394  0.3207E+00  0.3543E+01
     -1.316  0.3076E+00  0.3568E+01
     -1.238  0.2943E+00  0.3591E+01
     -1.160  0.2805E+00  0.3614E+01
     -1.082  0.2664E+00  0.3635E+01
     -1.004  0.2515E+00  0.3655E+01
     -0.926  0.2413E+00  0.3674E+01
     -0.848  0.2312E+00  0.3693E+01
     -0.770  0.2211E+00  0.3710E+01
     -0.692  0.2103E+00  0.3727E+01
     -0.614  0.1993E+00  0.3743E+01
     -0.536  0.1883E+00  0.3758E+01
     -0.458  0.1810E+00  0.3773E+01
     -0.380  0.1734E+00  0.3787E+01
     -0.302  0.1652E+00  0.3800E+01
     -0.224  0.1572E+00  0.3812E+01
     -0.146  0.1480E+00  0.3824E+01
     -0.068  0.5280E+00  0.3841E+01
      0.010  0.9320E+00  0.3898E+01
      0.087  0.1485E+01  0.3987E+01
      0.165  0.1621E+01  0.4117E+01
      0.243  0.1526E+01  0.4241E+01
      0.321  0.1366E+01  0.4352E+01
      0.399  0.1299E+01  0.4456E+01
      0.477  0.1585E+01  0.4554E+01
      0.555  0.1283E+01  0.4653E+01
      0.633  0.1323E+01  0.4754E+01
      0.711  0.1339E+01  0.4858E+01
      0.789  0.1517E+01  0.4965E+01
      0.867  0.1496E+01  0.5077E+01
      0.945  0.1607E+01  0.5197E+01
      1.023  0.1938E+01  0.5336E+01
      1.101  0.1894E+01  0.5484E+01
      1.179  0.1852E+01  0.5629E+01
      1.257  0.1810E+01  0.5771E+01
      1.335  0.1770E+01  0.5911E+01
      1.413  0.1749E+01  0.6048E+01
      1.491  0.1713E+01  0.6183E+01
      1.569  0.1684E+01  0.6316E+01
      1.647  0.1651E+01  0.6446E+01
      1.725  0.1626E+01  0.6574E+01
      1.803  0.1604E+01  0.6700E+01
      1.881  0.1570E+01  0.6823E+01
      1.959  0.1537E+01  0.6944E+01
      2.037  0.1511E+01  0.7063E+01
      2.115  0.1491E+01  0.7180E+01
      2.193  0.1480E+01  0.7296E+01
      2.271  0.1448E+01  0.7411E+01
      2.349  0.1245E+01  0.7517E+01
      2.427  0.9622E+00  0.7599E+01
      2.505  0.8193E+00  0.7668E+01
      2.583  0.7062E+00  0.7727E+01
      2.661  0.6201E+00  0.7779E+01
      2.739  0.5422E+00  0.7824E+01
      2.817  0.4689E+00  0.7864E+01
      2.895  0.4030E+00  0.7898E+01
      2.973  0.3454E+00  0.7927E+01
      3.051  0.2828E+00  0.7951E+01
      3.129  0.2282E+00  0.7971E+01
      3.207  0.1679E+00  0.7987E+01
      3.285  0.8269E-01  0.7997E+01
      3.363  0.0000E+00  0.8000E+01
      3.441  0.0000E+00  0.8000E+01
      3.519  0.0000E+00  0.8000E+01
      3.597  0.0000E+00  0.8000E+01
      3.675  0.0000E+00  0.8000E+01
      3.753  0.0000E+00  0.8000E+01
      3.831  0.0000E+00  0.8000E+01
      3.909  0.0000E+00  0.8000E+01
      3.987  0.0000E+00  0.8000E+01
      4.065  0.0000E+00  0.8000E+01
      4.143  0.0000E+00  0.8000E+01
      4.221  0.0000E+00  0.8000E+01
      4.299  0.1116E-01  0.8000E+01
      4.377  0.5395E-01  0.8003E+01
      4.455  0.9853E-01  0.8009E+01
      4.532  0.2414E+00  0.8021E+01
      4.610  0.3708E+00  0.8044E+01
      4.688  0.4974E+00  0.8078E+01
      4.766  0.6502E+00  0.8123E+01
      4.844  0.7591E+00  0.8178E+01
      4.922  0.8805E+00  0.8242E+01
      5.000  0.1024E+01  0.8316E+01
      5.078  0.1183E+01  0.8402E+01
      5.156  0.1323E+01  0.8500E+01
      5.234  0.1487E+01  0.8609E+01
      5.312  0.1723E+01  0.8733E+01
      5.390  0.2146E+01  0.8883E+01
      5.468  0.2158E+01  0.9058E+01
      5.546  0.2049E+01  0.9224E+01
      5.624  0.1782E+01  0.9372E+01
      5.702  0.1589E+01  0.9502E+01
      5.780  0.1416E+01  0.9622E+01
      5.858  0.1195E+01  0.9723E+01
      5.936  0.1196E+01  0.9816E+01
      6.014  0.1184E+01  0.9909E+01
      6.092  0.1149E+01  0.1000E+02
      6.170  0.1136E+01  0.1009E+02
      6.248  0.1117E+01  0.1018E+02
      6.326  0.1132E+01  0.1026E+02
      6.404  0.1270E+01  0.1036E+02
      6.482  0.1519E+01  0.1047E+02
      6.560  0.1362E+01  0.1058E+02
      6.638  0.1280E+01  0.1068E+02
      6.716  0.1406E+01  0.1079E+02
      6.794  0.1827E+01  0.1091E+02
      6.872  0.3207E+01  0.1112E+02
      6.950  0.2117E+01  0.1131E+02
      7.028  0.1754E+01  0.1145E+02
      7.106  0.1804E+01  0.1160E+02
      7.184  0.1649E+01  0.1173E+02
      7.262  0.1480E+01  0.1185E+02
      7.340  0.1305E+01  0.1196E+02
      7.418  0.1245E+01  0.1206E+02
      7.496  0.1212E+01  0.1215E+02
      7.574  0.1123E+01  0.1224E+02
      7.652  0.1170E+01  0.1233E+02
      7.730  0.1336E+01  0.1243E+02
      7.808  0.1411E+01  0.1254E+02
      7.886  0.1581E+01  0.1265E+02
      7.964  0.1779E+01  0.1278E+02
      8.042  0.1798E+01  0.1293E+02
      8.120  0.1603E+01  0.1306E+02
      8.198  0.1610E+01  0.1318E+02
      8.276  0.1543E+01  0.1331E+02
      8.354  0.1433E+01  0.1342E+02
      8.432  0.1458E+01  0.1353E+02
      8.510  0.1390E+01  0.1364E+02
      8.588  0.1329E+01  0.1375E+02
      8.666  0.1398E+01  0.1385E+02
      8.744  0.1319E+01  0.1396E+02
      8.822  0.1198E+01  0.1406E+02
      8.899  0.1158E+01  0.1415E+02
      8.977  0.1135E+01  0.1424E+02
      9.055  0.1115E+01  0.1432E+02
      9.133  0.1090E+01  0.1441E+02
      9.211  0.9994E+00  0.1449E+02
      9.289  0.1009E+01  0.1457E+02
      9.367  0.1052E+01  0.1465E+02
      9.445  0.1231E+01  0.1474E+02
      9.523  0.1261E+01  0.1484E+02
      9.601  0.1200E+01  0.1493E+02
      9.679  0.1102E+01  0.1502E+02
      9.757  0.9863E+00  0.1510E+02
      9.835  0.9118E+00  0.1518E+02
      9.913  0.8481E+00  0.1525E+02
      9.991  0.7979E+00  0.1531E+02
     10.069  0.7459E+00  0.1537E+02
     10.147  0.7067E+00  0.1543E+02
     10.225  0.6624E+00  0.1548E+02
     10.303  0.6242E+00  0.1553E+02
     10.381  0.5871E+00  0.1558E+02
     10.459  0.5615E+00  0.1562E+02
     10.537  0.5214E+00  0.1567E+02
     10.615  0.4812E+00  0.1570E+02
     10.693  0.4648E+00  0.1574E+02
     10.771  0.4437E+00  0.1578E+02
     10.849  0.4176E+00  0.1581E+02
     10.927  0.3918E+00  0.1584E+02
     11.005  0.3710E+00  0.1587E+02
     11.083  0.5045E+00  0.1591E+02
     11.161  0.1862E+00  0.1593E+02
     11.239  0.1557E+00  0.1594E+02
     11.317  0.1446E+00  0.1595E+02
     11.395  0.1330E+00  0.1596E+02
     11.473  0.1185E+00  0.1597E+02
     11.551  0.1022E+00  0.1598E+02
     11.629  0.8580E-01  0.1599E+02
     11.707  0.5954E-01  0.1599E+02
     11.785  0.4018E-01  0.1600E+02
     11.863  0.3028E-01  0.1600E+02
     11.941  0.8432E-02  0.1600E+02
     12.019  0.0000E+00  0.1600E+02
     12.097  0.0000E+00  0.1600E+02
     12.175  0.0000E+00  0.1600E+02
     12.253  0.0000E+00  0.1600E+02
     12.331  0.0000E+00  0.1600E+02
     12.409  0.0000E+00  0.1600E+02
     12.487  0.0000E+00  0.1600E+02
     12.565  0.0000E+00  0.1600E+02
     12.643  0.0000E+00  0.1600E+02
     12.721  0.0000E+00  0.1600E+02
     12.799  0.0000E+00  0.1600E+02
     12.877  0.0000E+00  0.1600E+02
     12.955  0.0000E+00  0.1600E+02
     13.033  0.0000E+00  0.1600E+02
     13.111  0.0000E+00  0.1600E+02
     13.189  0.0000E+00  0.1600E+02
     13.266  0.0000E+00  0.1600E+02
     13.344  0.0000E+00  0.1600E+02
     13.422  0.0000E+00  0.1600E+02
     13.500  0.0000E+00  0.1600E+02
     13.578  0.0000E+00  0.1600E+02
     13.656  0.0000E+00  0.1600E+02
     13.734  0.0000E+00  0.1600E+02
     13.812  0.0000E+00  0.1600E+02
     13.890  0.0000E+00  0.1600E+02
     13.89035459     -9.50431884  301      4.25837776      1.00000000
     -9.504  0.0000E+00  0.0000E+00  0.0000E+00  0.0000E+00  0.0000E+00  0.0000E+00  0.0000E+00  0.0000E+00  0.0000E+00
     -9.426  0.0000E+00  0.0000E+00  0.0000E+00  0.0000E+00  0.0000E+00  0.0000E+00  0.0000E+00  0.0000E+00  0.0000E+00
     -9.348  0.0000E+00  0.0000E+00  0.0000E+00  0.0000E+00  0.0000E+00  0.0000E+00  0.0000E+00  0.0000E+00  0.0000E+00
     -9.270  0.0000E+00  0.0000E+00  0.0000E+00  0.0000E+00  0.0000E+00  0.0000E+00  0.0000E+00  0.0000E+00  0.0000E+00
     -9.192  0.0000E+00  0.0000E+00  0.0000E+00  0.0000E+00  0.0000E+00  0.0000E+00  0.0000E+00  0.0000E+00  0.0000E+00
     -9.114  0.0000E+00  0.0000E+00  0.0000E+00  0.0000E+00  0.0000E+00  0.0000E+00  0.0000E+00  0.0000E+00  0.0000E+00
     -9.036  0.0000E+00  0.0000E+00  0.0000E+00  0.0000E+00  0.0000E+00  0.0000E+00  0.0000E+00  0.0000E+00  0.0000E+00
     -8.958  0.0000E+00  0.0000E+00  0.0000E+00  0.0000E+00  0.0000E+00  0.0000E+00  0.0000E+00  0.0000E+00  0.0000E+00
     -8.880  0.0000E+00  0.0000E+00  0.0000E+00  0.0000E+00  0.0000E+00  0.0000E+00  0.0000E+00  0.0000E+00  0.0000E+00
     -8.802  0.0000E+00  0.0000E+00  0.0000E+00  0.0000E+00  0.0000E+00  0.0000E+00  0.0000E+00  0.0000E+00  0.0000E+00
     -8.724  0.0000E+00  0.0000E+00  0.0000E+00  0.0000E+00  0.0000E+00  0.0000E+00  0.0000E+00  0.0000E+00  0.0000E+00
     -8.647  0.0000E+00  0.0000E+00  0.0000E+00  0.0000E+00  0.0000E+00  0.0000E+00  0.0000E+00  0.0000E+00  0.0000E+00
     -8.569  0.0000E+00  0.0000E+00  0.0000E+00  0.0000E+00  0.0000E+00  0.0000E+00  0.0000E+00  0.0000E+00  0.0000E+00
     -8.491  0.0000E+00  0.0000E+00  0.0000E+00  0.0000E+00  0.0000E+00  0.0000E+00  0.0000E+00  0.0000E+00  0.0000E+00
     -8.413  0.0000E+00  0.0000E+00  0.0000E+00  0.0000E+00  0.0000E+00  0.0000E+00  0.0000E+00  0.0000E+00  0.0000E+00
     -8.335  0.0000E+00  0.0000E+00  0.0000E+00  0.0000E+00  0.0000E+00  0.0000E+00  0.0000E+00  0.0000E+00  0.0000E+00
     -8.257  0.0000E+00  0.0000E+00  0.0000E+00  0.0000E+00  0.0000E+00  0.0000E+00  0.0000E+00  0.0000E+00  0.0000E+00
     -8.179  0.0000E+00  0.0000E+00  0.0000E+00  0.0000E+00  0.0000E+00  0.0000E+00  0.0000E+00  0.0000E+00  0.0000E+00
     -8.101  0.0000E+00  0.0000E+00  0.0000E+00  0.0000E+00  0.0000E+00  0.0000E+00  0.0000E+00  0.0000E+00  0.0000E+00
     -8.023  0.0000E+00  0.0000E+00  0.0000E+00  0.0000E+00  0.0000E+00  0.0000E+00  0.0000E+00  0.0000E+00  0.0000E+00
     -7.945  0.0000E+00  0.0000E+00  0.0000E+00  0.0000E+00  0.0000E+00  0.0000E+00  0.0000E+00  0.0000E+00  0.0000E+00
     -7.867  0.0000E+00  0.0000E+00  0.0000E+00  0.0000E+00  0.0000E+00  0.0000E+00  0.0000E+00  0.0000E+00  0.0000E+00
     -7.789  0.0000E+00  0.0000E+00  0.0000E+00  0.0000E+00  0.0000E+00  0.0000E+00  0.0000E+00  0.0000E+00  0.0000E+00
     -7.711  0.0000E+00  0.0000E+00  0.0000E+00  0.0000E+00  0.0000E+00  0.0000E+00  0.0000E+00  0.0000E+00  0.0000E+00
     -7.633  0.0000E+00  0.0000E+00  0.0000E+00  0.0000E+00  0.0000E+00  0.0000E+00  0.0000E+00  0.0000E+00  0.0000E+00
     -7.555  0.0000E+00  0.0000E+00  0.0000E+00  0.0000E+00  0.0000E+00  0.0000E+00  0.0000E+00  0.0000E+00  0.0000E+00
     -7.477  0.1230E-01  0.6228E-05  0.6228E-05  0.6228E-05  0.0000E+00  0.0000E+00  0.0000E+00  0.0000E+00  0.0000E+00
     -7.399  0.2988E-01  0.4621E-04  0.4621E-04  0.4621E-04  0.0000E+00  0.0000E+00  0.0000E+00  0.0000E+00  0.0000E+00
     -7.321  0.3788E-01  0.1037E-03  0.1037E-03  0.1037E-03  0.0000E+00  0.0000E+00  0.0000E+00  0.0000E+00  0.0000E+00
     -7.243  0.4608E-01  0.1762E-03  0.1762E-03  0.1762E-03  0.0000E+00  0.0000E+00  0.0000E+00  0.0000E+00  0.0000E+00
     -7.165  0.5355E-01  0.2581E-03  0.2581E-03  0.2581E-03  0.0000E+00  0.0000E+00  0.0000E+00  0.0000E+00  0.0000E+00
     -7.087  0.5936E-01  0.3567E-03  0.3567E-03  0.3567E-03  0.0000E+00  0.0000E+00  0.0000E+00  0.0000E+00  0.0000E+00
     -7.009  0.6584E-01  0.4578E-03  0.4578E-03  0.4578E-03  0.0000E+00  0.0000E+00  0.0000E+00  0.0000E+00  0.0000E+00
     -6.931  0.7093E-01  0.5774E-03  0.5774E-03  0.5774E-03  0.0000E+00  0.0000E+00  0.0000E+00  0.0000E+00  0.0000E+00
     -6.853  0.7675E-01  0.6968E-03  0.6968E-03  0.6968E-03  0.0000E+00  0.0000E+00  0.0000E+00  0.0000E+00  0.0000E+00
     -6.775  0.8180E-01  0.8329E-03  0.8329E-03  0.8329E-03  0.0000E+00  0.0000E+00  0.0000E+00  0.0000E+00  0.0000E+00
     -6.697  0.8710E-01  0.9727E-03  0.9727E-03  0.9727E-03  0.0000E+00  0.0000E+00  0.0000E+00  0.0000E+00  0.0000E+00
     -6.619  0.9245E-01  0.1121E-02  0.1121E-02  0.1121E-02  0.0000E+00  0.0000E+00  0.0000E+00  0.0000E+00  0.0000E+00
     -6.541  0.9756E-01  0.1283E-02  0.1283E-02  0.1283E-02  0.0000E+00  0.0000E+00  0.0000E+00  0.0000E+00  0.0000E+00
     -6.463  0.1031E+00  0.1447E-02  0.1447E-02  0.1447E-02  0.0000E+00  0.0000E+00  0.0000E+00  0.0000E+00  0.0000E+00
     -6.385  0.1085E+00  0.1626E-02  0.1626E-02  0.1626E-02  0.0000E+00  0.0000E+00  0.0000E+00  0.0000E+00  0.0000E+00
     -6.307  0.1142E+00  0.1816E-02  0.1816E-02  0.1816E-02  0.0000E+00  0.0000E+00  0.0000E+00  0.0000E+00  0.0000E+00
     -6.229  0.1204E+00  0.2011E-02  0.2011E-02  0.2011E-02  0.0000E+00  0.0000E+00  0.0000E+00  0.0000E+00  0.0000E+00
     -6.151  0.1268E+00  0.2226E-02  0.2226E-02  0.2226E-02  0.0000E+00  0.0000E+00  0.0000E+00  0.0000E+00  0.0000E+00
     -6.073  0.1338E+00  0.2460E-02  0.2460E-02  0.2460E-02  0.0000E+00  0.0000E+00  0.0000E+00  0.0000E+00  0.0000E+00
     -5.995  0.1418E+00  0.2704E-02  0.2704E-02  0.2704E-02  0.0000E+00  0.0000E+00  0.0000E+00  0.0000E+00  0.0000E+00
     -5.917  0.1509E+00  0.2980E-02  0.2980E-02  0.2980E-02  0.0000E+00  0.0000E+00  0.0000E+00  0.0000E+00  0.0000E+00
     -5.839  0.1621E+00  0.3306E-02  0.3306E-02  0.3306E-02  0.0000E+00  0.0000E+00  0.0000E+00  0.0000E+00  0.0000E+00
     -5.761  0.1774E+00  0.3695E-02  0.3695E-02  0.3695E-02  0.0000E+00  0.0000E+00  0.0000E+00  0.0000E+00  0.0000E+00
     -5.683  0.2059E+00  0.4303E-02  0.4303E-02  0.4303E-02  0.0000E+00  0.0000E+00  0.0000E+00  0.0000E+00  0.0000E+00
     -5.605  0.2269E+00  0.4866E-02  0.4866E-02  0.4866E-02  0.0000E+00  0.0000E+00  0.0000E+00  0.0000E+00  0.0000E+00
     -5.527  0.2141E+00  0.4849E-02  0.4849E-02  0.4849E-02  0.0000E+00  0.0000E+00  0.0000E+00  0.0000E+00  0.0000E+00
     -5.449  0.2073E+00  0.4922E-02  0.4922E-02  0.4922E-02  0.0000E+00  0.0000E+00  0.0000E+00  0.0000E+00  0.0000E+00
     -5.371  0.1994E+00  0.4981E-02  0.4981E-02  0.4981E-02  0.0000E+00  0.0000E+00  0.0000E+00  0.0000E+00  0.0000E+00
     -5.293  0.1898E+00  0.4970E-02  0.4970E-02  0.4970E-02  0.0000E+00  0.0000E+00  0.0000E+00  0.0000E+00  0.0000E+00
     -5.215  0.1835E+00  0.5000E-02  0.5000E-02  0.5000E-02  0.0000E+00  0.0000E+00  0.0000E+00  0.0000E+00  0.0000E+00
     -5.137  0.1744E+00  0.4981E-02  0.4981E-02  0.4981E-02  0.0000E+00  0.0000E+00  0.0000E+00  0.0000E+00  0.0000E+00
     -5.059  0.1669E+00  0.4954E-02  0.4954E-02  0.4954E-02  0.0000E+00  0.0000E+00  0.0000E+00  0.0000E+00  0.0000E+00
     -4.981  0.1583E+00  0.4890E-02  0.4890E-02  0.4890E-02  0.0000E+00  0.0000E+00  0.0000E+00  0.0000E+00  0.0000E+00
     -4.903  0.1499E+00  0.4821E-02  0.4821E-02  0.4821E-02  0.0000E+00  0.0000E+00  0.0000E+00  0.0000E+00  0.0000E+00
     -4.825  0.1419E+00  0.4729E-02  0.4729E-02  0.4729E-02  0.0000E+00  0.0000E+00  0.0000E+00  0.0000E+00  0.0000E+00
     -4.747  0.1324E+00  0.4593E-02  0.4593E-02  0.4593E-02  0.0000E+00  0.0000E+00  0.0000E+00  0.0000E+00  0.0000E+00
     -4.669  0.1237E+00  0.4447E-02  0.4447E-02  0.4447E-02  0.0000E+00  0.0000E+00  0.0000E+00  0.0000E+00  0.0000E+00
     -4.591  0.1147E+00  0.4271E-02  0.4271E-02  0.4271E-02  0.0000E+00  0.0000E+00  0.0000E+00  0.0000E+00  0.0000E+00
     -4.513  0.1045E+00  0.4046E-02  0.4046E-02  0.4046E-02  0.0000E+00  0.0000E+00  0.0000E+00  0.0000E+00  0.0000E+00
     -4.435  0.9553E-01  0.3826E-02  0.3826E-02  0.3826E-02  0.0000E+00  0.0000E+00  0.0000E+00  0.0000E+00  0.0000E+00
     -4.357  0.8402E-01  0.3503E-02  0.3503E-02  0.3503E-02  0.0000E+00  0.0000E+00  0.0000E+00  0.0000E+00  0.0000E+00
     -4.280  0.7664E-01  0.3347E-02  0.3347E-02  0.3347E-02  0.0000E+00  0.0000E+00  0.0000E+00  0.0000E+00  0.0000E+00
     -4.202  0.5606E-01  0.2524E-02  0.2524E-02  0.2524E-02  0.0000E+00  0.0000E+00  0.0000E+00  0.0000E+00  0.0000E+00
     -4.124  0.2164E-01  0.9956E-03  0.9956E-03  0.9956E-03  0.0000E+00  0.0000E+00  0.0000E+00  0.0000E+00  0.0000E+00
     -4.046  0.0000E+00  0.0000E+00  0.0000E+00  0.0000E+00  0.0000E+00  0.0000E+00  0.0000E+00  0.0000E+00  0.0000E+00
     -3.968  0.4734E-02  0.2588E-03  0.2588E-03  0.2588E-03  0.0000E+00  0.0000E+00  0.0000E+00  0.0000E+00  0.0000E+00
     -3.890  0.2076E-01  0.1137E-02  0.1137E-02  0.1137E-02  0.0000E+00  0.0000E+00  0.0000E+00  0.0000E+00  0.0000E+00
     -3.812  0.5337E-01  0.2922E-02  0.2922E-02  0.2922E-02  0.0000E+00  0.0000E+00  0.0000E+00  0.0000E+00  0.0000E+00
     -3.734  0.6531E-01  0.3672E-02  0.3672E-02  0.3672E-02  0.0000E+00  0.0000E+00  0.0000E+00  0.0000E+00  0.0000E+00
     -3.656  0.7364E-01  0.4263E-02  0.4263E-02  0.4263E-02  0.0000E+00  0.0000E+00  0.0000E+00  0.0000E+00  0.0000E+00
     -3.578  0.8403E-01  0.5043E-02  0.5043E-02  0.5043E-02  0.0000E+00  0.0000E+00  0.0000E+00  0.0000E+00  0.0000E+00
     -3.500  0.9181E-01  0.5685E-02  0.5685E-02  0.5685E-02  0.0000E+00  0.0000E+00  0.0000E+00  0.0000E+00  0.0000E+00
     -3.422  0.1012E+00  0.6488E-02  0.6488E-02  0.6488E-02  0.0000E+00  0.0000E+00  0.0000E+00  0.0000E+00  0.0000E+00
     -3.344  0.1106E+00  0.7382E-02  0.7382E-02  0.7382E-02  0.0000E+00  0.0000E+00  0.0000E+00  0.0000E+00  0.0000E+00
     -3.266  0.1192E+00  0.8276E-02  0.8276E-02  0.8276E-02  0.0000E+00  0.0000E+00  0.0000E+00  0.0000E+00  0.0000E+00
     -3.188  0.1288E+00  0.9369E-02  0.9369E-02  0.9369E-02  0.0000E+00  0.0000E+00  0.0000E+00  0.0000E+00  0.0000E+00
     -3.110  0.1399E+00  0.1071E-01  0.1071E-01  0.1071E-01  0.0000E+00  0.0000E+00  0.0000E+00  0.0000E+00  0.0000E+00
     -3.032  0.1542E+00  0.1265E-01  0.1265E-01  0.1265E-01  0.0000E+00  0.0000E+00  0.0000E+00  0.0000E+00  0.0000E+00
     -2.954  0.1699E+00  0.1505E-01  0.1505E-01  0.1505E-01  0.0000E+00  0.0000E+00  0.0000E+00  0.0000E+00  0.0000E+00
     -2.876  0.2405E+00  0.2538E-01  0.2538E-01  0.2538E-01  0.0000E+00  0.0000E+00  0.0000E+00  0.0000E+00  0.0000E+00
     -2.798  0.2327E+00  0.2807E-01  0.2807E-01  0.2807E-01  0.0000E+00  0.0000E+00  0.0000E+00  0.0000E+00  0.0000E+00
     -2.720  0.1675E+00  0.1887E-01  0.1887E-01  0.1887E-01  0.0000E+00  0.0000E+00  0.0000E+00  0.0000E+00  0.0000E+00
     -2.642  0.1461E+00  0.1635E-01  0.1635E-01  0.1635E-01  0.0000E+00  0.0000E+00  0.0000E+00  0.0000E+00  0.0000E+00
     -2.564  0.1309E+00  0.1470E-01  0.1470E-01  0.1470E-01  0.0000E+00  0.0000E+00  0.0000E+00  0.0000E+00  0.0000E+00
     -2.486  0.1190E+00  0.1348E-01  0.1348E-01  0.1348E-01  0.0000E+00  0.0000E+00  0.0000E+00  0.0000E+00  0.0000E+00
     -2.408  0.1103E+00  0.1260E-01  0.1260E-01  0.1260E-01  0.0000E+00  0.0000E+00  0.0000E+00  0.0000E+00  0.0000E+00
     -2.330  0.1028E+00  0.1187E-01  0.1187E-01  0.1187E-01  0.0000E+00  0.0000E+00  0.0000E+00  0.0000E+00  0.0000E+00
     -2.252  0.9588E-01  0.1122E-01  0.1122E-01  0.1122E-01  0.0000E+00  0.0000E+00  0.0000E+00  0.0000E+00  0.0000E+00
     -2.174  0.8926E-01  0.1061E-01  0.1061E-01  0.1061E-01  0.0000E+00  0.0000E+00  0.0000E+00  0.0000E+00  0.0000E+00
     -2.096  0.8421E-01  0.1014E-01  0.1014E-01  0.1014E-01  0.0000E+00  0.0000E+00  0.0000E+00  0.0000E+00  0.0000E+00
     -2.018  0.7971E-01  0.9726E-02  0.9726E-02  0.9726E-02  0.0000E+00  0.0000E+00  0.0000E+00  0.0000E+00  0.0000E+00
     -1.940  0.7523E-01  0.9319E-02  0.9319E-02  0.9319E-02  0.0000E+00  0.0000E+00  0.0000E+00  0.0000E+00  0.0000E+00
     -1.862  0.7081E-01  0.8917E-02  0.8917E-02  0.8917E-02  0.0000E+00  0.0000E+00  0.0000E+00  0.0000E+00  0.0000E+00
     -1.784  0.6662E-01  0.8532E-02  0.8532E-02  0.8532E-02  0.0000E+00  0.0000E+00  0.0000E+00  0.0000E+00  0.0000E+00
     -1.706  0.6352E-01  0.8246E-02  0.8246E-02  0.8246E-02  0.0000E+00  0.0000E+00  0.0000E+00  0.0000E+00  0.0000E+00
     -1.628  0.6042E-01  0.7959E-02  0.7959E-02  0.7959E-02  0.0000E+00  0.0000E+00  0.0000E+00  0.0000E+00  0.0000E+00
     -1.550  0.5729E-01  0.7669E-02  0.7669E-02  0.7669E-02  0.0000E+00  0.0000E+00  0.0000E+00  0.0000E+00  0.0000E+00
     -1.472  0.5409E-01  0.7365E-02  0.7365E-02  0.7365E-02  0.0000E+00  0.0000E+00  0.0000E+00  0.0000E+00  0.0000E+00
     -1.394  0.5100E-01  0.7067E-02  0.7067E-02  0.7067E-02  0.0000E+00  0.0000E+00  0.0000E+00  0.0000E+00  0.0000E+00
     -1.316  0.4879E-01  0.6854E-02  0.6854E-02  0.6854E-02  0.0000E+00  0.0000E+00  0.0000E+00  0.0000E+00  0.0000E+00
     -1.238  0.4654E-01  0.6636E-02  0.6636E-02  0.6636E-02  0.0000E+00  0.0000E+00  0.0000E+00  0.0000E+00  0.0000E+00
     -1.160  0.4418E-01  0.6403E-02  0.6403E-02  0.6403E-02  0.0000E+00  0.0000E+00  0.0000E+00  0.0000E+00  0.0000E+00
     -1.082  0.4180E-01  0.6162E-02  0.6162E-02  0.6162E-02  0.0000E+00  0.0000E+00  0.0000E+00  0.0000E+00  0.0000E+00
     -1.004  0.3929E-01  0.5900E-02  0.5900E-02  0.5900E-02  0.0000E+00  0.0000E+00  0.0000E+00  0.0000E+00  0.0000E+00
     -0.926  0.3758E-01  0.5723E-02  0.5723E-02  0.5723E-02  0.0000E+00  0.0000E+00  0.0000E+00  0.0000E+00  0.0000E+00
     -0.848  0.3588E-01  0.5545E-02  0.5545E-02  0.5545E-02  0.0000E+00  0.0000E+00  0.0000E+00  0.0000E+00  0.0000E+00
     -0.770  0.3418E-01  0.5364E-02  0.5364E-02  0.5364E-02  0.0000E+00  0.0000E+00  0.0000E+00  0.0000E+00  0.0000E+00
     -0.692  0.3237E-01  0.5166E-02  0.5166E-02  0.5166E-02  0.0000E+00  0.0000E+00  0.0000E+00  0.0000E+00  0.0000E+00
     -0.614  0.3053E-01  0.4960E-02  0.4960E-02  0.4960E-02  0.0000E+00  0.0000E+00  0.0000E+00  0.0000E+00  0.0000E+00
     -0.536  0.2871E-01  0.4749E-02  0.4749E-02  0.4749E-02  0.0000E+00  0.0000E+00  0.0000E+00  0.0000E+00  0.0000E+00
     -0.458  0.2750E-01  0.4610E-02  0.4610E-02  0.4610E-02  0.0000E+00  0.0000E+00  0.0000E+00  0.0000E+00  0.0000E+00
     -0.380  0.2624E-01  0.4464E-02  0.4464E-02  0.4464E-02  0.0000E+00  0.0000E+00  0.0000E+00  0.0000E+00  0.0000E+00
     -0.302  0.2489E-01  0.4303E-02  0.4303E-02  0.4303E-02  0.0000E+00  0.0000E+00  0.0000E+00  0.0000E+00  0.0000E+00
     -0.224  0.2356E-01  0.4143E-02  0.4143E-02  0.4143E-02  0.0000E+00  0.0000E+00  0.0000E+00  0.0000E+00  0.0000E+00
     -0.146  0.2206E-01  0.3954E-02  0.3954E-02  0.3954E-02  0.0000E+00  0.0000E+00  0.0000E+00  0.0000E+00  0.0000E+00
     -0.068  0.2162E-01  0.2195E-01  0.2195E-01  0.2195E-01  0.0000E+00  0.0000E+00  0.0000E+00  0.0000E+00  0.0000E+00
      0.010  0.2249E-01  0.4118E-01  0.4118E-01  0.4118E-01  0.0000E+00  0.0000E+00  0.0000E+00  0.0000E+00  0.0000E+00
      0.087  0.2463E-01  0.6768E-01  0.6768E-01  0.6768E-01  0.0000E+00  0.0000E+00  0.0000E+00  0.0000E+00  0.0000E+00
      0.165  0.2608E-01  0.7464E-01  0.7464E-01  0.7464E-01  0.0000E+00  0.0000E+00  0.0000E+00  0.0000E+00  0.0000E+00
      0.243  0.2612E-01  0.7058E-01  0.7058E-01  0.7058E-01  0.0000E+00  0.0000E+00  0.0000E+00  0.0000E+00  0.0000E+00
      0.321  0.2602E-01  0.6329E-01  0.6329E-01  0.6329E-01  0.0000E+00  0.0000E+00  0.0000E+00  0.0000E+00  0.0000E+00
      0.399  0.2565E-01  0.6062E-01  0.6062E-01  0.6062E-01  0.0000E+00  0.0000E+00  0.0000E+00  0.0000E+00  0.0000E+00
      0.477  0.2537E-01  0.7550E-01  0.7550E-01  0.7550E-01  0.0000E+00  0.0000E+00  0.0000E+00  0.0000E+00  0.0000E+00
      0.555  0.2509E-01  0.6091E-01  0.6091E-01  0.6091E-01  0.0000E+00  0.0000E+00  0.0000E+00  0.0000E+00  0.0000E+00
      0.633  0.2479E-01  0.6360E-01  0.6360E-01  0.6360E-01  0.0000E+00  0.0000E+00  0.0000E+00  0.0000E+00  0.0000E+00
      0.711  0.2418E-01  0.6511E-01  0.6511E-01  0.6511E-01  0.0000E+00  0.0000E+00  0.0000E+00  0.0000E+00  0.0000E+00
      0.789  0.2358E-01  0.7553E-01  0.7553E-01  0.7553E-01  0.0000E+00  0.0000E+00  0.0000E+00  0.0000E+00  0.0000E+00
      0.867  0.2267E-01  0.7512E-01  0.7512E-01  0.7512E-01  0.0000E+00  0.0000E+00  0.0000E+00  0.0000E+00  0.0000E+00
      0.945  0.2184E-01  0.8222E-01  0.8222E-01  0.8222E-01  0.0000E+00  0.0000E+00  0.0000E+00  0.0000E+00  0.0000E+00
      1.023  0.2117E-01  0.1019E+00  0.1019E+00  0.1019E+00  0.0000E+00  0.0000E+00  0.0000E+00  0.0000E+00  0.0000E+00
      1.101  0.2035E-01  0.1002E+00  0.1002E+00  0.1002E+00  0.0000E+00  0.0000E+00  0.0000E+00  0.0000E+00  0.0000E+00
      1.179  0.1955E-01  0.9866E-01  0.9866E-01  0.9866E-01  0.0000E+00  0.0000E+00  0.0000E+00  0.0000E+00  0.0000E+00
      1.257  0.1865E-01  0.9720E-01  0.9720E-01  0.9720E-01  0.0000E+00  0.0000E+00  0.0000E+00  0.0000E+00  0.0000E+00
      1.335  0.1779E-01  0.9559E-01  0.9559E-01  0.9559E-01  0.0000E+00  0.0000E+00  0.0000E+00  0.0000E+00  0.0000E+00
      1.413  0.1674E-01  0.9541E-01  0.9541E-01  0.9541E-01  0.0000E+00  0.0000E+00  0.0000E+00  0.0000E+00  0.0000E+00
      1.491  0.1568E-01  0.9424E-01  0.9424E-01  0.9424E-01  0.0000E+00  0.0000E+00  0.0000E+00  0.0000E+00  0.0000E+00
      1.569  0.1487E-01  0.9337E-01  0.9337E-01  0.9337E-01  0.0000E+00  0.0000E+00  0.0000E+00  0.0000E+00  0.0000E+00
      1.647  0.1411E-01  0.9229E-01  0.9229E-01  0.9229E-01  0.0000E+00  0.0000E+00  0.0000E+00  0.0000E+00  0.0000E+00
      1.725  0.1333E-01  0.9163E-01  0.9163E-01  0.9163E-01  0.0000E+00  0.0000E+00  0.0000E+00  0.0000E+00  0.0000E+00
      1.803  0.1239E-01  0.9121E-01  0.9121E-01  0.9121E-01  0.0000E+00  0.0000E+00  0.0000E+00  0.0000E+00  0.0000E+00
      1.881  0.1133E-01  0.9012E-01  0.9012E-01  0.9012E-01  0.0000E+00  0.0000E+00  0.0000E+00  0.0000E+00  0.0000E+00
      1.959  0.1036E-01  0.8902E-01  0.8902E-01  0.8902E-01  0.0000E+00  0.0000E+00  0.0000E+00  0.0000E+00  0.0000E+00
      2.037  0.9338E-02  0.8834E-01  0.8834E-01  0.8834E-01  0.0000E+00  0.0000E+00  0.0000E+00  0.0000E+00  0.0000E+00
      2.115  0.8407E-02  0.8797E-01  0.8797E-01  0.8797E-01  0.0000E+00  0.0000E+00  0.0000E+00  0.0000E+00  0.0000E+00
      2.193  0.7423E-02  0.8826E-01  0.8826E-01  0.8826E-01  0.0000E+00  0.0000E+00  0.0000E+00  0.0000E+00  0.0000E+00
      2.271  0.6404E-02  0.8712E-01  0.8712E-01  0.8712E-01  0.0000E+00  0.0000E+00  0.0000E+00  0.0000E+00  0.0000E+00
      2.349  0.5416E-02  0.7526E-01  0.7526E-01  0.7526E-01  0.0000E+00  0.0000E+00  0.0000E+00  0.0000E+00  0.0000E+00
      2.427  0.4647E-02  0.5807E-01  0.5807E-01  0.5807E-01  0.0000E+00  0.0000E+00  0.0000E+00  0.0000E+00  0.0000E+00
      2.505  0.4077E-02  0.4958E-01  0.4958E-01  0.4958E-01  0.0000E+00  0.0000E+00  0.0000E+00  0.0000E+00  0.0000E+00
      2.583  0.3532E-02  0.4288E-01  0.4288E-01  0.4288E-01  0.0000E+00  0.0000E+00  0.0000E+00  0.0000E+00  0.0000E+00
      2.661  0.3164E-02  0.3777E-01  0.3777E-01  0.3777E-01  0.0000E+00  0.0000E+00  0.0000E+00  0.0000E+00  0.0000E+00
      2.739  0.2614E-02  0.3319E-01  0.3319E-01  0.3319E-01  0.0000E+00  0.0000E+00  0.0000E+00  0.0000E+00  0.0000E+00
      2.817  0.2212E-02  0.2882E-01  0.2882E-01  0.2882E-01  0.0000E+00  0.0000E+00  0.0000E+00  0.0000E+00  0.0000E+00
      2.895  0.1711E-02  0.2492E-01  0.2492E-01  0.2492E-01  0.0000E+00  0.0000E+00  0.0000E+00  0.0000E+00  0.0000E+00
      2.973  0.1244E-02  0.2147E-01  0.2147E-01  0.2147E-01  0.0000E+00  0.0000E+00  0.0000E+00  0.0000E+00  0.0000E+00
      3.051  0.8546E-03  0.1768E-01  0.1768E-01  0.1768E-01  0.0000E+00  0.0000E+00  0.0000E+00  0.0000E+00  0.0000E+00
      3.129  0.5498E-03  0.1435E-01  0.1435E-01  0.1435E-01  0.0000E+00  0.0000E+00  0.0000E+00  0.0000E+00  0.0000E+00
      3.207  0.3070E-03  0.1061E-01  0.1061E-01  0.1061E-01  0.0000E+00  0.0000E+00  0.0000E+00  0.0000E+00  0.0000E+00
      3.285  0.7249E-04  0.5253E-02  0.5253E-02  0.5253E-02  0.0000E+00  0.0000E+00  0.0000E+00  0.0000E+00  0.0000E+00
      3.363  0.0000E+00  0.0000E+00  0.0000E+00  0.0000E+00  0.0000E+00  0.0000E+00  0.0000E+00  0.0000E+00  0.0000E+00
      3.441  0.0000E+00  0.0000E+00  0.0000E+00  0.0000E+00  0.0000E+00  0.0000E+00  0.0000E+00  0.0000E+00  0.0000E+00
      3.519  0.0000E+00  0.0000E+00  0.0000E+00  0.0000E+00  0.0000E+00  0.0000E+00  0.0000E+00  0.0000E+00  0.0000E+00
      3.597  0.0000E+00  0.0000E+00  0.0000E+00  0.0000E+00  0.0000E+00  0.0000E+00  0.0000E+00  0.0000E+00  0.0000E+00
      3.675  0.0000E+00  0.0000E+00  0.0000E+00  0.0000E+00  0.0000E+00  0.0000E+00  0.0000E+00  0.0000E+00  0.0000E+00
      3.753  0.0000E+00  0.0000E+00  0.0000E+00  0.0000E+00  0.0000E+00  0.0000E+00  0.0000E+00  0.0000E+00  0.0000E+00
      3.831  0.0000E+00  0.0000E+00  0.0000E+00  0.0000E+00  0.0000E+00  0.0000E+00  0.0000E+00  0.0000E+00  0.0000E+00
      3.909  0.0000E+00  0.0000E+00  0.0000E+00  0.0000E+00  0.0000E+00  0.0000E+00  0.0000E+00  0.0000E+00  0.0000E+00
      3.987  0.0000E+00  0.0000E+00  0.0000E+00  0.0000E+00  0.0000E+00  0.0000E+00  0.0000E+00  0.0000E+00  0.0000E+00
      4.065  0.0000E+00  0.0000E+00  0.0000E+00  0.0000E+00  0.0000E+00  0.0000E+00  0.0000E+00  0.0000E+00  0.0000E+00
      4.143  0.0000E+00  0.0000E+00  0.0000E+00  0.0000E+00  0.0000E+00  0.0000E+00  0.0000E+00  0.0000E+00  0.0000E+00
      4.221  0.0000E+00  0.0000E+00  0.0000E+00  0.0000E+00  0.0000E+00  0.0000E+00  0.0000E+00  0.0000E+00  0.0000E+00
      4.299  0.1761E-02  0.1846E-03  0.1846E-03  0.1846E-03  0.0000E+00  0.0000E+00  0.0000E+00  0.0000E+00  0.0000E+00
      4.377  0.8439E-02  0.9237E-03  0.9237E-03  0.9237E-03  0.0000E+00  0.0000E+00  0.0000E+00  0.0000E+00  0.0000E+00
      4.455  0.1512E-01  0.1812E-02  0.1812E-02  0.1812E-02  0.0000E+00  0.0000E+00  0.0000E+00  0.0000E+00  0.0000E+00
      4.532  0.2382E-01  0.4881E-02  0.4881E-02  0.4881E-02  0.0000E+00  0.0000E+00  0.0000E+00  0.0000E+00  0.0000E+00
      4.610  0.3245E-01  0.7743E-02  0.7743E-02  0.7743E-02  0.0000E+00  0.0000E+00  0.0000E+00  0.0000E+00  0.0000E+00
      4.688  0.4116E-01  0.1067E-01  0.1067E-01  0.1067E-01  0.0000E+00  0.0000E+00  0.0000E+00  0.0000E+00  0.0000E+00
      4.766  0.5112E-01  0.1427E-01  0.1427E-01  0.1427E-01  0.0000E+00  0.0000E+00  0.0000E+00  0.0000E+00  0.0000E+00
      4.844  0.5917E-01  0.1731E-01  0.1731E-01  0.1731E-01  0.0000E+00  0.0000E+00  0.0000E+00  0.0000E+00  0.0000E+00
      4.922  0.6831E-01  0.2072E-01  0.2072E-01  0.2072E-01  0.0000E+00  0.0000E+00  0.0000E+00  0.0000E+00  0.0000E+00
      5.000  0.8098E-01  0.2482E-01  0.2482E-01  0.2482E-01  0.0000E+00  0.0000E+00  0.0000E+00  0.0000E+00  0.0000E+00
      5.078  0.9492E-01  0.2943E-01  0.2943E-01  0.2943E-01  0.0000E+00  0.0000E+00  0.0000E+00  0.0000E+00  0.0000E+00
      5.156  0.1033E+00  0.3389E-01  0.3389E-01  0.3389E-01  0.0000E+00  0.0000E+00  0.0000E+00  0.0000E+00  0.0000E+00
      5.234  0.1138E+00  0.3928E-01  0.3928E-01  0.3928E-01  0.0000E+00  0.0000E+00  0.0000E+00  0.0000E+00  0.0000E+00
      5.312  0.1300E+00  0.4675E-01  0.4675E-01  0.4675E-01  0.0000E+00  0.0000E+00  0.0000E+00  0.0000E+00  0.0000E+00
      5.390  0.1610E+00  0.5970E-01  0.5970E-01  0.5970E-01  0.0000E+00  0.0000E+00  0.0000E+00  0.0000E+00  0.0000E+00
      5.468  0.1583E+00  0.6223E-01  0.6223E-01  0.6223E-01  0.0000E+00  0.0000E+00  0.0000E+00  0.0000E+00  0.0000E+00
      5.546  0.1480E+00  0.6077E-01  0.6077E-01  0.6077E-01  0.0000E+00  0.0000E+00  0.0000E+00  0.0000E+00  0.0000E+00
      5.624  0.1276E+00  0.5272E-01  0.5272E-01  0.5272E-01  0.0000E+00  0.0000E+00  0.0000E+00  0.0000E+00  0.0000E+00
      5.702  0.1120E+00  0.4702E-01  0.4702E-01  0.4702E-01  0.0000E+00  0.0000E+00  0.0000E+00  0.0000E+00  0.0000E+00
      5.780  0.9737E-01  0.4297E-01  0.4297E-01  0.4297E-01  0.0000E+00  0.0000E+00  0.0000E+00  0.0000E+00  0.0000E+00
      5.858  0.7497E-01  0.3675E-01  0.3675E-01  0.3675E-01  0.0000E+00  0.0000E+00  0.0000E+00  0.0000E+00  0.0000E+00
      5.936  0.7131E-01  0.3834E-01  0.3834E-01  0.3834E-01  0.0000E+00  0.0000E+00  0.0000E+00  0.0000E+00  0.0000E+00
      6.014  0.6622E-01  0.3927E-01  0.3927E-01  0.3927E-01  0.0000E+00  0.0000E+00  0.0000E+00  0.0000E+00  0.0000E+00
      6.092  0.6393E-01  0.3881E-01  0.3881E-01  0.3881E-01  0.0000E+00  0.0000E+00  0.0000E+00  0.0000E+00  0.0000E+00
      6.170  0.6082E-01  0.3925E-01  0.3925E-01  0.3925E-01  0.0000E+00  0.0000E+00  0.0000E+00  0.0000E+00  0.0000E+00
      6.248  0.5795E-01  0.3946E-01  0.3946E-01  0.3946E-01  0.0000E+00  0.0000E+00  0.0000E+00  0.0000E+00  0.0000E+00
      6.326  0.5932E-01  0.4066E-01  0.4066E-01  0.4066E-01  0.0000E+00  0.0000E+00  0.0000E+00  0.0000E+00  0.0000E+00
      6.404  0.6924E-01  0.4620E-01  0.4620E-01  0.4620E-01  0.0000E+00  0.0000E+00  0.0000E+00  0.0000E+00  0.0000E+00
      6.482  0.8977E-01  0.5613E-01  0.5613E-01  0.5613E-01  0.0000E+00  0.0000E+00  0.0000E+00  0.0000E+00  0.0000E+00
      6.560  0.6968E-01  0.5181E-01  0.5181E-01  0.5181E-01  0.0000E+00  0.0000E+00  0.0000E+00  0.0000E+00  0.0000E+00
      6.638  0.5050E-01  0.5002E-01  0.5002E-01  0.5002E-01  0.0000E+00  0.0000E+00  0.0000E+00  0.0000E+00  0.0000E+00
      6.716  0.4909E-01  0.5548E-01  0.5548E-01  0.5548E-01  0.0000E+00  0.0000E+00  0.0000E+00  0.0000E+00  0.0000E+00
      6.794  0.4830E-01  0.7123E-01  0.7123E-01  0.7123E-01  0.0000E+00  0.0000E+00  0.0000E+00  0.0000E+00  0.0000E+00
      6.872  0.5535E-01  0.1167E+00  0.1167E+00  0.1167E+00  0.0000E+00  0.0000E+00  0.0000E+00  0.0000E+00  0.0000E+00
      6.950  0.4228E-01  0.7964E-01  0.7964E-01  0.7964E-01  0.0000E+00  0.0000E+00  0.0000E+00  0.0000E+00  0.0000E+00
      7.028  0.3878E-01  0.6737E-01  0.6737E-01  0.6737E-01  0.0000E+00  0.0000E+00  0.0000E+00  0.0000E+00  0.0000E+00
      7.106  0.3954E-01  0.6962E-01  0.6962E-01  0.6962E-01  0.0000E+00  0.0000E+00  0.0000E+00  0.0000E+00  0.0000E+00
      7.184  0.3836E-01  0.6483E-01  0.6483E-01  0.6483E-01  0.0000E+00  0.0000E+00  0.0000E+00  0.0000E+00  0.0000E+00
      7.262  0.3310E-01  0.5883E-01  0.5883E-01  0.5883E-01  0.0000E+00  0.0000E+00  0.0000E+00  0.0000E+00  0.0000E+00
      7.340  0.2770E-01  0.5286E-01  0.5286E-01  0.5286E-01  0.0000E+00  0.0000E+00  0.0000E+00  0.0000E+00  0.0000E+00
      7.418  0.2621E-01  0.5081E-01  0.5081E-01  0.5081E-01  0.0000E+00  0.0000E+00  0.0000E+00  0.0000E+00  0.0000E+00
      7.496  0.2555E-01  0.4968E-01  0.4968E-01  0.4968E-01  0.0000E+00  0.0000E+00  0.0000E+00  0.0000E+00  0.0000E+00
      7.574  0.2316E-01  0.4669E-01  0.4669E-01  0.4669E-01  0.0000E+00  0.0000E+00  0.0000E+00  0.0000E+00  0.0000E+00
      7.652  0.2358E-01  0.4817E-01  0.4817E-01  0.4817E-01  0.0000E+00  0.0000E+00  0.0000E+00  0.0000E+00  0.0000E+00
      7.730  0.2683E-01  0.5388E-01  0.5388E-01  0.5388E-01  0.0000E+00  0.0000E+00  0.0000E+00  0.0000E+00  0.0000E+00
      7.808  0.2450E-01  0.5562E-01  0.5562E-01  0.5562E-01  0.0000E+00  0.0000E+00  0.0000E+00  0.0000E+00  0.0000E+00
      7.886  0.2469E-01  0.6136E-01  0.6136E-01  0.6136E-01  0.0000E+00  0.0000E+00  0.0000E+00  0.0000E+00  0.0000E+00
      7.964  0.2644E-01  0.6816E-01  0.6816E-01  0.6816E-01  0.0000E+00  0.0000E+00  0.0000E+00  0.0000E+00  0.0000E+00
      8.042  0.2875E-01  0.6855E-01  0.6855E-01  0.6855E-01  0.0000E+00  0.0000E+00  0.0000E+00  0.0000E+00  0.0000E+00
      8.120  0.2860E-01  0.6157E-01  0.6157E-01  0.6157E-01  0.0000E+00  0.0000E+00  0.0000E+00  0.0000E+00  0.0000E+00
      8.198  0.2956E-01  0.6217E-01  0.6217E-01  0.6217E-01  0.0000E+00  0.0000E+00  0.0000E+00  0.0000E+00  0.0000E+00
      8.276  0.3004E-01  0.6076E-01  0.6076E-01  0.6076E-01  0.0000E+00  0.0000E+00  0.0000E+00  0.0000E+00  0.0000E+00
      8.354  0.2973E-01  0.5737E-01  0.5737E-01  0.5737E-01  0.0000E+00  0.0000E+00  0.0000E+00  0.0000E+00  0.0000E+00
      8.432  0.3208E-01  0.5905E-01  0.5905E-01  0.5905E-01  0.0000E+00  0.0000E+00  0.0000E+00  0.0000E+00  0.0000E+00
      8.510  0.2982E-01  0.5617E-01  0.5617E-01  0.5617E-01  0.0000E+00  0.0000E+00  0.0000E+00  0.0000E+00  0.0000E+00
      8.588  0.2795E-01  0.5372E-01  0.5372E-01  0.5372E-01  0.0000E+00  0.0000E+00  0.0000E+00  0.0000E+00  0.0000E+00
      8.666  0.2881E-01  0.5657E-01  0.5657E-01  0.5657E-01  0.0000E+00  0.0000E+00  0.0000E+00  0.0000E+00  0.0000E+00
      8.744  0.2781E-01  0.5453E-01  0.5453E-01  0.5453E-01  0.0000E+00  0.0000E+00  0.0000E+00  0.0000E+00  0.0000E+00
      8.822  0.2517E-01  0.5024E-01  0.5024E-01  0.5024E-01  0.0000E+00  0.0000E+00  0.0000E+00  0.0000E+00  0.0000E+00
      8.899  0.2405E-01  0.4889E-01  0.4889E-01  0.4889E-01  0.0000E+00  0.0000E+00  0.0000E+00  0.0000E+00  0.0000E+00
      8.977  0.2311E-01  0.4805E-01  0.4805E-01  0.4805E-01  0.0000E+00  0.0000E+00  0.0000E+00  0.0000E+00  0.0000E+00
      9.055  0.2219E-01  0.4740E-01  0.4740E-01  0.4740E-01  0.0000E+00  0.0000E+00  0.0000E+00  0.0000E+00  0.0000E+00
      9.133  0.2146E-01  0.4678E-01  0.4678E-01  0.4678E-01  0.0000E+00  0.0000E+00  0.0000E+00  0.0000E+00  0.0000E+00
      9.211  0.1931E-01  0.4304E-01  0.4304E-01  0.4304E-01  0.0000E+00  0.0000E+00  0.0000E+00  0.0000E+00  0.0000E+00
      9.289  0.1978E-01  0.4379E-01  0.4379E-01  0.4379E-01  0.0000E+00  0.0000E+00  0.0000E+00  0.0000E+00  0.0000E+00
      9.367  0.2093E-01  0.4623E-01  0.4623E-01  0.4623E-01  0.0000E+00  0.0000E+00  0.0000E+00  0.0000E+00  0.0000E+00
      9.445  0.2445E-01  0.5472E-01  0.5472E-01  0.5472E-01  0.0000E+00  0.0000E+00  0.0000E+00  0.0000E+00  0.0000E+00
      9.523  0.2520E-01  0.5720E-01  0.5720E-01  0.5720E-01  0.0000E+00  0.0000E+00  0.0000E+00  0.0000E+00  0.0000E+00
      9.601  0.2364E-01  0.5521E-01  0.5521E-01  0.5521E-01  0.0000E+00  0.0000E+00  0.0000E+00  0.0000E+00  0.0000E+00
      9.679  0.2134E-01  0.5147E-01  0.5147E-01  0.5147E-01  0.0000E+00  0.0000E+00  0.0000E+00  0.0000E+00  0.0000E+00
      9.757  0.1878E-01  0.4715E-01  0.4715E-01  0.4715E-01  0.0000E+00  0.0000E+00  0.0000E+00  0.0000E+00  0.0000E+00
      9.835  0.1709E-01  0.4415E-01  0.4415E-01  0.4415E-01  0.0000E+00  0.0000E+00  0.0000E+00  0.0000E+00  0.0000E+00
      9.913  0.1566E-01  0.4153E-01  0.4153E-01  0.4153E-01  0.0000E+00  0.0000E+00  0.0000E+00  0.0000E+00  0.0000E+00
      9.991  0.1443E-01  0.3945E-01  0.3945E-01  0.3945E-01  0.0000E+00  0.0000E+00  0.0000E+00  0.0000E+00  0.0000E+00
     10.069  0.1297E-01  0.3731E-01  0.3731E-01  0.3731E-01  0.0000E+00  0.0000E+00  0.0000E+00  0.0000E+00  0.0000E+00
     10.147  0.1190E-01  0.3590E-01  0.3590E-01  0.3590E-01  0.0000E+00  0.0000E+00  0.0000E+00  0.0000E+00  0.0000E+00
     10.225  0.1077E-01  0.3415E-01  0.3415E-01  0.3415E-01  0.0000E+00  0.0000E+00  0.0000E+00  0.0000E+00  0.0000E+00
     10.303  0.9822E-02  0.3260E-01  0.3260E-01  0.3260E-01  0.0000E+00  0.0000E+00  0.0000E+00  0.0000E+00  0.0000E+00
     10.381  0.8803E-02  0.3110E-01  0.3110E-01  0.3110E-01  0.0000E+00  0.0000E+00  0.0000E+00  0.0000E+00  0.0000E+00
     10.459  0.8061E-02  0.3006E-01  0.3006E-01  0.3006E-01  0.0000E+00  0.0000E+00  0.0000E+00  0.0000E+00  0.0000E+00
     10.537  0.7175E-02  0.2823E-01  0.2823E-01  0.2823E-01  0.0000E+00  0.0000E+00  0.0000E+00  0.0000E+00  0.0000E+00
     10.615  0.6302E-02  0.2633E-01  0.2633E-01  0.2633E-01  0.0000E+00  0.0000E+00  0.0000E+00  0.0000E+00  0.0000E+00
     10.693  0.5796E-02  0.2563E-01  0.2563E-01  0.2563E-01  0.0000E+00  0.0000E+00  0.0000E+00  0.0000E+00  0.0000E+00
     10.771  0.5041E-02  0.2455E-01  0.2455E-01  0.2455E-01  0.0000E+00  0.0000E+00  0.0000E+00  0.0000E+00  0.0000E+00
     10.849  0.4137E-02  0.2312E-01  0.2312E-01  0.2312E-01  0.0000E+00  0.0000E+00  0.0000E+00  0.0000E+00  0.0000E+00
     10.927  0.3456E-02  0.2186E-01  0.2186E-01  0.2186E-01  0.0000E+00  0.0000E+00  0.0000E+00  0.0000E+00  0.0000E+00
     11.005  0.2808E-02  0.2081E-01  0.2081E-01  0.2081E-01  0.0000E+00  0.0000E+00  0.0000E+00  0.0000E+00  0.0000E+00
     11.083  0.2076E-02  0.2462E-01  0.2462E-01  0.2462E-01  0.0000E+00  0.0000E+00  0.0000E+00  0.0000E+00  0.0000E+00
     11.161  0.1464E-02  0.1190E-01  0.1190E-01  0.1190E-01  0.0000E+00  0.0000E+00  0.0000E+00  0.0000E+00  0.0000E+00
     11.239  0.1213E-02  0.1030E-01  0.1030E-01  0.1030E-01  0.0000E+00  0.0000E+00  0.0000E+00  0.0000E+00  0.0000E+00
     11.317  0.1077E-02  0.9713E-02  0.9713E-02  0.9713E-02  0.0000E+00  0.0000E+00  0.0000E+00  0.0000E+00  0.0000E+00
     11.395  0.9284E-03  0.9055E-02  0.9055E-02  0.9055E-02  0.0000E+00  0.0000E+00  0.0000E+00  0.0000E+00  0.0000E+00
     11.473  0.7466E-03  0.8210E-02  0.8210E-02  0.8210E-02  0.0000E+00  0.0000E+00  0.0000E+00  0.0000E+00  0.0000E+00
     11.551  0.4950E-03  0.7279E-02  0.7279E-02  0.7279E-02  0.0000E+00  0.0000E+00  0.0000E+00  0.0000E+00  0.0000E+00
     11.629  0.3552E-03  0.6243E-02  0.6243E-02  0.6243E-02  0.0000E+00  0.0000E+00  0.0000E+00  0.0000E+00  0.0000E+00
     11.707  0.2097E-03  0.4384E-02  0.4384E-02  0.4384E-02  0.0000E+00  0.0000E+00  0.0000E+00  0.0000E+00  0.0000E+00
     11.785  0.1126E-03  0.3006E-02  0.3006E-02  0.3006E-02  0.0000E+00  0.0000E+00  0.0000E+00  0.0000E+00  0.0000E+00
     11.863  0.4498E-04  0.2332E-02  0.2332E-02  0.2332E-02  0.0000E+00  0.0000E+00  0.0000E+00  0.0000E+00  0.0000E+00
     11.941  0.8393E-05  0.6591E-03  0.6591E-03  0.6591E-03  0.0000E+00  0.0000E+00  0.0000E+00  0.0000E+00  0.0000E+00
     12.019  0.0000E+00  0.0000E+00  0.0000E+00  0.0000E+00  0.0000E+00  0.0000E+00  0.0000E+00  0.0000E+00  0.0000E+00
     12.097  0.0000E+00  0.0000E+00  0.0000E+00  0.0000E+00  0.0000E+00  0.0000E+00  0.0000E+00  0.0000E+00  0.0000E+00
     12.175  0.0000E+00  0.0000E+00  0.0000E+00  0.0000E+00  0.0000E+00  0.0000E+00  0.0000E+00  0.0000E+00  0.0000E+00
     12.253  0.0000E+00  0.0000E+00  0.0000E+00  0.0000E+00  0.0000E+00  0.0000E+00  0.0000E+00  0.0000E+00  0.0000E+00
     12.331  0.0000E+00  0.0000E+00  0.0000E+00  0.0000E+00  0.0000E+00  0.0000E+00  0.0000E+00  0.0000E+00  0.0000E+00
     12.409  0.0000E+00  0.0000E+00  0.0000E+00  0.0000E+00  0.0000E+00  0.0000E+00  0.0000E+00  0.0000E+00  0.0000E+00
     12.487  0.0000E+00  0.0000E+00  0.0000E+00  0.0000E+00  0.0000E+00  0.0000E+00  0.0000E+00  0.0000E+00  0.0000E+00
     12.565  0.0000E+00  0.0000E+00  0.0000E+00  0.0000E+00  0.0000E+00  0.0000E+00  0.0000E+00  0.0000E+00  0.0000E+00
     12.643  0.0000E+00  0.0000E+00  0.0000E+00  0.0000E+00  0.0000E+00  0.0000E+00  0.0000E+00  0.0000E+00  0.0000E+00
     12.721  0.0000E+00  0.0000E+00  0.0000E+00  0.0000E+00  0.0000E+00  0.0000E+00  0.0000E+00  0.0000E+00  0.0000E+00
     12.799  0.0000E+00  0.0000E+00  0.0000E+00  0.0000E+00  0.0000E+00  0.0000E+00  0.0000E+00  0.0000E+00  0.0000E+00
     12.877  0.0000E+00  0.0000E+00  0.0000E+00  0.0000E+00  0.0000E+00  0.0000E+00  0.0000E+00  0.0000E+00  0.0000E+00
     12.955  0.0000E+00  0.0000E+00  0.0000E+00  0.0000E+00  0.0000E+00  0.0000E+00  0.0000E+00  0.0000E+00  0.0000E+00
     13.033  0.0000E+00  0.0000E+00  0.0000E+00  0.0000E+00  0.0000E+00  0.0000E+00  0.0000E+00  0.0000E+00  0.0000E+00
     13.111  0.0000E+00  0.0000E+00  0.0000E+00  0.0000E+00  0.0000E+00  0.0000E+00  0.0000E+00  0.0000E+00  0.0000E+00
     13.189  0.0000E+00  0.0000E+00  0.0000E+00  0.0000E+00  0.0000E+00  0.0000E+00  0.0000E+00  0.0000E+00  0.0000E+00
     13.266  0.0000E+00  0.0000E+00  0.0000E+00  0.0000E+00  0.0000E+00  0.0000E+00  0.0000E+00  0.0000E+00  0.0000E+00
     13.344  0.0000E+00  0.0000E+00  0.0000E+00  0.0000E+00  0.0000E+00  0.0000E+00  0.0000E+00  0.0000E+00  0.0000E+00
     13.422  0.0000E+00  0.0000E+00  0.0000E+00  0.0000E+00  0.0000E+00  0.0000E+00  0.0000E+00  0.0000E+00  0.0000E+00
     13.500  0.0000E+00  0.0000E+00  0.0000E+00  0.0000E+00  0.0000E+00  0.0000E+00  0.0000E+00  0.0000E+00  0.0000E+00
     13.578  0.0000E+00  0.0000E+00  0.0000E+00  0.0000E+00  0.0000E+00  0.0000E+00  0.0000E+00  0.0000E+00  0.0000E+00
     13.656  0.0000E+00  0.0000E+00  0.0000E+00  0.0000E+00  0.0000E+00  0.0000E+00  0.0000E+00  0.0000E+00  0.0000E+00
     13.734  0.0000E+00  0.0000E+00  0.0000E+00  0.0000E+00  0.0000E+00  0.0000E+00  0.0000E+00  0.0000E+00  0.0000E+00
     13.812  0.0000E+00  0.0000E+00  0.0000E+00  0.0000E+00  0.0000E+00  0.0000E+00  0.0000E+00  0.0000E+00  0.0000E+00
     13.890  0.0000E+00  0.0000E+00  0.0000E+00  0.0000E+00  0.0000E+00  0.0000E+00  0.0000E+00  0.0000E+00  0.0000E+00
     13.89035459     -9.50431884  301      4.25837776      1.00000000
     -9.504  0.0000E+00  0.0000E+00  0.0000E+00  0.0000E+00  0.0000E+00  0.0000E+00  0.0000E+00  0.0000E+00  0.0000E+00
     -9.426  0.0000E+00  0.0000E+00  0.0000E+00  0.0000E+00  0.0000E+00  0.0000E+00  0.0000E+00  0.0000E+00  0.0000E+00
     -9.348  0.0000E+00  0.0000E+00  0.0000E+00  0.0000E+00  0.0000E+00  0.0000E+00  0.0000E+00  0.0000E+00  0.0000E+00
     -9.270  0.0000E+00  0.0000E+00  0.0000E+00  0.0000E+00  0.0000E+00  0.0000E+00  0.0000E+00  0.0000E+00  0.0000E+00
     -9.192  0.0000E+00  0.0000E+00  0.0000E+00  0.0000E+00  0.0000E+00  0.0000E+00  0.0000E+00  0.0000E+00  0.0000E+00
     -9.114  0.0000E+00  0.0000E+00  0.0000E+00  0.0000E+00  0.0000E+00  0.0000E+00  0.0000E+00  0.0000E+00  0.0000E+00
     -9.036  0.0000E+00  0.0000E+00  0.0000E+00  0.0000E+00  0.0000E+00  0.0000E+00  0.0000E+00  0.0000E+00  0.0000E+00
     -8.958  0.0000E+00  0.0000E+00  0.0000E+00  0.0000E+00  0.0000E+00  0.0000E+00  0.0000E+00  0.0000E+00  0.0000E+00
     -8.880  0.0000E+00  0.0000E+00  0.0000E+00  0.0000E+00  0.0000E+00  0.0000E+00  0.0000E+00  0.0000E+00  0.0000E+00
     -8.802  0.0000E+00  0.0000E+00  0.0000E+00  0.0000E+00  0.0000E+00  0.0000E+00  0.0000E+00  0.0000E+00  0.0000E+00
     -8.724  0.0000E+00  0.0000E+00  0.0000E+00  0.0000E+00  0.0000E+00  0.0000E+00  0.0000E+00  0.0000E+00  0.0000E+00
     -8.647  0.0000E+00  0.0000E+00  0.0000E+00  0.0000E+00  0.0000E+00  0.0000E+00  0.0000E+00  0.0000E+00  0.0000E+00
     -8.569  0.0000E+00  0.0000E+00  0.0000E+00  0.0000E+00  0.0000E+00  0.0000E+00  0.0000E+00  0.0000E+00  0.0000E+00
     -8.491  0.0000E+00  0.0000E+00  0.0000E+00  0.0000E+00  0.0000E+00  0.0000E+00  0.0000E+00  0.0000E+00  0.0000E+00
     -8.413  0.0000E+00  0.0000E+00  0.0000E+00  0.0000E+00  0.0000E+00  0.0000E+00  0.0000E+00  0.0000E+00  0.0000E+00
     -8.335  0.0000E+00  0.0000E+00  0.0000E+00  0.0000E+00  0.0000E+00  0.0000E+00  0.0000E+00  0.0000E+00  0.0000E+00
     -8.257  0.0000E+00  0.0000E+00  0.0000E+00  0.0000E+00  0.0000E+00  0.0000E+00  0.0000E+00  0.0000E+00  0.0000E+00
     -8.179  0.0000E+00  0.0000E+00  0.0000E+00  0.0000E+00  0.0000E+00  0.0000E+00  0.0000E+00  0.0000E+00  0.0000E+00
     -8.101  0.0000E+00  0.0000E+00  0.0000E+00  0.0000E+00  0.0000E+00  0.0000E+00  0.0000E+00  0.0000E+00  0.0000E+00
     -8.023  0.0000E+00  0.0000E+00  0.0000E+00  0.0000E+00  0.0000E+00  0.0000E+00  0.0000E+00  0.0000E+00  0.0000E+00
     -7.945  0.0000E+00  0.0000E+00  0.0000E+00  0.0000E+00  0.0000E+00  0.0000E+00  0.0000E+00  0.0000E+00  0.0000E+00
     -7.867  0.0000E+00  0.0000E+00  0.0000E+00  0.0000E+00  0.0000E+00  0.0000E+00  0.0000E+00  0.0000E+00  0.0000E+00
     -7.789  0.0000E+00  0.0000E+00  0.0000E+00  0.0000E+00  0.0000E+00  0.0000E+00  0.0000E+00  0.0000E+00  0.0000E+00
     -7.711  0.0000E+00  0.0000E+00  0.0000E+00  0.0000E+00  0.0000E+00  0.0000E+00  0.0000E+00  0.0000E+00  0.0000E+00
     -7.633  0.0000E+00  0.0000E+00  0.0000E+00  0.0000E+00  0.0000E+00  0.0000E+00  0.0000E+00  0.0000E+00  0.0000E+00
     -7.555  0.0000E+00  0.0000E+00  0.0000E+00  0.0000E+00  0.0000E+00  0.0000E+00  0.0000E+00  0.0000E+00  0.0000E+00
     -7.477  0.1230E-01  0.6228E-05  0.6228E-05  0.6228E-05  0.0000E+00  0.0000E+00  0.0000E+00  0.0000E+00  0.0000E+00
     -7.399  0.2988E-01  0.4621E-04  0.4621E-04  0.4621E-04  0.0000E+00  0.0000E+00  0.0000E+00  0.0000E+00  0.0000E+00
     -7.321  0.3788E-01  0.1037E-03  0.1037E-03  0.1037E-03  0.0000E+00  0.0000E+00  0.0000E+00  0.0000E+00  0.0000E+00
     -7.243  0.4608E-01  0.1762E-03  0.1762E-03  0.1762E-03  0.0000E+00  0.0000E+00  0.0000E+00  0.0000E+00  0.0000E+00
     -7.165  0.5355E-01  0.2581E-03  0.2581E-03  0.2581E-03  0.0000E+00  0.0000E+00  0.0000E+00  0.0000E+00  0.0000E+00
     -7.087  0.5936E-01  0.3567E-03  0.3567E-03  0.3567E-03  0.0000E+00  0.0000E+00  0.0000E+00  0.0000E+00  0.0000E+00
     -7.009  0.6584E-01  0.4578E-03  0.4578E-03  0.4578E-03  0.0000E+00  0.0000E+00  0.0000E+00  0.0000E+00  0.0000E+00
     -6.931  0.7093E-01  0.5774E-03  0.5774E-03  0.5774E-03  0.0000E+00  0.0000E+00  0.0000E+00  0.0000E+00  0.0000E+00
     -6.853  0.7675E-01  0.6968E-03  0.6968E-03  0.6968E-03  0.0000E+00  0.0000E+00  0.0000E+00  0.0000E+00  0.0000E+00
     -6.775  0.8180E-01  0.8329E-03  0.8329E-03  0.8329E-03  0.0000E+00  0.0000E+00  0.0000E+00  0.0000E+00  0.0000E+00
     -6.697  0.8710E-01  0.9727E-03  0.9727E-03  0.9727E-03  0.0000E+00  0.0000E+00  0.0000E+00  0.0000E+00  0.0000E+00
     -6.619  0.9245E-01  0.1121E-02  0.1121E-02  0.1121E-02  0.0000E+00  0.0000E+00  0.0000E+00  0.0000E+00  0.0000E+00
     -6.541  0.9756E-01  0.1283E-02  0.1283E-02  0.1283E-02  0.0000E+00  0.0000E+00  0.0000E+00  0.0000E+00  0.0000E+00
     -6.463  0.1031E+00  0.1447E-02  0.1447E-02  0.1447E-02  0.0000E+00  0.0000E+00  0.0000E+00  0.0000E+00  0.0000E+00
     -6.385  0.1085E+00  0.1626E-02  0.1626E-02  0.1626E-02  0.0000E+00  0.0000E+00  0.0000E+00  0.0000E+00  0.0000E+00
     -6.307  0.1142E+00  0.1816E-02  0.1816E-02  0.1816E-02  0.0000E+00  0.0000E+00  0.0000E+00  0.0000E+00  0.0000E+00
     -6.229  0.1204E+00  0.2011E-02  0.2011E-02  0.2011E-02  0.0000E+00  0.0000E+00  0.0000E+00  0.0000E+00  0.0000E+00
     -6.151  0.1268E+00  0.2226E-02  0.2226E-02  0.2226E-02  0.0000E+00  0.0000E+00  0.0000E+00  0.0000E+00  0.0000E+00
     -6.073  0.1338E+00  0.2460E-02  0.2460E-02  0.2460E-02  0.0000E+00  0.0000E+00  0.0000E+00  0.0000E+00  0.0000E+00
     -5.995  0.1418E+00  0.2704E-02  0.2704E-02  0.2704E-02  0.0000E+00  0.0000E+00  0.0000E+00  0.0000E+00  0.0000E+00
     -5.917  0.1509E+00  0.2980E-02  0.2980E-02  0.2980E-02  0.0000E+00  0.0000E+00  0.0000E+00  0.0000E+00  0.0000E+00
     -5.839  0.1621E+00  0.3306E-02  0.3306E-02  0.3306E-02  0.0000E+00  0.0000E+00  0.0000E+00  0.0000E+00  0.0000E+00
     -5.761  0.1774E+00  0.3695E-02  0.3695E-02  0.3695E-02  0.0000E+00  0.0000E+00  0.0000E+00  0.0000E+00  0.0000E+00
     -5.683  0.2059E+00  0.4303E-02  0.4303E-02  0.4303E-02  0.0000E+00  0.0000E+00  0.0000E+00  0.0000E+00  0.0000E+00
     -5.605  0.2269E+00  0.4866E-02  0.4866E-02  0.4866E-02  0.0000E+00  0.0000E+00  0.0000E+00  0.0000E+00  0.0000E+00
     -5.527  0.2141E+00  0.4849E-02  0.4849E-02  0.4849E-02  0.0000E+00  0.0000E+00  0.0000E+00  0.0000E+00  0.0000E+00
     -5.449  0.2073E+00  0.4922E-02  0.4922E-02  0.4922E-02  0.0000E+00  0.0000E+00  0.0000E+00  0.0000E+00  0.0000E+00
     -5.371  0.1994E+00  0.4981E-02  0.4981E-02  0.4981E-02  0.0000E+00  0.0000E+00  0.0000E+00  0.0000E+00  0.0000E+00
     -5.293  0.1898E+00  0.4970E-02  0.4970E-02  0.4970E-02  0.0000E+00  0.0000E+00  0.0000E+00  0.0000E+00  0.0000E+00
     -5.215  0.1835E+00  0.5000E-02  0.5000E-02  0.5000E-02  0.0000E+00  0.0000E+00  0.0000E+00  0.0000E+00  0.0000E+00
     -5.137  0.1744E+00  0.4981E-02  0.4981E-02  0.4981E-02  0.0000E+00  0.0000E+00  0.0000E+00  0.0000E+00  0.0000E+00
     -5.059  0.1669E+00  0.4954E-02  0.4954E-02  0.4954E-02  0.0000E+00  0.0000E+00  0.0000E+00  0.0000E+00  0.0000E+00
     -4.981  0.1583E+00  0.4890E-02  0.4890E-02  0.4890E-02  0.0000E+00  0.0000E+00  0.0000E+00  0.0000E+00  0.0000E+00
     -4.903  0.1499E+00  0.4821E-02  0.4821E-02  0.4821E-02  0.0000E+00  0.0000E+00  0.0000E+00  0.0000E+00  0.0000E+00
     -4.825  0.1419E+00  0.4729E-02  0.4729E-02  0.4729E-02  0.0000E+00  0.0000E+00  0.0000E+00  0.0000E+00  0.0000E+00
     -4.747  0.1324E+00  0.4593E-02  0.4593E-02  0.4593E-02  0.0000E+00  0.0000E+00  0.0000E+00  0.0000E+00  0.0000E+00
     -4.669  0.1237E+00  0.4447E-02  0.4447E-02  0.4447E-02  0.0000E+00  0.0000E+00  0.0000E+00  0.0000E+00  0.0000E+00
     -4.591  0.1147E+00  0.4271E-02  0.4271E-02  0.4271E-02  0.0000E+00  0.0000E+00  0.0000E+00  0.0000E+00  0.0000E+00
     -4.513  0.1045E+00  0.4046E-02  0.4046E-02  0.4046E-02  0.0000E+00  0.0000E+00  0.0000E+00  0.0000E+00  0.0000E+00
     -4.435  0.9553E-01  0.3826E-02  0.3826E-02  0.3826E-02  0.0000E+00  0.0000E+00  0.0000E+00  0.0000E+00  0.0000E+00
     -4.357  0.8402E-01  0.3503E-02  0.3503E-02  0.3503E-02  0.0000E+00  0.0000E+00  0.0000E+00  0.0000E+00  0.0000E+00
     -4.280  0.7664E-01  0.3347E-02  0.3347E-02  0.3347E-02  0.0000E+00  0.0000E+00  0.0000E+00  0.0000E+00  0.0000E+00
     -4.202  0.5606E-01  0.2524E-02  0.2524E-02  0.2524E-02  0.0000E+00  0.0000E+00  0.0000E+00  0.0000E+00  0.0000E+00
     -4.124  0.2164E-01  0.9956E-03  0.9956E-03  0.9956E-03  0.0000E+00  0.0000E+00  0.0000E+00  0.0000E+00  0.0000E+00
     -4.046  0.0000E+00  0.0000E+00  0.0000E+00  0.0000E+00  0.0000E+00  0.0000E+00  0.0000E+00  0.0000E+00  0.0000E+00
     -3.968  0.4734E-02  0.2588E-03  0.2588E-03  0.2588E-03  0.0000E+00  0.0000E+00  0.0000E+00  0.0000E+00  0.0000E+00
     -3.890  0.2076E-01  0.1137E-02  0.1137E-02  0.1137E-02  0.0000E+00  0.0000E+00  0.0000E+00  0.0000E+00  0.0000E+00
     -3.812  0.5337E-01  0.2922E-02  0.2922E-02  0.2922E-02  0.0000E+00  0.0000E+00  0.0000E+00  0.0000E+00  0.0000E+00
     -3.734  0.6531E-01  0.3672E-02  0.3672E-02  0.3672E-02  0.0000E+00  0.0000E+00  0.0000E+00  0.0000E+00  0.0000E+00
     -3.656  0.7364E-01  0.4263E-02  0.4263E-02  0.4263E-02  0.0000E+00  0.0000E+00  0.0000E+00  0.0000E+00  0.0000E+00
     -3.578  0.8403E-01  0.5043E-02  0.5043E-02  0.5043E-02  0.0000E+00  0.0000E+00  0.0000E+00  0.0000E+00  0.0000E+00
     -3.500  0.9181E-01  0.5685E-02  0.5685E-02  0.5685E-02  0.0000E+00  0.0000E+00  0.0000E+00  0.0000E+00  0.0000E+00
     -3.422  0.1012E+00  0.6488E-02  0.6488E-02  0.6488E-02  0.0000E+00  0.0000E+00  0.0000E+00  0.0000E+00  0.0000E+00
     -3.344  0.1106E+00  0.7382E-02  0.7382E-02  0.7382E-02  0.0000E+00  0.0000E+00  0.0000E+00  0.0000E+00  0.0000E+00
     -3.266  0.1192E+00  0.8276E-02  0.8276E-02  0.8276E-02  0.0000E+00  0.0000E+00  0.0000E+00  0.0000E+00  0.0000E+00
     -3.188  0.1288E+00  0.9369E-02  0.9369E-02  0.9369E-02  0.0000E+00  0.0000E+00  0.0000E+00  0.0000E+00  0.0000E+00
     -3.110  0.1399E+00  0.1071E-01  0.1071E-01  0.1071E-01  0.0000E+00  0.0000E+00  0.0000E+00  0.0000E+00  0.0000E+00
     -3.032  0.1542E+00  0.1265E-01  0.1265E-01  0.1265E-01  0.0000E+00  0.0000E+00  0.0000E+00  0.0000E+00  0.0000E+00
     -2.954  0.1699E+00  0.1505E-01  0.1505E-01  0.1505E-01  0.0000E+00  0.0000E+00  0.0000E+00  0.0000E+00  0.0000E+00
     -2.876  0.2405E+00  0.2538E-01  0.2538E-01  0.2538E-01  0.0000E+00  0.0000E+00  0.0000E+00  0.0000E+00  0.0000E+00
     -2.798  0.2327E+00  0.2807E-01  0.2807E-01  0.2807E-01  0.0000E+00  0.0000E+00  0.0000E+00  0.0000E+00  0.0000E+00
     -2.720  0.1675E+00  0.1887E-01  0.1887E-01  0.1887E-01  0.0000E+00  0.0000E+00  0.0000E+00  0.0000E+00  0.0000E+00
     -2.642  0.1461E+00  0.1635E-01  0.1635E-01  0.1635E-01  0.0000E+00  0.0000E+00  0.0000E+00  0.0000E+00  0.0000E+00
     -2.564  0.1309E+00  0.1470E-01  0.1470E-01  0.1470E-01  0.0000E+00  0.0000E+00  0.0000E+00  0.0000E+00  0.0000E+00
     -2.486  0.1190E+00  0.1348E-01  0.1348E-01  0.1348E-01  0.0000E+00  0.0000E+00  0.0000E+00  0.0000E+00  0.0000E+00
     -2.408  0.1103E+00  0.1260E-01  0.1260E-01  0.1260E-01  0.0000E+00  0.0000E+00  0.0000E+00  0.0000E+00  0.0000E+00
     -2.330  0.1028E+00  0.1187E-01  0.1187E-01  0.1187E-01  0.0000E+00  0.0000E+00  0.0000E+00  0.0000E+00  0.0000E+00
     -2.252  0.9588E-01  0.1122E-01  0.1122E-01  0.1122E-01  0.0000E+00  0.0000E+00  0.0000E+00  0.0000E+00  0.0000E+00
     -2.174  0.8926E-01  0.1061E-01  0.1061E-01  0.1061E-01  0.0000E+00  0.0000E+00  0.0000E+00  0.0000E+00  0.0000E+00
     -2.096  0.8421E-01  0.1014E-01  0.1014E-01  0.1014E-01  0.0000E+00  0.0000E+00  0.0000E+00  0.0000E+00  0.0000E+00
     -2.018  0.7971E-01  0.9726E-02  0.9726E-02  0.9726E-02  0.0000E+00  0.0000E+00  0.0000E+00  0.0000E+00  0.0000E+00
     -1.940  0.7523E-01  0.9319E-02  0.9319E-02  0.9319E-02  0.0000E+00  0.0000E+00  0.0000E+00  0.0000E+00  0.0000E+00
     -1.862  0.7081E-01  0.8917E-02  0.8917E-02  0.8917E-02  0.0000E+00  0.0000E+00  0.0000E+00  0.0000E+00  0.0000E+00
     -1.784  0.6662E-01  0.8532E-02  0.8532E-02  0.8532E-02  0.0000E+00  0.0000E+00  0.0000E+00  0.0000E+00  0.0000E+00
     -1.706  0.6352E-01  0.8246E-02  0.8246E-02  0.8246E-02  0.0000E+00  0.0000E+00  0.0000E+00  0.0000E+00  0.0000E+00
     -1.628  0.6042E-01  0.7959E-02  0.7959E-02  0.7959E-02  0.0000E+00  0.0000E+00  0.0000E+00  0.0000E+00  0.0000E+00
     -1.550  0.5729E-01  0.7669E-02  0.7669E-02  0.7669E-02  0.0000E+00  0.0000E+00  0.0000E+00  0.0000E+00  0.0000E+00
     -1.472  0.5409E-01  0.7365E-02  0.7365E-02  0.7365E-02  0.0000E+00  0.0000E+00  0.0000E+00  0.0000E+00  0.0000E+00
     -1.394  0.5100E-01  0.7067E-02  0.7067E-02  0.7067E-02  0.0000E+00  0.0000E+00  0.0000E+00  0.0000E+00  0.0000E+00
     -1.316  0.4879E-01  0.6854E-02  0.6854E-02  0.6854E-02  0.0000E+00  0.0000E+00  0.0000E+00  0.0000E+00  0.0000E+00
     -1.238  0.4654E-01  0.6636E-02  0.6636E-02  0.6636E-02  0.0000E+00  0.0000E+00  0.0000E+00  0.0000E+00  0.0000E+00
     -1.160  0.4418E-01  0.6403E-02  0.6403E-02  0.6403E-02  0.0000E+00  0.0000E+00  0.0000E+00  0.0000E+00  0.0000E+00
     -1.082  0.4180E-01  0.6162E-02  0.6162E-02  0.6162E-02  0.0000E+00  0.0000E+00  0.0000E+00  0.0000E+00  0.0000E+00
     -1.004  0.3929E-01  0.5900E-02  0.5900E-02  0.5900E-02  0.0000E+00  0.0000E+00  0.0000E+00  0.0000E+00  0.0000E+00
     -0.926  0.3758E-01  0.5723E-02  0.5723E-02  0.5723E-02  0.0000E+00  0.0000E+00  0.0000E+00  0.0000E+00  0.0000E+00
     -0.848  0.3588E-01  0.5545E-02  0.5545E-02  0.5545E-02  0.0000E+00  0.0000E+00  0.0000E+00  0.0000E+00  0.0000E+00
     -0.770  0.3418E-01  0.5364E-02  0.5364E-02  0.5364E-02  0.0000E+00  0.0000E+00  0.0000E+00  0.0000E+00  0.0000E+00
     -0.692  0.3237E-01  0.5166E-02  0.5166E-02  0.5166E-02  0.0000E+00  0.0000E+00  0.0000E+00  0.0000E+00  0.0000E+00
     -0.614  0.3053E-01  0.4960E-02  0.4960E-02  0.4960E-02  0.0000E+00  0.0000E+00  0.0000E+00  0.0000E+00  0.0000E+00
     -0.536  0.2871E-01  0.4749E-02  0.4749E-02  0.4749E-02  0.0000E+00  0.0000E+00  0.0000E+00  0.0000E+00  0.0000E+00
     -0.458  0.2750E-01  0.4610E-02  0.4610E-02  0.4610E-02  0.0000E+00  0.0000E+00  0.0000E+00  0.0000E+00  0.0000E+00
     -0.380  0.2624E-01  0.4464E-02  0.4464E-02  0.4464E-02  0.0000E+00  0.0000E+00  0.0000E+00  0.0000E+00  0.0000E+00
     -0.302  0.2489E-01  0.4303E-02  0.4303E-02  0.4303E-02  0.0000E+00  0.0000E+00  0.0000E+00  0.0000E+00  0.0000E+00
     -0.224  0.2356E-01  0.4143E-02  0.4143E-02  0.4143E-02  0.0000E+00  0.0000E+00  0.0000E+00  0.0000E+00  0.0000E+00
     -0.146  0.2206E-01  0.3954E-02  0.3954E-02  0.3954E-02  0.0000E+00  0.0000E+00  0.0000E+00  0.0000E+00  0.0000E+00
     -0.068  0.2162E-01  0.2195E-01  0.2195E-01  0.2195E-01  0.0000E+00  0.0000E+00  0.0000E+00  0.0000E+00  0.0000E+00
      0.010  0.2249E-01  0.4118E-01  0.4118E-01  0.4118E-01  0.0000E+00  0.0000E+00  0.0000E+00  0.0000E+00  0.0000E+00
      0.087  0.2463E-01  0.6768E-01  0.6768E-01  0.6768E-01  0.0000E+00  0.0000E+00  0.0000E+00  0.0000E+00  0.0000E+00
      0.165  0.2608E-01  0.7464E-01  0.7464E-01  0.7464E-01  0.0000E+00  0.0000E+00  0.0000E+00  0.0000E+00  0.0000E+00
      0.243  0.2612E-01  0.7058E-01  0.7058E-01  0.7058E-01  0.0000E+00  0.0000E+00  0.0000E+00  0.0000E+00  0.0000E+00
      0.321  0.2602E-01  0.6329E-01  0.6329E-01  0.6329E-01  0.0000E+00  0.0000E+00  0.0000E+00  0.0000E+00  0.0000E+00
      0.399  0.2565E-01  0.6062E-01  0.6062E-01  0.6062E-01  0.0000E+00  0.0000E+00  0.0000E+00  0.0000E+00  0.0000E+00
      0.477  0.2537E-01  0.7550E-01  0.7550E-01  0.7550E-01  0.0000E+00  0.0000E+00  0.0000E+00  0.0000E+00  0.0000E+00
      0.555  0.2509E-01  0.6091E-01  0.6091E-01  0.6091E-01  0.0000E+00  0.0000E+00  0.0000E+00  0.0000E+00  0.0000E+00
      0.633  0.2479E-01  0.6360E-01  0.6360E-01  0.6360E-01  0.0000E+00  0.0000E+00  0.0000E+00  0.0000E+00  0.0000E+00
      0.711  0.2418E-01  0.6511E-01  0.6511E-01  0.6511E-01  0.0000E+00  0.0000E+00  0.0000E+00  0.0000E+00  0.0000E+00
      0.789  0.2358E-01  0.7553E-01  0.7553E-01  0.7553E-01  0.0000E+00  0.0000E+00  0.0000E+00  0.0000E+00  0.0000E+00
      0.867  0.2267E-01  0.7512E-01  0.7512E-01  0.7512E-01  0.0000E+00  0.0000E+00  0.0000E+00  0.0000E+00  0.0000E+00
      0.945  0.2184E-01  0.8222E-01  0.8222E-01  0.8222E-01  0.0000E+00  0.0000E+00  0.0000E+00  0.0000E+00  0.0000E+00
      1.023  0.2117E-01  0.1019E+00  0.1019E+00  0.1019E+00  0.0000E+00  0.0000E+00  0.0000E+00  0.0000E+00  0.0000E+00
      1.101  0.2035E-01  0.1002E+00  0.1002E+00  0.1002E+00  0.0000E+00  0.0000E+00  0.0000E+00  0.0000E+00  0.0000E+00
      1.179  0.1955E-01  0.9866E-01  0.9866E-01  0.9866E-01  0.0000E+00  0.0000E+00  0.0000E+00  0.0000E+00  0.0000E+00
      1.257  0.1865E-01  0.9720E-01  0.9720E-01  0.9720E-01  0.0000E+00  0.0000E+00  0.0000E+00  0.0000E+00  0.0000E+00
      1.335  0.1779E-01  0.9559E-01  0.9559E-01  0.9559E-01  0.0000E+00  0.0000E+00  0.0000E+00  0.0000E+00  0.0000E+00
      1.413  0.1674E-01  0.9541E-01  0.9541E-01  0.9541E-01  0.0000E+00  0.0000E+00  0.0000E+00  0.0000E+00  0.0000E+00
      1.491  0.1568E-01  0.9424E-01  0.9424E-01  0.9424E-01  0.0000E+00  0.0000E+00  0.0000E+00  0.0000E+00  0.0000E+00
      1.569  0.1487E-01  0.9337E-01  0.9337E-01  0.9337E-01  0.0000E+00  0.0000E+00  0.0000E+00  0.0000E+00  0.0000E+00
      1.647  0.1411E-01  0.9229E-01  0.9229E-01  0.9229E-01  0.0000E+00  0.0000E+00  0.0000E+00  0.0000E+00  0.0000E+00
      1.725  0.1333E-01  0.9163E-01  0.9163E-01  0.9163E-01  0.0000E+00  0.0000E+00  0.0000E+00  0.0000E+00  0.0000E+00
      1.803  0.1239E-01  0.9121E-01  0.9121E-01  0.9121E-01  0.0000E+00  0.0000E+00  0.0000E+00  0.0000E+00  0.0000E+00
      1.881  0.1133E-01  0.9012E-01  0.9012E-01  0.9012E-01  0.0000E+00  0.0000E+00  0.0000E+00  0.0000E+00  0.0000E+00
      1.959  0.1036E-01  0.8902E-01  0.8902E-01  0.8902E-01  0.0000E+00  0.0000E+00  0.0000E+00  0.0000E+00  0.0000E+00
      2.037  0.9338E-02  0.8834E-01  0.8834E-01  0.8834E-01  0.0000E+00  0.0000E+00  0.0000E+00  0.0000E+00  0.0000E+00
      2.115  0.8407E-02  0.8797E-01  0.8797E-01  0.8797E-01  0.0000E+00  0.0000E+00  0.0000E+00  0.0000E+00  0.0000E+00
      2.193  0.7423E-02  0.8826E-01  0.8826E-01  0.8826E-01  0.0000E+00  0.0000E+00  0.0000E+00  0.0000E+00  0.0000E+00
      2.271  0.6404E-02  0.8712E-01  0.8712E-01  0.8712E-01  0.0000E+00  0.0000E+00  0.0000E+00  0.0000E+00  0.0000E+00
      2.349  0.5416E-02  0.7526E-01  0.7526E-01  0.7526E-01  0.0000E+00  0.0000E+00  0.0000E+00  0.0000E+00  0.0000E+00
      2.427  0.4647E-02  0.5807E-01  0.5807E-01  0.5807E-01  0.0000E+00  0.0000E+00  0.0000E+00  0.0000E+00  0.0000E+00
      2.505  0.4077E-02  0.4958E-01  0.4958E-01  0.4958E-01  0.0000E+00  0.0000E+00  0.0000E+00  0.0000E+00  0.0000E+00
      2.583  0.3532E-02  0.4288E-01  0.4288E-01  0.4288E-01  0.0000E+00  0.0000E+00  0.0000E+00  0.0000E+00  0.0000E+00
      2.661  0.3164E-02  0.3777E-01  0.3777E-01  0.3777E-01  0.0000E+00  0.0000E+00  0.0000E+00  0.0000E+00  0.0000E+00
      2.739  0.2614E-02  0.3319E-01  0.3319E-01  0.3319E-01  0.0000E+00  0.0000E+00  0.0000E+00  0.0000E+00  0.0000E+00
      2.817  0.2212E-02  0.2882E-01  0.2882E-01  0.2882E-01  0.0000E+00  0.0000E+00  0.0000E+00  0.0000E+00  0.0000E+00
      2.895  0.1711E-02  0.2492E-01  0.2492E-01  0.2492E-01  0.0000E+00  0.0000E+00  0.0000E+00  0.0000E+00  0.0000E+00
      2.973  0.1244E-02  0.2147E-01  0.2147E-01  0.2147E-01  0.0000E+00  0.0000E+00  0.0000E+00  0.0000E+00  0.0000E+00
      3.051  0.8546E-03  0.1768E-01  0.1768E-01  0.1768E-01  0.0000E+00  0.0000E+00  0.0000E+00  0.0000E+00  0.0000E+00
      3.129  0.5498E-03  0.1435E-01  0.1435E-01  0.1435E-01  0.0000E+00  0.0000E+00  0.0000E+00  0.0000E+00  0.0000E+00
      3.207  0.3070E-03  0.1061E-01  0.1061E-01  0.1061E-01  0.0000E+00  0.0000E+00  0.0000E+00  0.0000E+00  0.0000E+00
      3.285  0.7249E-04  0.5253E-02  0.5253E-02  0.5253E-02  0.0000E+00  0.0000E+00  0.0000E+00  0.0000E+00  0.0000E+00
      3.363  0.0000E+00  0.0000E+00  0.0000E+00  0.0000E+00  0.0000E+00  0.0000E+00  0.0000E+00  0.0000E+00  0.0000E+00
      3.441  0.0000E+00  0.0000E+00  0.0000E+00  0.0000E+00  0.0000E+00  0.0000E+00  0.0000E+00  0.0000E+00  0.0000E+00
      3.519  0.0000E+00  0.0000E+00  0.0000E+00  0.0000E+00  0.0000E+00  0.0000E+00  0.0000E+00  0.0000E+00  0.0000E+00
      3.597  0.0000E+00  0.0000E+00  0.0000E+00  0.0000E+00  0.0000E+00  0.0000E+00  0.0000E+00  0.0000E+00  0.0000E+00
      3.675  0.0000E+00  0.0000E+00  0.0000E+00  0.0000E+00  0.0000E+00  0.0000E+00  0.0000E+00  0.0000E+00  0.0000E+00
      3.753  0.0000E+00  0.0000E+00  0.0000E+00  0.0000E+00  0.0000E+00  0.0000E+00  0.0000E+00  0.0000E+00  0.0000E+00
      3.831  0.0000E+00  0.0000E+00  0.0000E+00  0.0000E+00  0.0000E+00  0.0000E+00  0.0000E+00  0.0000E+00  0.0000E+00
      3.909  0.0000E+00  0.0000E+00  0.0000E+00  0.0000E+00  0.0000E+00  0.0000E+00  0.0000E+00  0.0000E+00  0.0000E+00
      3.987  0.0000E+00  0.0000E+00  0.0000E+00  0.0000E+00  0.0000E+00  0.0000E+00  0.0000E+00  0.0000E+00  0.0000E+00
      4.065  0.0000E+00  0.0000E+00  0.0000E+00  0.0000E+00  0.0000E+00  0.0000E+00  0.0000E+00  0.0000E+00  0.0000E+00
      4.143  0.0000E+00  0.0000E+00  0.0000E+00  0.0000E+00  0.0000E+00  0.0000E+00  0.0000E+00  0.0000E+00  0.0000E+00
      4.221  0.0000E+00  0.0000E+00  0.0000E+00  0.0000E+00  0.0000E+00  0.0000E+00  0.0000E+00  0.0000E+00  0.0000E+00
      4.299  0.1761E-02  0.1846E-03  0.1846E-03  0.1846E-03  0.0000E+00  0.0000E+00  0.0000E+00  0.0000E+00  0.0000E+00
      4.377  0.8439E-02  0.9237E-03  0.9237E-03  0.9237E-03  0.0000E+00  0.0000E+00  0.0000E+00  0.0000E+00  0.0000E+00
      4.455  0.1512E-01  0.1812E-02  0.1812E-02  0.1812E-02  0.0000E+00  0.0000E+00  0.0000E+00  0.0000E+00  0.0000E+00
      4.532  0.2382E-01  0.4881E-02  0.4881E-02  0.4881E-02  0.0000E+00  0.0000E+00  0.0000E+00  0.0000E+00  0.0000E+00
      4.610  0.3245E-01  0.7743E-02  0.7743E-02  0.7743E-02  0.0000E+00  0.0000E+00  0.0000E+00  0.0000E+00  0.0000E+00
      4.688  0.4116E-01  0.1067E-01  0.1067E-01  0.1067E-01  0.0000E+00  0.0000E+00  0.0000E+00  0.0000E+00  0.0000E+00
      4.766  0.5112E-01  0.1427E-01  0.1427E-01  0.1427E-01  0.0000E+00  0.0000E+00  0.0000E+00  0.0000E+00  0.0000E+00
      4.844  0.5917E-01  0.1731E-01  0.1731E-01  0.1731E-01  0.0000E+00  0.0000E+00  0.0000E+00  0.0000E+00  0.0000E+00
      4.922  0.6831E-01  0.2072E-01  0.2072E-01  0.2072E-01  0.0000E+00  0.0000E+00  0.0000E+00  0.0000E+00  0.0000E+00
      5.000  0.8098E-01  0.2482E-01  0.2482E-01  0.2482E-01  0.0000E+00  0.0000E+00  0.0000E+00  0.0000E+00  0.0000E+00
      5.078  0.9492E-01  0.2943E-01  0.2943E-01  0.2943E-01  0.0000E+00  0.0000E+00  0.0000E+00  0.0000E+00  0.0000E+00
      5.156  0.1033E+00  0.3389E-01  0.3389E-01  0.3389E-01  0.0000E+00  0.0000E+00  0.0000E+00  0.0000E+00  0.0000E+00
      5.234  0.1138E+00  0.3928E-01  0.3928E-01  0.3928E-01  0.0000E+00  0.0000E+00  0.0000E+00  0.0000E+00  0.0000E+00
      5.312  0.1300E+00  0.4675E-01  0.4675E-01  0.4675E-01  0.0000E+00  0.0000E+00  0.0000E+00  0.0000E+00  0.0000E+00
      5.390  0.1610E+00  0.5970E-01  0.5970E-01  0.5970E-01  0.0000E+00  0.0000E+00  0.0000E+00  0.0000E+00  0.0000E+00
      5.468  0.1583E+00  0.6223E-01  0.6223E-01  0.6223E-01  0.0000E+00  0.0000E+00  0.0000E+00  0.0000E+00  0.0000E+00
      5.546  0.1480E+00  0.6077E-01  0.6077E-01  0.6077E-01  0.0000E+00  0.0000E+00  0.0000E+00  0.0000E+00  0.0000E+00
      5.624  0.1276E+00  0.5272E-01  0.5272E-01  0.5272E-01  0.0000E+00  0.0000E+00  0.0000E+00  0.0000E+00  0.0000E+00
      5.702  0.1120E+00  0.4702E-01  0.4702E-01  0.4702E-01  0.0000E+00  0.0000E+00  0.0000E+00  0.0000E+00  0.0000E+00
      5.780  0.9737E-01  0.4297E-01  0.4297E-01  0.4297E-01  0.0000E+00  0.0000E+00  0.0000E+00  0.0000E+00  0.0000E+00
      5.858  0.7497E-01  0.3675E-01  0.3675E-01  0.3675E-01  0.0000E+00  0.0000E+00  0.0000E+00  0.0000E+00  0.0000E+00
      5.936  0.7131E-01  0.3834E-01  0.3834E-01  0.3834E-01  0.0000E+00  0.0000E+00  0.0000E+00  0.0000E+00  0.0000E+00
      6.014  0.6622E-01  0.3927E-01  0.3927E-01  0.3927E-01  0.0000E+00  0.0000E+00  0.0000E+00  0.0000E+00  0.0000E+00
      6.092  0.6393E-01  0.3881E-01  0.3881E-01  0.3881E-01  0.0000E+00  0.0000E+00  0.0000E+00  0.0000E+00  0.0000E+00
      6.170  0.6082E-01  0.3925E-01  0.3925E-01  0.3925E-01  0.0000E+00  0.0000E+00  0.0000E+00  0.0000E+00  0.0000E+00
      6.248  0.5795E-01  0.3946E-01  0.3946E-01  0.3946E-01  0.0000E+00  0.0000E+00  0.0000E+00  0.0000E+00  0.0000E+00
      6.326  0.5932E-01  0.4066E-01  0.4066E-01  0.4066E-01  0.0000E+00  0.0000E+00  0.0000E+00  0.0000E+00  0.0000E+00
      6.404  0.6924E-01  0.4620E-01  0.4620E-01  0.4620E-01  0.0000E+00  0.0000E+00  0.0000E+00  0.0000E+00  0.0000E+00
      6.482  0.8977E-01  0.5613E-01  0.5613E-01  0.5613E-01  0.0000E+00  0.0000E+00  0.0000E+00  0.0000E+00  0.0000E+00
      6.560  0.6968E-01  0.5181E-01  0.5181E-01  0.5181E-01  0.0000E+00  0.0000E+00  0.0000E+00  0.0000E+00  0.0000E+00
      6.638  0.5050E-01  0.5002E-01  0.5002E-01  0.5002E-01  0.0000E+00  0.0000E+00  0.0000E+00  0.0000E+00  0.0000E+00
      6.716  0.4909E-01  0.5548E-01  0.5548E-01  0.5548E-01  0.0000E+00  0.0000E+00  0.0000E+00  0.0000E+00  0.0000E+00
      6.794  0.4830E-01  0.7123E-01  0.7123E-01  0.7123E-01  0.0000E+00  0.0000E+00  0.0000E+00  0.0000E+00  0.0000E+00
      6.872  0.5535E-01  0.1167E+00  0.1167E+00  0.1167E+00  0.0000E+00  0.0000E+00  0.0000E+00  0.0000E+00  0.0000E+00
      6.950  0.4228E-01  0.7964E-01  0.7964E-01  0.7964E-01  0.0000E+00  0.0000E+00  0.0000E+00  0.0000E+00  0.0000E+00
      7.028  0.3878E-01  0.6737E-01  0.6737E-01  0.6737E-01  0.0000E+00  0.0000E+00  0.0000E+00  0.0000E+00  0.0000E+00
      7.106  0.3954E-01  0.6962E-01  0.6962E-01  0.6962E-01  0.0000E+00  0.0000E+00  0.0000E+00  0.0000E+00  0.0000E+00
      7.184  0.3836E-01  0.6483E-01  0.6483E-01  0.6483E-01  0.0000E+00  0.0000E+00  0.0000E+00  0.0000E+00  0.0000E+00
      7.262  0.3310E-01  0.5883E-01  0.5883E-01  0.5883E-01  0.0000E+00  0.0000E+00  0.0000E+00  0.0000E+00  0.0000E+00
      7.340  0.2770E-01  0.5286E-01  0.5286E-01  0.5286E-01  0.0000E+00  0.0000E+00  0.0000E+00  0.0000E+00  0.0000E+00
      7.418  0.2621E-01  0.5081E-01  0.5081E-01  0.5081E-01  0.0000E+00  0.0000E+00  0.0000E+00  0.0000E+00  0.0000E+00
      7.496  0.2555E-01  0.4968E-01  0.4968E-01  0.4968E-01  0.0000E+00  0.0000E+00  0.0000E+00  0.0000E+00  0.0000E+00
      7.574  0.2316E-01  0.4669E-01  0.4669E-01  0.4669E-01  0.0000E+00  0.0000E+00  0.0000E+00  0.0000E+00  0.0000E+00
      7.652  0.2358E-01  0.4817E-01  0.4817E-01  0.4817E-01  0.0000E+00  0.0000E+00  0.0000E+00  0.0000E+00  0.0000E+00
      7.730  0.2683E-01  0.5388E-01  0.5388E-01  0.5388E-01  0.0000E+00  0.0000E+00  0.0000E+00  0.0000E+00  0.0000E+00
      7.808  0.2450E-01  0.5562E-01  0.5562E-01  0.5562E-01  0.0000E+00  0.0000E+00  0.0000E+00  0.0000E+00  0.0000E+00
      7.886  0.2469E-01  0.6136E-01  0.6136E-01  0.6136E-01  0.0000E+00  0.0000E+00  0.0000E+00  0.0000E+00  0.0000E+00
      7.964  0.2644E-01  0.6816E-01  0.6816E-01  0.6816E-01  0.0000E+00  0.0000E+00  0.0000E+00  0.0000E+00  0.0000E+00
      8.042  0.2875E-01  0.6855E-01  0.6855E-01  0.6855E-01  0.0000E+00  0.0000E+00  0.0000E+00  0.0000E+00  0.0000E+00
      8.120  0.2860E-01  0.6157E-01  0.6157E-01  0.6157E-01  0.0000E+00  0.0000E+00  0.0000E+00  0.0000E+00  0.0000E+00
      8.198  0.2956E-01  0.6217E-01  0.6217E-01  0.6217E-01  0.0000E+00  0.0000E+00  0.0000E+00  0.0000E+00  0.0000E+00
      8.276  0.3004E-01  0.6076E-01  0.6076E-01  0.6076E-01  0.0000E+00  0.0000E+00  0.0000E+00  0.0000E+00  0.0000E+00
      8.354  0.2973E-01  0.5737E-01  0.5737E-01  0.5737E-01  0.0000E+00  0.0000E+00  0.0000E+00  0.0000E+00  0.0000E+00
      8.432  0.3208E-01  0.5905E-01  0.5905E-01  0.5905E-01  0.0000E+00  0.0000E+00  0.0000E+00  0.0000E+00  0.0000E+00
      8.510  0.2982E-01  0.5617E-01  0.5617E-01  0.5617E-01  0.0000E+00  0.0000E+00  0.0000E+00  0.0000E+00  0.0000E+00
      8.588  0.2795E-01  0.5372E-01  0.5372E-01  0.5372E-01  0.0000E+00  0.0000E+00  0.0000E+00  0.0000E+00  0.0000E+00
      8.666  0.2881E-01  0.5657E-01  0.5657E-01  0.5657E-01  0.0000E+00  0.0000E+00  0.0000E+00  0.0000E+00  0.0000E+00
      8.744  0.2781E-01  0.5453E-01  0.5453E-01  0.5453E-01  0.0000E+00  0.0000E+00  0.0000E+00  0.0000E+00  0.0000E+00
      8.822  0.2517E-01  0.5024E-01  0.5024E-01  0.5024E-01  0.0000E+00  0.0000E+00  0.0000E+00  0.0000E+00  0.0000E+00
      8.899  0.2405E-01  0.4889E-01  0.4889E-01  0.4889E-01  0.0000E+00  0.0000E+00  0.0000E+00  0.0000E+00  0.0000E+00
      8.977  0.2311E-01  0.4805E-01  0.4805E-01  0.4805E-01  0.0000E+00  0.0000E+00  0.0000E+00  0.0000E+00  0.0000E+00
      9.055  0.2219E-01  0.4740E-01  0.4740E-01  0.4740E-01  0.0000E+00  0.0000E+00  0.0000E+00  0.0000E+00  0.0000E+00
      9.133  0.2146E-01  0.4678E-01  0.4678E-01  0.4678E-01  0.0000E+00  0.0000E+00  0.0000E+00  0.0000E+00  0.0000E+00
      9.211  0.1931E-01  0.4304E-01  0.4304E-01  0.4304E-01  0.0000E+00  0.0000E+00  0.0000E+00  0.0000E+00  0.0000E+00
      9.289  0.1978E-01  0.4379E-01  0.4379E-01  0.4379E-01  0.0000E+00  0.0000E+00  0.0000E+00  0.0000E+00  0.0000E+00
      9.367  0.2093E-01  0.4623E-01  0.4623E-01  0.4623E-01  0.0000E+00  0.0000E+00  0.0000E+00  0.0000E+00  0.0000E+00
      9.445  0.2445E-01  0.5472E-01  0.5472E-01  0.5472E-01  0.0000E+00  0.0000E+00  0.0000E+00  0.0000E+00  0.0000E+00
      9.523  0.2520E-01  0.5720E-01  0.5720E-01  0.5720E-01  0.0000E+00  0.0000E+00  0.0000E+00  0.0000E+00  0.0000E+00
      9.601  0.2364E-01  0.5521E-01  0.5521E-01  0.5521E-01  0.0000E+00  0.0000E+00  0.0000E+00  0.0000E+00  0.0000E+00
      9.679  0.2134E-01  0.5147E-01  0.5147E-01  0.5147E-01  0.0000E+00  0.0000E+00  0.0000E+00  0.0000E+00  0.0000E+00
      9.757  0.1878E-01  0.4715E-01  0.4715E-01  0.4715E-01  0.0000E+00  0.0000E+00  0.0000E+00  0.0000E+00  0.0000E+00
      9.835  0.1709E-01  0.4415E-01  0.4415E-01  0.4415E-01  0.0000E+00  0.0000E+00  0.0000E+00  0.0000E+00  0.0000E+00
      9.913  0.1566E-01  0.4153E-01  0.4153E-01  0.4153E-01  0.0000E+00  0.0000E+00  0.0000E+00  0.0000E+00  0.0000E+00
      9.991  0.1443E-01  0.3945E-01  0.3945E-01  0.3945E-01  0.0000E+00  0.0000E+00  0.0000E+00  0.0000E+00  0.0000E+00
     10.069  0.1297E-01  0.3731E-01  0.3731E-01  0.3731E-01  0.0000E+00  0.0000E+00  0.0000E+00  0.0000E+00  0.0000E+00
     10.147  0.1190E-01  0.3590E-01  0.3590E-01  0.3590E-01  0.0000E+00  0.0000E+00  0.0000E+00  0.0000E+00  0.0000E+00
     10.225  0.1077E-01  0.3415E-01  0.3415E-01  0.3415E-01  0.0000E+00  0.0000E+00  0.0000E+00  0.0000E+00  0.0000E+00
     10.303  0.9822E-02  0.3260E-01  0.3260E-01  0.3260E-01  0.0000E+00  0.0000E+00  0.0000E+00  0.0000E+00  0.0000E+00
     10.381  0.8803E-02  0.3110E-01  0.3110E-01  0.3110E-01  0.0000E+00  0.0000E+00  0.0000E+00  0.0000E+00  0.0000E+00
     10.459  0.8061E-02  0.3006E-01  0.3006E-01  0.3006E-01  0.0000E+00  0.0000E+00  0.0000E+00  0.0000E+00  0.0000E+00
     10.537  0.7175E-02  0.2823E-01  0.2823E-01  0.2823E-01  0.0000E+00  0.0000E+00  0.0000E+00  0.0000E+00  0.0000E+00
     10.615  0.6302E-02  0.2633E-01  0.2633E-01  0.2633E-01  0.0000E+00  0.0000E+00  0.0000E+00  0.0000E+00  0.0000E+00
     10.693  0.5796E-02  0.2563E-01  0.2563E-01  0.2563E-01  0.0000E+00  0.0000E+00  0.0000E+00  0.0000E+00  0.0000E+00
     10.771  0.5041E-02  0.2455E-01  0.2455E-01  0.2455E-01  0.0000E+00  0.0000E+00  0.0000E+00  0.0000E+00  0.0000E+00
     10.849  0.4137E-02  0.2312E-01  0.2312E-01  0.2312E-01  0.0000E+00  0.0000E+00  0.0000E+00  0.0000E+00  0.0000E+00
     10.927  0.3456E-02  0.2186E-01  0.2186E-01  0.2186E-01  0.0000E+00  0.0000E+00  0.0000E+00  0.0000E+00  0.0000E+00
     11.005  0.2808E-02  0.2081E-01  0.2081E-01  0.2081E-01  0.0000E+00  0.0000E+00  0.0000E+00  0.0000E+00  0.0000E+00
     11.083  0.2076E-02  0.2462E-01  0.2462E-01  0.2462E-01  0.0000E+00  0.0000E+00  0.0000E+00  0.0000E+00  0.0000E+00
     11.161  0.1464E-02  0.1190E-01  0.1190E-01  0.1190E-01  0.0000E+00  0.0000E+00  0.0000E+00  0.0000E+00  0.0000E+00
     11.239  0.1213E-02  0.1030E-01  0.1030E-01  0.1030E-01  0.0000E+00  0.0000E+00  0.0000E+00  0.0000E+00  0.0000E+00
     11.317  0.1077E-02  0.9713E-02  0.9713E-02  0.9713E-02  0.0000E+00  0.0000E+00  0.0000E+00  0.0000E+00  0.0000E+00
     11.395  0.9284E-03  0.9055E-02  0.9055E-02  0.9055E-02  0.0000E+00  0.0000E+00  0.0000E+00  0.0000E+00  0.0000E+00
     11.473  0.7466E-03  0.8210E-02  0.8210E-02  0.8210E-02  0.0000E+00  0.0000E+00  0.0000E+00  0.0000E+00  0.0000E+00
     11.551  0.4950E-03  0.7279E-02  0.7279E-02  0.7279E-02  0.0000E+00  0.0000E+00  0.0000E+00  0.0000E+00  0.0000E+00
     11.629  0.3552E-03  0.6243E-02  0.6243E-02  0.6243E-02  0.0000E+00  0.0000E+00  0.0000E+00  0.0000E+00  0.0000E+00
     11.707  0.2097E-03  0.4384E-02  0.4384E-02  0.4384E-02  0.0000E+00  0.0000E+00  0.0000E+00  0.0000E+00  0.0000E+00
     11.785  0.1126E-03  0.3006E-02  0.3006E-02  0.3006E-02  0.0000E+00  0.0000E+00  0.0000E+00  0.0000E+00  0.0000E+00
     11.863  0.4498E-04  0.2332E-02  0.2332E-02  0.2332E-02  0.0000E+00  0.0000E+00  0.0000E+00  0.0000E+00  0.0000E+00
     11.941  0.8393E-05  0.6591E-03  0.6591E-03  0.6591E-03  0.0000E+00  0.0000E+00  0.0000E+00  0.0000E+00  0.0000E+00
     12.019  0.0000E+00  0.0000E+00  0.0000E+00  0.0000E+00  0.0000E+00  0.0000E+00  0.0000E+00  0.0000E+00  0.0000E+00
     12.097  0.0000E+00  0.0000E+00  0.0000E+00  0.0000E+00  0.0000E+00  0.0000E+00  0.0000E+00  0.0000E+00  0.0000E+00
     12.175  0.0000E+00  0.0000E+00  0.0000E+00  0.0000E+00  0.0000E+00  0.0000E+00  0.0000E+00  0.0000E+00  0.0000E+00
     12.253  0.0000E+00  0.0000E+00  0.0000E+00  0.0000E+00  0.0000E+00  0.0000E+00  0.0000E+00  0.0000E+00  0.0000E+00
     12.331  0.0000E+00  0.0000E+00  0.0000E+00  0.0000E+00  0.0000E+00  0.0000E+00  0.0000E+00  0.0000E+00  0.0000E+00
     12.409  0.0000E+00  0.0000E+00  0.0000E+00  0.0000E+00  0.0000E+00  0.0000E+00  0.0000E+00  0.0000E+00  0.0000E+00
     12.487  0.0000E+00  0.0000E+00  0.0000E+00  0.0000E+00  0.0000E+00  0.0000E+00  0.0000E+00  0.0000E+00  0.0000E+00
     12.565  0.0000E+00  0.0000E+00  0.0000E+00  0.0000E+00  0.0000E+00  0.0000E+00  0.0000E+00  0.0000E+00  0.0000E+00
     12.643  0.0000E+00  0.0000E+00  0.0000E+00  0.0000E+00  0.0000E+00  0.0000E+00  0.0000E+00  0.0000E+00  0.0000E+00
     12.721  0.0000E+00  0.0000E+00  0.0000E+00  0.0000E+00  0.0000E+00  0.0000E+00  0.0000E+00  0.0000E+00  0.0000E+00
     12.799  0.0000E+00  0.0000E+00  0.0000E+00  0.0000E+00  0.0000E+00  0.0000E+00  0.0000E+00  0.0000E+00  0.0000E+00
     12.877  0.0000E+00  0.0000E+00  0.0000E+00  0.0000E+00  0.0000E+00  0.0000E+00  0.0000E+00  0.0000E+00  0.0000E+00
     12.955  0.0000E+00  0.0000E+00  0.0000E+00  0.0000E+00  0.0000E+00  0.0000E+00  0.0000E+00  0.0000E+00  0.0000E+00
     13.033  0.0000E+00  0.0000E+00  0.0000E+00  0.0000E+00  0.0000E+00  0.0000E+00  0.0000E+00  0.0000E+00  0.0000E+00
     13.111  0.0000E+00  0.0000E+00  0.0000E+00  0.0000E+00  0.0000E+00  0.0000E+00  0.0000E+00  0.0000E+00  0.0000E+00
     13.189  0.0000E+00  0.0000E+00  0.0000E+00  0.0000E+00  0.0000E+00  0.0000E+00  0.0000E+00  0.0000E+00  0.0000E+00
     13.266  0.0000E+00  0.0000E+00  0.0000E+00  0.0000E+00  0.0000E+00  0.0000E+00  0.0000E+00  0.0000E+00  0.0000E+00
     13.344  0.0000E+00  0.0000E+00  0.0000E+00  0.0000E+00  0.0000E+00  0.0000E+00  0.0000E+00  0.0000E+00  0.0000E+00
     13.422  0.0000E+00  0.0000E+00  0.0000E+00  0.0000E+00  0.0000E+00  0.0000E+00  0.0000E+00  0.0000E+00  0.0000E+00
     13.500  0.0000E+00  0.0000E+00  0.0000E+00  0.0000E+00  0.0000E+00  0.0000E+00  0.0000E+00  0.0000E+00  0.0000E+00
     13.578  0.0000E+00  0.0000E+00  0.0000E+00  0.0000E+00  0.0000E+00  0.0000E+00  0.0000E+00  0.0000E+00  0.0000E+00
     13.656  0.0000E+00  0.0000E+00  0.0000E+00  0.0000E+00  0.0000E+00  0.0000E+00  0.0000E+00  0.0000E+00  0.0000E+00
     13.734  0.0000E+00  0.0000E+00  0.0000E+00  0.0000E+00  0.0000E+00  0.0000E+00  0.0000E+00  0.0000E+00  0.0000E+00
     13.812  0.0000E+00  0.0000E+00  0.0000E+00  0.0000E+00  0.0000E+00  0.0000E+00  0.0000E+00  0.0000E+00  0.0000E+00
     13.890  0.0000E+00  0.0000E+00  0.0000E+00  0.0000E+00  0.0000E+00  0.0000E+00  0.0000E+00  0.0000E+00  0.0000E+00
