   2   2   1   0
  0.1903703E+02  0.3776140E-09  0.3776140E-09  0.3776140E-09  0.5000000E-15
  1.000000000000000E-004
  CAR 
 Si                                      
     19.61534489     -8.63060239  301      6.26300583      1.00000000
     -8.631  0.0000E+00  0.0000E+00
     -8.536  0.0000E+00  0.0000E+00
     -8.442  0.0000E+00  0.0000E+00
     -8.348  0.0000E+00  0.0000E+00
     -8.254  0.0000E+00  0.0000E+00
     -8.160  0.0000E+00  0.0000E+00
     -8.066  0.0000E+00  0.0000E+00
     -7.972  0.0000E+00  0.0000E+00
     -7.877  0.0000E+00  0.0000E+00
     -7.783  0.0000E+00  0.0000E+00
     -7.689  0.0000E+00  0.0000E+00
     -7.595  0.0000E+00  0.0000E+00
     -7.501  0.0000E+00  0.0000E+00
     -7.407  0.0000E+00  0.0000E+00
     -7.312  0.0000E+00  0.0000E+00
     -7.218  0.0000E+00  0.0000E+00
     -7.124  0.0000E+00  0.0000E+00
     -7.030  0.0000E+00  0.0000E+00
     -6.936  0.0000E+00  0.0000E+00
     -6.842  0.0000E+00  0.0000E+00
     -6.748  0.0000E+00  0.0000E+00
     -6.653  0.0000E+00  0.0000E+00
     -6.559  0.8773E-01  0.3265E-02
     -6.465  0.1237E+00  0.1260E-01
     -6.371  0.1512E+00  0.2542E-01
     -6.277  0.1797E+00  0.4095E-01
     -6.183  0.2015E+00  0.5888E-01
     -6.088  0.2240E+00  0.7897E-01
     -5.994  0.2437E+00  0.1010E+00
     -5.900  0.2632E+00  0.1249E+00
     -5.806  0.2809E+00  0.1505E+00
     -5.712  0.2994E+00  0.1778E+00
     -5.618  0.3158E+00  0.2068E+00
     -5.524  0.3335E+00  0.2373E+00
     -5.429  0.3496E+00  0.2695E+00
     -5.335  0.3661E+00  0.3032E+00
     -5.241  0.3835E+00  0.3385E+00
     -5.147  0.3994E+00  0.3753E+00
     -5.053  0.4165E+00  0.4137E+00
     -4.959  0.4343E+00  0.4538E+00
     -4.864  0.4518E+00  0.4955E+00
     -4.770  0.4707E+00  0.5389E+00
     -4.676  0.4911E+00  0.5842E+00
     -4.582  0.5122E+00  0.6314E+00
     -4.488  0.5359E+00  0.6807E+00
     -4.394  0.5630E+00  0.7324E+00
     -4.300  0.5944E+00  0.7868E+00
     -4.205  0.6352E+00  0.8446E+00
     -4.111  0.6978E+00  0.9071E+00
     -4.017  0.8145E+00  0.9791E+00
     -3.923  0.7880E+00  0.1054E+01
     -3.829  0.7586E+00  0.1127E+01
     -3.735  0.7384E+00  0.1197E+01
     -3.640  0.7078E+00  0.1265E+01
     -3.546  0.6803E+00  0.1331E+01
     -3.452  0.6554E+00  0.1393E+01
     -3.358  0.6270E+00  0.1454E+01
     -3.264  0.6014E+00  0.1512E+01
     -3.170  0.5753E+00  0.1567E+01
     -3.076  0.5479E+00  0.1620E+01
     -2.981  0.5217E+00  0.1670E+01
     -2.887  0.4915E+00  0.1718E+01
     -2.793  0.4638E+00  0.1763E+01
     -2.699  0.4344E+00  0.1805E+01
     -2.605  0.4023E+00  0.1845E+01
     -2.511  0.3728E+00  0.1881E+01
     -2.416  0.3352E+00  0.1915E+01
     -2.322  0.3187E+00  0.1945E+01
     -2.228  0.2491E+00  0.1972E+01
     -2.134  0.1225E+00  0.1991E+01
     -2.040  0.4122E-01  0.1998E+01
     -1.946  0.3802E-01  0.2001E+01
     -1.852  0.8949E-01  0.2007E+01
     -1.757  0.1656E+00  0.2019E+01
     -1.663  0.2247E+00  0.2037E+01
     -1.569  0.2840E+00  0.2061E+01
     -1.475  0.3298E+00  0.2090E+01
     -1.381  0.3771E+00  0.2123E+01
     -1.287  0.4373E+00  0.2161E+01
     -1.193  0.6677E+00  0.2211E+01
     -1.098  0.1017E+01  0.2290E+01
     -1.004  0.1835E+01  0.2408E+01
     -0.910  0.1228E+01  0.2557E+01
     -0.816  0.9364E+00  0.2654E+01
     -0.722  0.8123E+00  0.2736E+01
     -0.628  0.7266E+00  0.2809E+01
     -0.533  0.6614E+00  0.2874E+01
     -0.439  0.6143E+00  0.2934E+01
     -0.345  0.5709E+00  0.2990E+01
     -0.251  0.5308E+00  0.3041E+01
     -0.157  0.5028E+00  0.3090E+01
     -0.063  0.4753E+00  0.3136E+01
      0.031  0.4470E+00  0.3179E+01
      0.126  0.4231E+00  0.3220E+01
      0.220  0.4041E+00  0.3259E+01
      0.314  0.3844E+00  0.3296E+01
      0.408  0.3628E+00  0.3332E+01
      0.502  0.3462E+00  0.3365E+01
      0.596  0.3323E+00  0.3397E+01
      0.691  0.3174E+00  0.3427E+01
      0.785  0.3008E+00  0.3456E+01
      0.879  0.2863E+00  0.3484E+01
      0.973  0.2755E+00  0.3510E+01
      1.067  0.2645E+00  0.3536E+01
      1.161  0.2517E+00  0.3560E+01
      1.255  0.2375E+00  0.3583E+01
      1.350  0.2290E+00  0.3605E+01
      1.444  0.4539E+00  0.3629E+01
      1.538  0.6647E+00  0.3678E+01
      1.632  0.8075E+00  0.3744E+01
      1.726  0.1148E+01  0.3833E+01
      1.820  0.1115E+01  0.3940E+01
      1.915  0.1026E+01  0.4040E+01
      2.009  0.9852E+00  0.4135E+01
      2.103  0.9305E+00  0.4224E+01
      2.197  0.9256E+00  0.4311E+01
      2.291  0.9409E+00  0.4400E+01
      2.385  0.9443E+00  0.4488E+01
      2.479  0.9578E+00  0.4578E+01
      2.574  0.9930E+00  0.4670E+01
      2.668  0.1014E+01  0.4765E+01
      2.762  0.1034E+01  0.4861E+01
      2.856  0.1101E+01  0.4962E+01
      2.950  0.1157E+01  0.5068E+01
      3.044  0.1253E+01  0.5180E+01
      3.139  0.1421E+01  0.5308E+01
      3.233  0.1393E+01  0.5440E+01
      3.327  0.1377E+01  0.5570E+01
      3.421  0.1344E+01  0.5698E+01
      3.515  0.1324E+01  0.5824E+01
      3.609  0.1304E+01  0.5948E+01
      3.703  0.1277E+01  0.6069E+01
      3.798  0.1261E+01  0.6189E+01
      3.892  0.1232E+01  0.6306E+01
      3.986  0.1217E+01  0.6422E+01
      4.080  0.1200E+01  0.6535E+01
      4.174  0.1173E+01  0.6647E+01
      4.268  0.1149E+01  0.6756E+01
      4.363  0.1137E+01  0.6864E+01
      4.457  0.1122E+01  0.6970E+01
      4.551  0.1104E+01  0.7075E+01
      4.645  0.1083E+01  0.7178E+01
      4.739  0.1065E+01  0.7279E+01
      4.833  0.1056E+01  0.7379E+01
      4.927  0.1008E+01  0.7477E+01
      5.022  0.7719E+00  0.7559E+01
      5.116  0.6711E+00  0.7626E+01
      5.210  0.5902E+00  0.7685E+01
      5.304  0.5191E+00  0.7737E+01
      5.398  0.4614E+00  0.7783E+01
      5.492  0.4124E+00  0.7824E+01
      5.587  0.3638E+00  0.7861E+01
      5.681  0.3189E+00  0.7893E+01
      5.775  0.2774E+00  0.7921E+01
      5.869  0.2354E+00  0.7945E+01
      5.963  0.1919E+00  0.7965E+01
      6.057  0.1602E+00  0.7982E+01
      6.151  0.1076E+00  0.7994E+01
      6.246  0.5066E-02  0.8000E+01
      6.340  0.0000E+00  0.8000E+01
      6.434  0.0000E+00  0.8000E+01
      6.528  0.0000E+00  0.8000E+01
      6.622  0.0000E+00  0.8000E+01
      6.716  0.0000E+00  0.8000E+01
      6.811  0.0000E+00  0.8000E+01
      6.905  0.0000E+00  0.8000E+01
      6.999  0.4364E-01  0.8001E+01
      7.093  0.1404E+00  0.8010E+01
      7.187  0.2132E+00  0.8026E+01
      7.281  0.2780E+00  0.8050E+01
      7.375  0.3232E+00  0.8078E+01
      7.470  0.3685E+00  0.8111E+01
      7.564  0.4181E+00  0.8148E+01
      7.658  0.4706E+00  0.8189E+01
      7.752  0.5021E+00  0.8235E+01
      7.846  0.5414E+00  0.8284E+01
      7.940  0.5801E+00  0.8337E+01
      8.035  0.6204E+00  0.8394E+01
      8.129  0.6654E+00  0.8454E+01
      8.223  0.7109E+00  0.8519E+01
      8.317  0.7572E+00  0.8588E+01
      8.411  0.8277E+00  0.8662E+01
      8.505  0.9328E+00  0.8746E+01
      8.599  0.1024E+01  0.8837E+01
      8.694  0.1133E+01  0.8939E+01
      8.788  0.1282E+01  0.9052E+01
      8.882  0.1573E+01  0.9186E+01
      8.976  0.1543E+01  0.9335E+01
      9.070  0.1617E+01  0.9481E+01
      9.164  0.1529E+01  0.9627E+01
      9.258  0.1297E+01  0.9761E+01
      9.353  0.1171E+01  0.9875E+01
      9.447  0.1179E+01  0.9985E+01
      9.541  0.1081E+01  0.1009E+02
      9.635  0.1069E+01  0.1019E+02
      9.729  0.1150E+01  0.1029E+02
      9.823  0.1997E+01  0.1045E+02
      9.918  0.1994E+01  0.1063E+02
     10.012  0.1700E+01  0.1080E+02
     10.106  0.1592E+01  0.1095E+02
     10.200  0.1504E+01  0.1110E+02
     10.294  0.1560E+01  0.1124E+02
     10.388  0.1566E+01  0.1139E+02
     10.482  0.1440E+01  0.1153E+02
     10.577  0.1459E+01  0.1166E+02
     10.671  0.1367E+01  0.1180E+02
     10.765  0.1098E+01  0.1192E+02
     10.859  0.1008E+01  0.1202E+02
     10.953  0.9671E+00  0.1211E+02
     11.047  0.1035E+01  0.1220E+02
     11.142  0.1098E+01  0.1230E+02
     11.236  0.1199E+01  0.1241E+02
     11.330  0.1073E+01  0.1252E+02
     11.424  0.1065E+01  0.1262E+02
     11.518  0.1052E+01  0.1272E+02
     11.612  0.1105E+01  0.1282E+02
     11.706  0.1104E+01  0.1293E+02
     11.801  0.1168E+01  0.1303E+02
     11.895  0.1139E+01  0.1314E+02
     11.989  0.1083E+01  0.1325E+02
     12.083  0.1070E+01  0.1335E+02
     12.177  0.1086E+01  0.1345E+02
     12.271  0.1088E+01  0.1355E+02
     12.366  0.1063E+01  0.1365E+02
     12.460  0.1083E+01  0.1375E+02
     12.554  0.1026E+01  0.1385E+02
     12.648  0.1013E+01  0.1395E+02
     12.742  0.9871E+00  0.1404E+02
     12.836  0.9662E+00  0.1413E+02
     12.930  0.9593E+00  0.1422E+02
     13.025  0.9505E+00  0.1431E+02
     13.119  0.9822E+00  0.1440E+02
     13.213  0.8110E+00  0.1449E+02
     13.307  0.7875E+00  0.1456E+02
     13.401  0.8064E+00  0.1464E+02
     13.495  0.8203E+00  0.1471E+02
     13.590  0.8606E+00  0.1479E+02
     13.684  0.8799E+00  0.1487E+02
     13.778  0.8872E+00  0.1496E+02
     13.872  0.8344E+00  0.1504E+02
     13.966  0.7169E+00  0.1511E+02
     14.060  0.6691E+00  0.1518E+02
     14.154  0.6334E+00  0.1524E+02
     14.249  0.5750E+00  0.1529E+02
     14.343  0.5547E+00  0.1535E+02
     14.437  0.5364E+00  0.1540E+02
     14.531  0.5093E+00  0.1545E+02
     14.625  0.4863E+00  0.1550E+02
     14.719  0.5094E+00  0.1554E+02
     14.814  0.6334E+00  0.1560E+02
     14.908  0.4792E+00  0.1565E+02
     15.002  0.4255E+00  0.1569E+02
     15.096  0.3764E+00  0.1573E+02
     15.190  0.2774E+00  0.1576E+02
     15.284  0.2232E+00  0.1578E+02
     15.378  0.2107E+00  0.1580E+02
     15.473  0.1997E+00  0.1582E+02
     15.567  0.1848E+00  0.1584E+02
     15.661  0.1827E+00  0.1586E+02
     15.755  0.1710E+00  0.1588E+02
     15.849  0.1448E+00  0.1589E+02
     15.943  0.1294E+00  0.1590E+02
     16.038  0.1192E+00  0.1592E+02
     16.132  0.1117E+00  0.1593E+02
     16.226  0.1069E+00  0.1594E+02
     16.320  0.9969E-01  0.1595E+02
     16.414  0.8768E-01  0.1596E+02
     16.508  0.7805E-01  0.1596E+02
     16.602  0.6376E-01  0.1597E+02
     16.697  0.5456E-01  0.1598E+02
     16.791  0.4664E-01  0.1598E+02
     16.885  0.4002E-01  0.1598E+02
     16.979  0.3611E-01  0.1599E+02
     17.073  0.3483E-01  0.1599E+02
     17.167  0.3483E-01  0.1599E+02
     17.262  0.3886E-01  0.1600E+02
     17.356  0.8078E-02  0.1600E+02
     17.450  0.3282E-02  0.1600E+02
     17.544  0.6102E-03  0.1600E+02
     17.638  0.0000E+00  0.1600E+02
     17.732  0.0000E+00  0.1600E+02
     17.826  0.0000E+00  0.1600E+02
     17.921  0.0000E+00  0.1600E+02
     18.015  0.0000E+00  0.1600E+02
     18.109  0.0000E+00  0.1600E+02
     18.203  0.0000E+00  0.1600E+02
     18.297  0.0000E+00  0.1600E+02
     18.391  0.0000E+00  0.1600E+02
     18.486  0.0000E+00  0.1600E+02
     18.580  0.0000E+00  0.1600E+02
     18.674  0.0000E+00  0.1600E+02
     18.768  0.0000E+00  0.1600E+02
     18.862  0.0000E+00  0.1600E+02
     18.956  0.0000E+00  0.1600E+02
     19.050  0.0000E+00  0.1600E+02
     19.145  0.0000E+00  0.1600E+02
     19.239  0.0000E+00  0.1600E+02
     19.333  0.0000E+00  0.1600E+02
     19.427  0.0000E+00  0.1600E+02
     19.521  0.0000E+00  0.1600E+02
     19.615  0.0000E+00  0.1600E+02
     19.61534489     -8.63060239  301      6.26300583      1.00000000
     -8.631  0.0000E+00  0.0000E+00  0.0000E+00  0.0000E+00  0.0000E+00  0.0000E+00  0.0000E+00  0.0000E+00  0.0000E+00
     -8.536  0.0000E+00  0.0000E+00  0.0000E+00  0.0000E+00  0.0000E+00  0.0000E+00  0.0000E+00  0.0000E+00  0.0000E+00
     -8.442  0.0000E+00  0.0000E+00  0.0000E+00  0.0000E+00  0.0000E+00  0.0000E+00  0.0000E+00  0.0000E+00  0.0000E+00
     -8.348  0.0000E+00  0.0000E+00  0.0000E+00  0.0000E+00  0.0000E+00  0.0000E+00  0.0000E+00  0.0000E+00  0.0000E+00
     -8.254  0.0000E+00  0.0000E+00  0.0000E+00  0.0000E+00  0.0000E+00  0.0000E+00  0.0000E+00  0.0000E+00  0.0000E+00
     -8.160  0.0000E+00  0.0000E+00  0.0000E+00  0.0000E+00  0.0000E+00  0.0000E+00  0.0000E+00  0.0000E+00  0.0000E+00
     -8.066  0.0000E+00  0.0000E+00  0.0000E+00  0.0000E+00  0.0000E+00  0.0000E+00  0.0000E+00  0.0000E+00  0.0000E+00
     -7.972  0.0000E+00  0.0000E+00  0.0000E+00  0.0000E+00  0.0000E+00  0.0000E+00  0.0000E+00  0.0000E+00  0.0000E+00
     -7.877  0.0000E+00  0.0000E+00  0.0000E+00  0.0000E+00  0.0000E+00  0.0000E+00  0.0000E+00  0.0000E+00  0.0000E+00
     -7.783  0.0000E+00  0.0000E+00  0.0000E+00  0.0000E+00  0.0000E+00  0.0000E+00  0.0000E+00  0.0000E+00  0.0000E+00
     -7.689  0.0000E+00  0.0000E+00  0.0000E+00  0.0000E+00  0.0000E+00  0.0000E+00  0.0000E+00  0.0000E+00  0.0000E+00
     -7.595  0.0000E+00  0.0000E+00  0.0000E+00  0.0000E+00  0.0000E+00  0.0000E+00  0.0000E+00  0.0000E+00  0.0000E+00
     -7.501  0.0000E+00  0.0000E+00  0.0000E+00  0.0000E+00  0.0000E+00  0.0000E+00  0.0000E+00  0.0000E+00  0.0000E+00
     -7.407  0.0000E+00  0.0000E+00  0.0000E+00  0.0000E+00  0.0000E+00  0.0000E+00  0.0000E+00  0.0000E+00  0.0000E+00
     -7.312  0.0000E+00  0.0000E+00  0.0000E+00  0.0000E+00  0.0000E+00  0.0000E+00  0.0000E+00  0.0000E+00  0.0000E+00
     -7.218  0.0000E+00  0.0000E+00  0.0000E+00  0.0000E+00  0.0000E+00  0.0000E+00  0.0000E+00  0.0000E+00  0.0000E+00
     -7.124  0.0000E+00  0.0000E+00  0.0000E+00  0.0000E+00  0.0000E+00  0.0000E+00  0.0000E+00  0.0000E+00  0.0000E+00
     -7.030  0.0000E+00  0.0000E+00  0.0000E+00  0.0000E+00  0.0000E+00  0.0000E+00  0.0000E+00  0.0000E+00  0.0000E+00
     -6.936  0.0000E+00  0.0000E+00  0.0000E+00  0.0000E+00  0.0000E+00  0.0000E+00  0.0000E+00  0.0000E+00  0.0000E+00
     -6.842  0.0000E+00  0.0000E+00  0.0000E+00  0.0000E+00  0.0000E+00  0.0000E+00  0.0000E+00  0.0000E+00  0.0000E+00
     -6.748  0.0000E+00  0.0000E+00  0.0000E+00  0.0000E+00  0.0000E+00  0.0000E+00  0.0000E+00  0.0000E+00  0.0000E+00
     -6.653  0.0000E+00  0.0000E+00  0.0000E+00  0.0000E+00  0.0000E+00  0.0000E+00  0.0000E+00  0.0000E+00  0.0000E+00
     -6.559  0.1919E-01  0.2198E-04  0.2198E-04  0.2198E-04  0.0000E+00  0.0000E+00  0.0000E+00  0.0000E+00  0.0000E+00
     -6.465  0.2698E-01  0.7783E-04  0.7783E-04  0.7783E-04  0.0000E+00  0.0000E+00  0.0000E+00  0.0000E+00  0.0000E+00
     -6.371  0.3291E-01  0.1487E-03  0.1487E-03  0.1487E-03  0.0000E+00  0.0000E+00  0.0000E+00  0.0000E+00  0.0000E+00
     -6.277  0.3902E-01  0.2338E-03  0.2338E-03  0.2338E-03  0.0000E+00  0.0000E+00  0.0000E+00  0.0000E+00  0.0000E+00
     -6.183  0.4364E-01  0.3365E-03  0.3365E-03  0.3365E-03  0.0000E+00  0.0000E+00  0.0000E+00  0.0000E+00  0.0000E+00
     -6.088  0.4841E-01  0.4467E-03  0.4467E-03  0.4467E-03  0.0000E+00  0.0000E+00  0.0000E+00  0.0000E+00  0.0000E+00
     -5.994  0.5254E-01  0.5689E-03  0.5689E-03  0.5689E-03  0.0000E+00  0.0000E+00  0.0000E+00  0.0000E+00  0.0000E+00
     -5.900  0.5663E-01  0.6994E-03  0.6994E-03  0.6994E-03  0.0000E+00  0.0000E+00  0.0000E+00  0.0000E+00  0.0000E+00
     -5.806  0.6033E-01  0.8404E-03  0.8404E-03  0.8404E-03  0.0000E+00  0.0000E+00  0.0000E+00  0.0000E+00  0.0000E+00
     -5.712  0.6418E-01  0.9862E-03  0.9862E-03  0.9862E-03  0.0000E+00  0.0000E+00  0.0000E+00  0.0000E+00  0.0000E+00
     -5.618  0.6757E-01  0.1146E-02  0.1146E-02  0.1146E-02  0.0000E+00  0.0000E+00  0.0000E+00  0.0000E+00  0.0000E+00
     -5.524  0.7125E-01  0.1306E-02  0.1306E-02  0.1306E-02  0.0000E+00  0.0000E+00  0.0000E+00  0.0000E+00  0.0000E+00
     -5.429  0.7457E-01  0.1482E-02  0.1482E-02  0.1482E-02  0.0000E+00  0.0000E+00  0.0000E+00  0.0000E+00  0.0000E+00
     -5.335  0.7800E-01  0.1662E-02  0.1662E-02  0.1662E-02  0.0000E+00  0.0000E+00  0.0000E+00  0.0000E+00  0.0000E+00
     -5.241  0.8161E-01  0.1845E-02  0.1845E-02  0.1845E-02  0.0000E+00  0.0000E+00  0.0000E+00  0.0000E+00  0.0000E+00
     -5.147  0.8491E-01  0.2047E-02  0.2047E-02  0.2047E-02  0.0000E+00  0.0000E+00  0.0000E+00  0.0000E+00  0.0000E+00
     -5.053  0.8848E-01  0.2249E-02  0.2249E-02  0.2249E-02  0.0000E+00  0.0000E+00  0.0000E+00  0.0000E+00  0.0000E+00
     -4.959  0.9222E-01  0.2458E-02  0.2458E-02  0.2458E-02  0.0000E+00  0.0000E+00  0.0000E+00  0.0000E+00  0.0000E+00
     -4.864  0.9590E-01  0.2686E-02  0.2686E-02  0.2686E-02  0.0000E+00  0.0000E+00  0.0000E+00  0.0000E+00  0.0000E+00
     -4.770  0.9990E-01  0.2917E-02  0.2917E-02  0.2917E-02  0.0000E+00  0.0000E+00  0.0000E+00  0.0000E+00  0.0000E+00
     -4.676  0.1043E+00  0.3153E-02  0.3153E-02  0.3153E-02  0.0000E+00  0.0000E+00  0.0000E+00  0.0000E+00  0.0000E+00
     -4.582  0.1088E+00  0.3419E-02  0.3419E-02  0.3419E-02  0.0000E+00  0.0000E+00  0.0000E+00  0.0000E+00  0.0000E+00
     -4.488  0.1139E+00  0.3695E-02  0.3695E-02  0.3695E-02  0.0000E+00  0.0000E+00  0.0000E+00  0.0000E+00  0.0000E+00
     -4.394  0.1199E+00  0.3984E-02  0.3984E-02  0.3984E-02  0.0000E+00  0.0000E+00  0.0000E+00  0.0000E+00  0.0000E+00
     -4.300  0.1269E+00  0.4320E-02  0.4320E-02  0.4320E-02  0.0000E+00  0.0000E+00  0.0000E+00  0.0000E+00  0.0000E+00
     -4.205  0.1360E+00  0.4708E-02  0.4708E-02  0.4708E-02  0.0000E+00  0.0000E+00  0.0000E+00  0.0000E+00  0.0000E+00
     -4.111  0.1502E+00  0.5212E-02  0.5212E-02  0.5212E-02  0.0000E+00  0.0000E+00  0.0000E+00  0.0000E+00  0.0000E+00
     -4.017  0.1768E+00  0.6025E-02  0.6025E-02  0.6025E-02  0.0000E+00  0.0000E+00  0.0000E+00  0.0000E+00  0.0000E+00
     -3.923  0.1707E+00  0.6131E-02  0.6131E-02  0.6131E-02  0.0000E+00  0.0000E+00  0.0000E+00  0.0000E+00  0.0000E+00
     -3.829  0.1639E+00  0.6161E-02  0.6161E-02  0.6161E-02  0.0000E+00  0.0000E+00  0.0000E+00  0.0000E+00  0.0000E+00
     -3.735  0.1593E+00  0.6241E-02  0.6241E-02  0.6241E-02  0.0000E+00  0.0000E+00  0.0000E+00  0.0000E+00  0.0000E+00
     -3.640  0.1523E+00  0.6263E-02  0.6263E-02  0.6263E-02  0.0000E+00  0.0000E+00  0.0000E+00  0.0000E+00  0.0000E+00
     -3.546  0.1461E+00  0.6257E-02  0.6257E-02  0.6257E-02  0.0000E+00  0.0000E+00  0.0000E+00  0.0000E+00  0.0000E+00
     -3.452  0.1404E+00  0.6256E-02  0.6256E-02  0.6256E-02  0.0000E+00  0.0000E+00  0.0000E+00  0.0000E+00  0.0000E+00
     -3.358  0.1340E+00  0.6230E-02  0.6230E-02  0.6230E-02  0.0000E+00  0.0000E+00  0.0000E+00  0.0000E+00  0.0000E+00
     -3.264  0.1283E+00  0.6187E-02  0.6187E-02  0.6187E-02  0.0000E+00  0.0000E+00  0.0000E+00  0.0000E+00  0.0000E+00
     -3.170  0.1224E+00  0.6122E-02  0.6122E-02  0.6122E-02  0.0000E+00  0.0000E+00  0.0000E+00  0.0000E+00  0.0000E+00
     -3.076  0.1163E+00  0.6043E-02  0.6043E-02  0.6043E-02  0.0000E+00  0.0000E+00  0.0000E+00  0.0000E+00  0.0000E+00
     -2.981  0.1105E+00  0.5938E-02  0.5938E-02  0.5938E-02  0.0000E+00  0.0000E+00  0.0000E+00  0.0000E+00  0.0000E+00
     -2.887  0.1038E+00  0.5790E-02  0.5790E-02  0.5790E-02  0.0000E+00  0.0000E+00  0.0000E+00  0.0000E+00  0.0000E+00
     -2.793  0.9765E-01  0.5640E-02  0.5640E-02  0.5640E-02  0.0000E+00  0.0000E+00  0.0000E+00  0.0000E+00  0.0000E+00
     -2.699  0.9115E-01  0.5450E-02  0.5450E-02  0.5450E-02  0.0000E+00  0.0000E+00  0.0000E+00  0.0000E+00  0.0000E+00
     -2.605  0.8409E-01  0.5218E-02  0.5218E-02  0.5218E-02  0.0000E+00  0.0000E+00  0.0000E+00  0.0000E+00  0.0000E+00
     -2.511  0.7763E-01  0.4984E-02  0.4984E-02  0.4984E-02  0.0000E+00  0.0000E+00  0.0000E+00  0.0000E+00  0.0000E+00
     -2.416  0.6938E-01  0.4650E-02  0.4650E-02  0.4650E-02  0.0000E+00  0.0000E+00  0.0000E+00  0.0000E+00  0.0000E+00
     -2.322  0.6547E-01  0.4586E-02  0.4586E-02  0.4586E-02  0.0000E+00  0.0000E+00  0.0000E+00  0.0000E+00  0.0000E+00
     -2.228  0.5075E-01  0.3709E-02  0.3709E-02  0.3709E-02  0.0000E+00  0.0000E+00  0.0000E+00  0.0000E+00  0.0000E+00
     -2.134  0.2484E-01  0.1876E-02  0.1876E-02  0.1876E-02  0.0000E+00  0.0000E+00  0.0000E+00  0.0000E+00  0.0000E+00
     -2.040  0.8427E-02  0.6298E-03  0.6298E-03  0.6298E-03  0.0000E+00  0.0000E+00  0.0000E+00  0.0000E+00  0.0000E+00
     -1.946  0.7452E-02  0.6498E-03  0.6498E-03  0.6498E-03  0.0000E+00  0.0000E+00  0.0000E+00  0.0000E+00  0.0000E+00
     -1.852  0.1734E-01  0.1586E-02  0.1586E-02  0.1586E-02  0.0000E+00  0.0000E+00  0.0000E+00  0.0000E+00  0.0000E+00
     -1.757  0.3215E-01  0.2960E-02  0.2960E-02  0.2960E-02  0.0000E+00  0.0000E+00  0.0000E+00  0.0000E+00  0.0000E+00
     -1.663  0.4360E-01  0.4085E-02  0.4085E-02  0.4085E-02  0.0000E+00  0.0000E+00  0.0000E+00  0.0000E+00  0.0000E+00
     -1.569  0.5475E-01  0.5305E-02  0.5305E-02  0.5305E-02  0.0000E+00  0.0000E+00  0.0000E+00  0.0000E+00  0.0000E+00
     -1.475  0.6311E-01  0.6324E-02  0.6324E-02  0.6324E-02  0.0000E+00  0.0000E+00  0.0000E+00  0.0000E+00  0.0000E+00
     -1.381  0.7153E-01  0.7435E-02  0.7435E-02  0.7435E-02  0.0000E+00  0.0000E+00  0.0000E+00  0.0000E+00  0.0000E+00
     -1.287  0.8180E-01  0.8930E-02  0.8930E-02  0.8930E-02  0.0000E+00  0.0000E+00  0.0000E+00  0.0000E+00  0.0000E+00
     -1.193  0.1083E+00  0.1628E-01  0.1628E-01  0.1628E-01  0.0000E+00  0.0000E+00  0.0000E+00  0.0000E+00  0.0000E+00
     -1.098  0.1515E+00  0.2711E-01  0.2711E-01  0.2711E-01  0.0000E+00  0.0000E+00  0.0000E+00  0.0000E+00  0.0000E+00
     -1.004  0.2629E+00  0.5090E-01  0.5090E-01  0.5090E-01  0.0000E+00  0.0000E+00  0.0000E+00  0.0000E+00  0.0000E+00
     -0.910  0.1799E+00  0.3379E-01  0.3379E-01  0.3379E-01  0.0000E+00  0.0000E+00  0.0000E+00  0.0000E+00  0.0000E+00
     -0.816  0.1383E+00  0.2585E-01  0.2585E-01  0.2585E-01  0.0000E+00  0.0000E+00  0.0000E+00  0.0000E+00  0.0000E+00
     -0.722  0.1203E+00  0.2258E-01  0.2258E-01  0.2258E-01  0.0000E+00  0.0000E+00  0.0000E+00  0.0000E+00  0.0000E+00
     -0.628  0.1075E+00  0.2041E-01  0.2041E-01  0.2041E-01  0.0000E+00  0.0000E+00  0.0000E+00  0.0000E+00  0.0000E+00
     -0.533  0.9763E-01  0.1879E-01  0.1879E-01  0.1879E-01  0.0000E+00  0.0000E+00  0.0000E+00  0.0000E+00  0.0000E+00
     -0.439  0.9047E-01  0.1764E-01  0.1764E-01  0.1764E-01  0.0000E+00  0.0000E+00  0.0000E+00  0.0000E+00  0.0000E+00
     -0.345  0.8369E-01  0.1660E-01  0.1660E-01  0.1660E-01  0.0000E+00  0.0000E+00  0.0000E+00  0.0000E+00  0.0000E+00
     -0.251  0.7733E-01  0.1565E-01  0.1565E-01  0.1565E-01  0.0000E+00  0.0000E+00  0.0000E+00  0.0000E+00  0.0000E+00
     -0.157  0.7295E-01  0.1499E-01  0.1499E-01  0.1499E-01  0.0000E+00  0.0000E+00  0.0000E+00  0.0000E+00  0.0000E+00
     -0.063  0.6855E-01  0.1436E-01  0.1436E-01  0.1436E-01  0.0000E+00  0.0000E+00  0.0000E+00  0.0000E+00  0.0000E+00
      0.031  0.6399E-01  0.1369E-01  0.1369E-01  0.1369E-01  0.0000E+00  0.0000E+00  0.0000E+00  0.0000E+00  0.0000E+00
      0.126  0.6015E-01  0.1313E-01  0.1313E-01  0.1313E-01  0.0000E+00  0.0000E+00  0.0000E+00  0.0000E+00  0.0000E+00
      0.220  0.5710E-01  0.1270E-01  0.1270E-01  0.1270E-01  0.0000E+00  0.0000E+00  0.0000E+00  0.0000E+00  0.0000E+00
      0.314  0.5389E-01  0.1225E-01  0.1225E-01  0.1225E-01  0.0000E+00  0.0000E+00  0.0000E+00  0.0000E+00  0.0000E+00
      0.408  0.5039E-01  0.1172E-01  0.1172E-01  0.1172E-01  0.0000E+00  0.0000E+00  0.0000E+00  0.0000E+00  0.0000E+00
      0.502  0.4772E-01  0.1133E-01  0.1133E-01  0.1133E-01  0.0000E+00  0.0000E+00  0.0000E+00  0.0000E+00  0.0000E+00
      0.596  0.4545E-01  0.1101E-01  0.1101E-01  0.1101E-01  0.0000E+00  0.0000E+00  0.0000E+00  0.0000E+00  0.0000E+00
      0.691  0.4304E-01  0.1066E-01  0.1066E-01  0.1066E-01  0.0000E+00  0.0000E+00  0.0000E+00  0.0000E+00  0.0000E+00
      0.785  0.4037E-01  0.1024E-01  0.1024E-01  0.1024E-01  0.0000E+00  0.0000E+00  0.0000E+00  0.0000E+00  0.0000E+00
      0.879  0.3805E-01  0.9879E-02  0.9879E-02  0.9879E-02  0.0000E+00  0.0000E+00  0.0000E+00  0.0000E+00  0.0000E+00
      0.973  0.3631E-01  0.9620E-02  0.9620E-02  0.9620E-02  0.0000E+00  0.0000E+00  0.0000E+00  0.0000E+00  0.0000E+00
      1.067  0.3453E-01  0.9352E-02  0.9352E-02  0.9352E-02  0.0000E+00  0.0000E+00  0.0000E+00  0.0000E+00  0.0000E+00
      1.161  0.3250E-01  0.9021E-02  0.9021E-02  0.9021E-02  0.0000E+00  0.0000E+00  0.0000E+00  0.0000E+00  0.0000E+00
      1.255  0.3029E-01  0.8633E-02  0.8633E-02  0.8633E-02  0.0000E+00  0.0000E+00  0.0000E+00  0.0000E+00  0.0000E+00
      1.350  0.2894E-01  0.8421E-02  0.8421E-02  0.8421E-02  0.0000E+00  0.0000E+00  0.0000E+00  0.0000E+00  0.0000E+00
      1.444  0.2855E-01  0.2067E-01  0.2067E-01  0.2067E-01  0.0000E+00  0.0000E+00  0.0000E+00  0.0000E+00  0.0000E+00
      1.538  0.2866E-01  0.3226E-01  0.3226E-01  0.3226E-01  0.0000E+00  0.0000E+00  0.0000E+00  0.0000E+00  0.0000E+00
      1.632  0.2886E-01  0.4028E-01  0.4028E-01  0.4028E-01  0.0000E+00  0.0000E+00  0.0000E+00  0.0000E+00  0.0000E+00
      1.726  0.3101E-01  0.5908E-01  0.5908E-01  0.5908E-01  0.0000E+00  0.0000E+00  0.0000E+00  0.0000E+00  0.0000E+00
      1.820  0.3163E-01  0.5755E-01  0.5755E-01  0.5755E-01  0.0000E+00  0.0000E+00  0.0000E+00  0.0000E+00  0.0000E+00
      1.915  0.3165E-01  0.5302E-01  0.5302E-01  0.5302E-01  0.0000E+00  0.0000E+00  0.0000E+00  0.0000E+00  0.0000E+00
      2.009  0.3161E-01  0.5113E-01  0.5113E-01  0.5113E-01  0.0000E+00  0.0000E+00  0.0000E+00  0.0000E+00  0.0000E+00
      2.103  0.3096E-01  0.4851E-01  0.4851E-01  0.4851E-01  0.0000E+00  0.0000E+00  0.0000E+00  0.0000E+00  0.0000E+00
      2.197  0.3033E-01  0.4868E-01  0.4868E-01  0.4868E-01  0.0000E+00  0.0000E+00  0.0000E+00  0.0000E+00  0.0000E+00
      2.291  0.3021E-01  0.5002E-01  0.5002E-01  0.5002E-01  0.0000E+00  0.0000E+00  0.0000E+00  0.0000E+00  0.0000E+00
      2.385  0.2964E-01  0.5069E-01  0.5069E-01  0.5069E-01  0.0000E+00  0.0000E+00  0.0000E+00  0.0000E+00  0.0000E+00
      2.479  0.2905E-01  0.5197E-01  0.5197E-01  0.5197E-01  0.0000E+00  0.0000E+00  0.0000E+00  0.0000E+00  0.0000E+00
      2.574  0.2836E-01  0.5472E-01  0.5472E-01  0.5472E-01  0.0000E+00  0.0000E+00  0.0000E+00  0.0000E+00  0.0000E+00
      2.668  0.2740E-01  0.5661E-01  0.5661E-01  0.5661E-01  0.0000E+00  0.0000E+00  0.0000E+00  0.0000E+00  0.0000E+00
      2.762  0.2672E-01  0.5846E-01  0.5846E-01  0.5846E-01  0.0000E+00  0.0000E+00  0.0000E+00  0.0000E+00  0.0000E+00
      2.856  0.2615E-01  0.6342E-01  0.6342E-01  0.6342E-01  0.0000E+00  0.0000E+00  0.0000E+00  0.0000E+00  0.0000E+00
      2.950  0.2548E-01  0.6768E-01  0.6768E-01  0.6768E-01  0.0000E+00  0.0000E+00  0.0000E+00  0.0000E+00  0.0000E+00
      3.044  0.2455E-01  0.7485E-01  0.7485E-01  0.7485E-01  0.0000E+00  0.0000E+00  0.0000E+00  0.0000E+00  0.0000E+00
      3.139  0.2332E-01  0.8715E-01  0.8715E-01  0.8715E-01  0.0000E+00  0.0000E+00  0.0000E+00  0.0000E+00  0.0000E+00
      3.233  0.2231E-01  0.8601E-01  0.8601E-01  0.8601E-01  0.0000E+00  0.0000E+00  0.0000E+00  0.0000E+00  0.0000E+00
      3.327  0.2156E-01  0.8557E-01  0.8557E-01  0.8557E-01  0.0000E+00  0.0000E+00  0.0000E+00  0.0000E+00  0.0000E+00
      3.421  0.2064E-01  0.8412E-01  0.8412E-01  0.8412E-01  0.0000E+00  0.0000E+00  0.0000E+00  0.0000E+00  0.0000E+00
      3.515  0.1975E-01  0.8344E-01  0.8344E-01  0.8344E-01  0.0000E+00  0.0000E+00  0.0000E+00  0.0000E+00  0.0000E+00
      3.609  0.1865E-01  0.8288E-01  0.8288E-01  0.8288E-01  0.0000E+00  0.0000E+00  0.0000E+00  0.0000E+00  0.0000E+00
      3.703  0.1746E-01  0.8173E-01  0.8173E-01  0.8173E-01  0.0000E+00  0.0000E+00  0.0000E+00  0.0000E+00  0.0000E+00
      3.798  0.1666E-01  0.8142E-01  0.8142E-01  0.8142E-01  0.0000E+00  0.0000E+00  0.0000E+00  0.0000E+00  0.0000E+00
      3.892  0.1588E-01  0.8010E-01  0.8010E-01  0.8010E-01  0.0000E+00  0.0000E+00  0.0000E+00  0.0000E+00  0.0000E+00
      3.986  0.1509E-01  0.7971E-01  0.7971E-01  0.7971E-01  0.0000E+00  0.0000E+00  0.0000E+00  0.0000E+00  0.0000E+00
      4.080  0.1412E-01  0.7932E-01  0.7932E-01  0.7932E-01  0.0000E+00  0.0000E+00  0.0000E+00  0.0000E+00  0.0000E+00
      4.174  0.1301E-01  0.7823E-01  0.7823E-01  0.7823E-01  0.0000E+00  0.0000E+00  0.0000E+00  0.0000E+00  0.0000E+00
      4.268  0.1192E-01  0.7729E-01  0.7729E-01  0.7729E-01  0.0000E+00  0.0000E+00  0.0000E+00  0.0000E+00  0.0000E+00
      4.363  0.1113E-01  0.7717E-01  0.7717E-01  0.7717E-01  0.0000E+00  0.0000E+00  0.0000E+00  0.0000E+00  0.0000E+00
      4.457  0.1030E-01  0.7680E-01  0.7680E-01  0.7680E-01  0.0000E+00  0.0000E+00  0.0000E+00  0.0000E+00  0.0000E+00
      4.551  0.9420E-02  0.7635E-01  0.7635E-01  0.7635E-01  0.0000E+00  0.0000E+00  0.0000E+00  0.0000E+00  0.0000E+00
      4.645  0.8491E-02  0.7557E-01  0.7557E-01  0.7557E-01  0.0000E+00  0.0000E+00  0.0000E+00  0.0000E+00  0.0000E+00
      4.739  0.7577E-02  0.7506E-01  0.7506E-01  0.7506E-01  0.0000E+00  0.0000E+00  0.0000E+00  0.0000E+00  0.0000E+00
      4.833  0.6784E-02  0.7521E-01  0.7521E-01  0.7521E-01  0.0000E+00  0.0000E+00  0.0000E+00  0.0000E+00  0.0000E+00
      4.927  0.6059E-02  0.7236E-01  0.7236E-01  0.7236E-01  0.0000E+00  0.0000E+00  0.0000E+00  0.0000E+00  0.0000E+00
      5.022  0.5535E-02  0.5508E-01  0.5508E-01  0.5508E-01  0.0000E+00  0.0000E+00  0.0000E+00  0.0000E+00  0.0000E+00
      5.116  0.4978E-02  0.4791E-01  0.4791E-01  0.4791E-01  0.0000E+00  0.0000E+00  0.0000E+00  0.0000E+00  0.0000E+00
      5.210  0.4249E-02  0.4228E-01  0.4228E-01  0.4228E-01  0.0000E+00  0.0000E+00  0.0000E+00  0.0000E+00  0.0000E+00
      5.304  0.3553E-02  0.3733E-01  0.3733E-01  0.3733E-01  0.0000E+00  0.0000E+00  0.0000E+00  0.0000E+00  0.0000E+00
      5.398  0.3116E-02  0.3329E-01  0.3329E-01  0.3329E-01  0.0000E+00  0.0000E+00  0.0000E+00  0.0000E+00  0.0000E+00
      5.492  0.2639E-02  0.2985E-01  0.2985E-01  0.2985E-01  0.0000E+00  0.0000E+00  0.0000E+00  0.0000E+00  0.0000E+00
      5.587  0.2176E-02  0.2644E-01  0.2644E-01  0.2644E-01  0.0000E+00  0.0000E+00  0.0000E+00  0.0000E+00  0.0000E+00
      5.681  0.1759E-02  0.2326E-01  0.2326E-01  0.2326E-01  0.0000E+00  0.0000E+00  0.0000E+00  0.0000E+00  0.0000E+00
      5.775  0.1286E-02  0.2035E-01  0.2035E-01  0.2035E-01  0.0000E+00  0.0000E+00  0.0000E+00  0.0000E+00  0.0000E+00
      5.869  0.1012E-02  0.1731E-01  0.1731E-01  0.1731E-01  0.0000E+00  0.0000E+00  0.0000E+00  0.0000E+00  0.0000E+00
      5.963  0.6803E-03  0.1416E-01  0.1416E-01  0.1416E-01  0.0000E+00  0.0000E+00  0.0000E+00  0.0000E+00  0.0000E+00
      6.057  0.3946E-03  0.1188E-01  0.1188E-01  0.1188E-01  0.0000E+00  0.0000E+00  0.0000E+00  0.0000E+00  0.0000E+00
      6.151  0.1793E-03  0.7991E-02  0.7991E-02  0.7991E-02  0.0000E+00  0.0000E+00  0.0000E+00  0.0000E+00  0.0000E+00
      6.246  0.4620E-06  0.3769E-03  0.3769E-03  0.3769E-03  0.0000E+00  0.0000E+00  0.0000E+00  0.0000E+00  0.0000E+00
      6.340  0.0000E+00  0.0000E+00  0.0000E+00  0.0000E+00  0.0000E+00  0.0000E+00  0.0000E+00  0.0000E+00  0.0000E+00
      6.434  0.0000E+00  0.0000E+00  0.0000E+00  0.0000E+00  0.0000E+00  0.0000E+00  0.0000E+00  0.0000E+00  0.0000E+00
      6.528  0.0000E+00  0.0000E+00  0.0000E+00  0.0000E+00  0.0000E+00  0.0000E+00  0.0000E+00  0.0000E+00  0.0000E+00
      6.622  0.0000E+00  0.0000E+00  0.0000E+00  0.0000E+00  0.0000E+00  0.0000E+00  0.0000E+00  0.0000E+00  0.0000E+00
      6.716  0.0000E+00  0.0000E+00  0.0000E+00  0.0000E+00  0.0000E+00  0.0000E+00  0.0000E+00  0.0000E+00  0.0000E+00
      6.811  0.0000E+00  0.0000E+00  0.0000E+00  0.0000E+00  0.0000E+00  0.0000E+00  0.0000E+00  0.0000E+00  0.0000E+00
      6.905  0.0000E+00  0.0000E+00  0.0000E+00  0.0000E+00  0.0000E+00  0.0000E+00  0.0000E+00  0.0000E+00  0.0000E+00
      6.999  0.2364E-02  0.6257E-03  0.6257E-03  0.6257E-03  0.0000E+00  0.0000E+00  0.0000E+00  0.0000E+00  0.0000E+00
      7.093  0.7441E-02  0.2053E-02  0.2053E-02  0.2053E-02  0.0000E+00  0.0000E+00  0.0000E+00  0.0000E+00  0.0000E+00
      7.187  0.1108E-01  0.3188E-02  0.3188E-02  0.3188E-02  0.0000E+00  0.0000E+00  0.0000E+00  0.0000E+00  0.0000E+00
      7.281  0.1417E-01  0.4300E-02  0.4300E-02  0.4300E-02  0.0000E+00  0.0000E+00  0.0000E+00  0.0000E+00  0.0000E+00
      7.375  0.1619E-01  0.5206E-02  0.5206E-02  0.5206E-02  0.0000E+00  0.0000E+00  0.0000E+00  0.0000E+00  0.0000E+00
      7.470  0.1812E-01  0.6163E-02  0.6163E-02  0.6163E-02  0.0000E+00  0.0000E+00  0.0000E+00  0.0000E+00  0.0000E+00
      7.564  0.2023E-01  0.7209E-02  0.7209E-02  0.7209E-02  0.0000E+00  0.0000E+00  0.0000E+00  0.0000E+00  0.0000E+00
      7.658  0.2237E-01  0.8387E-02  0.8387E-02  0.8387E-02  0.0000E+00  0.0000E+00  0.0000E+00  0.0000E+00  0.0000E+00
      7.752  0.2346E-01  0.9266E-02  0.9266E-02  0.9266E-02  0.0000E+00  0.0000E+00  0.0000E+00  0.0000E+00  0.0000E+00
      7.846  0.2488E-01  0.1031E-01  0.1031E-01  0.1031E-01  0.0000E+00  0.0000E+00  0.0000E+00  0.0000E+00  0.0000E+00
      7.940  0.2624E-01  0.1140E-01  0.1140E-01  0.1140E-01  0.0000E+00  0.0000E+00  0.0000E+00  0.0000E+00  0.0000E+00
      8.035  0.2765E-01  0.1254E-01  0.1254E-01  0.1254E-01  0.0000E+00  0.0000E+00  0.0000E+00  0.0000E+00  0.0000E+00
      8.129  0.2925E-01  0.1379E-01  0.1379E-01  0.1379E-01  0.0000E+00  0.0000E+00  0.0000E+00  0.0000E+00  0.0000E+00
      8.223  0.3080E-01  0.1515E-01  0.1515E-01  0.1515E-01  0.0000E+00  0.0000E+00  0.0000E+00  0.0000E+00  0.0000E+00
      8.317  0.3238E-01  0.1659E-01  0.1659E-01  0.1659E-01  0.0000E+00  0.0000E+00  0.0000E+00  0.0000E+00  0.0000E+00
      8.411  0.3921E-01  0.1815E-01  0.1815E-01  0.1815E-01  0.0000E+00  0.0000E+00  0.0000E+00  0.0000E+00  0.0000E+00
      8.505  0.5084E-01  0.2028E-01  0.2028E-01  0.2028E-01  0.0000E+00  0.0000E+00  0.0000E+00  0.0000E+00  0.0000E+00
      8.599  0.5855E-01  0.2260E-01  0.2260E-01  0.2260E-01  0.0000E+00  0.0000E+00  0.0000E+00  0.0000E+00  0.0000E+00
      8.694  0.6822E-01  0.2540E-01  0.2540E-01  0.2540E-01  0.0000E+00  0.0000E+00  0.0000E+00  0.0000E+00  0.0000E+00
      8.788  0.8096E-01  0.2926E-01  0.2926E-01  0.2926E-01  0.0000E+00  0.0000E+00  0.0000E+00  0.0000E+00  0.0000E+00
      8.882  0.1077E+00  0.3630E-01  0.3630E-01  0.3630E-01  0.0000E+00  0.0000E+00  0.0000E+00  0.0000E+00  0.0000E+00
      8.976  0.1002E+00  0.3771E-01  0.3771E-01  0.3771E-01  0.0000E+00  0.0000E+00  0.0000E+00  0.0000E+00  0.0000E+00
      9.070  0.9948E-01  0.4251E-01  0.4251E-01  0.4251E-01  0.0000E+00  0.0000E+00  0.0000E+00  0.0000E+00  0.0000E+00
      9.164  0.8847E-01  0.4173E-01  0.4173E-01  0.4173E-01  0.0000E+00  0.0000E+00  0.0000E+00  0.0000E+00  0.0000E+00
      9.258  0.6852E-01  0.3508E-01  0.3508E-01  0.3508E-01  0.0000E+00  0.0000E+00  0.0000E+00  0.0000E+00  0.0000E+00
      9.353  0.5616E-01  0.3235E-01  0.3235E-01  0.3235E-01  0.0000E+00  0.0000E+00  0.0000E+00  0.0000E+00  0.0000E+00
      9.447  0.5152E-01  0.3360E-01  0.3360E-01  0.3360E-01  0.0000E+00  0.0000E+00  0.0000E+00  0.0000E+00  0.0000E+00
      9.541  0.4477E-01  0.3166E-01  0.3166E-01  0.3166E-01  0.0000E+00  0.0000E+00  0.0000E+00  0.0000E+00  0.0000E+00
      9.635  0.4011E-01  0.3297E-01  0.3297E-01  0.3297E-01  0.0000E+00  0.0000E+00  0.0000E+00  0.0000E+00  0.0000E+00
      9.729  0.3598E-01  0.3584E-01  0.3584E-01  0.3584E-01  0.0000E+00  0.0000E+00  0.0000E+00  0.0000E+00  0.0000E+00
      9.823  0.4357E-01  0.6318E-01  0.6318E-01  0.6318E-01  0.0000E+00  0.0000E+00  0.0000E+00  0.0000E+00  0.0000E+00
      9.918  0.4667E-01  0.6706E-01  0.6706E-01  0.6706E-01  0.0000E+00  0.0000E+00  0.0000E+00  0.0000E+00  0.0000E+00
     10.012  0.4716E-01  0.5579E-01  0.5579E-01  0.5579E-01  0.0000E+00  0.0000E+00  0.0000E+00  0.0000E+00  0.0000E+00
     10.106  0.4724E-01  0.5198E-01  0.5198E-01  0.5198E-01  0.0000E+00  0.0000E+00  0.0000E+00  0.0000E+00  0.0000E+00
     10.200  0.4257E-01  0.4943E-01  0.4943E-01  0.4943E-01  0.0000E+00  0.0000E+00  0.0000E+00  0.0000E+00  0.0000E+00
     10.294  0.4134E-01  0.5125E-01  0.5125E-01  0.5125E-01  0.0000E+00  0.0000E+00  0.0000E+00  0.0000E+00  0.0000E+00
     10.388  0.4201E-01  0.5135E-01  0.5135E-01  0.5135E-01  0.0000E+00  0.0000E+00  0.0000E+00  0.0000E+00  0.0000E+00
     10.482  0.4054E-01  0.4749E-01  0.4749E-01  0.4749E-01  0.0000E+00  0.0000E+00  0.0000E+00  0.0000E+00  0.0000E+00
     10.577  0.4346E-01  0.4789E-01  0.4789E-01  0.4789E-01  0.0000E+00  0.0000E+00  0.0000E+00  0.0000E+00  0.0000E+00
     10.671  0.4005E-01  0.4521E-01  0.4521E-01  0.4521E-01  0.0000E+00  0.0000E+00  0.0000E+00  0.0000E+00  0.0000E+00
     10.765  0.2511E-01  0.3722E-01  0.3722E-01  0.3722E-01  0.0000E+00  0.0000E+00  0.0000E+00  0.0000E+00  0.0000E+00
     10.859  0.2120E-01  0.3459E-01  0.3459E-01  0.3459E-01  0.0000E+00  0.0000E+00  0.0000E+00  0.0000E+00  0.0000E+00
     10.953  0.2101E-01  0.3286E-01  0.3286E-01  0.3286E-01  0.0000E+00  0.0000E+00  0.0000E+00  0.0000E+00  0.0000E+00
     11.047  0.2610E-01  0.3447E-01  0.3447E-01  0.3447E-01  0.0000E+00  0.0000E+00  0.0000E+00  0.0000E+00  0.0000E+00
     11.142  0.2891E-01  0.3651E-01  0.3651E-01  0.3651E-01  0.0000E+00  0.0000E+00  0.0000E+00  0.0000E+00  0.0000E+00
     11.236  0.3559E-01  0.3975E-01  0.3975E-01  0.3975E-01  0.0000E+00  0.0000E+00  0.0000E+00  0.0000E+00  0.0000E+00
     11.330  0.3580E-01  0.3534E-01  0.3534E-01  0.3534E-01  0.0000E+00  0.0000E+00  0.0000E+00  0.0000E+00  0.0000E+00
     11.424  0.3668E-01  0.3503E-01  0.3503E-01  0.3503E-01  0.0000E+00  0.0000E+00  0.0000E+00  0.0000E+00  0.0000E+00
     11.518  0.3761E-01  0.3457E-01  0.3457E-01  0.3457E-01  0.0000E+00  0.0000E+00  0.0000E+00  0.0000E+00  0.0000E+00
     11.612  0.4082E-01  0.3597E-01  0.3597E-01  0.3597E-01  0.0000E+00  0.0000E+00  0.0000E+00  0.0000E+00  0.0000E+00
     11.706  0.4438E-01  0.3575E-01  0.3575E-01  0.3575E-01  0.0000E+00  0.0000E+00  0.0000E+00  0.0000E+00  0.0000E+00
     11.801  0.4495E-01  0.3785E-01  0.3785E-01  0.3785E-01  0.0000E+00  0.0000E+00  0.0000E+00  0.0000E+00  0.0000E+00
     11.895  0.4257E-01  0.3699E-01  0.3699E-01  0.3699E-01  0.0000E+00  0.0000E+00  0.0000E+00  0.0000E+00  0.0000E+00
     11.989  0.3951E-01  0.3531E-01  0.3531E-01  0.3531E-01  0.0000E+00  0.0000E+00  0.0000E+00  0.0000E+00  0.0000E+00
     12.083  0.3821E-01  0.3503E-01  0.3503E-01  0.3503E-01  0.0000E+00  0.0000E+00  0.0000E+00  0.0000E+00  0.0000E+00
     12.177  0.3867E-01  0.3562E-01  0.3562E-01  0.3562E-01  0.0000E+00  0.0000E+00  0.0000E+00  0.0000E+00  0.0000E+00
     12.271  0.3754E-01  0.3577E-01  0.3577E-01  0.3577E-01  0.0000E+00  0.0000E+00  0.0000E+00  0.0000E+00  0.0000E+00
     12.366  0.3591E-01  0.3491E-01  0.3491E-01  0.3491E-01  0.0000E+00  0.0000E+00  0.0000E+00  0.0000E+00  0.0000E+00
     12.460  0.3475E-01  0.3550E-01  0.3550E-01  0.3550E-01  0.0000E+00  0.0000E+00  0.0000E+00  0.0000E+00  0.0000E+00
     12.554  0.3249E-01  0.3376E-01  0.3376E-01  0.3376E-01  0.0000E+00  0.0000E+00  0.0000E+00  0.0000E+00  0.0000E+00
     12.648  0.3094E-01  0.3339E-01  0.3339E-01  0.3339E-01  0.0000E+00  0.0000E+00  0.0000E+00  0.0000E+00  0.0000E+00
     12.742  0.2686E-01  0.3267E-01  0.3267E-01  0.3267E-01  0.0000E+00  0.0000E+00  0.0000E+00  0.0000E+00  0.0000E+00
     12.836  0.2509E-01  0.3209E-01  0.3209E-01  0.3209E-01  0.0000E+00  0.0000E+00  0.0000E+00  0.0000E+00  0.0000E+00
     12.930  0.2377E-01  0.3198E-01  0.3198E-01  0.3198E-01  0.0000E+00  0.0000E+00  0.0000E+00  0.0000E+00  0.0000E+00
     13.025  0.2259E-01  0.3189E-01  0.3189E-01  0.3189E-01  0.0000E+00  0.0000E+00  0.0000E+00  0.0000E+00  0.0000E+00
     13.119  0.2222E-01  0.3354E-01  0.3354E-01  0.3354E-01  0.0000E+00  0.0000E+00  0.0000E+00  0.0000E+00  0.0000E+00
     13.213  0.1810E-01  0.2868E-01  0.2868E-01  0.2868E-01  0.0000E+00  0.0000E+00  0.0000E+00  0.0000E+00  0.0000E+00
     13.307  0.1767E-01  0.2814E-01  0.2814E-01  0.2814E-01  0.0000E+00  0.0000E+00  0.0000E+00  0.0000E+00  0.0000E+00
     13.401  0.1800E-01  0.2899E-01  0.2899E-01  0.2899E-01  0.0000E+00  0.0000E+00  0.0000E+00  0.0000E+00  0.0000E+00
     13.495  0.1759E-01  0.2936E-01  0.2936E-01  0.2936E-01  0.0000E+00  0.0000E+00  0.0000E+00  0.0000E+00  0.0000E+00
     13.590  0.1873E-01  0.3106E-01  0.3106E-01  0.3106E-01  0.0000E+00  0.0000E+00  0.0000E+00  0.0000E+00  0.0000E+00
     13.684  0.1929E-01  0.3203E-01  0.3203E-01  0.3203E-01  0.0000E+00  0.0000E+00  0.0000E+00  0.0000E+00  0.0000E+00
     13.778  0.1958E-01  0.3263E-01  0.3263E-01  0.3263E-01  0.0000E+00  0.0000E+00  0.0000E+00  0.0000E+00  0.0000E+00
     13.872  0.1819E-01  0.3088E-01  0.3088E-01  0.3088E-01  0.0000E+00  0.0000E+00  0.0000E+00  0.0000E+00  0.0000E+00
     13.966  0.1428E-01  0.2637E-01  0.2637E-01  0.2637E-01  0.0000E+00  0.0000E+00  0.0000E+00  0.0000E+00  0.0000E+00
     14.060  0.1240E-01  0.2459E-01  0.2459E-01  0.2459E-01  0.0000E+00  0.0000E+00  0.0000E+00  0.0000E+00  0.0000E+00
     14.154  0.1119E-01  0.2342E-01  0.2342E-01  0.2342E-01  0.0000E+00  0.0000E+00  0.0000E+00  0.0000E+00  0.0000E+00
     14.249  0.9777E-02  0.2148E-01  0.2148E-01  0.2148E-01  0.0000E+00  0.0000E+00  0.0000E+00  0.0000E+00  0.0000E+00
     14.343  0.9201E-02  0.2075E-01  0.2075E-01  0.2075E-01  0.0000E+00  0.0000E+00  0.0000E+00  0.0000E+00  0.0000E+00
     14.437  0.8683E-02  0.2010E-01  0.2010E-01  0.2010E-01  0.0000E+00  0.0000E+00  0.0000E+00  0.0000E+00  0.0000E+00
     14.531  0.7968E-02  0.1919E-01  0.1919E-01  0.1919E-01  0.0000E+00  0.0000E+00  0.0000E+00  0.0000E+00  0.0000E+00
     14.625  0.7148E-02  0.1837E-01  0.1837E-01  0.1837E-01  0.0000E+00  0.0000E+00  0.0000E+00  0.0000E+00  0.0000E+00
     14.719  0.6921E-02  0.1884E-01  0.1884E-01  0.1884E-01  0.0000E+00  0.0000E+00  0.0000E+00  0.0000E+00  0.0000E+00
     14.814  0.6931E-02  0.2153E-01  0.2153E-01  0.2153E-01  0.0000E+00  0.0000E+00  0.0000E+00  0.0000E+00  0.0000E+00
     14.908  0.5192E-02  0.1739E-01  0.1739E-01  0.1739E-01  0.0000E+00  0.0000E+00  0.0000E+00  0.0000E+00  0.0000E+00
     15.002  0.4532E-02  0.1600E-01  0.1600E-01  0.1600E-01  0.0000E+00  0.0000E+00  0.0000E+00  0.0000E+00  0.0000E+00
     15.096  0.4029E-02  0.1466E-01  0.1466E-01  0.1466E-01  0.0000E+00  0.0000E+00  0.0000E+00  0.0000E+00  0.0000E+00
     15.190  0.3484E-02  0.1140E-01  0.1140E-01  0.1140E-01  0.0000E+00  0.0000E+00  0.0000E+00  0.0000E+00  0.0000E+00
     15.284  0.3130E-02  0.9471E-02  0.9471E-02  0.9471E-02  0.0000E+00  0.0000E+00  0.0000E+00  0.0000E+00  0.0000E+00
     15.378  0.2904E-02  0.9003E-02  0.9003E-02  0.9003E-02  0.0000E+00  0.0000E+00  0.0000E+00  0.0000E+00  0.0000E+00
     15.473  0.2704E-02  0.8601E-02  0.8601E-02  0.8601E-02  0.0000E+00  0.0000E+00  0.0000E+00  0.0000E+00  0.0000E+00
     15.567  0.2401E-02  0.8017E-02  0.8017E-02  0.8017E-02  0.0000E+00  0.0000E+00  0.0000E+00  0.0000E+00  0.0000E+00
     15.661  0.2229E-02  0.8056E-02  0.8056E-02  0.8056E-02  0.0000E+00  0.0000E+00  0.0000E+00  0.0000E+00  0.0000E+00
     15.755  0.1965E-02  0.7750E-02  0.7750E-02  0.7750E-02  0.0000E+00  0.0000E+00  0.0000E+00  0.0000E+00  0.0000E+00
     15.849  0.1603E-02  0.6628E-02  0.6628E-02  0.6628E-02  0.0000E+00  0.0000E+00  0.0000E+00  0.0000E+00  0.0000E+00
     15.943  0.1386E-02  0.5952E-02  0.5952E-02  0.5952E-02  0.0000E+00  0.0000E+00  0.0000E+00  0.0000E+00  0.0000E+00
     16.038  0.1242E-02  0.5530E-02  0.5530E-02  0.5530E-02  0.0000E+00  0.0000E+00  0.0000E+00  0.0000E+00  0.0000E+00
     16.132  0.1130E-02  0.5243E-02  0.5243E-02  0.5243E-02  0.0000E+00  0.0000E+00  0.0000E+00  0.0000E+00  0.0000E+00
     16.226  0.1056E-02  0.5076E-02  0.5076E-02  0.5076E-02  0.0000E+00  0.0000E+00  0.0000E+00  0.0000E+00  0.0000E+00
     16.320  0.9437E-03  0.4821E-02  0.4821E-02  0.4821E-02  0.0000E+00  0.0000E+00  0.0000E+00  0.0000E+00  0.0000E+00
     16.414  0.7791E-03  0.4362E-02  0.4362E-02  0.4362E-02  0.0000E+00  0.0000E+00  0.0000E+00  0.0000E+00  0.0000E+00
     16.508  0.6225E-03  0.4020E-02  0.4020E-02  0.4020E-02  0.0000E+00  0.0000E+00  0.0000E+00  0.0000E+00  0.0000E+00
     16.602  0.4282E-03  0.3427E-02  0.3427E-02  0.3427E-02  0.0000E+00  0.0000E+00  0.0000E+00  0.0000E+00  0.0000E+00
     16.697  0.3641E-03  0.2976E-02  0.2976E-02  0.2976E-02  0.0000E+00  0.0000E+00  0.0000E+00  0.0000E+00  0.0000E+00
     16.791  0.3059E-03  0.2588E-02  0.2588E-02  0.2588E-02  0.0000E+00  0.0000E+00  0.0000E+00  0.0000E+00  0.0000E+00
     16.885  0.2534E-03  0.2261E-02  0.2261E-02  0.2261E-02  0.0000E+00  0.0000E+00  0.0000E+00  0.0000E+00  0.0000E+00
     16.979  0.2146E-03  0.2098E-02  0.2098E-02  0.2098E-02  0.0000E+00  0.0000E+00  0.0000E+00  0.0000E+00  0.0000E+00
     17.073  0.1813E-03  0.2063E-02  0.2063E-02  0.2063E-02  0.0000E+00  0.0000E+00  0.0000E+00  0.0000E+00  0.0000E+00
     17.167  0.1534E-03  0.2128E-02  0.2128E-02  0.2128E-02  0.0000E+00  0.0000E+00  0.0000E+00  0.0000E+00  0.0000E+00
     17.262  0.1810E-03  0.2481E-02  0.2481E-02  0.2481E-02  0.0000E+00  0.0000E+00  0.0000E+00  0.0000E+00  0.0000E+00
     17.356  0.1656E-04  0.5139E-03  0.5139E-03  0.5139E-03  0.0000E+00  0.0000E+00  0.0000E+00  0.0000E+00  0.0000E+00
     17.450  0.6729E-05  0.2088E-03  0.2088E-03  0.2088E-03  0.0000E+00  0.0000E+00  0.0000E+00  0.0000E+00  0.0000E+00
     17.544  0.1251E-05  0.3882E-04  0.3882E-04  0.3882E-04  0.0000E+00  0.0000E+00  0.0000E+00  0.0000E+00  0.0000E+00
     17.638  0.0000E+00  0.0000E+00  0.0000E+00  0.0000E+00  0.0000E+00  0.0000E+00  0.0000E+00  0.0000E+00  0.0000E+00
     17.732  0.0000E+00  0.0000E+00  0.0000E+00  0.0000E+00  0.0000E+00  0.0000E+00  0.0000E+00  0.0000E+00  0.0000E+00
     17.826  0.0000E+00  0.0000E+00  0.0000E+00  0.0000E+00  0.0000E+00  0.0000E+00  0.0000E+00  0.0000E+00  0.0000E+00
     17.921  0.0000E+00  0.0000E+00  0.0000E+00  0.0000E+00  0.0000E+00  0.0000E+00  0.0000E+00  0.0000E+00  0.0000E+00
     18.015  0.0000E+00  0.0000E+00  0.0000E+00  0.0000E+00  0.0000E+00  0.0000E+00  0.0000E+00  0.0000E+00  0.0000E+00
     18.109  0.0000E+00  0.0000E+00  0.0000E+00  0.0000E+00  0.0000E+00  0.0000E+00  0.0000E+00  0.0000E+00  0.0000E+00
     18.203  0.0000E+00  0.0000E+00  0.0000E+00  0.0000E+00  0.0000E+00  0.0000E+00  0.0000E+00  0.0000E+00  0.0000E+00
     18.297  0.0000E+00  0.0000E+00  0.0000E+00  0.0000E+00  0.0000E+00  0.0000E+00  0.0000E+00  0.0000E+00  0.0000E+00
     18.391  0.0000E+00  0.0000E+00  0.0000E+00  0.0000E+00  0.0000E+00  0.0000E+00  0.0000E+00  0.0000E+00  0.0000E+00
     18.486  0.0000E+00  0.0000E+00  0.0000E+00  0.0000E+00  0.0000E+00  0.0000E+00  0.0000E+00  0.0000E+00  0.0000E+00
     18.580  0.0000E+00  0.0000E+00  0.0000E+00  0.0000E+00  0.0000E+00  0.0000E+00  0.0000E+00  0.0000E+00  0.0000E+00
     18.674  0.0000E+00  0.0000E+00  0.0000E+00  0.0000E+00  0.0000E+00  0.0000E+00  0.0000E+00  0.0000E+00  0.0000E+00
     18.768  0.0000E+00  0.0000E+00  0.0000E+00  0.0000E+00  0.0000E+00  0.0000E+00  0.0000E+00  0.0000E+00  0.0000E+00
     18.862  0.0000E+00  0.0000E+00  0.0000E+00  0.0000E+00  0.0000E+00  0.0000E+00  0.0000E+00  0.0000E+00  0.0000E+00
     18.956  0.0000E+00  0.0000E+00  0.0000E+00  0.0000E+00  0.0000E+00  0.0000E+00  0.0000E+00  0.0000E+00  0.0000E+00
     19.050  0.0000E+00  0.0000E+00  0.0000E+00  0.0000E+00  0.0000E+00  0.0000E+00  0.0000E+00  0.0000E+00  0.0000E+00
     19.145  0.0000E+00  0.0000E+00  0.0000E+00  0.0000E+00  0.0000E+00  0.0000E+00  0.0000E+00  0.0000E+00  0.0000E+00
     19.239  0.0000E+00  0.0000E+00  0.0000E+00  0.0000E+00  0.0000E+00  0.0000E+00  0.0000E+00  0.0000E+00  0.0000E+00
     19.333  0.0000E+00  0.0000E+00  0.0000E+00  0.0000E+00  0.0000E+00  0.0000E+00  0.0000E+00  0.0000E+00  0.0000E+00
     19.427  0.0000E+00  0.0000E+00  0.0000E+00  0.0000E+00  0.0000E+00  0.0000E+00  0.0000E+00  0.0000E+00  0.0000E+00
     19.521  0.0000E+00  0.0000E+00  0.0000E+00  0.0000E+00  0.0000E+00  0.0000E+00  0.0000E+00  0.0000E+00  0.0000E+00
     19.615  0.0000E+00  0.0000E+00  0.0000E+00  0.0000E+00  0.0000E+00  0.0000E+00  0.0000E+00  0.0000E+00  0.0000E+00
     19.61534489     -8.63060239  301      6.26300583      1.00000000
     -8.631  0.0000E+00  0.0000E+00  0.0000E+00  0.0000E+00  0.0000E+00  0.0000E+00  0.0000E+00  0.0000E+00  0.0000E+00
     -8.536  0.0000E+00  0.0000E+00  0.0000E+00  0.0000E+00  0.0000E+00  0.0000E+00  0.0000E+00  0.0000E+00  0.0000E+00
     -8.442  0.0000E+00  0.0000E+00  0.0000E+00  0.0000E+00  0.0000E+00  0.0000E+00  0.0000E+00  0.0000E+00  0.0000E+00
     -8.348  0.0000E+00  0.0000E+00  0.0000E+00  0.0000E+00  0.0000E+00  0.0000E+00  0.0000E+00  0.0000E+00  0.0000E+00
     -8.254  0.0000E+00  0.0000E+00  0.0000E+00  0.0000E+00  0.0000E+00  0.0000E+00  0.0000E+00  0.0000E+00  0.0000E+00
     -8.160  0.0000E+00  0.0000E+00  0.0000E+00  0.0000E+00  0.0000E+00  0.0000E+00  0.0000E+00  0.0000E+00  0.0000E+00
     -8.066  0.0000E+00  0.0000E+00  0.0000E+00  0.0000E+00  0.0000E+00  0.0000E+00  0.0000E+00  0.0000E+00  0.0000E+00
     -7.972  0.0000E+00  0.0000E+00  0.0000E+00  0.0000E+00  0.0000E+00  0.0000E+00  0.0000E+00  0.0000E+00  0.0000E+00
     -7.877  0.0000E+00  0.0000E+00  0.0000E+00  0.0000E+00  0.0000E+00  0.0000E+00  0.0000E+00  0.0000E+00  0.0000E+00
     -7.783  0.0000E+00  0.0000E+00  0.0000E+00  0.0000E+00  0.0000E+00  0.0000E+00  0.0000E+00  0.0000E+00  0.0000E+00
     -7.689  0.0000E+00  0.0000E+00  0.0000E+00  0.0000E+00  0.0000E+00  0.0000E+00  0.0000E+00  0.0000E+00  0.0000E+00
     -7.595  0.0000E+00  0.0000E+00  0.0000E+00  0.0000E+00  0.0000E+00  0.0000E+00  0.0000E+00  0.0000E+00  0.0000E+00
     -7.501  0.0000E+00  0.0000E+00  0.0000E+00  0.0000E+00  0.0000E+00  0.0000E+00  0.0000E+00  0.0000E+00  0.0000E+00
     -7.407  0.0000E+00  0.0000E+00  0.0000E+00  0.0000E+00  0.0000E+00  0.0000E+00  0.0000E+00  0.0000E+00  0.0000E+00
     -7.312  0.0000E+00  0.0000E+00  0.0000E+00  0.0000E+00  0.0000E+00  0.0000E+00  0.0000E+00  0.0000E+00  0.0000E+00
     -7.218  0.0000E+00  0.0000E+00  0.0000E+00  0.0000E+00  0.0000E+00  0.0000E+00  0.0000E+00  0.0000E+00  0.0000E+00
     -7.124  0.0000E+00  0.0000E+00  0.0000E+00  0.0000E+00  0.0000E+00  0.0000E+00  0.0000E+00  0.0000E+00  0.0000E+00
     -7.030  0.0000E+00  0.0000E+00  0.0000E+00  0.0000E+00  0.0000E+00  0.0000E+00  0.0000E+00  0.0000E+00  0.0000E+00
     -6.936  0.0000E+00  0.0000E+00  0.0000E+00  0.0000E+00  0.0000E+00  0.0000E+00  0.0000E+00  0.0000E+00  0.0000E+00
     -6.842  0.0000E+00  0.0000E+00  0.0000E+00  0.0000E+00  0.0000E+00  0.0000E+00  0.0000E+00  0.0000E+00  0.0000E+00
     -6.748  0.0000E+00  0.0000E+00  0.0000E+00  0.0000E+00  0.0000E+00  0.0000E+00  0.0000E+00  0.0000E+00  0.0000E+00
     -6.653  0.0000E+00  0.0000E+00  0.0000E+00  0.0000E+00  0.0000E+00  0.0000E+00  0.0000E+00  0.0000E+00  0.0000E+00
     -6.559  0.1919E-01  0.2198E-04  0.2198E-04  0.2198E-04  0.0000E+00  0.0000E+00  0.0000E+00  0.0000E+00  0.0000E+00
     -6.465  0.2698E-01  0.7783E-04  0.7783E-04  0.7783E-04  0.0000E+00  0.0000E+00  0.0000E+00  0.0000E+00  0.0000E+00
     -6.371  0.3291E-01  0.1487E-03  0.1487E-03  0.1487E-03  0.0000E+00  0.0000E+00  0.0000E+00  0.0000E+00  0.0000E+00
     -6.277  0.3902E-01  0.2338E-03  0.2338E-03  0.2338E-03  0.0000E+00  0.0000E+00  0.0000E+00  0.0000E+00  0.0000E+00
     -6.183  0.4364E-01  0.3365E-03  0.3365E-03  0.3365E-03  0.0000E+00  0.0000E+00  0.0000E+00  0.0000E+00  0.0000E+00
     -6.088  0.4841E-01  0.4467E-03  0.4467E-03  0.4467E-03  0.0000E+00  0.0000E+00  0.0000E+00  0.0000E+00  0.0000E+00
     -5.994  0.5254E-01  0.5689E-03  0.5689E-03  0.5689E-03  0.0000E+00  0.0000E+00  0.0000E+00  0.0000E+00  0.0000E+00
     -5.900  0.5663E-01  0.6994E-03  0.6994E-03  0.6994E-03  0.0000E+00  0.0000E+00  0.0000E+00  0.0000E+00  0.0000E+00
     -5.806  0.6033E-01  0.8404E-03  0.8404E-03  0.8404E-03  0.0000E+00  0.0000E+00  0.0000E+00  0.0000E+00  0.0000E+00
     -5.712  0.6418E-01  0.9862E-03  0.9862E-03  0.9862E-03  0.0000E+00  0.0000E+00  0.0000E+00  0.0000E+00  0.0000E+00
     -5.618  0.6757E-01  0.1146E-02  0.1146E-02  0.1146E-02  0.0000E+00  0.0000E+00  0.0000E+00  0.0000E+00  0.0000E+00
     -5.524  0.7125E-01  0.1306E-02  0.1306E-02  0.1306E-02  0.0000E+00  0.0000E+00  0.0000E+00  0.0000E+00  0.0000E+00
     -5.429  0.7457E-01  0.1482E-02  0.1482E-02  0.1482E-02  0.0000E+00  0.0000E+00  0.0000E+00  0.0000E+00  0.0000E+00
     -5.335  0.7800E-01  0.1662E-02  0.1662E-02  0.1662E-02  0.0000E+00  0.0000E+00  0.0000E+00  0.0000E+00  0.0000E+00
     -5.241  0.8161E-01  0.1845E-02  0.1845E-02  0.1845E-02  0.0000E+00  0.0000E+00  0.0000E+00  0.0000E+00  0.0000E+00
     -5.147  0.8491E-01  0.2047E-02  0.2047E-02  0.2047E-02  0.0000E+00  0.0000E+00  0.0000E+00  0.0000E+00  0.0000E+00
     -5.053  0.8848E-01  0.2249E-02  0.2249E-02  0.2249E-02  0.0000E+00  0.0000E+00  0.0000E+00  0.0000E+00  0.0000E+00
     -4.959  0.9222E-01  0.2458E-02  0.2458E-02  0.2458E-02  0.0000E+00  0.0000E+00  0.0000E+00  0.0000E+00  0.0000E+00
     -4.864  0.9590E-01  0.2686E-02  0.2686E-02  0.2686E-02  0.0000E+00  0.0000E+00  0.0000E+00  0.0000E+00  0.0000E+00
     -4.770  0.9990E-01  0.2917E-02  0.2917E-02  0.2917E-02  0.0000E+00  0.0000E+00  0.0000E+00  0.0000E+00  0.0000E+00
     -4.676  0.1043E+00  0.3153E-02  0.3153E-02  0.3153E-02  0.0000E+00  0.0000E+00  0.0000E+00  0.0000E+00  0.0000E+00
     -4.582  0.1088E+00  0.3419E-02  0.3419E-02  0.3419E-02  0.0000E+00  0.0000E+00  0.0000E+00  0.0000E+00  0.0000E+00
     -4.488  0.1139E+00  0.3695E-02  0.3695E-02  0.3695E-02  0.0000E+00  0.0000E+00  0.0000E+00  0.0000E+00  0.0000E+00
     -4.394  0.1199E+00  0.3984E-02  0.3984E-02  0.3984E-02  0.0000E+00  0.0000E+00  0.0000E+00  0.0000E+00  0.0000E+00
     -4.300  0.1269E+00  0.4320E-02  0.4320E-02  0.4320E-02  0.0000E+00  0.0000E+00  0.0000E+00  0.0000E+00  0.0000E+00
     -4.205  0.1360E+00  0.4708E-02  0.4708E-02  0.4708E-02  0.0000E+00  0.0000E+00  0.0000E+00  0.0000E+00  0.0000E+00
     -4.111  0.1502E+00  0.5212E-02  0.5212E-02  0.5212E-02  0.0000E+00  0.0000E+00  0.0000E+00  0.0000E+00  0.0000E+00
     -4.017  0.1768E+00  0.6025E-02  0.6025E-02  0.6025E-02  0.0000E+00  0.0000E+00  0.0000E+00  0.0000E+00  0.0000E+00
     -3.923  0.1707E+00  0.6131E-02  0.6131E-02  0.6131E-02  0.0000E+00  0.0000E+00  0.0000E+00  0.0000E+00  0.0000E+00
     -3.829  0.1639E+00  0.6161E-02  0.6161E-02  0.6161E-02  0.0000E+00  0.0000E+00  0.0000E+00  0.0000E+00  0.0000E+00
     -3.735  0.1593E+00  0.6241E-02  0.6241E-02  0.6241E-02  0.0000E+00  0.0000E+00  0.0000E+00  0.0000E+00  0.0000E+00
     -3.640  0.1523E+00  0.6263E-02  0.6263E-02  0.6263E-02  0.0000E+00  0.0000E+00  0.0000E+00  0.0000E+00  0.0000E+00
     -3.546  0.1461E+00  0.6257E-02  0.6257E-02  0.6257E-02  0.0000E+00  0.0000E+00  0.0000E+00  0.0000E+00  0.0000E+00
     -3.452  0.1404E+00  0.6256E-02  0.6256E-02  0.6256E-02  0.0000E+00  0.0000E+00  0.0000E+00  0.0000E+00  0.0000E+00
     -3.358  0.1340E+00  0.6230E-02  0.6230E-02  0.6230E-02  0.0000E+00  0.0000E+00  0.0000E+00  0.0000E+00  0.0000E+00
     -3.264  0.1283E+00  0.6187E-02  0.6187E-02  0.6187E-02  0.0000E+00  0.0000E+00  0.0000E+00  0.0000E+00  0.0000E+00
     -3.170  0.1224E+00  0.6122E-02  0.6122E-02  0.6122E-02  0.0000E+00  0.0000E+00  0.0000E+00  0.0000E+00  0.0000E+00
     -3.076  0.1163E+00  0.6043E-02  0.6043E-02  0.6043E-02  0.0000E+00  0.0000E+00  0.0000E+00  0.0000E+00  0.0000E+00
     -2.981  0.1105E+00  0.5938E-02  0.5938E-02  0.5938E-02  0.0000E+00  0.0000E+00  0.0000E+00  0.0000E+00  0.0000E+00
     -2.887  0.1038E+00  0.5790E-02  0.5790E-02  0.5790E-02  0.0000E+00  0.0000E+00  0.0000E+00  0.0000E+00  0.0000E+00
     -2.793  0.9765E-01  0.5640E-02  0.5640E-02  0.5640E-02  0.0000E+00  0.0000E+00  0.0000E+00  0.0000E+00  0.0000E+00
     -2.699  0.9115E-01  0.5450E-02  0.5450E-02  0.5450E-02  0.0000E+00  0.0000E+00  0.0000E+00  0.0000E+00  0.0000E+00
     -2.605  0.8409E-01  0.5218E-02  0.5218E-02  0.5218E-02  0.0000E+00  0.0000E+00  0.0000E+00  0.0000E+00  0.0000E+00
     -2.511  0.7763E-01  0.4984E-02  0.4984E-02  0.4984E-02  0.0000E+00  0.0000E+00  0.0000E+00  0.0000E+00  0.0000E+00
     -2.416  0.6938E-01  0.4650E-02  0.4650E-02  0.4650E-02  0.0000E+00  0.0000E+00  0.0000E+00  0.0000E+00  0.0000E+00
     -2.322  0.6547E-01  0.4586E-02  0.4586E-02  0.4586E-02  0.0000E+00  0.0000E+00  0.0000E+00  0.0000E+00  0.0000E+00
     -2.228  0.5075E-01  0.3709E-02  0.3709E-02  0.3709E-02  0.0000E+00  0.0000E+00  0.0000E+00  0.0000E+00  0.0000E+00
     -2.134  0.2484E-01  0.1876E-02  0.1876E-02  0.1876E-02  0.0000E+00  0.0000E+00  0.0000E+00  0.0000E+00  0.0000E+00
     -2.040  0.8427E-02  0.6298E-03  0.6298E-03  0.6298E-03  0.0000E+00  0.0000E+00  0.0000E+00  0.0000E+00  0.0000E+00
     -1.946  0.7452E-02  0.6498E-03  0.6498E-03  0.6498E-03  0.0000E+00  0.0000E+00  0.0000E+00  0.0000E+00  0.0000E+00
     -1.852  0.1734E-01  0.1586E-02  0.1586E-02  0.1586E-02  0.0000E+00  0.0000E+00  0.0000E+00  0.0000E+00  0.0000E+00
     -1.757  0.3215E-01  0.2960E-02  0.2960E-02  0.2960E-02  0.0000E+00  0.0000E+00  0.0000E+00  0.0000E+00  0.0000E+00
     -1.663  0.4360E-01  0.4085E-02  0.4085E-02  0.4085E-02  0.0000E+00  0.0000E+00  0.0000E+00  0.0000E+00  0.0000E+00
     -1.569  0.5475E-01  0.5305E-02  0.5305E-02  0.5305E-02  0.0000E+00  0.0000E+00  0.0000E+00  0.0000E+00  0.0000E+00
     -1.475  0.6311E-01  0.6324E-02  0.6324E-02  0.6324E-02  0.0000E+00  0.0000E+00  0.0000E+00  0.0000E+00  0.0000E+00
     -1.381  0.7153E-01  0.7435E-02  0.7435E-02  0.7435E-02  0.0000E+00  0.0000E+00  0.0000E+00  0.0000E+00  0.0000E+00
     -1.287  0.8180E-01  0.8930E-02  0.8930E-02  0.8930E-02  0.0000E+00  0.0000E+00  0.0000E+00  0.0000E+00  0.0000E+00
     -1.193  0.1083E+00  0.1628E-01  0.1628E-01  0.1628E-01  0.0000E+00  0.0000E+00  0.0000E+00  0.0000E+00  0.0000E+00
     -1.098  0.1515E+00  0.2711E-01  0.2711E-01  0.2711E-01  0.0000E+00  0.0000E+00  0.0000E+00  0.0000E+00  0.0000E+00
     -1.004  0.2629E+00  0.5090E-01  0.5090E-01  0.5090E-01  0.0000E+00  0.0000E+00  0.0000E+00  0.0000E+00  0.0000E+00
     -0.910  0.1799E+00  0.3379E-01  0.3379E-01  0.3379E-01  0.0000E+00  0.0000E+00  0.0000E+00  0.0000E+00  0.0000E+00
     -0.816  0.1383E+00  0.2585E-01  0.2585E-01  0.2585E-01  0.0000E+00  0.0000E+00  0.0000E+00  0.0000E+00  0.0000E+00
     -0.722  0.1203E+00  0.2258E-01  0.2258E-01  0.2258E-01  0.0000E+00  0.0000E+00  0.0000E+00  0.0000E+00  0.0000E+00
     -0.628  0.1075E+00  0.2041E-01  0.2041E-01  0.2041E-01  0.0000E+00  0.0000E+00  0.0000E+00  0.0000E+00  0.0000E+00
     -0.533  0.9763E-01  0.1879E-01  0.1879E-01  0.1879E-01  0.0000E+00  0.0000E+00  0.0000E+00  0.0000E+00  0.0000E+00
     -0.439  0.9047E-01  0.1764E-01  0.1764E-01  0.1764E-01  0.0000E+00  0.0000E+00  0.0000E+00  0.0000E+00  0.0000E+00
     -0.345  0.8369E-01  0.1660E-01  0.1660E-01  0.1660E-01  0.0000E+00  0.0000E+00  0.0000E+00  0.0000E+00  0.0000E+00
     -0.251  0.7733E-01  0.1565E-01  0.1565E-01  0.1565E-01  0.0000E+00  0.0000E+00  0.0000E+00  0.0000E+00  0.0000E+00
     -0.157  0.7295E-01  0.1499E-01  0.1499E-01  0.1499E-01  0.0000E+00  0.0000E+00  0.0000E+00  0.0000E+00  0.0000E+00
     -0.063  0.6855E-01  0.1436E-01  0.1436E-01  0.1436E-01  0.0000E+00  0.0000E+00  0.0000E+00  0.0000E+00  0.0000E+00
      0.031  0.6399E-01  0.1369E-01  0.1369E-01  0.1369E-01  0.0000E+00  0.0000E+00  0.0000E+00  0.0000E+00  0.0000E+00
      0.126  0.6015E-01  0.1313E-01  0.1313E-01  0.1313E-01  0.0000E+00  0.0000E+00  0.0000E+00  0.0000E+00  0.0000E+00
      0.220  0.5710E-01  0.1270E-01  0.1270E-01  0.1270E-01  0.0000E+00  0.0000E+00  0.0000E+00  0.0000E+00  0.0000E+00
      0.314  0.5389E-01  0.1225E-01  0.1225E-01  0.1225E-01  0.0000E+00  0.0000E+00  0.0000E+00  0.0000E+00  0.0000E+00
      0.408  0.5039E-01  0.1172E-01  0.1172E-01  0.1172E-01  0.0000E+00  0.0000E+00  0.0000E+00  0.0000E+00  0.0000E+00
      0.502  0.4772E-01  0.1133E-01  0.1133E-01  0.1133E-01  0.0000E+00  0.0000E+00  0.0000E+00  0.0000E+00  0.0000E+00
      0.596  0.4545E-01  0.1101E-01  0.1101E-01  0.1101E-01  0.0000E+00  0.0000E+00  0.0000E+00  0.0000E+00  0.0000E+00
      0.691  0.4304E-01  0.1066E-01  0.1066E-01  0.1066E-01  0.0000E+00  0.0000E+00  0.0000E+00  0.0000E+00  0.0000E+00
      0.785  0.4037E-01  0.1024E-01  0.1024E-01  0.1024E-01  0.0000E+00  0.0000E+00  0.0000E+00  0.0000E+00  0.0000E+00
      0.879  0.3805E-01  0.9879E-02  0.9879E-02  0.9879E-02  0.0000E+00  0.0000E+00  0.0000E+00  0.0000E+00  0.0000E+00
      0.973  0.3631E-01  0.9620E-02  0.9620E-02  0.9620E-02  0.0000E+00  0.0000E+00  0.0000E+00  0.0000E+00  0.0000E+00
      1.067  0.3453E-01  0.9352E-02  0.9352E-02  0.9352E-02  0.0000E+00  0.0000E+00  0.0000E+00  0.0000E+00  0.0000E+00
      1.161  0.3250E-01  0.9021E-02  0.9021E-02  0.9021E-02  0.0000E+00  0.0000E+00  0.0000E+00  0.0000E+00  0.0000E+00
      1.255  0.3029E-01  0.8633E-02  0.8633E-02  0.8633E-02  0.0000E+00  0.0000E+00  0.0000E+00  0.0000E+00  0.0000E+00
      1.350  0.2894E-01  0.8421E-02  0.8421E-02  0.8421E-02  0.0000E+00  0.0000E+00  0.0000E+00  0.0000E+00  0.0000E+00
      1.444  0.2855E-01  0.2067E-01  0.2067E-01  0.2067E-01  0.0000E+00  0.0000E+00  0.0000E+00  0.0000E+00  0.0000E+00
      1.538  0.2866E-01  0.3226E-01  0.3226E-01  0.3226E-01  0.0000E+00  0.0000E+00  0.0000E+00  0.0000E+00  0.0000E+00
      1.632  0.2886E-01  0.4028E-01  0.4028E-01  0.4028E-01  0.0000E+00  0.0000E+00  0.0000E+00  0.0000E+00  0.0000E+00
      1.726  0.3101E-01  0.5908E-01  0.5908E-01  0.5908E-01  0.0000E+00  0.0000E+00  0.0000E+00  0.0000E+00  0.0000E+00
      1.820  0.3163E-01  0.5755E-01  0.5755E-01  0.5755E-01  0.0000E+00  0.0000E+00  0.0000E+00  0.0000E+00  0.0000E+00
      1.915  0.3165E-01  0.5302E-01  0.5302E-01  0.5302E-01  0.0000E+00  0.0000E+00  0.0000E+00  0.0000E+00  0.0000E+00
      2.009  0.3161E-01  0.5113E-01  0.5113E-01  0.5113E-01  0.0000E+00  0.0000E+00  0.0000E+00  0.0000E+00  0.0000E+00
      2.103  0.3096E-01  0.4851E-01  0.4851E-01  0.4851E-01  0.0000E+00  0.0000E+00  0.0000E+00  0.0000E+00  0.0000E+00
      2.197  0.3033E-01  0.4868E-01  0.4868E-01  0.4868E-01  0.0000E+00  0.0000E+00  0.0000E+00  0.0000E+00  0.0000E+00
      2.291  0.3021E-01  0.5002E-01  0.5002E-01  0.5002E-01  0.0000E+00  0.0000E+00  0.0000E+00  0.0000E+00  0.0000E+00
      2.385  0.2964E-01  0.5069E-01  0.5069E-01  0.5069E-01  0.0000E+00  0.0000E+00  0.0000E+00  0.0000E+00  0.0000E+00
      2.479  0.2905E-01  0.5197E-01  0.5197E-01  0.5197E-01  0.0000E+00  0.0000E+00  0.0000E+00  0.0000E+00  0.0000E+00
      2.574  0.2836E-01  0.5472E-01  0.5472E-01  0.5472E-01  0.0000E+00  0.0000E+00  0.0000E+00  0.0000E+00  0.0000E+00
      2.668  0.2740E-01  0.5661E-01  0.5661E-01  0.5661E-01  0.0000E+00  0.0000E+00  0.0000E+00  0.0000E+00  0.0000E+00
      2.762  0.2672E-01  0.5846E-01  0.5846E-01  0.5846E-01  0.0000E+00  0.0000E+00  0.0000E+00  0.0000E+00  0.0000E+00
      2.856  0.2615E-01  0.6342E-01  0.6342E-01  0.6342E-01  0.0000E+00  0.0000E+00  0.0000E+00  0.0000E+00  0.0000E+00
      2.950  0.2548E-01  0.6768E-01  0.6768E-01  0.6768E-01  0.0000E+00  0.0000E+00  0.0000E+00  0.0000E+00  0.0000E+00
      3.044  0.2455E-01  0.7485E-01  0.7485E-01  0.7485E-01  0.0000E+00  0.0000E+00  0.0000E+00  0.0000E+00  0.0000E+00
      3.139  0.2332E-01  0.8715E-01  0.8715E-01  0.8715E-01  0.0000E+00  0.0000E+00  0.0000E+00  0.0000E+00  0.0000E+00
      3.233  0.2231E-01  0.8601E-01  0.8601E-01  0.8601E-01  0.0000E+00  0.0000E+00  0.0000E+00  0.0000E+00  0.0000E+00
      3.327  0.2156E-01  0.8557E-01  0.8557E-01  0.8557E-01  0.0000E+00  0.0000E+00  0.0000E+00  0.0000E+00  0.0000E+00
      3.421  0.2064E-01  0.8412E-01  0.8412E-01  0.8412E-01  0.0000E+00  0.0000E+00  0.0000E+00  0.0000E+00  0.0000E+00
      3.515  0.1975E-01  0.8344E-01  0.8344E-01  0.8344E-01  0.0000E+00  0.0000E+00  0.0000E+00  0.0000E+00  0.0000E+00
      3.609  0.1865E-01  0.8288E-01  0.8288E-01  0.8288E-01  0.0000E+00  0.0000E+00  0.0000E+00  0.0000E+00  0.0000E+00
      3.703  0.1746E-01  0.8173E-01  0.8173E-01  0.8173E-01  0.0000E+00  0.0000E+00  0.0000E+00  0.0000E+00  0.0000E+00
      3.798  0.1666E-01  0.8142E-01  0.8142E-01  0.8142E-01  0.0000E+00  0.0000E+00  0.0000E+00  0.0000E+00  0.0000E+00
      3.892  0.1588E-01  0.8010E-01  0.8010E-01  0.8010E-01  0.0000E+00  0.0000E+00  0.0000E+00  0.0000E+00  0.0000E+00
      3.986  0.1509E-01  0.7971E-01  0.7971E-01  0.7971E-01  0.0000E+00  0.0000E+00  0.0000E+00  0.0000E+00  0.0000E+00
      4.080  0.1412E-01  0.7932E-01  0.7932E-01  0.7932E-01  0.0000E+00  0.0000E+00  0.0000E+00  0.0000E+00  0.0000E+00
      4.174  0.1301E-01  0.7823E-01  0.7823E-01  0.7823E-01  0.0000E+00  0.0000E+00  0.0000E+00  0.0000E+00  0.0000E+00
      4.268  0.1192E-01  0.7729E-01  0.7729E-01  0.7729E-01  0.0000E+00  0.0000E+00  0.0000E+00  0.0000E+00  0.0000E+00
      4.363  0.1113E-01  0.7717E-01  0.7717E-01  0.7717E-01  0.0000E+00  0.0000E+00  0.0000E+00  0.0000E+00  0.0000E+00
      4.457  0.1030E-01  0.7680E-01  0.7680E-01  0.7680E-01  0.0000E+00  0.0000E+00  0.0000E+00  0.0000E+00  0.0000E+00
      4.551  0.9420E-02  0.7635E-01  0.7635E-01  0.7635E-01  0.0000E+00  0.0000E+00  0.0000E+00  0.0000E+00  0.0000E+00
      4.645  0.8491E-02  0.7557E-01  0.7557E-01  0.7557E-01  0.0000E+00  0.0000E+00  0.0000E+00  0.0000E+00  0.0000E+00
      4.739  0.7577E-02  0.7506E-01  0.7506E-01  0.7506E-01  0.0000E+00  0.0000E+00  0.0000E+00  0.0000E+00  0.0000E+00
      4.833  0.6784E-02  0.7521E-01  0.7521E-01  0.7521E-01  0.0000E+00  0.0000E+00  0.0000E+00  0.0000E+00  0.0000E+00
      4.927  0.6059E-02  0.7236E-01  0.7236E-01  0.7236E-01  0.0000E+00  0.0000E+00  0.0000E+00  0.0000E+00  0.0000E+00
      5.022  0.5535E-02  0.5508E-01  0.5508E-01  0.5508E-01  0.0000E+00  0.0000E+00  0.0000E+00  0.0000E+00  0.0000E+00
      5.116  0.4978E-02  0.4791E-01  0.4791E-01  0.4791E-01  0.0000E+00  0.0000E+00  0.0000E+00  0.0000E+00  0.0000E+00
      5.210  0.4249E-02  0.4228E-01  0.4228E-01  0.4228E-01  0.0000E+00  0.0000E+00  0.0000E+00  0.0000E+00  0.0000E+00
      5.304  0.3553E-02  0.3733E-01  0.3733E-01  0.3733E-01  0.0000E+00  0.0000E+00  0.0000E+00  0.0000E+00  0.0000E+00
      5.398  0.3116E-02  0.3329E-01  0.3329E-01  0.3329E-01  0.0000E+00  0.0000E+00  0.0000E+00  0.0000E+00  0.0000E+00
      5.492  0.2639E-02  0.2985E-01  0.2985E-01  0.2985E-01  0.0000E+00  0.0000E+00  0.0000E+00  0.0000E+00  0.0000E+00
      5.587  0.2176E-02  0.2644E-01  0.2644E-01  0.2644E-01  0.0000E+00  0.0000E+00  0.0000E+00  0.0000E+00  0.0000E+00
      5.681  0.1759E-02  0.2326E-01  0.2326E-01  0.2326E-01  0.0000E+00  0.0000E+00  0.0000E+00  0.0000E+00  0.0000E+00
      5.775  0.1286E-02  0.2035E-01  0.2035E-01  0.2035E-01  0.0000E+00  0.0000E+00  0.0000E+00  0.0000E+00  0.0000E+00
      5.869  0.1012E-02  0.1731E-01  0.1731E-01  0.1731E-01  0.0000E+00  0.0000E+00  0.0000E+00  0.0000E+00  0.0000E+00
      5.963  0.6803E-03  0.1416E-01  0.1416E-01  0.1416E-01  0.0000E+00  0.0000E+00  0.0000E+00  0.0000E+00  0.0000E+00
      6.057  0.3946E-03  0.1188E-01  0.1188E-01  0.1188E-01  0.0000E+00  0.0000E+00  0.0000E+00  0.0000E+00  0.0000E+00
      6.151  0.1793E-03  0.7991E-02  0.7991E-02  0.7991E-02  0.0000E+00  0.0000E+00  0.0000E+00  0.0000E+00  0.0000E+00
      6.246  0.4620E-06  0.3769E-03  0.3769E-03  0.3769E-03  0.0000E+00  0.0000E+00  0.0000E+00  0.0000E+00  0.0000E+00
      6.340  0.0000E+00  0.0000E+00  0.0000E+00  0.0000E+00  0.0000E+00  0.0000E+00  0.0000E+00  0.0000E+00  0.0000E+00
      6.434  0.0000E+00  0.0000E+00  0.0000E+00  0.0000E+00  0.0000E+00  0.0000E+00  0.0000E+00  0.0000E+00  0.0000E+00
      6.528  0.0000E+00  0.0000E+00  0.0000E+00  0.0000E+00  0.0000E+00  0.0000E+00  0.0000E+00  0.0000E+00  0.0000E+00
      6.622  0.0000E+00  0.0000E+00  0.0000E+00  0.0000E+00  0.0000E+00  0.0000E+00  0.0000E+00  0.0000E+00  0.0000E+00
      6.716  0.0000E+00  0.0000E+00  0.0000E+00  0.0000E+00  0.0000E+00  0.0000E+00  0.0000E+00  0.0000E+00  0.0000E+00
      6.811  0.0000E+00  0.0000E+00  0.0000E+00  0.0000E+00  0.0000E+00  0.0000E+00  0.0000E+00  0.0000E+00  0.0000E+00
      6.905  0.0000E+00  0.0000E+00  0.0000E+00  0.0000E+00  0.0000E+00  0.0000E+00  0.0000E+00  0.0000E+00  0.0000E+00
      6.999  0.2364E-02  0.6257E-03  0.6257E-03  0.6257E-03  0.0000E+00  0.0000E+00  0.0000E+00  0.0000E+00  0.0000E+00
      7.093  0.7441E-02  0.2053E-02  0.2053E-02  0.2053E-02  0.0000E+00  0.0000E+00  0.0000E+00  0.0000E+00  0.0000E+00
      7.187  0.1108E-01  0.3188E-02  0.3188E-02  0.3188E-02  0.0000E+00  0.0000E+00  0.0000E+00  0.0000E+00  0.0000E+00
      7.281  0.1417E-01  0.4300E-02  0.4300E-02  0.4300E-02  0.0000E+00  0.0000E+00  0.0000E+00  0.0000E+00  0.0000E+00
      7.375  0.1619E-01  0.5206E-02  0.5206E-02  0.5206E-02  0.0000E+00  0.0000E+00  0.0000E+00  0.0000E+00  0.0000E+00
      7.470  0.1812E-01  0.6163E-02  0.6163E-02  0.6163E-02  0.0000E+00  0.0000E+00  0.0000E+00  0.0000E+00  0.0000E+00
      7.564  0.2023E-01  0.7209E-02  0.7209E-02  0.7209E-02  0.0000E+00  0.0000E+00  0.0000E+00  0.0000E+00  0.0000E+00
      7.658  0.2237E-01  0.8387E-02  0.8387E-02  0.8387E-02  0.0000E+00  0.0000E+00  0.0000E+00  0.0000E+00  0.0000E+00
      7.752  0.2346E-01  0.9266E-02  0.9266E-02  0.9266E-02  0.0000E+00  0.0000E+00  0.0000E+00  0.0000E+00  0.0000E+00
      7.846  0.2488E-01  0.1031E-01  0.1031E-01  0.1031E-01  0.0000E+00  0.0000E+00  0.0000E+00  0.0000E+00  0.0000E+00
      7.940  0.2624E-01  0.1140E-01  0.1140E-01  0.1140E-01  0.0000E+00  0.0000E+00  0.0000E+00  0.0000E+00  0.0000E+00
      8.035  0.2765E-01  0.1254E-01  0.1254E-01  0.1254E-01  0.0000E+00  0.0000E+00  0.0000E+00  0.0000E+00  0.0000E+00
      8.129  0.2925E-01  0.1379E-01  0.1379E-01  0.1379E-01  0.0000E+00  0.0000E+00  0.0000E+00  0.0000E+00  0.0000E+00
      8.223  0.3080E-01  0.1515E-01  0.1515E-01  0.1515E-01  0.0000E+00  0.0000E+00  0.0000E+00  0.0000E+00  0.0000E+00
      8.317  0.3238E-01  0.1659E-01  0.1659E-01  0.1659E-01  0.0000E+00  0.0000E+00  0.0000E+00  0.0000E+00  0.0000E+00
      8.411  0.3921E-01  0.1815E-01  0.1815E-01  0.1815E-01  0.0000E+00  0.0000E+00  0.0000E+00  0.0000E+00  0.0000E+00
      8.505  0.5084E-01  0.2028E-01  0.2028E-01  0.2028E-01  0.0000E+00  0.0000E+00  0.0000E+00  0.0000E+00  0.0000E+00
      8.599  0.5855E-01  0.2260E-01  0.2260E-01  0.2260E-01  0.0000E+00  0.0000E+00  0.0000E+00  0.0000E+00  0.0000E+00
      8.694  0.6822E-01  0.2540E-01  0.2540E-01  0.2540E-01  0.0000E+00  0.0000E+00  0.0000E+00  0.0000E+00  0.0000E+00
      8.788  0.8096E-01  0.2926E-01  0.2926E-01  0.2926E-01  0.0000E+00  0.0000E+00  0.0000E+00  0.0000E+00  0.0000E+00
      8.882  0.1077E+00  0.3630E-01  0.3630E-01  0.3630E-01  0.0000E+00  0.0000E+00  0.0000E+00  0.0000E+00  0.0000E+00
      8.976  0.1002E+00  0.3771E-01  0.3771E-01  0.3771E-01  0.0000E+00  0.0000E+00  0.0000E+00  0.0000E+00  0.0000E+00
      9.070  0.9948E-01  0.4251E-01  0.4251E-01  0.4251E-01  0.0000E+00  0.0000E+00  0.0000E+00  0.0000E+00  0.0000E+00
      9.164  0.8847E-01  0.4173E-01  0.4173E-01  0.4173E-01  0.0000E+00  0.0000E+00  0.0000E+00  0.0000E+00  0.0000E+00
      9.258  0.6852E-01  0.3508E-01  0.3508E-01  0.3508E-01  0.0000E+00  0.0000E+00  0.0000E+00  0.0000E+00  0.0000E+00
      9.353  0.5616E-01  0.3235E-01  0.3235E-01  0.3235E-01  0.0000E+00  0.0000E+00  0.0000E+00  0.0000E+00  0.0000E+00
      9.447  0.5152E-01  0.3360E-01  0.3360E-01  0.3360E-01  0.0000E+00  0.0000E+00  0.0000E+00  0.0000E+00  0.0000E+00
      9.541  0.4477E-01  0.3166E-01  0.3166E-01  0.3166E-01  0.0000E+00  0.0000E+00  0.0000E+00  0.0000E+00  0.0000E+00
      9.635  0.4011E-01  0.3297E-01  0.3297E-01  0.3297E-01  0.0000E+00  0.0000E+00  0.0000E+00  0.0000E+00  0.0000E+00
      9.729  0.3598E-01  0.3584E-01  0.3584E-01  0.3584E-01  0.0000E+00  0.0000E+00  0.0000E+00  0.0000E+00  0.0000E+00
      9.823  0.4357E-01  0.6318E-01  0.6318E-01  0.6318E-01  0.0000E+00  0.0000E+00  0.0000E+00  0.0000E+00  0.0000E+00
      9.918  0.4667E-01  0.6706E-01  0.6706E-01  0.6706E-01  0.0000E+00  0.0000E+00  0.0000E+00  0.0000E+00  0.0000E+00
     10.012  0.4716E-01  0.5579E-01  0.5579E-01  0.5579E-01  0.0000E+00  0.0000E+00  0.0000E+00  0.0000E+00  0.0000E+00
     10.106  0.4724E-01  0.5198E-01  0.5198E-01  0.5198E-01  0.0000E+00  0.0000E+00  0.0000E+00  0.0000E+00  0.0000E+00
     10.200  0.4257E-01  0.4943E-01  0.4943E-01  0.4943E-01  0.0000E+00  0.0000E+00  0.0000E+00  0.0000E+00  0.0000E+00
     10.294  0.4134E-01  0.5125E-01  0.5125E-01  0.5125E-01  0.0000E+00  0.0000E+00  0.0000E+00  0.0000E+00  0.0000E+00
     10.388  0.4201E-01  0.5135E-01  0.5135E-01  0.5135E-01  0.0000E+00  0.0000E+00  0.0000E+00  0.0000E+00  0.0000E+00
     10.482  0.4054E-01  0.4749E-01  0.4749E-01  0.4749E-01  0.0000E+00  0.0000E+00  0.0000E+00  0.0000E+00  0.0000E+00
     10.577  0.4346E-01  0.4789E-01  0.4789E-01  0.4789E-01  0.0000E+00  0.0000E+00  0.0000E+00  0.0000E+00  0.0000E+00
     10.671  0.4005E-01  0.4521E-01  0.4521E-01  0.4521E-01  0.0000E+00  0.0000E+00  0.0000E+00  0.0000E+00  0.0000E+00
     10.765  0.2511E-01  0.3722E-01  0.3722E-01  0.3722E-01  0.0000E+00  0.0000E+00  0.0000E+00  0.0000E+00  0.0000E+00
     10.859  0.2120E-01  0.3459E-01  0.3459E-01  0.3459E-01  0.0000E+00  0.0000E+00  0.0000E+00  0.0000E+00  0.0000E+00
     10.953  0.2101E-01  0.3286E-01  0.3286E-01  0.3286E-01  0.0000E+00  0.0000E+00  0.0000E+00  0.0000E+00  0.0000E+00
     11.047  0.2610E-01  0.3447E-01  0.3447E-01  0.3447E-01  0.0000E+00  0.0000E+00  0.0000E+00  0.0000E+00  0.0000E+00
     11.142  0.2891E-01  0.3651E-01  0.3651E-01  0.3651E-01  0.0000E+00  0.0000E+00  0.0000E+00  0.0000E+00  0.0000E+00
     11.236  0.3559E-01  0.3975E-01  0.3975E-01  0.3975E-01  0.0000E+00  0.0000E+00  0.0000E+00  0.0000E+00  0.0000E+00
     11.330  0.3580E-01  0.3534E-01  0.3534E-01  0.3534E-01  0.0000E+00  0.0000E+00  0.0000E+00  0.0000E+00  0.0000E+00
     11.424  0.3668E-01  0.3503E-01  0.3503E-01  0.3503E-01  0.0000E+00  0.0000E+00  0.0000E+00  0.0000E+00  0.0000E+00
     11.518  0.3761E-01  0.3457E-01  0.3457E-01  0.3457E-01  0.0000E+00  0.0000E+00  0.0000E+00  0.0000E+00  0.0000E+00
     11.612  0.4082E-01  0.3597E-01  0.3597E-01  0.3597E-01  0.0000E+00  0.0000E+00  0.0000E+00  0.0000E+00  0.0000E+00
     11.706  0.4438E-01  0.3575E-01  0.3575E-01  0.3575E-01  0.0000E+00  0.0000E+00  0.0000E+00  0.0000E+00  0.0000E+00
     11.801  0.4495E-01  0.3785E-01  0.3785E-01  0.3785E-01  0.0000E+00  0.0000E+00  0.0000E+00  0.0000E+00  0.0000E+00
     11.895  0.4257E-01  0.3699E-01  0.3699E-01  0.3699E-01  0.0000E+00  0.0000E+00  0.0000E+00  0.0000E+00  0.0000E+00
     11.989  0.3951E-01  0.3531E-01  0.3531E-01  0.3531E-01  0.0000E+00  0.0000E+00  0.0000E+00  0.0000E+00  0.0000E+00
     12.083  0.3821E-01  0.3503E-01  0.3503E-01  0.3503E-01  0.0000E+00  0.0000E+00  0.0000E+00  0.0000E+00  0.0000E+00
     12.177  0.3867E-01  0.3562E-01  0.3562E-01  0.3562E-01  0.0000E+00  0.0000E+00  0.0000E+00  0.0000E+00  0.0000E+00
     12.271  0.3754E-01  0.3577E-01  0.3577E-01  0.3577E-01  0.0000E+00  0.0000E+00  0.0000E+00  0.0000E+00  0.0000E+00
     12.366  0.3591E-01  0.3491E-01  0.3491E-01  0.3491E-01  0.0000E+00  0.0000E+00  0.0000E+00  0.0000E+00  0.0000E+00
     12.460  0.3475E-01  0.3550E-01  0.3550E-01  0.3550E-01  0.0000E+00  0.0000E+00  0.0000E+00  0.0000E+00  0.0000E+00
     12.554  0.3249E-01  0.3376E-01  0.3376E-01  0.3376E-01  0.0000E+00  0.0000E+00  0.0000E+00  0.0000E+00  0.0000E+00
     12.648  0.3094E-01  0.3339E-01  0.3339E-01  0.3339E-01  0.0000E+00  0.0000E+00  0.0000E+00  0.0000E+00  0.0000E+00
     12.742  0.2686E-01  0.3267E-01  0.3267E-01  0.3267E-01  0.0000E+00  0.0000E+00  0.0000E+00  0.0000E+00  0.0000E+00
     12.836  0.2509E-01  0.3209E-01  0.3209E-01  0.3209E-01  0.0000E+00  0.0000E+00  0.0000E+00  0.0000E+00  0.0000E+00
     12.930  0.2377E-01  0.3198E-01  0.3198E-01  0.3198E-01  0.0000E+00  0.0000E+00  0.0000E+00  0.0000E+00  0.0000E+00
     13.025  0.2259E-01  0.3189E-01  0.3189E-01  0.3189E-01  0.0000E+00  0.0000E+00  0.0000E+00  0.0000E+00  0.0000E+00
     13.119  0.2222E-01  0.3354E-01  0.3354E-01  0.3354E-01  0.0000E+00  0.0000E+00  0.0000E+00  0.0000E+00  0.0000E+00
     13.213  0.1810E-01  0.2868E-01  0.2868E-01  0.2868E-01  0.0000E+00  0.0000E+00  0.0000E+00  0.0000E+00  0.0000E+00
     13.307  0.1767E-01  0.2814E-01  0.2814E-01  0.2814E-01  0.0000E+00  0.0000E+00  0.0000E+00  0.0000E+00  0.0000E+00
     13.401  0.1800E-01  0.2899E-01  0.2899E-01  0.2899E-01  0.0000E+00  0.0000E+00  0.0000E+00  0.0000E+00  0.0000E+00
     13.495  0.1759E-01  0.2936E-01  0.2936E-01  0.2936E-01  0.0000E+00  0.0000E+00  0.0000E+00  0.0000E+00  0.0000E+00
     13.590  0.1873E-01  0.3106E-01  0.3106E-01  0.3106E-01  0.0000E+00  0.0000E+00  0.0000E+00  0.0000E+00  0.0000E+00
     13.684  0.1929E-01  0.3203E-01  0.3203E-01  0.3203E-01  0.0000E+00  0.0000E+00  0.0000E+00  0.0000E+00  0.0000E+00
     13.778  0.1958E-01  0.3263E-01  0.3263E-01  0.3263E-01  0.0000E+00  0.0000E+00  0.0000E+00  0.0000E+00  0.0000E+00
     13.872  0.1819E-01  0.3088E-01  0.3088E-01  0.3088E-01  0.0000E+00  0.0000E+00  0.0000E+00  0.0000E+00  0.0000E+00
     13.966  0.1428E-01  0.2637E-01  0.2637E-01  0.2637E-01  0.0000E+00  0.0000E+00  0.0000E+00  0.0000E+00  0.0000E+00
     14.060  0.1240E-01  0.2459E-01  0.2459E-01  0.2459E-01  0.0000E+00  0.0000E+00  0.0000E+00  0.0000E+00  0.0000E+00
     14.154  0.1119E-01  0.2342E-01  0.2342E-01  0.2342E-01  0.0000E+00  0.0000E+00  0.0000E+00  0.0000E+00  0.0000E+00
     14.249  0.9777E-02  0.2148E-01  0.2148E-01  0.2148E-01  0.0000E+00  0.0000E+00  0.0000E+00  0.0000E+00  0.0000E+00
     14.343  0.9201E-02  0.2075E-01  0.2075E-01  0.2075E-01  0.0000E+00  0.0000E+00  0.0000E+00  0.0000E+00  0.0000E+00
     14.437  0.8683E-02  0.2010E-01  0.2010E-01  0.2010E-01  0.0000E+00  0.0000E+00  0.0000E+00  0.0000E+00  0.0000E+00
     14.531  0.7968E-02  0.1919E-01  0.1919E-01  0.1919E-01  0.0000E+00  0.0000E+00  0.0000E+00  0.0000E+00  0.0000E+00
     14.625  0.7148E-02  0.1837E-01  0.1837E-01  0.1837E-01  0.0000E+00  0.0000E+00  0.0000E+00  0.0000E+00  0.0000E+00
     14.719  0.6921E-02  0.1884E-01  0.1884E-01  0.1884E-01  0.0000E+00  0.0000E+00  0.0000E+00  0.0000E+00  0.0000E+00
     14.814  0.6931E-02  0.2153E-01  0.2153E-01  0.2153E-01  0.0000E+00  0.0000E+00  0.0000E+00  0.0000E+00  0.0000E+00
     14.908  0.5192E-02  0.1739E-01  0.1739E-01  0.1739E-01  0.0000E+00  0.0000E+00  0.0000E+00  0.0000E+00  0.0000E+00
     15.002  0.4532E-02  0.1600E-01  0.1600E-01  0.1600E-01  0.0000E+00  0.0000E+00  0.0000E+00  0.0000E+00  0.0000E+00
     15.096  0.4029E-02  0.1466E-01  0.1466E-01  0.1466E-01  0.0000E+00  0.0000E+00  0.0000E+00  0.0000E+00  0.0000E+00
     15.190  0.3484E-02  0.1140E-01  0.1140E-01  0.1140E-01  0.0000E+00  0.0000E+00  0.0000E+00  0.0000E+00  0.0000E+00
     15.284  0.3130E-02  0.9471E-02  0.9471E-02  0.9471E-02  0.0000E+00  0.0000E+00  0.0000E+00  0.0000E+00  0.0000E+00
     15.378  0.2904E-02  0.9003E-02  0.9003E-02  0.9003E-02  0.0000E+00  0.0000E+00  0.0000E+00  0.0000E+00  0.0000E+00
     15.473  0.2704E-02  0.8601E-02  0.8601E-02  0.8601E-02  0.0000E+00  0.0000E+00  0.0000E+00  0.0000E+00  0.0000E+00
     15.567  0.2401E-02  0.8017E-02  0.8017E-02  0.8017E-02  0.0000E+00  0.0000E+00  0.0000E+00  0.0000E+00  0.0000E+00
     15.661  0.2229E-02  0.8056E-02  0.8056E-02  0.8056E-02  0.0000E+00  0.0000E+00  0.0000E+00  0.0000E+00  0.0000E+00
     15.755  0.1965E-02  0.7750E-02  0.7750E-02  0.7750E-02  0.0000E+00  0.0000E+00  0.0000E+00  0.0000E+00  0.0000E+00
     15.849  0.1603E-02  0.6628E-02  0.6628E-02  0.6628E-02  0.0000E+00  0.0000E+00  0.0000E+00  0.0000E+00  0.0000E+00
     15.943  0.1386E-02  0.5952E-02  0.5952E-02  0.5952E-02  0.0000E+00  0.0000E+00  0.0000E+00  0.0000E+00  0.0000E+00
     16.038  0.1242E-02  0.5530E-02  0.5530E-02  0.5530E-02  0.0000E+00  0.0000E+00  0.0000E+00  0.0000E+00  0.0000E+00
     16.132  0.1130E-02  0.5243E-02  0.5243E-02  0.5243E-02  0.0000E+00  0.0000E+00  0.0000E+00  0.0000E+00  0.0000E+00
     16.226  0.1056E-02  0.5076E-02  0.5076E-02  0.5076E-02  0.0000E+00  0.0000E+00  0.0000E+00  0.0000E+00  0.0000E+00
     16.320  0.9437E-03  0.4821E-02  0.4821E-02  0.4821E-02  0.0000E+00  0.0000E+00  0.0000E+00  0.0000E+00  0.0000E+00
     16.414  0.7791E-03  0.4362E-02  0.4362E-02  0.4362E-02  0.0000E+00  0.0000E+00  0.0000E+00  0.0000E+00  0.0000E+00
     16.508  0.6225E-03  0.4020E-02  0.4020E-02  0.4020E-02  0.0000E+00  0.0000E+00  0.0000E+00  0.0000E+00  0.0000E+00
     16.602  0.4282E-03  0.3427E-02  0.3427E-02  0.3427E-02  0.0000E+00  0.0000E+00  0.0000E+00  0.0000E+00  0.0000E+00
     16.697  0.3641E-03  0.2976E-02  0.2976E-02  0.2976E-02  0.0000E+00  0.0000E+00  0.0000E+00  0.0000E+00  0.0000E+00
     16.791  0.3059E-03  0.2588E-02  0.2588E-02  0.2588E-02  0.0000E+00  0.0000E+00  0.0000E+00  0.0000E+00  0.0000E+00
     16.885  0.2534E-03  0.2261E-02  0.2261E-02  0.2261E-02  0.0000E+00  0.0000E+00  0.0000E+00  0.0000E+00  0.0000E+00
     16.979  0.2146E-03  0.2098E-02  0.2098E-02  0.2098E-02  0.0000E+00  0.0000E+00  0.0000E+00  0.0000E+00  0.0000E+00
     17.073  0.1813E-03  0.2063E-02  0.2063E-02  0.2063E-02  0.0000E+00  0.0000E+00  0.0000E+00  0.0000E+00  0.0000E+00
     17.167  0.1534E-03  0.2128E-02  0.2128E-02  0.2128E-02  0.0000E+00  0.0000E+00  0.0000E+00  0.0000E+00  0.0000E+00
     17.262  0.1810E-03  0.2481E-02  0.2481E-02  0.2481E-02  0.0000E+00  0.0000E+00  0.0000E+00  0.0000E+00  0.0000E+00
     17.356  0.1656E-04  0.5139E-03  0.5139E-03  0.5139E-03  0.0000E+00  0.0000E+00  0.0000E+00  0.0000E+00  0.0000E+00
     17.450  0.6729E-05  0.2088E-03  0.2088E-03  0.2088E-03  0.0000E+00  0.0000E+00  0.0000E+00  0.0000E+00  0.0000E+00
     17.544  0.1251E-05  0.3882E-04  0.3882E-04  0.3882E-04  0.0000E+00  0.0000E+00  0.0000E+00  0.0000E+00  0.0000E+00
     17.638  0.0000E+00  0.0000E+00  0.0000E+00  0.0000E+00  0.0000E+00  0.0000E+00  0.0000E+00  0.0000E+00  0.0000E+00
     17.732  0.0000E+00  0.0000E+00  0.0000E+00  0.0000E+00  0.0000E+00  0.0000E+00  0.0000E+00  0.0000E+00  0.0000E+00
     17.826  0.0000E+00  0.0000E+00  0.0000E+00  0.0000E+00  0.0000E+00  0.0000E+00  0.0000E+00  0.0000E+00  0.0000E+00
     17.921  0.0000E+00  0.0000E+00  0.0000E+00  0.0000E+00  0.0000E+00  0.0000E+00  0.0000E+00  0.0000E+00  0.0000E+00
     18.015  0.0000E+00  0.0000E+00  0.0000E+00  0.0000E+00  0.0000E+00  0.0000E+00  0.0000E+00  0.0000E+00  0.0000E+00
     18.109  0.0000E+00  0.0000E+00  0.0000E+00  0.0000E+00  0.0000E+00  0.0000E+00  0.0000E+00  0.0000E+00  0.0000E+00
     18.203  0.0000E+00  0.0000E+00  0.0000E+00  0.0000E+00  0.0000E+00  0.0000E+00  0.0000E+00  0.0000E+00  0.0000E+00
     18.297  0.0000E+00  0.0000E+00  0.0000E+00  0.0000E+00  0.0000E+00  0.0000E+00  0.0000E+00  0.0000E+00  0.0000E+00
     18.391  0.0000E+00  0.0000E+00  0.0000E+00  0.0000E+00  0.0000E+00  0.0000E+00  0.0000E+00  0.0000E+00  0.0000E+00
     18.486  0.0000E+00  0.0000E+00  0.0000E+00  0.0000E+00  0.0000E+00  0.0000E+00  0.0000E+00  0.0000E+00  0.0000E+00
     18.580  0.0000E+00  0.0000E+00  0.0000E+00  0.0000E+00  0.0000E+00  0.0000E+00  0.0000E+00  0.0000E+00  0.0000E+00
     18.674  0.0000E+00  0.0000E+00  0.0000E+00  0.0000E+00  0.0000E+00  0.0000E+00  0.0000E+00  0.0000E+00  0.0000E+00
     18.768  0.0000E+00  0.0000E+00  0.0000E+00  0.0000E+00  0.0000E+00  0.0000E+00  0.0000E+00  0.0000E+00  0.0000E+00
     18.862  0.0000E+00  0.0000E+00  0.0000E+00  0.0000E+00  0.0000E+00  0.0000E+00  0.0000E+00  0.0000E+00  0.0000E+00
     18.956  0.0000E+00  0.0000E+00  0.0000E+00  0.0000E+00  0.0000E+00  0.0000E+00  0.0000E+00  0.0000E+00  0.0000E+00
     19.050  0.0000E+00  0.0000E+00  0.0000E+00  0.0000E+00  0.0000E+00  0.0000E+00  0.0000E+00  0.0000E+00  0.0000E+00
     19.145  0.0000E+00  0.0000E+00  0.0000E+00  0.0000E+00  0.0000E+00  0.0000E+00  0.0000E+00  0.0000E+00  0.0000E+00
     19.239  0.0000E+00  0.0000E+00  0.0000E+00  0.0000E+00  0.0000E+00  0.0000E+00  0.0000E+00  0.0000E+00  0.0000E+00
     19.333  0.0000E+00  0.0000E+00  0.0000E+00  0.0000E+00  0.0000E+00  0.0000E+00  0.0000E+00  0.0000E+00  0.0000E+00
     19.427  0.0000E+00  0.0000E+00  0.0000E+00  0.0000E+00  0.0000E+00  0.0000E+00  0.0000E+00  0.0000E+00  0.0000E+00
     19.521  0.0000E+00  0.0000E+00  0.0000E+00  0.0000E+00  0.0000E+00  0.0000E+00  0.0000E+00  0.0000E+00  0.0000E+00
     19.615  0.0000E+00  0.0000E+00  0.0000E+00  0.0000E+00  0.0000E+00  0.0000E+00  0.0000E+00  0.0000E+00  0.0000E+00
