   2   2   1   0
  0.2034788E+02  0.3860896E-09  0.3860896E-09  0.3860896E-09  0.5000000E-15
  1.000000000000000E-004
  CAR 
 Si                                      
     18.22110083     -8.83806000  301      5.57362057      1.00000000
     -8.838  0.0000E+00  0.0000E+00
     -8.748  0.0000E+00  0.0000E+00
     -8.658  0.0000E+00  0.0000E+00
     -8.567  0.0000E+00  0.0000E+00
     -8.477  0.0000E+00  0.0000E+00
     -8.387  0.0000E+00  0.0000E+00
     -8.297  0.0000E+00  0.0000E+00
     -8.207  0.0000E+00  0.0000E+00
     -8.116  0.0000E+00  0.0000E+00
     -8.026  0.0000E+00  0.0000E+00
     -7.936  0.0000E+00  0.0000E+00
     -7.846  0.0000E+00  0.0000E+00
     -7.756  0.0000E+00  0.0000E+00
     -7.665  0.0000E+00  0.0000E+00
     -7.575  0.0000E+00  0.0000E+00
     -7.485  0.0000E+00  0.0000E+00
     -7.395  0.0000E+00  0.0000E+00
     -7.305  0.0000E+00  0.0000E+00
     -7.215  0.0000E+00  0.0000E+00
     -7.124  0.0000E+00  0.0000E+00
     -7.034  0.0000E+00  0.0000E+00
     -6.944  0.0000E+00  0.0000E+00
     -6.854  0.0000E+00  0.0000E+00
     -6.764  0.9770E-01  0.3807E-02
     -6.673  0.1350E+00  0.1359E-01
     -6.583  0.1637E+00  0.2687E-01
     -6.493  0.1923E+00  0.4287E-01
     -6.403  0.2163E+00  0.6136E-01
     -6.313  0.2416E+00  0.8199E-01
     -6.222  0.2611E+00  0.1046E+00
     -6.132  0.2835E+00  0.1292E+00
     -6.042  0.3015E+00  0.1556E+00
     -5.952  0.3214E+00  0.1836E+00
     -5.862  0.3395E+00  0.2135E+00
     -5.771  0.3576E+00  0.2449E+00
     -5.681  0.3768E+00  0.2780E+00
     -5.591  0.3940E+00  0.3128E+00
     -5.501  0.4125E+00  0.3491E+00
     -5.411  0.4314E+00  0.3872E+00
     -5.320  0.4498E+00  0.4269E+00
     -5.230  0.4695E+00  0.4684E+00
     -5.140  0.4902E+00  0.5117E+00
     -5.050  0.5113E+00  0.5568E+00
     -4.960  0.5346E+00  0.6040E+00
     -4.869  0.5603E+00  0.6533E+00
     -4.779  0.5887E+00  0.7051E+00
     -4.689  0.6223E+00  0.7597E+00
     -4.599  0.6650E+00  0.8176E+00
     -4.509  0.7262E+00  0.8801E+00
     -4.418  0.8542E+00  0.9512E+00
     -4.328  0.8717E+00  0.1029E+01
     -4.238  0.8215E+00  0.1104E+01
     -4.148  0.7873E+00  0.1176E+01
     -4.058  0.7565E+00  0.1246E+01
     -3.967  0.7329E+00  0.1313E+01
     -3.877  0.7006E+00  0.1378E+01
     -3.787  0.6750E+00  0.1440E+01
     -3.697  0.6426E+00  0.1499E+01
     -3.607  0.6178E+00  0.1556E+01
     -3.516  0.5854E+00  0.1610E+01
     -3.426  0.5568E+00  0.1662E+01
     -3.336  0.5283E+00  0.1711E+01
     -3.246  0.4940E+00  0.1757E+01
     -3.156  0.4641E+00  0.1800E+01
     -3.065  0.4302E+00  0.1840E+01
     -2.975  0.3961E+00  0.1877E+01
     -2.885  0.3604E+00  0.1912E+01
     -2.795  0.3290E+00  0.1942E+01
     -2.705  0.2769E+00  0.1971E+01
     -2.614  0.1641E+00  0.1990E+01
     -2.524  0.1030E-01  0.2000E+01
     -2.434  0.1695E-01  0.2001E+01
     -2.344  0.6809E-01  0.2004E+01
     -2.254  0.1549E+00  0.2014E+01
     -2.163  0.2680E+00  0.2034E+01
     -2.073  0.2933E+00  0.2058E+01
     -1.983  0.3357E+00  0.2086E+01
     -1.893  0.3884E+00  0.2119E+01
     -1.803  0.4351E+00  0.2156E+01
     -1.712  0.5017E+00  0.2198E+01
     -1.622  0.5699E+00  0.2246E+01
     -1.532  0.1016E+01  0.2316E+01
     -1.442  0.1883E+01  0.2432E+01
     -1.352  0.1323E+01  0.2582E+01
     -1.261  0.9647E+00  0.2679E+01
     -1.171  0.8392E+00  0.2760E+01
     -1.081  0.7508E+00  0.2831E+01
     -0.991  0.6811E+00  0.2896E+01
     -0.901  0.6308E+00  0.2955E+01
     -0.811  0.5886E+00  0.3010E+01
     -0.720  0.5491E+00  0.3061E+01
     -0.630  0.5134E+00  0.3109E+01
     -0.540  0.4873E+00  0.3154E+01
     -0.450  0.4615E+00  0.3197E+01
     -0.360  0.4358E+00  0.3237E+01
     -0.269  0.4113E+00  0.3275E+01
     -0.179  0.3936E+00  0.3312E+01
     -0.089  0.3753E+00  0.3346E+01
      0.001  0.3560E+00  0.3379E+01
      0.091  0.3365E+00  0.3411E+01
      0.182  0.3233E+00  0.3440E+01
      0.272  0.3101E+00  0.3469E+01
      0.362  0.2957E+00  0.3496E+01
      0.452  0.2798E+00  0.3522E+01
      0.542  0.2673E+00  0.3547E+01
      0.633  0.2574E+00  0.3570E+01
      0.723  0.2466E+00  0.3593E+01
      0.813  0.2353E+00  0.3615E+01
      0.903  0.2223E+00  0.3636E+01
      0.993  0.2129E+00  0.3655E+01
      1.084  0.3797E+00  0.3677E+01
      1.174  0.6571E+00  0.3726E+01
      1.264  0.8864E+00  0.3795E+01
      1.354  0.1276E+01  0.3891E+01
      1.444  0.1176E+01  0.4001E+01
      1.535  0.1105E+01  0.4105E+01
      1.625  0.1023E+01  0.4200E+01
      1.715  0.9878E+00  0.4291E+01
      1.805  0.1010E+01  0.4381E+01
      1.895  0.9905E+00  0.4470E+01
      1.986  0.1010E+01  0.4561E+01
      2.076  0.1049E+01  0.4654E+01
      2.166  0.1054E+01  0.4749E+01
      2.256  0.1089E+01  0.4845E+01
      2.346  0.1145E+01  0.4946E+01
      2.437  0.1210E+01  0.5052E+01
      2.527  0.1287E+01  0.5163E+01
      2.617  0.1553E+01  0.5290E+01
      2.707  0.1490E+01  0.5425E+01
      2.797  0.1462E+01  0.5559E+01
      2.888  0.1435E+01  0.5689E+01
      2.978  0.1413E+01  0.5817E+01
      3.068  0.1390E+01  0.5944E+01
      3.158  0.1365E+01  0.6068E+01
      3.248  0.1341E+01  0.6190E+01
      3.339  0.1320E+01  0.6310E+01
      3.429  0.1300E+01  0.6428E+01
      3.519  0.1272E+01  0.6544E+01
      3.609  0.1246E+01  0.6658E+01
      3.699  0.1234E+01  0.6769E+01
      3.790  0.1214E+01  0.6880E+01
      3.880  0.1195E+01  0.6988E+01
      3.970  0.1171E+01  0.7095E+01
      4.060  0.1159E+01  0.7200E+01
      4.150  0.1141E+01  0.7304E+01
      4.241  0.1124E+01  0.7407E+01
      4.331  0.9758E+00  0.7504E+01
      4.421  0.7836E+00  0.7581E+01
      4.511  0.6789E+00  0.7647E+01
      4.601  0.5942E+00  0.7704E+01
      4.692  0.5277E+00  0.7755E+01
      4.782  0.4689E+00  0.7800E+01
      4.872  0.4155E+00  0.7840E+01
      4.962  0.3630E+00  0.7875E+01
      5.052  0.3172E+00  0.7905E+01
      5.143  0.2734E+00  0.7932E+01
      5.233  0.2291E+00  0.7955E+01
      5.323  0.1842E+00  0.7973E+01
      5.413  0.1376E+00  0.7988E+01
      5.503  0.6696E-01  0.7998E+01
      5.593  0.0000E+00  0.8000E+01
      5.684  0.0000E+00  0.8000E+01
      5.774  0.0000E+00  0.8000E+01
      5.864  0.0000E+00  0.8000E+01
      5.954  0.0000E+00  0.8000E+01
      6.044  0.0000E+00  0.8000E+01
      6.135  0.0000E+00  0.8000E+01
      6.225  0.0000E+00  0.8000E+01
      6.315  0.0000E+00  0.8000E+01
      6.405  0.1883E-01  0.8000E+01
      6.495  0.1259E+00  0.8007E+01
      6.586  0.1978E+00  0.8022E+01
      6.676  0.2836E+00  0.8043E+01
      6.766  0.3315E+00  0.8071E+01
      6.856  0.3813E+00  0.8103E+01
      6.946  0.4310E+00  0.8140E+01
      7.037  0.4843E+00  0.8181E+01
      7.127  0.5339E+00  0.8227E+01
      7.217  0.5722E+00  0.8277E+01
      7.307  0.6133E+00  0.8330E+01
      7.397  0.6587E+00  0.8388E+01
      7.488  0.7479E+00  0.8451E+01
      7.578  0.8469E+00  0.8523E+01
      7.668  0.9323E+00  0.8603E+01
      7.758  0.1030E+01  0.8692E+01
      7.848  0.1127E+01  0.8789E+01
      7.939  0.1277E+01  0.8897E+01
      8.029  0.1495E+01  0.9021E+01
      8.119  0.1695E+01  0.9168E+01
      8.209  0.1598E+01  0.9315E+01
      8.299  0.1584E+01  0.9460E+01
      8.390  0.1474E+01  0.9600E+01
      8.480  0.1287E+01  0.9725E+01
      8.570  0.1180E+01  0.9835E+01
      8.660  0.1141E+01  0.9939E+01
      8.750  0.1194E+01  0.1005E+02
      8.841  0.1064E+01  0.1015E+02
      8.931  0.9501E+00  0.1024E+02
      9.021  0.1021E+01  0.1033E+02
      9.111  0.2253E+01  0.1045E+02
      9.201  0.2305E+01  0.1066E+02
      9.292  0.1906E+01  0.1084E+02
      9.382  0.1628E+01  0.1100E+02
      9.472  0.1608E+01  0.1114E+02
      9.562  0.1633E+01  0.1129E+02
      9.652  0.1730E+01  0.1144E+02
      9.743  0.1747E+01  0.1160E+02
      9.833  0.1293E+01  0.1173E+02
      9.923  0.1202E+01  0.1185E+02
     10.013  0.1122E+01  0.1195E+02
     10.103  0.1095E+01  0.1205E+02
     10.194  0.1080E+01  0.1214E+02
     10.284  0.1115E+01  0.1224E+02
     10.374  0.1214E+01  0.1235E+02
     10.464  0.1335E+01  0.1246E+02
     10.554  0.1217E+01  0.1258E+02
     10.645  0.1157E+01  0.1269E+02
     10.735  0.1173E+01  0.1279E+02
     10.825  0.1214E+01  0.1290E+02
     10.915  0.1154E+01  0.1301E+02
     11.005  0.1126E+01  0.1311E+02
     11.096  0.1155E+01  0.1321E+02
     11.186  0.1150E+01  0.1332E+02
     11.276  0.1094E+01  0.1342E+02
     11.366  0.1123E+01  0.1352E+02
     11.456  0.1127E+01  0.1362E+02
     11.547  0.1110E+01  0.1372E+02
     11.637  0.1057E+01  0.1382E+02
     11.727  0.1062E+01  0.1392E+02
     11.817  0.1028E+01  0.1401E+02
     11.907  0.1016E+01  0.1410E+02
     11.997  0.9934E+00  0.1419E+02
     12.088  0.9523E+00  0.1428E+02
     12.178  0.9462E+00  0.1437E+02
     12.268  0.9124E+00  0.1445E+02
     12.358  0.8556E+00  0.1453E+02
     12.448  0.8632E+00  0.1461E+02
     12.539  0.8384E+00  0.1468E+02
     12.629  0.9385E+00  0.1476E+02
     12.719  0.1028E+01  0.1485E+02
     12.809  0.9059E+00  0.1493E+02
     12.899  0.8492E+00  0.1501E+02
     12.990  0.7638E+00  0.1509E+02
     13.080  0.7042E+00  0.1515E+02
     13.170  0.6747E+00  0.1522E+02
     13.260  0.6205E+00  0.1527E+02
     13.350  0.5905E+00  0.1533E+02
     13.441  0.5697E+00  0.1538E+02
     13.531  0.5512E+00  0.1543E+02
     13.621  0.5177E+00  0.1548E+02
     13.711  0.4936E+00  0.1552E+02
     13.801  0.4854E+00  0.1557E+02
     13.892  0.5014E+00  0.1561E+02
     13.982  0.6661E+00  0.1567E+02
     14.072  0.4981E+00  0.1572E+02
     14.162  0.3952E+00  0.1576E+02
     14.252  0.2863E+00  0.1579E+02
     14.343  0.2192E+00  0.1581E+02
     14.433  0.2004E+00  0.1583E+02
     14.523  0.1908E+00  0.1585E+02
     14.613  0.1820E+00  0.1586E+02
     14.703  0.1704E+00  0.1588E+02
     14.794  0.1593E+00  0.1589E+02
     14.884  0.1472E+00  0.1591E+02
     14.974  0.1369E+00  0.1592E+02
     15.064  0.1183E+00  0.1593E+02
     15.154  0.1033E+00  0.1594E+02
     15.245  0.9219E-01  0.1595E+02
     15.335  0.8385E-01  0.1596E+02
     15.425  0.7957E-01  0.1597E+02
     15.515  0.7562E-01  0.1597E+02
     15.605  0.6816E-01  0.1598E+02
     15.696  0.6138E-01  0.1599E+02
     15.786  0.4129E-01  0.1599E+02
     15.876  0.3159E-01  0.1599E+02
     15.966  0.2354E-01  0.1600E+02
     16.056  0.1723E-01  0.1600E+02
     16.147  0.1650E-01  0.1600E+02
     16.237  0.0000E+00  0.1600E+02
     16.327  0.0000E+00  0.1600E+02
     16.417  0.0000E+00  0.1600E+02
     16.507  0.0000E+00  0.1600E+02
     16.598  0.0000E+00  0.1600E+02
     16.688  0.0000E+00  0.1600E+02
     16.778  0.0000E+00  0.1600E+02
     16.868  0.0000E+00  0.1600E+02
     16.958  0.0000E+00  0.1600E+02
     17.049  0.0000E+00  0.1600E+02
     17.139  0.0000E+00  0.1600E+02
     17.229  0.0000E+00  0.1600E+02
     17.319  0.0000E+00  0.1600E+02
     17.409  0.0000E+00  0.1600E+02
     17.500  0.0000E+00  0.1600E+02
     17.590  0.0000E+00  0.1600E+02
     17.680  0.0000E+00  0.1600E+02
     17.770  0.0000E+00  0.1600E+02
     17.860  0.0000E+00  0.1600E+02
     17.951  0.0000E+00  0.1600E+02
     18.041  0.0000E+00  0.1600E+02
     18.131  0.0000E+00  0.1600E+02
     18.221  0.0000E+00  0.1600E+02
     18.22110083     -8.83806000  301      5.57362057      1.00000000
     -8.838  0.0000E+00  0.0000E+00  0.0000E+00  0.0000E+00  0.0000E+00  0.0000E+00  0.0000E+00  0.0000E+00  0.0000E+00
     -8.748  0.0000E+00  0.0000E+00  0.0000E+00  0.0000E+00  0.0000E+00  0.0000E+00  0.0000E+00  0.0000E+00  0.0000E+00
     -8.658  0.0000E+00  0.0000E+00  0.0000E+00  0.0000E+00  0.0000E+00  0.0000E+00  0.0000E+00  0.0000E+00  0.0000E+00
     -8.567  0.0000E+00  0.0000E+00  0.0000E+00  0.0000E+00  0.0000E+00  0.0000E+00  0.0000E+00  0.0000E+00  0.0000E+00
     -8.477  0.0000E+00  0.0000E+00  0.0000E+00  0.0000E+00  0.0000E+00  0.0000E+00  0.0000E+00  0.0000E+00  0.0000E+00
     -8.387  0.0000E+00  0.0000E+00  0.0000E+00  0.0000E+00  0.0000E+00  0.0000E+00  0.0000E+00  0.0000E+00  0.0000E+00
     -8.297  0.0000E+00  0.0000E+00  0.0000E+00  0.0000E+00  0.0000E+00  0.0000E+00  0.0000E+00  0.0000E+00  0.0000E+00
     -8.207  0.0000E+00  0.0000E+00  0.0000E+00  0.0000E+00  0.0000E+00  0.0000E+00  0.0000E+00  0.0000E+00  0.0000E+00
     -8.116  0.0000E+00  0.0000E+00  0.0000E+00  0.0000E+00  0.0000E+00  0.0000E+00  0.0000E+00  0.0000E+00  0.0000E+00
     -8.026  0.0000E+00  0.0000E+00  0.0000E+00  0.0000E+00  0.0000E+00  0.0000E+00  0.0000E+00  0.0000E+00  0.0000E+00
     -7.936  0.0000E+00  0.0000E+00  0.0000E+00  0.0000E+00  0.0000E+00  0.0000E+00  0.0000E+00  0.0000E+00  0.0000E+00
     -7.846  0.0000E+00  0.0000E+00  0.0000E+00  0.0000E+00  0.0000E+00  0.0000E+00  0.0000E+00  0.0000E+00  0.0000E+00
     -7.756  0.0000E+00  0.0000E+00  0.0000E+00  0.0000E+00  0.0000E+00  0.0000E+00  0.0000E+00  0.0000E+00  0.0000E+00
     -7.665  0.0000E+00  0.0000E+00  0.0000E+00  0.0000E+00  0.0000E+00  0.0000E+00  0.0000E+00  0.0000E+00  0.0000E+00
     -7.575  0.0000E+00  0.0000E+00  0.0000E+00  0.0000E+00  0.0000E+00  0.0000E+00  0.0000E+00  0.0000E+00  0.0000E+00
     -7.485  0.0000E+00  0.0000E+00  0.0000E+00  0.0000E+00  0.0000E+00  0.0000E+00  0.0000E+00  0.0000E+00  0.0000E+00
     -7.395  0.0000E+00  0.0000E+00  0.0000E+00  0.0000E+00  0.0000E+00  0.0000E+00  0.0000E+00  0.0000E+00  0.0000E+00
     -7.305  0.0000E+00  0.0000E+00  0.0000E+00  0.0000E+00  0.0000E+00  0.0000E+00  0.0000E+00  0.0000E+00  0.0000E+00
     -7.215  0.0000E+00  0.0000E+00  0.0000E+00  0.0000E+00  0.0000E+00  0.0000E+00  0.0000E+00  0.0000E+00  0.0000E+00
     -7.124  0.0000E+00  0.0000E+00  0.0000E+00  0.0000E+00  0.0000E+00  0.0000E+00  0.0000E+00  0.0000E+00  0.0000E+00
     -7.034  0.0000E+00  0.0000E+00  0.0000E+00  0.0000E+00  0.0000E+00  0.0000E+00  0.0000E+00  0.0000E+00  0.0000E+00
     -6.944  0.0000E+00  0.0000E+00  0.0000E+00  0.0000E+00  0.0000E+00  0.0000E+00  0.0000E+00  0.0000E+00  0.0000E+00
     -6.854  0.0000E+00  0.0000E+00  0.0000E+00  0.0000E+00  0.0000E+00  0.0000E+00  0.0000E+00  0.0000E+00  0.0000E+00
     -6.764  0.2087E-01  0.2436E-04  0.2436E-04  0.2436E-04  0.0000E+00  0.0000E+00  0.0000E+00  0.0000E+00  0.0000E+00
     -6.673  0.2877E-01  0.7977E-04  0.7977E-04  0.7977E-04  0.0000E+00  0.0000E+00  0.0000E+00  0.0000E+00  0.0000E+00
     -6.583  0.3482E-01  0.1487E-03  0.1487E-03  0.1487E-03  0.0000E+00  0.0000E+00  0.0000E+00  0.0000E+00  0.0000E+00
     -6.493  0.4081E-01  0.2335E-03  0.2335E-03  0.2335E-03  0.0000E+00  0.0000E+00  0.0000E+00  0.0000E+00  0.0000E+00
     -6.403  0.4581E-01  0.3333E-03  0.3333E-03  0.3333E-03  0.0000E+00  0.0000E+00  0.0000E+00  0.0000E+00  0.0000E+00
     -6.313  0.5109E-01  0.4379E-03  0.4379E-03  0.4379E-03  0.0000E+00  0.0000E+00  0.0000E+00  0.0000E+00  0.0000E+00
     -6.222  0.5511E-01  0.5608E-03  0.5608E-03  0.5608E-03  0.0000E+00  0.0000E+00  0.0000E+00  0.0000E+00  0.0000E+00
     -6.132  0.5976E-01  0.6837E-03  0.6837E-03  0.6837E-03  0.0000E+00  0.0000E+00  0.0000E+00  0.0000E+00  0.0000E+00
     -6.042  0.6345E-01  0.8252E-03  0.8252E-03  0.8252E-03  0.0000E+00  0.0000E+00  0.0000E+00  0.0000E+00  0.0000E+00
     -5.952  0.6754E-01  0.9671E-03  0.9671E-03  0.9671E-03  0.0000E+00  0.0000E+00  0.0000E+00  0.0000E+00  0.0000E+00
     -5.862  0.7125E-01  0.1123E-02  0.1123E-02  0.1123E-02  0.0000E+00  0.0000E+00  0.0000E+00  0.0000E+00  0.0000E+00
     -5.771  0.7497E-01  0.1284E-02  0.1284E-02  0.1284E-02  0.0000E+00  0.0000E+00  0.0000E+00  0.0000E+00  0.0000E+00
     -5.681  0.7892E-01  0.1448E-02  0.1448E-02  0.1448E-02  0.0000E+00  0.0000E+00  0.0000E+00  0.0000E+00  0.0000E+00
     -5.591  0.8243E-01  0.1631E-02  0.1631E-02  0.1631E-02  0.0000E+00  0.0000E+00  0.0000E+00  0.0000E+00  0.0000E+00
     -5.501  0.8625E-01  0.1815E-02  0.1815E-02  0.1815E-02  0.0000E+00  0.0000E+00  0.0000E+00  0.0000E+00  0.0000E+00
     -5.411  0.9016E-01  0.2005E-02  0.2005E-02  0.2005E-02  0.0000E+00  0.0000E+00  0.0000E+00  0.0000E+00  0.0000E+00
     -5.320  0.9395E-01  0.2213E-02  0.2213E-02  0.2213E-02  0.0000E+00  0.0000E+00  0.0000E+00  0.0000E+00  0.0000E+00
     -5.230  0.9807E-01  0.2422E-02  0.2422E-02  0.2422E-02  0.0000E+00  0.0000E+00  0.0000E+00  0.0000E+00  0.0000E+00
     -5.140  0.1024E+00  0.2639E-02  0.2639E-02  0.2639E-02  0.0000E+00  0.0000E+00  0.0000E+00  0.0000E+00  0.0000E+00
     -5.050  0.1069E+00  0.2880E-02  0.2880E-02  0.2880E-02  0.0000E+00  0.0000E+00  0.0000E+00  0.0000E+00  0.0000E+00
     -4.960  0.1118E+00  0.3126E-02  0.3126E-02  0.3126E-02  0.0000E+00  0.0000E+00  0.0000E+00  0.0000E+00  0.0000E+00
     -4.869  0.1173E+00  0.3381E-02  0.3381E-02  0.3381E-02  0.0000E+00  0.0000E+00  0.0000E+00  0.0000E+00  0.0000E+00
     -4.779  0.1234E+00  0.3676E-02  0.3676E-02  0.3676E-02  0.0000E+00  0.0000E+00  0.0000E+00  0.0000E+00  0.0000E+00
     -4.689  0.1308E+00  0.3995E-02  0.3995E-02  0.3995E-02  0.0000E+00  0.0000E+00  0.0000E+00  0.0000E+00  0.0000E+00
     -4.599  0.1401E+00  0.4354E-02  0.4354E-02  0.4354E-02  0.0000E+00  0.0000E+00  0.0000E+00  0.0000E+00  0.0000E+00
     -4.509  0.1537E+00  0.4824E-02  0.4824E-02  0.4824E-02  0.0000E+00  0.0000E+00  0.0000E+00  0.0000E+00  0.0000E+00
     -4.418  0.1823E+00  0.5639E-02  0.5639E-02  0.5639E-02  0.0000E+00  0.0000E+00  0.0000E+00  0.0000E+00  0.0000E+00
     -4.328  0.1861E+00  0.5943E-02  0.5943E-02  0.5943E-02  0.0000E+00  0.0000E+00  0.0000E+00  0.0000E+00  0.0000E+00
     -4.238  0.1749E+00  0.5903E-02  0.5903E-02  0.5903E-02  0.0000E+00  0.0000E+00  0.0000E+00  0.0000E+00  0.0000E+00
     -4.148  0.1673E+00  0.5943E-02  0.5943E-02  0.5943E-02  0.0000E+00  0.0000E+00  0.0000E+00  0.0000E+00  0.0000E+00
     -4.058  0.1604E+00  0.5952E-02  0.5952E-02  0.5952E-02  0.0000E+00  0.0000E+00  0.0000E+00  0.0000E+00  0.0000E+00
     -3.967  0.1551E+00  0.5990E-02  0.5990E-02  0.5990E-02  0.0000E+00  0.0000E+00  0.0000E+00  0.0000E+00  0.0000E+00
     -3.877  0.1480E+00  0.5984E-02  0.5984E-02  0.5984E-02  0.0000E+00  0.0000E+00  0.0000E+00  0.0000E+00  0.0000E+00
     -3.787  0.1423E+00  0.5972E-02  0.5972E-02  0.5972E-02  0.0000E+00  0.0000E+00  0.0000E+00  0.0000E+00  0.0000E+00
     -3.697  0.1352E+00  0.5909E-02  0.5909E-02  0.5909E-02  0.0000E+00  0.0000E+00  0.0000E+00  0.0000E+00  0.0000E+00
     -3.607  0.1297E+00  0.5883E-02  0.5883E-02  0.5883E-02  0.0000E+00  0.0000E+00  0.0000E+00  0.0000E+00  0.0000E+00
     -3.516  0.1226E+00  0.5782E-02  0.5782E-02  0.5782E-02  0.0000E+00  0.0000E+00  0.0000E+00  0.0000E+00  0.0000E+00
     -3.426  0.1164E+00  0.5682E-02  0.5682E-02  0.5682E-02  0.0000E+00  0.0000E+00  0.0000E+00  0.0000E+00  0.0000E+00
     -3.336  0.1102E+00  0.5570E-02  0.5570E-02  0.5570E-02  0.0000E+00  0.0000E+00  0.0000E+00  0.0000E+00  0.0000E+00
     -3.246  0.1027E+00  0.5398E-02  0.5398E-02  0.5398E-02  0.0000E+00  0.0000E+00  0.0000E+00  0.0000E+00  0.0000E+00
     -3.156  0.9627E-01  0.5225E-02  0.5225E-02  0.5225E-02  0.0000E+00  0.0000E+00  0.0000E+00  0.0000E+00  0.0000E+00
     -3.065  0.8895E-01  0.5007E-02  0.5007E-02  0.5007E-02  0.0000E+00  0.0000E+00  0.0000E+00  0.0000E+00  0.0000E+00
     -2.975  0.8158E-01  0.4771E-02  0.4771E-02  0.4771E-02  0.0000E+00  0.0000E+00  0.0000E+00  0.0000E+00  0.0000E+00
     -2.885  0.7388E-01  0.4480E-02  0.4480E-02  0.4480E-02  0.0000E+00  0.0000E+00  0.0000E+00  0.0000E+00  0.0000E+00
     -2.795  0.6698E-01  0.4251E-02  0.4251E-02  0.4251E-02  0.0000E+00  0.0000E+00  0.0000E+00  0.0000E+00  0.0000E+00
     -2.705  0.5591E-01  0.3717E-02  0.3717E-02  0.3717E-02  0.0000E+00  0.0000E+00  0.0000E+00  0.0000E+00  0.0000E+00
     -2.614  0.3311E-01  0.2234E-02  0.2234E-02  0.2234E-02  0.0000E+00  0.0000E+00  0.0000E+00  0.0000E+00  0.0000E+00
     -2.524  0.2118E-02  0.1379E-03  0.1379E-03  0.1379E-03  0.0000E+00  0.0000E+00  0.0000E+00  0.0000E+00  0.0000E+00
     -2.434  0.3250E-02  0.2718E-03  0.2718E-03  0.2718E-03  0.0000E+00  0.0000E+00  0.0000E+00  0.0000E+00  0.0000E+00
     -2.344  0.1309E-01  0.1097E-02  0.1097E-02  0.1097E-02  0.0000E+00  0.0000E+00  0.0000E+00  0.0000E+00  0.0000E+00
     -2.254  0.2989E-01  0.2507E-02  0.2507E-02  0.2507E-02  0.0000E+00  0.0000E+00  0.0000E+00  0.0000E+00  0.0000E+00
     -2.163  0.5199E-01  0.4373E-02  0.4373E-02  0.4373E-02  0.0000E+00  0.0000E+00  0.0000E+00  0.0000E+00  0.0000E+00
     -2.073  0.5649E-01  0.4925E-02  0.4925E-02  0.4925E-02  0.0000E+00  0.0000E+00  0.0000E+00  0.0000E+00  0.0000E+00
     -1.983  0.6428E-01  0.5775E-02  0.5775E-02  0.5775E-02  0.0000E+00  0.0000E+00  0.0000E+00  0.0000E+00  0.0000E+00
     -1.893  0.7366E-01  0.6900E-02  0.6900E-02  0.6900E-02  0.0000E+00  0.0000E+00  0.0000E+00  0.0000E+00  0.0000E+00
     -1.803  0.8180E-01  0.7949E-02  0.7949E-02  0.7949E-02  0.0000E+00  0.0000E+00  0.0000E+00  0.0000E+00  0.0000E+00
     -1.712  0.9290E-01  0.9521E-02  0.9521E-02  0.9521E-02  0.0000E+00  0.0000E+00  0.0000E+00  0.0000E+00  0.0000E+00
     -1.622  0.1038E+00  0.1121E-01  0.1121E-01  0.1121E-01  0.0000E+00  0.0000E+00  0.0000E+00  0.0000E+00  0.0000E+00
     -1.532  0.1563E+00  0.2446E-01  0.2446E-01  0.2446E-01  0.0000E+00  0.0000E+00  0.0000E+00  0.0000E+00  0.0000E+00
     -1.442  0.2708E+00  0.4856E-01  0.4856E-01  0.4856E-01  0.0000E+00  0.0000E+00  0.0000E+00  0.0000E+00  0.0000E+00
     -1.352  0.1944E+00  0.3383E-01  0.3383E-01  0.3383E-01  0.0000E+00  0.0000E+00  0.0000E+00  0.0000E+00  0.0000E+00
     -1.261  0.1439E+00  0.2461E-01  0.2461E-01  0.2461E-01  0.0000E+00  0.0000E+00  0.0000E+00  0.0000E+00  0.0000E+00
     -1.171  0.1258E+00  0.2151E-01  0.2151E-01  0.2151E-01  0.0000E+00  0.0000E+00  0.0000E+00  0.0000E+00  0.0000E+00
     -1.081  0.1126E+00  0.1942E-01  0.1942E-01  0.1942E-01  0.0000E+00  0.0000E+00  0.0000E+00  0.0000E+00  0.0000E+00
     -0.991  0.1019E+00  0.1783E-01  0.1783E-01  0.1783E-01  0.0000E+00  0.0000E+00  0.0000E+00  0.0000E+00  0.0000E+00
     -0.901  0.9425E-01  0.1669E-01  0.1669E-01  0.1669E-01  0.0000E+00  0.0000E+00  0.0000E+00  0.0000E+00  0.0000E+00
     -0.811  0.8768E-01  0.1575E-01  0.1575E-01  0.1575E-01  0.0000E+00  0.0000E+00  0.0000E+00  0.0000E+00  0.0000E+00
     -0.720  0.8143E-01  0.1489E-01  0.1489E-01  0.1489E-01  0.0000E+00  0.0000E+00  0.0000E+00  0.0000E+00  0.0000E+00
     -0.630  0.7573E-01  0.1411E-01  0.1411E-01  0.1411E-01  0.0000E+00  0.0000E+00  0.0000E+00  0.0000E+00  0.0000E+00
     -0.540  0.7159E-01  0.1355E-01  0.1355E-01  0.1355E-01  0.0000E+00  0.0000E+00  0.0000E+00  0.0000E+00  0.0000E+00
     -0.450  0.6744E-01  0.1300E-01  0.1300E-01  0.1300E-01  0.0000E+00  0.0000E+00  0.0000E+00  0.0000E+00  0.0000E+00
     -0.360  0.6326E-01  0.1245E-01  0.1245E-01  0.1245E-01  0.0000E+00  0.0000E+00  0.0000E+00  0.0000E+00  0.0000E+00
     -0.269  0.5930E-01  0.1191E-01  0.1191E-01  0.1191E-01  0.0000E+00  0.0000E+00  0.0000E+00  0.0000E+00  0.0000E+00
     -0.179  0.5643E-01  0.1154E-01  0.1154E-01  0.1154E-01  0.0000E+00  0.0000E+00  0.0000E+00  0.0000E+00  0.0000E+00
     -0.089  0.5346E-01  0.1115E-01  0.1115E-01  0.1115E-01  0.0000E+00  0.0000E+00  0.0000E+00  0.0000E+00  0.0000E+00
      0.001  0.5030E-01  0.1072E-01  0.1072E-01  0.1072E-01  0.0000E+00  0.0000E+00  0.0000E+00  0.0000E+00  0.0000E+00
      0.091  0.4716E-01  0.1028E-01  0.1028E-01  0.1028E-01  0.0000E+00  0.0000E+00  0.0000E+00  0.0000E+00  0.0000E+00
      0.182  0.4502E-01  0.9998E-02  0.9998E-02  0.9998E-02  0.0000E+00  0.0000E+00  0.0000E+00  0.0000E+00  0.0000E+00
      0.272  0.4286E-01  0.9709E-02  0.9709E-02  0.9709E-02  0.0000E+00  0.0000E+00  0.0000E+00  0.0000E+00  0.0000E+00
      0.362  0.4052E-01  0.9383E-02  0.9383E-02  0.9383E-02  0.0000E+00  0.0000E+00  0.0000E+00  0.0000E+00  0.0000E+00
      0.452  0.3797E-01  0.9007E-02  0.9007E-02  0.9007E-02  0.0000E+00  0.0000E+00  0.0000E+00  0.0000E+00  0.0000E+00
      0.542  0.3597E-01  0.8714E-02  0.8714E-02  0.8714E-02  0.0000E+00  0.0000E+00  0.0000E+00  0.0000E+00  0.0000E+00
      0.633  0.3437E-01  0.8490E-02  0.8490E-02  0.8490E-02  0.0000E+00  0.0000E+00  0.0000E+00  0.0000E+00  0.0000E+00
      0.723  0.3264E-01  0.8238E-02  0.8238E-02  0.8238E-02  0.0000E+00  0.0000E+00  0.0000E+00  0.0000E+00  0.0000E+00
      0.813  0.3084E-01  0.7964E-02  0.7964E-02  0.7964E-02  0.0000E+00  0.0000E+00  0.0000E+00  0.0000E+00  0.0000E+00
      0.903  0.2881E-01  0.7630E-02  0.7630E-02  0.7630E-02  0.0000E+00  0.0000E+00  0.0000E+00  0.0000E+00  0.0000E+00
      0.993  0.2735E-01  0.7399E-02  0.7399E-02  0.7399E-02  0.0000E+00  0.0000E+00  0.0000E+00  0.0000E+00  0.0000E+00
      1.084  0.2677E-01  0.1626E-01  0.1626E-01  0.1626E-01  0.0000E+00  0.0000E+00  0.0000E+00  0.0000E+00  0.0000E+00
      1.174  0.2725E-01  0.3092E-01  0.3092E-01  0.3092E-01  0.0000E+00  0.0000E+00  0.0000E+00  0.0000E+00  0.0000E+00
      1.264  0.2803E-01  0.4321E-01  0.4321E-01  0.4321E-01  0.0000E+00  0.0000E+00  0.0000E+00  0.0000E+00  0.0000E+00
      1.354  0.3026E-01  0.6405E-01  0.6405E-01  0.6405E-01  0.0000E+00  0.0000E+00  0.0000E+00  0.0000E+00  0.0000E+00
      1.444  0.3024E-01  0.5915E-01  0.5915E-01  0.5915E-01  0.0000E+00  0.0000E+00  0.0000E+00  0.0000E+00  0.0000E+00
      1.535  0.3044E-01  0.5570E-01  0.5570E-01  0.5570E-01  0.0000E+00  0.0000E+00  0.0000E+00  0.0000E+00  0.0000E+00
      1.625  0.3028E-01  0.5167E-01  0.5167E-01  0.5167E-01  0.0000E+00  0.0000E+00  0.0000E+00  0.0000E+00  0.0000E+00
      1.715  0.3009E-01  0.5013E-01  0.5013E-01  0.5013E-01  0.0000E+00  0.0000E+00  0.0000E+00  0.0000E+00  0.0000E+00
      1.805  0.2944E-01  0.5194E-01  0.5194E-01  0.5194E-01  0.0000E+00  0.0000E+00  0.0000E+00  0.0000E+00  0.0000E+00
      1.895  0.2864E-01  0.5135E-01  0.5135E-01  0.5135E-01  0.0000E+00  0.0000E+00  0.0000E+00  0.0000E+00  0.0000E+00
      1.986  0.2837E-01  0.5288E-01  0.5288E-01  0.5288E-01  0.0000E+00  0.0000E+00  0.0000E+00  0.0000E+00  0.0000E+00
      2.076  0.2803E-01  0.5573E-01  0.5573E-01  0.5573E-01  0.0000E+00  0.0000E+00  0.0000E+00  0.0000E+00  0.0000E+00
      2.166  0.2725E-01  0.5661E-01  0.5661E-01  0.5661E-01  0.0000E+00  0.0000E+00  0.0000E+00  0.0000E+00  0.0000E+00
      2.256  0.2650E-01  0.5928E-01  0.5928E-01  0.5928E-01  0.0000E+00  0.0000E+00  0.0000E+00  0.0000E+00  0.0000E+00
      2.346  0.2562E-01  0.6345E-01  0.6345E-01  0.6345E-01  0.0000E+00  0.0000E+00  0.0000E+00  0.0000E+00  0.0000E+00
      2.437  0.2484E-01  0.6818E-01  0.6818E-01  0.6818E-01  0.0000E+00  0.0000E+00  0.0000E+00  0.0000E+00  0.0000E+00
      2.527  0.2407E-01  0.7384E-01  0.7384E-01  0.7384E-01  0.0000E+00  0.0000E+00  0.0000E+00  0.0000E+00  0.0000E+00
      2.617  0.2330E-01  0.9199E-01  0.9199E-01  0.9199E-01  0.0000E+00  0.0000E+00  0.0000E+00  0.0000E+00  0.0000E+00
      2.707  0.2245E-01  0.8862E-01  0.8862E-01  0.8862E-01  0.0000E+00  0.0000E+00  0.0000E+00  0.0000E+00  0.0000E+00
      2.797  0.2135E-01  0.8761E-01  0.8761E-01  0.8761E-01  0.0000E+00  0.0000E+00  0.0000E+00  0.0000E+00  0.0000E+00
      2.888  0.2023E-01  0.8660E-01  0.8660E-01  0.8660E-01  0.0000E+00  0.0000E+00  0.0000E+00  0.0000E+00  0.0000E+00
      2.978  0.1931E-01  0.8596E-01  0.8596E-01  0.8596E-01  0.0000E+00  0.0000E+00  0.0000E+00  0.0000E+00  0.0000E+00
      3.068  0.1845E-01  0.8514E-01  0.8514E-01  0.8514E-01  0.0000E+00  0.0000E+00  0.0000E+00  0.0000E+00  0.0000E+00
      3.158  0.1761E-01  0.8420E-01  0.8420E-01  0.8420E-01  0.0000E+00  0.0000E+00  0.0000E+00  0.0000E+00  0.0000E+00
      3.248  0.1672E-01  0.8342E-01  0.8342E-01  0.8342E-01  0.0000E+00  0.0000E+00  0.0000E+00  0.0000E+00  0.0000E+00
      3.339  0.1585E-01  0.8271E-01  0.8271E-01  0.8271E-01  0.0000E+00  0.0000E+00  0.0000E+00  0.0000E+00  0.0000E+00
      3.429  0.1467E-01  0.8224E-01  0.8224E-01  0.8224E-01  0.0000E+00  0.0000E+00  0.0000E+00  0.0000E+00  0.0000E+00
      3.519  0.1374E-01  0.8112E-01  0.8112E-01  0.8112E-01  0.0000E+00  0.0000E+00  0.0000E+00  0.0000E+00  0.0000E+00
      3.609  0.1298E-01  0.8010E-01  0.8010E-01  0.8010E-01  0.0000E+00  0.0000E+00  0.0000E+00  0.0000E+00  0.0000E+00
      3.699  0.1217E-01  0.8002E-01  0.8002E-01  0.8002E-01  0.0000E+00  0.0000E+00  0.0000E+00  0.0000E+00  0.0000E+00
      3.790  0.1115E-01  0.7941E-01  0.7941E-01  0.7941E-01  0.0000E+00  0.0000E+00  0.0000E+00  0.0000E+00  0.0000E+00
      3.880  0.1005E-01  0.7898E-01  0.7898E-01  0.7898E-01  0.0000E+00  0.0000E+00  0.0000E+00  0.0000E+00  0.0000E+00
      3.970  0.8941E-02  0.7819E-01  0.7819E-01  0.7819E-01  0.0000E+00  0.0000E+00  0.0000E+00  0.0000E+00  0.0000E+00
      4.060  0.8110E-02  0.7803E-01  0.7803E-01  0.7803E-01  0.0000E+00  0.0000E+00  0.0000E+00  0.0000E+00  0.0000E+00
      4.150  0.7417E-02  0.7759E-01  0.7759E-01  0.7759E-01  0.0000E+00  0.0000E+00  0.0000E+00  0.0000E+00  0.0000E+00
      4.241  0.6653E-02  0.7717E-01  0.7717E-01  0.7717E-01  0.0000E+00  0.0000E+00  0.0000E+00  0.0000E+00  0.0000E+00
      4.331  0.5930E-02  0.6717E-01  0.6717E-01  0.6717E-01  0.0000E+00  0.0000E+00  0.0000E+00  0.0000E+00  0.0000E+00
      4.421  0.5368E-02  0.5376E-01  0.5376E-01  0.5376E-01  0.0000E+00  0.0000E+00  0.0000E+00  0.0000E+00  0.0000E+00
      4.511  0.4633E-02  0.4670E-01  0.4670E-01  0.4670E-01  0.0000E+00  0.0000E+00  0.0000E+00  0.0000E+00  0.0000E+00
      4.601  0.3969E-02  0.4101E-01  0.4101E-01  0.4101E-01  0.0000E+00  0.0000E+00  0.0000E+00  0.0000E+00  0.0000E+00
      4.692  0.3501E-02  0.3653E-01  0.3653E-01  0.3653E-01  0.0000E+00  0.0000E+00  0.0000E+00  0.0000E+00  0.0000E+00
      4.782  0.2968E-02  0.3258E-01  0.3258E-01  0.3258E-01  0.0000E+00  0.0000E+00  0.0000E+00  0.0000E+00  0.0000E+00
      4.872  0.2525E-02  0.2898E-01  0.2898E-01  0.2898E-01  0.0000E+00  0.0000E+00  0.0000E+00  0.0000E+00  0.0000E+00
      4.962  0.1983E-02  0.2544E-01  0.2544E-01  0.2544E-01  0.0000E+00  0.0000E+00  0.0000E+00  0.0000E+00  0.0000E+00
      5.052  0.1514E-02  0.2235E-01  0.2235E-01  0.2235E-01  0.0000E+00  0.0000E+00  0.0000E+00  0.0000E+00  0.0000E+00
      5.143  0.1213E-02  0.1932E-01  0.1932E-01  0.1932E-01  0.0000E+00  0.0000E+00  0.0000E+00  0.0000E+00  0.0000E+00
      5.233  0.8420E-03  0.1627E-01  0.1627E-01  0.1627E-01  0.0000E+00  0.0000E+00  0.0000E+00  0.0000E+00  0.0000E+00
      5.323  0.5992E-03  0.1311E-01  0.1311E-01  0.1311E-01  0.0000E+00  0.0000E+00  0.0000E+00  0.0000E+00  0.0000E+00
      5.413  0.3067E-03  0.9834E-02  0.9834E-02  0.9834E-02  0.0000E+00  0.0000E+00  0.0000E+00  0.0000E+00  0.0000E+00
      5.503  0.7094E-04  0.4802E-02  0.4802E-02  0.4802E-02  0.0000E+00  0.0000E+00  0.0000E+00  0.0000E+00  0.0000E+00
      5.593  0.0000E+00  0.0000E+00  0.0000E+00  0.0000E+00  0.0000E+00  0.0000E+00  0.0000E+00  0.0000E+00  0.0000E+00
      5.684  0.0000E+00  0.0000E+00  0.0000E+00  0.0000E+00  0.0000E+00  0.0000E+00  0.0000E+00  0.0000E+00  0.0000E+00
      5.774  0.0000E+00  0.0000E+00  0.0000E+00  0.0000E+00  0.0000E+00  0.0000E+00  0.0000E+00  0.0000E+00  0.0000E+00
      5.864  0.0000E+00  0.0000E+00  0.0000E+00  0.0000E+00  0.0000E+00  0.0000E+00  0.0000E+00  0.0000E+00  0.0000E+00
      5.954  0.0000E+00  0.0000E+00  0.0000E+00  0.0000E+00  0.0000E+00  0.0000E+00  0.0000E+00  0.0000E+00  0.0000E+00
      6.044  0.0000E+00  0.0000E+00  0.0000E+00  0.0000E+00  0.0000E+00  0.0000E+00  0.0000E+00  0.0000E+00  0.0000E+00
      6.135  0.0000E+00  0.0000E+00  0.0000E+00  0.0000E+00  0.0000E+00  0.0000E+00  0.0000E+00  0.0000E+00  0.0000E+00
      6.225  0.0000E+00  0.0000E+00  0.0000E+00  0.0000E+00  0.0000E+00  0.0000E+00  0.0000E+00  0.0000E+00  0.0000E+00
      6.315  0.0000E+00  0.0000E+00  0.0000E+00  0.0000E+00  0.0000E+00  0.0000E+00  0.0000E+00  0.0000E+00  0.0000E+00
      6.405  0.9747E-03  0.2925E-03  0.2925E-03  0.2925E-03  0.0000E+00  0.0000E+00  0.0000E+00  0.0000E+00  0.0000E+00
      6.495  0.6407E-02  0.1988E-02  0.1988E-02  0.1988E-02  0.0000E+00  0.0000E+00  0.0000E+00  0.0000E+00  0.0000E+00
      6.586  0.9889E-02  0.3207E-02  0.3207E-02  0.3207E-02  0.0000E+00  0.0000E+00  0.0000E+00  0.0000E+00  0.0000E+00
      6.676  0.1397E-01  0.4649E-02  0.4649E-02  0.4649E-02  0.0000E+00  0.0000E+00  0.0000E+00  0.0000E+00  0.0000E+00
      6.766  0.1605E-01  0.5661E-02  0.5661E-02  0.5661E-02  0.0000E+00  0.0000E+00  0.0000E+00  0.0000E+00  0.0000E+00
      6.856  0.1818E-01  0.6727E-02  0.6727E-02  0.6727E-02  0.0000E+00  0.0000E+00  0.0000E+00  0.0000E+00  0.0000E+00
      6.946  0.2027E-01  0.7835E-02  0.7835E-02  0.7835E-02  0.0000E+00  0.0000E+00  0.0000E+00  0.0000E+00  0.0000E+00
      7.037  0.2245E-01  0.9057E-02  0.9057E-02  0.9057E-02  0.0000E+00  0.0000E+00  0.0000E+00  0.0000E+00  0.0000E+00
      7.127  0.2442E-01  0.1028E-01  0.1028E-01  0.1028E-01  0.0000E+00  0.0000E+00  0.0000E+00  0.0000E+00  0.0000E+00
      7.217  0.2581E-01  0.1137E-01  0.1137E-01  0.1137E-01  0.0000E+00  0.0000E+00  0.0000E+00  0.0000E+00  0.0000E+00
      7.307  0.2733E-01  0.1255E-01  0.1255E-01  0.1255E-01  0.0000E+00  0.0000E+00  0.0000E+00  0.0000E+00  0.0000E+00
      7.397  0.2904E-01  0.1383E-01  0.1383E-01  0.1383E-01  0.0000E+00  0.0000E+00  0.0000E+00  0.0000E+00  0.0000E+00
      7.488  0.3826E-01  0.1560E-01  0.1560E-01  0.1560E-01  0.0000E+00  0.0000E+00  0.0000E+00  0.0000E+00  0.0000E+00
      7.578  0.4842E-01  0.1767E-01  0.1767E-01  0.1767E-01  0.0000E+00  0.0000E+00  0.0000E+00  0.0000E+00  0.0000E+00
      7.668  0.5529E-01  0.1989E-01  0.1989E-01  0.1989E-01  0.0000E+00  0.0000E+00  0.0000E+00  0.0000E+00  0.0000E+00
      7.758  0.6313E-01  0.2242E-01  0.2242E-01  0.2242E-01  0.0000E+00  0.0000E+00  0.0000E+00  0.0000E+00  0.0000E+00
      7.848  0.7125E-01  0.2515E-01  0.2515E-01  0.2515E-01  0.0000E+00  0.0000E+00  0.0000E+00  0.0000E+00  0.0000E+00
      7.939  0.8381E-01  0.2921E-01  0.2921E-01  0.2921E-01  0.0000E+00  0.0000E+00  0.0000E+00  0.0000E+00  0.0000E+00
      8.029  0.1030E+00  0.3482E-01  0.3482E-01  0.3482E-01  0.0000E+00  0.0000E+00  0.0000E+00  0.0000E+00  0.0000E+00
      8.119  0.1187E+00  0.4101E-01  0.4101E-01  0.4101E-01  0.0000E+00  0.0000E+00  0.0000E+00  0.0000E+00  0.0000E+00
      8.209  0.1062E+00  0.4061E-01  0.4061E-01  0.4061E-01  0.0000E+00  0.0000E+00  0.0000E+00  0.0000E+00  0.0000E+00
      8.299  0.9986E-01  0.4240E-01  0.4240E-01  0.4240E-01  0.0000E+00  0.0000E+00  0.0000E+00  0.0000E+00  0.0000E+00
      8.390  0.8668E-01  0.4078E-01  0.4078E-01  0.4078E-01  0.0000E+00  0.0000E+00  0.0000E+00  0.0000E+00  0.0000E+00
      8.480  0.7305E-01  0.3514E-01  0.3514E-01  0.3514E-01  0.0000E+00  0.0000E+00  0.0000E+00  0.0000E+00  0.0000E+00
      8.570  0.6293E-01  0.3297E-01  0.3297E-01  0.3297E-01  0.0000E+00  0.0000E+00  0.0000E+00  0.0000E+00  0.0000E+00
      8.660  0.5770E-01  0.3250E-01  0.3250E-01  0.3250E-01  0.0000E+00  0.0000E+00  0.0000E+00  0.0000E+00  0.0000E+00
      8.750  0.5583E-01  0.3596E-01  0.3596E-01  0.3596E-01  0.0000E+00  0.0000E+00  0.0000E+00  0.0000E+00  0.0000E+00
      8.841  0.4725E-01  0.3278E-01  0.3278E-01  0.3278E-01  0.0000E+00  0.0000E+00  0.0000E+00  0.0000E+00  0.0000E+00
      8.931  0.3674E-01  0.3005E-01  0.3005E-01  0.3005E-01  0.0000E+00  0.0000E+00  0.0000E+00  0.0000E+00  0.0000E+00
      9.021  0.3486E-01  0.3297E-01  0.3297E-01  0.3297E-01  0.0000E+00  0.0000E+00  0.0000E+00  0.0000E+00  0.0000E+00
      9.111  0.4705E-01  0.7251E-01  0.7251E-01  0.7251E-01  0.0000E+00  0.0000E+00  0.0000E+00  0.0000E+00  0.0000E+00
      9.201  0.5120E-01  0.7812E-01  0.7812E-01  0.7812E-01  0.0000E+00  0.0000E+00  0.0000E+00  0.0000E+00  0.0000E+00
      9.292  0.5345E-01  0.6384E-01  0.6384E-01  0.6384E-01  0.0000E+00  0.0000E+00  0.0000E+00  0.0000E+00  0.0000E+00
      9.382  0.4720E-01  0.5385E-01  0.5385E-01  0.5385E-01  0.0000E+00  0.0000E+00  0.0000E+00  0.0000E+00  0.0000E+00
      9.472  0.4841E-01  0.5360E-01  0.5360E-01  0.5360E-01  0.0000E+00  0.0000E+00  0.0000E+00  0.0000E+00  0.0000E+00
      9.562  0.5037E-01  0.5443E-01  0.5443E-01  0.5443E-01  0.0000E+00  0.0000E+00  0.0000E+00  0.0000E+00  0.0000E+00
      9.652  0.5645E-01  0.5695E-01  0.5695E-01  0.5695E-01  0.0000E+00  0.0000E+00  0.0000E+00  0.0000E+00  0.0000E+00
      9.743  0.6879E-01  0.5767E-01  0.5767E-01  0.5767E-01  0.0000E+00  0.0000E+00  0.0000E+00  0.0000E+00  0.0000E+00
      9.833  0.3883E-01  0.4366E-01  0.4366E-01  0.4366E-01  0.0000E+00  0.0000E+00  0.0000E+00  0.0000E+00  0.0000E+00
      9.923  0.3318E-01  0.4111E-01  0.4111E-01  0.4111E-01  0.0000E+00  0.0000E+00  0.0000E+00  0.0000E+00  0.0000E+00
     10.013  0.2875E-01  0.3871E-01  0.3871E-01  0.3871E-01  0.0000E+00  0.0000E+00  0.0000E+00  0.0000E+00  0.0000E+00
     10.103  0.2806E-01  0.3782E-01  0.3782E-01  0.3782E-01  0.0000E+00  0.0000E+00  0.0000E+00  0.0000E+00  0.0000E+00
     10.194  0.2866E-01  0.3695E-01  0.3695E-01  0.3695E-01  0.0000E+00  0.0000E+00  0.0000E+00  0.0000E+00  0.0000E+00
     10.284  0.3083E-01  0.3790E-01  0.3790E-01  0.3790E-01  0.0000E+00  0.0000E+00  0.0000E+00  0.0000E+00  0.0000E+00
     10.374  0.3384E-01  0.4114E-01  0.4114E-01  0.4114E-01  0.0000E+00  0.0000E+00  0.0000E+00  0.0000E+00  0.0000E+00
     10.464  0.3928E-01  0.4496E-01  0.4496E-01  0.4496E-01  0.0000E+00  0.0000E+00  0.0000E+00  0.0000E+00  0.0000E+00
     10.554  0.4124E-01  0.4132E-01  0.4132E-01  0.4132E-01  0.0000E+00  0.0000E+00  0.0000E+00  0.0000E+00  0.0000E+00
     10.645  0.3952E-01  0.3956E-01  0.3956E-01  0.3956E-01  0.0000E+00  0.0000E+00  0.0000E+00  0.0000E+00  0.0000E+00
     10.735  0.4070E-01  0.4032E-01  0.4032E-01  0.4032E-01  0.0000E+00  0.0000E+00  0.0000E+00  0.0000E+00  0.0000E+00
     10.825  0.4230E-01  0.4178E-01  0.4178E-01  0.4178E-01  0.0000E+00  0.0000E+00  0.0000E+00  0.0000E+00  0.0000E+00
     10.915  0.4020E-01  0.3999E-01  0.3999E-01  0.3999E-01  0.0000E+00  0.0000E+00  0.0000E+00  0.0000E+00  0.0000E+00
     11.005  0.3933E-01  0.3907E-01  0.3907E-01  0.3907E-01  0.0000E+00  0.0000E+00  0.0000E+00  0.0000E+00  0.0000E+00
     11.096  0.4038E-01  0.4005E-01  0.4005E-01  0.4005E-01  0.0000E+00  0.0000E+00  0.0000E+00  0.0000E+00  0.0000E+00
     11.186  0.3860E-01  0.4010E-01  0.4010E-01  0.4010E-01  0.0000E+00  0.0000E+00  0.0000E+00  0.0000E+00  0.0000E+00
     11.276  0.3601E-01  0.3829E-01  0.3829E-01  0.3829E-01  0.0000E+00  0.0000E+00  0.0000E+00  0.0000E+00  0.0000E+00
     11.366  0.3769E-01  0.3932E-01  0.3932E-01  0.3932E-01  0.0000E+00  0.0000E+00  0.0000E+00  0.0000E+00  0.0000E+00
     11.456  0.3746E-01  0.3967E-01  0.3967E-01  0.3967E-01  0.0000E+00  0.0000E+00  0.0000E+00  0.0000E+00  0.0000E+00
     11.547  0.3605E-01  0.3928E-01  0.3928E-01  0.3928E-01  0.0000E+00  0.0000E+00  0.0000E+00  0.0000E+00  0.0000E+00
     11.637  0.3295E-01  0.3754E-01  0.3754E-01  0.3754E-01  0.0000E+00  0.0000E+00  0.0000E+00  0.0000E+00  0.0000E+00
     11.727  0.3149E-01  0.3793E-01  0.3793E-01  0.3793E-01  0.0000E+00  0.0000E+00  0.0000E+00  0.0000E+00  0.0000E+00
     11.817  0.3014E-01  0.3705E-01  0.3705E-01  0.3705E-01  0.0000E+00  0.0000E+00  0.0000E+00  0.0000E+00  0.0000E+00
     11.907  0.2904E-01  0.3679E-01  0.3679E-01  0.3679E-01  0.0000E+00  0.0000E+00  0.0000E+00  0.0000E+00  0.0000E+00
     11.997  0.2722E-01  0.3623E-01  0.3623E-01  0.3623E-01  0.0000E+00  0.0000E+00  0.0000E+00  0.0000E+00  0.0000E+00
     12.088  0.2553E-01  0.3491E-01  0.3491E-01  0.3491E-01  0.0000E+00  0.0000E+00  0.0000E+00  0.0000E+00  0.0000E+00
     12.178  0.2443E-01  0.3496E-01  0.3496E-01  0.3496E-01  0.0000E+00  0.0000E+00  0.0000E+00  0.0000E+00  0.0000E+00
     12.268  0.2286E-01  0.3402E-01  0.3402E-01  0.3402E-01  0.0000E+00  0.0000E+00  0.0000E+00  0.0000E+00  0.0000E+00
     12.358  0.2058E-01  0.3222E-01  0.3222E-01  0.3222E-01  0.0000E+00  0.0000E+00  0.0000E+00  0.0000E+00  0.0000E+00
     12.448  0.2021E-01  0.3259E-01  0.3259E-01  0.3259E-01  0.0000E+00  0.0000E+00  0.0000E+00  0.0000E+00  0.0000E+00
     12.539  0.1965E-01  0.3212E-01  0.3212E-01  0.3212E-01  0.0000E+00  0.0000E+00  0.0000E+00  0.0000E+00  0.0000E+00
     12.629  0.2169E-01  0.3577E-01  0.3577E-01  0.3577E-01  0.0000E+00  0.0000E+00  0.0000E+00  0.0000E+00  0.0000E+00
     12.719  0.2416E-01  0.3927E-01  0.3927E-01  0.3927E-01  0.0000E+00  0.0000E+00  0.0000E+00  0.0000E+00  0.0000E+00
     12.809  0.2070E-01  0.3504E-01  0.3504E-01  0.3504E-01  0.0000E+00  0.0000E+00  0.0000E+00  0.0000E+00  0.0000E+00
     12.899  0.1898E-01  0.3303E-01  0.3303E-01  0.3303E-01  0.0000E+00  0.0000E+00  0.0000E+00  0.0000E+00  0.0000E+00
     12.990  0.1638E-01  0.2994E-01  0.2994E-01  0.2994E-01  0.0000E+00  0.0000E+00  0.0000E+00  0.0000E+00  0.0000E+00
     13.080  0.1429E-01  0.2781E-01  0.2781E-01  0.2781E-01  0.0000E+00  0.0000E+00  0.0000E+00  0.0000E+00  0.0000E+00
     13.170  0.1311E-01  0.2686E-01  0.2686E-01  0.2686E-01  0.0000E+00  0.0000E+00  0.0000E+00  0.0000E+00  0.0000E+00
     13.260  0.1146E-01  0.2478E-01  0.2478E-01  0.2478E-01  0.0000E+00  0.0000E+00  0.0000E+00  0.0000E+00  0.0000E+00
     13.350  0.1038E-01  0.2380E-01  0.2380E-01  0.2380E-01  0.0000E+00  0.0000E+00  0.0000E+00  0.0000E+00  0.0000E+00
     13.441  0.9737E-02  0.2309E-01  0.2309E-01  0.2309E-01  0.0000E+00  0.0000E+00  0.0000E+00  0.0000E+00  0.0000E+00
     13.531  0.9217E-02  0.2240E-01  0.2240E-01  0.2240E-01  0.0000E+00  0.0000E+00  0.0000E+00  0.0000E+00  0.0000E+00
     13.621  0.8346E-02  0.2124E-01  0.2124E-01  0.2124E-01  0.0000E+00  0.0000E+00  0.0000E+00  0.0000E+00  0.0000E+00
     13.711  0.7607E-02  0.2043E-01  0.2043E-01  0.2043E-01  0.0000E+00  0.0000E+00  0.0000E+00  0.0000E+00  0.0000E+00
     13.801  0.7098E-02  0.2011E-01  0.2011E-01  0.2011E-01  0.0000E+00  0.0000E+00  0.0000E+00  0.0000E+00  0.0000E+00
     13.892  0.6805E-02  0.2057E-01  0.2057E-01  0.2057E-01  0.0000E+00  0.0000E+00  0.0000E+00  0.0000E+00  0.0000E+00
     13.982  0.6372E-02  0.2426E-01  0.2426E-01  0.2426E-01  0.0000E+00  0.0000E+00  0.0000E+00  0.0000E+00  0.0000E+00
     14.072  0.5467E-02  0.2030E-01  0.2030E-01  0.2030E-01  0.0000E+00  0.0000E+00  0.0000E+00  0.0000E+00  0.0000E+00
     14.162  0.4118E-02  0.1714E-01  0.1714E-01  0.1714E-01  0.0000E+00  0.0000E+00  0.0000E+00  0.0000E+00  0.0000E+00
     14.252  0.3404E-02  0.1330E-01  0.1330E-01  0.1330E-01  0.0000E+00  0.0000E+00  0.0000E+00  0.0000E+00  0.0000E+00
     14.343  0.2935E-02  0.1073E-01  0.1073E-01  0.1073E-01  0.0000E+00  0.0000E+00  0.0000E+00  0.0000E+00  0.0000E+00
     14.433  0.2694E-02  0.9944E-02  0.9944E-02  0.9944E-02  0.0000E+00  0.0000E+00  0.0000E+00  0.0000E+00  0.0000E+00
     14.523  0.2562E-02  0.9545E-02  0.9545E-02  0.9545E-02  0.0000E+00  0.0000E+00  0.0000E+00  0.0000E+00  0.0000E+00
     14.613  0.2409E-02  0.9199E-02  0.9199E-02  0.9199E-02  0.0000E+00  0.0000E+00  0.0000E+00  0.0000E+00  0.0000E+00
     14.703  0.2194E-02  0.8744E-02  0.8744E-02  0.8744E-02  0.0000E+00  0.0000E+00  0.0000E+00  0.0000E+00  0.0000E+00
     14.794  0.2017E-02  0.8281E-02  0.8281E-02  0.8281E-02  0.0000E+00  0.0000E+00  0.0000E+00  0.0000E+00  0.0000E+00
     14.884  0.1644E-02  0.7920E-02  0.7920E-02  0.7920E-02  0.0000E+00  0.0000E+00  0.0000E+00  0.0000E+00  0.0000E+00
     14.974  0.1403E-02  0.7516E-02  0.7516E-02  0.7516E-02  0.0000E+00  0.0000E+00  0.0000E+00  0.0000E+00  0.0000E+00
     15.064  0.1199E-02  0.6534E-02  0.6534E-02  0.6534E-02  0.0000E+00  0.0000E+00  0.0000E+00  0.0000E+00  0.0000E+00
     15.154  0.1025E-02  0.5753E-02  0.5753E-02  0.5753E-02  0.0000E+00  0.0000E+00  0.0000E+00  0.0000E+00  0.0000E+00
     15.245  0.8920E-03  0.5193E-02  0.5193E-02  0.5193E-02  0.0000E+00  0.0000E+00  0.0000E+00  0.0000E+00  0.0000E+00
     15.335  0.7851E-03  0.4782E-02  0.4782E-02  0.4782E-02  0.0000E+00  0.0000E+00  0.0000E+00  0.0000E+00  0.0000E+00
     15.425  0.7004E-03  0.4616E-02  0.4616E-02  0.4616E-02  0.0000E+00  0.0000E+00  0.0000E+00  0.0000E+00  0.0000E+00
     15.515  0.6335E-03  0.4469E-02  0.4469E-02  0.4469E-02  0.0000E+00  0.0000E+00  0.0000E+00  0.0000E+00  0.0000E+00
     15.605  0.5383E-03  0.4146E-02  0.4146E-02  0.4146E-02  0.0000E+00  0.0000E+00  0.0000E+00  0.0000E+00  0.0000E+00
     15.696  0.4289E-03  0.3870E-02  0.3870E-02  0.3870E-02  0.0000E+00  0.0000E+00  0.0000E+00  0.0000E+00  0.0000E+00
     15.786  0.2027E-03  0.2653E-02  0.2653E-02  0.2653E-02  0.0000E+00  0.0000E+00  0.0000E+00  0.0000E+00  0.0000E+00
     15.876  0.1504E-03  0.2070E-02  0.2070E-02  0.2070E-02  0.0000E+00  0.0000E+00  0.0000E+00  0.0000E+00  0.0000E+00
     15.966  0.1045E-03  0.1579E-02  0.1579E-02  0.1579E-02  0.0000E+00  0.0000E+00  0.0000E+00  0.0000E+00  0.0000E+00
     16.056  0.6495E-04  0.1190E-02  0.1190E-02  0.1190E-02  0.0000E+00  0.0000E+00  0.0000E+00  0.0000E+00  0.0000E+00
     16.147  0.3678E-04  0.1223E-02  0.1223E-02  0.1223E-02  0.0000E+00  0.0000E+00  0.0000E+00  0.0000E+00  0.0000E+00
     16.237  0.0000E+00  0.0000E+00  0.0000E+00  0.0000E+00  0.0000E+00  0.0000E+00  0.0000E+00  0.0000E+00  0.0000E+00
     16.327  0.0000E+00  0.0000E+00  0.0000E+00  0.0000E+00  0.0000E+00  0.0000E+00  0.0000E+00  0.0000E+00  0.0000E+00
     16.417  0.0000E+00  0.0000E+00  0.0000E+00  0.0000E+00  0.0000E+00  0.0000E+00  0.0000E+00  0.0000E+00  0.0000E+00
     16.507  0.0000E+00  0.0000E+00  0.0000E+00  0.0000E+00  0.0000E+00  0.0000E+00  0.0000E+00  0.0000E+00  0.0000E+00
     16.598  0.0000E+00  0.0000E+00  0.0000E+00  0.0000E+00  0.0000E+00  0.0000E+00  0.0000E+00  0.0000E+00  0.0000E+00
     16.688  0.0000E+00  0.0000E+00  0.0000E+00  0.0000E+00  0.0000E+00  0.0000E+00  0.0000E+00  0.0000E+00  0.0000E+00
     16.778  0.0000E+00  0.0000E+00  0.0000E+00  0.0000E+00  0.0000E+00  0.0000E+00  0.0000E+00  0.0000E+00  0.0000E+00
     16.868  0.0000E+00  0.0000E+00  0.0000E+00  0.0000E+00  0.0000E+00  0.0000E+00  0.0000E+00  0.0000E+00  0.0000E+00
     16.958  0.0000E+00  0.0000E+00  0.0000E+00  0.0000E+00  0.0000E+00  0.0000E+00  0.0000E+00  0.0000E+00  0.0000E+00
     17.049  0.0000E+00  0.0000E+00  0.0000E+00  0.0000E+00  0.0000E+00  0.0000E+00  0.0000E+00  0.0000E+00  0.0000E+00
     17.139  0.0000E+00  0.0000E+00  0.0000E+00  0.0000E+00  0.0000E+00  0.0000E+00  0.0000E+00  0.0000E+00  0.0000E+00
     17.229  0.0000E+00  0.0000E+00  0.0000E+00  0.0000E+00  0.0000E+00  0.0000E+00  0.0000E+00  0.0000E+00  0.0000E+00
     17.319  0.0000E+00  0.0000E+00  0.0000E+00  0.0000E+00  0.0000E+00  0.0000E+00  0.0000E+00  0.0000E+00  0.0000E+00
     17.409  0.0000E+00  0.0000E+00  0.0000E+00  0.0000E+00  0.0000E+00  0.0000E+00  0.0000E+00  0.0000E+00  0.0000E+00
     17.500  0.0000E+00  0.0000E+00  0.0000E+00  0.0000E+00  0.0000E+00  0.0000E+00  0.0000E+00  0.0000E+00  0.0000E+00
     17.590  0.0000E+00  0.0000E+00  0.0000E+00  0.0000E+00  0.0000E+00  0.0000E+00  0.0000E+00  0.0000E+00  0.0000E+00
     17.680  0.0000E+00  0.0000E+00  0.0000E+00  0.0000E+00  0.0000E+00  0.0000E+00  0.0000E+00  0.0000E+00  0.0000E+00
     17.770  0.0000E+00  0.0000E+00  0.0000E+00  0.0000E+00  0.0000E+00  0.0000E+00  0.0000E+00  0.0000E+00  0.0000E+00
     17.860  0.0000E+00  0.0000E+00  0.0000E+00  0.0000E+00  0.0000E+00  0.0000E+00  0.0000E+00  0.0000E+00  0.0000E+00
     17.951  0.0000E+00  0.0000E+00  0.0000E+00  0.0000E+00  0.0000E+00  0.0000E+00  0.0000E+00  0.0000E+00  0.0000E+00
     18.041  0.0000E+00  0.0000E+00  0.0000E+00  0.0000E+00  0.0000E+00  0.0000E+00  0.0000E+00  0.0000E+00  0.0000E+00
     18.131  0.0000E+00  0.0000E+00  0.0000E+00  0.0000E+00  0.0000E+00  0.0000E+00  0.0000E+00  0.0000E+00  0.0000E+00
     18.221  0.0000E+00  0.0000E+00  0.0000E+00  0.0000E+00  0.0000E+00  0.0000E+00  0.0000E+00  0.0000E+00  0.0000E+00
     18.22110083     -8.83806000  301      5.57362057      1.00000000
     -8.838  0.0000E+00  0.0000E+00  0.0000E+00  0.0000E+00  0.0000E+00  0.0000E+00  0.0000E+00  0.0000E+00  0.0000E+00
     -8.748  0.0000E+00  0.0000E+00  0.0000E+00  0.0000E+00  0.0000E+00  0.0000E+00  0.0000E+00  0.0000E+00  0.0000E+00
     -8.658  0.0000E+00  0.0000E+00  0.0000E+00  0.0000E+00  0.0000E+00  0.0000E+00  0.0000E+00  0.0000E+00  0.0000E+00
     -8.567  0.0000E+00  0.0000E+00  0.0000E+00  0.0000E+00  0.0000E+00  0.0000E+00  0.0000E+00  0.0000E+00  0.0000E+00
     -8.477  0.0000E+00  0.0000E+00  0.0000E+00  0.0000E+00  0.0000E+00  0.0000E+00  0.0000E+00  0.0000E+00  0.0000E+00
     -8.387  0.0000E+00  0.0000E+00  0.0000E+00  0.0000E+00  0.0000E+00  0.0000E+00  0.0000E+00  0.0000E+00  0.0000E+00
     -8.297  0.0000E+00  0.0000E+00  0.0000E+00  0.0000E+00  0.0000E+00  0.0000E+00  0.0000E+00  0.0000E+00  0.0000E+00
     -8.207  0.0000E+00  0.0000E+00  0.0000E+00  0.0000E+00  0.0000E+00  0.0000E+00  0.0000E+00  0.0000E+00  0.0000E+00
     -8.116  0.0000E+00  0.0000E+00  0.0000E+00  0.0000E+00  0.0000E+00  0.0000E+00  0.0000E+00  0.0000E+00  0.0000E+00
     -8.026  0.0000E+00  0.0000E+00  0.0000E+00  0.0000E+00  0.0000E+00  0.0000E+00  0.0000E+00  0.0000E+00  0.0000E+00
     -7.936  0.0000E+00  0.0000E+00  0.0000E+00  0.0000E+00  0.0000E+00  0.0000E+00  0.0000E+00  0.0000E+00  0.0000E+00
     -7.846  0.0000E+00  0.0000E+00  0.0000E+00  0.0000E+00  0.0000E+00  0.0000E+00  0.0000E+00  0.0000E+00  0.0000E+00
     -7.756  0.0000E+00  0.0000E+00  0.0000E+00  0.0000E+00  0.0000E+00  0.0000E+00  0.0000E+00  0.0000E+00  0.0000E+00
     -7.665  0.0000E+00  0.0000E+00  0.0000E+00  0.0000E+00  0.0000E+00  0.0000E+00  0.0000E+00  0.0000E+00  0.0000E+00
     -7.575  0.0000E+00  0.0000E+00  0.0000E+00  0.0000E+00  0.0000E+00  0.0000E+00  0.0000E+00  0.0000E+00  0.0000E+00
     -7.485  0.0000E+00  0.0000E+00  0.0000E+00  0.0000E+00  0.0000E+00  0.0000E+00  0.0000E+00  0.0000E+00  0.0000E+00
     -7.395  0.0000E+00  0.0000E+00  0.0000E+00  0.0000E+00  0.0000E+00  0.0000E+00  0.0000E+00  0.0000E+00  0.0000E+00
     -7.305  0.0000E+00  0.0000E+00  0.0000E+00  0.0000E+00  0.0000E+00  0.0000E+00  0.0000E+00  0.0000E+00  0.0000E+00
     -7.215  0.0000E+00  0.0000E+00  0.0000E+00  0.0000E+00  0.0000E+00  0.0000E+00  0.0000E+00  0.0000E+00  0.0000E+00
     -7.124  0.0000E+00  0.0000E+00  0.0000E+00  0.0000E+00  0.0000E+00  0.0000E+00  0.0000E+00  0.0000E+00  0.0000E+00
     -7.034  0.0000E+00  0.0000E+00  0.0000E+00  0.0000E+00  0.0000E+00  0.0000E+00  0.0000E+00  0.0000E+00  0.0000E+00
     -6.944  0.0000E+00  0.0000E+00  0.0000E+00  0.0000E+00  0.0000E+00  0.0000E+00  0.0000E+00  0.0000E+00  0.0000E+00
     -6.854  0.0000E+00  0.0000E+00  0.0000E+00  0.0000E+00  0.0000E+00  0.0000E+00  0.0000E+00  0.0000E+00  0.0000E+00
     -6.764  0.2087E-01  0.2436E-04  0.2436E-04  0.2436E-04  0.0000E+00  0.0000E+00  0.0000E+00  0.0000E+00  0.0000E+00
     -6.673  0.2877E-01  0.7977E-04  0.7977E-04  0.7977E-04  0.0000E+00  0.0000E+00  0.0000E+00  0.0000E+00  0.0000E+00
     -6.583  0.3482E-01  0.1487E-03  0.1487E-03  0.1487E-03  0.0000E+00  0.0000E+00  0.0000E+00  0.0000E+00  0.0000E+00
     -6.493  0.4081E-01  0.2335E-03  0.2335E-03  0.2335E-03  0.0000E+00  0.0000E+00  0.0000E+00  0.0000E+00  0.0000E+00
     -6.403  0.4581E-01  0.3333E-03  0.3333E-03  0.3333E-03  0.0000E+00  0.0000E+00  0.0000E+00  0.0000E+00  0.0000E+00
     -6.313  0.5109E-01  0.4379E-03  0.4379E-03  0.4379E-03  0.0000E+00  0.0000E+00  0.0000E+00  0.0000E+00  0.0000E+00
     -6.222  0.5511E-01  0.5608E-03  0.5608E-03  0.5608E-03  0.0000E+00  0.0000E+00  0.0000E+00  0.0000E+00  0.0000E+00
     -6.132  0.5976E-01  0.6837E-03  0.6837E-03  0.6837E-03  0.0000E+00  0.0000E+00  0.0000E+00  0.0000E+00  0.0000E+00
     -6.042  0.6345E-01  0.8252E-03  0.8252E-03  0.8252E-03  0.0000E+00  0.0000E+00  0.0000E+00  0.0000E+00  0.0000E+00
     -5.952  0.6754E-01  0.9671E-03  0.9671E-03  0.9671E-03  0.0000E+00  0.0000E+00  0.0000E+00  0.0000E+00  0.0000E+00
     -5.862  0.7125E-01  0.1123E-02  0.1123E-02  0.1123E-02  0.0000E+00  0.0000E+00  0.0000E+00  0.0000E+00  0.0000E+00
     -5.771  0.7497E-01  0.1284E-02  0.1284E-02  0.1284E-02  0.0000E+00  0.0000E+00  0.0000E+00  0.0000E+00  0.0000E+00
     -5.681  0.7892E-01  0.1448E-02  0.1448E-02  0.1448E-02  0.0000E+00  0.0000E+00  0.0000E+00  0.0000E+00  0.0000E+00
     -5.591  0.8243E-01  0.1631E-02  0.1631E-02  0.1631E-02  0.0000E+00  0.0000E+00  0.0000E+00  0.0000E+00  0.0000E+00
     -5.501  0.8625E-01  0.1815E-02  0.1815E-02  0.1815E-02  0.0000E+00  0.0000E+00  0.0000E+00  0.0000E+00  0.0000E+00
     -5.411  0.9016E-01  0.2005E-02  0.2005E-02  0.2005E-02  0.0000E+00  0.0000E+00  0.0000E+00  0.0000E+00  0.0000E+00
     -5.320  0.9395E-01  0.2213E-02  0.2213E-02  0.2213E-02  0.0000E+00  0.0000E+00  0.0000E+00  0.0000E+00  0.0000E+00
     -5.230  0.9807E-01  0.2422E-02  0.2422E-02  0.2422E-02  0.0000E+00  0.0000E+00  0.0000E+00  0.0000E+00  0.0000E+00
     -5.140  0.1024E+00  0.2639E-02  0.2639E-02  0.2639E-02  0.0000E+00  0.0000E+00  0.0000E+00  0.0000E+00  0.0000E+00
     -5.050  0.1069E+00  0.2880E-02  0.2880E-02  0.2880E-02  0.0000E+00  0.0000E+00  0.0000E+00  0.0000E+00  0.0000E+00
     -4.960  0.1118E+00  0.3126E-02  0.3126E-02  0.3126E-02  0.0000E+00  0.0000E+00  0.0000E+00  0.0000E+00  0.0000E+00
     -4.869  0.1173E+00  0.3381E-02  0.3381E-02  0.3381E-02  0.0000E+00  0.0000E+00  0.0000E+00  0.0000E+00  0.0000E+00
     -4.779  0.1234E+00  0.3676E-02  0.3676E-02  0.3676E-02  0.0000E+00  0.0000E+00  0.0000E+00  0.0000E+00  0.0000E+00
     -4.689  0.1308E+00  0.3995E-02  0.3995E-02  0.3995E-02  0.0000E+00  0.0000E+00  0.0000E+00  0.0000E+00  0.0000E+00
     -4.599  0.1401E+00  0.4354E-02  0.4354E-02  0.4354E-02  0.0000E+00  0.0000E+00  0.0000E+00  0.0000E+00  0.0000E+00
     -4.509  0.1537E+00  0.4824E-02  0.4824E-02  0.4824E-02  0.0000E+00  0.0000E+00  0.0000E+00  0.0000E+00  0.0000E+00
     -4.418  0.1823E+00  0.5639E-02  0.5639E-02  0.5639E-02  0.0000E+00  0.0000E+00  0.0000E+00  0.0000E+00  0.0000E+00
     -4.328  0.1861E+00  0.5943E-02  0.5943E-02  0.5943E-02  0.0000E+00  0.0000E+00  0.0000E+00  0.0000E+00  0.0000E+00
     -4.238  0.1749E+00  0.5903E-02  0.5903E-02  0.5903E-02  0.0000E+00  0.0000E+00  0.0000E+00  0.0000E+00  0.0000E+00
     -4.148  0.1673E+00  0.5943E-02  0.5943E-02  0.5943E-02  0.0000E+00  0.0000E+00  0.0000E+00  0.0000E+00  0.0000E+00
     -4.058  0.1604E+00  0.5952E-02  0.5952E-02  0.5952E-02  0.0000E+00  0.0000E+00  0.0000E+00  0.0000E+00  0.0000E+00
     -3.967  0.1551E+00  0.5990E-02  0.5990E-02  0.5990E-02  0.0000E+00  0.0000E+00  0.0000E+00  0.0000E+00  0.0000E+00
     -3.877  0.1480E+00  0.5984E-02  0.5984E-02  0.5984E-02  0.0000E+00  0.0000E+00  0.0000E+00  0.0000E+00  0.0000E+00
     -3.787  0.1423E+00  0.5972E-02  0.5972E-02  0.5972E-02  0.0000E+00  0.0000E+00  0.0000E+00  0.0000E+00  0.0000E+00
     -3.697  0.1352E+00  0.5909E-02  0.5909E-02  0.5909E-02  0.0000E+00  0.0000E+00  0.0000E+00  0.0000E+00  0.0000E+00
     -3.607  0.1297E+00  0.5883E-02  0.5883E-02  0.5883E-02  0.0000E+00  0.0000E+00  0.0000E+00  0.0000E+00  0.0000E+00
     -3.516  0.1226E+00  0.5782E-02  0.5782E-02  0.5782E-02  0.0000E+00  0.0000E+00  0.0000E+00  0.0000E+00  0.0000E+00
     -3.426  0.1164E+00  0.5682E-02  0.5682E-02  0.5682E-02  0.0000E+00  0.0000E+00  0.0000E+00  0.0000E+00  0.0000E+00
     -3.336  0.1102E+00  0.5570E-02  0.5570E-02  0.5570E-02  0.0000E+00  0.0000E+00  0.0000E+00  0.0000E+00  0.0000E+00
     -3.246  0.1027E+00  0.5398E-02  0.5398E-02  0.5398E-02  0.0000E+00  0.0000E+00  0.0000E+00  0.0000E+00  0.0000E+00
     -3.156  0.9627E-01  0.5225E-02  0.5225E-02  0.5225E-02  0.0000E+00  0.0000E+00  0.0000E+00  0.0000E+00  0.0000E+00
     -3.065  0.8895E-01  0.5007E-02  0.5007E-02  0.5007E-02  0.0000E+00  0.0000E+00  0.0000E+00  0.0000E+00  0.0000E+00
     -2.975  0.8158E-01  0.4771E-02  0.4771E-02  0.4771E-02  0.0000E+00  0.0000E+00  0.0000E+00  0.0000E+00  0.0000E+00
     -2.885  0.7388E-01  0.4480E-02  0.4480E-02  0.4480E-02  0.0000E+00  0.0000E+00  0.0000E+00  0.0000E+00  0.0000E+00
     -2.795  0.6698E-01  0.4251E-02  0.4251E-02  0.4251E-02  0.0000E+00  0.0000E+00  0.0000E+00  0.0000E+00  0.0000E+00
     -2.705  0.5591E-01  0.3717E-02  0.3717E-02  0.3717E-02  0.0000E+00  0.0000E+00  0.0000E+00  0.0000E+00  0.0000E+00
     -2.614  0.3311E-01  0.2234E-02  0.2234E-02  0.2234E-02  0.0000E+00  0.0000E+00  0.0000E+00  0.0000E+00  0.0000E+00
     -2.524  0.2118E-02  0.1379E-03  0.1379E-03  0.1379E-03  0.0000E+00  0.0000E+00  0.0000E+00  0.0000E+00  0.0000E+00
     -2.434  0.3250E-02  0.2718E-03  0.2718E-03  0.2718E-03  0.0000E+00  0.0000E+00  0.0000E+00  0.0000E+00  0.0000E+00
     -2.344  0.1309E-01  0.1097E-02  0.1097E-02  0.1097E-02  0.0000E+00  0.0000E+00  0.0000E+00  0.0000E+00  0.0000E+00
     -2.254  0.2989E-01  0.2507E-02  0.2507E-02  0.2507E-02  0.0000E+00  0.0000E+00  0.0000E+00  0.0000E+00  0.0000E+00
     -2.163  0.5199E-01  0.4373E-02  0.4373E-02  0.4373E-02  0.0000E+00  0.0000E+00  0.0000E+00  0.0000E+00  0.0000E+00
     -2.073  0.5649E-01  0.4925E-02  0.4925E-02  0.4925E-02  0.0000E+00  0.0000E+00  0.0000E+00  0.0000E+00  0.0000E+00
     -1.983  0.6428E-01  0.5775E-02  0.5775E-02  0.5775E-02  0.0000E+00  0.0000E+00  0.0000E+00  0.0000E+00  0.0000E+00
     -1.893  0.7366E-01  0.6900E-02  0.6900E-02  0.6900E-02  0.0000E+00  0.0000E+00  0.0000E+00  0.0000E+00  0.0000E+00
     -1.803  0.8180E-01  0.7949E-02  0.7949E-02  0.7949E-02  0.0000E+00  0.0000E+00  0.0000E+00  0.0000E+00  0.0000E+00
     -1.712  0.9290E-01  0.9521E-02  0.9521E-02  0.9521E-02  0.0000E+00  0.0000E+00  0.0000E+00  0.0000E+00  0.0000E+00
     -1.622  0.1038E+00  0.1121E-01  0.1121E-01  0.1121E-01  0.0000E+00  0.0000E+00  0.0000E+00  0.0000E+00  0.0000E+00
     -1.532  0.1563E+00  0.2446E-01  0.2446E-01  0.2446E-01  0.0000E+00  0.0000E+00  0.0000E+00  0.0000E+00  0.0000E+00
     -1.442  0.2708E+00  0.4856E-01  0.4856E-01  0.4856E-01  0.0000E+00  0.0000E+00  0.0000E+00  0.0000E+00  0.0000E+00
     -1.352  0.1944E+00  0.3383E-01  0.3383E-01  0.3383E-01  0.0000E+00  0.0000E+00  0.0000E+00  0.0000E+00  0.0000E+00
     -1.261  0.1439E+00  0.2461E-01  0.2461E-01  0.2461E-01  0.0000E+00  0.0000E+00  0.0000E+00  0.0000E+00  0.0000E+00
     -1.171  0.1258E+00  0.2151E-01  0.2151E-01  0.2151E-01  0.0000E+00  0.0000E+00  0.0000E+00  0.0000E+00  0.0000E+00
     -1.081  0.1126E+00  0.1942E-01  0.1942E-01  0.1942E-01  0.0000E+00  0.0000E+00  0.0000E+00  0.0000E+00  0.0000E+00
     -0.991  0.1019E+00  0.1783E-01  0.1783E-01  0.1783E-01  0.0000E+00  0.0000E+00  0.0000E+00  0.0000E+00  0.0000E+00
     -0.901  0.9425E-01  0.1669E-01  0.1669E-01  0.1669E-01  0.0000E+00  0.0000E+00  0.0000E+00  0.0000E+00  0.0000E+00
     -0.811  0.8768E-01  0.1575E-01  0.1575E-01  0.1575E-01  0.0000E+00  0.0000E+00  0.0000E+00  0.0000E+00  0.0000E+00
     -0.720  0.8143E-01  0.1489E-01  0.1489E-01  0.1489E-01  0.0000E+00  0.0000E+00  0.0000E+00  0.0000E+00  0.0000E+00
     -0.630  0.7573E-01  0.1411E-01  0.1411E-01  0.1411E-01  0.0000E+00  0.0000E+00  0.0000E+00  0.0000E+00  0.0000E+00
     -0.540  0.7159E-01  0.1355E-01  0.1355E-01  0.1355E-01  0.0000E+00  0.0000E+00  0.0000E+00  0.0000E+00  0.0000E+00
     -0.450  0.6744E-01  0.1300E-01  0.1300E-01  0.1300E-01  0.0000E+00  0.0000E+00  0.0000E+00  0.0000E+00  0.0000E+00
     -0.360  0.6326E-01  0.1245E-01  0.1245E-01  0.1245E-01  0.0000E+00  0.0000E+00  0.0000E+00  0.0000E+00  0.0000E+00
     -0.269  0.5930E-01  0.1191E-01  0.1191E-01  0.1191E-01  0.0000E+00  0.0000E+00  0.0000E+00  0.0000E+00  0.0000E+00
     -0.179  0.5643E-01  0.1154E-01  0.1154E-01  0.1154E-01  0.0000E+00  0.0000E+00  0.0000E+00  0.0000E+00  0.0000E+00
     -0.089  0.5346E-01  0.1115E-01  0.1115E-01  0.1115E-01  0.0000E+00  0.0000E+00  0.0000E+00  0.0000E+00  0.0000E+00
      0.001  0.5030E-01  0.1072E-01  0.1072E-01  0.1072E-01  0.0000E+00  0.0000E+00  0.0000E+00  0.0000E+00  0.0000E+00
      0.091  0.4716E-01  0.1028E-01  0.1028E-01  0.1028E-01  0.0000E+00  0.0000E+00  0.0000E+00  0.0000E+00  0.0000E+00
      0.182  0.4502E-01  0.9998E-02  0.9998E-02  0.9998E-02  0.0000E+00  0.0000E+00  0.0000E+00  0.0000E+00  0.0000E+00
      0.272  0.4286E-01  0.9709E-02  0.9709E-02  0.9709E-02  0.0000E+00  0.0000E+00  0.0000E+00  0.0000E+00  0.0000E+00
      0.362  0.4052E-01  0.9383E-02  0.9383E-02  0.9383E-02  0.0000E+00  0.0000E+00  0.0000E+00  0.0000E+00  0.0000E+00
      0.452  0.3797E-01  0.9007E-02  0.9007E-02  0.9007E-02  0.0000E+00  0.0000E+00  0.0000E+00  0.0000E+00  0.0000E+00
      0.542  0.3597E-01  0.8714E-02  0.8714E-02  0.8714E-02  0.0000E+00  0.0000E+00  0.0000E+00  0.0000E+00  0.0000E+00
      0.633  0.3437E-01  0.8490E-02  0.8490E-02  0.8490E-02  0.0000E+00  0.0000E+00  0.0000E+00  0.0000E+00  0.0000E+00
      0.723  0.3264E-01  0.8238E-02  0.8238E-02  0.8238E-02  0.0000E+00  0.0000E+00  0.0000E+00  0.0000E+00  0.0000E+00
      0.813  0.3084E-01  0.7964E-02  0.7964E-02  0.7964E-02  0.0000E+00  0.0000E+00  0.0000E+00  0.0000E+00  0.0000E+00
      0.903  0.2881E-01  0.7630E-02  0.7630E-02  0.7630E-02  0.0000E+00  0.0000E+00  0.0000E+00  0.0000E+00  0.0000E+00
      0.993  0.2735E-01  0.7399E-02  0.7399E-02  0.7399E-02  0.0000E+00  0.0000E+00  0.0000E+00  0.0000E+00  0.0000E+00
      1.084  0.2677E-01  0.1626E-01  0.1626E-01  0.1626E-01  0.0000E+00  0.0000E+00  0.0000E+00  0.0000E+00  0.0000E+00
      1.174  0.2725E-01  0.3092E-01  0.3092E-01  0.3092E-01  0.0000E+00  0.0000E+00  0.0000E+00  0.0000E+00  0.0000E+00
      1.264  0.2803E-01  0.4321E-01  0.4321E-01  0.4321E-01  0.0000E+00  0.0000E+00  0.0000E+00  0.0000E+00  0.0000E+00
      1.354  0.3026E-01  0.6405E-01  0.6405E-01  0.6405E-01  0.0000E+00  0.0000E+00  0.0000E+00  0.0000E+00  0.0000E+00
      1.444  0.3024E-01  0.5915E-01  0.5915E-01  0.5915E-01  0.0000E+00  0.0000E+00  0.0000E+00  0.0000E+00  0.0000E+00
      1.535  0.3044E-01  0.5570E-01  0.5570E-01  0.5570E-01  0.0000E+00  0.0000E+00  0.0000E+00  0.0000E+00  0.0000E+00
      1.625  0.3028E-01  0.5167E-01  0.5167E-01  0.5167E-01  0.0000E+00  0.0000E+00  0.0000E+00  0.0000E+00  0.0000E+00
      1.715  0.3009E-01  0.5013E-01  0.5013E-01  0.5013E-01  0.0000E+00  0.0000E+00  0.0000E+00  0.0000E+00  0.0000E+00
      1.805  0.2944E-01  0.5194E-01  0.5194E-01  0.5194E-01  0.0000E+00  0.0000E+00  0.0000E+00  0.0000E+00  0.0000E+00
      1.895  0.2864E-01  0.5135E-01  0.5135E-01  0.5135E-01  0.0000E+00  0.0000E+00  0.0000E+00  0.0000E+00  0.0000E+00
      1.986  0.2837E-01  0.5288E-01  0.5288E-01  0.5288E-01  0.0000E+00  0.0000E+00  0.0000E+00  0.0000E+00  0.0000E+00
      2.076  0.2803E-01  0.5573E-01  0.5573E-01  0.5573E-01  0.0000E+00  0.0000E+00  0.0000E+00  0.0000E+00  0.0000E+00
      2.166  0.2725E-01  0.5661E-01  0.5661E-01  0.5661E-01  0.0000E+00  0.0000E+00  0.0000E+00  0.0000E+00  0.0000E+00
      2.256  0.2650E-01  0.5928E-01  0.5928E-01  0.5928E-01  0.0000E+00  0.0000E+00  0.0000E+00  0.0000E+00  0.0000E+00
      2.346  0.2562E-01  0.6345E-01  0.6345E-01  0.6345E-01  0.0000E+00  0.0000E+00  0.0000E+00  0.0000E+00  0.0000E+00
      2.437  0.2484E-01  0.6818E-01  0.6818E-01  0.6818E-01  0.0000E+00  0.0000E+00  0.0000E+00  0.0000E+00  0.0000E+00
      2.527  0.2407E-01  0.7384E-01  0.7384E-01  0.7384E-01  0.0000E+00  0.0000E+00  0.0000E+00  0.0000E+00  0.0000E+00
      2.617  0.2330E-01  0.9199E-01  0.9199E-01  0.9199E-01  0.0000E+00  0.0000E+00  0.0000E+00  0.0000E+00  0.0000E+00
      2.707  0.2245E-01  0.8862E-01  0.8862E-01  0.8862E-01  0.0000E+00  0.0000E+00  0.0000E+00  0.0000E+00  0.0000E+00
      2.797  0.2135E-01  0.8761E-01  0.8761E-01  0.8761E-01  0.0000E+00  0.0000E+00  0.0000E+00  0.0000E+00  0.0000E+00
      2.888  0.2023E-01  0.8660E-01  0.8660E-01  0.8660E-01  0.0000E+00  0.0000E+00  0.0000E+00  0.0000E+00  0.0000E+00
      2.978  0.1931E-01  0.8596E-01  0.8596E-01  0.8596E-01  0.0000E+00  0.0000E+00  0.0000E+00  0.0000E+00  0.0000E+00
      3.068  0.1845E-01  0.8514E-01  0.8514E-01  0.8514E-01  0.0000E+00  0.0000E+00  0.0000E+00  0.0000E+00  0.0000E+00
      3.158  0.1761E-01  0.8420E-01  0.8420E-01  0.8420E-01  0.0000E+00  0.0000E+00  0.0000E+00  0.0000E+00  0.0000E+00
      3.248  0.1672E-01  0.8342E-01  0.8342E-01  0.8342E-01  0.0000E+00  0.0000E+00  0.0000E+00  0.0000E+00  0.0000E+00
      3.339  0.1585E-01  0.8271E-01  0.8271E-01  0.8271E-01  0.0000E+00  0.0000E+00  0.0000E+00  0.0000E+00  0.0000E+00
      3.429  0.1467E-01  0.8224E-01  0.8224E-01  0.8224E-01  0.0000E+00  0.0000E+00  0.0000E+00  0.0000E+00  0.0000E+00
      3.519  0.1374E-01  0.8112E-01  0.8112E-01  0.8112E-01  0.0000E+00  0.0000E+00  0.0000E+00  0.0000E+00  0.0000E+00
      3.609  0.1298E-01  0.8010E-01  0.8010E-01  0.8010E-01  0.0000E+00  0.0000E+00  0.0000E+00  0.0000E+00  0.0000E+00
      3.699  0.1217E-01  0.8002E-01  0.8002E-01  0.8002E-01  0.0000E+00  0.0000E+00  0.0000E+00  0.0000E+00  0.0000E+00
      3.790  0.1115E-01  0.7941E-01  0.7941E-01  0.7941E-01  0.0000E+00  0.0000E+00  0.0000E+00  0.0000E+00  0.0000E+00
      3.880  0.1005E-01  0.7898E-01  0.7898E-01  0.7898E-01  0.0000E+00  0.0000E+00  0.0000E+00  0.0000E+00  0.0000E+00
      3.970  0.8941E-02  0.7819E-01  0.7819E-01  0.7819E-01  0.0000E+00  0.0000E+00  0.0000E+00  0.0000E+00  0.0000E+00
      4.060  0.8110E-02  0.7803E-01  0.7803E-01  0.7803E-01  0.0000E+00  0.0000E+00  0.0000E+00  0.0000E+00  0.0000E+00
      4.150  0.7417E-02  0.7759E-01  0.7759E-01  0.7759E-01  0.0000E+00  0.0000E+00  0.0000E+00  0.0000E+00  0.0000E+00
      4.241  0.6653E-02  0.7717E-01  0.7717E-01  0.7717E-01  0.0000E+00  0.0000E+00  0.0000E+00  0.0000E+00  0.0000E+00
      4.331  0.5930E-02  0.6717E-01  0.6717E-01  0.6717E-01  0.0000E+00  0.0000E+00  0.0000E+00  0.0000E+00  0.0000E+00
      4.421  0.5368E-02  0.5376E-01  0.5376E-01  0.5376E-01  0.0000E+00  0.0000E+00  0.0000E+00  0.0000E+00  0.0000E+00
      4.511  0.4633E-02  0.4670E-01  0.4670E-01  0.4670E-01  0.0000E+00  0.0000E+00  0.0000E+00  0.0000E+00  0.0000E+00
      4.601  0.3969E-02  0.4101E-01  0.4101E-01  0.4101E-01  0.0000E+00  0.0000E+00  0.0000E+00  0.0000E+00  0.0000E+00
      4.692  0.3501E-02  0.3653E-01  0.3653E-01  0.3653E-01  0.0000E+00  0.0000E+00  0.0000E+00  0.0000E+00  0.0000E+00
      4.782  0.2968E-02  0.3258E-01  0.3258E-01  0.3258E-01  0.0000E+00  0.0000E+00  0.0000E+00  0.0000E+00  0.0000E+00
      4.872  0.2525E-02  0.2898E-01  0.2898E-01  0.2898E-01  0.0000E+00  0.0000E+00  0.0000E+00  0.0000E+00  0.0000E+00
      4.962  0.1983E-02  0.2544E-01  0.2544E-01  0.2544E-01  0.0000E+00  0.0000E+00  0.0000E+00  0.0000E+00  0.0000E+00
      5.052  0.1514E-02  0.2235E-01  0.2235E-01  0.2235E-01  0.0000E+00  0.0000E+00  0.0000E+00  0.0000E+00  0.0000E+00
      5.143  0.1213E-02  0.1932E-01  0.1932E-01  0.1932E-01  0.0000E+00  0.0000E+00  0.0000E+00  0.0000E+00  0.0000E+00
      5.233  0.8420E-03  0.1627E-01  0.1627E-01  0.1627E-01  0.0000E+00  0.0000E+00  0.0000E+00  0.0000E+00  0.0000E+00
      5.323  0.5992E-03  0.1311E-01  0.1311E-01  0.1311E-01  0.0000E+00  0.0000E+00  0.0000E+00  0.0000E+00  0.0000E+00
      5.413  0.3067E-03  0.9834E-02  0.9834E-02  0.9834E-02  0.0000E+00  0.0000E+00  0.0000E+00  0.0000E+00  0.0000E+00
      5.503  0.7094E-04  0.4802E-02  0.4802E-02  0.4802E-02  0.0000E+00  0.0000E+00  0.0000E+00  0.0000E+00  0.0000E+00
      5.593  0.0000E+00  0.0000E+00  0.0000E+00  0.0000E+00  0.0000E+00  0.0000E+00  0.0000E+00  0.0000E+00  0.0000E+00
      5.684  0.0000E+00  0.0000E+00  0.0000E+00  0.0000E+00  0.0000E+00  0.0000E+00  0.0000E+00  0.0000E+00  0.0000E+00
      5.774  0.0000E+00  0.0000E+00  0.0000E+00  0.0000E+00  0.0000E+00  0.0000E+00  0.0000E+00  0.0000E+00  0.0000E+00
      5.864  0.0000E+00  0.0000E+00  0.0000E+00  0.0000E+00  0.0000E+00  0.0000E+00  0.0000E+00  0.0000E+00  0.0000E+00
      5.954  0.0000E+00  0.0000E+00  0.0000E+00  0.0000E+00  0.0000E+00  0.0000E+00  0.0000E+00  0.0000E+00  0.0000E+00
      6.044  0.0000E+00  0.0000E+00  0.0000E+00  0.0000E+00  0.0000E+00  0.0000E+00  0.0000E+00  0.0000E+00  0.0000E+00
      6.135  0.0000E+00  0.0000E+00  0.0000E+00  0.0000E+00  0.0000E+00  0.0000E+00  0.0000E+00  0.0000E+00  0.0000E+00
      6.225  0.0000E+00  0.0000E+00  0.0000E+00  0.0000E+00  0.0000E+00  0.0000E+00  0.0000E+00  0.0000E+00  0.0000E+00
      6.315  0.0000E+00  0.0000E+00  0.0000E+00  0.0000E+00  0.0000E+00  0.0000E+00  0.0000E+00  0.0000E+00  0.0000E+00
      6.405  0.9747E-03  0.2925E-03  0.2925E-03  0.2925E-03  0.0000E+00  0.0000E+00  0.0000E+00  0.0000E+00  0.0000E+00
      6.495  0.6407E-02  0.1988E-02  0.1988E-02  0.1988E-02  0.0000E+00  0.0000E+00  0.0000E+00  0.0000E+00  0.0000E+00
      6.586  0.9889E-02  0.3207E-02  0.3207E-02  0.3207E-02  0.0000E+00  0.0000E+00  0.0000E+00  0.0000E+00  0.0000E+00
      6.676  0.1397E-01  0.4649E-02  0.4649E-02  0.4649E-02  0.0000E+00  0.0000E+00  0.0000E+00  0.0000E+00  0.0000E+00
      6.766  0.1605E-01  0.5661E-02  0.5661E-02  0.5661E-02  0.0000E+00  0.0000E+00  0.0000E+00  0.0000E+00  0.0000E+00
      6.856  0.1818E-01  0.6727E-02  0.6727E-02  0.6727E-02  0.0000E+00  0.0000E+00  0.0000E+00  0.0000E+00  0.0000E+00
      6.946  0.2027E-01  0.7835E-02  0.7835E-02  0.7835E-02  0.0000E+00  0.0000E+00  0.0000E+00  0.0000E+00  0.0000E+00
      7.037  0.2245E-01  0.9057E-02  0.9057E-02  0.9057E-02  0.0000E+00  0.0000E+00  0.0000E+00  0.0000E+00  0.0000E+00
      7.127  0.2442E-01  0.1028E-01  0.1028E-01  0.1028E-01  0.0000E+00  0.0000E+00  0.0000E+00  0.0000E+00  0.0000E+00
      7.217  0.2581E-01  0.1137E-01  0.1137E-01  0.1137E-01  0.0000E+00  0.0000E+00  0.0000E+00  0.0000E+00  0.0000E+00
      7.307  0.2733E-01  0.1255E-01  0.1255E-01  0.1255E-01  0.0000E+00  0.0000E+00  0.0000E+00  0.0000E+00  0.0000E+00
      7.397  0.2904E-01  0.1383E-01  0.1383E-01  0.1383E-01  0.0000E+00  0.0000E+00  0.0000E+00  0.0000E+00  0.0000E+00
      7.488  0.3826E-01  0.1560E-01  0.1560E-01  0.1560E-01  0.0000E+00  0.0000E+00  0.0000E+00  0.0000E+00  0.0000E+00
      7.578  0.4842E-01  0.1767E-01  0.1767E-01  0.1767E-01  0.0000E+00  0.0000E+00  0.0000E+00  0.0000E+00  0.0000E+00
      7.668  0.5529E-01  0.1989E-01  0.1989E-01  0.1989E-01  0.0000E+00  0.0000E+00  0.0000E+00  0.0000E+00  0.0000E+00
      7.758  0.6313E-01  0.2242E-01  0.2242E-01  0.2242E-01  0.0000E+00  0.0000E+00  0.0000E+00  0.0000E+00  0.0000E+00
      7.848  0.7125E-01  0.2515E-01  0.2515E-01  0.2515E-01  0.0000E+00  0.0000E+00  0.0000E+00  0.0000E+00  0.0000E+00
      7.939  0.8381E-01  0.2921E-01  0.2921E-01  0.2921E-01  0.0000E+00  0.0000E+00  0.0000E+00  0.0000E+00  0.0000E+00
      8.029  0.1030E+00  0.3482E-01  0.3482E-01  0.3482E-01  0.0000E+00  0.0000E+00  0.0000E+00  0.0000E+00  0.0000E+00
      8.119  0.1187E+00  0.4101E-01  0.4101E-01  0.4101E-01  0.0000E+00  0.0000E+00  0.0000E+00  0.0000E+00  0.0000E+00
      8.209  0.1062E+00  0.4061E-01  0.4061E-01  0.4061E-01  0.0000E+00  0.0000E+00  0.0000E+00  0.0000E+00  0.0000E+00
      8.299  0.9986E-01  0.4240E-01  0.4240E-01  0.4240E-01  0.0000E+00  0.0000E+00  0.0000E+00  0.0000E+00  0.0000E+00
      8.390  0.8668E-01  0.4078E-01  0.4078E-01  0.4078E-01  0.0000E+00  0.0000E+00  0.0000E+00  0.0000E+00  0.0000E+00
      8.480  0.7305E-01  0.3514E-01  0.3514E-01  0.3514E-01  0.0000E+00  0.0000E+00  0.0000E+00  0.0000E+00  0.0000E+00
      8.570  0.6293E-01  0.3297E-01  0.3297E-01  0.3297E-01  0.0000E+00  0.0000E+00  0.0000E+00  0.0000E+00  0.0000E+00
      8.660  0.5770E-01  0.3250E-01  0.3250E-01  0.3250E-01  0.0000E+00  0.0000E+00  0.0000E+00  0.0000E+00  0.0000E+00
      8.750  0.5583E-01  0.3596E-01  0.3596E-01  0.3596E-01  0.0000E+00  0.0000E+00  0.0000E+00  0.0000E+00  0.0000E+00
      8.841  0.4725E-01  0.3278E-01  0.3278E-01  0.3278E-01  0.0000E+00  0.0000E+00  0.0000E+00  0.0000E+00  0.0000E+00
      8.931  0.3674E-01  0.3005E-01  0.3005E-01  0.3005E-01  0.0000E+00  0.0000E+00  0.0000E+00  0.0000E+00  0.0000E+00
      9.021  0.3486E-01  0.3297E-01  0.3297E-01  0.3297E-01  0.0000E+00  0.0000E+00  0.0000E+00  0.0000E+00  0.0000E+00
      9.111  0.4705E-01  0.7251E-01  0.7251E-01  0.7251E-01  0.0000E+00  0.0000E+00  0.0000E+00  0.0000E+00  0.0000E+00
      9.201  0.5120E-01  0.7812E-01  0.7812E-01  0.7812E-01  0.0000E+00  0.0000E+00  0.0000E+00  0.0000E+00  0.0000E+00
      9.292  0.5345E-01  0.6384E-01  0.6384E-01  0.6384E-01  0.0000E+00  0.0000E+00  0.0000E+00  0.0000E+00  0.0000E+00
      9.382  0.4720E-01  0.5385E-01  0.5385E-01  0.5385E-01  0.0000E+00  0.0000E+00  0.0000E+00  0.0000E+00  0.0000E+00
      9.472  0.4841E-01  0.5360E-01  0.5360E-01  0.5360E-01  0.0000E+00  0.0000E+00  0.0000E+00  0.0000E+00  0.0000E+00
      9.562  0.5037E-01  0.5443E-01  0.5443E-01  0.5443E-01  0.0000E+00  0.0000E+00  0.0000E+00  0.0000E+00  0.0000E+00
      9.652  0.5645E-01  0.5695E-01  0.5695E-01  0.5695E-01  0.0000E+00  0.0000E+00  0.0000E+00  0.0000E+00  0.0000E+00
      9.743  0.6879E-01  0.5767E-01  0.5767E-01  0.5767E-01  0.0000E+00  0.0000E+00  0.0000E+00  0.0000E+00  0.0000E+00
      9.833  0.3883E-01  0.4366E-01  0.4366E-01  0.4366E-01  0.0000E+00  0.0000E+00  0.0000E+00  0.0000E+00  0.0000E+00
      9.923  0.3318E-01  0.4111E-01  0.4111E-01  0.4111E-01  0.0000E+00  0.0000E+00  0.0000E+00  0.0000E+00  0.0000E+00
     10.013  0.2875E-01  0.3871E-01  0.3871E-01  0.3871E-01  0.0000E+00  0.0000E+00  0.0000E+00  0.0000E+00  0.0000E+00
     10.103  0.2806E-01  0.3782E-01  0.3782E-01  0.3782E-01  0.0000E+00  0.0000E+00  0.0000E+00  0.0000E+00  0.0000E+00
     10.194  0.2866E-01  0.3695E-01  0.3695E-01  0.3695E-01  0.0000E+00  0.0000E+00  0.0000E+00  0.0000E+00  0.0000E+00
     10.284  0.3083E-01  0.3790E-01  0.3790E-01  0.3790E-01  0.0000E+00  0.0000E+00  0.0000E+00  0.0000E+00  0.0000E+00
     10.374  0.3384E-01  0.4114E-01  0.4114E-01  0.4114E-01  0.0000E+00  0.0000E+00  0.0000E+00  0.0000E+00  0.0000E+00
     10.464  0.3928E-01  0.4496E-01  0.4496E-01  0.4496E-01  0.0000E+00  0.0000E+00  0.0000E+00  0.0000E+00  0.0000E+00
     10.554  0.4124E-01  0.4132E-01  0.4132E-01  0.4132E-01  0.0000E+00  0.0000E+00  0.0000E+00  0.0000E+00  0.0000E+00
     10.645  0.3952E-01  0.3956E-01  0.3956E-01  0.3956E-01  0.0000E+00  0.0000E+00  0.0000E+00  0.0000E+00  0.0000E+00
     10.735  0.4070E-01  0.4032E-01  0.4032E-01  0.4032E-01  0.0000E+00  0.0000E+00  0.0000E+00  0.0000E+00  0.0000E+00
     10.825  0.4230E-01  0.4178E-01  0.4178E-01  0.4178E-01  0.0000E+00  0.0000E+00  0.0000E+00  0.0000E+00  0.0000E+00
     10.915  0.4020E-01  0.3999E-01  0.3999E-01  0.3999E-01  0.0000E+00  0.0000E+00  0.0000E+00  0.0000E+00  0.0000E+00
     11.005  0.3933E-01  0.3907E-01  0.3907E-01  0.3907E-01  0.0000E+00  0.0000E+00  0.0000E+00  0.0000E+00  0.0000E+00
     11.096  0.4038E-01  0.4005E-01  0.4005E-01  0.4005E-01  0.0000E+00  0.0000E+00  0.0000E+00  0.0000E+00  0.0000E+00
     11.186  0.3860E-01  0.4010E-01  0.4010E-01  0.4010E-01  0.0000E+00  0.0000E+00  0.0000E+00  0.0000E+00  0.0000E+00
     11.276  0.3601E-01  0.3829E-01  0.3829E-01  0.3829E-01  0.0000E+00  0.0000E+00  0.0000E+00  0.0000E+00  0.0000E+00
     11.366  0.3769E-01  0.3932E-01  0.3932E-01  0.3932E-01  0.0000E+00  0.0000E+00  0.0000E+00  0.0000E+00  0.0000E+00
     11.456  0.3746E-01  0.3967E-01  0.3967E-01  0.3967E-01  0.0000E+00  0.0000E+00  0.0000E+00  0.0000E+00  0.0000E+00
     11.547  0.3605E-01  0.3928E-01  0.3928E-01  0.3928E-01  0.0000E+00  0.0000E+00  0.0000E+00  0.0000E+00  0.0000E+00
     11.637  0.3295E-01  0.3754E-01  0.3754E-01  0.3754E-01  0.0000E+00  0.0000E+00  0.0000E+00  0.0000E+00  0.0000E+00
     11.727  0.3149E-01  0.3793E-01  0.3793E-01  0.3793E-01  0.0000E+00  0.0000E+00  0.0000E+00  0.0000E+00  0.0000E+00
     11.817  0.3014E-01  0.3705E-01  0.3705E-01  0.3705E-01  0.0000E+00  0.0000E+00  0.0000E+00  0.0000E+00  0.0000E+00
     11.907  0.2904E-01  0.3679E-01  0.3679E-01  0.3679E-01  0.0000E+00  0.0000E+00  0.0000E+00  0.0000E+00  0.0000E+00
     11.997  0.2722E-01  0.3623E-01  0.3623E-01  0.3623E-01  0.0000E+00  0.0000E+00  0.0000E+00  0.0000E+00  0.0000E+00
     12.088  0.2553E-01  0.3491E-01  0.3491E-01  0.3491E-01  0.0000E+00  0.0000E+00  0.0000E+00  0.0000E+00  0.0000E+00
     12.178  0.2443E-01  0.3496E-01  0.3496E-01  0.3496E-01  0.0000E+00  0.0000E+00  0.0000E+00  0.0000E+00  0.0000E+00
     12.268  0.2286E-01  0.3402E-01  0.3402E-01  0.3402E-01  0.0000E+00  0.0000E+00  0.0000E+00  0.0000E+00  0.0000E+00
     12.358  0.2058E-01  0.3222E-01  0.3222E-01  0.3222E-01  0.0000E+00  0.0000E+00  0.0000E+00  0.0000E+00  0.0000E+00
     12.448  0.2021E-01  0.3259E-01  0.3259E-01  0.3259E-01  0.0000E+00  0.0000E+00  0.0000E+00  0.0000E+00  0.0000E+00
     12.539  0.1965E-01  0.3212E-01  0.3212E-01  0.3212E-01  0.0000E+00  0.0000E+00  0.0000E+00  0.0000E+00  0.0000E+00
     12.629  0.2169E-01  0.3577E-01  0.3577E-01  0.3577E-01  0.0000E+00  0.0000E+00  0.0000E+00  0.0000E+00  0.0000E+00
     12.719  0.2416E-01  0.3927E-01  0.3927E-01  0.3927E-01  0.0000E+00  0.0000E+00  0.0000E+00  0.0000E+00  0.0000E+00
     12.809  0.2070E-01  0.3504E-01  0.3504E-01  0.3504E-01  0.0000E+00  0.0000E+00  0.0000E+00  0.0000E+00  0.0000E+00
     12.899  0.1898E-01  0.3303E-01  0.3303E-01  0.3303E-01  0.0000E+00  0.0000E+00  0.0000E+00  0.0000E+00  0.0000E+00
     12.990  0.1638E-01  0.2994E-01  0.2994E-01  0.2994E-01  0.0000E+00  0.0000E+00  0.0000E+00  0.0000E+00  0.0000E+00
     13.080  0.1429E-01  0.2781E-01  0.2781E-01  0.2781E-01  0.0000E+00  0.0000E+00  0.0000E+00  0.0000E+00  0.0000E+00
     13.170  0.1311E-01  0.2686E-01  0.2686E-01  0.2686E-01  0.0000E+00  0.0000E+00  0.0000E+00  0.0000E+00  0.0000E+00
     13.260  0.1146E-01  0.2478E-01  0.2478E-01  0.2478E-01  0.0000E+00  0.0000E+00  0.0000E+00  0.0000E+00  0.0000E+00
     13.350  0.1038E-01  0.2380E-01  0.2380E-01  0.2380E-01  0.0000E+00  0.0000E+00  0.0000E+00  0.0000E+00  0.0000E+00
     13.441  0.9737E-02  0.2309E-01  0.2309E-01  0.2309E-01  0.0000E+00  0.0000E+00  0.0000E+00  0.0000E+00  0.0000E+00
     13.531  0.9217E-02  0.2240E-01  0.2240E-01  0.2240E-01  0.0000E+00  0.0000E+00  0.0000E+00  0.0000E+00  0.0000E+00
     13.621  0.8346E-02  0.2124E-01  0.2124E-01  0.2124E-01  0.0000E+00  0.0000E+00  0.0000E+00  0.0000E+00  0.0000E+00
     13.711  0.7607E-02  0.2043E-01  0.2043E-01  0.2043E-01  0.0000E+00  0.0000E+00  0.0000E+00  0.0000E+00  0.0000E+00
     13.801  0.7098E-02  0.2011E-01  0.2011E-01  0.2011E-01  0.0000E+00  0.0000E+00  0.0000E+00  0.0000E+00  0.0000E+00
     13.892  0.6805E-02  0.2057E-01  0.2057E-01  0.2057E-01  0.0000E+00  0.0000E+00  0.0000E+00  0.0000E+00  0.0000E+00
     13.982  0.6372E-02  0.2426E-01  0.2426E-01  0.2426E-01  0.0000E+00  0.0000E+00  0.0000E+00  0.0000E+00  0.0000E+00
     14.072  0.5467E-02  0.2030E-01  0.2030E-01  0.2030E-01  0.0000E+00  0.0000E+00  0.0000E+00  0.0000E+00  0.0000E+00
     14.162  0.4118E-02  0.1714E-01  0.1714E-01  0.1714E-01  0.0000E+00  0.0000E+00  0.0000E+00  0.0000E+00  0.0000E+00
     14.252  0.3404E-02  0.1330E-01  0.1330E-01  0.1330E-01  0.0000E+00  0.0000E+00  0.0000E+00  0.0000E+00  0.0000E+00
     14.343  0.2935E-02  0.1073E-01  0.1073E-01  0.1073E-01  0.0000E+00  0.0000E+00  0.0000E+00  0.0000E+00  0.0000E+00
     14.433  0.2694E-02  0.9944E-02  0.9944E-02  0.9944E-02  0.0000E+00  0.0000E+00  0.0000E+00  0.0000E+00  0.0000E+00
     14.523  0.2562E-02  0.9545E-02  0.9545E-02  0.9545E-02  0.0000E+00  0.0000E+00  0.0000E+00  0.0000E+00  0.0000E+00
     14.613  0.2409E-02  0.9199E-02  0.9199E-02  0.9199E-02  0.0000E+00  0.0000E+00  0.0000E+00  0.0000E+00  0.0000E+00
     14.703  0.2194E-02  0.8744E-02  0.8744E-02  0.8744E-02  0.0000E+00  0.0000E+00  0.0000E+00  0.0000E+00  0.0000E+00
     14.794  0.2017E-02  0.8281E-02  0.8281E-02  0.8281E-02  0.0000E+00  0.0000E+00  0.0000E+00  0.0000E+00  0.0000E+00
     14.884  0.1644E-02  0.7920E-02  0.7920E-02  0.7920E-02  0.0000E+00  0.0000E+00  0.0000E+00  0.0000E+00  0.0000E+00
     14.974  0.1403E-02  0.7516E-02  0.7516E-02  0.7516E-02  0.0000E+00  0.0000E+00  0.0000E+00  0.0000E+00  0.0000E+00
     15.064  0.1199E-02  0.6534E-02  0.6534E-02  0.6534E-02  0.0000E+00  0.0000E+00  0.0000E+00  0.0000E+00  0.0000E+00
     15.154  0.1025E-02  0.5753E-02  0.5753E-02  0.5753E-02  0.0000E+00  0.0000E+00  0.0000E+00  0.0000E+00  0.0000E+00
     15.245  0.8920E-03  0.5193E-02  0.5193E-02  0.5193E-02  0.0000E+00  0.0000E+00  0.0000E+00  0.0000E+00  0.0000E+00
     15.335  0.7851E-03  0.4782E-02  0.4782E-02  0.4782E-02  0.0000E+00  0.0000E+00  0.0000E+00  0.0000E+00  0.0000E+00
     15.425  0.7004E-03  0.4616E-02  0.4616E-02  0.4616E-02  0.0000E+00  0.0000E+00  0.0000E+00  0.0000E+00  0.0000E+00
     15.515  0.6335E-03  0.4469E-02  0.4469E-02  0.4469E-02  0.0000E+00  0.0000E+00  0.0000E+00  0.0000E+00  0.0000E+00
     15.605  0.5383E-03  0.4146E-02  0.4146E-02  0.4146E-02  0.0000E+00  0.0000E+00  0.0000E+00  0.0000E+00  0.0000E+00
     15.696  0.4289E-03  0.3870E-02  0.3870E-02  0.3870E-02  0.0000E+00  0.0000E+00  0.0000E+00  0.0000E+00  0.0000E+00
     15.786  0.2027E-03  0.2653E-02  0.2653E-02  0.2653E-02  0.0000E+00  0.0000E+00  0.0000E+00  0.0000E+00  0.0000E+00
     15.876  0.1504E-03  0.2070E-02  0.2070E-02  0.2070E-02  0.0000E+00  0.0000E+00  0.0000E+00  0.0000E+00  0.0000E+00
     15.966  0.1045E-03  0.1579E-02  0.1579E-02  0.1579E-02  0.0000E+00  0.0000E+00  0.0000E+00  0.0000E+00  0.0000E+00
     16.056  0.6495E-04  0.1190E-02  0.1190E-02  0.1190E-02  0.0000E+00  0.0000E+00  0.0000E+00  0.0000E+00  0.0000E+00
     16.147  0.3678E-04  0.1223E-02  0.1223E-02  0.1223E-02  0.0000E+00  0.0000E+00  0.0000E+00  0.0000E+00  0.0000E+00
     16.237  0.0000E+00  0.0000E+00  0.0000E+00  0.0000E+00  0.0000E+00  0.0000E+00  0.0000E+00  0.0000E+00  0.0000E+00
     16.327  0.0000E+00  0.0000E+00  0.0000E+00  0.0000E+00  0.0000E+00  0.0000E+00  0.0000E+00  0.0000E+00  0.0000E+00
     16.417  0.0000E+00  0.0000E+00  0.0000E+00  0.0000E+00  0.0000E+00  0.0000E+00  0.0000E+00  0.0000E+00  0.0000E+00
     16.507  0.0000E+00  0.0000E+00  0.0000E+00  0.0000E+00  0.0000E+00  0.0000E+00  0.0000E+00  0.0000E+00  0.0000E+00
     16.598  0.0000E+00  0.0000E+00  0.0000E+00  0.0000E+00  0.0000E+00  0.0000E+00  0.0000E+00  0.0000E+00  0.0000E+00
     16.688  0.0000E+00  0.0000E+00  0.0000E+00  0.0000E+00  0.0000E+00  0.0000E+00  0.0000E+00  0.0000E+00  0.0000E+00
     16.778  0.0000E+00  0.0000E+00  0.0000E+00  0.0000E+00  0.0000E+00  0.0000E+00  0.0000E+00  0.0000E+00  0.0000E+00
     16.868  0.0000E+00  0.0000E+00  0.0000E+00  0.0000E+00  0.0000E+00  0.0000E+00  0.0000E+00  0.0000E+00  0.0000E+00
     16.958  0.0000E+00  0.0000E+00  0.0000E+00  0.0000E+00  0.0000E+00  0.0000E+00  0.0000E+00  0.0000E+00  0.0000E+00
     17.049  0.0000E+00  0.0000E+00  0.0000E+00  0.0000E+00  0.0000E+00  0.0000E+00  0.0000E+00  0.0000E+00  0.0000E+00
     17.139  0.0000E+00  0.0000E+00  0.0000E+00  0.0000E+00  0.0000E+00  0.0000E+00  0.0000E+00  0.0000E+00  0.0000E+00
     17.229  0.0000E+00  0.0000E+00  0.0000E+00  0.0000E+00  0.0000E+00  0.0000E+00  0.0000E+00  0.0000E+00  0.0000E+00
     17.319  0.0000E+00  0.0000E+00  0.0000E+00  0.0000E+00  0.0000E+00  0.0000E+00  0.0000E+00  0.0000E+00  0.0000E+00
     17.409  0.0000E+00  0.0000E+00  0.0000E+00  0.0000E+00  0.0000E+00  0.0000E+00  0.0000E+00  0.0000E+00  0.0000E+00
     17.500  0.0000E+00  0.0000E+00  0.0000E+00  0.0000E+00  0.0000E+00  0.0000E+00  0.0000E+00  0.0000E+00  0.0000E+00
     17.590  0.0000E+00  0.0000E+00  0.0000E+00  0.0000E+00  0.0000E+00  0.0000E+00  0.0000E+00  0.0000E+00  0.0000E+00
     17.680  0.0000E+00  0.0000E+00  0.0000E+00  0.0000E+00  0.0000E+00  0.0000E+00  0.0000E+00  0.0000E+00  0.0000E+00
     17.770  0.0000E+00  0.0000E+00  0.0000E+00  0.0000E+00  0.0000E+00  0.0000E+00  0.0000E+00  0.0000E+00  0.0000E+00
     17.860  0.0000E+00  0.0000E+00  0.0000E+00  0.0000E+00  0.0000E+00  0.0000E+00  0.0000E+00  0.0000E+00  0.0000E+00
     17.951  0.0000E+00  0.0000E+00  0.0000E+00  0.0000E+00  0.0000E+00  0.0000E+00  0.0000E+00  0.0000E+00  0.0000E+00
     18.041  0.0000E+00  0.0000E+00  0.0000E+00  0.0000E+00  0.0000E+00  0.0000E+00  0.0000E+00  0.0000E+00  0.0000E+00
     18.131  0.0000E+00  0.0000E+00  0.0000E+00  0.0000E+00  0.0000E+00  0.0000E+00  0.0000E+00  0.0000E+00  0.0000E+00
     18.221  0.0000E+00  0.0000E+00  0.0000E+00  0.0000E+00  0.0000E+00  0.0000E+00  0.0000E+00  0.0000E+00  0.0000E+00
