   2   2   1   0
  0.1788196E+02  0.3698169E-09  0.3698169E-09  0.3698169E-09  0.5000000E-15
  1.000000000000000E-004
  CAR 
 Si                                      
     20.78553601     -8.42276645  301      7.50928643      1.00000000
     -8.423  0.0000E+00  0.0000E+00
     -8.325  0.0000E+00  0.0000E+00
     -8.228  0.0000E+00  0.0000E+00
     -8.131  0.0000E+00  0.0000E+00
     -8.033  0.0000E+00  0.0000E+00
     -7.936  0.0000E+00  0.0000E+00
     -7.839  0.0000E+00  0.0000E+00
     -7.741  0.0000E+00  0.0000E+00
     -7.644  0.0000E+00  0.0000E+00
     -7.547  0.0000E+00  0.0000E+00
     -7.449  0.0000E+00  0.0000E+00
     -7.352  0.0000E+00  0.0000E+00
     -7.254  0.0000E+00  0.0000E+00
     -7.157  0.0000E+00  0.0000E+00
     -7.060  0.0000E+00  0.0000E+00
     -6.962  0.0000E+00  0.0000E+00
     -6.865  0.0000E+00  0.0000E+00
     -6.768  0.0000E+00  0.0000E+00
     -6.670  0.0000E+00  0.0000E+00
     -6.573  0.0000E+00  0.0000E+00
     -6.476  0.0000E+00  0.0000E+00
     -6.378  0.5629E-01  0.1330E-02
     -6.281  0.1317E+00  0.9166E-02
     -6.183  0.1352E+00  0.2073E-01
     -6.086  0.1612E+00  0.3507E-01
     -5.989  0.1829E+00  0.5185E-01
     -5.891  0.2044E+00  0.7076E-01
     -5.794  0.2233E+00  0.9156E-01
     -5.697  0.2414E+00  0.1142E+00
     -5.599  0.2585E+00  0.1386E+00
     -5.502  0.2753E+00  0.1646E+00
     -5.405  0.2909E+00  0.1922E+00
     -5.307  0.3075E+00  0.2213E+00
     -5.210  0.3219E+00  0.2519E+00
     -5.112  0.3376E+00  0.2840E+00
     -5.015  0.3527E+00  0.3176E+00
     -4.918  0.3675E+00  0.3527E+00
     -4.820  0.3833E+00  0.3892E+00
     -4.723  0.3984E+00  0.4273E+00
     -4.626  0.4141E+00  0.4668E+00
     -4.528  0.4309E+00  0.5080E+00
     -4.431  0.4477E+00  0.5507E+00
     -4.334  0.4656E+00  0.5952E+00
     -4.236  0.4852E+00  0.6415E+00
     -4.139  0.5063E+00  0.6897E+00
     -4.042  0.5301E+00  0.7401E+00
     -3.944  0.5582E+00  0.7931E+00
     -3.847  0.5932E+00  0.8490E+00
     -3.749  0.6440E+00  0.9090E+00
     -3.652  0.7546E+00  0.9766E+00
     -3.555  0.7534E+00  0.1051E+01
     -3.457  0.7300E+00  0.1122E+01
     -3.360  0.6970E+00  0.1191E+01
     -3.263  0.6701E+00  0.1257E+01
     -3.165  0.6473E+00  0.1322E+01
     -3.068  0.6240E+00  0.1383E+01
     -2.971  0.5961E+00  0.1443E+01
     -2.873  0.5764E+00  0.1500E+01
     -2.776  0.5482E+00  0.1555E+01
     -2.678  0.5248E+00  0.1607E+01
     -2.581  0.5003E+00  0.1657E+01
     -2.484  0.4736E+00  0.1704E+01
     -2.386  0.4487E+00  0.1749E+01
     -2.289  0.4195E+00  0.1792E+01
     -2.192  0.3938E+00  0.1831E+01
     -2.094  0.3632E+00  0.1868E+01
     -1.997  0.3362E+00  0.1902E+01
     -1.900  0.3165E+00  0.1933E+01
     -1.802  0.2930E+00  0.1962E+01
     -1.705  0.1700E+00  0.1985E+01
     -1.607  0.8437E-01  0.1997E+01
     -1.510  0.1601E-01  0.2000E+01
     -1.413  0.5781E-01  0.2004E+01
     -1.315  0.1219E+00  0.2012E+01
     -1.218  0.2018E+00  0.2028E+01
     -1.121  0.2581E+00  0.2051E+01
     -1.023  0.2992E+00  0.2077E+01
     -0.926  0.3435E+00  0.2109E+01
     -0.829  0.5919E+00  0.2153E+01
     -0.731  0.8416E+00  0.2219E+01
     -0.634  0.1078E+01  0.2308E+01
     -0.537  0.1799E+01  0.2448E+01
     -0.439  0.1037E+01  0.2572E+01
     -0.342  0.8624E+00  0.2663E+01
     -0.244  0.7568E+00  0.2742E+01
     -0.147  0.6811E+00  0.2811E+01
     -0.050  0.6286E+00  0.2875E+01
      0.048  0.5827E+00  0.2934E+01
      0.145  0.5403E+00  0.2988E+01
      0.242  0.5106E+00  0.3040E+01
      0.340  0.4815E+00  0.3088E+01
      0.437  0.4505E+00  0.3133E+01
      0.534  0.4296E+00  0.3176E+01
      0.632  0.4095E+00  0.3217E+01
      0.729  0.3882E+00  0.3256E+01
      0.827  0.3665E+00  0.3292E+01
      0.924  0.3518E+00  0.3327E+01
      1.021  0.3370E+00  0.3361E+01
      1.119  0.3198E+00  0.3393E+01
      1.216  0.3032E+00  0.3423E+01
      1.313  0.2921E+00  0.3452E+01
      1.411  0.2801E+00  0.3480E+01
      1.508  0.2670E+00  0.3507E+01
      1.605  0.2522E+00  0.3532E+01
      1.703  0.2435E+00  0.3556E+01
      1.800  0.3691E+00  0.3581E+01
      1.898  0.5819E+00  0.3629E+01
      1.995  0.7313E+00  0.3692E+01
      2.092  0.9911E+00  0.3773E+01
      2.190  0.1029E+01  0.3876E+01
      2.287  0.9912E+00  0.3975E+01
      2.384  0.9160E+00  0.4067E+01
      2.482  0.8818E+00  0.4154E+01
      2.579  0.1016E+01  0.4239E+01
      2.676  0.8998E+00  0.4325E+01
      2.774  0.8963E+00  0.4411E+01
      2.871  0.9100E+00  0.4499E+01
      2.968  0.9210E+00  0.4587E+01
      3.066  0.9488E+00  0.4678E+01
      3.163  0.9769E+00  0.4771E+01
      3.261  0.9935E+00  0.4867E+01
      3.358  0.1066E+01  0.4967E+01
      3.455  0.1083E+01  0.5072E+01
      3.553  0.1227E+01  0.5182E+01
      3.650  0.1362E+01  0.5308E+01
      3.747  0.1324E+01  0.5438E+01
      3.845  0.1294E+01  0.5564E+01
      3.942  0.1277E+01  0.5690E+01
      4.039  0.1250E+01  0.5812E+01
      4.137  0.1232E+01  0.5933E+01
      4.234  0.1211E+01  0.6052E+01
      4.332  0.1189E+01  0.6169E+01
      4.429  0.1171E+01  0.6284E+01
      4.526  0.1142E+01  0.6397E+01
      4.624  0.1131E+01  0.6507E+01
      4.721  0.1113E+01  0.6617E+01
      4.818  0.1092E+01  0.6724E+01
      4.916  0.1072E+01  0.6829E+01
      5.013  0.1058E+01  0.6933E+01
      5.110  0.1042E+01  0.7035E+01
      5.208  0.1024E+01  0.7136E+01
      5.305  0.1004E+01  0.7234E+01
      5.402  0.9834E+00  0.7331E+01
      5.500  0.9736E+00  0.7427E+01
      5.597  0.8327E+00  0.7517E+01
      5.695  0.6822E+00  0.7589E+01
      5.792  0.6006E+00  0.7651E+01
      5.889  0.5331E+00  0.7706E+01
      5.987  0.4704E+00  0.7755E+01
      6.084  0.4196E+00  0.7798E+01
      6.181  0.3754E+00  0.7837E+01
      6.279  0.3321E+00  0.7871E+01
      6.376  0.2921E+00  0.7902E+01
      6.473  0.2545E+00  0.7928E+01
      6.571  0.2145E+00  0.7951E+01
      6.668  0.1734E+00  0.7970E+01
      6.766  0.1413E+00  0.7986E+01
      6.863  0.8481E-01  0.7997E+01
      6.960  0.0000E+00  0.8000E+01
      7.058  0.0000E+00  0.8000E+01
      7.155  0.0000E+00  0.8000E+01
      7.252  0.0000E+00  0.8000E+01
      7.350  0.0000E+00  0.8000E+01
      7.447  0.0000E+00  0.8000E+01
      7.544  0.2537E-01  0.8000E+01
      7.642  0.1248E+00  0.8008E+01
      7.739  0.1953E+00  0.8023E+01
      7.837  0.2560E+00  0.8046E+01
      7.934  0.2977E+00  0.8073E+01
      8.031  0.3418E+00  0.8104E+01
      8.129  0.3890E+00  0.8139E+01
      8.226  0.4330E+00  0.8179E+01
      8.323  0.4648E+00  0.8223E+01
      8.421  0.4998E+00  0.8270E+01
      8.518  0.5373E+00  0.8321E+01
      8.615  0.5755E+00  0.8375E+01
      8.713  0.6151E+00  0.8433E+01
      8.810  0.6591E+00  0.8495E+01
      8.907  0.6932E+00  0.8561E+01
      9.005  0.7305E+00  0.8630E+01
      9.102  0.7702E+00  0.8703E+01
      9.200  0.8143E+00  0.8780E+01
      9.297  0.8695E+00  0.8862E+01
      9.394  0.9970E+00  0.8952E+01
      9.492  0.1096E+01  0.9053E+01
      9.589  0.1230E+01  0.9166E+01
      9.686  0.1503E+01  0.9301E+01
      9.784  0.1512E+01  0.9449E+01
      9.881  0.1538E+01  0.9596E+01
      9.978  0.1511E+01  0.9742E+01
     10.076  0.1250E+01  0.9875E+01
     10.173  0.1158E+01  0.9993E+01
     10.271  0.1058E+01  0.1010E+02
     10.368  0.1120E+01  0.1021E+02
     10.465  0.1685E+01  0.1035E+02
     10.563  0.1621E+01  0.1050E+02
     10.660  0.1691E+01  0.1067E+02
     10.757  0.1508E+01  0.1082E+02
     10.855  0.1522E+01  0.1096E+02
     10.952  0.1512E+01  0.1111E+02
     11.049  0.1562E+01  0.1126E+02
     11.147  0.1431E+01  0.1141E+02
     11.244  0.1408E+01  0.1155E+02
     11.342  0.1302E+01  0.1168E+02
     11.439  0.1279E+01  0.1180E+02
     11.536  0.1140E+01  0.1192E+02
     11.634  0.1020E+01  0.1203E+02
     11.731  0.9049E+00  0.1212E+02
     11.828  0.9663E+00  0.1221E+02
     11.926  0.1004E+01  0.1231E+02
     12.023  0.1051E+01  0.1240E+02
     12.120  0.9793E+00  0.1251E+02
     12.218  0.9615E+00  0.1260E+02
     12.315  0.1009E+01  0.1270E+02
     12.412  0.1014E+01  0.1280E+02
     12.510  0.1114E+01  0.1290E+02
     12.607  0.1061E+01  0.1300E+02
     12.705  0.1020E+01  0.1310E+02
     12.802  0.1050E+01  0.1320E+02
     12.899  0.1080E+01  0.1331E+02
     12.997  0.1084E+01  0.1341E+02
     13.094  0.1091E+01  0.1352E+02
     13.191  0.1049E+01  0.1362E+02
     13.289  0.1029E+01  0.1372E+02
     13.386  0.1041E+01  0.1382E+02
     13.483  0.1022E+01  0.1393E+02
     13.581  0.9909E+00  0.1402E+02
     13.678  0.9468E+00  0.1412E+02
     13.776  0.9544E+00  0.1421E+02
     13.873  0.9308E+00  0.1430E+02
     13.970  0.8151E+00  0.1439E+02
     14.068  0.7685E+00  0.1446E+02
     14.165  0.7506E+00  0.1454E+02
     14.262  0.7446E+00  0.1461E+02
     14.360  0.7578E+00  0.1468E+02
     14.457  0.7796E+00  0.1476E+02
     14.554  0.8341E+00  0.1484E+02
     14.652  0.8744E+00  0.1492E+02
     14.749  0.8709E+00  0.1500E+02
     14.847  0.7292E+00  0.1508E+02
     14.944  0.6595E+00  0.1515E+02
     15.041  0.6141E+00  0.1521E+02
     15.139  0.5743E+00  0.1527E+02
     15.236  0.5467E+00  0.1533E+02
     15.333  0.5264E+00  0.1538E+02
     15.431  0.5239E+00  0.1543E+02
     15.528  0.5368E+00  0.1548E+02
     15.625  0.6133E+00  0.1554E+02
     15.723  0.4939E+00  0.1559E+02
     15.820  0.4392E+00  0.1564E+02
     15.917  0.4254E+00  0.1568E+02
     16.015  0.3319E+00  0.1572E+02
     16.112  0.2725E+00  0.1574E+02
     16.210  0.2354E+00  0.1577E+02
     16.307  0.2179E+00  0.1579E+02
     16.404  0.2123E+00  0.1581E+02
     16.502  0.1811E+00  0.1583E+02
     16.599  0.1650E+00  0.1585E+02
     16.696  0.1541E+00  0.1586E+02
     16.794  0.1457E+00  0.1588E+02
     16.891  0.1385E+00  0.1589E+02
     16.988  0.1266E+00  0.1590E+02
     17.086  0.1158E+00  0.1592E+02
     17.183  0.1070E+00  0.1593E+02
     17.281  0.1002E+00  0.1594E+02
     17.378  0.8847E-01  0.1595E+02
     17.475  0.7743E-01  0.1595E+02
     17.573  0.6889E-01  0.1596E+02
     17.670  0.6411E-01  0.1597E+02
     17.767  0.5962E-01  0.1597E+02
     17.865  0.5762E-01  0.1598E+02
     17.962  0.4773E-01  0.1599E+02
     18.059  0.3467E-01  0.1599E+02
     18.157  0.2509E-01  0.1599E+02
     18.254  0.1990E-01  0.1599E+02
     18.352  0.1554E-01  0.1600E+02
     18.449  0.1200E-01  0.1600E+02
     18.546  0.1135E-01  0.1600E+02
     18.644  0.7926E-02  0.1600E+02
     18.741  0.2542E-02  0.1600E+02
     18.838  0.0000E+00  0.1600E+02
     18.936  0.0000E+00  0.1600E+02
     19.033  0.0000E+00  0.1600E+02
     19.130  0.0000E+00  0.1600E+02
     19.228  0.0000E+00  0.1600E+02
     19.325  0.0000E+00  0.1600E+02
     19.422  0.0000E+00  0.1600E+02
     19.520  0.0000E+00  0.1600E+02
     19.617  0.0000E+00  0.1600E+02
     19.715  0.0000E+00  0.1600E+02
     19.812  0.0000E+00  0.1600E+02
     19.909  0.0000E+00  0.1600E+02
     20.007  0.0000E+00  0.1600E+02
     20.104  0.0000E+00  0.1600E+02
     20.201  0.0000E+00  0.1600E+02
     20.299  0.0000E+00  0.1600E+02
     20.396  0.0000E+00  0.1600E+02
     20.493  0.0000E+00  0.1600E+02
     20.591  0.0000E+00  0.1600E+02
     20.688  0.0000E+00  0.1600E+02
     20.786  0.0000E+00  0.1600E+02
     20.78553601     -8.42276645  301      7.50928643      1.00000000
     -8.423  0.0000E+00  0.0000E+00  0.0000E+00  0.0000E+00  0.0000E+00  0.0000E+00  0.0000E+00  0.0000E+00  0.0000E+00
     -8.325  0.0000E+00  0.0000E+00  0.0000E+00  0.0000E+00  0.0000E+00  0.0000E+00  0.0000E+00  0.0000E+00  0.0000E+00
     -8.228  0.0000E+00  0.0000E+00  0.0000E+00  0.0000E+00  0.0000E+00  0.0000E+00  0.0000E+00  0.0000E+00  0.0000E+00
     -8.131  0.0000E+00  0.0000E+00  0.0000E+00  0.0000E+00  0.0000E+00  0.0000E+00  0.0000E+00  0.0000E+00  0.0000E+00
     -8.033  0.0000E+00  0.0000E+00  0.0000E+00  0.0000E+00  0.0000E+00  0.0000E+00  0.0000E+00  0.0000E+00  0.0000E+00
     -7.936  0.0000E+00  0.0000E+00  0.0000E+00  0.0000E+00  0.0000E+00  0.0000E+00  0.0000E+00  0.0000E+00  0.0000E+00
     -7.839  0.0000E+00  0.0000E+00  0.0000E+00  0.0000E+00  0.0000E+00  0.0000E+00  0.0000E+00  0.0000E+00  0.0000E+00
     -7.741  0.0000E+00  0.0000E+00  0.0000E+00  0.0000E+00  0.0000E+00  0.0000E+00  0.0000E+00  0.0000E+00  0.0000E+00
     -7.644  0.0000E+00  0.0000E+00  0.0000E+00  0.0000E+00  0.0000E+00  0.0000E+00  0.0000E+00  0.0000E+00  0.0000E+00
     -7.547  0.0000E+00  0.0000E+00  0.0000E+00  0.0000E+00  0.0000E+00  0.0000E+00  0.0000E+00  0.0000E+00  0.0000E+00
     -7.449  0.0000E+00  0.0000E+00  0.0000E+00  0.0000E+00  0.0000E+00  0.0000E+00  0.0000E+00  0.0000E+00  0.0000E+00
     -7.352  0.0000E+00  0.0000E+00  0.0000E+00  0.0000E+00  0.0000E+00  0.0000E+00  0.0000E+00  0.0000E+00  0.0000E+00
     -7.254  0.0000E+00  0.0000E+00  0.0000E+00  0.0000E+00  0.0000E+00  0.0000E+00  0.0000E+00  0.0000E+00  0.0000E+00
     -7.157  0.0000E+00  0.0000E+00  0.0000E+00  0.0000E+00  0.0000E+00  0.0000E+00  0.0000E+00  0.0000E+00  0.0000E+00
     -7.060  0.0000E+00  0.0000E+00  0.0000E+00  0.0000E+00  0.0000E+00  0.0000E+00  0.0000E+00  0.0000E+00  0.0000E+00
     -6.962  0.0000E+00  0.0000E+00  0.0000E+00  0.0000E+00  0.0000E+00  0.0000E+00  0.0000E+00  0.0000E+00  0.0000E+00
     -6.865  0.0000E+00  0.0000E+00  0.0000E+00  0.0000E+00  0.0000E+00  0.0000E+00  0.0000E+00  0.0000E+00  0.0000E+00
     -6.768  0.0000E+00  0.0000E+00  0.0000E+00  0.0000E+00  0.0000E+00  0.0000E+00  0.0000E+00  0.0000E+00  0.0000E+00
     -6.670  0.0000E+00  0.0000E+00  0.0000E+00  0.0000E+00  0.0000E+00  0.0000E+00  0.0000E+00  0.0000E+00  0.0000E+00
     -6.573  0.0000E+00  0.0000E+00  0.0000E+00  0.0000E+00  0.0000E+00  0.0000E+00  0.0000E+00  0.0000E+00  0.0000E+00
     -6.476  0.0000E+00  0.0000E+00  0.0000E+00  0.0000E+00  0.0000E+00  0.0000E+00  0.0000E+00  0.0000E+00  0.0000E+00
     -6.378  0.1263E-01  0.1044E-04  0.1044E-04  0.1044E-04  0.0000E+00  0.0000E+00  0.0000E+00  0.0000E+00  0.0000E+00
     -6.281  0.2946E-01  0.6927E-04  0.6927E-04  0.6927E-04  0.0000E+00  0.0000E+00  0.0000E+00  0.0000E+00  0.0000E+00
     -6.183  0.3014E-01  0.1269E-03  0.1269E-03  0.1269E-03  0.0000E+00  0.0000E+00  0.0000E+00  0.0000E+00  0.0000E+00
     -6.086  0.3585E-01  0.2115E-03  0.2115E-03  0.2115E-03  0.0000E+00  0.0000E+00  0.0000E+00  0.0000E+00  0.0000E+00
     -5.989  0.4056E-01  0.3119E-03  0.3119E-03  0.3119E-03  0.0000E+00  0.0000E+00  0.0000E+00  0.0000E+00  0.0000E+00
     -5.891  0.4521E-01  0.4211E-03  0.4211E-03  0.4211E-03  0.0000E+00  0.0000E+00  0.0000E+00  0.0000E+00  0.0000E+00
     -5.794  0.4926E-01  0.5423E-03  0.5423E-03  0.5423E-03  0.0000E+00  0.0000E+00  0.0000E+00  0.0000E+00  0.0000E+00
     -5.697  0.5311E-01  0.6734E-03  0.6734E-03  0.6734E-03  0.0000E+00  0.0000E+00  0.0000E+00  0.0000E+00  0.0000E+00
     -5.599  0.5675E-01  0.8127E-03  0.8127E-03  0.8127E-03  0.0000E+00  0.0000E+00  0.0000E+00  0.0000E+00  0.0000E+00
     -5.502  0.6031E-01  0.9604E-03  0.9604E-03  0.9604E-03  0.0000E+00  0.0000E+00  0.0000E+00  0.0000E+00  0.0000E+00
     -5.405  0.6358E-01  0.1118E-02  0.1118E-02  0.1118E-02  0.0000E+00  0.0000E+00  0.0000E+00  0.0000E+00  0.0000E+00
     -5.307  0.6707E-01  0.1278E-02  0.1278E-02  0.1278E-02  0.0000E+00  0.0000E+00  0.0000E+00  0.0000E+00  0.0000E+00
     -5.210  0.7007E-01  0.1456E-02  0.1456E-02  0.1456E-02  0.0000E+00  0.0000E+00  0.0000E+00  0.0000E+00  0.0000E+00
     -5.112  0.7335E-01  0.1633E-02  0.1633E-02  0.1633E-02  0.0000E+00  0.0000E+00  0.0000E+00  0.0000E+00  0.0000E+00
     -5.015  0.7651E-01  0.1820E-02  0.1820E-02  0.1820E-02  0.0000E+00  0.0000E+00  0.0000E+00  0.0000E+00  0.0000E+00
     -4.918  0.7960E-01  0.2018E-02  0.2018E-02  0.2018E-02  0.0000E+00  0.0000E+00  0.0000E+00  0.0000E+00  0.0000E+00
     -4.820  0.8292E-01  0.2215E-02  0.2215E-02  0.2215E-02  0.0000E+00  0.0000E+00  0.0000E+00  0.0000E+00  0.0000E+00
     -4.723  0.8611E-01  0.2429E-02  0.2429E-02  0.2429E-02  0.0000E+00  0.0000E+00  0.0000E+00  0.0000E+00  0.0000E+00
     -4.626  0.8942E-01  0.2649E-02  0.2649E-02  0.2649E-02  0.0000E+00  0.0000E+00  0.0000E+00  0.0000E+00  0.0000E+00
     -4.528  0.9299E-01  0.2870E-02  0.2870E-02  0.2870E-02  0.0000E+00  0.0000E+00  0.0000E+00  0.0000E+00  0.0000E+00
     -4.431  0.9658E-01  0.3111E-02  0.3111E-02  0.3111E-02  0.0000E+00  0.0000E+00  0.0000E+00  0.0000E+00  0.0000E+00
     -4.334  0.1005E+00  0.3361E-02  0.3361E-02  0.3361E-02  0.0000E+00  0.0000E+00  0.0000E+00  0.0000E+00  0.0000E+00
     -4.236  0.1047E+00  0.3617E-02  0.3617E-02  0.3617E-02  0.0000E+00  0.0000E+00  0.0000E+00  0.0000E+00  0.0000E+00
     -4.139  0.1094E+00  0.3895E-02  0.3895E-02  0.3895E-02  0.0000E+00  0.0000E+00  0.0000E+00  0.0000E+00  0.0000E+00
     -4.042  0.1147E+00  0.4197E-02  0.4197E-02  0.4197E-02  0.0000E+00  0.0000E+00  0.0000E+00  0.0000E+00  0.0000E+00
     -3.944  0.1210E+00  0.4519E-02  0.4519E-02  0.4519E-02  0.0000E+00  0.0000E+00  0.0000E+00  0.0000E+00  0.0000E+00
     -3.847  0.1290E+00  0.4887E-02  0.4887E-02  0.4887E-02  0.0000E+00  0.0000E+00  0.0000E+00  0.0000E+00  0.0000E+00
     -3.749  0.1407E+00  0.5369E-02  0.5369E-02  0.5369E-02  0.0000E+00  0.0000E+00  0.0000E+00  0.0000E+00  0.0000E+00
     -3.652  0.1665E+00  0.6198E-02  0.6198E-02  0.6198E-02  0.0000E+00  0.0000E+00  0.0000E+00  0.0000E+00  0.0000E+00
     -3.555  0.1661E+00  0.6397E-02  0.6397E-02  0.6397E-02  0.0000E+00  0.0000E+00  0.0000E+00  0.0000E+00  0.0000E+00
     -3.457  0.1606E+00  0.6505E-02  0.6505E-02  0.6505E-02  0.0000E+00  0.0000E+00  0.0000E+00  0.0000E+00  0.0000E+00
     -3.360  0.1529E+00  0.6490E-02  0.6490E-02  0.6490E-02  0.0000E+00  0.0000E+00  0.0000E+00  0.0000E+00  0.0000E+00
     -3.263  0.1466E+00  0.6493E-02  0.6493E-02  0.6493E-02  0.0000E+00  0.0000E+00  0.0000E+00  0.0000E+00  0.0000E+00
     -3.165  0.1413E+00  0.6536E-02  0.6536E-02  0.6536E-02  0.0000E+00  0.0000E+00  0.0000E+00  0.0000E+00  0.0000E+00
     -3.068  0.1359E+00  0.6532E-02  0.6532E-02  0.6532E-02  0.0000E+00  0.0000E+00  0.0000E+00  0.0000E+00  0.0000E+00
     -2.971  0.1294E+00  0.6478E-02  0.6478E-02  0.6478E-02  0.0000E+00  0.0000E+00  0.0000E+00  0.0000E+00  0.0000E+00
     -2.873  0.1249E+00  0.6480E-02  0.6480E-02  0.6480E-02  0.0000E+00  0.0000E+00  0.0000E+00  0.0000E+00  0.0000E+00
     -2.776  0.1184E+00  0.6391E-02  0.6391E-02  0.6391E-02  0.0000E+00  0.0000E+00  0.0000E+00  0.0000E+00  0.0000E+00
     -2.678  0.1131E+00  0.6314E-02  0.6314E-02  0.6314E-02  0.0000E+00  0.0000E+00  0.0000E+00  0.0000E+00  0.0000E+00
     -2.581  0.1075E+00  0.6221E-02  0.6221E-02  0.6221E-02  0.0000E+00  0.0000E+00  0.0000E+00  0.0000E+00  0.0000E+00
     -2.484  0.1015E+00  0.6085E-02  0.6085E-02  0.6085E-02  0.0000E+00  0.0000E+00  0.0000E+00  0.0000E+00  0.0000E+00
     -2.386  0.9585E-01  0.5938E-02  0.5938E-02  0.5938E-02  0.0000E+00  0.0000E+00  0.0000E+00  0.0000E+00  0.0000E+00
     -2.289  0.8928E-01  0.5745E-02  0.5745E-02  0.5745E-02  0.0000E+00  0.0000E+00  0.0000E+00  0.0000E+00  0.0000E+00
     -2.192  0.8352E-01  0.5548E-02  0.5548E-02  0.5548E-02  0.0000E+00  0.0000E+00  0.0000E+00  0.0000E+00  0.0000E+00
     -2.094  0.7670E-01  0.5286E-02  0.5286E-02  0.5286E-02  0.0000E+00  0.0000E+00  0.0000E+00  0.0000E+00  0.0000E+00
     -1.997  0.7063E-01  0.5055E-02  0.5055E-02  0.5055E-02  0.0000E+00  0.0000E+00  0.0000E+00  0.0000E+00  0.0000E+00
     -1.900  0.6605E-01  0.4917E-02  0.4917E-02  0.4917E-02  0.0000E+00  0.0000E+00  0.0000E+00  0.0000E+00  0.0000E+00
     -1.802  0.6052E-01  0.4745E-02  0.4745E-02  0.4745E-02  0.0000E+00  0.0000E+00  0.0000E+00  0.0000E+00  0.0000E+00
     -1.705  0.3491E-01  0.2820E-02  0.2820E-02  0.2820E-02  0.0000E+00  0.0000E+00  0.0000E+00  0.0000E+00  0.0000E+00
     -1.607  0.1760E-01  0.1384E-02  0.1384E-02  0.1384E-02  0.0000E+00  0.0000E+00  0.0000E+00  0.0000E+00  0.0000E+00
     -1.510  0.3101E-02  0.3093E-03  0.3093E-03  0.3093E-03  0.0000E+00  0.0000E+00  0.0000E+00  0.0000E+00  0.0000E+00
     -1.413  0.1116E-01  0.1134E-02  0.1134E-02  0.1134E-02  0.0000E+00  0.0000E+00  0.0000E+00  0.0000E+00  0.0000E+00
     -1.315  0.2361E-01  0.2405E-02  0.2405E-02  0.2405E-02  0.0000E+00  0.0000E+00  0.0000E+00  0.0000E+00  0.0000E+00
     -1.218  0.3935E-01  0.4006E-02  0.4006E-02  0.4006E-02  0.0000E+00  0.0000E+00  0.0000E+00  0.0000E+00  0.0000E+00
     -1.121  0.5013E-01  0.5232E-02  0.5232E-02  0.5232E-02  0.0000E+00  0.0000E+00  0.0000E+00  0.0000E+00  0.0000E+00
     -1.023  0.5765E-01  0.6227E-02  0.6227E-02  0.6227E-02  0.0000E+00  0.0000E+00  0.0000E+00  0.0000E+00  0.0000E+00
     -0.926  0.6556E-01  0.7353E-02  0.7353E-02  0.7353E-02  0.0000E+00  0.0000E+00  0.0000E+00  0.0000E+00  0.0000E+00
     -0.829  0.9322E-01  0.1585E-01  0.1585E-01  0.1585E-01  0.0000E+00  0.0000E+00  0.0000E+00  0.0000E+00  0.0000E+00
     -0.731  0.1239E+00  0.2408E-01  0.2408E-01  0.2408E-01  0.0000E+00  0.0000E+00  0.0000E+00  0.0000E+00  0.0000E+00
     -0.634  0.1575E+00  0.3132E-01  0.3132E-01  0.3132E-01  0.0000E+00  0.0000E+00  0.0000E+00  0.0000E+00  0.0000E+00
     -0.537  0.2597E+00  0.5323E-01  0.5323E-01  0.5323E-01  0.0000E+00  0.0000E+00  0.0000E+00  0.0000E+00  0.0000E+00
     -0.439  0.1518E+00  0.3067E-01  0.3067E-01  0.3067E-01  0.0000E+00  0.0000E+00  0.0000E+00  0.0000E+00  0.0000E+00
     -0.342  0.1268E+00  0.2564E-01  0.2564E-01  0.2564E-01  0.0000E+00  0.0000E+00  0.0000E+00  0.0000E+00  0.0000E+00
     -0.244  0.1112E+00  0.2272E-01  0.2272E-01  0.2272E-01  0.0000E+00  0.0000E+00  0.0000E+00  0.0000E+00  0.0000E+00
     -0.147  0.9980E-01  0.2068E-01  0.2068E-01  0.2068E-01  0.0000E+00  0.0000E+00  0.0000E+00  0.0000E+00  0.0000E+00
     -0.050  0.9189E-01  0.1928E-01  0.1928E-01  0.1928E-01  0.0000E+00  0.0000E+00  0.0000E+00  0.0000E+00  0.0000E+00
      0.048  0.8479E-01  0.1809E-01  0.1809E-01  0.1809E-01  0.0000E+00  0.0000E+00  0.0000E+00  0.0000E+00  0.0000E+00
      0.145  0.7812E-01  0.1701E-01  0.1701E-01  0.1701E-01  0.0000E+00  0.0000E+00  0.0000E+00  0.0000E+00  0.0000E+00
      0.242  0.7348E-01  0.1626E-01  0.1626E-01  0.1626E-01  0.0000E+00  0.0000E+00  0.0000E+00  0.0000E+00  0.0000E+00
      0.340  0.6884E-01  0.1553E-01  0.1553E-01  0.1553E-01  0.0000E+00  0.0000E+00  0.0000E+00  0.0000E+00  0.0000E+00
      0.437  0.6386E-01  0.1474E-01  0.1474E-01  0.1474E-01  0.0000E+00  0.0000E+00  0.0000E+00  0.0000E+00  0.0000E+00
      0.534  0.6052E-01  0.1423E-01  0.1423E-01  0.1423E-01  0.0000E+00  0.0000E+00  0.0000E+00  0.0000E+00  0.0000E+00
      0.632  0.5726E-01  0.1373E-01  0.1373E-01  0.1373E-01  0.0000E+00  0.0000E+00  0.0000E+00  0.0000E+00  0.0000E+00
      0.729  0.5382E-01  0.1320E-01  0.1320E-01  0.1320E-01  0.0000E+00  0.0000E+00  0.0000E+00  0.0000E+00  0.0000E+00
      0.827  0.5032E-01  0.1264E-01  0.1264E-01  0.1264E-01  0.0000E+00  0.0000E+00  0.0000E+00  0.0000E+00  0.0000E+00
      0.924  0.4794E-01  0.1228E-01  0.1228E-01  0.1228E-01  0.0000E+00  0.0000E+00  0.0000E+00  0.0000E+00  0.0000E+00
      1.021  0.4551E-01  0.1191E-01  0.1191E-01  0.1191E-01  0.0000E+00  0.0000E+00  0.0000E+00  0.0000E+00  0.0000E+00
      1.119  0.4273E-01  0.1146E-01  0.1146E-01  0.1146E-01  0.0000E+00  0.0000E+00  0.0000E+00  0.0000E+00  0.0000E+00
      1.216  0.4008E-01  0.1101E-01  0.1101E-01  0.1101E-01  0.0000E+00  0.0000E+00  0.0000E+00  0.0000E+00  0.0000E+00
      1.313  0.3829E-01  0.1074E-01  0.1074E-01  0.1074E-01  0.0000E+00  0.0000E+00  0.0000E+00  0.0000E+00  0.0000E+00
      1.411  0.3634E-01  0.1043E-01  0.1043E-01  0.1043E-01  0.0000E+00  0.0000E+00  0.0000E+00  0.0000E+00  0.0000E+00
      1.508  0.3424E-01  0.1007E-01  0.1007E-01  0.1007E-01  0.0000E+00  0.0000E+00  0.0000E+00  0.0000E+00  0.0000E+00
      1.605  0.3194E-01  0.9645E-02  0.9645E-02  0.9645E-02  0.0000E+00  0.0000E+00  0.0000E+00  0.0000E+00  0.0000E+00
      1.703  0.3054E-01  0.9420E-02  0.9420E-02  0.9420E-02  0.0000E+00  0.0000E+00  0.0000E+00  0.0000E+00  0.0000E+00
      1.800  0.2970E-01  0.1660E-01  0.1660E-01  0.1660E-01  0.0000E+00  0.0000E+00  0.0000E+00  0.0000E+00  0.0000E+00
      1.898  0.2975E-01  0.2864E-01  0.2864E-01  0.2864E-01  0.0000E+00  0.0000E+00  0.0000E+00  0.0000E+00  0.0000E+00
      1.995  0.2977E-01  0.3727E-01  0.3727E-01  0.3727E-01  0.0000E+00  0.0000E+00  0.0000E+00  0.0000E+00  0.0000E+00
      2.092  0.3180E-01  0.5202E-01  0.5202E-01  0.5202E-01  0.0000E+00  0.0000E+00  0.0000E+00  0.0000E+00  0.0000E+00
      2.190  0.3279E-01  0.5442E-01  0.5442E-01  0.5442E-01  0.0000E+00  0.0000E+00  0.0000E+00  0.0000E+00  0.0000E+00
      2.287  0.3292E-01  0.5261E-01  0.5261E-01  0.5261E-01  0.0000E+00  0.0000E+00  0.0000E+00  0.0000E+00  0.0000E+00
      2.384  0.3254E-01  0.4869E-01  0.4869E-01  0.4869E-01  0.0000E+00  0.0000E+00  0.0000E+00  0.0000E+00  0.0000E+00
      2.482  0.3192E-01  0.4716E-01  0.4716E-01  0.4716E-01  0.0000E+00  0.0000E+00  0.0000E+00  0.0000E+00  0.0000E+00
      2.579  0.3177E-01  0.5541E-01  0.5541E-01  0.5541E-01  0.0000E+00  0.0000E+00  0.0000E+00  0.0000E+00  0.0000E+00
      2.676  0.3138E-01  0.4902E-01  0.4902E-01  0.4902E-01  0.0000E+00  0.0000E+00  0.0000E+00  0.0000E+00  0.0000E+00
      2.774  0.3096E-01  0.4928E-01  0.4928E-01  0.4928E-01  0.0000E+00  0.0000E+00  0.0000E+00  0.0000E+00  0.0000E+00
      2.871  0.3020E-01  0.5060E-01  0.5060E-01  0.5060E-01  0.0000E+00  0.0000E+00  0.0000E+00  0.0000E+00  0.0000E+00
      2.968  0.2919E-01  0.5187E-01  0.5187E-01  0.5187E-01  0.0000E+00  0.0000E+00  0.0000E+00  0.0000E+00  0.0000E+00
      3.066  0.2879E-01  0.5414E-01  0.5414E-01  0.5414E-01  0.0000E+00  0.0000E+00  0.0000E+00  0.0000E+00  0.0000E+00
      3.163  0.2824E-01  0.5647E-01  0.5647E-01  0.5647E-01  0.0000E+00  0.0000E+00  0.0000E+00  0.0000E+00  0.0000E+00
      3.261  0.2748E-01  0.5812E-01  0.5812E-01  0.5812E-01  0.0000E+00  0.0000E+00  0.0000E+00  0.0000E+00  0.0000E+00
      3.358  0.2649E-01  0.6364E-01  0.6364E-01  0.6364E-01  0.0000E+00  0.0000E+00  0.0000E+00  0.0000E+00  0.0000E+00
      3.455  0.2536E-01  0.6562E-01  0.6562E-01  0.6562E-01  0.0000E+00  0.0000E+00  0.0000E+00  0.0000E+00  0.0000E+00
      3.553  0.2478E-01  0.7630E-01  0.7630E-01  0.7630E-01  0.0000E+00  0.0000E+00  0.0000E+00  0.0000E+00  0.0000E+00
      3.650  0.2398E-01  0.8663E-01  0.8663E-01  0.8663E-01  0.0000E+00  0.0000E+00  0.0000E+00  0.0000E+00  0.0000E+00
      3.747  0.2301E-01  0.8462E-01  0.8462E-01  0.8462E-01  0.0000E+00  0.0000E+00  0.0000E+00  0.0000E+00  0.0000E+00
      3.845  0.2183E-01  0.8331E-01  0.8331E-01  0.8331E-01  0.0000E+00  0.0000E+00  0.0000E+00  0.0000E+00  0.0000E+00
      3.942  0.2064E-01  0.8285E-01  0.8285E-01  0.8285E-01  0.0000E+00  0.0000E+00  0.0000E+00  0.0000E+00  0.0000E+00
      4.039  0.1980E-01  0.8158E-01  0.8158E-01  0.8158E-01  0.0000E+00  0.0000E+00  0.0000E+00  0.0000E+00  0.0000E+00
      4.137  0.1899E-01  0.8103E-01  0.8103E-01  0.8103E-01  0.0000E+00  0.0000E+00  0.0000E+00  0.0000E+00  0.0000E+00
      4.234  0.1811E-01  0.8020E-01  0.8020E-01  0.8020E-01  0.0000E+00  0.0000E+00  0.0000E+00  0.0000E+00  0.0000E+00
      4.332  0.1711E-01  0.7928E-01  0.7928E-01  0.7928E-01  0.0000E+00  0.0000E+00  0.0000E+00  0.0000E+00  0.0000E+00
      4.429  0.1598E-01  0.7884E-01  0.7884E-01  0.7884E-01  0.0000E+00  0.0000E+00  0.0000E+00  0.0000E+00  0.0000E+00
      4.526  0.1506E-01  0.7746E-01  0.7746E-01  0.7746E-01  0.0000E+00  0.0000E+00  0.0000E+00  0.0000E+00  0.0000E+00
      4.624  0.1432E-01  0.7729E-01  0.7729E-01  0.7729E-01  0.0000E+00  0.0000E+00  0.0000E+00  0.0000E+00  0.0000E+00
      4.721  0.1337E-01  0.7676E-01  0.7676E-01  0.7676E-01  0.0000E+00  0.0000E+00  0.0000E+00  0.0000E+00  0.0000E+00
      4.818  0.1231E-01  0.7598E-01  0.7598E-01  0.7598E-01  0.0000E+00  0.0000E+00  0.0000E+00  0.0000E+00  0.0000E+00
      4.916  0.1136E-01  0.7524E-01  0.7524E-01  0.7524E-01  0.0000E+00  0.0000E+00  0.0000E+00  0.0000E+00  0.0000E+00
      5.013  0.1040E-01  0.7497E-01  0.7497E-01  0.7497E-01  0.0000E+00  0.0000E+00  0.0000E+00  0.0000E+00  0.0000E+00
      5.110  0.9665E-02  0.7444E-01  0.7444E-01  0.7444E-01  0.0000E+00  0.0000E+00  0.0000E+00  0.0000E+00  0.0000E+00
      5.208  0.8896E-02  0.7389E-01  0.7389E-01  0.7389E-01  0.0000E+00  0.0000E+00  0.0000E+00  0.0000E+00  0.0000E+00
      5.305  0.8163E-02  0.7308E-01  0.7308E-01  0.7308E-01  0.0000E+00  0.0000E+00  0.0000E+00  0.0000E+00  0.0000E+00
      5.402  0.7364E-02  0.7222E-01  0.7222E-01  0.7222E-01  0.0000E+00  0.0000E+00  0.0000E+00  0.0000E+00  0.0000E+00
      5.500  0.6492E-02  0.7228E-01  0.7228E-01  0.7228E-01  0.0000E+00  0.0000E+00  0.0000E+00  0.0000E+00  0.0000E+00
      5.597  0.5860E-02  0.6187E-01  0.6187E-01  0.6187E-01  0.0000E+00  0.0000E+00  0.0000E+00  0.0000E+00  0.0000E+00
      5.695  0.5248E-02  0.5057E-01  0.5057E-01  0.5057E-01  0.0000E+00  0.0000E+00  0.0000E+00  0.0000E+00  0.0000E+00
      5.792  0.4646E-02  0.4458E-01  0.4458E-01  0.4458E-01  0.0000E+00  0.0000E+00  0.0000E+00  0.0000E+00  0.0000E+00
      5.889  0.4051E-02  0.3968E-01  0.3968E-01  0.3968E-01  0.0000E+00  0.0000E+00  0.0000E+00  0.0000E+00  0.0000E+00
      5.987  0.3352E-02  0.3516E-01  0.3516E-01  0.3516E-01  0.0000E+00  0.0000E+00  0.0000E+00  0.0000E+00  0.0000E+00
      6.084  0.2902E-02  0.3147E-01  0.3147E-01  0.3147E-01  0.0000E+00  0.0000E+00  0.0000E+00  0.0000E+00  0.0000E+00
      6.181  0.2445E-02  0.2825E-01  0.2825E-01  0.2825E-01  0.0000E+00  0.0000E+00  0.0000E+00  0.0000E+00  0.0000E+00
      6.279  0.2043E-02  0.2507E-01  0.2507E-01  0.2507E-01  0.0000E+00  0.0000E+00  0.0000E+00  0.0000E+00  0.0000E+00
      6.376  0.1651E-02  0.2213E-01  0.2213E-01  0.2213E-01  0.0000E+00  0.0000E+00  0.0000E+00  0.0000E+00  0.0000E+00
      6.473  0.1175E-02  0.1939E-01  0.1939E-01  0.1939E-01  0.0000E+00  0.0000E+00  0.0000E+00  0.0000E+00  0.0000E+00
      6.571  0.9115E-03  0.1636E-01  0.1636E-01  0.1636E-01  0.0000E+00  0.0000E+00  0.0000E+00  0.0000E+00  0.0000E+00
      6.668  0.5988E-03  0.1327E-01  0.1327E-01  0.1327E-01  0.0000E+00  0.0000E+00  0.0000E+00  0.0000E+00  0.0000E+00
      6.766  0.3194E-03  0.1085E-01  0.1085E-01  0.1085E-01  0.0000E+00  0.0000E+00  0.0000E+00  0.0000E+00  0.0000E+00
      6.863  0.1117E-03  0.6521E-02  0.6521E-02  0.6521E-02  0.0000E+00  0.0000E+00  0.0000E+00  0.0000E+00  0.0000E+00
      6.960  0.0000E+00  0.0000E+00  0.0000E+00  0.0000E+00  0.0000E+00  0.0000E+00  0.0000E+00  0.0000E+00  0.0000E+00
      7.058  0.0000E+00  0.0000E+00  0.0000E+00  0.0000E+00  0.0000E+00  0.0000E+00  0.0000E+00  0.0000E+00  0.0000E+00
      7.155  0.0000E+00  0.0000E+00  0.0000E+00  0.0000E+00  0.0000E+00  0.0000E+00  0.0000E+00  0.0000E+00  0.0000E+00
      7.252  0.0000E+00  0.0000E+00  0.0000E+00  0.0000E+00  0.0000E+00  0.0000E+00  0.0000E+00  0.0000E+00  0.0000E+00
      7.350  0.0000E+00  0.0000E+00  0.0000E+00  0.0000E+00  0.0000E+00  0.0000E+00  0.0000E+00  0.0000E+00  0.0000E+00
      7.447  0.0000E+00  0.0000E+00  0.0000E+00  0.0000E+00  0.0000E+00  0.0000E+00  0.0000E+00  0.0000E+00  0.0000E+00
      7.544  0.1442E-02  0.3332E-03  0.3332E-03  0.3332E-03  0.0000E+00  0.0000E+00  0.0000E+00  0.0000E+00  0.0000E+00
      7.642  0.6933E-02  0.1669E-02  0.1669E-02  0.1669E-02  0.0000E+00  0.0000E+00  0.0000E+00  0.0000E+00  0.0000E+00
      7.739  0.1061E-01  0.2695E-02  0.2695E-02  0.2695E-02  0.0000E+00  0.0000E+00  0.0000E+00  0.0000E+00  0.0000E+00
      7.837  0.1363E-01  0.3664E-02  0.3664E-02  0.3664E-02  0.0000E+00  0.0000E+00  0.0000E+00  0.0000E+00  0.0000E+00
      7.934  0.1552E-01  0.4481E-02  0.4481E-02  0.4481E-02  0.0000E+00  0.0000E+00  0.0000E+00  0.0000E+00  0.0000E+00
      8.031  0.1749E-01  0.5350E-02  0.5350E-02  0.5350E-02  0.0000E+00  0.0000E+00  0.0000E+00  0.0000E+00  0.0000E+00
      8.129  0.1952E-01  0.6313E-02  0.6313E-02  0.6313E-02  0.0000E+00  0.0000E+00  0.0000E+00  0.0000E+00  0.0000E+00
      8.226  0.2129E-01  0.7297E-02  0.7297E-02  0.7297E-02  0.0000E+00  0.0000E+00  0.0000E+00  0.0000E+00  0.0000E+00
      8.323  0.2242E-01  0.8139E-02  0.8139E-02  0.8139E-02  0.0000E+00  0.0000E+00  0.0000E+00  0.0000E+00  0.0000E+00
      8.421  0.2363E-01  0.9069E-02  0.9069E-02  0.9069E-02  0.0000E+00  0.0000E+00  0.0000E+00  0.0000E+00  0.0000E+00
      8.518  0.2493E-01  0.1006E-01  0.1006E-01  0.1006E-01  0.0000E+00  0.0000E+00  0.0000E+00  0.0000E+00  0.0000E+00
      8.615  0.2623E-01  0.1111E-01  0.1111E-01  0.1111E-01  0.0000E+00  0.0000E+00  0.0000E+00  0.0000E+00  0.0000E+00
      8.713  0.2752E-01  0.1222E-01  0.1222E-01  0.1222E-01  0.0000E+00  0.0000E+00  0.0000E+00  0.0000E+00  0.0000E+00
      8.810  0.2892E-01  0.1350E-01  0.1350E-01  0.1350E-01  0.0000E+00  0.0000E+00  0.0000E+00  0.0000E+00  0.0000E+00
      8.907  0.2988E-01  0.1461E-01  0.1461E-01  0.1461E-01  0.0000E+00  0.0000E+00  0.0000E+00  0.0000E+00  0.0000E+00
      9.005  0.3093E-01  0.1584E-01  0.1584E-01  0.1584E-01  0.0000E+00  0.0000E+00  0.0000E+00  0.0000E+00  0.0000E+00
      9.102  0.3213E-01  0.1715E-01  0.1715E-01  0.1715E-01  0.0000E+00  0.0000E+00  0.0000E+00  0.0000E+00  0.0000E+00
      9.200  0.3349E-01  0.1858E-01  0.1858E-01  0.1858E-01  0.0000E+00  0.0000E+00  0.0000E+00  0.0000E+00  0.0000E+00
      9.297  0.3637E-01  0.2020E-01  0.2020E-01  0.2020E-01  0.0000E+00  0.0000E+00  0.0000E+00  0.0000E+00  0.0000E+00
      9.394  0.5183E-01  0.2245E-01  0.2245E-01  0.2245E-01  0.0000E+00  0.0000E+00  0.0000E+00  0.0000E+00  0.0000E+00
      9.492  0.5979E-01  0.2508E-01  0.2508E-01  0.2508E-01  0.0000E+00  0.0000E+00  0.0000E+00  0.0000E+00  0.0000E+00
      9.589  0.7128E-01  0.2840E-01  0.2840E-01  0.2840E-01  0.0000E+00  0.0000E+00  0.0000E+00  0.0000E+00  0.0000E+00
      9.686  0.9763E-01  0.3468E-01  0.3468E-01  0.3468E-01  0.0000E+00  0.0000E+00  0.0000E+00  0.0000E+00  0.0000E+00
      9.784  0.9188E-01  0.3752E-01  0.3752E-01  0.3752E-01  0.0000E+00  0.0000E+00  0.0000E+00  0.0000E+00  0.0000E+00
      9.881  0.8975E-01  0.3999E-01  0.3999E-01  0.3999E-01  0.0000E+00  0.0000E+00  0.0000E+00  0.0000E+00  0.0000E+00
      9.978  0.8154E-01  0.4087E-01  0.4087E-01  0.4087E-01  0.0000E+00  0.0000E+00  0.0000E+00  0.0000E+00  0.0000E+00
     10.076  0.5651E-01  0.3422E-01  0.3422E-01  0.3422E-01  0.0000E+00  0.0000E+00  0.0000E+00  0.0000E+00  0.0000E+00
     10.173  0.4708E-01  0.3270E-01  0.3270E-01  0.3270E-01  0.0000E+00  0.0000E+00  0.0000E+00  0.0000E+00  0.0000E+00
     10.271  0.3948E-01  0.3065E-01  0.3065E-01  0.3065E-01  0.0000E+00  0.0000E+00  0.0000E+00  0.0000E+00  0.0000E+00
     10.368  0.3652E-01  0.3377E-01  0.3377E-01  0.3377E-01  0.0000E+00  0.0000E+00  0.0000E+00  0.0000E+00  0.0000E+00
     10.465  0.4288E-01  0.5105E-01  0.5105E-01  0.5105E-01  0.0000E+00  0.0000E+00  0.0000E+00  0.0000E+00  0.0000E+00
     10.563  0.4111E-01  0.5174E-01  0.5174E-01  0.5174E-01  0.0000E+00  0.0000E+00  0.0000E+00  0.0000E+00  0.0000E+00
     10.660  0.4208E-01  0.5590E-01  0.5590E-01  0.5590E-01  0.0000E+00  0.0000E+00  0.0000E+00  0.0000E+00  0.0000E+00
     10.757  0.4502E-01  0.4871E-01  0.4871E-01  0.4871E-01  0.0000E+00  0.0000E+00  0.0000E+00  0.0000E+00  0.0000E+00
     10.855  0.4550E-01  0.4913E-01  0.4913E-01  0.4913E-01  0.0000E+00  0.0000E+00  0.0000E+00  0.0000E+00  0.0000E+00
     10.952  0.4119E-01  0.4912E-01  0.4912E-01  0.4912E-01  0.0000E+00  0.0000E+00  0.0000E+00  0.0000E+00  0.0000E+00
     11.049  0.4027E-01  0.5069E-01  0.5069E-01  0.5069E-01  0.0000E+00  0.0000E+00  0.0000E+00  0.0000E+00  0.0000E+00
     11.147  0.3651E-01  0.4685E-01  0.4685E-01  0.4685E-01  0.0000E+00  0.0000E+00  0.0000E+00  0.0000E+00  0.0000E+00
     11.244  0.3550E-01  0.4606E-01  0.4606E-01  0.4606E-01  0.0000E+00  0.0000E+00  0.0000E+00  0.0000E+00  0.0000E+00
     11.342  0.3332E-01  0.4283E-01  0.4283E-01  0.4283E-01  0.0000E+00  0.0000E+00  0.0000E+00  0.0000E+00  0.0000E+00
     11.439  0.3369E-01  0.4209E-01  0.4209E-01  0.4209E-01  0.0000E+00  0.0000E+00  0.0000E+00  0.0000E+00  0.0000E+00
     11.536  0.2832E-01  0.3792E-01  0.3792E-01  0.3792E-01  0.0000E+00  0.0000E+00  0.0000E+00  0.0000E+00  0.0000E+00
     11.634  0.2153E-01  0.3435E-01  0.3435E-01  0.3435E-01  0.0000E+00  0.0000E+00  0.0000E+00  0.0000E+00  0.0000E+00
     11.731  0.1882E-01  0.3068E-01  0.3068E-01  0.3068E-01  0.0000E+00  0.0000E+00  0.0000E+00  0.0000E+00  0.0000E+00
     11.828  0.2288E-01  0.3202E-01  0.3202E-01  0.3202E-01  0.0000E+00  0.0000E+00  0.0000E+00  0.0000E+00  0.0000E+00
     11.926  0.2625E-01  0.3318E-01  0.3318E-01  0.3318E-01  0.0000E+00  0.0000E+00  0.0000E+00  0.0000E+00  0.0000E+00
     12.023  0.3110E-01  0.3455E-01  0.3455E-01  0.3455E-01  0.0000E+00  0.0000E+00  0.0000E+00  0.0000E+00  0.0000E+00
     12.120  0.2995E-01  0.3161E-01  0.3161E-01  0.3161E-01  0.0000E+00  0.0000E+00  0.0000E+00  0.0000E+00  0.0000E+00
     12.218  0.2872E-01  0.3106E-01  0.3106E-01  0.3106E-01  0.0000E+00  0.0000E+00  0.0000E+00  0.0000E+00  0.0000E+00
     12.315  0.2953E-01  0.3212E-01  0.3212E-01  0.3212E-01  0.0000E+00  0.0000E+00  0.0000E+00  0.0000E+00  0.0000E+00
     12.412  0.3033E-01  0.3202E-01  0.3202E-01  0.3202E-01  0.0000E+00  0.0000E+00  0.0000E+00  0.0000E+00  0.0000E+00
     12.510  0.3669E-01  0.3485E-01  0.3485E-01  0.3485E-01  0.0000E+00  0.0000E+00  0.0000E+00  0.0000E+00  0.0000E+00
     12.607  0.3514E-01  0.3310E-01  0.3310E-01  0.3310E-01  0.0000E+00  0.0000E+00  0.0000E+00  0.0000E+00  0.0000E+00
     12.705  0.3540E-01  0.3166E-01  0.3166E-01  0.3166E-01  0.0000E+00  0.0000E+00  0.0000E+00  0.0000E+00  0.0000E+00
     12.802  0.3766E-01  0.3247E-01  0.3247E-01  0.3247E-01  0.0000E+00  0.0000E+00  0.0000E+00  0.0000E+00  0.0000E+00
     12.899  0.4010E-01  0.3299E-01  0.3299E-01  0.3299E-01  0.0000E+00  0.0000E+00  0.0000E+00  0.0000E+00  0.0000E+00
     12.997  0.4009E-01  0.3283E-01  0.3283E-01  0.3283E-01  0.0000E+00  0.0000E+00  0.0000E+00  0.0000E+00  0.0000E+00
     13.094  0.3978E-01  0.3264E-01  0.3264E-01  0.3264E-01  0.0000E+00  0.0000E+00  0.0000E+00  0.0000E+00  0.0000E+00
     13.191  0.3548E-01  0.3133E-01  0.3133E-01  0.3133E-01  0.0000E+00  0.0000E+00  0.0000E+00  0.0000E+00  0.0000E+00
     13.289  0.3483E-01  0.3044E-01  0.3044E-01  0.3044E-01  0.0000E+00  0.0000E+00  0.0000E+00  0.0000E+00  0.0000E+00
     13.386  0.3350E-01  0.3117E-01  0.3117E-01  0.3117E-01  0.0000E+00  0.0000E+00  0.0000E+00  0.0000E+00  0.0000E+00
     13.483  0.3051E-01  0.3096E-01  0.3096E-01  0.3096E-01  0.0000E+00  0.0000E+00  0.0000E+00  0.0000E+00  0.0000E+00
     13.581  0.2746E-01  0.3038E-01  0.3038E-01  0.3038E-01  0.0000E+00  0.0000E+00  0.0000E+00  0.0000E+00  0.0000E+00
     13.678  0.2478E-01  0.2954E-01  0.2954E-01  0.2954E-01  0.0000E+00  0.0000E+00  0.0000E+00  0.0000E+00  0.0000E+00
     13.776  0.2319E-01  0.3016E-01  0.3016E-01  0.3016E-01  0.0000E+00  0.0000E+00  0.0000E+00  0.0000E+00  0.0000E+00
     13.873  0.2119E-01  0.3008E-01  0.3008E-01  0.3008E-01  0.0000E+00  0.0000E+00  0.0000E+00  0.0000E+00  0.0000E+00
     13.970  0.1853E-01  0.2747E-01  0.2747E-01  0.2747E-01  0.0000E+00  0.0000E+00  0.0000E+00  0.0000E+00  0.0000E+00
     14.068  0.1793E-01  0.2681E-01  0.2681E-01  0.2681E-01  0.0000E+00  0.0000E+00  0.0000E+00  0.0000E+00  0.0000E+00
     14.165  0.1729E-01  0.2640E-01  0.2640E-01  0.2640E-01  0.0000E+00  0.0000E+00  0.0000E+00  0.0000E+00  0.0000E+00
     14.262  0.1659E-01  0.2612E-01  0.2612E-01  0.2612E-01  0.0000E+00  0.0000E+00  0.0000E+00  0.0000E+00  0.0000E+00
     14.360  0.1670E-01  0.2665E-01  0.2665E-01  0.2665E-01  0.0000E+00  0.0000E+00  0.0000E+00  0.0000E+00  0.0000E+00
     14.457  0.1712E-01  0.2761E-01  0.2761E-01  0.2761E-01  0.0000E+00  0.0000E+00  0.0000E+00  0.0000E+00  0.0000E+00
     14.554  0.1873E-01  0.2987E-01  0.2987E-01  0.2987E-01  0.0000E+00  0.0000E+00  0.0000E+00  0.0000E+00  0.0000E+00
     14.652  0.2041E-01  0.3161E-01  0.3161E-01  0.3161E-01  0.0000E+00  0.0000E+00  0.0000E+00  0.0000E+00  0.0000E+00
     14.749  0.2036E-01  0.3153E-01  0.3153E-01  0.3153E-01  0.0000E+00  0.0000E+00  0.0000E+00  0.0000E+00  0.0000E+00
     14.847  0.1481E-01  0.2571E-01  0.2571E-01  0.2571E-01  0.0000E+00  0.0000E+00  0.0000E+00  0.0000E+00  0.0000E+00
     14.944  0.1240E-01  0.2329E-01  0.2329E-01  0.2329E-01  0.0000E+00  0.0000E+00  0.0000E+00  0.0000E+00  0.0000E+00
     15.041  0.1117E-01  0.2171E-01  0.2171E-01  0.2171E-01  0.0000E+00  0.0000E+00  0.0000E+00  0.0000E+00  0.0000E+00
     15.139  0.1008E-01  0.2032E-01  0.2032E-01  0.2032E-01  0.0000E+00  0.0000E+00  0.0000E+00  0.0000E+00  0.0000E+00
     15.236  0.9275E-02  0.1934E-01  0.1934E-01  0.1934E-01  0.0000E+00  0.0000E+00  0.0000E+00  0.0000E+00  0.0000E+00
     15.333  0.8597E-02  0.1861E-01  0.1861E-01  0.1861E-01  0.0000E+00  0.0000E+00  0.0000E+00  0.0000E+00  0.0000E+00
     15.431  0.8302E-02  0.1846E-01  0.1846E-01  0.1846E-01  0.0000E+00  0.0000E+00  0.0000E+00  0.0000E+00  0.0000E+00
     15.528  0.7521E-02  0.1818E-01  0.1818E-01  0.1818E-01  0.0000E+00  0.0000E+00  0.0000E+00  0.0000E+00  0.0000E+00
     15.625  0.6870E-02  0.1945E-01  0.1945E-01  0.1945E-01  0.0000E+00  0.0000E+00  0.0000E+00  0.0000E+00  0.0000E+00
     15.723  0.5736E-02  0.1662E-01  0.1662E-01  0.1662E-01  0.0000E+00  0.0000E+00  0.0000E+00  0.0000E+00  0.0000E+00
     15.820  0.5098E-02  0.1530E-01  0.1530E-01  0.1530E-01  0.0000E+00  0.0000E+00  0.0000E+00  0.0000E+00  0.0000E+00
     15.917  0.4758E-02  0.1507E-01  0.1507E-01  0.1507E-01  0.0000E+00  0.0000E+00  0.0000E+00  0.0000E+00  0.0000E+00
     16.015  0.4009E-02  0.1216E-01  0.1216E-01  0.1216E-01  0.0000E+00  0.0000E+00  0.0000E+00  0.0000E+00  0.0000E+00
     16.112  0.3528E-02  0.1024E-01  0.1024E-01  0.1024E-01  0.0000E+00  0.0000E+00  0.0000E+00  0.0000E+00  0.0000E+00
     16.210  0.3135E-02  0.8981E-02  0.8981E-02  0.8981E-02  0.0000E+00  0.0000E+00  0.0000E+00  0.0000E+00  0.0000E+00
     16.307  0.2855E-02  0.8325E-02  0.8325E-02  0.8325E-02  0.0000E+00  0.0000E+00  0.0000E+00  0.0000E+00  0.0000E+00
     16.404  0.2692E-02  0.8107E-02  0.8107E-02  0.8107E-02  0.0000E+00  0.0000E+00  0.0000E+00  0.0000E+00  0.0000E+00
     16.502  0.2043E-02  0.6997E-02  0.6997E-02  0.6997E-02  0.0000E+00  0.0000E+00  0.0000E+00  0.0000E+00  0.0000E+00
     16.599  0.1792E-02  0.6379E-02  0.6379E-02  0.6379E-02  0.0000E+00  0.0000E+00  0.0000E+00  0.0000E+00  0.0000E+00
     16.696  0.1634E-02  0.5956E-02  0.5956E-02  0.5956E-02  0.0000E+00  0.0000E+00  0.0000E+00  0.0000E+00  0.0000E+00
     16.794  0.1532E-02  0.5610E-02  0.5610E-02  0.5610E-02  0.0000E+00  0.0000E+00  0.0000E+00  0.0000E+00  0.0000E+00
     16.891  0.1411E-02  0.5337E-02  0.5337E-02  0.5337E-02  0.0000E+00  0.0000E+00  0.0000E+00  0.0000E+00  0.0000E+00
     16.988  0.1249E-02  0.4913E-02  0.4913E-02  0.4913E-02  0.0000E+00  0.0000E+00  0.0000E+00  0.0000E+00  0.0000E+00
     17.086  0.1106E-02  0.4511E-02  0.4511E-02  0.4511E-02  0.0000E+00  0.0000E+00  0.0000E+00  0.0000E+00  0.0000E+00
     17.183  0.9459E-03  0.4181E-02  0.4181E-02  0.4181E-02  0.0000E+00  0.0000E+00  0.0000E+00  0.0000E+00  0.0000E+00
     17.281  0.8307E-03  0.3938E-02  0.3938E-02  0.3938E-02  0.0000E+00  0.0000E+00  0.0000E+00  0.0000E+00  0.0000E+00
     17.378  0.7097E-03  0.3486E-02  0.3486E-02  0.3486E-02  0.0000E+00  0.0000E+00  0.0000E+00  0.0000E+00  0.0000E+00
     17.475  0.6010E-03  0.3056E-02  0.3056E-02  0.3056E-02  0.0000E+00  0.0000E+00  0.0000E+00  0.0000E+00  0.0000E+00
     17.573  0.5138E-03  0.2716E-02  0.2716E-02  0.2716E-02  0.0000E+00  0.0000E+00  0.0000E+00  0.0000E+00  0.0000E+00
     17.670  0.4554E-03  0.2539E-02  0.2539E-02  0.2539E-02  0.0000E+00  0.0000E+00  0.0000E+00  0.0000E+00  0.0000E+00
     17.767  0.3805E-03  0.2390E-02  0.2390E-02  0.2390E-02  0.0000E+00  0.0000E+00  0.0000E+00  0.0000E+00  0.0000E+00
     17.865  0.3427E-03  0.2263E-02  0.2263E-02  0.2263E-02  0.0000E+00  0.0000E+00  0.0000E+00  0.0000E+00  0.0000E+00
     17.962  0.2413E-03  0.1951E-02  0.1951E-02  0.1951E-02  0.0000E+00  0.0000E+00  0.0000E+00  0.0000E+00  0.0000E+00
     18.059  0.1411E-03  0.1475E-02  0.1475E-02  0.1475E-02  0.0000E+00  0.0000E+00  0.0000E+00  0.0000E+00  0.0000E+00
     18.157  0.8457E-04  0.1093E-02  0.1093E-02  0.1093E-02  0.0000E+00  0.0000E+00  0.0000E+00  0.0000E+00  0.0000E+00
     18.254  0.6336E-04  0.8497E-03  0.8497E-03  0.8497E-03  0.0000E+00  0.0000E+00  0.0000E+00  0.0000E+00  0.0000E+00
     18.352  0.4520E-04  0.6482E-03  0.6482E-03  0.6482E-03  0.0000E+00  0.0000E+00  0.0000E+00  0.0000E+00  0.0000E+00
     18.449  0.3010E-04  0.4886E-03  0.4886E-03  0.4886E-03  0.0000E+00  0.0000E+00  0.0000E+00  0.0000E+00  0.0000E+00
     18.546  0.1706E-04  0.4583E-03  0.4583E-03  0.4583E-03  0.0000E+00  0.0000E+00  0.0000E+00  0.0000E+00  0.0000E+00
     18.644  0.5860E-05  0.2770E-03  0.2770E-03  0.2770E-03  0.0000E+00  0.0000E+00  0.0000E+00  0.0000E+00  0.0000E+00
     18.741  0.6189E-06  0.6885E-04  0.6885E-04  0.6885E-04  0.0000E+00  0.0000E+00  0.0000E+00  0.0000E+00  0.0000E+00
     18.838  0.0000E+00  0.0000E+00  0.0000E+00  0.0000E+00  0.0000E+00  0.0000E+00  0.0000E+00  0.0000E+00  0.0000E+00
     18.936  0.0000E+00  0.0000E+00  0.0000E+00  0.0000E+00  0.0000E+00  0.0000E+00  0.0000E+00  0.0000E+00  0.0000E+00
     19.033  0.0000E+00  0.0000E+00  0.0000E+00  0.0000E+00  0.0000E+00  0.0000E+00  0.0000E+00  0.0000E+00  0.0000E+00
     19.130  0.0000E+00  0.0000E+00  0.0000E+00  0.0000E+00  0.0000E+00  0.0000E+00  0.0000E+00  0.0000E+00  0.0000E+00
     19.228  0.0000E+00  0.0000E+00  0.0000E+00  0.0000E+00  0.0000E+00  0.0000E+00  0.0000E+00  0.0000E+00  0.0000E+00
     19.325  0.0000E+00  0.0000E+00  0.0000E+00  0.0000E+00  0.0000E+00  0.0000E+00  0.0000E+00  0.0000E+00  0.0000E+00
     19.422  0.0000E+00  0.0000E+00  0.0000E+00  0.0000E+00  0.0000E+00  0.0000E+00  0.0000E+00  0.0000E+00  0.0000E+00
     19.520  0.0000E+00  0.0000E+00  0.0000E+00  0.0000E+00  0.0000E+00  0.0000E+00  0.0000E+00  0.0000E+00  0.0000E+00
     19.617  0.0000E+00  0.0000E+00  0.0000E+00  0.0000E+00  0.0000E+00  0.0000E+00  0.0000E+00  0.0000E+00  0.0000E+00
     19.715  0.0000E+00  0.0000E+00  0.0000E+00  0.0000E+00  0.0000E+00  0.0000E+00  0.0000E+00  0.0000E+00  0.0000E+00
     19.812  0.0000E+00  0.0000E+00  0.0000E+00  0.0000E+00  0.0000E+00  0.0000E+00  0.0000E+00  0.0000E+00  0.0000E+00
     19.909  0.0000E+00  0.0000E+00  0.0000E+00  0.0000E+00  0.0000E+00  0.0000E+00  0.0000E+00  0.0000E+00  0.0000E+00
     20.007  0.0000E+00  0.0000E+00  0.0000E+00  0.0000E+00  0.0000E+00  0.0000E+00  0.0000E+00  0.0000E+00  0.0000E+00
     20.104  0.0000E+00  0.0000E+00  0.0000E+00  0.0000E+00  0.0000E+00  0.0000E+00  0.0000E+00  0.0000E+00  0.0000E+00
     20.201  0.0000E+00  0.0000E+00  0.0000E+00  0.0000E+00  0.0000E+00  0.0000E+00  0.0000E+00  0.0000E+00  0.0000E+00
     20.299  0.0000E+00  0.0000E+00  0.0000E+00  0.0000E+00  0.0000E+00  0.0000E+00  0.0000E+00  0.0000E+00  0.0000E+00
     20.396  0.0000E+00  0.0000E+00  0.0000E+00  0.0000E+00  0.0000E+00  0.0000E+00  0.0000E+00  0.0000E+00  0.0000E+00
     20.493  0.0000E+00  0.0000E+00  0.0000E+00  0.0000E+00  0.0000E+00  0.0000E+00  0.0000E+00  0.0000E+00  0.0000E+00
     20.591  0.0000E+00  0.0000E+00  0.0000E+00  0.0000E+00  0.0000E+00  0.0000E+00  0.0000E+00  0.0000E+00  0.0000E+00
     20.688  0.0000E+00  0.0000E+00  0.0000E+00  0.0000E+00  0.0000E+00  0.0000E+00  0.0000E+00  0.0000E+00  0.0000E+00
     20.786  0.0000E+00  0.0000E+00  0.0000E+00  0.0000E+00  0.0000E+00  0.0000E+00  0.0000E+00  0.0000E+00  0.0000E+00
     20.78553601     -8.42276645  301      7.50928643      1.00000000
     -8.423  0.0000E+00  0.0000E+00  0.0000E+00  0.0000E+00  0.0000E+00  0.0000E+00  0.0000E+00  0.0000E+00  0.0000E+00
     -8.325  0.0000E+00  0.0000E+00  0.0000E+00  0.0000E+00  0.0000E+00  0.0000E+00  0.0000E+00  0.0000E+00  0.0000E+00
     -8.228  0.0000E+00  0.0000E+00  0.0000E+00  0.0000E+00  0.0000E+00  0.0000E+00  0.0000E+00  0.0000E+00  0.0000E+00
     -8.131  0.0000E+00  0.0000E+00  0.0000E+00  0.0000E+00  0.0000E+00  0.0000E+00  0.0000E+00  0.0000E+00  0.0000E+00
     -8.033  0.0000E+00  0.0000E+00  0.0000E+00  0.0000E+00  0.0000E+00  0.0000E+00  0.0000E+00  0.0000E+00  0.0000E+00
     -7.936  0.0000E+00  0.0000E+00  0.0000E+00  0.0000E+00  0.0000E+00  0.0000E+00  0.0000E+00  0.0000E+00  0.0000E+00
     -7.839  0.0000E+00  0.0000E+00  0.0000E+00  0.0000E+00  0.0000E+00  0.0000E+00  0.0000E+00  0.0000E+00  0.0000E+00
     -7.741  0.0000E+00  0.0000E+00  0.0000E+00  0.0000E+00  0.0000E+00  0.0000E+00  0.0000E+00  0.0000E+00  0.0000E+00
     -7.644  0.0000E+00  0.0000E+00  0.0000E+00  0.0000E+00  0.0000E+00  0.0000E+00  0.0000E+00  0.0000E+00  0.0000E+00
     -7.547  0.0000E+00  0.0000E+00  0.0000E+00  0.0000E+00  0.0000E+00  0.0000E+00  0.0000E+00  0.0000E+00  0.0000E+00
     -7.449  0.0000E+00  0.0000E+00  0.0000E+00  0.0000E+00  0.0000E+00  0.0000E+00  0.0000E+00  0.0000E+00  0.0000E+00
     -7.352  0.0000E+00  0.0000E+00  0.0000E+00  0.0000E+00  0.0000E+00  0.0000E+00  0.0000E+00  0.0000E+00  0.0000E+00
     -7.254  0.0000E+00  0.0000E+00  0.0000E+00  0.0000E+00  0.0000E+00  0.0000E+00  0.0000E+00  0.0000E+00  0.0000E+00
     -7.157  0.0000E+00  0.0000E+00  0.0000E+00  0.0000E+00  0.0000E+00  0.0000E+00  0.0000E+00  0.0000E+00  0.0000E+00
     -7.060  0.0000E+00  0.0000E+00  0.0000E+00  0.0000E+00  0.0000E+00  0.0000E+00  0.0000E+00  0.0000E+00  0.0000E+00
     -6.962  0.0000E+00  0.0000E+00  0.0000E+00  0.0000E+00  0.0000E+00  0.0000E+00  0.0000E+00  0.0000E+00  0.0000E+00
     -6.865  0.0000E+00  0.0000E+00  0.0000E+00  0.0000E+00  0.0000E+00  0.0000E+00  0.0000E+00  0.0000E+00  0.0000E+00
     -6.768  0.0000E+00  0.0000E+00  0.0000E+00  0.0000E+00  0.0000E+00  0.0000E+00  0.0000E+00  0.0000E+00  0.0000E+00
     -6.670  0.0000E+00  0.0000E+00  0.0000E+00  0.0000E+00  0.0000E+00  0.0000E+00  0.0000E+00  0.0000E+00  0.0000E+00
     -6.573  0.0000E+00  0.0000E+00  0.0000E+00  0.0000E+00  0.0000E+00  0.0000E+00  0.0000E+00  0.0000E+00  0.0000E+00
     -6.476  0.0000E+00  0.0000E+00  0.0000E+00  0.0000E+00  0.0000E+00  0.0000E+00  0.0000E+00  0.0000E+00  0.0000E+00
     -6.378  0.1263E-01  0.1044E-04  0.1044E-04  0.1044E-04  0.0000E+00  0.0000E+00  0.0000E+00  0.0000E+00  0.0000E+00
     -6.281  0.2946E-01  0.6927E-04  0.6927E-04  0.6927E-04  0.0000E+00  0.0000E+00  0.0000E+00  0.0000E+00  0.0000E+00
     -6.183  0.3014E-01  0.1269E-03  0.1269E-03  0.1269E-03  0.0000E+00  0.0000E+00  0.0000E+00  0.0000E+00  0.0000E+00
     -6.086  0.3585E-01  0.2115E-03  0.2115E-03  0.2115E-03  0.0000E+00  0.0000E+00  0.0000E+00  0.0000E+00  0.0000E+00
     -5.989  0.4056E-01  0.3119E-03  0.3119E-03  0.3119E-03  0.0000E+00  0.0000E+00  0.0000E+00  0.0000E+00  0.0000E+00
     -5.891  0.4521E-01  0.4211E-03  0.4211E-03  0.4211E-03  0.0000E+00  0.0000E+00  0.0000E+00  0.0000E+00  0.0000E+00
     -5.794  0.4926E-01  0.5423E-03  0.5423E-03  0.5423E-03  0.0000E+00  0.0000E+00  0.0000E+00  0.0000E+00  0.0000E+00
     -5.697  0.5311E-01  0.6734E-03  0.6734E-03  0.6734E-03  0.0000E+00  0.0000E+00  0.0000E+00  0.0000E+00  0.0000E+00
     -5.599  0.5675E-01  0.8127E-03  0.8127E-03  0.8127E-03  0.0000E+00  0.0000E+00  0.0000E+00  0.0000E+00  0.0000E+00
     -5.502  0.6031E-01  0.9604E-03  0.9604E-03  0.9604E-03  0.0000E+00  0.0000E+00  0.0000E+00  0.0000E+00  0.0000E+00
     -5.405  0.6358E-01  0.1118E-02  0.1118E-02  0.1118E-02  0.0000E+00  0.0000E+00  0.0000E+00  0.0000E+00  0.0000E+00
     -5.307  0.6707E-01  0.1278E-02  0.1278E-02  0.1278E-02  0.0000E+00  0.0000E+00  0.0000E+00  0.0000E+00  0.0000E+00
     -5.210  0.7007E-01  0.1456E-02  0.1456E-02  0.1456E-02  0.0000E+00  0.0000E+00  0.0000E+00  0.0000E+00  0.0000E+00
     -5.112  0.7335E-01  0.1633E-02  0.1633E-02  0.1633E-02  0.0000E+00  0.0000E+00  0.0000E+00  0.0000E+00  0.0000E+00
     -5.015  0.7651E-01  0.1820E-02  0.1820E-02  0.1820E-02  0.0000E+00  0.0000E+00  0.0000E+00  0.0000E+00  0.0000E+00
     -4.918  0.7960E-01  0.2018E-02  0.2018E-02  0.2018E-02  0.0000E+00  0.0000E+00  0.0000E+00  0.0000E+00  0.0000E+00
     -4.820  0.8292E-01  0.2215E-02  0.2215E-02  0.2215E-02  0.0000E+00  0.0000E+00  0.0000E+00  0.0000E+00  0.0000E+00
     -4.723  0.8611E-01  0.2429E-02  0.2429E-02  0.2429E-02  0.0000E+00  0.0000E+00  0.0000E+00  0.0000E+00  0.0000E+00
     -4.626  0.8942E-01  0.2649E-02  0.2649E-02  0.2649E-02  0.0000E+00  0.0000E+00  0.0000E+00  0.0000E+00  0.0000E+00
     -4.528  0.9299E-01  0.2870E-02  0.2870E-02  0.2870E-02  0.0000E+00  0.0000E+00  0.0000E+00  0.0000E+00  0.0000E+00
     -4.431  0.9658E-01  0.3111E-02  0.3111E-02  0.3111E-02  0.0000E+00  0.0000E+00  0.0000E+00  0.0000E+00  0.0000E+00
     -4.334  0.1005E+00  0.3361E-02  0.3361E-02  0.3361E-02  0.0000E+00  0.0000E+00  0.0000E+00  0.0000E+00  0.0000E+00
     -4.236  0.1047E+00  0.3617E-02  0.3617E-02  0.3617E-02  0.0000E+00  0.0000E+00  0.0000E+00  0.0000E+00  0.0000E+00
     -4.139  0.1094E+00  0.3895E-02  0.3895E-02  0.3895E-02  0.0000E+00  0.0000E+00  0.0000E+00  0.0000E+00  0.0000E+00
     -4.042  0.1147E+00  0.4197E-02  0.4197E-02  0.4197E-02  0.0000E+00  0.0000E+00  0.0000E+00  0.0000E+00  0.0000E+00
     -3.944  0.1210E+00  0.4519E-02  0.4519E-02  0.4519E-02  0.0000E+00  0.0000E+00  0.0000E+00  0.0000E+00  0.0000E+00
     -3.847  0.1290E+00  0.4887E-02  0.4887E-02  0.4887E-02  0.0000E+00  0.0000E+00  0.0000E+00  0.0000E+00  0.0000E+00
     -3.749  0.1407E+00  0.5369E-02  0.5369E-02  0.5369E-02  0.0000E+00  0.0000E+00  0.0000E+00  0.0000E+00  0.0000E+00
     -3.652  0.1665E+00  0.6198E-02  0.6198E-02  0.6198E-02  0.0000E+00  0.0000E+00  0.0000E+00  0.0000E+00  0.0000E+00
     -3.555  0.1661E+00  0.6397E-02  0.6397E-02  0.6397E-02  0.0000E+00  0.0000E+00  0.0000E+00  0.0000E+00  0.0000E+00
     -3.457  0.1606E+00  0.6505E-02  0.6505E-02  0.6505E-02  0.0000E+00  0.0000E+00  0.0000E+00  0.0000E+00  0.0000E+00
     -3.360  0.1529E+00  0.6490E-02  0.6490E-02  0.6490E-02  0.0000E+00  0.0000E+00  0.0000E+00  0.0000E+00  0.0000E+00
     -3.263  0.1466E+00  0.6493E-02  0.6493E-02  0.6493E-02  0.0000E+00  0.0000E+00  0.0000E+00  0.0000E+00  0.0000E+00
     -3.165  0.1413E+00  0.6536E-02  0.6536E-02  0.6536E-02  0.0000E+00  0.0000E+00  0.0000E+00  0.0000E+00  0.0000E+00
     -3.068  0.1359E+00  0.6532E-02  0.6532E-02  0.6532E-02  0.0000E+00  0.0000E+00  0.0000E+00  0.0000E+00  0.0000E+00
     -2.971  0.1294E+00  0.6478E-02  0.6478E-02  0.6478E-02  0.0000E+00  0.0000E+00  0.0000E+00  0.0000E+00  0.0000E+00
     -2.873  0.1249E+00  0.6480E-02  0.6480E-02  0.6480E-02  0.0000E+00  0.0000E+00  0.0000E+00  0.0000E+00  0.0000E+00
     -2.776  0.1184E+00  0.6391E-02  0.6391E-02  0.6391E-02  0.0000E+00  0.0000E+00  0.0000E+00  0.0000E+00  0.0000E+00
     -2.678  0.1131E+00  0.6314E-02  0.6314E-02  0.6314E-02  0.0000E+00  0.0000E+00  0.0000E+00  0.0000E+00  0.0000E+00
     -2.581  0.1075E+00  0.6221E-02  0.6221E-02  0.6221E-02  0.0000E+00  0.0000E+00  0.0000E+00  0.0000E+00  0.0000E+00
     -2.484  0.1015E+00  0.6085E-02  0.6085E-02  0.6085E-02  0.0000E+00  0.0000E+00  0.0000E+00  0.0000E+00  0.0000E+00
     -2.386  0.9585E-01  0.5938E-02  0.5938E-02  0.5938E-02  0.0000E+00  0.0000E+00  0.0000E+00  0.0000E+00  0.0000E+00
     -2.289  0.8928E-01  0.5745E-02  0.5745E-02  0.5745E-02  0.0000E+00  0.0000E+00  0.0000E+00  0.0000E+00  0.0000E+00
     -2.192  0.8352E-01  0.5548E-02  0.5548E-02  0.5548E-02  0.0000E+00  0.0000E+00  0.0000E+00  0.0000E+00  0.0000E+00
     -2.094  0.7670E-01  0.5286E-02  0.5286E-02  0.5286E-02  0.0000E+00  0.0000E+00  0.0000E+00  0.0000E+00  0.0000E+00
     -1.997  0.7063E-01  0.5055E-02  0.5055E-02  0.5055E-02  0.0000E+00  0.0000E+00  0.0000E+00  0.0000E+00  0.0000E+00
     -1.900  0.6605E-01  0.4917E-02  0.4917E-02  0.4917E-02  0.0000E+00  0.0000E+00  0.0000E+00  0.0000E+00  0.0000E+00
     -1.802  0.6052E-01  0.4745E-02  0.4745E-02  0.4745E-02  0.0000E+00  0.0000E+00  0.0000E+00  0.0000E+00  0.0000E+00
     -1.705  0.3491E-01  0.2820E-02  0.2820E-02  0.2820E-02  0.0000E+00  0.0000E+00  0.0000E+00  0.0000E+00  0.0000E+00
     -1.607  0.1760E-01  0.1384E-02  0.1384E-02  0.1384E-02  0.0000E+00  0.0000E+00  0.0000E+00  0.0000E+00  0.0000E+00
     -1.510  0.3101E-02  0.3093E-03  0.3093E-03  0.3093E-03  0.0000E+00  0.0000E+00  0.0000E+00  0.0000E+00  0.0000E+00
     -1.413  0.1116E-01  0.1134E-02  0.1134E-02  0.1134E-02  0.0000E+00  0.0000E+00  0.0000E+00  0.0000E+00  0.0000E+00
     -1.315  0.2361E-01  0.2405E-02  0.2405E-02  0.2405E-02  0.0000E+00  0.0000E+00  0.0000E+00  0.0000E+00  0.0000E+00
     -1.218  0.3935E-01  0.4006E-02  0.4006E-02  0.4006E-02  0.0000E+00  0.0000E+00  0.0000E+00  0.0000E+00  0.0000E+00
     -1.121  0.5013E-01  0.5232E-02  0.5232E-02  0.5232E-02  0.0000E+00  0.0000E+00  0.0000E+00  0.0000E+00  0.0000E+00
     -1.023  0.5765E-01  0.6227E-02  0.6227E-02  0.6227E-02  0.0000E+00  0.0000E+00  0.0000E+00  0.0000E+00  0.0000E+00
     -0.926  0.6556E-01  0.7353E-02  0.7353E-02  0.7353E-02  0.0000E+00  0.0000E+00  0.0000E+00  0.0000E+00  0.0000E+00
     -0.829  0.9322E-01  0.1585E-01  0.1585E-01  0.1585E-01  0.0000E+00  0.0000E+00  0.0000E+00  0.0000E+00  0.0000E+00
     -0.731  0.1239E+00  0.2408E-01  0.2408E-01  0.2408E-01  0.0000E+00  0.0000E+00  0.0000E+00  0.0000E+00  0.0000E+00
     -0.634  0.1575E+00  0.3132E-01  0.3132E-01  0.3132E-01  0.0000E+00  0.0000E+00  0.0000E+00  0.0000E+00  0.0000E+00
     -0.537  0.2597E+00  0.5323E-01  0.5323E-01  0.5323E-01  0.0000E+00  0.0000E+00  0.0000E+00  0.0000E+00  0.0000E+00
     -0.439  0.1518E+00  0.3067E-01  0.3067E-01  0.3067E-01  0.0000E+00  0.0000E+00  0.0000E+00  0.0000E+00  0.0000E+00
     -0.342  0.1268E+00  0.2564E-01  0.2564E-01  0.2564E-01  0.0000E+00  0.0000E+00  0.0000E+00  0.0000E+00  0.0000E+00
     -0.244  0.1112E+00  0.2272E-01  0.2272E-01  0.2272E-01  0.0000E+00  0.0000E+00  0.0000E+00  0.0000E+00  0.0000E+00
     -0.147  0.9980E-01  0.2068E-01  0.2068E-01  0.2068E-01  0.0000E+00  0.0000E+00  0.0000E+00  0.0000E+00  0.0000E+00
     -0.050  0.9189E-01  0.1928E-01  0.1928E-01  0.1928E-01  0.0000E+00  0.0000E+00  0.0000E+00  0.0000E+00  0.0000E+00
      0.048  0.8479E-01  0.1809E-01  0.1809E-01  0.1809E-01  0.0000E+00  0.0000E+00  0.0000E+00  0.0000E+00  0.0000E+00
      0.145  0.7812E-01  0.1701E-01  0.1701E-01  0.1701E-01  0.0000E+00  0.0000E+00  0.0000E+00  0.0000E+00  0.0000E+00
      0.242  0.7348E-01  0.1626E-01  0.1626E-01  0.1626E-01  0.0000E+00  0.0000E+00  0.0000E+00  0.0000E+00  0.0000E+00
      0.340  0.6884E-01  0.1553E-01  0.1553E-01  0.1553E-01  0.0000E+00  0.0000E+00  0.0000E+00  0.0000E+00  0.0000E+00
      0.437  0.6386E-01  0.1474E-01  0.1474E-01  0.1474E-01  0.0000E+00  0.0000E+00  0.0000E+00  0.0000E+00  0.0000E+00
      0.534  0.6052E-01  0.1423E-01  0.1423E-01  0.1423E-01  0.0000E+00  0.0000E+00  0.0000E+00  0.0000E+00  0.0000E+00
      0.632  0.5726E-01  0.1373E-01  0.1373E-01  0.1373E-01  0.0000E+00  0.0000E+00  0.0000E+00  0.0000E+00  0.0000E+00
      0.729  0.5382E-01  0.1320E-01  0.1320E-01  0.1320E-01  0.0000E+00  0.0000E+00  0.0000E+00  0.0000E+00  0.0000E+00
      0.827  0.5032E-01  0.1264E-01  0.1264E-01  0.1264E-01  0.0000E+00  0.0000E+00  0.0000E+00  0.0000E+00  0.0000E+00
      0.924  0.4794E-01  0.1228E-01  0.1228E-01  0.1228E-01  0.0000E+00  0.0000E+00  0.0000E+00  0.0000E+00  0.0000E+00
      1.021  0.4551E-01  0.1191E-01  0.1191E-01  0.1191E-01  0.0000E+00  0.0000E+00  0.0000E+00  0.0000E+00  0.0000E+00
      1.119  0.4273E-01  0.1146E-01  0.1146E-01  0.1146E-01  0.0000E+00  0.0000E+00  0.0000E+00  0.0000E+00  0.0000E+00
      1.216  0.4008E-01  0.1101E-01  0.1101E-01  0.1101E-01  0.0000E+00  0.0000E+00  0.0000E+00  0.0000E+00  0.0000E+00
      1.313  0.3829E-01  0.1074E-01  0.1074E-01  0.1074E-01  0.0000E+00  0.0000E+00  0.0000E+00  0.0000E+00  0.0000E+00
      1.411  0.3634E-01  0.1043E-01  0.1043E-01  0.1043E-01  0.0000E+00  0.0000E+00  0.0000E+00  0.0000E+00  0.0000E+00
      1.508  0.3424E-01  0.1007E-01  0.1007E-01  0.1007E-01  0.0000E+00  0.0000E+00  0.0000E+00  0.0000E+00  0.0000E+00
      1.605  0.3194E-01  0.9645E-02  0.9645E-02  0.9645E-02  0.0000E+00  0.0000E+00  0.0000E+00  0.0000E+00  0.0000E+00
      1.703  0.3054E-01  0.9420E-02  0.9420E-02  0.9420E-02  0.0000E+00  0.0000E+00  0.0000E+00  0.0000E+00  0.0000E+00
      1.800  0.2970E-01  0.1660E-01  0.1660E-01  0.1660E-01  0.0000E+00  0.0000E+00  0.0000E+00  0.0000E+00  0.0000E+00
      1.898  0.2975E-01  0.2864E-01  0.2864E-01  0.2864E-01  0.0000E+00  0.0000E+00  0.0000E+00  0.0000E+00  0.0000E+00
      1.995  0.2977E-01  0.3727E-01  0.3727E-01  0.3727E-01  0.0000E+00  0.0000E+00  0.0000E+00  0.0000E+00  0.0000E+00
      2.092  0.3180E-01  0.5202E-01  0.5202E-01  0.5202E-01  0.0000E+00  0.0000E+00  0.0000E+00  0.0000E+00  0.0000E+00
      2.190  0.3279E-01  0.5442E-01  0.5442E-01  0.5442E-01  0.0000E+00  0.0000E+00  0.0000E+00  0.0000E+00  0.0000E+00
      2.287  0.3292E-01  0.5261E-01  0.5261E-01  0.5261E-01  0.0000E+00  0.0000E+00  0.0000E+00  0.0000E+00  0.0000E+00
      2.384  0.3254E-01  0.4869E-01  0.4869E-01  0.4869E-01  0.0000E+00  0.0000E+00  0.0000E+00  0.0000E+00  0.0000E+00
      2.482  0.3192E-01  0.4716E-01  0.4716E-01  0.4716E-01  0.0000E+00  0.0000E+00  0.0000E+00  0.0000E+00  0.0000E+00
      2.579  0.3177E-01  0.5541E-01  0.5541E-01  0.5541E-01  0.0000E+00  0.0000E+00  0.0000E+00  0.0000E+00  0.0000E+00
      2.676  0.3138E-01  0.4902E-01  0.4902E-01  0.4902E-01  0.0000E+00  0.0000E+00  0.0000E+00  0.0000E+00  0.0000E+00
      2.774  0.3096E-01  0.4928E-01  0.4928E-01  0.4928E-01  0.0000E+00  0.0000E+00  0.0000E+00  0.0000E+00  0.0000E+00
      2.871  0.3020E-01  0.5060E-01  0.5060E-01  0.5060E-01  0.0000E+00  0.0000E+00  0.0000E+00  0.0000E+00  0.0000E+00
      2.968  0.2919E-01  0.5187E-01  0.5187E-01  0.5187E-01  0.0000E+00  0.0000E+00  0.0000E+00  0.0000E+00  0.0000E+00
      3.066  0.2879E-01  0.5414E-01  0.5414E-01  0.5414E-01  0.0000E+00  0.0000E+00  0.0000E+00  0.0000E+00  0.0000E+00
      3.163  0.2824E-01  0.5647E-01  0.5647E-01  0.5647E-01  0.0000E+00  0.0000E+00  0.0000E+00  0.0000E+00  0.0000E+00
      3.261  0.2748E-01  0.5812E-01  0.5812E-01  0.5812E-01  0.0000E+00  0.0000E+00  0.0000E+00  0.0000E+00  0.0000E+00
      3.358  0.2649E-01  0.6364E-01  0.6364E-01  0.6364E-01  0.0000E+00  0.0000E+00  0.0000E+00  0.0000E+00  0.0000E+00
      3.455  0.2536E-01  0.6562E-01  0.6562E-01  0.6562E-01  0.0000E+00  0.0000E+00  0.0000E+00  0.0000E+00  0.0000E+00
      3.553  0.2478E-01  0.7630E-01  0.7630E-01  0.7630E-01  0.0000E+00  0.0000E+00  0.0000E+00  0.0000E+00  0.0000E+00
      3.650  0.2398E-01  0.8663E-01  0.8663E-01  0.8663E-01  0.0000E+00  0.0000E+00  0.0000E+00  0.0000E+00  0.0000E+00
      3.747  0.2301E-01  0.8462E-01  0.8462E-01  0.8462E-01  0.0000E+00  0.0000E+00  0.0000E+00  0.0000E+00  0.0000E+00
      3.845  0.2183E-01  0.8331E-01  0.8331E-01  0.8331E-01  0.0000E+00  0.0000E+00  0.0000E+00  0.0000E+00  0.0000E+00
      3.942  0.2064E-01  0.8285E-01  0.8285E-01  0.8285E-01  0.0000E+00  0.0000E+00  0.0000E+00  0.0000E+00  0.0000E+00
      4.039  0.1980E-01  0.8158E-01  0.8158E-01  0.8158E-01  0.0000E+00  0.0000E+00  0.0000E+00  0.0000E+00  0.0000E+00
      4.137  0.1899E-01  0.8103E-01  0.8103E-01  0.8103E-01  0.0000E+00  0.0000E+00  0.0000E+00  0.0000E+00  0.0000E+00
      4.234  0.1811E-01  0.8020E-01  0.8020E-01  0.8020E-01  0.0000E+00  0.0000E+00  0.0000E+00  0.0000E+00  0.0000E+00
      4.332  0.1711E-01  0.7928E-01  0.7928E-01  0.7928E-01  0.0000E+00  0.0000E+00  0.0000E+00  0.0000E+00  0.0000E+00
      4.429  0.1598E-01  0.7884E-01  0.7884E-01  0.7884E-01  0.0000E+00  0.0000E+00  0.0000E+00  0.0000E+00  0.0000E+00
      4.526  0.1506E-01  0.7746E-01  0.7746E-01  0.7746E-01  0.0000E+00  0.0000E+00  0.0000E+00  0.0000E+00  0.0000E+00
      4.624  0.1432E-01  0.7729E-01  0.7729E-01  0.7729E-01  0.0000E+00  0.0000E+00  0.0000E+00  0.0000E+00  0.0000E+00
      4.721  0.1337E-01  0.7676E-01  0.7676E-01  0.7676E-01  0.0000E+00  0.0000E+00  0.0000E+00  0.0000E+00  0.0000E+00
      4.818  0.1231E-01  0.7598E-01  0.7598E-01  0.7598E-01  0.0000E+00  0.0000E+00  0.0000E+00  0.0000E+00  0.0000E+00
      4.916  0.1136E-01  0.7524E-01  0.7524E-01  0.7524E-01  0.0000E+00  0.0000E+00  0.0000E+00  0.0000E+00  0.0000E+00
      5.013  0.1040E-01  0.7497E-01  0.7497E-01  0.7497E-01  0.0000E+00  0.0000E+00  0.0000E+00  0.0000E+00  0.0000E+00
      5.110  0.9665E-02  0.7444E-01  0.7444E-01  0.7444E-01  0.0000E+00  0.0000E+00  0.0000E+00  0.0000E+00  0.0000E+00
      5.208  0.8896E-02  0.7389E-01  0.7389E-01  0.7389E-01  0.0000E+00  0.0000E+00  0.0000E+00  0.0000E+00  0.0000E+00
      5.305  0.8163E-02  0.7308E-01  0.7308E-01  0.7308E-01  0.0000E+00  0.0000E+00  0.0000E+00  0.0000E+00  0.0000E+00
      5.402  0.7364E-02  0.7222E-01  0.7222E-01  0.7222E-01  0.0000E+00  0.0000E+00  0.0000E+00  0.0000E+00  0.0000E+00
      5.500  0.6492E-02  0.7228E-01  0.7228E-01  0.7228E-01  0.0000E+00  0.0000E+00  0.0000E+00  0.0000E+00  0.0000E+00
      5.597  0.5860E-02  0.6187E-01  0.6187E-01  0.6187E-01  0.0000E+00  0.0000E+00  0.0000E+00  0.0000E+00  0.0000E+00
      5.695  0.5248E-02  0.5057E-01  0.5057E-01  0.5057E-01  0.0000E+00  0.0000E+00  0.0000E+00  0.0000E+00  0.0000E+00
      5.792  0.4646E-02  0.4458E-01  0.4458E-01  0.4458E-01  0.0000E+00  0.0000E+00  0.0000E+00  0.0000E+00  0.0000E+00
      5.889  0.4051E-02  0.3968E-01  0.3968E-01  0.3968E-01  0.0000E+00  0.0000E+00  0.0000E+00  0.0000E+00  0.0000E+00
      5.987  0.3352E-02  0.3516E-01  0.3516E-01  0.3516E-01  0.0000E+00  0.0000E+00  0.0000E+00  0.0000E+00  0.0000E+00
      6.084  0.2902E-02  0.3147E-01  0.3147E-01  0.3147E-01  0.0000E+00  0.0000E+00  0.0000E+00  0.0000E+00  0.0000E+00
      6.181  0.2445E-02  0.2825E-01  0.2825E-01  0.2825E-01  0.0000E+00  0.0000E+00  0.0000E+00  0.0000E+00  0.0000E+00
      6.279  0.2043E-02  0.2507E-01  0.2507E-01  0.2507E-01  0.0000E+00  0.0000E+00  0.0000E+00  0.0000E+00  0.0000E+00
      6.376  0.1651E-02  0.2213E-01  0.2213E-01  0.2213E-01  0.0000E+00  0.0000E+00  0.0000E+00  0.0000E+00  0.0000E+00
      6.473  0.1175E-02  0.1939E-01  0.1939E-01  0.1939E-01  0.0000E+00  0.0000E+00  0.0000E+00  0.0000E+00  0.0000E+00
      6.571  0.9115E-03  0.1636E-01  0.1636E-01  0.1636E-01  0.0000E+00  0.0000E+00  0.0000E+00  0.0000E+00  0.0000E+00
      6.668  0.5988E-03  0.1327E-01  0.1327E-01  0.1327E-01  0.0000E+00  0.0000E+00  0.0000E+00  0.0000E+00  0.0000E+00
      6.766  0.3194E-03  0.1085E-01  0.1085E-01  0.1085E-01  0.0000E+00  0.0000E+00  0.0000E+00  0.0000E+00  0.0000E+00
      6.863  0.1117E-03  0.6521E-02  0.6521E-02  0.6521E-02  0.0000E+00  0.0000E+00  0.0000E+00  0.0000E+00  0.0000E+00
      6.960  0.0000E+00  0.0000E+00  0.0000E+00  0.0000E+00  0.0000E+00  0.0000E+00  0.0000E+00  0.0000E+00  0.0000E+00
      7.058  0.0000E+00  0.0000E+00  0.0000E+00  0.0000E+00  0.0000E+00  0.0000E+00  0.0000E+00  0.0000E+00  0.0000E+00
      7.155  0.0000E+00  0.0000E+00  0.0000E+00  0.0000E+00  0.0000E+00  0.0000E+00  0.0000E+00  0.0000E+00  0.0000E+00
      7.252  0.0000E+00  0.0000E+00  0.0000E+00  0.0000E+00  0.0000E+00  0.0000E+00  0.0000E+00  0.0000E+00  0.0000E+00
      7.350  0.0000E+00  0.0000E+00  0.0000E+00  0.0000E+00  0.0000E+00  0.0000E+00  0.0000E+00  0.0000E+00  0.0000E+00
      7.447  0.0000E+00  0.0000E+00  0.0000E+00  0.0000E+00  0.0000E+00  0.0000E+00  0.0000E+00  0.0000E+00  0.0000E+00
      7.544  0.1442E-02  0.3332E-03  0.3332E-03  0.3332E-03  0.0000E+00  0.0000E+00  0.0000E+00  0.0000E+00  0.0000E+00
      7.642  0.6933E-02  0.1669E-02  0.1669E-02  0.1669E-02  0.0000E+00  0.0000E+00  0.0000E+00  0.0000E+00  0.0000E+00
      7.739  0.1061E-01  0.2695E-02  0.2695E-02  0.2695E-02  0.0000E+00  0.0000E+00  0.0000E+00  0.0000E+00  0.0000E+00
      7.837  0.1363E-01  0.3664E-02  0.3664E-02  0.3664E-02  0.0000E+00  0.0000E+00  0.0000E+00  0.0000E+00  0.0000E+00
      7.934  0.1552E-01  0.4481E-02  0.4481E-02  0.4481E-02  0.0000E+00  0.0000E+00  0.0000E+00  0.0000E+00  0.0000E+00
      8.031  0.1749E-01  0.5350E-02  0.5350E-02  0.5350E-02  0.0000E+00  0.0000E+00  0.0000E+00  0.0000E+00  0.0000E+00
      8.129  0.1952E-01  0.6313E-02  0.6313E-02  0.6313E-02  0.0000E+00  0.0000E+00  0.0000E+00  0.0000E+00  0.0000E+00
      8.226  0.2129E-01  0.7297E-02  0.7297E-02  0.7297E-02  0.0000E+00  0.0000E+00  0.0000E+00  0.0000E+00  0.0000E+00
      8.323  0.2242E-01  0.8139E-02  0.8139E-02  0.8139E-02  0.0000E+00  0.0000E+00  0.0000E+00  0.0000E+00  0.0000E+00
      8.421  0.2363E-01  0.9069E-02  0.9069E-02  0.9069E-02  0.0000E+00  0.0000E+00  0.0000E+00  0.0000E+00  0.0000E+00
      8.518  0.2493E-01  0.1006E-01  0.1006E-01  0.1006E-01  0.0000E+00  0.0000E+00  0.0000E+00  0.0000E+00  0.0000E+00
      8.615  0.2623E-01  0.1111E-01  0.1111E-01  0.1111E-01  0.0000E+00  0.0000E+00  0.0000E+00  0.0000E+00  0.0000E+00
      8.713  0.2752E-01  0.1222E-01  0.1222E-01  0.1222E-01  0.0000E+00  0.0000E+00  0.0000E+00  0.0000E+00  0.0000E+00
      8.810  0.2892E-01  0.1350E-01  0.1350E-01  0.1350E-01  0.0000E+00  0.0000E+00  0.0000E+00  0.0000E+00  0.0000E+00
      8.907  0.2988E-01  0.1461E-01  0.1461E-01  0.1461E-01  0.0000E+00  0.0000E+00  0.0000E+00  0.0000E+00  0.0000E+00
      9.005  0.3093E-01  0.1584E-01  0.1584E-01  0.1584E-01  0.0000E+00  0.0000E+00  0.0000E+00  0.0000E+00  0.0000E+00
      9.102  0.3213E-01  0.1715E-01  0.1715E-01  0.1715E-01  0.0000E+00  0.0000E+00  0.0000E+00  0.0000E+00  0.0000E+00
      9.200  0.3349E-01  0.1858E-01  0.1858E-01  0.1858E-01  0.0000E+00  0.0000E+00  0.0000E+00  0.0000E+00  0.0000E+00
      9.297  0.3637E-01  0.2020E-01  0.2020E-01  0.2020E-01  0.0000E+00  0.0000E+00  0.0000E+00  0.0000E+00  0.0000E+00
      9.394  0.5183E-01  0.2245E-01  0.2245E-01  0.2245E-01  0.0000E+00  0.0000E+00  0.0000E+00  0.0000E+00  0.0000E+00
      9.492  0.5979E-01  0.2508E-01  0.2508E-01  0.2508E-01  0.0000E+00  0.0000E+00  0.0000E+00  0.0000E+00  0.0000E+00
      9.589  0.7128E-01  0.2840E-01  0.2840E-01  0.2840E-01  0.0000E+00  0.0000E+00  0.0000E+00  0.0000E+00  0.0000E+00
      9.686  0.9763E-01  0.3468E-01  0.3468E-01  0.3468E-01  0.0000E+00  0.0000E+00  0.0000E+00  0.0000E+00  0.0000E+00
      9.784  0.9188E-01  0.3752E-01  0.3752E-01  0.3752E-01  0.0000E+00  0.0000E+00  0.0000E+00  0.0000E+00  0.0000E+00
      9.881  0.8975E-01  0.3999E-01  0.3999E-01  0.3999E-01  0.0000E+00  0.0000E+00  0.0000E+00  0.0000E+00  0.0000E+00
      9.978  0.8154E-01  0.4087E-01  0.4087E-01  0.4087E-01  0.0000E+00  0.0000E+00  0.0000E+00  0.0000E+00  0.0000E+00
     10.076  0.5651E-01  0.3422E-01  0.3422E-01  0.3422E-01  0.0000E+00  0.0000E+00  0.0000E+00  0.0000E+00  0.0000E+00
     10.173  0.4708E-01  0.3270E-01  0.3270E-01  0.3270E-01  0.0000E+00  0.0000E+00  0.0000E+00  0.0000E+00  0.0000E+00
     10.271  0.3948E-01  0.3065E-01  0.3065E-01  0.3065E-01  0.0000E+00  0.0000E+00  0.0000E+00  0.0000E+00  0.0000E+00
     10.368  0.3652E-01  0.3377E-01  0.3377E-01  0.3377E-01  0.0000E+00  0.0000E+00  0.0000E+00  0.0000E+00  0.0000E+00
     10.465  0.4288E-01  0.5105E-01  0.5105E-01  0.5105E-01  0.0000E+00  0.0000E+00  0.0000E+00  0.0000E+00  0.0000E+00
     10.563  0.4111E-01  0.5174E-01  0.5174E-01  0.5174E-01  0.0000E+00  0.0000E+00  0.0000E+00  0.0000E+00  0.0000E+00
     10.660  0.4208E-01  0.5590E-01  0.5590E-01  0.5590E-01  0.0000E+00  0.0000E+00  0.0000E+00  0.0000E+00  0.0000E+00
     10.757  0.4502E-01  0.4871E-01  0.4871E-01  0.4871E-01  0.0000E+00  0.0000E+00  0.0000E+00  0.0000E+00  0.0000E+00
     10.855  0.4550E-01  0.4913E-01  0.4913E-01  0.4913E-01  0.0000E+00  0.0000E+00  0.0000E+00  0.0000E+00  0.0000E+00
     10.952  0.4119E-01  0.4912E-01  0.4912E-01  0.4912E-01  0.0000E+00  0.0000E+00  0.0000E+00  0.0000E+00  0.0000E+00
     11.049  0.4027E-01  0.5069E-01  0.5069E-01  0.5069E-01  0.0000E+00  0.0000E+00  0.0000E+00  0.0000E+00  0.0000E+00
     11.147  0.3651E-01  0.4685E-01  0.4685E-01  0.4685E-01  0.0000E+00  0.0000E+00  0.0000E+00  0.0000E+00  0.0000E+00
     11.244  0.3550E-01  0.4606E-01  0.4606E-01  0.4606E-01  0.0000E+00  0.0000E+00  0.0000E+00  0.0000E+00  0.0000E+00
     11.342  0.3332E-01  0.4283E-01  0.4283E-01  0.4283E-01  0.0000E+00  0.0000E+00  0.0000E+00  0.0000E+00  0.0000E+00
     11.439  0.3369E-01  0.4209E-01  0.4209E-01  0.4209E-01  0.0000E+00  0.0000E+00  0.0000E+00  0.0000E+00  0.0000E+00
     11.536  0.2832E-01  0.3792E-01  0.3792E-01  0.3792E-01  0.0000E+00  0.0000E+00  0.0000E+00  0.0000E+00  0.0000E+00
     11.634  0.2153E-01  0.3435E-01  0.3435E-01  0.3435E-01  0.0000E+00  0.0000E+00  0.0000E+00  0.0000E+00  0.0000E+00
     11.731  0.1882E-01  0.3068E-01  0.3068E-01  0.3068E-01  0.0000E+00  0.0000E+00  0.0000E+00  0.0000E+00  0.0000E+00
     11.828  0.2288E-01  0.3202E-01  0.3202E-01  0.3202E-01  0.0000E+00  0.0000E+00  0.0000E+00  0.0000E+00  0.0000E+00
     11.926  0.2625E-01  0.3318E-01  0.3318E-01  0.3318E-01  0.0000E+00  0.0000E+00  0.0000E+00  0.0000E+00  0.0000E+00
     12.023  0.3110E-01  0.3455E-01  0.3455E-01  0.3455E-01  0.0000E+00  0.0000E+00  0.0000E+00  0.0000E+00  0.0000E+00
     12.120  0.2995E-01  0.3161E-01  0.3161E-01  0.3161E-01  0.0000E+00  0.0000E+00  0.0000E+00  0.0000E+00  0.0000E+00
     12.218  0.2872E-01  0.3106E-01  0.3106E-01  0.3106E-01  0.0000E+00  0.0000E+00  0.0000E+00  0.0000E+00  0.0000E+00
     12.315  0.2953E-01  0.3212E-01  0.3212E-01  0.3212E-01  0.0000E+00  0.0000E+00  0.0000E+00  0.0000E+00  0.0000E+00
     12.412  0.3033E-01  0.3202E-01  0.3202E-01  0.3202E-01  0.0000E+00  0.0000E+00  0.0000E+00  0.0000E+00  0.0000E+00
     12.510  0.3669E-01  0.3485E-01  0.3485E-01  0.3485E-01  0.0000E+00  0.0000E+00  0.0000E+00  0.0000E+00  0.0000E+00
     12.607  0.3514E-01  0.3310E-01  0.3310E-01  0.3310E-01  0.0000E+00  0.0000E+00  0.0000E+00  0.0000E+00  0.0000E+00
     12.705  0.3540E-01  0.3166E-01  0.3166E-01  0.3166E-01  0.0000E+00  0.0000E+00  0.0000E+00  0.0000E+00  0.0000E+00
     12.802  0.3766E-01  0.3247E-01  0.3247E-01  0.3247E-01  0.0000E+00  0.0000E+00  0.0000E+00  0.0000E+00  0.0000E+00
     12.899  0.4010E-01  0.3299E-01  0.3299E-01  0.3299E-01  0.0000E+00  0.0000E+00  0.0000E+00  0.0000E+00  0.0000E+00
     12.997  0.4009E-01  0.3283E-01  0.3283E-01  0.3283E-01  0.0000E+00  0.0000E+00  0.0000E+00  0.0000E+00  0.0000E+00
     13.094  0.3978E-01  0.3264E-01  0.3264E-01  0.3264E-01  0.0000E+00  0.0000E+00  0.0000E+00  0.0000E+00  0.0000E+00
     13.191  0.3548E-01  0.3133E-01  0.3133E-01  0.3133E-01  0.0000E+00  0.0000E+00  0.0000E+00  0.0000E+00  0.0000E+00
     13.289  0.3483E-01  0.3044E-01  0.3044E-01  0.3044E-01  0.0000E+00  0.0000E+00  0.0000E+00  0.0000E+00  0.0000E+00
     13.386  0.3350E-01  0.3117E-01  0.3117E-01  0.3117E-01  0.0000E+00  0.0000E+00  0.0000E+00  0.0000E+00  0.0000E+00
     13.483  0.3051E-01  0.3096E-01  0.3096E-01  0.3096E-01  0.0000E+00  0.0000E+00  0.0000E+00  0.0000E+00  0.0000E+00
     13.581  0.2746E-01  0.3038E-01  0.3038E-01  0.3038E-01  0.0000E+00  0.0000E+00  0.0000E+00  0.0000E+00  0.0000E+00
     13.678  0.2478E-01  0.2954E-01  0.2954E-01  0.2954E-01  0.0000E+00  0.0000E+00  0.0000E+00  0.0000E+00  0.0000E+00
     13.776  0.2319E-01  0.3016E-01  0.3016E-01  0.3016E-01  0.0000E+00  0.0000E+00  0.0000E+00  0.0000E+00  0.0000E+00
     13.873  0.2119E-01  0.3008E-01  0.3008E-01  0.3008E-01  0.0000E+00  0.0000E+00  0.0000E+00  0.0000E+00  0.0000E+00
     13.970  0.1853E-01  0.2747E-01  0.2747E-01  0.2747E-01  0.0000E+00  0.0000E+00  0.0000E+00  0.0000E+00  0.0000E+00
     14.068  0.1793E-01  0.2681E-01  0.2681E-01  0.2681E-01  0.0000E+00  0.0000E+00  0.0000E+00  0.0000E+00  0.0000E+00
     14.165  0.1729E-01  0.2640E-01  0.2640E-01  0.2640E-01  0.0000E+00  0.0000E+00  0.0000E+00  0.0000E+00  0.0000E+00
     14.262  0.1659E-01  0.2612E-01  0.2612E-01  0.2612E-01  0.0000E+00  0.0000E+00  0.0000E+00  0.0000E+00  0.0000E+00
     14.360  0.1670E-01  0.2665E-01  0.2665E-01  0.2665E-01  0.0000E+00  0.0000E+00  0.0000E+00  0.0000E+00  0.0000E+00
     14.457  0.1712E-01  0.2761E-01  0.2761E-01  0.2761E-01  0.0000E+00  0.0000E+00  0.0000E+00  0.0000E+00  0.0000E+00
     14.554  0.1873E-01  0.2987E-01  0.2987E-01  0.2987E-01  0.0000E+00  0.0000E+00  0.0000E+00  0.0000E+00  0.0000E+00
     14.652  0.2041E-01  0.3161E-01  0.3161E-01  0.3161E-01  0.0000E+00  0.0000E+00  0.0000E+00  0.0000E+00  0.0000E+00
     14.749  0.2036E-01  0.3153E-01  0.3153E-01  0.3153E-01  0.0000E+00  0.0000E+00  0.0000E+00  0.0000E+00  0.0000E+00
     14.847  0.1481E-01  0.2571E-01  0.2571E-01  0.2571E-01  0.0000E+00  0.0000E+00  0.0000E+00  0.0000E+00  0.0000E+00
     14.944  0.1240E-01  0.2329E-01  0.2329E-01  0.2329E-01  0.0000E+00  0.0000E+00  0.0000E+00  0.0000E+00  0.0000E+00
     15.041  0.1117E-01  0.2171E-01  0.2171E-01  0.2171E-01  0.0000E+00  0.0000E+00  0.0000E+00  0.0000E+00  0.0000E+00
     15.139  0.1008E-01  0.2032E-01  0.2032E-01  0.2032E-01  0.0000E+00  0.0000E+00  0.0000E+00  0.0000E+00  0.0000E+00
     15.236  0.9275E-02  0.1934E-01  0.1934E-01  0.1934E-01  0.0000E+00  0.0000E+00  0.0000E+00  0.0000E+00  0.0000E+00
     15.333  0.8597E-02  0.1861E-01  0.1861E-01  0.1861E-01  0.0000E+00  0.0000E+00  0.0000E+00  0.0000E+00  0.0000E+00
     15.431  0.8302E-02  0.1846E-01  0.1846E-01  0.1846E-01  0.0000E+00  0.0000E+00  0.0000E+00  0.0000E+00  0.0000E+00
     15.528  0.7521E-02  0.1818E-01  0.1818E-01  0.1818E-01  0.0000E+00  0.0000E+00  0.0000E+00  0.0000E+00  0.0000E+00
     15.625  0.6870E-02  0.1945E-01  0.1945E-01  0.1945E-01  0.0000E+00  0.0000E+00  0.0000E+00  0.0000E+00  0.0000E+00
     15.723  0.5736E-02  0.1662E-01  0.1662E-01  0.1662E-01  0.0000E+00  0.0000E+00  0.0000E+00  0.0000E+00  0.0000E+00
     15.820  0.5098E-02  0.1530E-01  0.1530E-01  0.1530E-01  0.0000E+00  0.0000E+00  0.0000E+00  0.0000E+00  0.0000E+00
     15.917  0.4758E-02  0.1507E-01  0.1507E-01  0.1507E-01  0.0000E+00  0.0000E+00  0.0000E+00  0.0000E+00  0.0000E+00
     16.015  0.4009E-02  0.1216E-01  0.1216E-01  0.1216E-01  0.0000E+00  0.0000E+00  0.0000E+00  0.0000E+00  0.0000E+00
     16.112  0.3528E-02  0.1024E-01  0.1024E-01  0.1024E-01  0.0000E+00  0.0000E+00  0.0000E+00  0.0000E+00  0.0000E+00
     16.210  0.3135E-02  0.8981E-02  0.8981E-02  0.8981E-02  0.0000E+00  0.0000E+00  0.0000E+00  0.0000E+00  0.0000E+00
     16.307  0.2855E-02  0.8325E-02  0.8325E-02  0.8325E-02  0.0000E+00  0.0000E+00  0.0000E+00  0.0000E+00  0.0000E+00
     16.404  0.2692E-02  0.8107E-02  0.8107E-02  0.8107E-02  0.0000E+00  0.0000E+00  0.0000E+00  0.0000E+00  0.0000E+00
     16.502  0.2043E-02  0.6997E-02  0.6997E-02  0.6997E-02  0.0000E+00  0.0000E+00  0.0000E+00  0.0000E+00  0.0000E+00
     16.599  0.1792E-02  0.6379E-02  0.6379E-02  0.6379E-02  0.0000E+00  0.0000E+00  0.0000E+00  0.0000E+00  0.0000E+00
     16.696  0.1634E-02  0.5956E-02  0.5956E-02  0.5956E-02  0.0000E+00  0.0000E+00  0.0000E+00  0.0000E+00  0.0000E+00
     16.794  0.1532E-02  0.5610E-02  0.5610E-02  0.5610E-02  0.0000E+00  0.0000E+00  0.0000E+00  0.0000E+00  0.0000E+00
     16.891  0.1411E-02  0.5337E-02  0.5337E-02  0.5337E-02  0.0000E+00  0.0000E+00  0.0000E+00  0.0000E+00  0.0000E+00
     16.988  0.1249E-02  0.4913E-02  0.4913E-02  0.4913E-02  0.0000E+00  0.0000E+00  0.0000E+00  0.0000E+00  0.0000E+00
     17.086  0.1106E-02  0.4511E-02  0.4511E-02  0.4511E-02  0.0000E+00  0.0000E+00  0.0000E+00  0.0000E+00  0.0000E+00
     17.183  0.9459E-03  0.4181E-02  0.4181E-02  0.4181E-02  0.0000E+00  0.0000E+00  0.0000E+00  0.0000E+00  0.0000E+00
     17.281  0.8307E-03  0.3938E-02  0.3938E-02  0.3938E-02  0.0000E+00  0.0000E+00  0.0000E+00  0.0000E+00  0.0000E+00
     17.378  0.7097E-03  0.3486E-02  0.3486E-02  0.3486E-02  0.0000E+00  0.0000E+00  0.0000E+00  0.0000E+00  0.0000E+00
     17.475  0.6010E-03  0.3056E-02  0.3056E-02  0.3056E-02  0.0000E+00  0.0000E+00  0.0000E+00  0.0000E+00  0.0000E+00
     17.573  0.5138E-03  0.2716E-02  0.2716E-02  0.2716E-02  0.0000E+00  0.0000E+00  0.0000E+00  0.0000E+00  0.0000E+00
     17.670  0.4554E-03  0.2539E-02  0.2539E-02  0.2539E-02  0.0000E+00  0.0000E+00  0.0000E+00  0.0000E+00  0.0000E+00
     17.767  0.3805E-03  0.2390E-02  0.2390E-02  0.2390E-02  0.0000E+00  0.0000E+00  0.0000E+00  0.0000E+00  0.0000E+00
     17.865  0.3427E-03  0.2263E-02  0.2263E-02  0.2263E-02  0.0000E+00  0.0000E+00  0.0000E+00  0.0000E+00  0.0000E+00
     17.962  0.2413E-03  0.1951E-02  0.1951E-02  0.1951E-02  0.0000E+00  0.0000E+00  0.0000E+00  0.0000E+00  0.0000E+00
     18.059  0.1411E-03  0.1475E-02  0.1475E-02  0.1475E-02  0.0000E+00  0.0000E+00  0.0000E+00  0.0000E+00  0.0000E+00
     18.157  0.8457E-04  0.1093E-02  0.1093E-02  0.1093E-02  0.0000E+00  0.0000E+00  0.0000E+00  0.0000E+00  0.0000E+00
     18.254  0.6336E-04  0.8497E-03  0.8497E-03  0.8497E-03  0.0000E+00  0.0000E+00  0.0000E+00  0.0000E+00  0.0000E+00
     18.352  0.4520E-04  0.6482E-03  0.6482E-03  0.6482E-03  0.0000E+00  0.0000E+00  0.0000E+00  0.0000E+00  0.0000E+00
     18.449  0.3010E-04  0.4886E-03  0.4886E-03  0.4886E-03  0.0000E+00  0.0000E+00  0.0000E+00  0.0000E+00  0.0000E+00
     18.546  0.1706E-04  0.4583E-03  0.4583E-03  0.4583E-03  0.0000E+00  0.0000E+00  0.0000E+00  0.0000E+00  0.0000E+00
     18.644  0.5860E-05  0.2770E-03  0.2770E-03  0.2770E-03  0.0000E+00  0.0000E+00  0.0000E+00  0.0000E+00  0.0000E+00
     18.741  0.6189E-06  0.6885E-04  0.6885E-04  0.6885E-04  0.0000E+00  0.0000E+00  0.0000E+00  0.0000E+00  0.0000E+00
     18.838  0.0000E+00  0.0000E+00  0.0000E+00  0.0000E+00  0.0000E+00  0.0000E+00  0.0000E+00  0.0000E+00  0.0000E+00
     18.936  0.0000E+00  0.0000E+00  0.0000E+00  0.0000E+00  0.0000E+00  0.0000E+00  0.0000E+00  0.0000E+00  0.0000E+00
     19.033  0.0000E+00  0.0000E+00  0.0000E+00  0.0000E+00  0.0000E+00  0.0000E+00  0.0000E+00  0.0000E+00  0.0000E+00
     19.130  0.0000E+00  0.0000E+00  0.0000E+00  0.0000E+00  0.0000E+00  0.0000E+00  0.0000E+00  0.0000E+00  0.0000E+00
     19.228  0.0000E+00  0.0000E+00  0.0000E+00  0.0000E+00  0.0000E+00  0.0000E+00  0.0000E+00  0.0000E+00  0.0000E+00
     19.325  0.0000E+00  0.0000E+00  0.0000E+00  0.0000E+00  0.0000E+00  0.0000E+00  0.0000E+00  0.0000E+00  0.0000E+00
     19.422  0.0000E+00  0.0000E+00  0.0000E+00  0.0000E+00  0.0000E+00  0.0000E+00  0.0000E+00  0.0000E+00  0.0000E+00
     19.520  0.0000E+00  0.0000E+00  0.0000E+00  0.0000E+00  0.0000E+00  0.0000E+00  0.0000E+00  0.0000E+00  0.0000E+00
     19.617  0.0000E+00  0.0000E+00  0.0000E+00  0.0000E+00  0.0000E+00  0.0000E+00  0.0000E+00  0.0000E+00  0.0000E+00
     19.715  0.0000E+00  0.0000E+00  0.0000E+00  0.0000E+00  0.0000E+00  0.0000E+00  0.0000E+00  0.0000E+00  0.0000E+00
     19.812  0.0000E+00  0.0000E+00  0.0000E+00  0.0000E+00  0.0000E+00  0.0000E+00  0.0000E+00  0.0000E+00  0.0000E+00
     19.909  0.0000E+00  0.0000E+00  0.0000E+00  0.0000E+00  0.0000E+00  0.0000E+00  0.0000E+00  0.0000E+00  0.0000E+00
     20.007  0.0000E+00  0.0000E+00  0.0000E+00  0.0000E+00  0.0000E+00  0.0000E+00  0.0000E+00  0.0000E+00  0.0000E+00
     20.104  0.0000E+00  0.0000E+00  0.0000E+00  0.0000E+00  0.0000E+00  0.0000E+00  0.0000E+00  0.0000E+00  0.0000E+00
     20.201  0.0000E+00  0.0000E+00  0.0000E+00  0.0000E+00  0.0000E+00  0.0000E+00  0.0000E+00  0.0000E+00  0.0000E+00
     20.299  0.0000E+00  0.0000E+00  0.0000E+00  0.0000E+00  0.0000E+00  0.0000E+00  0.0000E+00  0.0000E+00  0.0000E+00
     20.396  0.0000E+00  0.0000E+00  0.0000E+00  0.0000E+00  0.0000E+00  0.0000E+00  0.0000E+00  0.0000E+00  0.0000E+00
     20.493  0.0000E+00  0.0000E+00  0.0000E+00  0.0000E+00  0.0000E+00  0.0000E+00  0.0000E+00  0.0000E+00  0.0000E+00
     20.591  0.0000E+00  0.0000E+00  0.0000E+00  0.0000E+00  0.0000E+00  0.0000E+00  0.0000E+00  0.0000E+00  0.0000E+00
     20.688  0.0000E+00  0.0000E+00  0.0000E+00  0.0000E+00  0.0000E+00  0.0000E+00  0.0000E+00  0.0000E+00  0.0000E+00
     20.786  0.0000E+00  0.0000E+00  0.0000E+00  0.0000E+00  0.0000E+00  0.0000E+00  0.0000E+00  0.0000E+00  0.0000E+00
