   2   2   1   0
  0.2183775E+02  0.3952917E-09  0.3952917E-09  0.3952917E-09  0.5000000E-15
  1.000000000000000E-004
  CAR 
 Si                                      
     16.90054009     -9.04411126  301      4.88638427      1.00000000
     -9.044  0.0000E+00  0.0000E+00
     -8.958  0.0000E+00  0.0000E+00
     -8.871  0.0000E+00  0.0000E+00
     -8.785  0.0000E+00  0.0000E+00
     -8.698  0.0000E+00  0.0000E+00
     -8.612  0.0000E+00  0.0000E+00
     -8.525  0.0000E+00  0.0000E+00
     -8.439  0.0000E+00  0.0000E+00
     -8.352  0.0000E+00  0.0000E+00
     -8.266  0.0000E+00  0.0000E+00
     -8.179  0.0000E+00  0.0000E+00
     -8.093  0.0000E+00  0.0000E+00
     -8.006  0.0000E+00  0.0000E+00
     -7.920  0.0000E+00  0.0000E+00
     -7.833  0.0000E+00  0.0000E+00
     -7.747  0.0000E+00  0.0000E+00
     -7.660  0.0000E+00  0.0000E+00
     -7.574  0.0000E+00  0.0000E+00
     -7.487  0.0000E+00  0.0000E+00
     -7.401  0.0000E+00  0.0000E+00
     -7.314  0.0000E+00  0.0000E+00
     -7.228  0.0000E+00  0.0000E+00
     -7.142  0.0000E+00  0.0000E+00
     -7.055  0.0000E+00  0.0000E+00
     -6.969  0.1220E+00  0.4306E-02
     -6.882  0.1401E+00  0.1457E-01
     -6.796  0.1767E+00  0.2838E-01
     -6.709  0.2086E+00  0.4500E-01
     -6.623  0.2338E+00  0.6414E-01
     -6.536  0.2601E+00  0.8553E-01
     -6.450  0.2822E+00  0.1090E+00
     -6.363  0.3057E+00  0.1344E+00
     -6.277  0.3258E+00  0.1617E+00
     -6.190  0.3481E+00  0.1908E+00
     -6.104  0.3672E+00  0.2218E+00
     -6.017  0.3876E+00  0.2544E+00
     -5.931  0.4081E+00  0.2888E+00
     -5.844  0.4276E+00  0.3250E+00
     -5.758  0.4486E+00  0.3628E+00
     -5.671  0.4693E+00  0.4025E+00
     -5.585  0.4904E+00  0.4440E+00
     -5.498  0.5133E+00  0.4874E+00
     -5.412  0.5367E+00  0.5328E+00
     -5.325  0.5618E+00  0.5803E+00
     -5.239  0.5899E+00  0.6301E+00
     -5.152  0.6209E+00  0.6824E+00
     -5.066  0.6573E+00  0.7377E+00
     -4.979  0.7034E+00  0.7964E+00
     -4.893  0.7681E+00  0.8598E+00
     -4.806  0.9193E+00  0.9317E+00
     -4.720  0.9372E+00  0.1012E+01
     -4.634  0.8779E+00  0.1088E+01
     -4.547  0.8449E+00  0.1163E+01
     -4.461  0.8117E+00  0.1235E+01
     -4.374  0.7849E+00  0.1304E+01
     -4.288  0.7502E+00  0.1370E+01
     -4.201  0.7221E+00  0.1434E+01
     -4.115  0.6871E+00  0.1495E+01
     -4.028  0.6596E+00  0.1553E+01
     -3.942  0.6242E+00  0.1609E+01
     -3.855  0.5930E+00  0.1661E+01
     -3.769  0.5612E+00  0.1711E+01
     -3.682  0.5242E+00  0.1758E+01
     -3.596  0.4907E+00  0.1802E+01
     -3.509  0.4532E+00  0.1843E+01
     -3.423  0.4152E+00  0.1880E+01
     -3.336  0.3792E+00  0.1914E+01
     -3.250  0.3416E+00  0.1945E+01
     -3.163  0.2728E+00  0.1973E+01
     -3.077  0.1724E+00  0.1992E+01
     -2.990  0.1036E-01  0.2000E+01
     -2.904  0.1799E-01  0.2000E+01
     -2.817  0.7670E-01  0.2004E+01
     -2.731  0.1787E+00  0.2015E+01
     -2.644  0.2826E+00  0.2036E+01
     -2.558  0.3114E+00  0.2061E+01
     -2.471  0.3573E+00  0.2090E+01
     -2.385  0.4099E+00  0.2123E+01
     -2.299  0.4572E+00  0.2161E+01
     -2.212  0.5178E+00  0.2203E+01
     -2.126  0.5764E+00  0.2250E+01
     -2.039  0.6705E+00  0.2304E+01
     -1.953  0.9514E+00  0.2368E+01
     -1.866  0.2492E+01  0.2499E+01
     -1.780  0.1195E+01  0.2632E+01
     -1.693  0.9702E+00  0.2725E+01
     -1.607  0.8448E+00  0.2803E+01
     -1.520  0.7546E+00  0.2872E+01
     -1.434  0.6915E+00  0.2934E+01
     -1.347  0.6404E+00  0.2992E+01
     -1.261  0.5947E+00  0.3045E+01
     -1.174  0.5539E+00  0.3095E+01
     -1.088  0.5237E+00  0.3141E+01
     -1.001  0.4946E+00  0.3185E+01
     -0.915  0.4661E+00  0.3227E+01
     -0.828  0.4394E+00  0.3266E+01
     -0.742  0.4194E+00  0.3303E+01
     -0.655  0.3993E+00  0.3338E+01
     -0.569  0.3785E+00  0.3372E+01
     -0.482  0.3576E+00  0.3404E+01
     -0.396  0.3429E+00  0.3434E+01
     -0.309  0.3284E+00  0.3463E+01
     -0.223  0.3130E+00  0.3491E+01
     -0.136  0.2964E+00  0.3517E+01
     -0.050  0.2826E+00  0.3542E+01
      0.037  0.2717E+00  0.3566E+01
      0.123  0.2602E+00  0.3589E+01
      0.209  0.2481E+00  0.3611E+01
      0.296  0.2354E+00  0.3632E+01
      0.382  0.2244E+00  0.3652E+01
      0.469  0.2160E+00  0.3671E+01
      0.555  0.2071E+00  0.3689E+01
      0.642  0.1974E+00  0.3707E+01
      0.728  0.4101E+00  0.3727E+01
      0.815  0.7234E+00  0.3778E+01
      0.901  0.1001E+01  0.3852E+01
      0.988  0.1366E+01  0.3959E+01
      1.074  0.1269E+01  0.4072E+01
      1.161  0.1171E+01  0.4178E+01
      1.247  0.1095E+01  0.4275E+01
      1.334  0.1041E+01  0.4368E+01
      1.420  0.1080E+01  0.4460E+01
      1.507  0.1070E+01  0.4552E+01
      1.593  0.1112E+01  0.4646E+01
      1.680  0.1125E+01  0.4742E+01
      1.766  0.1150E+01  0.4840E+01
      1.853  0.1251E+01  0.4941E+01
      1.939  0.1285E+01  0.5049E+01
      2.026  0.1333E+01  0.5162E+01
      2.112  0.1608E+01  0.5289E+01
      2.199  0.1609E+01  0.5428E+01
      2.285  0.1563E+01  0.5564E+01
      2.372  0.1534E+01  0.5698E+01
      2.458  0.1511E+01  0.5829E+01
      2.544  0.1485E+01  0.5959E+01
      2.631  0.1457E+01  0.6086E+01
      2.717  0.1431E+01  0.6211E+01
      2.804  0.1407E+01  0.6334E+01
      2.890  0.1389E+01  0.6455E+01
      2.977  0.1360E+01  0.6573E+01
      3.063  0.1332E+01  0.6690E+01
      3.150  0.1316E+01  0.6804E+01
      3.236  0.1295E+01  0.6917E+01
      3.323  0.1273E+01  0.7028E+01
      3.409  0.1250E+01  0.7137E+01
      3.496  0.1238E+01  0.7245E+01
      3.582  0.1229E+01  0.7351E+01
      3.669  0.1219E+01  0.7456E+01
      3.755  0.9039E+00  0.7546E+01
      3.842  0.7702E+00  0.7618E+01
      3.928  0.6731E+00  0.7680E+01
      4.015  0.5934E+00  0.7735E+01
      4.101  0.5184E+00  0.7783E+01
      4.188  0.4639E+00  0.7825E+01
      4.274  0.4041E+00  0.7863E+01
      4.361  0.3516E+00  0.7895E+01
      4.447  0.3019E+00  0.7924E+01
      4.534  0.2569E+00  0.7948E+01
      4.620  0.2046E+00  0.7968E+01
      4.707  0.1635E+00  0.7984E+01
      4.793  0.9799E-01  0.7996E+01
      4.880  0.1176E-02  0.8000E+01
      4.966  0.0000E+00  0.8000E+01
      5.052  0.0000E+00  0.8000E+01
      5.139  0.0000E+00  0.8000E+01
      5.225  0.0000E+00  0.8000E+01
      5.312  0.0000E+00  0.8000E+01
      5.398  0.0000E+00  0.8000E+01
      5.485  0.0000E+00  0.8000E+01
      5.571  0.0000E+00  0.8000E+01
      5.658  0.0000E+00  0.8000E+01
      5.744  0.0000E+00  0.8000E+01
      5.831  0.2643E-01  0.8000E+01
      5.917  0.1367E+00  0.8008E+01
      6.004  0.2145E+00  0.8023E+01
      6.090  0.3067E+00  0.8045E+01
      6.177  0.3604E+00  0.8074E+01
      6.263  0.4151E+00  0.8108E+01
      6.350  0.4696E+00  0.8146E+01
      6.436  0.5290E+00  0.8189E+01
      6.523  0.6183E+00  0.8238E+01
      6.609  0.7133E+00  0.8296E+01
      6.696  0.7882E+00  0.8361E+01
      6.782  0.8737E+00  0.8433E+01
      6.869  0.9655E+00  0.8513E+01
      6.955  0.1069E+01  0.8600E+01
      7.042  0.1194E+01  0.8698E+01
      7.128  0.1337E+01  0.8807E+01
      7.215  0.1671E+01  0.8934E+01
      7.301  0.1761E+01  0.9085E+01
      7.388  0.1700E+01  0.9235E+01
      7.474  0.1651E+01  0.9382E+01
      7.560  0.1580E+01  0.9519E+01
      7.647  0.1333E+01  0.9646E+01
      7.733  0.1260E+01  0.9757E+01
      7.820  0.1222E+01  0.9865E+01
      7.906  0.1247E+01  0.9969E+01
      7.993  0.1118E+01  0.1007E+02
      8.079  0.9672E+00  0.1016E+02
      8.166  0.9693E+00  0.1025E+02
      8.252  0.1003E+01  0.1033E+02
      8.339  0.1083E+01  0.1042E+02
      8.425  0.2948E+01  0.1057E+02
      8.512  0.2357E+01  0.1080E+02
      8.598  0.1888E+01  0.1098E+02
      8.685  0.1807E+01  0.1114E+02
      8.771  0.2095E+01  0.1130E+02
      8.858  0.1758E+01  0.1147E+02
      8.944  0.1499E+01  0.1161E+02
      9.031  0.1321E+01  0.1173E+02
      9.117  0.1248E+01  0.1184E+02
      9.204  0.1178E+01  0.1194E+02
      9.290  0.1119E+01  0.1204E+02
      9.377  0.1145E+01  0.1214E+02
      9.463  0.1178E+01  0.1224E+02
      9.550  0.1225E+01  0.1234E+02
      9.636  0.1410E+01  0.1245E+02
      9.723  0.1566E+01  0.1258E+02
      9.809  0.1268E+01  0.1270E+02
      9.895  0.1313E+01  0.1281E+02
      9.982  0.1273E+01  0.1293E+02
     10.068  0.1248E+01  0.1304E+02
     10.155  0.1188E+01  0.1314E+02
     10.241  0.1244E+01  0.1325E+02
     10.328  0.1182E+01  0.1335E+02
     10.414  0.1185E+01  0.1345E+02
     10.501  0.1187E+01  0.1356E+02
     10.587  0.1166E+01  0.1366E+02
     10.674  0.1126E+01  0.1376E+02
     10.760  0.1116E+01  0.1385E+02
     10.847  0.1105E+01  0.1395E+02
     10.933  0.1077E+01  0.1404E+02
     11.020  0.1043E+01  0.1414E+02
     11.106  0.1019E+01  0.1423E+02
     11.193  0.1001E+01  0.1431E+02
     11.279  0.9790E+00  0.1440E+02
     11.366  0.9115E+00  0.1448E+02
     11.452  0.8805E+00  0.1456E+02
     11.539  0.8860E+00  0.1463E+02
     11.625  0.8710E+00  0.1471E+02
     11.712  0.1064E+01  0.1479E+02
     11.798  0.1046E+01  0.1488E+02
     11.885  0.9502E+00  0.1497E+02
     11.971  0.8613E+00  0.1505E+02
     12.058  0.7746E+00  0.1512E+02
     12.144  0.7291E+00  0.1518E+02
     12.231  0.6709E+00  0.1524E+02
     12.317  0.6385E+00  0.1530E+02
     12.403  0.6138E+00  0.1535E+02
     12.490  0.5900E+00  0.1541E+02
     12.576  0.5766E+00  0.1546E+02
     12.663  0.5319E+00  0.1550E+02
     12.749  0.5082E+00  0.1555E+02
     12.836  0.4906E+00  0.1559E+02
     12.922  0.5027E+00  0.1564E+02
     13.009  0.4799E+00  0.1568E+02
     13.095  0.6644E+00  0.1572E+02
     13.182  0.4771E+00  0.1577E+02
     13.268  0.3663E+00  0.1581E+02
     13.355  0.2178E+00  0.1583E+02
     13.441  0.2067E+00  0.1585E+02
     13.528  0.1967E+00  0.1587E+02
     13.614  0.1825E+00  0.1588E+02
     13.701  0.1674E+00  0.1590E+02
     13.787  0.1605E+00  0.1591E+02
     13.874  0.1404E+00  0.1593E+02
     13.960  0.1217E+00  0.1594E+02
     14.047  0.1071E+00  0.1595E+02
     14.133  0.9525E-01  0.1596E+02
     14.220  0.8887E-01  0.1596E+02
     14.306  0.8458E-01  0.1597E+02
     14.393  0.7652E-01  0.1598E+02
     14.479  0.6829E-01  0.1599E+02
     14.566  0.4891E-01  0.1599E+02
     14.652  0.3571E-01  0.1599E+02
     14.738  0.2519E-01  0.1600E+02
     14.825  0.1902E-01  0.1600E+02
     14.911  0.5920E-02  0.1600E+02
     14.998  0.0000E+00  0.1600E+02
     15.084  0.0000E+00  0.1600E+02
     15.171  0.0000E+00  0.1600E+02
     15.257  0.0000E+00  0.1600E+02
     15.344  0.0000E+00  0.1600E+02
     15.430  0.0000E+00  0.1600E+02
     15.517  0.0000E+00  0.1600E+02
     15.603  0.0000E+00  0.1600E+02
     15.690  0.0000E+00  0.1600E+02
     15.776  0.0000E+00  0.1600E+02
     15.863  0.0000E+00  0.1600E+02
     15.949  0.0000E+00  0.1600E+02
     16.036  0.0000E+00  0.1600E+02
     16.122  0.0000E+00  0.1600E+02
     16.209  0.0000E+00  0.1600E+02
     16.295  0.0000E+00  0.1600E+02
     16.382  0.0000E+00  0.1600E+02
     16.468  0.0000E+00  0.1600E+02
     16.555  0.0000E+00  0.1600E+02
     16.641  0.0000E+00  0.1600E+02
     16.728  0.0000E+00  0.1600E+02
     16.814  0.0000E+00  0.1600E+02
     16.901  0.0000E+00  0.1600E+02
     16.90054009     -9.04411126  301      4.88638427      1.00000000
     -9.044  0.0000E+00  0.0000E+00  0.0000E+00  0.0000E+00  0.0000E+00  0.0000E+00  0.0000E+00  0.0000E+00  0.0000E+00
     -8.958  0.0000E+00  0.0000E+00  0.0000E+00  0.0000E+00  0.0000E+00  0.0000E+00  0.0000E+00  0.0000E+00  0.0000E+00
     -8.871  0.0000E+00  0.0000E+00  0.0000E+00  0.0000E+00  0.0000E+00  0.0000E+00  0.0000E+00  0.0000E+00  0.0000E+00
     -8.785  0.0000E+00  0.0000E+00  0.0000E+00  0.0000E+00  0.0000E+00  0.0000E+00  0.0000E+00  0.0000E+00  0.0000E+00
     -8.698  0.0000E+00  0.0000E+00  0.0000E+00  0.0000E+00  0.0000E+00  0.0000E+00  0.0000E+00  0.0000E+00  0.0000E+00
     -8.612  0.0000E+00  0.0000E+00  0.0000E+00  0.0000E+00  0.0000E+00  0.0000E+00  0.0000E+00  0.0000E+00  0.0000E+00
     -8.525  0.0000E+00  0.0000E+00  0.0000E+00  0.0000E+00  0.0000E+00  0.0000E+00  0.0000E+00  0.0000E+00  0.0000E+00
     -8.439  0.0000E+00  0.0000E+00  0.0000E+00  0.0000E+00  0.0000E+00  0.0000E+00  0.0000E+00  0.0000E+00  0.0000E+00
     -8.352  0.0000E+00  0.0000E+00  0.0000E+00  0.0000E+00  0.0000E+00  0.0000E+00  0.0000E+00  0.0000E+00  0.0000E+00
     -8.266  0.0000E+00  0.0000E+00  0.0000E+00  0.0000E+00  0.0000E+00  0.0000E+00  0.0000E+00  0.0000E+00  0.0000E+00
     -8.179  0.0000E+00  0.0000E+00  0.0000E+00  0.0000E+00  0.0000E+00  0.0000E+00  0.0000E+00  0.0000E+00  0.0000E+00
     -8.093  0.0000E+00  0.0000E+00  0.0000E+00  0.0000E+00  0.0000E+00  0.0000E+00  0.0000E+00  0.0000E+00  0.0000E+00
     -8.006  0.0000E+00  0.0000E+00  0.0000E+00  0.0000E+00  0.0000E+00  0.0000E+00  0.0000E+00  0.0000E+00  0.0000E+00
     -7.920  0.0000E+00  0.0000E+00  0.0000E+00  0.0000E+00  0.0000E+00  0.0000E+00  0.0000E+00  0.0000E+00  0.0000E+00
     -7.833  0.0000E+00  0.0000E+00  0.0000E+00  0.0000E+00  0.0000E+00  0.0000E+00  0.0000E+00  0.0000E+00  0.0000E+00
     -7.747  0.0000E+00  0.0000E+00  0.0000E+00  0.0000E+00  0.0000E+00  0.0000E+00  0.0000E+00  0.0000E+00  0.0000E+00
     -7.660  0.0000E+00  0.0000E+00  0.0000E+00  0.0000E+00  0.0000E+00  0.0000E+00  0.0000E+00  0.0000E+00  0.0000E+00
     -7.574  0.0000E+00  0.0000E+00  0.0000E+00  0.0000E+00  0.0000E+00  0.0000E+00  0.0000E+00  0.0000E+00  0.0000E+00
     -7.487  0.0000E+00  0.0000E+00  0.0000E+00  0.0000E+00  0.0000E+00  0.0000E+00  0.0000E+00  0.0000E+00  0.0000E+00
     -7.401  0.0000E+00  0.0000E+00  0.0000E+00  0.0000E+00  0.0000E+00  0.0000E+00  0.0000E+00  0.0000E+00  0.0000E+00
     -7.314  0.0000E+00  0.0000E+00  0.0000E+00  0.0000E+00  0.0000E+00  0.0000E+00  0.0000E+00  0.0000E+00  0.0000E+00
     -7.228  0.0000E+00  0.0000E+00  0.0000E+00  0.0000E+00  0.0000E+00  0.0000E+00  0.0000E+00  0.0000E+00  0.0000E+00
     -7.142  0.0000E+00  0.0000E+00  0.0000E+00  0.0000E+00  0.0000E+00  0.0000E+00  0.0000E+00  0.0000E+00  0.0000E+00
     -7.055  0.0000E+00  0.0000E+00  0.0000E+00  0.0000E+00  0.0000E+00  0.0000E+00  0.0000E+00  0.0000E+00  0.0000E+00
     -6.969  0.2549E-01  0.2914E-04  0.2914E-04  0.2914E-04  0.0000E+00  0.0000E+00  0.0000E+00  0.0000E+00  0.0000E+00
     -6.882  0.2922E-01  0.7858E-04  0.7858E-04  0.7858E-04  0.0000E+00  0.0000E+00  0.0000E+00  0.0000E+00  0.0000E+00
     -6.796  0.3679E-01  0.1486E-03  0.1486E-03  0.1486E-03  0.0000E+00  0.0000E+00  0.0000E+00  0.0000E+00  0.0000E+00
     -6.709  0.4337E-01  0.2305E-03  0.2305E-03  0.2305E-03  0.0000E+00  0.0000E+00  0.0000E+00  0.0000E+00  0.0000E+00
     -6.623  0.4852E-01  0.3287E-03  0.3287E-03  0.3287E-03  0.0000E+00  0.0000E+00  0.0000E+00  0.0000E+00  0.0000E+00
     -6.536  0.5392E-01  0.4330E-03  0.4330E-03  0.4330E-03  0.0000E+00  0.0000E+00  0.0000E+00  0.0000E+00  0.0000E+00
     -6.450  0.5841E-01  0.5513E-03  0.5513E-03  0.5513E-03  0.0000E+00  0.0000E+00  0.0000E+00  0.0000E+00  0.0000E+00
     -6.363  0.6321E-01  0.6739E-03  0.6739E-03  0.6739E-03  0.0000E+00  0.0000E+00  0.0000E+00  0.0000E+00  0.0000E+00
     -6.277  0.6729E-01  0.8112E-03  0.8112E-03  0.8112E-03  0.0000E+00  0.0000E+00  0.0000E+00  0.0000E+00  0.0000E+00
     -6.190  0.7183E-01  0.9487E-03  0.9487E-03  0.9487E-03  0.0000E+00  0.0000E+00  0.0000E+00  0.0000E+00  0.0000E+00
     -6.104  0.7569E-01  0.1104E-02  0.1104E-02  0.1104E-02  0.0000E+00  0.0000E+00  0.0000E+00  0.0000E+00  0.0000E+00
     -6.017  0.7985E-01  0.1262E-02  0.1262E-02  0.1262E-02  0.0000E+00  0.0000E+00  0.0000E+00  0.0000E+00  0.0000E+00
     -5.931  0.8401E-01  0.1427E-02  0.1427E-02  0.1427E-02  0.0000E+00  0.0000E+00  0.0000E+00  0.0000E+00  0.0000E+00
     -5.844  0.8799E-01  0.1606E-02  0.1606E-02  0.1606E-02  0.0000E+00  0.0000E+00  0.0000E+00  0.0000E+00  0.0000E+00
     -5.758  0.9229E-01  0.1786E-02  0.1786E-02  0.1786E-02  0.0000E+00  0.0000E+00  0.0000E+00  0.0000E+00  0.0000E+00
     -5.671  0.9653E-01  0.1980E-02  0.1980E-02  0.1980E-02  0.0000E+00  0.0000E+00  0.0000E+00  0.0000E+00  0.0000E+00
     -5.585  0.1009E+00  0.2185E-02  0.2185E-02  0.2185E-02  0.0000E+00  0.0000E+00  0.0000E+00  0.0000E+00  0.0000E+00
     -5.498  0.1056E+00  0.2392E-02  0.2392E-02  0.2392E-02  0.0000E+00  0.0000E+00  0.0000E+00  0.0000E+00  0.0000E+00
     -5.412  0.1105E+00  0.2619E-02  0.2619E-02  0.2619E-02  0.0000E+00  0.0000E+00  0.0000E+00  0.0000E+00  0.0000E+00
     -5.325  0.1158E+00  0.2861E-02  0.2861E-02  0.2861E-02  0.0000E+00  0.0000E+00  0.0000E+00  0.0000E+00  0.0000E+00
     -5.239  0.1217E+00  0.3111E-02  0.3111E-02  0.3111E-02  0.0000E+00  0.0000E+00  0.0000E+00  0.0000E+00  0.0000E+00
     -5.152  0.1283E+00  0.3387E-02  0.3387E-02  0.3387E-02  0.0000E+00  0.0000E+00  0.0000E+00  0.0000E+00  0.0000E+00
     -5.066  0.1361E+00  0.3701E-02  0.3701E-02  0.3701E-02  0.0000E+00  0.0000E+00  0.0000E+00  0.0000E+00  0.0000E+00
     -4.979  0.1461E+00  0.4053E-02  0.4053E-02  0.4053E-02  0.0000E+00  0.0000E+00  0.0000E+00  0.0000E+00  0.0000E+00
     -4.893  0.1601E+00  0.4494E-02  0.4494E-02  0.4494E-02  0.0000E+00  0.0000E+00  0.0000E+00  0.0000E+00  0.0000E+00
     -4.806  0.1932E+00  0.5347E-02  0.5347E-02  0.5347E-02  0.0000E+00  0.0000E+00  0.0000E+00  0.0000E+00  0.0000E+00
     -4.720  0.1971E+00  0.5650E-02  0.5650E-02  0.5650E-02  0.0000E+00  0.0000E+00  0.0000E+00  0.0000E+00  0.0000E+00
     -4.634  0.1841E+00  0.5576E-02  0.5576E-02  0.5576E-02  0.0000E+00  0.0000E+00  0.0000E+00  0.0000E+00  0.0000E+00
     -4.547  0.1770E+00  0.5649E-02  0.5649E-02  0.5649E-02  0.0000E+00  0.0000E+00  0.0000E+00  0.0000E+00  0.0000E+00
     -4.461  0.1697E+00  0.5665E-02  0.5665E-02  0.5665E-02  0.0000E+00  0.0000E+00  0.0000E+00  0.0000E+00  0.0000E+00
     -4.374  0.1639E+00  0.5697E-02  0.5697E-02  0.5697E-02  0.0000E+00  0.0000E+00  0.0000E+00  0.0000E+00  0.0000E+00
     -4.288  0.1564E+00  0.5695E-02  0.5695E-02  0.5695E-02  0.0000E+00  0.0000E+00  0.0000E+00  0.0000E+00  0.0000E+00
     -4.201  0.1503E+00  0.5686E-02  0.5686E-02  0.5686E-02  0.0000E+00  0.0000E+00  0.0000E+00  0.0000E+00  0.0000E+00
     -4.115  0.1427E+00  0.5627E-02  0.5627E-02  0.5627E-02  0.0000E+00  0.0000E+00  0.0000E+00  0.0000E+00  0.0000E+00
     -4.028  0.1368E+00  0.5598E-02  0.5598E-02  0.5598E-02  0.0000E+00  0.0000E+00  0.0000E+00  0.0000E+00  0.0000E+00
     -3.942  0.1292E+00  0.5501E-02  0.5501E-02  0.5501E-02  0.0000E+00  0.0000E+00  0.0000E+00  0.0000E+00  0.0000E+00
     -3.855  0.1225E+00  0.5403E-02  0.5403E-02  0.5403E-02  0.0000E+00  0.0000E+00  0.0000E+00  0.0000E+00  0.0000E+00
     -3.769  0.1157E+00  0.5289E-02  0.5289E-02  0.5289E-02  0.0000E+00  0.0000E+00  0.0000E+00  0.0000E+00  0.0000E+00
     -3.682  0.1078E+00  0.5121E-02  0.5121E-02  0.5121E-02  0.0000E+00  0.0000E+00  0.0000E+00  0.0000E+00  0.0000E+00
     -3.596  0.1007E+00  0.4944E-02  0.4944E-02  0.4944E-02  0.0000E+00  0.0000E+00  0.0000E+00  0.0000E+00  0.0000E+00
     -3.509  0.9274E-01  0.4727E-02  0.4727E-02  0.4727E-02  0.0000E+00  0.0000E+00  0.0000E+00  0.0000E+00  0.0000E+00
     -3.423  0.8466E-01  0.4481E-02  0.4481E-02  0.4481E-02  0.0000E+00  0.0000E+00  0.0000E+00  0.0000E+00  0.0000E+00
     -3.336  0.7703E-01  0.4223E-02  0.4223E-02  0.4223E-02  0.0000E+00  0.0000E+00  0.0000E+00  0.0000E+00  0.0000E+00
     -3.250  0.6896E-01  0.3959E-02  0.3959E-02  0.3959E-02  0.0000E+00  0.0000E+00  0.0000E+00  0.0000E+00  0.0000E+00
     -3.163  0.5466E-01  0.3286E-02  0.3286E-02  0.3286E-02  0.0000E+00  0.0000E+00  0.0000E+00  0.0000E+00  0.0000E+00
     -3.077  0.3456E-01  0.2102E-02  0.2102E-02  0.2102E-02  0.0000E+00  0.0000E+00  0.0000E+00  0.0000E+00  0.0000E+00
     -2.990  0.2111E-02  0.1240E-03  0.1240E-03  0.1240E-03  0.0000E+00  0.0000E+00  0.0000E+00  0.0000E+00  0.0000E+00
     -2.904  0.3454E-02  0.2575E-03  0.2575E-03  0.2575E-03  0.0000E+00  0.0000E+00  0.0000E+00  0.0000E+00  0.0000E+00
     -2.817  0.1475E-01  0.1102E-02  0.1102E-02  0.1102E-02  0.0000E+00  0.0000E+00  0.0000E+00  0.0000E+00  0.0000E+00
     -2.731  0.3450E-01  0.2579E-02  0.2579E-02  0.2579E-02  0.0000E+00  0.0000E+00  0.0000E+00  0.0000E+00  0.0000E+00
     -2.644  0.5469E-01  0.4136E-02  0.4136E-02  0.4136E-02  0.0000E+00  0.0000E+00  0.0000E+00  0.0000E+00  0.0000E+00
     -2.558  0.5993E-01  0.4683E-02  0.4683E-02  0.4683E-02  0.0000E+00  0.0000E+00  0.0000E+00  0.0000E+00  0.0000E+00
     -2.471  0.6840E-01  0.5514E-02  0.5514E-02  0.5514E-02  0.0000E+00  0.0000E+00  0.0000E+00  0.0000E+00  0.0000E+00
     -2.385  0.7784E-01  0.6528E-02  0.6528E-02  0.6528E-02  0.0000E+00  0.0000E+00  0.0000E+00  0.0000E+00  0.0000E+00
     -2.299  0.8613E-01  0.7489E-02  0.7489E-02  0.7489E-02  0.0000E+00  0.0000E+00  0.0000E+00  0.0000E+00  0.0000E+00
     -2.212  0.9636E-01  0.8794E-02  0.8794E-02  0.8794E-02  0.0000E+00  0.0000E+00  0.0000E+00  0.0000E+00  0.0000E+00
     -2.126  0.1059E+00  0.1012E-01  0.1012E-01  0.1012E-01  0.0000E+00  0.0000E+00  0.0000E+00  0.0000E+00  0.0000E+00
     -2.039  0.1206E+00  0.1232E-01  0.1232E-01  0.1232E-01  0.0000E+00  0.0000E+00  0.0000E+00  0.0000E+00  0.0000E+00
     -1.953  0.1559E+00  0.1991E-01  0.1991E-01  0.1991E-01  0.0000E+00  0.0000E+00  0.0000E+00  0.0000E+00  0.0000E+00
     -1.866  0.3542E+00  0.6043E-01  0.6043E-01  0.6043E-01  0.0000E+00  0.0000E+00  0.0000E+00  0.0000E+00  0.0000E+00
     -1.780  0.1793E+00  0.2793E-01  0.2793E-01  0.2793E-01  0.0000E+00  0.0000E+00  0.0000E+00  0.0000E+00  0.0000E+00
     -1.693  0.1474E+00  0.2263E-01  0.2263E-01  0.2263E-01  0.0000E+00  0.0000E+00  0.0000E+00  0.0000E+00  0.0000E+00
     -1.607  0.1289E+00  0.1982E-01  0.1982E-01  0.1982E-01  0.0000E+00  0.0000E+00  0.0000E+00  0.0000E+00  0.0000E+00
     -1.520  0.1152E+00  0.1788E-01  0.1788E-01  0.1788E-01  0.0000E+00  0.0000E+00  0.0000E+00  0.0000E+00  0.0000E+00
     -1.434  0.1056E+00  0.1654E-01  0.1654E-01  0.1654E-01  0.0000E+00  0.0000E+00  0.0000E+00  0.0000E+00  0.0000E+00
     -1.347  0.9766E-01  0.1548E-01  0.1548E-01  0.1548E-01  0.0000E+00  0.0000E+00  0.0000E+00  0.0000E+00  0.0000E+00
     -1.261  0.9042E-01  0.1456E-01  0.1456E-01  0.1456E-01  0.0000E+00  0.0000E+00  0.0000E+00  0.0000E+00  0.0000E+00
     -1.174  0.8389E-01  0.1374E-01  0.1374E-01  0.1374E-01  0.0000E+00  0.0000E+00  0.0000E+00  0.0000E+00  0.0000E+00
     -1.088  0.7909E-01  0.1315E-01  0.1315E-01  0.1315E-01  0.0000E+00  0.0000E+00  0.0000E+00  0.0000E+00  0.0000E+00
     -1.001  0.7439E-01  0.1257E-01  0.1257E-01  0.1257E-01  0.0000E+00  0.0000E+00  0.0000E+00  0.0000E+00  0.0000E+00
     -0.915  0.6975E-01  0.1201E-01  0.1201E-01  0.1201E-01  0.0000E+00  0.0000E+00  0.0000E+00  0.0000E+00  0.0000E+00
     -0.828  0.6538E-01  0.1148E-01  0.1148E-01  0.1148E-01  0.0000E+00  0.0000E+00  0.0000E+00  0.0000E+00  0.0000E+00
     -0.742  0.6214E-01  0.1109E-01  0.1109E-01  0.1109E-01  0.0000E+00  0.0000E+00  0.0000E+00  0.0000E+00  0.0000E+00
     -0.655  0.5885E-01  0.1070E-01  0.1070E-01  0.1070E-01  0.0000E+00  0.0000E+00  0.0000E+00  0.0000E+00  0.0000E+00
     -0.569  0.5544E-01  0.1028E-01  0.1028E-01  0.1028E-01  0.0000E+00  0.0000E+00  0.0000E+00  0.0000E+00  0.0000E+00
     -0.482  0.5201E-01  0.9857E-02  0.9857E-02  0.9857E-02  0.0000E+00  0.0000E+00  0.0000E+00  0.0000E+00  0.0000E+00
     -0.396  0.4961E-01  0.9567E-02  0.9567E-02  0.9567E-02  0.0000E+00  0.0000E+00  0.0000E+00  0.0000E+00  0.0000E+00
     -0.309  0.4723E-01  0.9276E-02  0.9276E-02  0.9276E-02  0.0000E+00  0.0000E+00  0.0000E+00  0.0000E+00  0.0000E+00
     -0.223  0.4470E-01  0.8960E-02  0.8960E-02  0.8960E-02  0.0000E+00  0.0000E+00  0.0000E+00  0.0000E+00  0.0000E+00
     -0.136  0.4199E-01  0.8606E-02  0.8606E-02  0.8606E-02  0.0000E+00  0.0000E+00  0.0000E+00  0.0000E+00  0.0000E+00
     -0.050  0.3977E-01  0.8314E-02  0.8314E-02  0.8314E-02  0.0000E+00  0.0000E+00  0.0000E+00  0.0000E+00  0.0000E+00
      0.037  0.3799E-01  0.8089E-02  0.8089E-02  0.8089E-02  0.0000E+00  0.0000E+00  0.0000E+00  0.0000E+00  0.0000E+00
      0.123  0.3611E-01  0.7843E-02  0.7843E-02  0.7843E-02  0.0000E+00  0.0000E+00  0.0000E+00  0.0000E+00  0.0000E+00
      0.209  0.3416E-01  0.7579E-02  0.7579E-02  0.7579E-02  0.0000E+00  0.0000E+00  0.0000E+00  0.0000E+00  0.0000E+00
      0.296  0.3213E-01  0.7290E-02  0.7290E-02  0.7290E-02  0.0000E+00  0.0000E+00  0.0000E+00  0.0000E+00  0.0000E+00
      0.382  0.3038E-01  0.7039E-02  0.7039E-02  0.7039E-02  0.0000E+00  0.0000E+00  0.0000E+00  0.0000E+00  0.0000E+00
      0.469  0.2902E-01  0.6853E-02  0.6853E-02  0.6853E-02  0.0000E+00  0.0000E+00  0.0000E+00  0.0000E+00  0.0000E+00
      0.555  0.2761E-01  0.6653E-02  0.6653E-02  0.6653E-02  0.0000E+00  0.0000E+00  0.0000E+00  0.0000E+00  0.0000E+00
      0.642  0.2607E-01  0.6423E-02  0.6423E-02  0.6423E-02  0.0000E+00  0.0000E+00  0.0000E+00  0.0000E+00  0.0000E+00
      0.728  0.2512E-01  0.1739E-01  0.1739E-01  0.1739E-01  0.0000E+00  0.0000E+00  0.0000E+00  0.0000E+00  0.0000E+00
      0.815  0.2554E-01  0.3344E-01  0.3344E-01  0.3344E-01  0.0000E+00  0.0000E+00  0.0000E+00  0.0000E+00  0.0000E+00
      0.901  0.2690E-01  0.4779E-01  0.4779E-01  0.4779E-01  0.0000E+00  0.0000E+00  0.0000E+00  0.0000E+00  0.0000E+00
      0.988  0.2925E-01  0.6673E-01  0.6673E-01  0.6673E-01  0.0000E+00  0.0000E+00  0.0000E+00  0.0000E+00  0.0000E+00
      1.074  0.2945E-01  0.6216E-01  0.6216E-01  0.6216E-01  0.0000E+00  0.0000E+00  0.0000E+00  0.0000E+00  0.0000E+00
      1.161  0.2910E-01  0.5753E-01  0.5753E-01  0.5753E-01  0.0000E+00  0.0000E+00  0.0000E+00  0.0000E+00  0.0000E+00
      1.247  0.2872E-01  0.5398E-01  0.5398E-01  0.5398E-01  0.0000E+00  0.0000E+00  0.0000E+00  0.0000E+00  0.0000E+00
      1.334  0.2853E-01  0.5157E-01  0.5157E-01  0.5157E-01  0.0000E+00  0.0000E+00  0.0000E+00  0.0000E+00  0.0000E+00
      1.420  0.2830E-01  0.5415E-01  0.5415E-01  0.5415E-01  0.0000E+00  0.0000E+00  0.0000E+00  0.0000E+00  0.0000E+00
      1.507  0.2790E-01  0.5409E-01  0.5409E-01  0.5409E-01  0.0000E+00  0.0000E+00  0.0000E+00  0.0000E+00  0.0000E+00
      1.593  0.2738E-01  0.5701E-01  0.5701E-01  0.5701E-01  0.0000E+00  0.0000E+00  0.0000E+00  0.0000E+00  0.0000E+00
      1.680  0.2647E-01  0.5844E-01  0.5844E-01  0.5844E-01  0.0000E+00  0.0000E+00  0.0000E+00  0.0000E+00  0.0000E+00
      1.766  0.2569E-01  0.6047E-01  0.6047E-01  0.6047E-01  0.0000E+00  0.0000E+00  0.0000E+00  0.0000E+00  0.0000E+00
      1.853  0.2532E-01  0.6706E-01  0.6706E-01  0.6706E-01  0.0000E+00  0.0000E+00  0.0000E+00  0.0000E+00  0.0000E+00
      1.939  0.2464E-01  0.6979E-01  0.6979E-01  0.6979E-01  0.0000E+00  0.0000E+00  0.0000E+00  0.0000E+00  0.0000E+00
      2.026  0.2374E-01  0.7351E-01  0.7351E-01  0.7351E-01  0.0000E+00  0.0000E+00  0.0000E+00  0.0000E+00  0.0000E+00
      2.112  0.2284E-01  0.9152E-01  0.9152E-01  0.9152E-01  0.0000E+00  0.0000E+00  0.0000E+00  0.0000E+00  0.0000E+00
      2.199  0.2187E-01  0.9240E-01  0.9240E-01  0.9240E-01  0.0000E+00  0.0000E+00  0.0000E+00  0.0000E+00  0.0000E+00
      2.285  0.2080E-01  0.9030E-01  0.9030E-01  0.9030E-01  0.0000E+00  0.0000E+00  0.0000E+00  0.0000E+00  0.0000E+00
      2.372  0.2002E-01  0.8921E-01  0.8921E-01  0.8921E-01  0.0000E+00  0.0000E+00  0.0000E+00  0.0000E+00  0.0000E+00
      2.458  0.1913E-01  0.8859E-01  0.8859E-01  0.8859E-01  0.0000E+00  0.0000E+00  0.0000E+00  0.0000E+00  0.0000E+00
      2.544  0.1823E-01  0.8775E-01  0.8775E-01  0.8775E-01  0.0000E+00  0.0000E+00  0.0000E+00  0.0000E+00  0.0000E+00
      2.631  0.1732E-01  0.8667E-01  0.8667E-01  0.8667E-01  0.0000E+00  0.0000E+00  0.0000E+00  0.0000E+00  0.0000E+00
      2.717  0.1625E-01  0.8589E-01  0.8589E-01  0.8589E-01  0.0000E+00  0.0000E+00  0.0000E+00  0.0000E+00  0.0000E+00
      2.804  0.1532E-01  0.8512E-01  0.8512E-01  0.8512E-01  0.0000E+00  0.0000E+00  0.0000E+00  0.0000E+00  0.0000E+00
      2.890  0.1442E-01  0.8479E-01  0.8479E-01  0.8479E-01  0.0000E+00  0.0000E+00  0.0000E+00  0.0000E+00  0.0000E+00
      2.977  0.1361E-01  0.8364E-01  0.8364E-01  0.8364E-01  0.0000E+00  0.0000E+00  0.0000E+00  0.0000E+00  0.0000E+00
      3.063  0.1277E-01  0.8256E-01  0.8256E-01  0.8256E-01  0.0000E+00  0.0000E+00  0.0000E+00  0.0000E+00  0.0000E+00
      3.150  0.1187E-01  0.8232E-01  0.8232E-01  0.8232E-01  0.0000E+00  0.0000E+00  0.0000E+00  0.0000E+00  0.0000E+00
      3.236  0.1082E-01  0.8178E-01  0.8178E-01  0.8178E-01  0.0000E+00  0.0000E+00  0.0000E+00  0.0000E+00  0.0000E+00
      3.323  0.9624E-02  0.8124E-01  0.8124E-01  0.8124E-01  0.0000E+00  0.0000E+00  0.0000E+00  0.0000E+00  0.0000E+00
      3.409  0.8725E-02  0.8051E-01  0.8051E-01  0.8051E-01  0.0000E+00  0.0000E+00  0.0000E+00  0.0000E+00  0.0000E+00
      3.496  0.7917E-02  0.8049E-01  0.8049E-01  0.8049E-01  0.0000E+00  0.0000E+00  0.0000E+00  0.0000E+00  0.0000E+00
      3.582  0.7093E-02  0.8071E-01  0.8071E-01  0.8071E-01  0.0000E+00  0.0000E+00  0.0000E+00  0.0000E+00  0.0000E+00
      3.669  0.6138E-02  0.8087E-01  0.8087E-01  0.8087E-01  0.0000E+00  0.0000E+00  0.0000E+00  0.0000E+00  0.0000E+00
      3.755  0.5409E-02  0.5966E-01  0.5966E-01  0.5966E-01  0.0000E+00  0.0000E+00  0.0000E+00  0.0000E+00  0.0000E+00
      3.842  0.4795E-02  0.5090E-01  0.5090E-01  0.5090E-01  0.0000E+00  0.0000E+00  0.0000E+00  0.0000E+00  0.0000E+00
      3.928  0.4343E-02  0.4456E-01  0.4456E-01  0.4456E-01  0.0000E+00  0.0000E+00  0.0000E+00  0.0000E+00  0.0000E+00
      4.015  0.3744E-02  0.3944E-01  0.3944E-01  0.3944E-01  0.0000E+00  0.0000E+00  0.0000E+00  0.0000E+00  0.0000E+00
      4.101  0.3165E-02  0.3460E-01  0.3460E-01  0.3460E-01  0.0000E+00  0.0000E+00  0.0000E+00  0.0000E+00  0.0000E+00
      4.188  0.2737E-02  0.3106E-01  0.3106E-01  0.3106E-01  0.0000E+00  0.0000E+00  0.0000E+00  0.0000E+00  0.0000E+00
      4.274  0.2109E-02  0.2722E-01  0.2722E-01  0.2722E-01  0.0000E+00  0.0000E+00  0.0000E+00  0.0000E+00  0.0000E+00
      4.361  0.1710E-02  0.2378E-01  0.2378E-01  0.2378E-01  0.0000E+00  0.0000E+00  0.0000E+00  0.0000E+00  0.0000E+00
      4.447  0.1311E-02  0.2051E-01  0.2051E-01  0.2051E-01  0.0000E+00  0.0000E+00  0.0000E+00  0.0000E+00  0.0000E+00
      4.534  0.9650E-03  0.1754E-01  0.1754E-01  0.1754E-01  0.0000E+00  0.0000E+00  0.0000E+00  0.0000E+00  0.0000E+00
      4.620  0.6893E-03  0.1401E-01  0.1401E-01  0.1401E-01  0.0000E+00  0.0000E+00  0.0000E+00  0.0000E+00  0.0000E+00
      4.707  0.3590E-03  0.1126E-01  0.1126E-01  0.1126E-01  0.0000E+00  0.0000E+00  0.0000E+00  0.0000E+00  0.0000E+00
      4.793  0.1328E-03  0.6775E-02  0.6775E-02  0.6775E-02  0.0000E+00  0.0000E+00  0.0000E+00  0.0000E+00  0.0000E+00
      4.880  0.9266E-07  0.8157E-04  0.8157E-04  0.8157E-04  0.0000E+00  0.0000E+00  0.0000E+00  0.0000E+00  0.0000E+00
      4.966  0.0000E+00  0.0000E+00  0.0000E+00  0.0000E+00  0.0000E+00  0.0000E+00  0.0000E+00  0.0000E+00  0.0000E+00
      5.052  0.0000E+00  0.0000E+00  0.0000E+00  0.0000E+00  0.0000E+00  0.0000E+00  0.0000E+00  0.0000E+00  0.0000E+00
      5.139  0.0000E+00  0.0000E+00  0.0000E+00  0.0000E+00  0.0000E+00  0.0000E+00  0.0000E+00  0.0000E+00  0.0000E+00
      5.225  0.0000E+00  0.0000E+00  0.0000E+00  0.0000E+00  0.0000E+00  0.0000E+00  0.0000E+00  0.0000E+00  0.0000E+00
      5.312  0.0000E+00  0.0000E+00  0.0000E+00  0.0000E+00  0.0000E+00  0.0000E+00  0.0000E+00  0.0000E+00  0.0000E+00
      5.398  0.0000E+00  0.0000E+00  0.0000E+00  0.0000E+00  0.0000E+00  0.0000E+00  0.0000E+00  0.0000E+00  0.0000E+00
      5.485  0.0000E+00  0.0000E+00  0.0000E+00  0.0000E+00  0.0000E+00  0.0000E+00  0.0000E+00  0.0000E+00  0.0000E+00
      5.571  0.0000E+00  0.0000E+00  0.0000E+00  0.0000E+00  0.0000E+00  0.0000E+00  0.0000E+00  0.0000E+00  0.0000E+00
      5.658  0.0000E+00  0.0000E+00  0.0000E+00  0.0000E+00  0.0000E+00  0.0000E+00  0.0000E+00  0.0000E+00  0.0000E+00
      5.744  0.0000E+00  0.0000E+00  0.0000E+00  0.0000E+00  0.0000E+00  0.0000E+00  0.0000E+00  0.0000E+00  0.0000E+00
      5.831  0.1302E-02  0.4465E-03  0.4465E-03  0.4465E-03  0.0000E+00  0.0000E+00  0.0000E+00  0.0000E+00  0.0000E+00
      5.917  0.6630E-02  0.2351E-02  0.2351E-02  0.2351E-02  0.0000E+00  0.0000E+00  0.0000E+00  0.0000E+00  0.0000E+00
      6.004  0.1025E-01  0.3759E-02  0.3759E-02  0.3759E-02  0.0000E+00  0.0000E+00  0.0000E+00  0.0000E+00  0.0000E+00
      6.090  0.1450E-01  0.5430E-02  0.5430E-02  0.5430E-02  0.0000E+00  0.0000E+00  0.0000E+00  0.0000E+00  0.0000E+00
      6.177  0.1680E-01  0.6608E-02  0.6608E-02  0.6608E-02  0.0000E+00  0.0000E+00  0.0000E+00  0.0000E+00  0.0000E+00
      6.263  0.1912E-01  0.7837E-02  0.7837E-02  0.7837E-02  0.0000E+00  0.0000E+00  0.0000E+00  0.0000E+00  0.0000E+00
      6.350  0.2138E-01  0.9120E-02  0.9120E-02  0.9120E-02  0.0000E+00  0.0000E+00  0.0000E+00  0.0000E+00  0.0000E+00
      6.436  0.2385E-01  0.1053E-01  0.1053E-01  0.1053E-01  0.0000E+00  0.0000E+00  0.0000E+00  0.0000E+00  0.0000E+00
      6.523  0.3226E-01  0.1230E-01  0.1230E-01  0.1230E-01  0.0000E+00  0.0000E+00  0.0000E+00  0.0000E+00  0.0000E+00
      6.609  0.4237E-01  0.1428E-01  0.1428E-01  0.1428E-01  0.0000E+00  0.0000E+00  0.0000E+00  0.0000E+00  0.0000E+00
      6.696  0.4828E-01  0.1620E-01  0.1620E-01  0.1620E-01  0.0000E+00  0.0000E+00  0.0000E+00  0.0000E+00  0.0000E+00
      6.782  0.5513E-01  0.1839E-01  0.1839E-01  0.1839E-01  0.0000E+00  0.0000E+00  0.0000E+00  0.0000E+00  0.0000E+00
      6.869  0.6234E-01  0.2085E-01  0.2085E-01  0.2085E-01  0.0000E+00  0.0000E+00  0.0000E+00  0.0000E+00  0.0000E+00
      6.955  0.7000E-01  0.2377E-01  0.2377E-01  0.2377E-01  0.0000E+00  0.0000E+00  0.0000E+00  0.0000E+00  0.0000E+00
      7.042  0.7960E-01  0.2732E-01  0.2732E-01  0.2732E-01  0.0000E+00  0.0000E+00  0.0000E+00  0.0000E+00  0.0000E+00
      7.128  0.9082E-01  0.3141E-01  0.3141E-01  0.3141E-01  0.0000E+00  0.0000E+00  0.0000E+00  0.0000E+00  0.0000E+00
      7.215  0.1194E+00  0.4028E-01  0.4028E-01  0.4028E-01  0.0000E+00  0.0000E+00  0.0000E+00  0.0000E+00  0.0000E+00
      7.301  0.1253E+00  0.4400E-01  0.4400E-01  0.4400E-01  0.0000E+00  0.0000E+00  0.0000E+00  0.0000E+00  0.0000E+00
      7.388  0.1171E+00  0.4458E-01  0.4458E-01  0.4458E-01  0.0000E+00  0.0000E+00  0.0000E+00  0.0000E+00  0.0000E+00
      7.474  0.1102E+00  0.4483E-01  0.4483E-01  0.4483E-01  0.0000E+00  0.0000E+00  0.0000E+00  0.0000E+00  0.0000E+00
      7.560  0.1015E+00  0.4439E-01  0.4439E-01  0.4439E-01  0.0000E+00  0.0000E+00  0.0000E+00  0.0000E+00  0.0000E+00
      7.647  0.8436E-01  0.3649E-01  0.3649E-01  0.3649E-01  0.0000E+00  0.0000E+00  0.0000E+00  0.0000E+00  0.0000E+00
      7.733  0.7635E-01  0.3556E-01  0.3556E-01  0.3556E-01  0.0000E+00  0.0000E+00  0.0000E+00  0.0000E+00  0.0000E+00
      7.820  0.6983E-01  0.3567E-01  0.3567E-01  0.3567E-01  0.0000E+00  0.0000E+00  0.0000E+00  0.0000E+00  0.0000E+00
      7.906  0.7099E-01  0.3740E-01  0.3740E-01  0.3740E-01  0.0000E+00  0.0000E+00  0.0000E+00  0.0000E+00  0.0000E+00
      7.993  0.5781E-01  0.3431E-01  0.3431E-01  0.3431E-01  0.0000E+00  0.0000E+00  0.0000E+00  0.0000E+00  0.0000E+00
      8.079  0.4518E-01  0.3057E-01  0.3057E-01  0.3057E-01  0.0000E+00  0.0000E+00  0.0000E+00  0.0000E+00  0.0000E+00
      8.166  0.4310E-01  0.3154E-01  0.3154E-01  0.3154E-01  0.0000E+00  0.0000E+00  0.0000E+00  0.0000E+00  0.0000E+00
      8.252  0.4285E-01  0.3340E-01  0.3340E-01  0.3340E-01  0.0000E+00  0.0000E+00  0.0000E+00  0.0000E+00  0.0000E+00
      8.339  0.4190E-01  0.3734E-01  0.3734E-01  0.3734E-01  0.0000E+00  0.0000E+00  0.0000E+00  0.0000E+00  0.0000E+00
      8.425  0.6957E-01  0.9921E-01  0.9921E-01  0.9921E-01  0.0000E+00  0.0000E+00  0.0000E+00  0.0000E+00  0.0000E+00
      8.512  0.5902E-01  0.7999E-01  0.7999E-01  0.7999E-01  0.0000E+00  0.0000E+00  0.0000E+00  0.0000E+00  0.0000E+00
      8.598  0.6092E-01  0.6360E-01  0.6360E-01  0.6360E-01  0.0000E+00  0.0000E+00  0.0000E+00  0.0000E+00  0.0000E+00
      8.685  0.6265E-01  0.6142E-01  0.6142E-01  0.6142E-01  0.0000E+00  0.0000E+00  0.0000E+00  0.0000E+00  0.0000E+00
      8.771  0.9493E-01  0.7068E-01  0.7068E-01  0.7068E-01  0.0000E+00  0.0000E+00  0.0000E+00  0.0000E+00  0.0000E+00
      8.858  0.6140E-01  0.6029E-01  0.6029E-01  0.6029E-01  0.0000E+00  0.0000E+00  0.0000E+00  0.0000E+00  0.0000E+00
      8.944  0.4532E-01  0.5241E-01  0.5241E-01  0.5241E-01  0.0000E+00  0.0000E+00  0.0000E+00  0.0000E+00  0.0000E+00
      9.031  0.3750E-01  0.4684E-01  0.4684E-01  0.4684E-01  0.0000E+00  0.0000E+00  0.0000E+00  0.0000E+00  0.0000E+00
      9.117  0.3486E-01  0.4455E-01  0.4455E-01  0.4455E-01  0.0000E+00  0.0000E+00  0.0000E+00  0.0000E+00  0.0000E+00
      9.204  0.3213E-01  0.4248E-01  0.4248E-01  0.4248E-01  0.0000E+00  0.0000E+00  0.0000E+00  0.0000E+00  0.0000E+00
      9.290  0.2763E-01  0.4021E-01  0.4021E-01  0.4021E-01  0.0000E+00  0.0000E+00  0.0000E+00  0.0000E+00  0.0000E+00
      9.377  0.2795E-01  0.4096E-01  0.4096E-01  0.4096E-01  0.0000E+00  0.0000E+00  0.0000E+00  0.0000E+00  0.0000E+00
      9.463  0.2945E-01  0.4181E-01  0.4181E-01  0.4181E-01  0.0000E+00  0.0000E+00  0.0000E+00  0.0000E+00  0.0000E+00
      9.550  0.3087E-01  0.4339E-01  0.4339E-01  0.4339E-01  0.0000E+00  0.0000E+00  0.0000E+00  0.0000E+00  0.0000E+00
      9.636  0.3470E-01  0.4958E-01  0.4958E-01  0.4958E-01  0.0000E+00  0.0000E+00  0.0000E+00  0.0000E+00  0.0000E+00
      9.723  0.3633E-01  0.5516E-01  0.5516E-01  0.5516E-01  0.0000E+00  0.0000E+00  0.0000E+00  0.0000E+00  0.0000E+00
      9.809  0.3503E-01  0.4502E-01  0.4502E-01  0.4502E-01  0.0000E+00  0.0000E+00  0.0000E+00  0.0000E+00  0.0000E+00
      9.895  0.3728E-01  0.4660E-01  0.4660E-01  0.4660E-01  0.0000E+00  0.0000E+00  0.0000E+00  0.0000E+00  0.0000E+00
      9.982  0.3737E-01  0.4547E-01  0.4547E-01  0.4547E-01  0.0000E+00  0.0000E+00  0.0000E+00  0.0000E+00  0.0000E+00
     10.068  0.3780E-01  0.4510E-01  0.4510E-01  0.4510E-01  0.0000E+00  0.0000E+00  0.0000E+00  0.0000E+00  0.0000E+00
     10.155  0.3654E-01  0.4317E-01  0.4317E-01  0.4317E-01  0.0000E+00  0.0000E+00  0.0000E+00  0.0000E+00  0.0000E+00
     10.241  0.3803E-01  0.4544E-01  0.4544E-01  0.4544E-01  0.0000E+00  0.0000E+00  0.0000E+00  0.0000E+00  0.0000E+00
     10.328  0.3615E-01  0.4352E-01  0.4352E-01  0.4352E-01  0.0000E+00  0.0000E+00  0.0000E+00  0.0000E+00  0.0000E+00
     10.414  0.3685E-01  0.4383E-01  0.4383E-01  0.4383E-01  0.0000E+00  0.0000E+00  0.0000E+00  0.0000E+00  0.0000E+00
     10.501  0.3692E-01  0.4391E-01  0.4391E-01  0.4391E-01  0.0000E+00  0.0000E+00  0.0000E+00  0.0000E+00  0.0000E+00
     10.587  0.3499E-01  0.4345E-01  0.4345E-01  0.4345E-01  0.0000E+00  0.0000E+00  0.0000E+00  0.0000E+00  0.0000E+00
     10.674  0.3314E-01  0.4206E-01  0.4206E-01  0.4206E-01  0.0000E+00  0.0000E+00  0.0000E+00  0.0000E+00  0.0000E+00
     10.760  0.3209E-01  0.4196E-01  0.4196E-01  0.4196E-01  0.0000E+00  0.0000E+00  0.0000E+00  0.0000E+00  0.0000E+00
     10.847  0.3130E-01  0.4180E-01  0.4180E-01  0.4180E-01  0.0000E+00  0.0000E+00  0.0000E+00  0.0000E+00  0.0000E+00
     10.933  0.3030E-01  0.4120E-01  0.4120E-01  0.4120E-01  0.0000E+00  0.0000E+00  0.0000E+00  0.0000E+00  0.0000E+00
     11.020  0.2825E-01  0.4009E-01  0.4009E-01  0.4009E-01  0.0000E+00  0.0000E+00  0.0000E+00  0.0000E+00  0.0000E+00
     11.106  0.2699E-01  0.3939E-01  0.3939E-01  0.3939E-01  0.0000E+00  0.0000E+00  0.0000E+00  0.0000E+00  0.0000E+00
     11.193  0.2613E-01  0.3881E-01  0.3881E-01  0.3881E-01  0.0000E+00  0.0000E+00  0.0000E+00  0.0000E+00  0.0000E+00
     11.279  0.2473E-01  0.3821E-01  0.3821E-01  0.3821E-01  0.0000E+00  0.0000E+00  0.0000E+00  0.0000E+00  0.0000E+00
     11.366  0.2215E-01  0.3569E-01  0.3569E-01  0.3569E-01  0.0000E+00  0.0000E+00  0.0000E+00  0.0000E+00  0.0000E+00
     11.452  0.2022E-01  0.3450E-01  0.3450E-01  0.3450E-01  0.0000E+00  0.0000E+00  0.0000E+00  0.0000E+00  0.0000E+00
     11.539  0.1973E-01  0.3491E-01  0.3491E-01  0.3491E-01  0.0000E+00  0.0000E+00  0.0000E+00  0.0000E+00  0.0000E+00
     11.625  0.1947E-01  0.3475E-01  0.3475E-01  0.3475E-01  0.0000E+00  0.0000E+00  0.0000E+00  0.0000E+00  0.0000E+00
     11.712  0.2425E-01  0.4197E-01  0.4197E-01  0.4197E-01  0.0000E+00  0.0000E+00  0.0000E+00  0.0000E+00  0.0000E+00
     11.798  0.2339E-01  0.4156E-01  0.4156E-01  0.4156E-01  0.0000E+00  0.0000E+00  0.0000E+00  0.0000E+00  0.0000E+00
     11.885  0.2050E-01  0.3816E-01  0.3816E-01  0.3816E-01  0.0000E+00  0.0000E+00  0.0000E+00  0.0000E+00  0.0000E+00
     11.971  0.1772E-01  0.3490E-01  0.3490E-01  0.3490E-01  0.0000E+00  0.0000E+00  0.0000E+00  0.0000E+00  0.0000E+00
     12.058  0.1541E-01  0.3201E-01  0.3201E-01  0.3201E-01  0.0000E+00  0.0000E+00  0.0000E+00  0.0000E+00  0.0000E+00
     12.144  0.1417E-01  0.3064E-01  0.3064E-01  0.3064E-01  0.0000E+00  0.0000E+00  0.0000E+00  0.0000E+00  0.0000E+00
     12.231  0.1260E-01  0.2848E-01  0.2848E-01  0.2848E-01  0.0000E+00  0.0000E+00  0.0000E+00  0.0000E+00  0.0000E+00
     12.317  0.1160E-01  0.2753E-01  0.2753E-01  0.2753E-01  0.0000E+00  0.0000E+00  0.0000E+00  0.0000E+00  0.0000E+00
     12.403  0.1087E-01  0.2674E-01  0.2674E-01  0.2674E-01  0.0000E+00  0.0000E+00  0.0000E+00  0.0000E+00  0.0000E+00
     12.490  0.1021E-01  0.2587E-01  0.2587E-01  0.2587E-01  0.0000E+00  0.0000E+00  0.0000E+00  0.0000E+00  0.0000E+00
     12.576  0.9732E-02  0.2532E-01  0.2532E-01  0.2532E-01  0.0000E+00  0.0000E+00  0.0000E+00  0.0000E+00  0.0000E+00
     12.663  0.8602E-02  0.2380E-01  0.2380E-01  0.2380E-01  0.0000E+00  0.0000E+00  0.0000E+00  0.0000E+00  0.0000E+00
     12.749  0.7904E-02  0.2302E-01  0.2302E-01  0.2302E-01  0.0000E+00  0.0000E+00  0.0000E+00  0.0000E+00  0.0000E+00
     12.836  0.7056E-02  0.2239E-01  0.2239E-01  0.2239E-01  0.0000E+00  0.0000E+00  0.0000E+00  0.0000E+00  0.0000E+00
     12.922  0.6834E-02  0.2302E-01  0.2302E-01  0.2302E-01  0.0000E+00  0.0000E+00  0.0000E+00  0.0000E+00  0.0000E+00
     13.009  0.6009E-02  0.2208E-01  0.2208E-01  0.2208E-01  0.0000E+00  0.0000E+00  0.0000E+00  0.0000E+00  0.0000E+00
     13.095  0.5421E-02  0.2617E-01  0.2617E-01  0.2617E-01  0.0000E+00  0.0000E+00  0.0000E+00  0.0000E+00  0.0000E+00
     13.182  0.4241E-02  0.2088E-01  0.2088E-01  0.2088E-01  0.0000E+00  0.0000E+00  0.0000E+00  0.0000E+00  0.0000E+00
     13.268  0.3586E-02  0.1748E-01  0.1748E-01  0.1748E-01  0.0000E+00  0.0000E+00  0.0000E+00  0.0000E+00  0.0000E+00
     13.355  0.2918E-02  0.1177E-01  0.1177E-01  0.1177E-01  0.0000E+00  0.0000E+00  0.0000E+00  0.0000E+00  0.0000E+00
     13.441  0.2750E-02  0.1128E-01  0.1128E-01  0.1128E-01  0.0000E+00  0.0000E+00  0.0000E+00  0.0000E+00  0.0000E+00
     13.528  0.2557E-02  0.1087E-01  0.1087E-01  0.1087E-01  0.0000E+00  0.0000E+00  0.0000E+00  0.0000E+00  0.0000E+00
     13.614  0.2290E-02  0.1024E-01  0.1024E-01  0.1024E-01  0.0000E+00  0.0000E+00  0.0000E+00  0.0000E+00  0.0000E+00
     13.701  0.1952E-02  0.9579E-02  0.9579E-02  0.9579E-02  0.0000E+00  0.0000E+00  0.0000E+00  0.0000E+00  0.0000E+00
     13.787  0.1655E-02  0.9440E-02  0.9440E-02  0.9440E-02  0.0000E+00  0.0000E+00  0.0000E+00  0.0000E+00  0.0000E+00
     13.874  0.1411E-02  0.8365E-02  0.8365E-02  0.8365E-02  0.0000E+00  0.0000E+00  0.0000E+00  0.0000E+00  0.0000E+00
     13.960  0.1197E-02  0.7319E-02  0.7319E-02  0.7319E-02  0.0000E+00  0.0000E+00  0.0000E+00  0.0000E+00  0.0000E+00
     14.047  0.1026E-02  0.6518E-02  0.6518E-02  0.6518E-02  0.0000E+00  0.0000E+00  0.0000E+00  0.0000E+00  0.0000E+00
     14.133  0.8830E-03  0.5872E-02  0.5872E-02  0.5872E-02  0.0000E+00  0.0000E+00  0.0000E+00  0.0000E+00  0.0000E+00
     14.220  0.7833E-03  0.5574E-02  0.5574E-02  0.5574E-02  0.0000E+00  0.0000E+00  0.0000E+00  0.0000E+00  0.0000E+00
     14.306  0.7049E-03  0.5410E-02  0.5410E-02  0.5410E-02  0.0000E+00  0.0000E+00  0.0000E+00  0.0000E+00  0.0000E+00
     14.393  0.5982E-03  0.5010E-02  0.5010E-02  0.5010E-02  0.0000E+00  0.0000E+00  0.0000E+00  0.0000E+00  0.0000E+00
     14.479  0.4043E-03  0.4635E-02  0.4635E-02  0.4635E-02  0.0000E+00  0.0000E+00  0.0000E+00  0.0000E+00  0.0000E+00
     14.566  0.2372E-03  0.3375E-02  0.3375E-02  0.3375E-02  0.0000E+00  0.0000E+00  0.0000E+00  0.0000E+00  0.0000E+00
     14.652  0.1659E-03  0.2505E-02  0.2505E-02  0.2505E-02  0.0000E+00  0.0000E+00  0.0000E+00  0.0000E+00  0.0000E+00
     14.738  0.1042E-03  0.1804E-02  0.1804E-02  0.1804E-02  0.0000E+00  0.0000E+00  0.0000E+00  0.0000E+00  0.0000E+00
     14.825  0.5553E-04  0.1413E-02  0.1413E-02  0.1413E-02  0.0000E+00  0.0000E+00  0.0000E+00  0.0000E+00  0.0000E+00
     14.911  0.5539E-05  0.4530E-03  0.4530E-03  0.4530E-03  0.0000E+00  0.0000E+00  0.0000E+00  0.0000E+00  0.0000E+00
     14.998  0.0000E+00  0.0000E+00  0.0000E+00  0.0000E+00  0.0000E+00  0.0000E+00  0.0000E+00  0.0000E+00  0.0000E+00
     15.084  0.0000E+00  0.0000E+00  0.0000E+00  0.0000E+00  0.0000E+00  0.0000E+00  0.0000E+00  0.0000E+00  0.0000E+00
     15.171  0.0000E+00  0.0000E+00  0.0000E+00  0.0000E+00  0.0000E+00  0.0000E+00  0.0000E+00  0.0000E+00  0.0000E+00
     15.257  0.0000E+00  0.0000E+00  0.0000E+00  0.0000E+00  0.0000E+00  0.0000E+00  0.0000E+00  0.0000E+00  0.0000E+00
     15.344  0.0000E+00  0.0000E+00  0.0000E+00  0.0000E+00  0.0000E+00  0.0000E+00  0.0000E+00  0.0000E+00  0.0000E+00
     15.430  0.0000E+00  0.0000E+00  0.0000E+00  0.0000E+00  0.0000E+00  0.0000E+00  0.0000E+00  0.0000E+00  0.0000E+00
     15.517  0.0000E+00  0.0000E+00  0.0000E+00  0.0000E+00  0.0000E+00  0.0000E+00  0.0000E+00  0.0000E+00  0.0000E+00
     15.603  0.0000E+00  0.0000E+00  0.0000E+00  0.0000E+00  0.0000E+00  0.0000E+00  0.0000E+00  0.0000E+00  0.0000E+00
     15.690  0.0000E+00  0.0000E+00  0.0000E+00  0.0000E+00  0.0000E+00  0.0000E+00  0.0000E+00  0.0000E+00  0.0000E+00
     15.776  0.0000E+00  0.0000E+00  0.0000E+00  0.0000E+00  0.0000E+00  0.0000E+00  0.0000E+00  0.0000E+00  0.0000E+00
     15.863  0.0000E+00  0.0000E+00  0.0000E+00  0.0000E+00  0.0000E+00  0.0000E+00  0.0000E+00  0.0000E+00  0.0000E+00
     15.949  0.0000E+00  0.0000E+00  0.0000E+00  0.0000E+00  0.0000E+00  0.0000E+00  0.0000E+00  0.0000E+00  0.0000E+00
     16.036  0.0000E+00  0.0000E+00  0.0000E+00  0.0000E+00  0.0000E+00  0.0000E+00  0.0000E+00  0.0000E+00  0.0000E+00
     16.122  0.0000E+00  0.0000E+00  0.0000E+00  0.0000E+00  0.0000E+00  0.0000E+00  0.0000E+00  0.0000E+00  0.0000E+00
     16.209  0.0000E+00  0.0000E+00  0.0000E+00  0.0000E+00  0.0000E+00  0.0000E+00  0.0000E+00  0.0000E+00  0.0000E+00
     16.295  0.0000E+00  0.0000E+00  0.0000E+00  0.0000E+00  0.0000E+00  0.0000E+00  0.0000E+00  0.0000E+00  0.0000E+00
     16.382  0.0000E+00  0.0000E+00  0.0000E+00  0.0000E+00  0.0000E+00  0.0000E+00  0.0000E+00  0.0000E+00  0.0000E+00
     16.468  0.0000E+00  0.0000E+00  0.0000E+00  0.0000E+00  0.0000E+00  0.0000E+00  0.0000E+00  0.0000E+00  0.0000E+00
     16.555  0.0000E+00  0.0000E+00  0.0000E+00  0.0000E+00  0.0000E+00  0.0000E+00  0.0000E+00  0.0000E+00  0.0000E+00
     16.641  0.0000E+00  0.0000E+00  0.0000E+00  0.0000E+00  0.0000E+00  0.0000E+00  0.0000E+00  0.0000E+00  0.0000E+00
     16.728  0.0000E+00  0.0000E+00  0.0000E+00  0.0000E+00  0.0000E+00  0.0000E+00  0.0000E+00  0.0000E+00  0.0000E+00
     16.814  0.0000E+00  0.0000E+00  0.0000E+00  0.0000E+00  0.0000E+00  0.0000E+00  0.0000E+00  0.0000E+00  0.0000E+00
     16.901  0.0000E+00  0.0000E+00  0.0000E+00  0.0000E+00  0.0000E+00  0.0000E+00  0.0000E+00  0.0000E+00  0.0000E+00
     16.90054009     -9.04411126  301      4.88638427      1.00000000
     -9.044  0.0000E+00  0.0000E+00  0.0000E+00  0.0000E+00  0.0000E+00  0.0000E+00  0.0000E+00  0.0000E+00  0.0000E+00
     -8.958  0.0000E+00  0.0000E+00  0.0000E+00  0.0000E+00  0.0000E+00  0.0000E+00  0.0000E+00  0.0000E+00  0.0000E+00
     -8.871  0.0000E+00  0.0000E+00  0.0000E+00  0.0000E+00  0.0000E+00  0.0000E+00  0.0000E+00  0.0000E+00  0.0000E+00
     -8.785  0.0000E+00  0.0000E+00  0.0000E+00  0.0000E+00  0.0000E+00  0.0000E+00  0.0000E+00  0.0000E+00  0.0000E+00
     -8.698  0.0000E+00  0.0000E+00  0.0000E+00  0.0000E+00  0.0000E+00  0.0000E+00  0.0000E+00  0.0000E+00  0.0000E+00
     -8.612  0.0000E+00  0.0000E+00  0.0000E+00  0.0000E+00  0.0000E+00  0.0000E+00  0.0000E+00  0.0000E+00  0.0000E+00
     -8.525  0.0000E+00  0.0000E+00  0.0000E+00  0.0000E+00  0.0000E+00  0.0000E+00  0.0000E+00  0.0000E+00  0.0000E+00
     -8.439  0.0000E+00  0.0000E+00  0.0000E+00  0.0000E+00  0.0000E+00  0.0000E+00  0.0000E+00  0.0000E+00  0.0000E+00
     -8.352  0.0000E+00  0.0000E+00  0.0000E+00  0.0000E+00  0.0000E+00  0.0000E+00  0.0000E+00  0.0000E+00  0.0000E+00
     -8.266  0.0000E+00  0.0000E+00  0.0000E+00  0.0000E+00  0.0000E+00  0.0000E+00  0.0000E+00  0.0000E+00  0.0000E+00
     -8.179  0.0000E+00  0.0000E+00  0.0000E+00  0.0000E+00  0.0000E+00  0.0000E+00  0.0000E+00  0.0000E+00  0.0000E+00
     -8.093  0.0000E+00  0.0000E+00  0.0000E+00  0.0000E+00  0.0000E+00  0.0000E+00  0.0000E+00  0.0000E+00  0.0000E+00
     -8.006  0.0000E+00  0.0000E+00  0.0000E+00  0.0000E+00  0.0000E+00  0.0000E+00  0.0000E+00  0.0000E+00  0.0000E+00
     -7.920  0.0000E+00  0.0000E+00  0.0000E+00  0.0000E+00  0.0000E+00  0.0000E+00  0.0000E+00  0.0000E+00  0.0000E+00
     -7.833  0.0000E+00  0.0000E+00  0.0000E+00  0.0000E+00  0.0000E+00  0.0000E+00  0.0000E+00  0.0000E+00  0.0000E+00
     -7.747  0.0000E+00  0.0000E+00  0.0000E+00  0.0000E+00  0.0000E+00  0.0000E+00  0.0000E+00  0.0000E+00  0.0000E+00
     -7.660  0.0000E+00  0.0000E+00  0.0000E+00  0.0000E+00  0.0000E+00  0.0000E+00  0.0000E+00  0.0000E+00  0.0000E+00
     -7.574  0.0000E+00  0.0000E+00  0.0000E+00  0.0000E+00  0.0000E+00  0.0000E+00  0.0000E+00  0.0000E+00  0.0000E+00
     -7.487  0.0000E+00  0.0000E+00  0.0000E+00  0.0000E+00  0.0000E+00  0.0000E+00  0.0000E+00  0.0000E+00  0.0000E+00
     -7.401  0.0000E+00  0.0000E+00  0.0000E+00  0.0000E+00  0.0000E+00  0.0000E+00  0.0000E+00  0.0000E+00  0.0000E+00
     -7.314  0.0000E+00  0.0000E+00  0.0000E+00  0.0000E+00  0.0000E+00  0.0000E+00  0.0000E+00  0.0000E+00  0.0000E+00
     -7.228  0.0000E+00  0.0000E+00  0.0000E+00  0.0000E+00  0.0000E+00  0.0000E+00  0.0000E+00  0.0000E+00  0.0000E+00
     -7.142  0.0000E+00  0.0000E+00  0.0000E+00  0.0000E+00  0.0000E+00  0.0000E+00  0.0000E+00  0.0000E+00  0.0000E+00
     -7.055  0.0000E+00  0.0000E+00  0.0000E+00  0.0000E+00  0.0000E+00  0.0000E+00  0.0000E+00  0.0000E+00  0.0000E+00
     -6.969  0.2549E-01  0.2914E-04  0.2914E-04  0.2914E-04  0.0000E+00  0.0000E+00  0.0000E+00  0.0000E+00  0.0000E+00
     -6.882  0.2922E-01  0.7858E-04  0.7858E-04  0.7858E-04  0.0000E+00  0.0000E+00  0.0000E+00  0.0000E+00  0.0000E+00
     -6.796  0.3679E-01  0.1486E-03  0.1486E-03  0.1486E-03  0.0000E+00  0.0000E+00  0.0000E+00  0.0000E+00  0.0000E+00
     -6.709  0.4337E-01  0.2305E-03  0.2305E-03  0.2305E-03  0.0000E+00  0.0000E+00  0.0000E+00  0.0000E+00  0.0000E+00
     -6.623  0.4852E-01  0.3287E-03  0.3287E-03  0.3287E-03  0.0000E+00  0.0000E+00  0.0000E+00  0.0000E+00  0.0000E+00
     -6.536  0.5392E-01  0.4330E-03  0.4330E-03  0.4330E-03  0.0000E+00  0.0000E+00  0.0000E+00  0.0000E+00  0.0000E+00
     -6.450  0.5841E-01  0.5513E-03  0.5513E-03  0.5513E-03  0.0000E+00  0.0000E+00  0.0000E+00  0.0000E+00  0.0000E+00
     -6.363  0.6321E-01  0.6739E-03  0.6739E-03  0.6739E-03  0.0000E+00  0.0000E+00  0.0000E+00  0.0000E+00  0.0000E+00
     -6.277  0.6729E-01  0.8112E-03  0.8112E-03  0.8112E-03  0.0000E+00  0.0000E+00  0.0000E+00  0.0000E+00  0.0000E+00
     -6.190  0.7183E-01  0.9487E-03  0.9487E-03  0.9487E-03  0.0000E+00  0.0000E+00  0.0000E+00  0.0000E+00  0.0000E+00
     -6.104  0.7569E-01  0.1104E-02  0.1104E-02  0.1104E-02  0.0000E+00  0.0000E+00  0.0000E+00  0.0000E+00  0.0000E+00
     -6.017  0.7985E-01  0.1262E-02  0.1262E-02  0.1262E-02  0.0000E+00  0.0000E+00  0.0000E+00  0.0000E+00  0.0000E+00
     -5.931  0.8401E-01  0.1427E-02  0.1427E-02  0.1427E-02  0.0000E+00  0.0000E+00  0.0000E+00  0.0000E+00  0.0000E+00
     -5.844  0.8799E-01  0.1606E-02  0.1606E-02  0.1606E-02  0.0000E+00  0.0000E+00  0.0000E+00  0.0000E+00  0.0000E+00
     -5.758  0.9229E-01  0.1786E-02  0.1786E-02  0.1786E-02  0.0000E+00  0.0000E+00  0.0000E+00  0.0000E+00  0.0000E+00
     -5.671  0.9653E-01  0.1980E-02  0.1980E-02  0.1980E-02  0.0000E+00  0.0000E+00  0.0000E+00  0.0000E+00  0.0000E+00
     -5.585  0.1009E+00  0.2185E-02  0.2185E-02  0.2185E-02  0.0000E+00  0.0000E+00  0.0000E+00  0.0000E+00  0.0000E+00
     -5.498  0.1056E+00  0.2392E-02  0.2392E-02  0.2392E-02  0.0000E+00  0.0000E+00  0.0000E+00  0.0000E+00  0.0000E+00
     -5.412  0.1105E+00  0.2619E-02  0.2619E-02  0.2619E-02  0.0000E+00  0.0000E+00  0.0000E+00  0.0000E+00  0.0000E+00
     -5.325  0.1158E+00  0.2861E-02  0.2861E-02  0.2861E-02  0.0000E+00  0.0000E+00  0.0000E+00  0.0000E+00  0.0000E+00
     -5.239  0.1217E+00  0.3111E-02  0.3111E-02  0.3111E-02  0.0000E+00  0.0000E+00  0.0000E+00  0.0000E+00  0.0000E+00
     -5.152  0.1283E+00  0.3387E-02  0.3387E-02  0.3387E-02  0.0000E+00  0.0000E+00  0.0000E+00  0.0000E+00  0.0000E+00
     -5.066  0.1361E+00  0.3701E-02  0.3701E-02  0.3701E-02  0.0000E+00  0.0000E+00  0.0000E+00  0.0000E+00  0.0000E+00
     -4.979  0.1461E+00  0.4053E-02  0.4053E-02  0.4053E-02  0.0000E+00  0.0000E+00  0.0000E+00  0.0000E+00  0.0000E+00
     -4.893  0.1601E+00  0.4494E-02  0.4494E-02  0.4494E-02  0.0000E+00  0.0000E+00  0.0000E+00  0.0000E+00  0.0000E+00
     -4.806  0.1932E+00  0.5347E-02  0.5347E-02  0.5347E-02  0.0000E+00  0.0000E+00  0.0000E+00  0.0000E+00  0.0000E+00
     -4.720  0.1971E+00  0.5650E-02  0.5650E-02  0.5650E-02  0.0000E+00  0.0000E+00  0.0000E+00  0.0000E+00  0.0000E+00
     -4.634  0.1841E+00  0.5576E-02  0.5576E-02  0.5576E-02  0.0000E+00  0.0000E+00  0.0000E+00  0.0000E+00  0.0000E+00
     -4.547  0.1770E+00  0.5649E-02  0.5649E-02  0.5649E-02  0.0000E+00  0.0000E+00  0.0000E+00  0.0000E+00  0.0000E+00
     -4.461  0.1697E+00  0.5665E-02  0.5665E-02  0.5665E-02  0.0000E+00  0.0000E+00  0.0000E+00  0.0000E+00  0.0000E+00
     -4.374  0.1639E+00  0.5697E-02  0.5697E-02  0.5697E-02  0.0000E+00  0.0000E+00  0.0000E+00  0.0000E+00  0.0000E+00
     -4.288  0.1564E+00  0.5695E-02  0.5695E-02  0.5695E-02  0.0000E+00  0.0000E+00  0.0000E+00  0.0000E+00  0.0000E+00
     -4.201  0.1503E+00  0.5686E-02  0.5686E-02  0.5686E-02  0.0000E+00  0.0000E+00  0.0000E+00  0.0000E+00  0.0000E+00
     -4.115  0.1427E+00  0.5627E-02  0.5627E-02  0.5627E-02  0.0000E+00  0.0000E+00  0.0000E+00  0.0000E+00  0.0000E+00
     -4.028  0.1368E+00  0.5598E-02  0.5598E-02  0.5598E-02  0.0000E+00  0.0000E+00  0.0000E+00  0.0000E+00  0.0000E+00
     -3.942  0.1292E+00  0.5501E-02  0.5501E-02  0.5501E-02  0.0000E+00  0.0000E+00  0.0000E+00  0.0000E+00  0.0000E+00
     -3.855  0.1225E+00  0.5403E-02  0.5403E-02  0.5403E-02  0.0000E+00  0.0000E+00  0.0000E+00  0.0000E+00  0.0000E+00
     -3.769  0.1157E+00  0.5289E-02  0.5289E-02  0.5289E-02  0.0000E+00  0.0000E+00  0.0000E+00  0.0000E+00  0.0000E+00
     -3.682  0.1078E+00  0.5121E-02  0.5121E-02  0.5121E-02  0.0000E+00  0.0000E+00  0.0000E+00  0.0000E+00  0.0000E+00
     -3.596  0.1007E+00  0.4944E-02  0.4944E-02  0.4944E-02  0.0000E+00  0.0000E+00  0.0000E+00  0.0000E+00  0.0000E+00
     -3.509  0.9274E-01  0.4727E-02  0.4727E-02  0.4727E-02  0.0000E+00  0.0000E+00  0.0000E+00  0.0000E+00  0.0000E+00
     -3.423  0.8466E-01  0.4481E-02  0.4481E-02  0.4481E-02  0.0000E+00  0.0000E+00  0.0000E+00  0.0000E+00  0.0000E+00
     -3.336  0.7703E-01  0.4223E-02  0.4223E-02  0.4223E-02  0.0000E+00  0.0000E+00  0.0000E+00  0.0000E+00  0.0000E+00
     -3.250  0.6896E-01  0.3959E-02  0.3959E-02  0.3959E-02  0.0000E+00  0.0000E+00  0.0000E+00  0.0000E+00  0.0000E+00
     -3.163  0.5466E-01  0.3286E-02  0.3286E-02  0.3286E-02  0.0000E+00  0.0000E+00  0.0000E+00  0.0000E+00  0.0000E+00
     -3.077  0.3456E-01  0.2102E-02  0.2102E-02  0.2102E-02  0.0000E+00  0.0000E+00  0.0000E+00  0.0000E+00  0.0000E+00
     -2.990  0.2111E-02  0.1240E-03  0.1240E-03  0.1240E-03  0.0000E+00  0.0000E+00  0.0000E+00  0.0000E+00  0.0000E+00
     -2.904  0.3454E-02  0.2575E-03  0.2575E-03  0.2575E-03  0.0000E+00  0.0000E+00  0.0000E+00  0.0000E+00  0.0000E+00
     -2.817  0.1475E-01  0.1102E-02  0.1102E-02  0.1102E-02  0.0000E+00  0.0000E+00  0.0000E+00  0.0000E+00  0.0000E+00
     -2.731  0.3450E-01  0.2579E-02  0.2579E-02  0.2579E-02  0.0000E+00  0.0000E+00  0.0000E+00  0.0000E+00  0.0000E+00
     -2.644  0.5469E-01  0.4136E-02  0.4136E-02  0.4136E-02  0.0000E+00  0.0000E+00  0.0000E+00  0.0000E+00  0.0000E+00
     -2.558  0.5993E-01  0.4683E-02  0.4683E-02  0.4683E-02  0.0000E+00  0.0000E+00  0.0000E+00  0.0000E+00  0.0000E+00
     -2.471  0.6840E-01  0.5514E-02  0.5514E-02  0.5514E-02  0.0000E+00  0.0000E+00  0.0000E+00  0.0000E+00  0.0000E+00
     -2.385  0.7784E-01  0.6528E-02  0.6528E-02  0.6528E-02  0.0000E+00  0.0000E+00  0.0000E+00  0.0000E+00  0.0000E+00
     -2.299  0.8613E-01  0.7489E-02  0.7489E-02  0.7489E-02  0.0000E+00  0.0000E+00  0.0000E+00  0.0000E+00  0.0000E+00
     -2.212  0.9636E-01  0.8794E-02  0.8794E-02  0.8794E-02  0.0000E+00  0.0000E+00  0.0000E+00  0.0000E+00  0.0000E+00
     -2.126  0.1059E+00  0.1012E-01  0.1012E-01  0.1012E-01  0.0000E+00  0.0000E+00  0.0000E+00  0.0000E+00  0.0000E+00
     -2.039  0.1206E+00  0.1232E-01  0.1232E-01  0.1232E-01  0.0000E+00  0.0000E+00  0.0000E+00  0.0000E+00  0.0000E+00
     -1.953  0.1559E+00  0.1991E-01  0.1991E-01  0.1991E-01  0.0000E+00  0.0000E+00  0.0000E+00  0.0000E+00  0.0000E+00
     -1.866  0.3542E+00  0.6043E-01  0.6043E-01  0.6043E-01  0.0000E+00  0.0000E+00  0.0000E+00  0.0000E+00  0.0000E+00
     -1.780  0.1793E+00  0.2793E-01  0.2793E-01  0.2793E-01  0.0000E+00  0.0000E+00  0.0000E+00  0.0000E+00  0.0000E+00
     -1.693  0.1474E+00  0.2263E-01  0.2263E-01  0.2263E-01  0.0000E+00  0.0000E+00  0.0000E+00  0.0000E+00  0.0000E+00
     -1.607  0.1289E+00  0.1982E-01  0.1982E-01  0.1982E-01  0.0000E+00  0.0000E+00  0.0000E+00  0.0000E+00  0.0000E+00
     -1.520  0.1152E+00  0.1788E-01  0.1788E-01  0.1788E-01  0.0000E+00  0.0000E+00  0.0000E+00  0.0000E+00  0.0000E+00
     -1.434  0.1056E+00  0.1654E-01  0.1654E-01  0.1654E-01  0.0000E+00  0.0000E+00  0.0000E+00  0.0000E+00  0.0000E+00
     -1.347  0.9766E-01  0.1548E-01  0.1548E-01  0.1548E-01  0.0000E+00  0.0000E+00  0.0000E+00  0.0000E+00  0.0000E+00
     -1.261  0.9042E-01  0.1456E-01  0.1456E-01  0.1456E-01  0.0000E+00  0.0000E+00  0.0000E+00  0.0000E+00  0.0000E+00
     -1.174  0.8389E-01  0.1374E-01  0.1374E-01  0.1374E-01  0.0000E+00  0.0000E+00  0.0000E+00  0.0000E+00  0.0000E+00
     -1.088  0.7909E-01  0.1315E-01  0.1315E-01  0.1315E-01  0.0000E+00  0.0000E+00  0.0000E+00  0.0000E+00  0.0000E+00
     -1.001  0.7439E-01  0.1257E-01  0.1257E-01  0.1257E-01  0.0000E+00  0.0000E+00  0.0000E+00  0.0000E+00  0.0000E+00
     -0.915  0.6975E-01  0.1201E-01  0.1201E-01  0.1201E-01  0.0000E+00  0.0000E+00  0.0000E+00  0.0000E+00  0.0000E+00
     -0.828  0.6538E-01  0.1148E-01  0.1148E-01  0.1148E-01  0.0000E+00  0.0000E+00  0.0000E+00  0.0000E+00  0.0000E+00
     -0.742  0.6214E-01  0.1109E-01  0.1109E-01  0.1109E-01  0.0000E+00  0.0000E+00  0.0000E+00  0.0000E+00  0.0000E+00
     -0.655  0.5885E-01  0.1070E-01  0.1070E-01  0.1070E-01  0.0000E+00  0.0000E+00  0.0000E+00  0.0000E+00  0.0000E+00
     -0.569  0.5544E-01  0.1028E-01  0.1028E-01  0.1028E-01  0.0000E+00  0.0000E+00  0.0000E+00  0.0000E+00  0.0000E+00
     -0.482  0.5201E-01  0.9857E-02  0.9857E-02  0.9857E-02  0.0000E+00  0.0000E+00  0.0000E+00  0.0000E+00  0.0000E+00
     -0.396  0.4961E-01  0.9567E-02  0.9567E-02  0.9567E-02  0.0000E+00  0.0000E+00  0.0000E+00  0.0000E+00  0.0000E+00
     -0.309  0.4723E-01  0.9276E-02  0.9276E-02  0.9276E-02  0.0000E+00  0.0000E+00  0.0000E+00  0.0000E+00  0.0000E+00
     -0.223  0.4470E-01  0.8960E-02  0.8960E-02  0.8960E-02  0.0000E+00  0.0000E+00  0.0000E+00  0.0000E+00  0.0000E+00
     -0.136  0.4199E-01  0.8606E-02  0.8606E-02  0.8606E-02  0.0000E+00  0.0000E+00  0.0000E+00  0.0000E+00  0.0000E+00
     -0.050  0.3977E-01  0.8314E-02  0.8314E-02  0.8314E-02  0.0000E+00  0.0000E+00  0.0000E+00  0.0000E+00  0.0000E+00
      0.037  0.3799E-01  0.8089E-02  0.8089E-02  0.8089E-02  0.0000E+00  0.0000E+00  0.0000E+00  0.0000E+00  0.0000E+00
      0.123  0.3611E-01  0.7843E-02  0.7843E-02  0.7843E-02  0.0000E+00  0.0000E+00  0.0000E+00  0.0000E+00  0.0000E+00
      0.209  0.3416E-01  0.7579E-02  0.7579E-02  0.7579E-02  0.0000E+00  0.0000E+00  0.0000E+00  0.0000E+00  0.0000E+00
      0.296  0.3213E-01  0.7290E-02  0.7290E-02  0.7290E-02  0.0000E+00  0.0000E+00  0.0000E+00  0.0000E+00  0.0000E+00
      0.382  0.3038E-01  0.7039E-02  0.7039E-02  0.7039E-02  0.0000E+00  0.0000E+00  0.0000E+00  0.0000E+00  0.0000E+00
      0.469  0.2902E-01  0.6853E-02  0.6853E-02  0.6853E-02  0.0000E+00  0.0000E+00  0.0000E+00  0.0000E+00  0.0000E+00
      0.555  0.2761E-01  0.6653E-02  0.6653E-02  0.6653E-02  0.0000E+00  0.0000E+00  0.0000E+00  0.0000E+00  0.0000E+00
      0.642  0.2607E-01  0.6423E-02  0.6423E-02  0.6423E-02  0.0000E+00  0.0000E+00  0.0000E+00  0.0000E+00  0.0000E+00
      0.728  0.2512E-01  0.1739E-01  0.1739E-01  0.1739E-01  0.0000E+00  0.0000E+00  0.0000E+00  0.0000E+00  0.0000E+00
      0.815  0.2554E-01  0.3344E-01  0.3344E-01  0.3344E-01  0.0000E+00  0.0000E+00  0.0000E+00  0.0000E+00  0.0000E+00
      0.901  0.2690E-01  0.4779E-01  0.4779E-01  0.4779E-01  0.0000E+00  0.0000E+00  0.0000E+00  0.0000E+00  0.0000E+00
      0.988  0.2925E-01  0.6673E-01  0.6673E-01  0.6673E-01  0.0000E+00  0.0000E+00  0.0000E+00  0.0000E+00  0.0000E+00
      1.074  0.2945E-01  0.6216E-01  0.6216E-01  0.6216E-01  0.0000E+00  0.0000E+00  0.0000E+00  0.0000E+00  0.0000E+00
      1.161  0.2910E-01  0.5753E-01  0.5753E-01  0.5753E-01  0.0000E+00  0.0000E+00  0.0000E+00  0.0000E+00  0.0000E+00
      1.247  0.2872E-01  0.5398E-01  0.5398E-01  0.5398E-01  0.0000E+00  0.0000E+00  0.0000E+00  0.0000E+00  0.0000E+00
      1.334  0.2853E-01  0.5157E-01  0.5157E-01  0.5157E-01  0.0000E+00  0.0000E+00  0.0000E+00  0.0000E+00  0.0000E+00
      1.420  0.2830E-01  0.5415E-01  0.5415E-01  0.5415E-01  0.0000E+00  0.0000E+00  0.0000E+00  0.0000E+00  0.0000E+00
      1.507  0.2790E-01  0.5409E-01  0.5409E-01  0.5409E-01  0.0000E+00  0.0000E+00  0.0000E+00  0.0000E+00  0.0000E+00
      1.593  0.2738E-01  0.5701E-01  0.5701E-01  0.5701E-01  0.0000E+00  0.0000E+00  0.0000E+00  0.0000E+00  0.0000E+00
      1.680  0.2647E-01  0.5844E-01  0.5844E-01  0.5844E-01  0.0000E+00  0.0000E+00  0.0000E+00  0.0000E+00  0.0000E+00
      1.766  0.2569E-01  0.6047E-01  0.6047E-01  0.6047E-01  0.0000E+00  0.0000E+00  0.0000E+00  0.0000E+00  0.0000E+00
      1.853  0.2532E-01  0.6706E-01  0.6706E-01  0.6706E-01  0.0000E+00  0.0000E+00  0.0000E+00  0.0000E+00  0.0000E+00
      1.939  0.2464E-01  0.6979E-01  0.6979E-01  0.6979E-01  0.0000E+00  0.0000E+00  0.0000E+00  0.0000E+00  0.0000E+00
      2.026  0.2374E-01  0.7351E-01  0.7351E-01  0.7351E-01  0.0000E+00  0.0000E+00  0.0000E+00  0.0000E+00  0.0000E+00
      2.112  0.2284E-01  0.9152E-01  0.9152E-01  0.9152E-01  0.0000E+00  0.0000E+00  0.0000E+00  0.0000E+00  0.0000E+00
      2.199  0.2187E-01  0.9240E-01  0.9240E-01  0.9240E-01  0.0000E+00  0.0000E+00  0.0000E+00  0.0000E+00  0.0000E+00
      2.285  0.2080E-01  0.9030E-01  0.9030E-01  0.9030E-01  0.0000E+00  0.0000E+00  0.0000E+00  0.0000E+00  0.0000E+00
      2.372  0.2002E-01  0.8921E-01  0.8921E-01  0.8921E-01  0.0000E+00  0.0000E+00  0.0000E+00  0.0000E+00  0.0000E+00
      2.458  0.1913E-01  0.8859E-01  0.8859E-01  0.8859E-01  0.0000E+00  0.0000E+00  0.0000E+00  0.0000E+00  0.0000E+00
      2.544  0.1823E-01  0.8775E-01  0.8775E-01  0.8775E-01  0.0000E+00  0.0000E+00  0.0000E+00  0.0000E+00  0.0000E+00
      2.631  0.1732E-01  0.8667E-01  0.8667E-01  0.8667E-01  0.0000E+00  0.0000E+00  0.0000E+00  0.0000E+00  0.0000E+00
      2.717  0.1625E-01  0.8589E-01  0.8589E-01  0.8589E-01  0.0000E+00  0.0000E+00  0.0000E+00  0.0000E+00  0.0000E+00
      2.804  0.1532E-01  0.8512E-01  0.8512E-01  0.8512E-01  0.0000E+00  0.0000E+00  0.0000E+00  0.0000E+00  0.0000E+00
      2.890  0.1442E-01  0.8479E-01  0.8479E-01  0.8479E-01  0.0000E+00  0.0000E+00  0.0000E+00  0.0000E+00  0.0000E+00
      2.977  0.1361E-01  0.8364E-01  0.8364E-01  0.8364E-01  0.0000E+00  0.0000E+00  0.0000E+00  0.0000E+00  0.0000E+00
      3.063  0.1277E-01  0.8256E-01  0.8256E-01  0.8256E-01  0.0000E+00  0.0000E+00  0.0000E+00  0.0000E+00  0.0000E+00
      3.150  0.1187E-01  0.8232E-01  0.8232E-01  0.8232E-01  0.0000E+00  0.0000E+00  0.0000E+00  0.0000E+00  0.0000E+00
      3.236  0.1082E-01  0.8178E-01  0.8178E-01  0.8178E-01  0.0000E+00  0.0000E+00  0.0000E+00  0.0000E+00  0.0000E+00
      3.323  0.9624E-02  0.8124E-01  0.8124E-01  0.8124E-01  0.0000E+00  0.0000E+00  0.0000E+00  0.0000E+00  0.0000E+00
      3.409  0.8725E-02  0.8051E-01  0.8051E-01  0.8051E-01  0.0000E+00  0.0000E+00  0.0000E+00  0.0000E+00  0.0000E+00
      3.496  0.7917E-02  0.8049E-01  0.8049E-01  0.8049E-01  0.0000E+00  0.0000E+00  0.0000E+00  0.0000E+00  0.0000E+00
      3.582  0.7093E-02  0.8071E-01  0.8071E-01  0.8071E-01  0.0000E+00  0.0000E+00  0.0000E+00  0.0000E+00  0.0000E+00
      3.669  0.6138E-02  0.8087E-01  0.8087E-01  0.8087E-01  0.0000E+00  0.0000E+00  0.0000E+00  0.0000E+00  0.0000E+00
      3.755  0.5409E-02  0.5966E-01  0.5966E-01  0.5966E-01  0.0000E+00  0.0000E+00  0.0000E+00  0.0000E+00  0.0000E+00
      3.842  0.4795E-02  0.5090E-01  0.5090E-01  0.5090E-01  0.0000E+00  0.0000E+00  0.0000E+00  0.0000E+00  0.0000E+00
      3.928  0.4343E-02  0.4456E-01  0.4456E-01  0.4456E-01  0.0000E+00  0.0000E+00  0.0000E+00  0.0000E+00  0.0000E+00
      4.015  0.3744E-02  0.3944E-01  0.3944E-01  0.3944E-01  0.0000E+00  0.0000E+00  0.0000E+00  0.0000E+00  0.0000E+00
      4.101  0.3165E-02  0.3460E-01  0.3460E-01  0.3460E-01  0.0000E+00  0.0000E+00  0.0000E+00  0.0000E+00  0.0000E+00
      4.188  0.2737E-02  0.3106E-01  0.3106E-01  0.3106E-01  0.0000E+00  0.0000E+00  0.0000E+00  0.0000E+00  0.0000E+00
      4.274  0.2109E-02  0.2722E-01  0.2722E-01  0.2722E-01  0.0000E+00  0.0000E+00  0.0000E+00  0.0000E+00  0.0000E+00
      4.361  0.1710E-02  0.2378E-01  0.2378E-01  0.2378E-01  0.0000E+00  0.0000E+00  0.0000E+00  0.0000E+00  0.0000E+00
      4.447  0.1311E-02  0.2051E-01  0.2051E-01  0.2051E-01  0.0000E+00  0.0000E+00  0.0000E+00  0.0000E+00  0.0000E+00
      4.534  0.9650E-03  0.1754E-01  0.1754E-01  0.1754E-01  0.0000E+00  0.0000E+00  0.0000E+00  0.0000E+00  0.0000E+00
      4.620  0.6893E-03  0.1401E-01  0.1401E-01  0.1401E-01  0.0000E+00  0.0000E+00  0.0000E+00  0.0000E+00  0.0000E+00
      4.707  0.3590E-03  0.1126E-01  0.1126E-01  0.1126E-01  0.0000E+00  0.0000E+00  0.0000E+00  0.0000E+00  0.0000E+00
      4.793  0.1328E-03  0.6775E-02  0.6775E-02  0.6775E-02  0.0000E+00  0.0000E+00  0.0000E+00  0.0000E+00  0.0000E+00
      4.880  0.9266E-07  0.8157E-04  0.8157E-04  0.8157E-04  0.0000E+00  0.0000E+00  0.0000E+00  0.0000E+00  0.0000E+00
      4.966  0.0000E+00  0.0000E+00  0.0000E+00  0.0000E+00  0.0000E+00  0.0000E+00  0.0000E+00  0.0000E+00  0.0000E+00
      5.052  0.0000E+00  0.0000E+00  0.0000E+00  0.0000E+00  0.0000E+00  0.0000E+00  0.0000E+00  0.0000E+00  0.0000E+00
      5.139  0.0000E+00  0.0000E+00  0.0000E+00  0.0000E+00  0.0000E+00  0.0000E+00  0.0000E+00  0.0000E+00  0.0000E+00
      5.225  0.0000E+00  0.0000E+00  0.0000E+00  0.0000E+00  0.0000E+00  0.0000E+00  0.0000E+00  0.0000E+00  0.0000E+00
      5.312  0.0000E+00  0.0000E+00  0.0000E+00  0.0000E+00  0.0000E+00  0.0000E+00  0.0000E+00  0.0000E+00  0.0000E+00
      5.398  0.0000E+00  0.0000E+00  0.0000E+00  0.0000E+00  0.0000E+00  0.0000E+00  0.0000E+00  0.0000E+00  0.0000E+00
      5.485  0.0000E+00  0.0000E+00  0.0000E+00  0.0000E+00  0.0000E+00  0.0000E+00  0.0000E+00  0.0000E+00  0.0000E+00
      5.571  0.0000E+00  0.0000E+00  0.0000E+00  0.0000E+00  0.0000E+00  0.0000E+00  0.0000E+00  0.0000E+00  0.0000E+00
      5.658  0.0000E+00  0.0000E+00  0.0000E+00  0.0000E+00  0.0000E+00  0.0000E+00  0.0000E+00  0.0000E+00  0.0000E+00
      5.744  0.0000E+00  0.0000E+00  0.0000E+00  0.0000E+00  0.0000E+00  0.0000E+00  0.0000E+00  0.0000E+00  0.0000E+00
      5.831  0.1302E-02  0.4465E-03  0.4465E-03  0.4465E-03  0.0000E+00  0.0000E+00  0.0000E+00  0.0000E+00  0.0000E+00
      5.917  0.6630E-02  0.2351E-02  0.2351E-02  0.2351E-02  0.0000E+00  0.0000E+00  0.0000E+00  0.0000E+00  0.0000E+00
      6.004  0.1025E-01  0.3759E-02  0.3759E-02  0.3759E-02  0.0000E+00  0.0000E+00  0.0000E+00  0.0000E+00  0.0000E+00
      6.090  0.1450E-01  0.5430E-02  0.5430E-02  0.5430E-02  0.0000E+00  0.0000E+00  0.0000E+00  0.0000E+00  0.0000E+00
      6.177  0.1680E-01  0.6608E-02  0.6608E-02  0.6608E-02  0.0000E+00  0.0000E+00  0.0000E+00  0.0000E+00  0.0000E+00
      6.263  0.1912E-01  0.7837E-02  0.7837E-02  0.7837E-02  0.0000E+00  0.0000E+00  0.0000E+00  0.0000E+00  0.0000E+00
      6.350  0.2138E-01  0.9120E-02  0.9120E-02  0.9120E-02  0.0000E+00  0.0000E+00  0.0000E+00  0.0000E+00  0.0000E+00
      6.436  0.2385E-01  0.1053E-01  0.1053E-01  0.1053E-01  0.0000E+00  0.0000E+00  0.0000E+00  0.0000E+00  0.0000E+00
      6.523  0.3226E-01  0.1230E-01  0.1230E-01  0.1230E-01  0.0000E+00  0.0000E+00  0.0000E+00  0.0000E+00  0.0000E+00
      6.609  0.4237E-01  0.1428E-01  0.1428E-01  0.1428E-01  0.0000E+00  0.0000E+00  0.0000E+00  0.0000E+00  0.0000E+00
      6.696  0.4828E-01  0.1620E-01  0.1620E-01  0.1620E-01  0.0000E+00  0.0000E+00  0.0000E+00  0.0000E+00  0.0000E+00
      6.782  0.5513E-01  0.1839E-01  0.1839E-01  0.1839E-01  0.0000E+00  0.0000E+00  0.0000E+00  0.0000E+00  0.0000E+00
      6.869  0.6234E-01  0.2085E-01  0.2085E-01  0.2085E-01  0.0000E+00  0.0000E+00  0.0000E+00  0.0000E+00  0.0000E+00
      6.955  0.7000E-01  0.2377E-01  0.2377E-01  0.2377E-01  0.0000E+00  0.0000E+00  0.0000E+00  0.0000E+00  0.0000E+00
      7.042  0.7960E-01  0.2732E-01  0.2732E-01  0.2732E-01  0.0000E+00  0.0000E+00  0.0000E+00  0.0000E+00  0.0000E+00
      7.128  0.9082E-01  0.3141E-01  0.3141E-01  0.3141E-01  0.0000E+00  0.0000E+00  0.0000E+00  0.0000E+00  0.0000E+00
      7.215  0.1194E+00  0.4028E-01  0.4028E-01  0.4028E-01  0.0000E+00  0.0000E+00  0.0000E+00  0.0000E+00  0.0000E+00
      7.301  0.1253E+00  0.4400E-01  0.4400E-01  0.4400E-01  0.0000E+00  0.0000E+00  0.0000E+00  0.0000E+00  0.0000E+00
      7.388  0.1171E+00  0.4458E-01  0.4458E-01  0.4458E-01  0.0000E+00  0.0000E+00  0.0000E+00  0.0000E+00  0.0000E+00
      7.474  0.1102E+00  0.4483E-01  0.4483E-01  0.4483E-01  0.0000E+00  0.0000E+00  0.0000E+00  0.0000E+00  0.0000E+00
      7.560  0.1015E+00  0.4439E-01  0.4439E-01  0.4439E-01  0.0000E+00  0.0000E+00  0.0000E+00  0.0000E+00  0.0000E+00
      7.647  0.8436E-01  0.3649E-01  0.3649E-01  0.3649E-01  0.0000E+00  0.0000E+00  0.0000E+00  0.0000E+00  0.0000E+00
      7.733  0.7635E-01  0.3556E-01  0.3556E-01  0.3556E-01  0.0000E+00  0.0000E+00  0.0000E+00  0.0000E+00  0.0000E+00
      7.820  0.6983E-01  0.3567E-01  0.3567E-01  0.3567E-01  0.0000E+00  0.0000E+00  0.0000E+00  0.0000E+00  0.0000E+00
      7.906  0.7099E-01  0.3740E-01  0.3740E-01  0.3740E-01  0.0000E+00  0.0000E+00  0.0000E+00  0.0000E+00  0.0000E+00
      7.993  0.5781E-01  0.3431E-01  0.3431E-01  0.3431E-01  0.0000E+00  0.0000E+00  0.0000E+00  0.0000E+00  0.0000E+00
      8.079  0.4518E-01  0.3057E-01  0.3057E-01  0.3057E-01  0.0000E+00  0.0000E+00  0.0000E+00  0.0000E+00  0.0000E+00
      8.166  0.4310E-01  0.3154E-01  0.3154E-01  0.3154E-01  0.0000E+00  0.0000E+00  0.0000E+00  0.0000E+00  0.0000E+00
      8.252  0.4285E-01  0.3340E-01  0.3340E-01  0.3340E-01  0.0000E+00  0.0000E+00  0.0000E+00  0.0000E+00  0.0000E+00
      8.339  0.4190E-01  0.3734E-01  0.3734E-01  0.3734E-01  0.0000E+00  0.0000E+00  0.0000E+00  0.0000E+00  0.0000E+00
      8.425  0.6957E-01  0.9921E-01  0.9921E-01  0.9921E-01  0.0000E+00  0.0000E+00  0.0000E+00  0.0000E+00  0.0000E+00
      8.512  0.5902E-01  0.7999E-01  0.7999E-01  0.7999E-01  0.0000E+00  0.0000E+00  0.0000E+00  0.0000E+00  0.0000E+00
      8.598  0.6092E-01  0.6360E-01  0.6360E-01  0.6360E-01  0.0000E+00  0.0000E+00  0.0000E+00  0.0000E+00  0.0000E+00
      8.685  0.6265E-01  0.6142E-01  0.6142E-01  0.6142E-01  0.0000E+00  0.0000E+00  0.0000E+00  0.0000E+00  0.0000E+00
      8.771  0.9493E-01  0.7068E-01  0.7068E-01  0.7068E-01  0.0000E+00  0.0000E+00  0.0000E+00  0.0000E+00  0.0000E+00
      8.858  0.6140E-01  0.6029E-01  0.6029E-01  0.6029E-01  0.0000E+00  0.0000E+00  0.0000E+00  0.0000E+00  0.0000E+00
      8.944  0.4532E-01  0.5241E-01  0.5241E-01  0.5241E-01  0.0000E+00  0.0000E+00  0.0000E+00  0.0000E+00  0.0000E+00
      9.031  0.3750E-01  0.4684E-01  0.4684E-01  0.4684E-01  0.0000E+00  0.0000E+00  0.0000E+00  0.0000E+00  0.0000E+00
      9.117  0.3486E-01  0.4455E-01  0.4455E-01  0.4455E-01  0.0000E+00  0.0000E+00  0.0000E+00  0.0000E+00  0.0000E+00
      9.204  0.3213E-01  0.4248E-01  0.4248E-01  0.4248E-01  0.0000E+00  0.0000E+00  0.0000E+00  0.0000E+00  0.0000E+00
      9.290  0.2763E-01  0.4021E-01  0.4021E-01  0.4021E-01  0.0000E+00  0.0000E+00  0.0000E+00  0.0000E+00  0.0000E+00
      9.377  0.2795E-01  0.4096E-01  0.4096E-01  0.4096E-01  0.0000E+00  0.0000E+00  0.0000E+00  0.0000E+00  0.0000E+00
      9.463  0.2945E-01  0.4181E-01  0.4181E-01  0.4181E-01  0.0000E+00  0.0000E+00  0.0000E+00  0.0000E+00  0.0000E+00
      9.550  0.3087E-01  0.4339E-01  0.4339E-01  0.4339E-01  0.0000E+00  0.0000E+00  0.0000E+00  0.0000E+00  0.0000E+00
      9.636  0.3470E-01  0.4958E-01  0.4958E-01  0.4958E-01  0.0000E+00  0.0000E+00  0.0000E+00  0.0000E+00  0.0000E+00
      9.723  0.3633E-01  0.5516E-01  0.5516E-01  0.5516E-01  0.0000E+00  0.0000E+00  0.0000E+00  0.0000E+00  0.0000E+00
      9.809  0.3503E-01  0.4502E-01  0.4502E-01  0.4502E-01  0.0000E+00  0.0000E+00  0.0000E+00  0.0000E+00  0.0000E+00
      9.895  0.3728E-01  0.4660E-01  0.4660E-01  0.4660E-01  0.0000E+00  0.0000E+00  0.0000E+00  0.0000E+00  0.0000E+00
      9.982  0.3737E-01  0.4547E-01  0.4547E-01  0.4547E-01  0.0000E+00  0.0000E+00  0.0000E+00  0.0000E+00  0.0000E+00
     10.068  0.3780E-01  0.4510E-01  0.4510E-01  0.4510E-01  0.0000E+00  0.0000E+00  0.0000E+00  0.0000E+00  0.0000E+00
     10.155  0.3654E-01  0.4317E-01  0.4317E-01  0.4317E-01  0.0000E+00  0.0000E+00  0.0000E+00  0.0000E+00  0.0000E+00
     10.241  0.3803E-01  0.4544E-01  0.4544E-01  0.4544E-01  0.0000E+00  0.0000E+00  0.0000E+00  0.0000E+00  0.0000E+00
     10.328  0.3615E-01  0.4352E-01  0.4352E-01  0.4352E-01  0.0000E+00  0.0000E+00  0.0000E+00  0.0000E+00  0.0000E+00
     10.414  0.3685E-01  0.4383E-01  0.4383E-01  0.4383E-01  0.0000E+00  0.0000E+00  0.0000E+00  0.0000E+00  0.0000E+00
     10.501  0.3692E-01  0.4391E-01  0.4391E-01  0.4391E-01  0.0000E+00  0.0000E+00  0.0000E+00  0.0000E+00  0.0000E+00
     10.587  0.3499E-01  0.4345E-01  0.4345E-01  0.4345E-01  0.0000E+00  0.0000E+00  0.0000E+00  0.0000E+00  0.0000E+00
     10.674  0.3314E-01  0.4206E-01  0.4206E-01  0.4206E-01  0.0000E+00  0.0000E+00  0.0000E+00  0.0000E+00  0.0000E+00
     10.760  0.3209E-01  0.4196E-01  0.4196E-01  0.4196E-01  0.0000E+00  0.0000E+00  0.0000E+00  0.0000E+00  0.0000E+00
     10.847  0.3130E-01  0.4180E-01  0.4180E-01  0.4180E-01  0.0000E+00  0.0000E+00  0.0000E+00  0.0000E+00  0.0000E+00
     10.933  0.3030E-01  0.4120E-01  0.4120E-01  0.4120E-01  0.0000E+00  0.0000E+00  0.0000E+00  0.0000E+00  0.0000E+00
     11.020  0.2825E-01  0.4009E-01  0.4009E-01  0.4009E-01  0.0000E+00  0.0000E+00  0.0000E+00  0.0000E+00  0.0000E+00
     11.106  0.2699E-01  0.3939E-01  0.3939E-01  0.3939E-01  0.0000E+00  0.0000E+00  0.0000E+00  0.0000E+00  0.0000E+00
     11.193  0.2613E-01  0.3881E-01  0.3881E-01  0.3881E-01  0.0000E+00  0.0000E+00  0.0000E+00  0.0000E+00  0.0000E+00
     11.279  0.2473E-01  0.3821E-01  0.3821E-01  0.3821E-01  0.0000E+00  0.0000E+00  0.0000E+00  0.0000E+00  0.0000E+00
     11.366  0.2215E-01  0.3569E-01  0.3569E-01  0.3569E-01  0.0000E+00  0.0000E+00  0.0000E+00  0.0000E+00  0.0000E+00
     11.452  0.2022E-01  0.3450E-01  0.3450E-01  0.3450E-01  0.0000E+00  0.0000E+00  0.0000E+00  0.0000E+00  0.0000E+00
     11.539  0.1973E-01  0.3491E-01  0.3491E-01  0.3491E-01  0.0000E+00  0.0000E+00  0.0000E+00  0.0000E+00  0.0000E+00
     11.625  0.1947E-01  0.3475E-01  0.3475E-01  0.3475E-01  0.0000E+00  0.0000E+00  0.0000E+00  0.0000E+00  0.0000E+00
     11.712  0.2425E-01  0.4197E-01  0.4197E-01  0.4197E-01  0.0000E+00  0.0000E+00  0.0000E+00  0.0000E+00  0.0000E+00
     11.798  0.2339E-01  0.4156E-01  0.4156E-01  0.4156E-01  0.0000E+00  0.0000E+00  0.0000E+00  0.0000E+00  0.0000E+00
     11.885  0.2050E-01  0.3816E-01  0.3816E-01  0.3816E-01  0.0000E+00  0.0000E+00  0.0000E+00  0.0000E+00  0.0000E+00
     11.971  0.1772E-01  0.3490E-01  0.3490E-01  0.3490E-01  0.0000E+00  0.0000E+00  0.0000E+00  0.0000E+00  0.0000E+00
     12.058  0.1541E-01  0.3201E-01  0.3201E-01  0.3201E-01  0.0000E+00  0.0000E+00  0.0000E+00  0.0000E+00  0.0000E+00
     12.144  0.1417E-01  0.3064E-01  0.3064E-01  0.3064E-01  0.0000E+00  0.0000E+00  0.0000E+00  0.0000E+00  0.0000E+00
     12.231  0.1260E-01  0.2848E-01  0.2848E-01  0.2848E-01  0.0000E+00  0.0000E+00  0.0000E+00  0.0000E+00  0.0000E+00
     12.317  0.1160E-01  0.2753E-01  0.2753E-01  0.2753E-01  0.0000E+00  0.0000E+00  0.0000E+00  0.0000E+00  0.0000E+00
     12.403  0.1087E-01  0.2674E-01  0.2674E-01  0.2674E-01  0.0000E+00  0.0000E+00  0.0000E+00  0.0000E+00  0.0000E+00
     12.490  0.1021E-01  0.2587E-01  0.2587E-01  0.2587E-01  0.0000E+00  0.0000E+00  0.0000E+00  0.0000E+00  0.0000E+00
     12.576  0.9732E-02  0.2532E-01  0.2532E-01  0.2532E-01  0.0000E+00  0.0000E+00  0.0000E+00  0.0000E+00  0.0000E+00
     12.663  0.8602E-02  0.2380E-01  0.2380E-01  0.2380E-01  0.0000E+00  0.0000E+00  0.0000E+00  0.0000E+00  0.0000E+00
     12.749  0.7904E-02  0.2302E-01  0.2302E-01  0.2302E-01  0.0000E+00  0.0000E+00  0.0000E+00  0.0000E+00  0.0000E+00
     12.836  0.7056E-02  0.2239E-01  0.2239E-01  0.2239E-01  0.0000E+00  0.0000E+00  0.0000E+00  0.0000E+00  0.0000E+00
     12.922  0.6834E-02  0.2302E-01  0.2302E-01  0.2302E-01  0.0000E+00  0.0000E+00  0.0000E+00  0.0000E+00  0.0000E+00
     13.009  0.6009E-02  0.2208E-01  0.2208E-01  0.2208E-01  0.0000E+00  0.0000E+00  0.0000E+00  0.0000E+00  0.0000E+00
     13.095  0.5421E-02  0.2617E-01  0.2617E-01  0.2617E-01  0.0000E+00  0.0000E+00  0.0000E+00  0.0000E+00  0.0000E+00
     13.182  0.4241E-02  0.2088E-01  0.2088E-01  0.2088E-01  0.0000E+00  0.0000E+00  0.0000E+00  0.0000E+00  0.0000E+00
     13.268  0.3586E-02  0.1748E-01  0.1748E-01  0.1748E-01  0.0000E+00  0.0000E+00  0.0000E+00  0.0000E+00  0.0000E+00
     13.355  0.2918E-02  0.1177E-01  0.1177E-01  0.1177E-01  0.0000E+00  0.0000E+00  0.0000E+00  0.0000E+00  0.0000E+00
     13.441  0.2750E-02  0.1128E-01  0.1128E-01  0.1128E-01  0.0000E+00  0.0000E+00  0.0000E+00  0.0000E+00  0.0000E+00
     13.528  0.2557E-02  0.1087E-01  0.1087E-01  0.1087E-01  0.0000E+00  0.0000E+00  0.0000E+00  0.0000E+00  0.0000E+00
     13.614  0.2290E-02  0.1024E-01  0.1024E-01  0.1024E-01  0.0000E+00  0.0000E+00  0.0000E+00  0.0000E+00  0.0000E+00
     13.701  0.1952E-02  0.9579E-02  0.9579E-02  0.9579E-02  0.0000E+00  0.0000E+00  0.0000E+00  0.0000E+00  0.0000E+00
     13.787  0.1655E-02  0.9440E-02  0.9440E-02  0.9440E-02  0.0000E+00  0.0000E+00  0.0000E+00  0.0000E+00  0.0000E+00
     13.874  0.1411E-02  0.8365E-02  0.8365E-02  0.8365E-02  0.0000E+00  0.0000E+00  0.0000E+00  0.0000E+00  0.0000E+00
     13.960  0.1197E-02  0.7319E-02  0.7319E-02  0.7319E-02  0.0000E+00  0.0000E+00  0.0000E+00  0.0000E+00  0.0000E+00
     14.047  0.1026E-02  0.6518E-02  0.6518E-02  0.6518E-02  0.0000E+00  0.0000E+00  0.0000E+00  0.0000E+00  0.0000E+00
     14.133  0.8830E-03  0.5872E-02  0.5872E-02  0.5872E-02  0.0000E+00  0.0000E+00  0.0000E+00  0.0000E+00  0.0000E+00
     14.220  0.7833E-03  0.5574E-02  0.5574E-02  0.5574E-02  0.0000E+00  0.0000E+00  0.0000E+00  0.0000E+00  0.0000E+00
     14.306  0.7049E-03  0.5410E-02  0.5410E-02  0.5410E-02  0.0000E+00  0.0000E+00  0.0000E+00  0.0000E+00  0.0000E+00
     14.393  0.5982E-03  0.5010E-02  0.5010E-02  0.5010E-02  0.0000E+00  0.0000E+00  0.0000E+00  0.0000E+00  0.0000E+00
     14.479  0.4043E-03  0.4635E-02  0.4635E-02  0.4635E-02  0.0000E+00  0.0000E+00  0.0000E+00  0.0000E+00  0.0000E+00
     14.566  0.2372E-03  0.3375E-02  0.3375E-02  0.3375E-02  0.0000E+00  0.0000E+00  0.0000E+00  0.0000E+00  0.0000E+00
     14.652  0.1659E-03  0.2505E-02  0.2505E-02  0.2505E-02  0.0000E+00  0.0000E+00  0.0000E+00  0.0000E+00  0.0000E+00
     14.738  0.1042E-03  0.1804E-02  0.1804E-02  0.1804E-02  0.0000E+00  0.0000E+00  0.0000E+00  0.0000E+00  0.0000E+00
     14.825  0.5553E-04  0.1413E-02  0.1413E-02  0.1413E-02  0.0000E+00  0.0000E+00  0.0000E+00  0.0000E+00  0.0000E+00
     14.911  0.5539E-05  0.4530E-03  0.4530E-03  0.4530E-03  0.0000E+00  0.0000E+00  0.0000E+00  0.0000E+00  0.0000E+00
     14.998  0.0000E+00  0.0000E+00  0.0000E+00  0.0000E+00  0.0000E+00  0.0000E+00  0.0000E+00  0.0000E+00  0.0000E+00
     15.084  0.0000E+00  0.0000E+00  0.0000E+00  0.0000E+00  0.0000E+00  0.0000E+00  0.0000E+00  0.0000E+00  0.0000E+00
     15.171  0.0000E+00  0.0000E+00  0.0000E+00  0.0000E+00  0.0000E+00  0.0000E+00  0.0000E+00  0.0000E+00  0.0000E+00
     15.257  0.0000E+00  0.0000E+00  0.0000E+00  0.0000E+00  0.0000E+00  0.0000E+00  0.0000E+00  0.0000E+00  0.0000E+00
     15.344  0.0000E+00  0.0000E+00  0.0000E+00  0.0000E+00  0.0000E+00  0.0000E+00  0.0000E+00  0.0000E+00  0.0000E+00
     15.430  0.0000E+00  0.0000E+00  0.0000E+00  0.0000E+00  0.0000E+00  0.0000E+00  0.0000E+00  0.0000E+00  0.0000E+00
     15.517  0.0000E+00  0.0000E+00  0.0000E+00  0.0000E+00  0.0000E+00  0.0000E+00  0.0000E+00  0.0000E+00  0.0000E+00
     15.603  0.0000E+00  0.0000E+00  0.0000E+00  0.0000E+00  0.0000E+00  0.0000E+00  0.0000E+00  0.0000E+00  0.0000E+00
     15.690  0.0000E+00  0.0000E+00  0.0000E+00  0.0000E+00  0.0000E+00  0.0000E+00  0.0000E+00  0.0000E+00  0.0000E+00
     15.776  0.0000E+00  0.0000E+00  0.0000E+00  0.0000E+00  0.0000E+00  0.0000E+00  0.0000E+00  0.0000E+00  0.0000E+00
     15.863  0.0000E+00  0.0000E+00  0.0000E+00  0.0000E+00  0.0000E+00  0.0000E+00  0.0000E+00  0.0000E+00  0.0000E+00
     15.949  0.0000E+00  0.0000E+00  0.0000E+00  0.0000E+00  0.0000E+00  0.0000E+00  0.0000E+00  0.0000E+00  0.0000E+00
     16.036  0.0000E+00  0.0000E+00  0.0000E+00  0.0000E+00  0.0000E+00  0.0000E+00  0.0000E+00  0.0000E+00  0.0000E+00
     16.122  0.0000E+00  0.0000E+00  0.0000E+00  0.0000E+00  0.0000E+00  0.0000E+00  0.0000E+00  0.0000E+00  0.0000E+00
     16.209  0.0000E+00  0.0000E+00  0.0000E+00  0.0000E+00  0.0000E+00  0.0000E+00  0.0000E+00  0.0000E+00  0.0000E+00
     16.295  0.0000E+00  0.0000E+00  0.0000E+00  0.0000E+00  0.0000E+00  0.0000E+00  0.0000E+00  0.0000E+00  0.0000E+00
     16.382  0.0000E+00  0.0000E+00  0.0000E+00  0.0000E+00  0.0000E+00  0.0000E+00  0.0000E+00  0.0000E+00  0.0000E+00
     16.468  0.0000E+00  0.0000E+00  0.0000E+00  0.0000E+00  0.0000E+00  0.0000E+00  0.0000E+00  0.0000E+00  0.0000E+00
     16.555  0.0000E+00  0.0000E+00  0.0000E+00  0.0000E+00  0.0000E+00  0.0000E+00  0.0000E+00  0.0000E+00  0.0000E+00
     16.641  0.0000E+00  0.0000E+00  0.0000E+00  0.0000E+00  0.0000E+00  0.0000E+00  0.0000E+00  0.0000E+00  0.0000E+00
     16.728  0.0000E+00  0.0000E+00  0.0000E+00  0.0000E+00  0.0000E+00  0.0000E+00  0.0000E+00  0.0000E+00  0.0000E+00
     16.814  0.0000E+00  0.0000E+00  0.0000E+00  0.0000E+00  0.0000E+00  0.0000E+00  0.0000E+00  0.0000E+00  0.0000E+00
     16.901  0.0000E+00  0.0000E+00  0.0000E+00  0.0000E+00  0.0000E+00  0.0000E+00  0.0000E+00  0.0000E+00  0.0000E+00
