   2   2   1   0
  0.2113905E+02  0.3910301E-09  0.3910301E-09  0.3910301E-09  0.5000000E-15
  1.000000000000000E-004
  CAR 
 Si                                      
     17.49986188     -8.95100933  301      5.19697565      1.00000000
     -8.951  0.0000E+00  0.0000E+00
     -8.863  0.0000E+00  0.0000E+00
     -8.775  0.0000E+00  0.0000E+00
     -8.687  0.0000E+00  0.0000E+00
     -8.598  0.0000E+00  0.0000E+00
     -8.510  0.0000E+00  0.0000E+00
     -8.422  0.0000E+00  0.0000E+00
     -8.334  0.0000E+00  0.0000E+00
     -8.246  0.0000E+00  0.0000E+00
     -8.157  0.0000E+00  0.0000E+00
     -8.069  0.0000E+00  0.0000E+00
     -7.981  0.0000E+00  0.0000E+00
     -7.893  0.0000E+00  0.0000E+00
     -7.805  0.0000E+00  0.0000E+00
     -7.717  0.0000E+00  0.0000E+00
     -7.628  0.0000E+00  0.0000E+00
     -7.540  0.0000E+00  0.0000E+00
     -7.452  0.0000E+00  0.0000E+00
     -7.364  0.0000E+00  0.0000E+00
     -7.276  0.0000E+00  0.0000E+00
     -7.188  0.0000E+00  0.0000E+00
     -7.099  0.0000E+00  0.0000E+00
     -7.011  0.0000E+00  0.0000E+00
     -6.923  0.4688E-01  0.7137E-03
     -6.835  0.1249E+00  0.8174E-02
     -6.747  0.1526E+00  0.1997E-01
     -6.659  0.1838E+00  0.3492E-01
     -6.570  0.2129E+00  0.5249E-01
     -6.482  0.2375E+00  0.7231E-01
     -6.394  0.2607E+00  0.9434E-01
     -6.306  0.2830E+00  0.1183E+00
     -6.218  0.3037E+00  0.1442E+00
     -6.130  0.3238E+00  0.1719E+00
     -6.041  0.3443E+00  0.2014E+00
     -5.953  0.3629E+00  0.2325E+00
     -5.865  0.3829E+00  0.2654E+00
     -5.777  0.4016E+00  0.3000E+00
     -5.689  0.4207E+00  0.3362E+00
     -5.601  0.4410E+00  0.3742E+00
     -5.512  0.4602E+00  0.4139E+00
     -5.424  0.4808E+00  0.4554E+00
     -5.336  0.5028E+00  0.4988E+00
     -5.248  0.5250E+00  0.5441E+00
     -5.160  0.5492E+00  0.5914E+00
     -5.072  0.5762E+00  0.6410E+00
     -4.983  0.6060E+00  0.6931E+00
     -4.895  0.6412E+00  0.7480E+00
     -4.807  0.6857E+00  0.8064E+00
     -4.719  0.7489E+00  0.8694E+00
     -4.631  0.8894E+00  0.9410E+00
     -4.543  0.9062E+00  0.1020E+01
     -4.454  0.8508E+00  0.1096E+01
     -4.366  0.8178E+00  0.1169E+01
     -4.278  0.7856E+00  0.1240E+01
     -4.190  0.7604E+00  0.1308E+01
     -4.102  0.7268E+00  0.1374E+01
     -4.014  0.6999E+00  0.1437E+01
     -3.925  0.6661E+00  0.1497E+01
     -3.837  0.6399E+00  0.1554E+01
     -3.749  0.6059E+00  0.1609E+01
     -3.661  0.5759E+00  0.1662E+01
     -3.573  0.5457E+00  0.1711E+01
     -3.484  0.5100E+00  0.1757E+01
     -3.396  0.4782E+00  0.1801E+01
     -3.308  0.4424E+00  0.1842E+01
     -3.220  0.4062E+00  0.1879E+01
     -3.132  0.3704E+00  0.1913E+01
     -3.044  0.3354E+00  0.1944E+01
     -2.955  0.2776E+00  0.1972E+01
     -2.867  0.1689E+00  0.1991E+01
     -2.779  0.1016E-01  0.2000E+01
     -2.691  0.1745E-01  0.2000E+01
     -2.603  0.7249E-01  0.2004E+01
     -2.515  0.1672E+00  0.2014E+01
     -2.426  0.2704E+00  0.2035E+01
     -2.338  0.3026E+00  0.2059E+01
     -2.250  0.3471E+00  0.2088E+01
     -2.162  0.3997E+00  0.2121E+01
     -2.074  0.4466E+00  0.2158E+01
     -1.986  0.5098E+00  0.2200E+01
     -1.897  0.5722E+00  0.2248E+01
     -1.809  0.6789E+00  0.2303E+01
     -1.721  0.1341E+01  0.2389E+01
     -1.633  0.1725E+01  0.2546E+01
     -1.545  0.1069E+01  0.2655E+01
     -1.457  0.9038E+00  0.2741E+01
     -1.368  0.7985E+00  0.2816E+01
     -1.280  0.7191E+00  0.2883E+01
     -1.192  0.6624E+00  0.2943E+01
     -1.104  0.6157E+00  0.3000E+01
     -1.016  0.5732E+00  0.3052E+01
     -0.928  0.5347E+00  0.3101E+01
     -0.839  0.5066E+00  0.3147E+01
     -0.751  0.4790E+00  0.3190E+01
     -0.663  0.4519E+00  0.3231E+01
     -0.575  0.4262E+00  0.3270E+01
     -0.487  0.4073E+00  0.3307E+01
     -0.399  0.3881E+00  0.3342E+01
     -0.310  0.3680E+00  0.3375E+01
     -0.222  0.3477E+00  0.3407E+01
     -0.134  0.3338E+00  0.3437E+01
     -0.046  0.3199E+00  0.3465E+01
      0.042  0.3050E+00  0.3493E+01
      0.130  0.2887E+00  0.3519E+01
      0.219  0.2755E+00  0.3544E+01
      0.307  0.2650E+00  0.3568E+01
      0.395  0.2539E+00  0.3591E+01
      0.483  0.2422E+00  0.3613E+01
      0.571  0.2294E+00  0.3633E+01
      0.659  0.2191E+00  0.3653E+01
      0.748  0.2109E+00  0.3672E+01
      0.836  0.2024E+00  0.3690E+01
      0.924  0.6069E+00  0.3721E+01
      1.012  0.8075E+00  0.3780E+01
      1.100  0.1073E+01  0.3861E+01
      1.188  0.1287E+01  0.3973E+01
      1.277  0.1199E+01  0.4082E+01
      1.365  0.1113E+01  0.4183E+01
      1.453  0.1048E+01  0.4278E+01
      1.541  0.1004E+01  0.4368E+01
      1.629  0.1044E+01  0.4460E+01
      1.718  0.1062E+01  0.4550E+01
      1.806  0.1122E+01  0.4644E+01
      1.894  0.1089E+01  0.4739E+01
      1.982  0.1124E+01  0.4836E+01
      2.070  0.1197E+01  0.4937E+01
      2.158  0.1251E+01  0.5044E+01
      2.247  0.1293E+01  0.5155E+01
      2.335  0.1551E+01  0.5281E+01
      2.423  0.1564E+01  0.5419E+01
      2.511  0.1518E+01  0.5554E+01
      2.599  0.1489E+01  0.5686E+01
      2.687  0.1466E+01  0.5816E+01
      2.776  0.1443E+01  0.5944E+01
      2.864  0.1413E+01  0.6070E+01
      2.952  0.1392E+01  0.6194E+01
      3.040  0.1368E+01  0.6315E+01
      3.128  0.1348E+01  0.6435E+01
      3.216  0.1320E+01  0.6553E+01
      3.305  0.1293E+01  0.6668E+01
      3.393  0.1279E+01  0.6781E+01
      3.481  0.1258E+01  0.6893E+01
      3.569  0.1238E+01  0.7003E+01
      3.657  0.1214E+01  0.7111E+01
      3.745  0.1203E+01  0.7218E+01
      3.834  0.1194E+01  0.7323E+01
      3.922  0.1167E+01  0.7427E+01
      4.010  0.9836E+00  0.7522E+01
      4.098  0.7847E+00  0.7597E+01
      4.186  0.6823E+00  0.7661E+01
      4.274  0.5984E+00  0.7718E+01
      4.363  0.5272E+00  0.7767E+01
      4.451  0.4712E+00  0.7811E+01
      4.539  0.4127E+00  0.7850E+01
      4.627  0.3595E+00  0.7884E+01
      4.715  0.3122E+00  0.7914E+01
      4.803  0.2665E+00  0.7939E+01
      4.892  0.2182E+00  0.7961E+01
      4.980  0.1833E+00  0.7978E+01
      5.068  0.1261E+00  0.7992E+01
      5.156  0.5229E-01  0.7999E+01
      5.244  0.0000E+00  0.8000E+01
      5.332  0.0000E+00  0.8000E+01
      5.421  0.0000E+00  0.8000E+01
      5.509  0.0000E+00  0.8000E+01
      5.597  0.0000E+00  0.8000E+01
      5.685  0.0000E+00  0.8000E+01
      5.773  0.0000E+00  0.8000E+01
      5.861  0.0000E+00  0.8000E+01
      5.950  0.0000E+00  0.8000E+01
      6.038  0.0000E+00  0.8000E+01
      6.126  0.6702E-01  0.8002E+01
      6.214  0.1624E+00  0.8012E+01
      6.302  0.2375E+00  0.8030E+01
      6.390  0.3183E+00  0.8055E+01
      6.479  0.3655E+00  0.8085E+01
      6.567  0.4188E+00  0.8119E+01
      6.655  0.4719E+00  0.8159E+01
      6.743  0.5297E+00  0.8203E+01
      6.831  0.5743E+00  0.8252E+01
      6.920  0.6315E+00  0.8304E+01
      7.008  0.7359E+00  0.8364E+01
      7.096  0.8162E+00  0.8433E+01
      7.184  0.9018E+00  0.8509E+01
      7.272  0.9943E+00  0.8592E+01
      7.360  0.1103E+01  0.8684E+01
      7.449  0.1225E+01  0.8787E+01
      7.537  0.1407E+01  0.8902E+01
      7.625  0.1709E+01  0.9039E+01
      7.713  0.1688E+01  0.9191E+01
      7.801  0.1663E+01  0.9337E+01
      7.889  0.1567E+01  0.9479E+01
      7.978  0.1429E+01  0.9614E+01
      8.066  0.1253E+01  0.9731E+01
      8.154  0.1204E+01  0.9840E+01
      8.242  0.1162E+01  0.9943E+01
      8.330  0.1227E+01  0.1005E+02
      8.418  0.9869E+00  0.1015E+02
      8.507  0.9542E+00  0.1023E+02
      8.595  0.9678E+00  0.1032E+02
      8.683  0.1250E+01  0.1041E+02
      8.771  0.2879E+01  0.1060E+02
      8.859  0.2151E+01  0.1081E+02
      8.947  0.1729E+01  0.1097E+02
      9.036  0.1717E+01  0.1113E+02
      9.124  0.1732E+01  0.1127E+02
      9.212  0.2129E+01  0.1144E+02
      9.300  0.1554E+01  0.1160E+02
      9.388  0.1310E+01  0.1172E+02
      9.476  0.1230E+01  0.1183E+02
      9.565  0.1153E+01  0.1194E+02
      9.653  0.1111E+01  0.1204E+02
      9.741  0.1117E+01  0.1213E+02
      9.829  0.1147E+01  0.1223E+02
      9.917  0.1210E+01  0.1234E+02
     10.005  0.1363E+01  0.1245E+02
     10.094  0.1422E+01  0.1258E+02
     10.182  0.1214E+01  0.1269E+02
     10.270  0.1246E+01  0.1280E+02
     10.358  0.1237E+01  0.1291E+02
     10.446  0.1203E+01  0.1302E+02
     10.534  0.1157E+01  0.1312E+02
     10.623  0.1279E+01  0.1322E+02
     10.711  0.1176E+01  0.1333E+02
     10.799  0.1124E+01  0.1343E+02
     10.887  0.1171E+01  0.1353E+02
     10.975  0.1174E+01  0.1363E+02
     11.063  0.1133E+01  0.1373E+02
     11.152  0.1072E+01  0.1383E+02
     11.240  0.1084E+01  0.1393E+02
     11.328  0.1062E+01  0.1402E+02
     11.416  0.1036E+01  0.1411E+02
     11.504  0.1005E+01  0.1420E+02
     11.593  0.9789E+00  0.1429E+02
     11.681  0.9816E+00  0.1438E+02
     11.769  0.9204E+00  0.1446E+02
     11.857  0.8749E+00  0.1454E+02
     11.945  0.8690E+00  0.1462E+02
     12.033  0.8478E+00  0.1469E+02
     12.122  0.9636E+00  0.1477E+02
     12.210  0.1027E+01  0.1486E+02
     12.298  0.9413E+00  0.1495E+02
     12.386  0.8655E+00  0.1503E+02
     12.474  0.7617E+00  0.1510E+02
     12.562  0.7237E+00  0.1516E+02
     12.651  0.6776E+00  0.1523E+02
     12.739  0.6266E+00  0.1528E+02
     12.827  0.6035E+00  0.1534E+02
     12.915  0.5812E+00  0.1539E+02
     13.003  0.5654E+00  0.1544E+02
     13.091  0.5290E+00  0.1549E+02
     13.180  0.5015E+00  0.1553E+02
     13.268  0.4914E+00  0.1558E+02
     13.356  0.4946E+00  0.1562E+02
     13.444  0.4965E+00  0.1566E+02
     13.532  0.6101E+00  0.1572E+02
     13.620  0.4426E+00  0.1576E+02
     13.709  0.3344E+00  0.1580E+02
     13.797  0.2201E+00  0.1582E+02
     13.885  0.2050E+00  0.1584E+02
     13.973  0.1948E+00  0.1586E+02
     14.061  0.1844E+00  0.1587E+02
     14.149  0.1707E+00  0.1589E+02
     14.238  0.1592E+00  0.1590E+02
     14.326  0.1507E+00  0.1592E+02
     14.414  0.1301E+00  0.1593E+02
     14.502  0.1131E+00  0.1594E+02
     14.590  0.1001E+00  0.1595E+02
     14.678  0.8987E-01  0.1596E+02
     14.767  0.8433E-01  0.1597E+02
     14.855  0.8040E-01  0.1597E+02
     14.943  0.7265E-01  0.1598E+02
     15.031  0.6558E-01  0.1599E+02
     15.119  0.4589E-01  0.1599E+02
     15.207  0.3430E-01  0.1599E+02
     15.296  0.2486E-01  0.1600E+02
     15.384  0.1833E-01  0.1600E+02
     15.472  0.1834E-01  0.1600E+02
     15.560  0.0000E+00  0.1600E+02
     15.648  0.0000E+00  0.1600E+02
     15.736  0.0000E+00  0.1600E+02
     15.825  0.0000E+00  0.1600E+02
     15.913  0.0000E+00  0.1600E+02
     16.001  0.0000E+00  0.1600E+02
     16.089  0.0000E+00  0.1600E+02
     16.177  0.0000E+00  0.1600E+02
     16.265  0.0000E+00  0.1600E+02
     16.354  0.0000E+00  0.1600E+02
     16.442  0.0000E+00  0.1600E+02
     16.530  0.0000E+00  0.1600E+02
     16.618  0.0000E+00  0.1600E+02
     16.706  0.0000E+00  0.1600E+02
     16.795  0.0000E+00  0.1600E+02
     16.883  0.0000E+00  0.1600E+02
     16.971  0.0000E+00  0.1600E+02
     17.059  0.0000E+00  0.1600E+02
     17.147  0.0000E+00  0.1600E+02
     17.235  0.0000E+00  0.1600E+02
     17.324  0.0000E+00  0.1600E+02
     17.412  0.0000E+00  0.1600E+02
     17.500  0.0000E+00  0.1600E+02
     17.49986188     -8.95100933  301      5.19697565      1.00000000
     -8.951  0.0000E+00  0.0000E+00  0.0000E+00  0.0000E+00  0.0000E+00  0.0000E+00  0.0000E+00  0.0000E+00  0.0000E+00
     -8.863  0.0000E+00  0.0000E+00  0.0000E+00  0.0000E+00  0.0000E+00  0.0000E+00  0.0000E+00  0.0000E+00  0.0000E+00
     -8.775  0.0000E+00  0.0000E+00  0.0000E+00  0.0000E+00  0.0000E+00  0.0000E+00  0.0000E+00  0.0000E+00  0.0000E+00
     -8.687  0.0000E+00  0.0000E+00  0.0000E+00  0.0000E+00  0.0000E+00  0.0000E+00  0.0000E+00  0.0000E+00  0.0000E+00
     -8.598  0.0000E+00  0.0000E+00  0.0000E+00  0.0000E+00  0.0000E+00  0.0000E+00  0.0000E+00  0.0000E+00  0.0000E+00
     -8.510  0.0000E+00  0.0000E+00  0.0000E+00  0.0000E+00  0.0000E+00  0.0000E+00  0.0000E+00  0.0000E+00  0.0000E+00
     -8.422  0.0000E+00  0.0000E+00  0.0000E+00  0.0000E+00  0.0000E+00  0.0000E+00  0.0000E+00  0.0000E+00  0.0000E+00
     -8.334  0.0000E+00  0.0000E+00  0.0000E+00  0.0000E+00  0.0000E+00  0.0000E+00  0.0000E+00  0.0000E+00  0.0000E+00
     -8.246  0.0000E+00  0.0000E+00  0.0000E+00  0.0000E+00  0.0000E+00  0.0000E+00  0.0000E+00  0.0000E+00  0.0000E+00
     -8.157  0.0000E+00  0.0000E+00  0.0000E+00  0.0000E+00  0.0000E+00  0.0000E+00  0.0000E+00  0.0000E+00  0.0000E+00
     -8.069  0.0000E+00  0.0000E+00  0.0000E+00  0.0000E+00  0.0000E+00  0.0000E+00  0.0000E+00  0.0000E+00  0.0000E+00
     -7.981  0.0000E+00  0.0000E+00  0.0000E+00  0.0000E+00  0.0000E+00  0.0000E+00  0.0000E+00  0.0000E+00  0.0000E+00
     -7.893  0.0000E+00  0.0000E+00  0.0000E+00  0.0000E+00  0.0000E+00  0.0000E+00  0.0000E+00  0.0000E+00  0.0000E+00
     -7.805  0.0000E+00  0.0000E+00  0.0000E+00  0.0000E+00  0.0000E+00  0.0000E+00  0.0000E+00  0.0000E+00  0.0000E+00
     -7.717  0.0000E+00  0.0000E+00  0.0000E+00  0.0000E+00  0.0000E+00  0.0000E+00  0.0000E+00  0.0000E+00  0.0000E+00
     -7.628  0.0000E+00  0.0000E+00  0.0000E+00  0.0000E+00  0.0000E+00  0.0000E+00  0.0000E+00  0.0000E+00  0.0000E+00
     -7.540  0.0000E+00  0.0000E+00  0.0000E+00  0.0000E+00  0.0000E+00  0.0000E+00  0.0000E+00  0.0000E+00  0.0000E+00
     -7.452  0.0000E+00  0.0000E+00  0.0000E+00  0.0000E+00  0.0000E+00  0.0000E+00  0.0000E+00  0.0000E+00  0.0000E+00
     -7.364  0.0000E+00  0.0000E+00  0.0000E+00  0.0000E+00  0.0000E+00  0.0000E+00  0.0000E+00  0.0000E+00  0.0000E+00
     -7.276  0.0000E+00  0.0000E+00  0.0000E+00  0.0000E+00  0.0000E+00  0.0000E+00  0.0000E+00  0.0000E+00  0.0000E+00
     -7.188  0.0000E+00  0.0000E+00  0.0000E+00  0.0000E+00  0.0000E+00  0.0000E+00  0.0000E+00  0.0000E+00  0.0000E+00
     -7.099  0.0000E+00  0.0000E+00  0.0000E+00  0.0000E+00  0.0000E+00  0.0000E+00  0.0000E+00  0.0000E+00  0.0000E+00
     -7.011  0.0000E+00  0.0000E+00  0.0000E+00  0.0000E+00  0.0000E+00  0.0000E+00  0.0000E+00  0.0000E+00  0.0000E+00
     -6.923  0.9899E-02  0.5725E-05  0.5725E-05  0.5725E-05  0.0000E+00  0.0000E+00  0.0000E+00  0.0000E+00  0.0000E+00
     -6.835  0.2633E-01  0.4878E-04  0.4878E-04  0.4878E-04  0.0000E+00  0.0000E+00  0.0000E+00  0.0000E+00  0.0000E+00
     -6.747  0.3210E-01  0.1084E-03  0.1084E-03  0.1084E-03  0.0000E+00  0.0000E+00  0.0000E+00  0.0000E+00  0.0000E+00
     -6.659  0.3859E-01  0.1870E-03  0.1870E-03  0.1870E-03  0.0000E+00  0.0000E+00  0.0000E+00  0.0000E+00  0.0000E+00
     -6.570  0.4463E-01  0.2763E-03  0.2763E-03  0.2763E-03  0.0000E+00  0.0000E+00  0.0000E+00  0.0000E+00  0.0000E+00
     -6.482  0.4970E-01  0.3782E-03  0.3782E-03  0.3782E-03  0.0000E+00  0.0000E+00  0.0000E+00  0.0000E+00  0.0000E+00
     -6.394  0.5448E-01  0.4910E-03  0.4910E-03  0.4910E-03  0.0000E+00  0.0000E+00  0.0000E+00  0.0000E+00  0.0000E+00
     -6.306  0.5905E-01  0.6113E-03  0.6113E-03  0.6113E-03  0.0000E+00  0.0000E+00  0.0000E+00  0.0000E+00  0.0000E+00
     -6.218  0.6329E-01  0.7432E-03  0.7432E-03  0.7432E-03  0.0000E+00  0.0000E+00  0.0000E+00  0.0000E+00  0.0000E+00
     -6.130  0.6740E-01  0.8823E-03  0.8823E-03  0.8823E-03  0.0000E+00  0.0000E+00  0.0000E+00  0.0000E+00  0.0000E+00
     -6.041  0.7157E-01  0.1028E-02  0.1028E-02  0.1028E-02  0.0000E+00  0.0000E+00  0.0000E+00  0.0000E+00  0.0000E+00
     -5.953  0.7537E-01  0.1186E-02  0.1186E-02  0.1186E-02  0.0000E+00  0.0000E+00  0.0000E+00  0.0000E+00  0.0000E+00
     -5.865  0.7946E-01  0.1346E-02  0.1346E-02  0.1346E-02  0.0000E+00  0.0000E+00  0.0000E+00  0.0000E+00  0.0000E+00
     -5.777  0.8327E-01  0.1521E-02  0.1521E-02  0.1521E-02  0.0000E+00  0.0000E+00  0.0000E+00  0.0000E+00  0.0000E+00
     -5.689  0.8718E-01  0.1701E-02  0.1701E-02  0.1701E-02  0.0000E+00  0.0000E+00  0.0000E+00  0.0000E+00  0.0000E+00
     -5.601  0.9137E-01  0.1883E-02  0.1883E-02  0.1883E-02  0.0000E+00  0.0000E+00  0.0000E+00  0.0000E+00  0.0000E+00
     -5.512  0.9532E-01  0.2086E-02  0.2086E-02  0.2086E-02  0.0000E+00  0.0000E+00  0.0000E+00  0.0000E+00  0.0000E+00
     -5.424  0.9958E-01  0.2293E-02  0.2293E-02  0.2293E-02  0.0000E+00  0.0000E+00  0.0000E+00  0.0000E+00  0.0000E+00
     -5.336  0.1042E+00  0.2503E-02  0.2503E-02  0.2503E-02  0.0000E+00  0.0000E+00  0.0000E+00  0.0000E+00  0.0000E+00
     -5.248  0.1088E+00  0.2738E-02  0.2738E-02  0.2738E-02  0.0000E+00  0.0000E+00  0.0000E+00  0.0000E+00  0.0000E+00
     -5.160  0.1139E+00  0.2982E-02  0.2982E-02  0.2982E-02  0.0000E+00  0.0000E+00  0.0000E+00  0.0000E+00  0.0000E+00
     -5.072  0.1197E+00  0.3234E-02  0.3234E-02  0.3234E-02  0.0000E+00  0.0000E+00  0.0000E+00  0.0000E+00  0.0000E+00
     -4.983  0.1260E+00  0.3520E-02  0.3520E-02  0.3520E-02  0.0000E+00  0.0000E+00  0.0000E+00  0.0000E+00  0.0000E+00
     -4.895  0.1336E+00  0.3836E-02  0.3836E-02  0.3836E-02  0.0000E+00  0.0000E+00  0.0000E+00  0.0000E+00  0.0000E+00
     -4.807  0.1433E+00  0.4192E-02  0.4192E-02  0.4192E-02  0.0000E+00  0.0000E+00  0.0000E+00  0.0000E+00  0.0000E+00
     -4.719  0.1572E+00  0.4647E-02  0.4647E-02  0.4647E-02  0.0000E+00  0.0000E+00  0.0000E+00  0.0000E+00  0.0000E+00
     -4.631  0.1882E+00  0.5485E-02  0.5485E-02  0.5485E-02  0.0000E+00  0.0000E+00  0.0000E+00  0.0000E+00  0.0000E+00
     -4.543  0.1919E+00  0.5784E-02  0.5784E-02  0.5784E-02  0.0000E+00  0.0000E+00  0.0000E+00  0.0000E+00  0.0000E+00
     -4.454  0.1796E+00  0.5718E-02  0.5718E-02  0.5718E-02  0.0000E+00  0.0000E+00  0.0000E+00  0.0000E+00  0.0000E+00
     -4.366  0.1724E+00  0.5784E-02  0.5784E-02  0.5784E-02  0.0000E+00  0.0000E+00  0.0000E+00  0.0000E+00  0.0000E+00
     -4.278  0.1653E+00  0.5796E-02  0.5796E-02  0.5796E-02  0.0000E+00  0.0000E+00  0.0000E+00  0.0000E+00  0.0000E+00
     -4.190  0.1597E+00  0.5831E-02  0.5831E-02  0.5831E-02  0.0000E+00  0.0000E+00  0.0000E+00  0.0000E+00  0.0000E+00
     -4.102  0.1524E+00  0.5827E-02  0.5827E-02  0.5827E-02  0.0000E+00  0.0000E+00  0.0000E+00  0.0000E+00  0.0000E+00
     -4.014  0.1465E+00  0.5817E-02  0.5817E-02  0.5817E-02  0.0000E+00  0.0000E+00  0.0000E+00  0.0000E+00  0.0000E+00
     -3.925  0.1391E+00  0.5756E-02  0.5756E-02  0.5756E-02  0.0000E+00  0.0000E+00  0.0000E+00  0.0000E+00  0.0000E+00
     -3.837  0.1335E+00  0.5729E-02  0.5729E-02  0.5729E-02  0.0000E+00  0.0000E+00  0.0000E+00  0.0000E+00  0.0000E+00
     -3.749  0.1261E+00  0.5629E-02  0.5629E-02  0.5629E-02  0.0000E+00  0.0000E+00  0.0000E+00  0.0000E+00  0.0000E+00
     -3.661  0.1196E+00  0.5531E-02  0.5531E-02  0.5531E-02  0.0000E+00  0.0000E+00  0.0000E+00  0.0000E+00  0.0000E+00
     -3.573  0.1131E+00  0.5418E-02  0.5418E-02  0.5418E-02  0.0000E+00  0.0000E+00  0.0000E+00  0.0000E+00  0.0000E+00
     -3.484  0.1054E+00  0.5248E-02  0.5248E-02  0.5248E-02  0.0000E+00  0.0000E+00  0.0000E+00  0.0000E+00  0.0000E+00
     -3.396  0.9860E-01  0.5073E-02  0.5073E-02  0.5073E-02  0.0000E+00  0.0000E+00  0.0000E+00  0.0000E+00  0.0000E+00
     -3.308  0.9093E-01  0.4855E-02  0.4855E-02  0.4855E-02  0.0000E+00  0.0000E+00  0.0000E+00  0.0000E+00  0.0000E+00
     -3.220  0.8318E-01  0.4613E-02  0.4613E-02  0.4613E-02  0.0000E+00  0.0000E+00  0.0000E+00  0.0000E+00  0.0000E+00
     -3.132  0.7555E-01  0.4342E-02  0.4342E-02  0.4342E-02  0.0000E+00  0.0000E+00  0.0000E+00  0.0000E+00  0.0000E+00
     -3.044  0.6796E-01  0.4090E-02  0.4090E-02  0.4090E-02  0.0000E+00  0.0000E+00  0.0000E+00  0.0000E+00  0.0000E+00
     -2.955  0.5581E-01  0.3513E-02  0.3513E-02  0.3513E-02  0.0000E+00  0.0000E+00  0.0000E+00  0.0000E+00  0.0000E+00
     -2.867  0.3395E-01  0.2167E-02  0.2167E-02  0.2167E-02  0.0000E+00  0.0000E+00  0.0000E+00  0.0000E+00  0.0000E+00
     -2.779  0.2079E-02  0.1281E-03  0.1281E-03  0.1281E-03  0.0000E+00  0.0000E+00  0.0000E+00  0.0000E+00  0.0000E+00
     -2.691  0.3347E-02  0.2633E-03  0.2633E-03  0.2633E-03  0.0000E+00  0.0000E+00  0.0000E+00  0.0000E+00  0.0000E+00
     -2.603  0.1393E-01  0.1098E-02  0.1098E-02  0.1098E-02  0.0000E+00  0.0000E+00  0.0000E+00  0.0000E+00  0.0000E+00
     -2.515  0.3228E-01  0.2546E-02  0.2546E-02  0.2546E-02  0.0000E+00  0.0000E+00  0.0000E+00  0.0000E+00  0.0000E+00
     -2.426  0.5235E-01  0.4168E-02  0.4168E-02  0.4168E-02  0.0000E+00  0.0000E+00  0.0000E+00  0.0000E+00  0.0000E+00
     -2.338  0.5825E-01  0.4789E-02  0.4789E-02  0.4789E-02  0.0000E+00  0.0000E+00  0.0000E+00  0.0000E+00  0.0000E+00
     -2.250  0.6644E-01  0.5633E-02  0.5633E-02  0.5633E-02  0.0000E+00  0.0000E+00  0.0000E+00  0.0000E+00  0.0000E+00
     -2.162  0.7584E-01  0.6697E-02  0.6697E-02  0.6697E-02  0.0000E+00  0.0000E+00  0.0000E+00  0.0000E+00  0.0000E+00
     -2.074  0.8403E-01  0.7695E-02  0.7695E-02  0.7695E-02  0.0000E+00  0.0000E+00  0.0000E+00  0.0000E+00  0.0000E+00
     -1.986  0.9463E-01  0.9116E-02  0.9116E-02  0.9116E-02  0.0000E+00  0.0000E+00  0.0000E+00  0.0000E+00  0.0000E+00
     -1.897  0.1047E+00  0.1059E-01  0.1059E-01  0.1059E-01  0.0000E+00  0.0000E+00  0.0000E+00  0.0000E+00  0.0000E+00
     -1.809  0.1212E+00  0.1319E-01  0.1319E-01  0.1319E-01  0.0000E+00  0.0000E+00  0.0000E+00  0.0000E+00  0.0000E+00
     -1.721  0.2000E+00  0.3208E-01  0.3208E-01  0.3208E-01  0.0000E+00  0.0000E+00  0.0000E+00  0.0000E+00  0.0000E+00
     -1.633  0.2493E+00  0.4277E-01  0.4277E-01  0.4277E-01  0.0000E+00  0.0000E+00  0.0000E+00  0.0000E+00  0.0000E+00
     -1.545  0.1601E+00  0.2599E-01  0.2599E-01  0.2599E-01  0.0000E+00  0.0000E+00  0.0000E+00  0.0000E+00  0.0000E+00
     -1.457  0.1365E+00  0.2202E-01  0.2202E-01  0.2202E-01  0.0000E+00  0.0000E+00  0.0000E+00  0.0000E+00  0.0000E+00
     -1.368  0.1209E+00  0.1960E-01  0.1960E-01  0.1960E-01  0.0000E+00  0.0000E+00  0.0000E+00  0.0000E+00  0.0000E+00
     -1.280  0.1087E+00  0.1785E-01  0.1785E-01  0.1785E-01  0.0000E+00  0.0000E+00  0.0000E+00  0.0000E+00  0.0000E+00
     -1.192  0.1001E+00  0.1660E-01  0.1660E-01  0.1660E-01  0.0000E+00  0.0000E+00  0.0000E+00  0.0000E+00  0.0000E+00
     -1.104  0.9286E-01  0.1561E-01  0.1561E-01  0.1561E-01  0.0000E+00  0.0000E+00  0.0000E+00  0.0000E+00  0.0000E+00
     -1.016  0.8612E-01  0.1472E-01  0.1472E-01  0.1472E-01  0.0000E+00  0.0000E+00  0.0000E+00  0.0000E+00  0.0000E+00
     -0.928  0.7998E-01  0.1392E-01  0.1392E-01  0.1392E-01  0.0000E+00  0.0000E+00  0.0000E+00  0.0000E+00  0.0000E+00
     -0.839  0.7551E-01  0.1334E-01  0.1334E-01  0.1334E-01  0.0000E+00  0.0000E+00  0.0000E+00  0.0000E+00  0.0000E+00
     -0.751  0.7107E-01  0.1278E-01  0.1278E-01  0.1278E-01  0.0000E+00  0.0000E+00  0.0000E+00  0.0000E+00  0.0000E+00
     -0.663  0.6667E-01  0.1222E-01  0.1222E-01  0.1222E-01  0.0000E+00  0.0000E+00  0.0000E+00  0.0000E+00  0.0000E+00
     -0.575  0.6248E-01  0.1169E-01  0.1169E-01  0.1169E-01  0.0000E+00  0.0000E+00  0.0000E+00  0.0000E+00  0.0000E+00
     -0.487  0.5942E-01  0.1130E-01  0.1130E-01  0.1130E-01  0.0000E+00  0.0000E+00  0.0000E+00  0.0000E+00  0.0000E+00
     -0.399  0.5628E-01  0.1091E-01  0.1091E-01  0.1091E-01  0.0000E+00  0.0000E+00  0.0000E+00  0.0000E+00  0.0000E+00
     -0.310  0.5300E-01  0.1049E-01  0.1049E-01  0.1049E-01  0.0000E+00  0.0000E+00  0.0000E+00  0.0000E+00  0.0000E+00
     -0.222  0.4970E-01  0.1006E-01  0.1006E-01  0.1006E-01  0.0000E+00  0.0000E+00  0.0000E+00  0.0000E+00  0.0000E+00
     -0.134  0.4743E-01  0.9771E-02  0.9771E-02  0.9771E-02  0.0000E+00  0.0000E+00  0.0000E+00  0.0000E+00  0.0000E+00
     -0.046  0.4515E-01  0.9480E-02  0.9480E-02  0.9480E-02  0.0000E+00  0.0000E+00  0.0000E+00  0.0000E+00  0.0000E+00
      0.042  0.4272E-01  0.9161E-02  0.9161E-02  0.9161E-02  0.0000E+00  0.0000E+00  0.0000E+00  0.0000E+00  0.0000E+00
      0.130  0.4009E-01  0.8797E-02  0.8797E-02  0.8797E-02  0.0000E+00  0.0000E+00  0.0000E+00  0.0000E+00  0.0000E+00
      0.219  0.3796E-01  0.8503E-02  0.8503E-02  0.8503E-02  0.0000E+00  0.0000E+00  0.0000E+00  0.0000E+00  0.0000E+00
      0.307  0.3627E-01  0.8278E-02  0.8278E-02  0.8278E-02  0.0000E+00  0.0000E+00  0.0000E+00  0.0000E+00  0.0000E+00
      0.395  0.3446E-01  0.8030E-02  0.8030E-02  0.8030E-02  0.0000E+00  0.0000E+00  0.0000E+00  0.0000E+00  0.0000E+00
      0.483  0.3259E-01  0.7762E-02  0.7762E-02  0.7762E-02  0.0000E+00  0.0000E+00  0.0000E+00  0.0000E+00  0.0000E+00
      0.571  0.3056E-01  0.7455E-02  0.7455E-02  0.7455E-02  0.0000E+00  0.0000E+00  0.0000E+00  0.0000E+00  0.0000E+00
      0.659  0.2894E-01  0.7210E-02  0.7210E-02  0.7210E-02  0.0000E+00  0.0000E+00  0.0000E+00  0.0000E+00  0.0000E+00
      0.748  0.2764E-01  0.7022E-02  0.7022E-02  0.7022E-02  0.0000E+00  0.0000E+00  0.0000E+00  0.0000E+00  0.0000E+00
      0.836  0.2628E-01  0.6820E-02  0.6820E-02  0.6820E-02  0.0000E+00  0.0000E+00  0.0000E+00  0.0000E+00  0.0000E+00
      0.924  0.2637E-01  0.2771E-01  0.2771E-01  0.2771E-01  0.0000E+00  0.0000E+00  0.0000E+00  0.0000E+00  0.0000E+00
      1.012  0.2642E-01  0.3831E-01  0.3831E-01  0.3831E-01  0.0000E+00  0.0000E+00  0.0000E+00  0.0000E+00  0.0000E+00
      1.100  0.2783E-01  0.5231E-01  0.5231E-01  0.5231E-01  0.0000E+00  0.0000E+00  0.0000E+00  0.0000E+00  0.0000E+00
      1.188  0.2976E-01  0.6370E-01  0.6370E-01  0.6370E-01  0.0000E+00  0.0000E+00  0.0000E+00  0.0000E+00  0.0000E+00
      1.277  0.2996E-01  0.5947E-01  0.5947E-01  0.5947E-01  0.0000E+00  0.0000E+00  0.0000E+00  0.0000E+00  0.0000E+00
      1.365  0.2981E-01  0.5536E-01  0.5536E-01  0.5536E-01  0.0000E+00  0.0000E+00  0.0000E+00  0.0000E+00  0.0000E+00
      1.453  0.2943E-01  0.5229E-01  0.5229E-01  0.5229E-01  0.0000E+00  0.0000E+00  0.0000E+00  0.0000E+00  0.0000E+00
      1.541  0.2876E-01  0.5051E-01  0.5051E-01  0.5051E-01  0.0000E+00  0.0000E+00  0.0000E+00  0.0000E+00  0.0000E+00
      1.629  0.2850E-01  0.5314E-01  0.5314E-01  0.5314E-01  0.0000E+00  0.0000E+00  0.0000E+00  0.0000E+00  0.0000E+00
      1.718  0.2822E-01  0.5459E-01  0.5459E-01  0.5459E-01  0.0000E+00  0.0000E+00  0.0000E+00  0.0000E+00  0.0000E+00
      1.806  0.2791E-01  0.5859E-01  0.5859E-01  0.5859E-01  0.0000E+00  0.0000E+00  0.0000E+00  0.0000E+00  0.0000E+00
      1.894  0.2695E-01  0.5739E-01  0.5739E-01  0.5739E-01  0.0000E+00  0.0000E+00  0.0000E+00  0.0000E+00  0.0000E+00
      1.982  0.2605E-01  0.6004E-01  0.6004E-01  0.6004E-01  0.0000E+00  0.0000E+00  0.0000E+00  0.0000E+00  0.0000E+00
      2.070  0.2540E-01  0.6507E-01  0.6507E-01  0.6507E-01  0.0000E+00  0.0000E+00  0.0000E+00  0.0000E+00  0.0000E+00
      2.158  0.2481E-01  0.6907E-01  0.6907E-01  0.6907E-01  0.0000E+00  0.0000E+00  0.0000E+00  0.0000E+00  0.0000E+00
      2.247  0.2395E-01  0.7244E-01  0.7244E-01  0.7244E-01  0.0000E+00  0.0000E+00  0.0000E+00  0.0000E+00  0.0000E+00
      2.335  0.2318E-01  0.8961E-01  0.8961E-01  0.8961E-01  0.0000E+00  0.0000E+00  0.0000E+00  0.0000E+00  0.0000E+00
      2.423  0.2220E-01  0.9122E-01  0.9122E-01  0.9122E-01  0.0000E+00  0.0000E+00  0.0000E+00  0.0000E+00  0.0000E+00
      2.511  0.2113E-01  0.8911E-01  0.8911E-01  0.8911E-01  0.0000E+00  0.0000E+00  0.0000E+00  0.0000E+00  0.0000E+00
      2.599  0.2011E-01  0.8802E-01  0.8802E-01  0.8802E-01  0.0000E+00  0.0000E+00  0.0000E+00  0.0000E+00  0.0000E+00
      2.687  0.1928E-01  0.8738E-01  0.8738E-01  0.8738E-01  0.0000E+00  0.0000E+00  0.0000E+00  0.0000E+00  0.0000E+00
      2.776  0.1841E-01  0.8660E-01  0.8660E-01  0.8660E-01  0.0000E+00  0.0000E+00  0.0000E+00  0.0000E+00  0.0000E+00
      2.864  0.1752E-01  0.8539E-01  0.8539E-01  0.8539E-01  0.0000E+00  0.0000E+00  0.0000E+00  0.0000E+00  0.0000E+00
      2.952  0.1660E-01  0.8483E-01  0.8483E-01  0.8483E-01  0.0000E+00  0.0000E+00  0.0000E+00  0.0000E+00  0.0000E+00
      3.040  0.1559E-01  0.8401E-01  0.8401E-01  0.8401E-01  0.0000E+00  0.0000E+00  0.0000E+00  0.0000E+00  0.0000E+00
      3.128  0.1453E-01  0.8357E-01  0.8357E-01  0.8357E-01  0.0000E+00  0.0000E+00  0.0000E+00  0.0000E+00  0.0000E+00
      3.216  0.1373E-01  0.8252E-01  0.8252E-01  0.8252E-01  0.0000E+00  0.0000E+00  0.0000E+00  0.0000E+00  0.0000E+00
      3.305  0.1294E-01  0.8146E-01  0.8146E-01  0.8146E-01  0.0000E+00  0.0000E+00  0.0000E+00  0.0000E+00  0.0000E+00
      3.393  0.1209E-01  0.8129E-01  0.8129E-01  0.8129E-01  0.0000E+00  0.0000E+00  0.0000E+00  0.0000E+00  0.0000E+00
      3.481  0.1105E-01  0.8068E-01  0.8068E-01  0.8068E-01  0.0000E+00  0.0000E+00  0.0000E+00  0.0000E+00  0.0000E+00
      3.569  0.9954E-02  0.8018E-01  0.8018E-01  0.8018E-01  0.0000E+00  0.0000E+00  0.0000E+00  0.0000E+00  0.0000E+00
      3.657  0.8874E-02  0.7940E-01  0.7940E-01  0.7940E-01  0.0000E+00  0.0000E+00  0.0000E+00  0.0000E+00  0.0000E+00
      3.745  0.8101E-02  0.7940E-01  0.7940E-01  0.7940E-01  0.0000E+00  0.0000E+00  0.0000E+00  0.0000E+00  0.0000E+00
      3.834  0.7329E-02  0.7959E-01  0.7959E-01  0.7959E-01  0.0000E+00  0.0000E+00  0.0000E+00  0.0000E+00  0.0000E+00
      3.922  0.6457E-02  0.7851E-01  0.7851E-01  0.7851E-01  0.0000E+00  0.0000E+00  0.0000E+00  0.0000E+00  0.0000E+00
      4.010  0.5643E-02  0.6632E-01  0.6632E-01  0.6632E-01  0.0000E+00  0.0000E+00  0.0000E+00  0.0000E+00  0.0000E+00
      4.098  0.5087E-02  0.5275E-01  0.5275E-01  0.5275E-01  0.0000E+00  0.0000E+00  0.0000E+00  0.0000E+00  0.0000E+00
      4.186  0.4454E-02  0.4597E-01  0.4597E-01  0.4597E-01  0.0000E+00  0.0000E+00  0.0000E+00  0.0000E+00  0.0000E+00
      4.274  0.3872E-02  0.4045E-01  0.4045E-01  0.4045E-01  0.0000E+00  0.0000E+00  0.0000E+00  0.0000E+00  0.0000E+00
      4.363  0.3372E-02  0.3576E-01  0.3576E-01  0.3576E-01  0.0000E+00  0.0000E+00  0.0000E+00  0.0000E+00  0.0000E+00
      4.451  0.2877E-02  0.3208E-01  0.3208E-01  0.3208E-01  0.0000E+00  0.0000E+00  0.0000E+00  0.0000E+00  0.0000E+00
      4.539  0.2324E-02  0.2824E-01  0.2824E-01  0.2824E-01  0.0000E+00  0.0000E+00  0.0000E+00  0.0000E+00  0.0000E+00
      4.627  0.1857E-02  0.2470E-01  0.2470E-01  0.2470E-01  0.0000E+00  0.0000E+00  0.0000E+00  0.0000E+00  0.0000E+00
      4.715  0.1413E-02  0.2157E-01  0.2157E-01  0.2157E-01  0.0000E+00  0.0000E+00  0.0000E+00  0.0000E+00  0.0000E+00
      4.803  0.1120E-02  0.1846E-01  0.1846E-01  0.1846E-01  0.0000E+00  0.0000E+00  0.0000E+00  0.0000E+00  0.0000E+00
      4.892  0.7723E-03  0.1518E-01  0.1518E-01  0.1518E-01  0.0000E+00  0.0000E+00  0.0000E+00  0.0000E+00  0.0000E+00
      4.980  0.4661E-03  0.1282E-01  0.1282E-01  0.1282E-01  0.0000E+00  0.0000E+00  0.0000E+00  0.0000E+00  0.0000E+00
      5.068  0.2397E-03  0.8846E-02  0.8846E-02  0.8846E-02  0.0000E+00  0.0000E+00  0.0000E+00  0.0000E+00  0.0000E+00
      5.156  0.1765E-04  0.3686E-02  0.3686E-02  0.3686E-02  0.0000E+00  0.0000E+00  0.0000E+00  0.0000E+00  0.0000E+00
      5.244  0.0000E+00  0.0000E+00  0.0000E+00  0.0000E+00  0.0000E+00  0.0000E+00  0.0000E+00  0.0000E+00  0.0000E+00
      5.332  0.0000E+00  0.0000E+00  0.0000E+00  0.0000E+00  0.0000E+00  0.0000E+00  0.0000E+00  0.0000E+00  0.0000E+00
      5.421  0.0000E+00  0.0000E+00  0.0000E+00  0.0000E+00  0.0000E+00  0.0000E+00  0.0000E+00  0.0000E+00  0.0000E+00
      5.509  0.0000E+00  0.0000E+00  0.0000E+00  0.0000E+00  0.0000E+00  0.0000E+00  0.0000E+00  0.0000E+00  0.0000E+00
      5.597  0.0000E+00  0.0000E+00  0.0000E+00  0.0000E+00  0.0000E+00  0.0000E+00  0.0000E+00  0.0000E+00  0.0000E+00
      5.685  0.0000E+00  0.0000E+00  0.0000E+00  0.0000E+00  0.0000E+00  0.0000E+00  0.0000E+00  0.0000E+00  0.0000E+00
      5.773  0.0000E+00  0.0000E+00  0.0000E+00  0.0000E+00  0.0000E+00  0.0000E+00  0.0000E+00  0.0000E+00  0.0000E+00
      5.861  0.0000E+00  0.0000E+00  0.0000E+00  0.0000E+00  0.0000E+00  0.0000E+00  0.0000E+00  0.0000E+00  0.0000E+00
      5.950  0.0000E+00  0.0000E+00  0.0000E+00  0.0000E+00  0.0000E+00  0.0000E+00  0.0000E+00  0.0000E+00  0.0000E+00
      6.038  0.0000E+00  0.0000E+00  0.0000E+00  0.0000E+00  0.0000E+00  0.0000E+00  0.0000E+00  0.0000E+00  0.0000E+00
      6.126  0.3362E-02  0.1100E-02  0.1100E-02  0.1100E-02  0.0000E+00  0.0000E+00  0.0000E+00  0.0000E+00  0.0000E+00
      6.214  0.8001E-02  0.2704E-02  0.2704E-02  0.2704E-02  0.0000E+00  0.0000E+00  0.0000E+00  0.0000E+00  0.0000E+00
      6.302  0.1152E-01  0.4045E-02  0.4045E-02  0.4045E-02  0.0000E+00  0.0000E+00  0.0000E+00  0.0000E+00  0.0000E+00
      6.390  0.1525E-01  0.5511E-02  0.5511E-02  0.5511E-02  0.0000E+00  0.0000E+00  0.0000E+00  0.0000E+00  0.0000E+00
      6.479  0.1724E-01  0.6572E-02  0.6572E-02  0.6572E-02  0.0000E+00  0.0000E+00  0.0000E+00  0.0000E+00  0.0000E+00
      6.567  0.1950E-01  0.7748E-02  0.7748E-02  0.7748E-02  0.0000E+00  0.0000E+00  0.0000E+00  0.0000E+00  0.0000E+00
      6.655  0.2169E-01  0.8986E-02  0.8986E-02  0.8986E-02  0.0000E+00  0.0000E+00  0.0000E+00  0.0000E+00  0.0000E+00
      6.743  0.2407E-01  0.1035E-01  0.1035E-01  0.1035E-01  0.0000E+00  0.0000E+00  0.0000E+00  0.0000E+00  0.0000E+00
      6.831  0.2579E-01  0.1155E-01  0.1155E-01  0.1155E-01  0.0000E+00  0.0000E+00  0.0000E+00  0.0000E+00  0.0000E+00
      6.920  0.2995E-01  0.1294E-01  0.1294E-01  0.1294E-01  0.0000E+00  0.0000E+00  0.0000E+00  0.0000E+00  0.0000E+00
      7.008  0.4201E-01  0.1487E-01  0.1487E-01  0.1487E-01  0.0000E+00  0.0000E+00  0.0000E+00  0.0000E+00  0.0000E+00
      7.096  0.4841E-01  0.1688E-01  0.1688E-01  0.1688E-01  0.0000E+00  0.0000E+00  0.0000E+00  0.0000E+00  0.0000E+00
      7.184  0.5534E-01  0.1906E-01  0.1906E-01  0.1906E-01  0.0000E+00  0.0000E+00  0.0000E+00  0.0000E+00  0.0000E+00
      7.272  0.6281E-01  0.2149E-01  0.2149E-01  0.2149E-01  0.0000E+00  0.0000E+00  0.0000E+00  0.0000E+00  0.0000E+00
      7.360  0.7100E-01  0.2455E-01  0.2455E-01  0.2455E-01  0.0000E+00  0.0000E+00  0.0000E+00  0.0000E+00  0.0000E+00
      7.449  0.8081E-01  0.2800E-01  0.2800E-01  0.2800E-01  0.0000E+00  0.0000E+00  0.0000E+00  0.0000E+00  0.0000E+00
      7.537  0.9610E-01  0.3301E-01  0.3301E-01  0.3301E-01  0.0000E+00  0.0000E+00  0.0000E+00  0.0000E+00  0.0000E+00
      7.625  0.1222E+00  0.4095E-01  0.4095E-01  0.4095E-01  0.0000E+00  0.0000E+00  0.0000E+00  0.0000E+00  0.0000E+00
      7.713  0.1168E+00  0.4265E-01  0.4265E-01  0.4265E-01  0.0000E+00  0.0000E+00  0.0000E+00  0.0000E+00  0.0000E+00
      7.801  0.1112E+00  0.4392E-01  0.4392E-01  0.4392E-01  0.0000E+00  0.0000E+00  0.0000E+00  0.0000E+00  0.0000E+00
      7.889  0.9970E-01  0.4275E-01  0.4275E-01  0.4275E-01  0.0000E+00  0.0000E+00  0.0000E+00  0.0000E+00  0.0000E+00
      7.978  0.8727E-01  0.3944E-01  0.3944E-01  0.3944E-01  0.0000E+00  0.0000E+00  0.0000E+00  0.0000E+00  0.0000E+00
      8.066  0.7288E-01  0.3464E-01  0.3464E-01  0.3464E-01  0.0000E+00  0.0000E+00  0.0000E+00  0.0000E+00  0.0000E+00
      8.154  0.6696E-01  0.3435E-01  0.3435E-01  0.3435E-01  0.0000E+00  0.0000E+00  0.0000E+00  0.0000E+00  0.0000E+00
      8.242  0.6264E-01  0.3375E-01  0.3375E-01  0.3375E-01  0.0000E+00  0.0000E+00  0.0000E+00  0.0000E+00  0.0000E+00
      8.330  0.6413E-01  0.3717E-01  0.3717E-01  0.3717E-01  0.0000E+00  0.0000E+00  0.0000E+00  0.0000E+00  0.0000E+00
      8.418  0.4368E-01  0.3072E-01  0.3072E-01  0.3072E-01  0.0000E+00  0.0000E+00  0.0000E+00  0.0000E+00  0.0000E+00
      8.507  0.3853E-01  0.3077E-01  0.3077E-01  0.3077E-01  0.0000E+00  0.0000E+00  0.0000E+00  0.0000E+00  0.0000E+00
      8.595  0.3731E-01  0.3194E-01  0.3194E-01  0.3194E-01  0.0000E+00  0.0000E+00  0.0000E+00  0.0000E+00  0.0000E+00
      8.683  0.4129E-01  0.4173E-01  0.4173E-01  0.4173E-01  0.0000E+00  0.0000E+00  0.0000E+00  0.0000E+00  0.0000E+00
      8.771  0.6008E-01  0.9638E-01  0.9638E-01  0.9638E-01  0.0000E+00  0.0000E+00  0.0000E+00  0.0000E+00  0.0000E+00
      8.859  0.5691E-01  0.7262E-01  0.7262E-01  0.7262E-01  0.0000E+00  0.0000E+00  0.0000E+00  0.0000E+00  0.0000E+00
      8.947  0.5481E-01  0.5735E-01  0.5735E-01  0.5735E-01  0.0000E+00  0.0000E+00  0.0000E+00  0.0000E+00  0.0000E+00
      9.036  0.5574E-01  0.5766E-01  0.5766E-01  0.5766E-01  0.0000E+00  0.0000E+00  0.0000E+00  0.0000E+00  0.0000E+00
      9.124  0.5959E-01  0.5823E-01  0.5823E-01  0.5823E-01  0.0000E+00  0.0000E+00  0.0000E+00  0.0000E+00  0.0000E+00
      9.212  0.8926E-01  0.7012E-01  0.7012E-01  0.7012E-01  0.0000E+00  0.0000E+00  0.0000E+00  0.0000E+00  0.0000E+00
      9.300  0.5087E-01  0.5273E-01  0.5273E-01  0.5273E-01  0.0000E+00  0.0000E+00  0.0000E+00  0.0000E+00  0.0000E+00
      9.388  0.3816E-01  0.4531E-01  0.4531E-01  0.4531E-01  0.0000E+00  0.0000E+00  0.0000E+00  0.0000E+00  0.0000E+00
      9.476  0.3427E-01  0.4291E-01  0.4291E-01  0.4291E-01  0.0000E+00  0.0000E+00  0.0000E+00  0.0000E+00  0.0000E+00
      9.565  0.3137E-01  0.4069E-01  0.4069E-01  0.4069E-01  0.0000E+00  0.0000E+00  0.0000E+00  0.0000E+00  0.0000E+00
      9.653  0.2970E-01  0.3933E-01  0.3933E-01  0.3933E-01  0.0000E+00  0.0000E+00  0.0000E+00  0.0000E+00  0.0000E+00
      9.741  0.2920E-01  0.3925E-01  0.3925E-01  0.3925E-01  0.0000E+00  0.0000E+00  0.0000E+00  0.0000E+00  0.0000E+00
      9.829  0.3121E-01  0.3996E-01  0.3996E-01  0.3996E-01  0.0000E+00  0.0000E+00  0.0000E+00  0.0000E+00  0.0000E+00
      9.917  0.3275E-01  0.4205E-01  0.4205E-01  0.4205E-01  0.0000E+00  0.0000E+00  0.0000E+00  0.0000E+00  0.0000E+00
     10.005  0.3652E-01  0.4715E-01  0.4715E-01  0.4715E-01  0.0000E+00  0.0000E+00  0.0000E+00  0.0000E+00  0.0000E+00
     10.094  0.3908E-01  0.4940E-01  0.4940E-01  0.4940E-01  0.0000E+00  0.0000E+00  0.0000E+00  0.0000E+00  0.0000E+00
     10.182  0.3785E-01  0.4242E-01  0.4242E-01  0.4242E-01  0.0000E+00  0.0000E+00  0.0000E+00  0.0000E+00  0.0000E+00
     10.270  0.3901E-01  0.4360E-01  0.4360E-01  0.4360E-01  0.0000E+00  0.0000E+00  0.0000E+00  0.0000E+00  0.0000E+00
     10.358  0.3957E-01  0.4341E-01  0.4341E-01  0.4341E-01  0.0000E+00  0.0000E+00  0.0000E+00  0.0000E+00  0.0000E+00
     10.446  0.3876E-01  0.4263E-01  0.4263E-01  0.4263E-01  0.0000E+00  0.0000E+00  0.0000E+00  0.0000E+00  0.0000E+00
     10.534  0.3859E-01  0.4115E-01  0.4115E-01  0.4115E-01  0.0000E+00  0.0000E+00  0.0000E+00  0.0000E+00  0.0000E+00
     10.623  0.4244E-01  0.4556E-01  0.4556E-01  0.4556E-01  0.0000E+00  0.0000E+00  0.0000E+00  0.0000E+00  0.0000E+00
     10.711  0.3691E-01  0.4222E-01  0.4222E-01  0.4222E-01  0.0000E+00  0.0000E+00  0.0000E+00  0.0000E+00  0.0000E+00
     10.799  0.3586E-01  0.4059E-01  0.4059E-01  0.4059E-01  0.0000E+00  0.0000E+00  0.0000E+00  0.0000E+00  0.0000E+00
     10.887  0.3823E-01  0.4227E-01  0.4227E-01  0.4227E-01  0.0000E+00  0.0000E+00  0.0000E+00  0.0000E+00  0.0000E+00
     10.975  0.3764E-01  0.4273E-01  0.4273E-01  0.4273E-01  0.0000E+00  0.0000E+00  0.0000E+00  0.0000E+00  0.0000E+00
     11.063  0.3392E-01  0.4117E-01  0.4117E-01  0.4117E-01  0.0000E+00  0.0000E+00  0.0000E+00  0.0000E+00  0.0000E+00
     11.152  0.3212E-01  0.3936E-01  0.3936E-01  0.3936E-01  0.0000E+00  0.0000E+00  0.0000E+00  0.0000E+00  0.0000E+00
     11.240  0.3157E-01  0.3999E-01  0.3999E-01  0.3999E-01  0.0000E+00  0.0000E+00  0.0000E+00  0.0000E+00  0.0000E+00
     11.328  0.3078E-01  0.3956E-01  0.3956E-01  0.3956E-01  0.0000E+00  0.0000E+00  0.0000E+00  0.0000E+00  0.0000E+00
     11.416  0.2927E-01  0.3880E-01  0.3880E-01  0.3880E-01  0.0000E+00  0.0000E+00  0.0000E+00  0.0000E+00  0.0000E+00
     11.504  0.2710E-01  0.3788E-01  0.3788E-01  0.3788E-01  0.0000E+00  0.0000E+00  0.0000E+00  0.0000E+00  0.0000E+00
     11.593  0.2593E-01  0.3705E-01  0.3705E-01  0.3705E-01  0.0000E+00  0.0000E+00  0.0000E+00  0.0000E+00  0.0000E+00
     11.681  0.2528E-01  0.3739E-01  0.3739E-01  0.3739E-01  0.0000E+00  0.0000E+00  0.0000E+00  0.0000E+00  0.0000E+00
     11.769  0.2282E-01  0.3526E-01  0.3526E-01  0.3526E-01  0.0000E+00  0.0000E+00  0.0000E+00  0.0000E+00  0.0000E+00
     11.857  0.2064E-01  0.3366E-01  0.3366E-01  0.3366E-01  0.0000E+00  0.0000E+00  0.0000E+00  0.0000E+00  0.0000E+00
     11.945  0.1990E-01  0.3359E-01  0.3359E-01  0.3359E-01  0.0000E+00  0.0000E+00  0.0000E+00  0.0000E+00  0.0000E+00
     12.033  0.1941E-01  0.3318E-01  0.3318E-01  0.3318E-01  0.0000E+00  0.0000E+00  0.0000E+00  0.0000E+00  0.0000E+00
     12.122  0.2168E-01  0.3733E-01  0.3733E-01  0.3733E-01  0.0000E+00  0.0000E+00  0.0000E+00  0.0000E+00  0.0000E+00
     12.210  0.2329E-01  0.3994E-01  0.3994E-01  0.3994E-01  0.0000E+00  0.0000E+00  0.0000E+00  0.0000E+00  0.0000E+00
     12.298  0.2097E-01  0.3704E-01  0.3704E-01  0.3704E-01  0.0000E+00  0.0000E+00  0.0000E+00  0.0000E+00  0.0000E+00
     12.386  0.1866E-01  0.3432E-01  0.3432E-01  0.3432E-01  0.0000E+00  0.0000E+00  0.0000E+00  0.0000E+00  0.0000E+00
     12.474  0.1553E-01  0.3061E-01  0.3061E-01  0.3061E-01  0.0000E+00  0.0000E+00  0.0000E+00  0.0000E+00  0.0000E+00
     12.562  0.1440E-01  0.2954E-01  0.2954E-01  0.2954E-01  0.0000E+00  0.0000E+00  0.0000E+00  0.0000E+00  0.0000E+00
     12.651  0.1303E-01  0.2791E-01  0.2791E-01  0.2791E-01  0.0000E+00  0.0000E+00  0.0000E+00  0.0000E+00  0.0000E+00
     12.739  0.1149E-01  0.2601E-01  0.2601E-01  0.2601E-01  0.0000E+00  0.0000E+00  0.0000E+00  0.0000E+00  0.0000E+00
     12.827  0.1069E-01  0.2538E-01  0.2538E-01  0.2538E-01  0.0000E+00  0.0000E+00  0.0000E+00  0.0000E+00  0.0000E+00
     12.915  0.1007E-01  0.2459E-01  0.2459E-01  0.2459E-01  0.0000E+00  0.0000E+00  0.0000E+00  0.0000E+00  0.0000E+00
     13.003  0.9567E-02  0.2397E-01  0.2397E-01  0.2397E-01  0.0000E+00  0.0000E+00  0.0000E+00  0.0000E+00  0.0000E+00
     13.091  0.8616E-02  0.2270E-01  0.2270E-01  0.2270E-01  0.0000E+00  0.0000E+00  0.0000E+00  0.0000E+00  0.0000E+00
     13.180  0.7809E-02  0.2180E-01  0.2180E-01  0.2180E-01  0.0000E+00  0.0000E+00  0.0000E+00  0.0000E+00  0.0000E+00
     13.268  0.7270E-02  0.2144E-01  0.2144E-01  0.2144E-01  0.0000E+00  0.0000E+00  0.0000E+00  0.0000E+00  0.0000E+00
     13.356  0.6619E-02  0.2155E-01  0.2155E-01  0.2155E-01  0.0000E+00  0.0000E+00  0.0000E+00  0.0000E+00  0.0000E+00
     13.444  0.6099E-02  0.2164E-01  0.2164E-01  0.2164E-01  0.0000E+00  0.0000E+00  0.0000E+00  0.0000E+00  0.0000E+00
     13.532  0.5633E-02  0.2425E-01  0.2425E-01  0.2425E-01  0.0000E+00  0.0000E+00  0.0000E+00  0.0000E+00  0.0000E+00
     13.620  0.4234E-02  0.1928E-01  0.1928E-01  0.1928E-01  0.0000E+00  0.0000E+00  0.0000E+00  0.0000E+00  0.0000E+00
     13.709  0.3564E-02  0.1576E-01  0.1576E-01  0.1576E-01  0.0000E+00  0.0000E+00  0.0000E+00  0.0000E+00  0.0000E+00
     13.797  0.2980E-02  0.1140E-01  0.1140E-01  0.1140E-01  0.0000E+00  0.0000E+00  0.0000E+00  0.0000E+00  0.0000E+00
     13.885  0.2781E-02  0.1076E-01  0.1076E-01  0.1076E-01  0.0000E+00  0.0000E+00  0.0000E+00  0.0000E+00  0.0000E+00
     13.973  0.2632E-02  0.1032E-01  0.1032E-01  0.1032E-01  0.0000E+00  0.0000E+00  0.0000E+00  0.0000E+00  0.0000E+00
     14.061  0.2426E-02  0.9917E-02  0.9917E-02  0.9917E-02  0.0000E+00  0.0000E+00  0.0000E+00  0.0000E+00  0.0000E+00
     14.149  0.2185E-02  0.9326E-02  0.9326E-02  0.9326E-02  0.0000E+00  0.0000E+00  0.0000E+00  0.0000E+00  0.0000E+00
     14.238  0.1941E-02  0.8880E-02  0.8880E-02  0.8880E-02  0.0000E+00  0.0000E+00  0.0000E+00  0.0000E+00  0.0000E+00
     14.326  0.1559E-02  0.8650E-02  0.8650E-02  0.8650E-02  0.0000E+00  0.0000E+00  0.0000E+00  0.0000E+00  0.0000E+00
     14.414  0.1323E-02  0.7518E-02  0.7518E-02  0.7518E-02  0.0000E+00  0.0000E+00  0.0000E+00  0.0000E+00  0.0000E+00
     14.502  0.1127E-02  0.6596E-02  0.6596E-02  0.6596E-02  0.0000E+00  0.0000E+00  0.0000E+00  0.0000E+00  0.0000E+00
     14.590  0.9728E-03  0.5907E-02  0.5907E-02  0.5907E-02  0.0000E+00  0.0000E+00  0.0000E+00  0.0000E+00  0.0000E+00
     14.678  0.8464E-03  0.5371E-02  0.5371E-02  0.5371E-02  0.0000E+00  0.0000E+00  0.0000E+00  0.0000E+00  0.0000E+00
     14.767  0.7527E-03  0.5126E-02  0.5126E-02  0.5126E-02  0.0000E+00  0.0000E+00  0.0000E+00  0.0000E+00  0.0000E+00
     14.855  0.6784E-03  0.4984E-02  0.4984E-02  0.4984E-02  0.0000E+00  0.0000E+00  0.0000E+00  0.0000E+00  0.0000E+00
     14.943  0.5783E-03  0.4618E-02  0.4618E-02  0.4618E-02  0.0000E+00  0.0000E+00  0.0000E+00  0.0000E+00  0.0000E+00
     15.031  0.4253E-03  0.4323E-02  0.4323E-02  0.4323E-02  0.0000E+00  0.0000E+00  0.0000E+00  0.0000E+00  0.0000E+00
     15.119  0.2260E-03  0.3079E-02  0.3079E-02  0.3079E-02  0.0000E+00  0.0000E+00  0.0000E+00  0.0000E+00  0.0000E+00
     15.207  0.1631E-03  0.2342E-02  0.2342E-02  0.2342E-02  0.0000E+00  0.0000E+00  0.0000E+00  0.0000E+00  0.0000E+00
     15.296  0.1082E-03  0.1735E-02  0.1735E-02  0.1735E-02  0.0000E+00  0.0000E+00  0.0000E+00  0.0000E+00  0.0000E+00
     15.384  0.6187E-04  0.1322E-02  0.1322E-02  0.1322E-02  0.0000E+00  0.0000E+00  0.0000E+00  0.0000E+00  0.0000E+00
     15.472  0.3499E-04  0.1397E-02  0.1397E-02  0.1397E-02  0.0000E+00  0.0000E+00  0.0000E+00  0.0000E+00  0.0000E+00
     15.560  0.0000E+00  0.0000E+00  0.0000E+00  0.0000E+00  0.0000E+00  0.0000E+00  0.0000E+00  0.0000E+00  0.0000E+00
     15.648  0.0000E+00  0.0000E+00  0.0000E+00  0.0000E+00  0.0000E+00  0.0000E+00  0.0000E+00  0.0000E+00  0.0000E+00
     15.736  0.0000E+00  0.0000E+00  0.0000E+00  0.0000E+00  0.0000E+00  0.0000E+00  0.0000E+00  0.0000E+00  0.0000E+00
     15.825  0.0000E+00  0.0000E+00  0.0000E+00  0.0000E+00  0.0000E+00  0.0000E+00  0.0000E+00  0.0000E+00  0.0000E+00
     15.913  0.0000E+00  0.0000E+00  0.0000E+00  0.0000E+00  0.0000E+00  0.0000E+00  0.0000E+00  0.0000E+00  0.0000E+00
     16.001  0.0000E+00  0.0000E+00  0.0000E+00  0.0000E+00  0.0000E+00  0.0000E+00  0.0000E+00  0.0000E+00  0.0000E+00
     16.089  0.0000E+00  0.0000E+00  0.0000E+00  0.0000E+00  0.0000E+00  0.0000E+00  0.0000E+00  0.0000E+00  0.0000E+00
     16.177  0.0000E+00  0.0000E+00  0.0000E+00  0.0000E+00  0.0000E+00  0.0000E+00  0.0000E+00  0.0000E+00  0.0000E+00
     16.265  0.0000E+00  0.0000E+00  0.0000E+00  0.0000E+00  0.0000E+00  0.0000E+00  0.0000E+00  0.0000E+00  0.0000E+00
     16.354  0.0000E+00  0.0000E+00  0.0000E+00  0.0000E+00  0.0000E+00  0.0000E+00  0.0000E+00  0.0000E+00  0.0000E+00
     16.442  0.0000E+00  0.0000E+00  0.0000E+00  0.0000E+00  0.0000E+00  0.0000E+00  0.0000E+00  0.0000E+00  0.0000E+00
     16.530  0.0000E+00  0.0000E+00  0.0000E+00  0.0000E+00  0.0000E+00  0.0000E+00  0.0000E+00  0.0000E+00  0.0000E+00
     16.618  0.0000E+00  0.0000E+00  0.0000E+00  0.0000E+00  0.0000E+00  0.0000E+00  0.0000E+00  0.0000E+00  0.0000E+00
     16.706  0.0000E+00  0.0000E+00  0.0000E+00  0.0000E+00  0.0000E+00  0.0000E+00  0.0000E+00  0.0000E+00  0.0000E+00
     16.795  0.0000E+00  0.0000E+00  0.0000E+00  0.0000E+00  0.0000E+00  0.0000E+00  0.0000E+00  0.0000E+00  0.0000E+00
     16.883  0.0000E+00  0.0000E+00  0.0000E+00  0.0000E+00  0.0000E+00  0.0000E+00  0.0000E+00  0.0000E+00  0.0000E+00
     16.971  0.0000E+00  0.0000E+00  0.0000E+00  0.0000E+00  0.0000E+00  0.0000E+00  0.0000E+00  0.0000E+00  0.0000E+00
     17.059  0.0000E+00  0.0000E+00  0.0000E+00  0.0000E+00  0.0000E+00  0.0000E+00  0.0000E+00  0.0000E+00  0.0000E+00
     17.147  0.0000E+00  0.0000E+00  0.0000E+00  0.0000E+00  0.0000E+00  0.0000E+00  0.0000E+00  0.0000E+00  0.0000E+00
     17.235  0.0000E+00  0.0000E+00  0.0000E+00  0.0000E+00  0.0000E+00  0.0000E+00  0.0000E+00  0.0000E+00  0.0000E+00
     17.324  0.0000E+00  0.0000E+00  0.0000E+00  0.0000E+00  0.0000E+00  0.0000E+00  0.0000E+00  0.0000E+00  0.0000E+00
     17.412  0.0000E+00  0.0000E+00  0.0000E+00  0.0000E+00  0.0000E+00  0.0000E+00  0.0000E+00  0.0000E+00  0.0000E+00
     17.500  0.0000E+00  0.0000E+00  0.0000E+00  0.0000E+00  0.0000E+00  0.0000E+00  0.0000E+00  0.0000E+00  0.0000E+00
     17.49986188     -8.95100933  301      5.19697565      1.00000000
     -8.951  0.0000E+00  0.0000E+00  0.0000E+00  0.0000E+00  0.0000E+00  0.0000E+00  0.0000E+00  0.0000E+00  0.0000E+00
     -8.863  0.0000E+00  0.0000E+00  0.0000E+00  0.0000E+00  0.0000E+00  0.0000E+00  0.0000E+00  0.0000E+00  0.0000E+00
     -8.775  0.0000E+00  0.0000E+00  0.0000E+00  0.0000E+00  0.0000E+00  0.0000E+00  0.0000E+00  0.0000E+00  0.0000E+00
     -8.687  0.0000E+00  0.0000E+00  0.0000E+00  0.0000E+00  0.0000E+00  0.0000E+00  0.0000E+00  0.0000E+00  0.0000E+00
     -8.598  0.0000E+00  0.0000E+00  0.0000E+00  0.0000E+00  0.0000E+00  0.0000E+00  0.0000E+00  0.0000E+00  0.0000E+00
     -8.510  0.0000E+00  0.0000E+00  0.0000E+00  0.0000E+00  0.0000E+00  0.0000E+00  0.0000E+00  0.0000E+00  0.0000E+00
     -8.422  0.0000E+00  0.0000E+00  0.0000E+00  0.0000E+00  0.0000E+00  0.0000E+00  0.0000E+00  0.0000E+00  0.0000E+00
     -8.334  0.0000E+00  0.0000E+00  0.0000E+00  0.0000E+00  0.0000E+00  0.0000E+00  0.0000E+00  0.0000E+00  0.0000E+00
     -8.246  0.0000E+00  0.0000E+00  0.0000E+00  0.0000E+00  0.0000E+00  0.0000E+00  0.0000E+00  0.0000E+00  0.0000E+00
     -8.157  0.0000E+00  0.0000E+00  0.0000E+00  0.0000E+00  0.0000E+00  0.0000E+00  0.0000E+00  0.0000E+00  0.0000E+00
     -8.069  0.0000E+00  0.0000E+00  0.0000E+00  0.0000E+00  0.0000E+00  0.0000E+00  0.0000E+00  0.0000E+00  0.0000E+00
     -7.981  0.0000E+00  0.0000E+00  0.0000E+00  0.0000E+00  0.0000E+00  0.0000E+00  0.0000E+00  0.0000E+00  0.0000E+00
     -7.893  0.0000E+00  0.0000E+00  0.0000E+00  0.0000E+00  0.0000E+00  0.0000E+00  0.0000E+00  0.0000E+00  0.0000E+00
     -7.805  0.0000E+00  0.0000E+00  0.0000E+00  0.0000E+00  0.0000E+00  0.0000E+00  0.0000E+00  0.0000E+00  0.0000E+00
     -7.717  0.0000E+00  0.0000E+00  0.0000E+00  0.0000E+00  0.0000E+00  0.0000E+00  0.0000E+00  0.0000E+00  0.0000E+00
     -7.628  0.0000E+00  0.0000E+00  0.0000E+00  0.0000E+00  0.0000E+00  0.0000E+00  0.0000E+00  0.0000E+00  0.0000E+00
     -7.540  0.0000E+00  0.0000E+00  0.0000E+00  0.0000E+00  0.0000E+00  0.0000E+00  0.0000E+00  0.0000E+00  0.0000E+00
     -7.452  0.0000E+00  0.0000E+00  0.0000E+00  0.0000E+00  0.0000E+00  0.0000E+00  0.0000E+00  0.0000E+00  0.0000E+00
     -7.364  0.0000E+00  0.0000E+00  0.0000E+00  0.0000E+00  0.0000E+00  0.0000E+00  0.0000E+00  0.0000E+00  0.0000E+00
     -7.276  0.0000E+00  0.0000E+00  0.0000E+00  0.0000E+00  0.0000E+00  0.0000E+00  0.0000E+00  0.0000E+00  0.0000E+00
     -7.188  0.0000E+00  0.0000E+00  0.0000E+00  0.0000E+00  0.0000E+00  0.0000E+00  0.0000E+00  0.0000E+00  0.0000E+00
     -7.099  0.0000E+00  0.0000E+00  0.0000E+00  0.0000E+00  0.0000E+00  0.0000E+00  0.0000E+00  0.0000E+00  0.0000E+00
     -7.011  0.0000E+00  0.0000E+00  0.0000E+00  0.0000E+00  0.0000E+00  0.0000E+00  0.0000E+00  0.0000E+00  0.0000E+00
     -6.923  0.9899E-02  0.5725E-05  0.5725E-05  0.5725E-05  0.0000E+00  0.0000E+00  0.0000E+00  0.0000E+00  0.0000E+00
     -6.835  0.2633E-01  0.4878E-04  0.4878E-04  0.4878E-04  0.0000E+00  0.0000E+00  0.0000E+00  0.0000E+00  0.0000E+00
     -6.747  0.3210E-01  0.1084E-03  0.1084E-03  0.1084E-03  0.0000E+00  0.0000E+00  0.0000E+00  0.0000E+00  0.0000E+00
     -6.659  0.3859E-01  0.1870E-03  0.1870E-03  0.1870E-03  0.0000E+00  0.0000E+00  0.0000E+00  0.0000E+00  0.0000E+00
     -6.570  0.4463E-01  0.2763E-03  0.2763E-03  0.2763E-03  0.0000E+00  0.0000E+00  0.0000E+00  0.0000E+00  0.0000E+00
     -6.482  0.4970E-01  0.3782E-03  0.3782E-03  0.3782E-03  0.0000E+00  0.0000E+00  0.0000E+00  0.0000E+00  0.0000E+00
     -6.394  0.5448E-01  0.4910E-03  0.4910E-03  0.4910E-03  0.0000E+00  0.0000E+00  0.0000E+00  0.0000E+00  0.0000E+00
     -6.306  0.5905E-01  0.6113E-03  0.6113E-03  0.6113E-03  0.0000E+00  0.0000E+00  0.0000E+00  0.0000E+00  0.0000E+00
     -6.218  0.6329E-01  0.7432E-03  0.7432E-03  0.7432E-03  0.0000E+00  0.0000E+00  0.0000E+00  0.0000E+00  0.0000E+00
     -6.130  0.6740E-01  0.8823E-03  0.8823E-03  0.8823E-03  0.0000E+00  0.0000E+00  0.0000E+00  0.0000E+00  0.0000E+00
     -6.041  0.7157E-01  0.1028E-02  0.1028E-02  0.1028E-02  0.0000E+00  0.0000E+00  0.0000E+00  0.0000E+00  0.0000E+00
     -5.953  0.7537E-01  0.1186E-02  0.1186E-02  0.1186E-02  0.0000E+00  0.0000E+00  0.0000E+00  0.0000E+00  0.0000E+00
     -5.865  0.7946E-01  0.1346E-02  0.1346E-02  0.1346E-02  0.0000E+00  0.0000E+00  0.0000E+00  0.0000E+00  0.0000E+00
     -5.777  0.8327E-01  0.1521E-02  0.1521E-02  0.1521E-02  0.0000E+00  0.0000E+00  0.0000E+00  0.0000E+00  0.0000E+00
     -5.689  0.8718E-01  0.1701E-02  0.1701E-02  0.1701E-02  0.0000E+00  0.0000E+00  0.0000E+00  0.0000E+00  0.0000E+00
     -5.601  0.9137E-01  0.1883E-02  0.1883E-02  0.1883E-02  0.0000E+00  0.0000E+00  0.0000E+00  0.0000E+00  0.0000E+00
     -5.512  0.9532E-01  0.2086E-02  0.2086E-02  0.2086E-02  0.0000E+00  0.0000E+00  0.0000E+00  0.0000E+00  0.0000E+00
     -5.424  0.9958E-01  0.2293E-02  0.2293E-02  0.2293E-02  0.0000E+00  0.0000E+00  0.0000E+00  0.0000E+00  0.0000E+00
     -5.336  0.1042E+00  0.2503E-02  0.2503E-02  0.2503E-02  0.0000E+00  0.0000E+00  0.0000E+00  0.0000E+00  0.0000E+00
     -5.248  0.1088E+00  0.2738E-02  0.2738E-02  0.2738E-02  0.0000E+00  0.0000E+00  0.0000E+00  0.0000E+00  0.0000E+00
     -5.160  0.1139E+00  0.2982E-02  0.2982E-02  0.2982E-02  0.0000E+00  0.0000E+00  0.0000E+00  0.0000E+00  0.0000E+00
     -5.072  0.1197E+00  0.3234E-02  0.3234E-02  0.3234E-02  0.0000E+00  0.0000E+00  0.0000E+00  0.0000E+00  0.0000E+00
     -4.983  0.1260E+00  0.3520E-02  0.3520E-02  0.3520E-02  0.0000E+00  0.0000E+00  0.0000E+00  0.0000E+00  0.0000E+00
     -4.895  0.1336E+00  0.3836E-02  0.3836E-02  0.3836E-02  0.0000E+00  0.0000E+00  0.0000E+00  0.0000E+00  0.0000E+00
     -4.807  0.1433E+00  0.4192E-02  0.4192E-02  0.4192E-02  0.0000E+00  0.0000E+00  0.0000E+00  0.0000E+00  0.0000E+00
     -4.719  0.1572E+00  0.4647E-02  0.4647E-02  0.4647E-02  0.0000E+00  0.0000E+00  0.0000E+00  0.0000E+00  0.0000E+00
     -4.631  0.1882E+00  0.5485E-02  0.5485E-02  0.5485E-02  0.0000E+00  0.0000E+00  0.0000E+00  0.0000E+00  0.0000E+00
     -4.543  0.1919E+00  0.5784E-02  0.5784E-02  0.5784E-02  0.0000E+00  0.0000E+00  0.0000E+00  0.0000E+00  0.0000E+00
     -4.454  0.1796E+00  0.5718E-02  0.5718E-02  0.5718E-02  0.0000E+00  0.0000E+00  0.0000E+00  0.0000E+00  0.0000E+00
     -4.366  0.1724E+00  0.5784E-02  0.5784E-02  0.5784E-02  0.0000E+00  0.0000E+00  0.0000E+00  0.0000E+00  0.0000E+00
     -4.278  0.1653E+00  0.5796E-02  0.5796E-02  0.5796E-02  0.0000E+00  0.0000E+00  0.0000E+00  0.0000E+00  0.0000E+00
     -4.190  0.1597E+00  0.5831E-02  0.5831E-02  0.5831E-02  0.0000E+00  0.0000E+00  0.0000E+00  0.0000E+00  0.0000E+00
     -4.102  0.1524E+00  0.5827E-02  0.5827E-02  0.5827E-02  0.0000E+00  0.0000E+00  0.0000E+00  0.0000E+00  0.0000E+00
     -4.014  0.1465E+00  0.5817E-02  0.5817E-02  0.5817E-02  0.0000E+00  0.0000E+00  0.0000E+00  0.0000E+00  0.0000E+00
     -3.925  0.1391E+00  0.5756E-02  0.5756E-02  0.5756E-02  0.0000E+00  0.0000E+00  0.0000E+00  0.0000E+00  0.0000E+00
     -3.837  0.1335E+00  0.5729E-02  0.5729E-02  0.5729E-02  0.0000E+00  0.0000E+00  0.0000E+00  0.0000E+00  0.0000E+00
     -3.749  0.1261E+00  0.5629E-02  0.5629E-02  0.5629E-02  0.0000E+00  0.0000E+00  0.0000E+00  0.0000E+00  0.0000E+00
     -3.661  0.1196E+00  0.5531E-02  0.5531E-02  0.5531E-02  0.0000E+00  0.0000E+00  0.0000E+00  0.0000E+00  0.0000E+00
     -3.573  0.1131E+00  0.5418E-02  0.5418E-02  0.5418E-02  0.0000E+00  0.0000E+00  0.0000E+00  0.0000E+00  0.0000E+00
     -3.484  0.1054E+00  0.5248E-02  0.5248E-02  0.5248E-02  0.0000E+00  0.0000E+00  0.0000E+00  0.0000E+00  0.0000E+00
     -3.396  0.9860E-01  0.5073E-02  0.5073E-02  0.5073E-02  0.0000E+00  0.0000E+00  0.0000E+00  0.0000E+00  0.0000E+00
     -3.308  0.9093E-01  0.4855E-02  0.4855E-02  0.4855E-02  0.0000E+00  0.0000E+00  0.0000E+00  0.0000E+00  0.0000E+00
     -3.220  0.8318E-01  0.4613E-02  0.4613E-02  0.4613E-02  0.0000E+00  0.0000E+00  0.0000E+00  0.0000E+00  0.0000E+00
     -3.132  0.7555E-01  0.4342E-02  0.4342E-02  0.4342E-02  0.0000E+00  0.0000E+00  0.0000E+00  0.0000E+00  0.0000E+00
     -3.044  0.6796E-01  0.4090E-02  0.4090E-02  0.4090E-02  0.0000E+00  0.0000E+00  0.0000E+00  0.0000E+00  0.0000E+00
     -2.955  0.5581E-01  0.3513E-02  0.3513E-02  0.3513E-02  0.0000E+00  0.0000E+00  0.0000E+00  0.0000E+00  0.0000E+00
     -2.867  0.3395E-01  0.2167E-02  0.2167E-02  0.2167E-02  0.0000E+00  0.0000E+00  0.0000E+00  0.0000E+00  0.0000E+00
     -2.779  0.2079E-02  0.1281E-03  0.1281E-03  0.1281E-03  0.0000E+00  0.0000E+00  0.0000E+00  0.0000E+00  0.0000E+00
     -2.691  0.3347E-02  0.2633E-03  0.2633E-03  0.2633E-03  0.0000E+00  0.0000E+00  0.0000E+00  0.0000E+00  0.0000E+00
     -2.603  0.1393E-01  0.1098E-02  0.1098E-02  0.1098E-02  0.0000E+00  0.0000E+00  0.0000E+00  0.0000E+00  0.0000E+00
     -2.515  0.3228E-01  0.2546E-02  0.2546E-02  0.2546E-02  0.0000E+00  0.0000E+00  0.0000E+00  0.0000E+00  0.0000E+00
     -2.426  0.5235E-01  0.4168E-02  0.4168E-02  0.4168E-02  0.0000E+00  0.0000E+00  0.0000E+00  0.0000E+00  0.0000E+00
     -2.338  0.5825E-01  0.4789E-02  0.4789E-02  0.4789E-02  0.0000E+00  0.0000E+00  0.0000E+00  0.0000E+00  0.0000E+00
     -2.250  0.6644E-01  0.5633E-02  0.5633E-02  0.5633E-02  0.0000E+00  0.0000E+00  0.0000E+00  0.0000E+00  0.0000E+00
     -2.162  0.7584E-01  0.6697E-02  0.6697E-02  0.6697E-02  0.0000E+00  0.0000E+00  0.0000E+00  0.0000E+00  0.0000E+00
     -2.074  0.8403E-01  0.7695E-02  0.7695E-02  0.7695E-02  0.0000E+00  0.0000E+00  0.0000E+00  0.0000E+00  0.0000E+00
     -1.986  0.9463E-01  0.9116E-02  0.9116E-02  0.9116E-02  0.0000E+00  0.0000E+00  0.0000E+00  0.0000E+00  0.0000E+00
     -1.897  0.1047E+00  0.1059E-01  0.1059E-01  0.1059E-01  0.0000E+00  0.0000E+00  0.0000E+00  0.0000E+00  0.0000E+00
     -1.809  0.1212E+00  0.1319E-01  0.1319E-01  0.1319E-01  0.0000E+00  0.0000E+00  0.0000E+00  0.0000E+00  0.0000E+00
     -1.721  0.2000E+00  0.3208E-01  0.3208E-01  0.3208E-01  0.0000E+00  0.0000E+00  0.0000E+00  0.0000E+00  0.0000E+00
     -1.633  0.2493E+00  0.4277E-01  0.4277E-01  0.4277E-01  0.0000E+00  0.0000E+00  0.0000E+00  0.0000E+00  0.0000E+00
     -1.545  0.1601E+00  0.2599E-01  0.2599E-01  0.2599E-01  0.0000E+00  0.0000E+00  0.0000E+00  0.0000E+00  0.0000E+00
     -1.457  0.1365E+00  0.2202E-01  0.2202E-01  0.2202E-01  0.0000E+00  0.0000E+00  0.0000E+00  0.0000E+00  0.0000E+00
     -1.368  0.1209E+00  0.1960E-01  0.1960E-01  0.1960E-01  0.0000E+00  0.0000E+00  0.0000E+00  0.0000E+00  0.0000E+00
     -1.280  0.1087E+00  0.1785E-01  0.1785E-01  0.1785E-01  0.0000E+00  0.0000E+00  0.0000E+00  0.0000E+00  0.0000E+00
     -1.192  0.1001E+00  0.1660E-01  0.1660E-01  0.1660E-01  0.0000E+00  0.0000E+00  0.0000E+00  0.0000E+00  0.0000E+00
     -1.104  0.9286E-01  0.1561E-01  0.1561E-01  0.1561E-01  0.0000E+00  0.0000E+00  0.0000E+00  0.0000E+00  0.0000E+00
     -1.016  0.8612E-01  0.1472E-01  0.1472E-01  0.1472E-01  0.0000E+00  0.0000E+00  0.0000E+00  0.0000E+00  0.0000E+00
     -0.928  0.7998E-01  0.1392E-01  0.1392E-01  0.1392E-01  0.0000E+00  0.0000E+00  0.0000E+00  0.0000E+00  0.0000E+00
     -0.839  0.7551E-01  0.1334E-01  0.1334E-01  0.1334E-01  0.0000E+00  0.0000E+00  0.0000E+00  0.0000E+00  0.0000E+00
     -0.751  0.7107E-01  0.1278E-01  0.1278E-01  0.1278E-01  0.0000E+00  0.0000E+00  0.0000E+00  0.0000E+00  0.0000E+00
     -0.663  0.6667E-01  0.1222E-01  0.1222E-01  0.1222E-01  0.0000E+00  0.0000E+00  0.0000E+00  0.0000E+00  0.0000E+00
     -0.575  0.6248E-01  0.1169E-01  0.1169E-01  0.1169E-01  0.0000E+00  0.0000E+00  0.0000E+00  0.0000E+00  0.0000E+00
     -0.487  0.5942E-01  0.1130E-01  0.1130E-01  0.1130E-01  0.0000E+00  0.0000E+00  0.0000E+00  0.0000E+00  0.0000E+00
     -0.399  0.5628E-01  0.1091E-01  0.1091E-01  0.1091E-01  0.0000E+00  0.0000E+00  0.0000E+00  0.0000E+00  0.0000E+00
     -0.310  0.5300E-01  0.1049E-01  0.1049E-01  0.1049E-01  0.0000E+00  0.0000E+00  0.0000E+00  0.0000E+00  0.0000E+00
     -0.222  0.4970E-01  0.1006E-01  0.1006E-01  0.1006E-01  0.0000E+00  0.0000E+00  0.0000E+00  0.0000E+00  0.0000E+00
     -0.134  0.4743E-01  0.9771E-02  0.9771E-02  0.9771E-02  0.0000E+00  0.0000E+00  0.0000E+00  0.0000E+00  0.0000E+00
     -0.046  0.4515E-01  0.9480E-02  0.9480E-02  0.9480E-02  0.0000E+00  0.0000E+00  0.0000E+00  0.0000E+00  0.0000E+00
      0.042  0.4272E-01  0.9161E-02  0.9161E-02  0.9161E-02  0.0000E+00  0.0000E+00  0.0000E+00  0.0000E+00  0.0000E+00
      0.130  0.4009E-01  0.8797E-02  0.8797E-02  0.8797E-02  0.0000E+00  0.0000E+00  0.0000E+00  0.0000E+00  0.0000E+00
      0.219  0.3796E-01  0.8503E-02  0.8503E-02  0.8503E-02  0.0000E+00  0.0000E+00  0.0000E+00  0.0000E+00  0.0000E+00
      0.307  0.3627E-01  0.8278E-02  0.8278E-02  0.8278E-02  0.0000E+00  0.0000E+00  0.0000E+00  0.0000E+00  0.0000E+00
      0.395  0.3446E-01  0.8030E-02  0.8030E-02  0.8030E-02  0.0000E+00  0.0000E+00  0.0000E+00  0.0000E+00  0.0000E+00
      0.483  0.3259E-01  0.7762E-02  0.7762E-02  0.7762E-02  0.0000E+00  0.0000E+00  0.0000E+00  0.0000E+00  0.0000E+00
      0.571  0.3056E-01  0.7455E-02  0.7455E-02  0.7455E-02  0.0000E+00  0.0000E+00  0.0000E+00  0.0000E+00  0.0000E+00
      0.659  0.2894E-01  0.7210E-02  0.7210E-02  0.7210E-02  0.0000E+00  0.0000E+00  0.0000E+00  0.0000E+00  0.0000E+00
      0.748  0.2764E-01  0.7022E-02  0.7022E-02  0.7022E-02  0.0000E+00  0.0000E+00  0.0000E+00  0.0000E+00  0.0000E+00
      0.836  0.2628E-01  0.6820E-02  0.6820E-02  0.6820E-02  0.0000E+00  0.0000E+00  0.0000E+00  0.0000E+00  0.0000E+00
      0.924  0.2637E-01  0.2771E-01  0.2771E-01  0.2771E-01  0.0000E+00  0.0000E+00  0.0000E+00  0.0000E+00  0.0000E+00
      1.012  0.2642E-01  0.3831E-01  0.3831E-01  0.3831E-01  0.0000E+00  0.0000E+00  0.0000E+00  0.0000E+00  0.0000E+00
      1.100  0.2783E-01  0.5231E-01  0.5231E-01  0.5231E-01  0.0000E+00  0.0000E+00  0.0000E+00  0.0000E+00  0.0000E+00
      1.188  0.2976E-01  0.6370E-01  0.6370E-01  0.6370E-01  0.0000E+00  0.0000E+00  0.0000E+00  0.0000E+00  0.0000E+00
      1.277  0.2996E-01  0.5947E-01  0.5947E-01  0.5947E-01  0.0000E+00  0.0000E+00  0.0000E+00  0.0000E+00  0.0000E+00
      1.365  0.2981E-01  0.5536E-01  0.5536E-01  0.5536E-01  0.0000E+00  0.0000E+00  0.0000E+00  0.0000E+00  0.0000E+00
      1.453  0.2943E-01  0.5229E-01  0.5229E-01  0.5229E-01  0.0000E+00  0.0000E+00  0.0000E+00  0.0000E+00  0.0000E+00
      1.541  0.2876E-01  0.5051E-01  0.5051E-01  0.5051E-01  0.0000E+00  0.0000E+00  0.0000E+00  0.0000E+00  0.0000E+00
      1.629  0.2850E-01  0.5314E-01  0.5314E-01  0.5314E-01  0.0000E+00  0.0000E+00  0.0000E+00  0.0000E+00  0.0000E+00
      1.718  0.2822E-01  0.5459E-01  0.5459E-01  0.5459E-01  0.0000E+00  0.0000E+00  0.0000E+00  0.0000E+00  0.0000E+00
      1.806  0.2791E-01  0.5859E-01  0.5859E-01  0.5859E-01  0.0000E+00  0.0000E+00  0.0000E+00  0.0000E+00  0.0000E+00
      1.894  0.2695E-01  0.5739E-01  0.5739E-01  0.5739E-01  0.0000E+00  0.0000E+00  0.0000E+00  0.0000E+00  0.0000E+00
      1.982  0.2605E-01  0.6004E-01  0.6004E-01  0.6004E-01  0.0000E+00  0.0000E+00  0.0000E+00  0.0000E+00  0.0000E+00
      2.070  0.2540E-01  0.6507E-01  0.6507E-01  0.6507E-01  0.0000E+00  0.0000E+00  0.0000E+00  0.0000E+00  0.0000E+00
      2.158  0.2481E-01  0.6907E-01  0.6907E-01  0.6907E-01  0.0000E+00  0.0000E+00  0.0000E+00  0.0000E+00  0.0000E+00
      2.247  0.2395E-01  0.7244E-01  0.7244E-01  0.7244E-01  0.0000E+00  0.0000E+00  0.0000E+00  0.0000E+00  0.0000E+00
      2.335  0.2318E-01  0.8961E-01  0.8961E-01  0.8961E-01  0.0000E+00  0.0000E+00  0.0000E+00  0.0000E+00  0.0000E+00
      2.423  0.2220E-01  0.9122E-01  0.9122E-01  0.9122E-01  0.0000E+00  0.0000E+00  0.0000E+00  0.0000E+00  0.0000E+00
      2.511  0.2113E-01  0.8911E-01  0.8911E-01  0.8911E-01  0.0000E+00  0.0000E+00  0.0000E+00  0.0000E+00  0.0000E+00
      2.599  0.2011E-01  0.8802E-01  0.8802E-01  0.8802E-01  0.0000E+00  0.0000E+00  0.0000E+00  0.0000E+00  0.0000E+00
      2.687  0.1928E-01  0.8738E-01  0.8738E-01  0.8738E-01  0.0000E+00  0.0000E+00  0.0000E+00  0.0000E+00  0.0000E+00
      2.776  0.1841E-01  0.8660E-01  0.8660E-01  0.8660E-01  0.0000E+00  0.0000E+00  0.0000E+00  0.0000E+00  0.0000E+00
      2.864  0.1752E-01  0.8539E-01  0.8539E-01  0.8539E-01  0.0000E+00  0.0000E+00  0.0000E+00  0.0000E+00  0.0000E+00
      2.952  0.1660E-01  0.8483E-01  0.8483E-01  0.8483E-01  0.0000E+00  0.0000E+00  0.0000E+00  0.0000E+00  0.0000E+00
      3.040  0.1559E-01  0.8401E-01  0.8401E-01  0.8401E-01  0.0000E+00  0.0000E+00  0.0000E+00  0.0000E+00  0.0000E+00
      3.128  0.1453E-01  0.8357E-01  0.8357E-01  0.8357E-01  0.0000E+00  0.0000E+00  0.0000E+00  0.0000E+00  0.0000E+00
      3.216  0.1373E-01  0.8252E-01  0.8252E-01  0.8252E-01  0.0000E+00  0.0000E+00  0.0000E+00  0.0000E+00  0.0000E+00
      3.305  0.1294E-01  0.8146E-01  0.8146E-01  0.8146E-01  0.0000E+00  0.0000E+00  0.0000E+00  0.0000E+00  0.0000E+00
      3.393  0.1209E-01  0.8129E-01  0.8129E-01  0.8129E-01  0.0000E+00  0.0000E+00  0.0000E+00  0.0000E+00  0.0000E+00
      3.481  0.1105E-01  0.8068E-01  0.8068E-01  0.8068E-01  0.0000E+00  0.0000E+00  0.0000E+00  0.0000E+00  0.0000E+00
      3.569  0.9954E-02  0.8018E-01  0.8018E-01  0.8018E-01  0.0000E+00  0.0000E+00  0.0000E+00  0.0000E+00  0.0000E+00
      3.657  0.8874E-02  0.7940E-01  0.7940E-01  0.7940E-01  0.0000E+00  0.0000E+00  0.0000E+00  0.0000E+00  0.0000E+00
      3.745  0.8101E-02  0.7940E-01  0.7940E-01  0.7940E-01  0.0000E+00  0.0000E+00  0.0000E+00  0.0000E+00  0.0000E+00
      3.834  0.7329E-02  0.7959E-01  0.7959E-01  0.7959E-01  0.0000E+00  0.0000E+00  0.0000E+00  0.0000E+00  0.0000E+00
      3.922  0.6457E-02  0.7851E-01  0.7851E-01  0.7851E-01  0.0000E+00  0.0000E+00  0.0000E+00  0.0000E+00  0.0000E+00
      4.010  0.5643E-02  0.6632E-01  0.6632E-01  0.6632E-01  0.0000E+00  0.0000E+00  0.0000E+00  0.0000E+00  0.0000E+00
      4.098  0.5087E-02  0.5275E-01  0.5275E-01  0.5275E-01  0.0000E+00  0.0000E+00  0.0000E+00  0.0000E+00  0.0000E+00
      4.186  0.4454E-02  0.4597E-01  0.4597E-01  0.4597E-01  0.0000E+00  0.0000E+00  0.0000E+00  0.0000E+00  0.0000E+00
      4.274  0.3872E-02  0.4045E-01  0.4045E-01  0.4045E-01  0.0000E+00  0.0000E+00  0.0000E+00  0.0000E+00  0.0000E+00
      4.363  0.3372E-02  0.3576E-01  0.3576E-01  0.3576E-01  0.0000E+00  0.0000E+00  0.0000E+00  0.0000E+00  0.0000E+00
      4.451  0.2877E-02  0.3208E-01  0.3208E-01  0.3208E-01  0.0000E+00  0.0000E+00  0.0000E+00  0.0000E+00  0.0000E+00
      4.539  0.2324E-02  0.2824E-01  0.2824E-01  0.2824E-01  0.0000E+00  0.0000E+00  0.0000E+00  0.0000E+00  0.0000E+00
      4.627  0.1857E-02  0.2470E-01  0.2470E-01  0.2470E-01  0.0000E+00  0.0000E+00  0.0000E+00  0.0000E+00  0.0000E+00
      4.715  0.1413E-02  0.2157E-01  0.2157E-01  0.2157E-01  0.0000E+00  0.0000E+00  0.0000E+00  0.0000E+00  0.0000E+00
      4.803  0.1120E-02  0.1846E-01  0.1846E-01  0.1846E-01  0.0000E+00  0.0000E+00  0.0000E+00  0.0000E+00  0.0000E+00
      4.892  0.7723E-03  0.1518E-01  0.1518E-01  0.1518E-01  0.0000E+00  0.0000E+00  0.0000E+00  0.0000E+00  0.0000E+00
      4.980  0.4661E-03  0.1282E-01  0.1282E-01  0.1282E-01  0.0000E+00  0.0000E+00  0.0000E+00  0.0000E+00  0.0000E+00
      5.068  0.2397E-03  0.8846E-02  0.8846E-02  0.8846E-02  0.0000E+00  0.0000E+00  0.0000E+00  0.0000E+00  0.0000E+00
      5.156  0.1765E-04  0.3686E-02  0.3686E-02  0.3686E-02  0.0000E+00  0.0000E+00  0.0000E+00  0.0000E+00  0.0000E+00
      5.244  0.0000E+00  0.0000E+00  0.0000E+00  0.0000E+00  0.0000E+00  0.0000E+00  0.0000E+00  0.0000E+00  0.0000E+00
      5.332  0.0000E+00  0.0000E+00  0.0000E+00  0.0000E+00  0.0000E+00  0.0000E+00  0.0000E+00  0.0000E+00  0.0000E+00
      5.421  0.0000E+00  0.0000E+00  0.0000E+00  0.0000E+00  0.0000E+00  0.0000E+00  0.0000E+00  0.0000E+00  0.0000E+00
      5.509  0.0000E+00  0.0000E+00  0.0000E+00  0.0000E+00  0.0000E+00  0.0000E+00  0.0000E+00  0.0000E+00  0.0000E+00
      5.597  0.0000E+00  0.0000E+00  0.0000E+00  0.0000E+00  0.0000E+00  0.0000E+00  0.0000E+00  0.0000E+00  0.0000E+00
      5.685  0.0000E+00  0.0000E+00  0.0000E+00  0.0000E+00  0.0000E+00  0.0000E+00  0.0000E+00  0.0000E+00  0.0000E+00
      5.773  0.0000E+00  0.0000E+00  0.0000E+00  0.0000E+00  0.0000E+00  0.0000E+00  0.0000E+00  0.0000E+00  0.0000E+00
      5.861  0.0000E+00  0.0000E+00  0.0000E+00  0.0000E+00  0.0000E+00  0.0000E+00  0.0000E+00  0.0000E+00  0.0000E+00
      5.950  0.0000E+00  0.0000E+00  0.0000E+00  0.0000E+00  0.0000E+00  0.0000E+00  0.0000E+00  0.0000E+00  0.0000E+00
      6.038  0.0000E+00  0.0000E+00  0.0000E+00  0.0000E+00  0.0000E+00  0.0000E+00  0.0000E+00  0.0000E+00  0.0000E+00
      6.126  0.3362E-02  0.1100E-02  0.1100E-02  0.1100E-02  0.0000E+00  0.0000E+00  0.0000E+00  0.0000E+00  0.0000E+00
      6.214  0.8001E-02  0.2704E-02  0.2704E-02  0.2704E-02  0.0000E+00  0.0000E+00  0.0000E+00  0.0000E+00  0.0000E+00
      6.302  0.1152E-01  0.4045E-02  0.4045E-02  0.4045E-02  0.0000E+00  0.0000E+00  0.0000E+00  0.0000E+00  0.0000E+00
      6.390  0.1525E-01  0.5511E-02  0.5511E-02  0.5511E-02  0.0000E+00  0.0000E+00  0.0000E+00  0.0000E+00  0.0000E+00
      6.479  0.1724E-01  0.6572E-02  0.6572E-02  0.6572E-02  0.0000E+00  0.0000E+00  0.0000E+00  0.0000E+00  0.0000E+00
      6.567  0.1950E-01  0.7748E-02  0.7748E-02  0.7748E-02  0.0000E+00  0.0000E+00  0.0000E+00  0.0000E+00  0.0000E+00
      6.655  0.2169E-01  0.8986E-02  0.8986E-02  0.8986E-02  0.0000E+00  0.0000E+00  0.0000E+00  0.0000E+00  0.0000E+00
      6.743  0.2407E-01  0.1035E-01  0.1035E-01  0.1035E-01  0.0000E+00  0.0000E+00  0.0000E+00  0.0000E+00  0.0000E+00
      6.831  0.2579E-01  0.1155E-01  0.1155E-01  0.1155E-01  0.0000E+00  0.0000E+00  0.0000E+00  0.0000E+00  0.0000E+00
      6.920  0.2995E-01  0.1294E-01  0.1294E-01  0.1294E-01  0.0000E+00  0.0000E+00  0.0000E+00  0.0000E+00  0.0000E+00
      7.008  0.4201E-01  0.1487E-01  0.1487E-01  0.1487E-01  0.0000E+00  0.0000E+00  0.0000E+00  0.0000E+00  0.0000E+00
      7.096  0.4841E-01  0.1688E-01  0.1688E-01  0.1688E-01  0.0000E+00  0.0000E+00  0.0000E+00  0.0000E+00  0.0000E+00
      7.184  0.5534E-01  0.1906E-01  0.1906E-01  0.1906E-01  0.0000E+00  0.0000E+00  0.0000E+00  0.0000E+00  0.0000E+00
      7.272  0.6281E-01  0.2149E-01  0.2149E-01  0.2149E-01  0.0000E+00  0.0000E+00  0.0000E+00  0.0000E+00  0.0000E+00
      7.360  0.7100E-01  0.2455E-01  0.2455E-01  0.2455E-01  0.0000E+00  0.0000E+00  0.0000E+00  0.0000E+00  0.0000E+00
      7.449  0.8081E-01  0.2800E-01  0.2800E-01  0.2800E-01  0.0000E+00  0.0000E+00  0.0000E+00  0.0000E+00  0.0000E+00
      7.537  0.9610E-01  0.3301E-01  0.3301E-01  0.3301E-01  0.0000E+00  0.0000E+00  0.0000E+00  0.0000E+00  0.0000E+00
      7.625  0.1222E+00  0.4095E-01  0.4095E-01  0.4095E-01  0.0000E+00  0.0000E+00  0.0000E+00  0.0000E+00  0.0000E+00
      7.713  0.1168E+00  0.4265E-01  0.4265E-01  0.4265E-01  0.0000E+00  0.0000E+00  0.0000E+00  0.0000E+00  0.0000E+00
      7.801  0.1112E+00  0.4392E-01  0.4392E-01  0.4392E-01  0.0000E+00  0.0000E+00  0.0000E+00  0.0000E+00  0.0000E+00
      7.889  0.9970E-01  0.4275E-01  0.4275E-01  0.4275E-01  0.0000E+00  0.0000E+00  0.0000E+00  0.0000E+00  0.0000E+00
      7.978  0.8727E-01  0.3944E-01  0.3944E-01  0.3944E-01  0.0000E+00  0.0000E+00  0.0000E+00  0.0000E+00  0.0000E+00
      8.066  0.7288E-01  0.3464E-01  0.3464E-01  0.3464E-01  0.0000E+00  0.0000E+00  0.0000E+00  0.0000E+00  0.0000E+00
      8.154  0.6696E-01  0.3435E-01  0.3435E-01  0.3435E-01  0.0000E+00  0.0000E+00  0.0000E+00  0.0000E+00  0.0000E+00
      8.242  0.6264E-01  0.3375E-01  0.3375E-01  0.3375E-01  0.0000E+00  0.0000E+00  0.0000E+00  0.0000E+00  0.0000E+00
      8.330  0.6413E-01  0.3717E-01  0.3717E-01  0.3717E-01  0.0000E+00  0.0000E+00  0.0000E+00  0.0000E+00  0.0000E+00
      8.418  0.4368E-01  0.3072E-01  0.3072E-01  0.3072E-01  0.0000E+00  0.0000E+00  0.0000E+00  0.0000E+00  0.0000E+00
      8.507  0.3853E-01  0.3077E-01  0.3077E-01  0.3077E-01  0.0000E+00  0.0000E+00  0.0000E+00  0.0000E+00  0.0000E+00
      8.595  0.3731E-01  0.3194E-01  0.3194E-01  0.3194E-01  0.0000E+00  0.0000E+00  0.0000E+00  0.0000E+00  0.0000E+00
      8.683  0.4129E-01  0.4173E-01  0.4173E-01  0.4173E-01  0.0000E+00  0.0000E+00  0.0000E+00  0.0000E+00  0.0000E+00
      8.771  0.6008E-01  0.9638E-01  0.9638E-01  0.9638E-01  0.0000E+00  0.0000E+00  0.0000E+00  0.0000E+00  0.0000E+00
      8.859  0.5691E-01  0.7262E-01  0.7262E-01  0.7262E-01  0.0000E+00  0.0000E+00  0.0000E+00  0.0000E+00  0.0000E+00
      8.947  0.5481E-01  0.5735E-01  0.5735E-01  0.5735E-01  0.0000E+00  0.0000E+00  0.0000E+00  0.0000E+00  0.0000E+00
      9.036  0.5574E-01  0.5766E-01  0.5766E-01  0.5766E-01  0.0000E+00  0.0000E+00  0.0000E+00  0.0000E+00  0.0000E+00
      9.124  0.5959E-01  0.5823E-01  0.5823E-01  0.5823E-01  0.0000E+00  0.0000E+00  0.0000E+00  0.0000E+00  0.0000E+00
      9.212  0.8926E-01  0.7012E-01  0.7012E-01  0.7012E-01  0.0000E+00  0.0000E+00  0.0000E+00  0.0000E+00  0.0000E+00
      9.300  0.5087E-01  0.5273E-01  0.5273E-01  0.5273E-01  0.0000E+00  0.0000E+00  0.0000E+00  0.0000E+00  0.0000E+00
      9.388  0.3816E-01  0.4531E-01  0.4531E-01  0.4531E-01  0.0000E+00  0.0000E+00  0.0000E+00  0.0000E+00  0.0000E+00
      9.476  0.3427E-01  0.4291E-01  0.4291E-01  0.4291E-01  0.0000E+00  0.0000E+00  0.0000E+00  0.0000E+00  0.0000E+00
      9.565  0.3137E-01  0.4069E-01  0.4069E-01  0.4069E-01  0.0000E+00  0.0000E+00  0.0000E+00  0.0000E+00  0.0000E+00
      9.653  0.2970E-01  0.3933E-01  0.3933E-01  0.3933E-01  0.0000E+00  0.0000E+00  0.0000E+00  0.0000E+00  0.0000E+00
      9.741  0.2920E-01  0.3925E-01  0.3925E-01  0.3925E-01  0.0000E+00  0.0000E+00  0.0000E+00  0.0000E+00  0.0000E+00
      9.829  0.3121E-01  0.3996E-01  0.3996E-01  0.3996E-01  0.0000E+00  0.0000E+00  0.0000E+00  0.0000E+00  0.0000E+00
      9.917  0.3275E-01  0.4205E-01  0.4205E-01  0.4205E-01  0.0000E+00  0.0000E+00  0.0000E+00  0.0000E+00  0.0000E+00
     10.005  0.3652E-01  0.4715E-01  0.4715E-01  0.4715E-01  0.0000E+00  0.0000E+00  0.0000E+00  0.0000E+00  0.0000E+00
     10.094  0.3908E-01  0.4940E-01  0.4940E-01  0.4940E-01  0.0000E+00  0.0000E+00  0.0000E+00  0.0000E+00  0.0000E+00
     10.182  0.3785E-01  0.4242E-01  0.4242E-01  0.4242E-01  0.0000E+00  0.0000E+00  0.0000E+00  0.0000E+00  0.0000E+00
     10.270  0.3901E-01  0.4360E-01  0.4360E-01  0.4360E-01  0.0000E+00  0.0000E+00  0.0000E+00  0.0000E+00  0.0000E+00
     10.358  0.3957E-01  0.4341E-01  0.4341E-01  0.4341E-01  0.0000E+00  0.0000E+00  0.0000E+00  0.0000E+00  0.0000E+00
     10.446  0.3876E-01  0.4263E-01  0.4263E-01  0.4263E-01  0.0000E+00  0.0000E+00  0.0000E+00  0.0000E+00  0.0000E+00
     10.534  0.3859E-01  0.4115E-01  0.4115E-01  0.4115E-01  0.0000E+00  0.0000E+00  0.0000E+00  0.0000E+00  0.0000E+00
     10.623  0.4244E-01  0.4556E-01  0.4556E-01  0.4556E-01  0.0000E+00  0.0000E+00  0.0000E+00  0.0000E+00  0.0000E+00
     10.711  0.3691E-01  0.4222E-01  0.4222E-01  0.4222E-01  0.0000E+00  0.0000E+00  0.0000E+00  0.0000E+00  0.0000E+00
     10.799  0.3586E-01  0.4059E-01  0.4059E-01  0.4059E-01  0.0000E+00  0.0000E+00  0.0000E+00  0.0000E+00  0.0000E+00
     10.887  0.3823E-01  0.4227E-01  0.4227E-01  0.4227E-01  0.0000E+00  0.0000E+00  0.0000E+00  0.0000E+00  0.0000E+00
     10.975  0.3764E-01  0.4273E-01  0.4273E-01  0.4273E-01  0.0000E+00  0.0000E+00  0.0000E+00  0.0000E+00  0.0000E+00
     11.063  0.3392E-01  0.4117E-01  0.4117E-01  0.4117E-01  0.0000E+00  0.0000E+00  0.0000E+00  0.0000E+00  0.0000E+00
     11.152  0.3212E-01  0.3936E-01  0.3936E-01  0.3936E-01  0.0000E+00  0.0000E+00  0.0000E+00  0.0000E+00  0.0000E+00
     11.240  0.3157E-01  0.3999E-01  0.3999E-01  0.3999E-01  0.0000E+00  0.0000E+00  0.0000E+00  0.0000E+00  0.0000E+00
     11.328  0.3078E-01  0.3956E-01  0.3956E-01  0.3956E-01  0.0000E+00  0.0000E+00  0.0000E+00  0.0000E+00  0.0000E+00
     11.416  0.2927E-01  0.3880E-01  0.3880E-01  0.3880E-01  0.0000E+00  0.0000E+00  0.0000E+00  0.0000E+00  0.0000E+00
     11.504  0.2710E-01  0.3788E-01  0.3788E-01  0.3788E-01  0.0000E+00  0.0000E+00  0.0000E+00  0.0000E+00  0.0000E+00
     11.593  0.2593E-01  0.3705E-01  0.3705E-01  0.3705E-01  0.0000E+00  0.0000E+00  0.0000E+00  0.0000E+00  0.0000E+00
     11.681  0.2528E-01  0.3739E-01  0.3739E-01  0.3739E-01  0.0000E+00  0.0000E+00  0.0000E+00  0.0000E+00  0.0000E+00
     11.769  0.2282E-01  0.3526E-01  0.3526E-01  0.3526E-01  0.0000E+00  0.0000E+00  0.0000E+00  0.0000E+00  0.0000E+00
     11.857  0.2064E-01  0.3366E-01  0.3366E-01  0.3366E-01  0.0000E+00  0.0000E+00  0.0000E+00  0.0000E+00  0.0000E+00
     11.945  0.1990E-01  0.3359E-01  0.3359E-01  0.3359E-01  0.0000E+00  0.0000E+00  0.0000E+00  0.0000E+00  0.0000E+00
     12.033  0.1941E-01  0.3318E-01  0.3318E-01  0.3318E-01  0.0000E+00  0.0000E+00  0.0000E+00  0.0000E+00  0.0000E+00
     12.122  0.2168E-01  0.3733E-01  0.3733E-01  0.3733E-01  0.0000E+00  0.0000E+00  0.0000E+00  0.0000E+00  0.0000E+00
     12.210  0.2329E-01  0.3994E-01  0.3994E-01  0.3994E-01  0.0000E+00  0.0000E+00  0.0000E+00  0.0000E+00  0.0000E+00
     12.298  0.2097E-01  0.3704E-01  0.3704E-01  0.3704E-01  0.0000E+00  0.0000E+00  0.0000E+00  0.0000E+00  0.0000E+00
     12.386  0.1866E-01  0.3432E-01  0.3432E-01  0.3432E-01  0.0000E+00  0.0000E+00  0.0000E+00  0.0000E+00  0.0000E+00
     12.474  0.1553E-01  0.3061E-01  0.3061E-01  0.3061E-01  0.0000E+00  0.0000E+00  0.0000E+00  0.0000E+00  0.0000E+00
     12.562  0.1440E-01  0.2954E-01  0.2954E-01  0.2954E-01  0.0000E+00  0.0000E+00  0.0000E+00  0.0000E+00  0.0000E+00
     12.651  0.1303E-01  0.2791E-01  0.2791E-01  0.2791E-01  0.0000E+00  0.0000E+00  0.0000E+00  0.0000E+00  0.0000E+00
     12.739  0.1149E-01  0.2601E-01  0.2601E-01  0.2601E-01  0.0000E+00  0.0000E+00  0.0000E+00  0.0000E+00  0.0000E+00
     12.827  0.1069E-01  0.2538E-01  0.2538E-01  0.2538E-01  0.0000E+00  0.0000E+00  0.0000E+00  0.0000E+00  0.0000E+00
     12.915  0.1007E-01  0.2459E-01  0.2459E-01  0.2459E-01  0.0000E+00  0.0000E+00  0.0000E+00  0.0000E+00  0.0000E+00
     13.003  0.9567E-02  0.2397E-01  0.2397E-01  0.2397E-01  0.0000E+00  0.0000E+00  0.0000E+00  0.0000E+00  0.0000E+00
     13.091  0.8616E-02  0.2270E-01  0.2270E-01  0.2270E-01  0.0000E+00  0.0000E+00  0.0000E+00  0.0000E+00  0.0000E+00
     13.180  0.7809E-02  0.2180E-01  0.2180E-01  0.2180E-01  0.0000E+00  0.0000E+00  0.0000E+00  0.0000E+00  0.0000E+00
     13.268  0.7270E-02  0.2144E-01  0.2144E-01  0.2144E-01  0.0000E+00  0.0000E+00  0.0000E+00  0.0000E+00  0.0000E+00
     13.356  0.6619E-02  0.2155E-01  0.2155E-01  0.2155E-01  0.0000E+00  0.0000E+00  0.0000E+00  0.0000E+00  0.0000E+00
     13.444  0.6099E-02  0.2164E-01  0.2164E-01  0.2164E-01  0.0000E+00  0.0000E+00  0.0000E+00  0.0000E+00  0.0000E+00
     13.532  0.5633E-02  0.2425E-01  0.2425E-01  0.2425E-01  0.0000E+00  0.0000E+00  0.0000E+00  0.0000E+00  0.0000E+00
     13.620  0.4234E-02  0.1928E-01  0.1928E-01  0.1928E-01  0.0000E+00  0.0000E+00  0.0000E+00  0.0000E+00  0.0000E+00
     13.709  0.3564E-02  0.1576E-01  0.1576E-01  0.1576E-01  0.0000E+00  0.0000E+00  0.0000E+00  0.0000E+00  0.0000E+00
     13.797  0.2980E-02  0.1140E-01  0.1140E-01  0.1140E-01  0.0000E+00  0.0000E+00  0.0000E+00  0.0000E+00  0.0000E+00
     13.885  0.2781E-02  0.1076E-01  0.1076E-01  0.1076E-01  0.0000E+00  0.0000E+00  0.0000E+00  0.0000E+00  0.0000E+00
     13.973  0.2632E-02  0.1032E-01  0.1032E-01  0.1032E-01  0.0000E+00  0.0000E+00  0.0000E+00  0.0000E+00  0.0000E+00
     14.061  0.2426E-02  0.9917E-02  0.9917E-02  0.9917E-02  0.0000E+00  0.0000E+00  0.0000E+00  0.0000E+00  0.0000E+00
     14.149  0.2185E-02  0.9326E-02  0.9326E-02  0.9326E-02  0.0000E+00  0.0000E+00  0.0000E+00  0.0000E+00  0.0000E+00
     14.238  0.1941E-02  0.8880E-02  0.8880E-02  0.8880E-02  0.0000E+00  0.0000E+00  0.0000E+00  0.0000E+00  0.0000E+00
     14.326  0.1559E-02  0.8650E-02  0.8650E-02  0.8650E-02  0.0000E+00  0.0000E+00  0.0000E+00  0.0000E+00  0.0000E+00
     14.414  0.1323E-02  0.7518E-02  0.7518E-02  0.7518E-02  0.0000E+00  0.0000E+00  0.0000E+00  0.0000E+00  0.0000E+00
     14.502  0.1127E-02  0.6596E-02  0.6596E-02  0.6596E-02  0.0000E+00  0.0000E+00  0.0000E+00  0.0000E+00  0.0000E+00
     14.590  0.9728E-03  0.5907E-02  0.5907E-02  0.5907E-02  0.0000E+00  0.0000E+00  0.0000E+00  0.0000E+00  0.0000E+00
     14.678  0.8464E-03  0.5371E-02  0.5371E-02  0.5371E-02  0.0000E+00  0.0000E+00  0.0000E+00  0.0000E+00  0.0000E+00
     14.767  0.7527E-03  0.5126E-02  0.5126E-02  0.5126E-02  0.0000E+00  0.0000E+00  0.0000E+00  0.0000E+00  0.0000E+00
     14.855  0.6784E-03  0.4984E-02  0.4984E-02  0.4984E-02  0.0000E+00  0.0000E+00  0.0000E+00  0.0000E+00  0.0000E+00
     14.943  0.5783E-03  0.4618E-02  0.4618E-02  0.4618E-02  0.0000E+00  0.0000E+00  0.0000E+00  0.0000E+00  0.0000E+00
     15.031  0.4253E-03  0.4323E-02  0.4323E-02  0.4323E-02  0.0000E+00  0.0000E+00  0.0000E+00  0.0000E+00  0.0000E+00
     15.119  0.2260E-03  0.3079E-02  0.3079E-02  0.3079E-02  0.0000E+00  0.0000E+00  0.0000E+00  0.0000E+00  0.0000E+00
     15.207  0.1631E-03  0.2342E-02  0.2342E-02  0.2342E-02  0.0000E+00  0.0000E+00  0.0000E+00  0.0000E+00  0.0000E+00
     15.296  0.1082E-03  0.1735E-02  0.1735E-02  0.1735E-02  0.0000E+00  0.0000E+00  0.0000E+00  0.0000E+00  0.0000E+00
     15.384  0.6187E-04  0.1322E-02  0.1322E-02  0.1322E-02  0.0000E+00  0.0000E+00  0.0000E+00  0.0000E+00  0.0000E+00
     15.472  0.3499E-04  0.1397E-02  0.1397E-02  0.1397E-02  0.0000E+00  0.0000E+00  0.0000E+00  0.0000E+00  0.0000E+00
     15.560  0.0000E+00  0.0000E+00  0.0000E+00  0.0000E+00  0.0000E+00  0.0000E+00  0.0000E+00  0.0000E+00  0.0000E+00
     15.648  0.0000E+00  0.0000E+00  0.0000E+00  0.0000E+00  0.0000E+00  0.0000E+00  0.0000E+00  0.0000E+00  0.0000E+00
     15.736  0.0000E+00  0.0000E+00  0.0000E+00  0.0000E+00  0.0000E+00  0.0000E+00  0.0000E+00  0.0000E+00  0.0000E+00
     15.825  0.0000E+00  0.0000E+00  0.0000E+00  0.0000E+00  0.0000E+00  0.0000E+00  0.0000E+00  0.0000E+00  0.0000E+00
     15.913  0.0000E+00  0.0000E+00  0.0000E+00  0.0000E+00  0.0000E+00  0.0000E+00  0.0000E+00  0.0000E+00  0.0000E+00
     16.001  0.0000E+00  0.0000E+00  0.0000E+00  0.0000E+00  0.0000E+00  0.0000E+00  0.0000E+00  0.0000E+00  0.0000E+00
     16.089  0.0000E+00  0.0000E+00  0.0000E+00  0.0000E+00  0.0000E+00  0.0000E+00  0.0000E+00  0.0000E+00  0.0000E+00
     16.177  0.0000E+00  0.0000E+00  0.0000E+00  0.0000E+00  0.0000E+00  0.0000E+00  0.0000E+00  0.0000E+00  0.0000E+00
     16.265  0.0000E+00  0.0000E+00  0.0000E+00  0.0000E+00  0.0000E+00  0.0000E+00  0.0000E+00  0.0000E+00  0.0000E+00
     16.354  0.0000E+00  0.0000E+00  0.0000E+00  0.0000E+00  0.0000E+00  0.0000E+00  0.0000E+00  0.0000E+00  0.0000E+00
     16.442  0.0000E+00  0.0000E+00  0.0000E+00  0.0000E+00  0.0000E+00  0.0000E+00  0.0000E+00  0.0000E+00  0.0000E+00
     16.530  0.0000E+00  0.0000E+00  0.0000E+00  0.0000E+00  0.0000E+00  0.0000E+00  0.0000E+00  0.0000E+00  0.0000E+00
     16.618  0.0000E+00  0.0000E+00  0.0000E+00  0.0000E+00  0.0000E+00  0.0000E+00  0.0000E+00  0.0000E+00  0.0000E+00
     16.706  0.0000E+00  0.0000E+00  0.0000E+00  0.0000E+00  0.0000E+00  0.0000E+00  0.0000E+00  0.0000E+00  0.0000E+00
     16.795  0.0000E+00  0.0000E+00  0.0000E+00  0.0000E+00  0.0000E+00  0.0000E+00  0.0000E+00  0.0000E+00  0.0000E+00
     16.883  0.0000E+00  0.0000E+00  0.0000E+00  0.0000E+00  0.0000E+00  0.0000E+00  0.0000E+00  0.0000E+00  0.0000E+00
     16.971  0.0000E+00  0.0000E+00  0.0000E+00  0.0000E+00  0.0000E+00  0.0000E+00  0.0000E+00  0.0000E+00  0.0000E+00
     17.059  0.0000E+00  0.0000E+00  0.0000E+00  0.0000E+00  0.0000E+00  0.0000E+00  0.0000E+00  0.0000E+00  0.0000E+00
     17.147  0.0000E+00  0.0000E+00  0.0000E+00  0.0000E+00  0.0000E+00  0.0000E+00  0.0000E+00  0.0000E+00  0.0000E+00
     17.235  0.0000E+00  0.0000E+00  0.0000E+00  0.0000E+00  0.0000E+00  0.0000E+00  0.0000E+00  0.0000E+00  0.0000E+00
     17.324  0.0000E+00  0.0000E+00  0.0000E+00  0.0000E+00  0.0000E+00  0.0000E+00  0.0000E+00  0.0000E+00  0.0000E+00
     17.412  0.0000E+00  0.0000E+00  0.0000E+00  0.0000E+00  0.0000E+00  0.0000E+00  0.0000E+00  0.0000E+00  0.0000E+00
     17.500  0.0000E+00  0.0000E+00  0.0000E+00  0.0000E+00  0.0000E+00  0.0000E+00  0.0000E+00  0.0000E+00  0.0000E+00
