   2   2   1   0
  0.2303076E+02  0.4023627E-09  0.4023627E-09  0.4023627E-09  0.5000000E-15
  1.000000000000000E-004
  CAR 
 Si                                      
     16.03470427     -9.19038611  301      5.37800504      1.00000000
     -9.190  0.0000E+00  0.0000E+00
     -9.106  0.0000E+00  0.0000E+00
     -9.022  0.0000E+00  0.0000E+00
     -8.938  0.0000E+00  0.0000E+00
     -8.854  0.0000E+00  0.0000E+00
     -8.770  0.0000E+00  0.0000E+00
     -8.686  0.0000E+00  0.0000E+00
     -8.602  0.0000E+00  0.0000E+00
     -8.518  0.0000E+00  0.0000E+00
     -8.434  0.0000E+00  0.0000E+00
     -8.350  0.0000E+00  0.0000E+00
     -8.265  0.0000E+00  0.0000E+00
     -8.181  0.0000E+00  0.0000E+00
     -8.097  0.0000E+00  0.0000E+00
     -8.013  0.0000E+00  0.0000E+00
     -7.929  0.0000E+00  0.0000E+00
     -7.845  0.0000E+00  0.0000E+00
     -7.761  0.0000E+00  0.0000E+00
     -7.677  0.0000E+00  0.0000E+00
     -7.593  0.0000E+00  0.0000E+00
     -7.509  0.0000E+00  0.0000E+00
     -7.425  0.0000E+00  0.0000E+00
     -7.341  0.0000E+00  0.0000E+00
     -7.256  0.0000E+00  0.0000E+00
     -7.172  0.4391E-01  0.2636E-03
     -7.088  0.1576E+00  0.7438E-02
     -7.004  0.1612E+00  0.1935E-01
     -6.920  0.1979E+00  0.3462E-01
     -6.836  0.2315E+00  0.5262E-01
     -6.752  0.2567E+00  0.7312E-01
     -6.668  0.2844E+00  0.9590E-01
     -6.584  0.3072E+00  0.1207E+00
     -6.500  0.3326E+00  0.1476E+00
     -6.416  0.3536E+00  0.1765E+00
     -6.332  0.3767E+00  0.2072E+00
     -6.247  0.3981E+00  0.2398E+00
     -6.163  0.4196E+00  0.2741E+00
     -6.079  0.4427E+00  0.3104E+00
     -5.995  0.4636E+00  0.3485E+00
     -5.911  0.4863E+00  0.3884E+00
     -5.827  0.5103E+00  0.4303E+00
     -5.743  0.5337E+00  0.4741E+00
     -5.659  0.5594E+00  0.5201E+00
     -5.575  0.5874E+00  0.5683E+00
     -5.491  0.6170E+00  0.6189E+00
     -5.407  0.6511E+00  0.6722E+00
     -5.323  0.6913E+00  0.7286E+00
     -5.238  0.7414E+00  0.7887E+00
     -5.154  0.8144E+00  0.8538E+00
     -5.070  0.9879E+00  0.9291E+00
     -4.986  0.9642E+00  0.1010E+01
     -4.902  0.9222E+00  0.1089E+01
     -4.818  0.8819E+00  0.1165E+01
     -4.734  0.8533E+00  0.1238E+01
     -4.650  0.8214E+00  0.1308E+01
     -4.566  0.7830E+00  0.1376E+01
     -4.482  0.7543E+00  0.1441E+01
     -4.398  0.7180E+00  0.1503E+01
     -4.314  0.6844E+00  0.1562E+01
     -4.229  0.6524E+00  0.1618E+01
     -4.145  0.6136E+00  0.1671E+01
     -4.061  0.5801E+00  0.1721E+01
     -3.977  0.5417E+00  0.1768E+01
     -3.893  0.5028E+00  0.1812E+01
     -3.809  0.4657E+00  0.1853E+01
     -3.725  0.4218E+00  0.1890E+01
     -3.641  0.3820E+00  0.1924E+01
     -3.557  0.3346E+00  0.1954E+01
     -3.473  0.2455E+00  0.1980E+01
     -3.389  0.1004E+00  0.1994E+01
     -3.305  0.2857E-01  0.1999E+01
     -3.220  0.3938E-01  0.2001E+01
     -3.136  0.1229E+00  0.2008E+01
     -3.052  0.2196E+00  0.2022E+01
     -2.968  0.2942E+00  0.2044E+01
     -2.884  0.3421E+00  0.2070E+01
     -2.800  0.3876E+00  0.2101E+01
     -2.716  0.4395E+00  0.2136E+01
     -2.632  0.4924E+00  0.2175E+01
     -2.548  0.5424E+00  0.2219E+01
     -2.464  0.6112E+00  0.2267E+01
     -2.380  0.6811E+00  0.2322E+01
     -2.296  0.7954E+00  0.2384E+01
     -2.211  0.1423E+01  0.2466E+01
     -2.127  0.1693E+01  0.2620E+01
     -2.043  0.1051E+01  0.2721E+01
     -1.959  0.8998E+00  0.2802E+01
     -1.875  0.8004E+00  0.2873E+01
     -1.791  0.7235E+00  0.2937E+01
     -1.707  0.6662E+00  0.2996E+01
     -1.623  0.6208E+00  0.3050E+01
     -1.539  0.5791E+00  0.3100E+01
     -1.455  0.5401E+00  0.3147E+01
     -1.371  0.5099E+00  0.3191E+01
     -1.287  0.4831E+00  0.3233E+01
     -1.202  0.4572E+00  0.3272E+01
     -1.118  0.4311E+00  0.3310E+01
     -1.034  0.4085E+00  0.3345E+01
     -0.950  0.3904E+00  0.3379E+01
     -0.866  0.3718E+00  0.3411E+01
     -0.782  0.3532E+00  0.3441E+01
     -0.698  0.3332E+00  0.3470E+01
     -0.614  0.3198E+00  0.3497E+01
     -0.530  0.3062E+00  0.3524E+01
     -0.446  0.2926E+00  0.3549E+01
     -0.362  0.2777E+00  0.3573E+01
     -0.278  0.2626E+00  0.3596E+01
     -0.193  0.2525E+00  0.3617E+01
     -0.109  0.2425E+00  0.3638E+01
     -0.025  0.2316E+00  0.3658E+01
      0.059  0.2205E+00  0.3677E+01
      0.143  0.2081E+00  0.3695E+01
      0.227  0.1996E+00  0.3712E+01
      0.311  0.1916E+00  0.3729E+01
      0.395  0.1836E+00  0.3744E+01
      0.479  0.5213E+00  0.3765E+01
      0.563  0.8395E+00  0.3819E+01
      0.647  0.1127E+01  0.3899E+01
      0.731  0.1481E+01  0.4014E+01
      0.816  0.1314E+01  0.4130E+01
      0.900  0.1233E+01  0.4237E+01
      0.984  0.1141E+01  0.4336E+01
      1.068  0.1133E+01  0.4432E+01
      1.152  0.1114E+01  0.4526E+01
      1.236  0.1132E+01  0.4620E+01
      1.320  0.1163E+01  0.4717E+01
      1.404  0.1205E+01  0.4816E+01
      1.488  0.1261E+01  0.4918E+01
      1.572  0.1329E+01  0.5027E+01
      1.656  0.1379E+01  0.5139E+01
      1.740  0.1620E+01  0.5264E+01
      1.825  0.1711E+01  0.5406E+01
      1.909  0.1642E+01  0.5545E+01
      1.993  0.1630E+01  0.5683E+01
      2.077  0.1592E+01  0.5818E+01
      2.161  0.1556E+01  0.5950E+01
      2.245  0.1537E+01  0.6080E+01
      2.329  0.1513E+01  0.6209E+01
      2.413  0.1484E+01  0.6335E+01
      2.497  0.1460E+01  0.6459E+01
      2.581  0.1428E+01  0.6580E+01
      2.665  0.1410E+01  0.6699E+01
      2.749  0.1385E+01  0.6817E+01
      2.834  0.1361E+01  0.6932E+01
      2.918  0.1335E+01  0.7045E+01
      3.002  0.1321E+01  0.7157E+01
      3.086  0.1308E+01  0.7267E+01
      3.170  0.1291E+01  0.7377E+01
      3.254  0.1191E+01  0.7484E+01
      3.338  0.9105E+00  0.7568E+01
      3.422  0.7772E+00  0.7639E+01
      3.506  0.6766E+00  0.7700E+01
      3.590  0.5898E+00  0.7753E+01
      3.674  0.5261E+00  0.7800E+01
      3.758  0.4581E+00  0.7841E+01
      3.843  0.3983E+00  0.7877E+01
      3.927  0.3438E+00  0.7908E+01
      4.011  0.2946E+00  0.7935E+01
      4.095  0.2405E+00  0.7958E+01
      4.179  0.2017E+00  0.7976E+01
      4.263  0.1394E+00  0.7990E+01
      4.347  0.6276E-01  0.7999E+01
      4.431  0.0000E+00  0.8000E+01
      4.515  0.0000E+00  0.8000E+01
      4.599  0.0000E+00  0.8000E+01
      4.683  0.0000E+00  0.8000E+01
      4.767  0.0000E+00  0.8000E+01
      4.852  0.0000E+00  0.8000E+01
      4.936  0.0000E+00  0.8000E+01
      5.020  0.0000E+00  0.8000E+01
      5.104  0.0000E+00  0.8000E+01
      5.188  0.0000E+00  0.8000E+01
      5.272  0.0000E+00  0.8000E+01
      5.356  0.0000E+00  0.8000E+01
      5.440  0.6912E-01  0.8002E+01
      5.524  0.1688E+00  0.8012E+01
      5.608  0.2537E+00  0.8030E+01
      5.692  0.3521E+00  0.8055E+01
      5.777  0.4104E+00  0.8087E+01
      5.861  0.5108E+00  0.8126E+01
      5.945  0.6136E+00  0.8173E+01
      6.029  0.7072E+00  0.8229E+01
      6.113  0.8002E+00  0.8292E+01
      6.197  0.8787E+00  0.8363E+01
      6.281  0.9763E+00  0.8441E+01
      6.365  0.1083E+01  0.8527E+01
      6.449  0.1206E+01  0.8623E+01
      6.533  0.1358E+01  0.8731E+01
      6.617  0.1711E+01  0.8855E+01
      6.701  0.1889E+01  0.9010E+01
      6.786  0.1844E+01  0.9167E+01
      6.870  0.1813E+01  0.9319E+01
      6.954  0.1676E+01  0.9464E+01
      7.038  0.1404E+01  0.9592E+01
      7.122  0.1317E+01  0.9706E+01
      7.206  0.1308E+01  0.9815E+01
      7.290  0.1216E+01  0.9921E+01
      7.374  0.1107E+01  0.1002E+02
      7.458  0.1049E+01  0.1011E+02
      7.542  0.9866E+00  0.1019E+02
      7.626  0.9833E+00  0.1028E+02
      7.710  0.1076E+01  0.1036E+02
      7.795  0.1163E+01  0.1046E+02
      7.879  0.1590E+01  0.1056E+02
      7.963  0.3021E+01  0.1078E+02
      8.047  0.2671E+01  0.1100E+02
      8.131  0.2048E+01  0.1120E+02
      8.215  0.1749E+01  0.1136E+02
      8.299  0.1562E+01  0.1150E+02
      8.383  0.1555E+01  0.1163E+02
      8.467  0.1376E+01  0.1175E+02
      8.551  0.1253E+01  0.1186E+02
      8.635  0.1187E+01  0.1196E+02
      8.719  0.1106E+01  0.1206E+02
      8.804  0.1116E+01  0.1215E+02
      8.888  0.1190E+01  0.1225E+02
      8.972  0.1326E+01  0.1235E+02
      9.056  0.1415E+01  0.1247E+02
      9.140  0.1540E+01  0.1259E+02
      9.224  0.1494E+01  0.1273E+02
      9.308  0.1425E+01  0.1285E+02
      9.392  0.1362E+01  0.1296E+02
      9.476  0.1323E+01  0.1308E+02
      9.560  0.1258E+01  0.1319E+02
      9.644  0.1236E+01  0.1329E+02
      9.728  0.1285E+01  0.1340E+02
      9.813  0.1264E+01  0.1351E+02
      9.897  0.1239E+01  0.1361E+02
      9.981  0.1203E+01  0.1371E+02
     10.065  0.1166E+01  0.1381E+02
     10.149  0.1128E+01  0.1391E+02
     10.233  0.1102E+01  0.1400E+02
     10.317  0.1076E+01  0.1409E+02
     10.401  0.1056E+01  0.1418E+02
     10.485  0.1089E+01  0.1427E+02
     10.569  0.1090E+01  0.1437E+02
     10.653  0.9554E+00  0.1445E+02
     10.737  0.9013E+00  0.1453E+02
     10.822  0.8951E+00  0.1461E+02
     10.906  0.9082E+00  0.1468E+02
     10.990  0.9701E+00  0.1476E+02
     11.074  0.1010E+01  0.1484E+02
     11.158  0.1012E+01  0.1493E+02
     11.242  0.1007E+01  0.1501E+02
     11.326  0.9243E+00  0.1509E+02
     11.410  0.7841E+00  0.1517E+02
     11.494  0.7279E+00  0.1523E+02
     11.578  0.7012E+00  0.1529E+02
     11.662  0.6755E+00  0.1535E+02
     11.746  0.6298E+00  0.1541E+02
     11.831  0.5793E+00  0.1546E+02
     11.915  0.5495E+00  0.1550E+02
     11.999  0.5271E+00  0.1555E+02
     12.083  0.5072E+00  0.1559E+02
     12.167  0.5031E+00  0.1563E+02
     12.251  0.4763E+00  0.1568E+02
     12.335  0.4449E+00  0.1571E+02
     12.419  0.4478E+00  0.1575E+02
     12.503  0.7229E+00  0.1580E+02
     12.587  0.3898E+00  0.1584E+02
     12.671  0.2104E+00  0.1586E+02
     12.755  0.1910E+00  0.1588E+02
     12.840  0.1765E+00  0.1589E+02
     12.924  0.1657E+00  0.1591E+02
     13.008  0.1587E+00  0.1592E+02
     13.092  0.1465E+00  0.1593E+02
     13.176  0.1298E+00  0.1595E+02
     13.260  0.1204E+00  0.1596E+02
     13.344  0.9951E-01  0.1597E+02
     13.428  0.8231E-01  0.1597E+02
     13.512  0.6891E-01  0.1598E+02
     13.596  0.5884E-01  0.1599E+02
     13.680  0.5551E-01  0.1599E+02
     13.764  0.5083E-01  0.1599E+02
     13.849  0.2914E-01  0.1600E+02
     13.933  0.8763E-02  0.1600E+02
     14.017  0.2726E-03  0.1600E+02
     14.101  0.0000E+00  0.1600E+02
     14.185  0.0000E+00  0.1600E+02
     14.269  0.0000E+00  0.1600E+02
     14.353  0.0000E+00  0.1600E+02
     14.437  0.0000E+00  0.1600E+02
     14.521  0.0000E+00  0.1600E+02
     14.605  0.0000E+00  0.1600E+02
     14.689  0.0000E+00  0.1600E+02
     14.773  0.0000E+00  0.1600E+02
     14.858  0.0000E+00  0.1600E+02
     14.942  0.0000E+00  0.1600E+02
     15.026  0.0000E+00  0.1600E+02
     15.110  0.0000E+00  0.1600E+02
     15.194  0.0000E+00  0.1600E+02
     15.278  0.0000E+00  0.1600E+02
     15.362  0.0000E+00  0.1600E+02
     15.446  0.0000E+00  0.1600E+02
     15.530  0.0000E+00  0.1600E+02
     15.614  0.0000E+00  0.1600E+02
     15.698  0.0000E+00  0.1600E+02
     15.782  0.0000E+00  0.1600E+02
     15.867  0.0000E+00  0.1600E+02
     15.951  0.0000E+00  0.1600E+02
     16.035  0.0000E+00  0.1600E+02
     16.03470427     -9.19038611  301      5.37800504      1.00000000
     -9.190  0.0000E+00  0.0000E+00  0.0000E+00  0.0000E+00  0.0000E+00  0.0000E+00  0.0000E+00  0.0000E+00  0.0000E+00
     -9.106  0.0000E+00  0.0000E+00  0.0000E+00  0.0000E+00  0.0000E+00  0.0000E+00  0.0000E+00  0.0000E+00  0.0000E+00
     -9.022  0.0000E+00  0.0000E+00  0.0000E+00  0.0000E+00  0.0000E+00  0.0000E+00  0.0000E+00  0.0000E+00  0.0000E+00
     -8.938  0.0000E+00  0.0000E+00  0.0000E+00  0.0000E+00  0.0000E+00  0.0000E+00  0.0000E+00  0.0000E+00  0.0000E+00
     -8.854  0.0000E+00  0.0000E+00  0.0000E+00  0.0000E+00  0.0000E+00  0.0000E+00  0.0000E+00  0.0000E+00  0.0000E+00
     -8.770  0.0000E+00  0.0000E+00  0.0000E+00  0.0000E+00  0.0000E+00  0.0000E+00  0.0000E+00  0.0000E+00  0.0000E+00
     -8.686  0.0000E+00  0.0000E+00  0.0000E+00  0.0000E+00  0.0000E+00  0.0000E+00  0.0000E+00  0.0000E+00  0.0000E+00
     -8.602  0.0000E+00  0.0000E+00  0.0000E+00  0.0000E+00  0.0000E+00  0.0000E+00  0.0000E+00  0.0000E+00  0.0000E+00
     -8.518  0.0000E+00  0.0000E+00  0.0000E+00  0.0000E+00  0.0000E+00  0.0000E+00  0.0000E+00  0.0000E+00  0.0000E+00
     -8.434  0.0000E+00  0.0000E+00  0.0000E+00  0.0000E+00  0.0000E+00  0.0000E+00  0.0000E+00  0.0000E+00  0.0000E+00
     -8.350  0.0000E+00  0.0000E+00  0.0000E+00  0.0000E+00  0.0000E+00  0.0000E+00  0.0000E+00  0.0000E+00  0.0000E+00
     -8.265  0.0000E+00  0.0000E+00  0.0000E+00  0.0000E+00  0.0000E+00  0.0000E+00  0.0000E+00  0.0000E+00  0.0000E+00
     -8.181  0.0000E+00  0.0000E+00  0.0000E+00  0.0000E+00  0.0000E+00  0.0000E+00  0.0000E+00  0.0000E+00  0.0000E+00
     -8.097  0.0000E+00  0.0000E+00  0.0000E+00  0.0000E+00  0.0000E+00  0.0000E+00  0.0000E+00  0.0000E+00  0.0000E+00
     -8.013  0.0000E+00  0.0000E+00  0.0000E+00  0.0000E+00  0.0000E+00  0.0000E+00  0.0000E+00  0.0000E+00  0.0000E+00
     -7.929  0.0000E+00  0.0000E+00  0.0000E+00  0.0000E+00  0.0000E+00  0.0000E+00  0.0000E+00  0.0000E+00  0.0000E+00
     -7.845  0.0000E+00  0.0000E+00  0.0000E+00  0.0000E+00  0.0000E+00  0.0000E+00  0.0000E+00  0.0000E+00  0.0000E+00
     -7.761  0.0000E+00  0.0000E+00  0.0000E+00  0.0000E+00  0.0000E+00  0.0000E+00  0.0000E+00  0.0000E+00  0.0000E+00
     -7.677  0.0000E+00  0.0000E+00  0.0000E+00  0.0000E+00  0.0000E+00  0.0000E+00  0.0000E+00  0.0000E+00  0.0000E+00
     -7.593  0.0000E+00  0.0000E+00  0.0000E+00  0.0000E+00  0.0000E+00  0.0000E+00  0.0000E+00  0.0000E+00  0.0000E+00
     -7.509  0.0000E+00  0.0000E+00  0.0000E+00  0.0000E+00  0.0000E+00  0.0000E+00  0.0000E+00  0.0000E+00  0.0000E+00
     -7.425  0.0000E+00  0.0000E+00  0.0000E+00  0.0000E+00  0.0000E+00  0.0000E+00  0.0000E+00  0.0000E+00  0.0000E+00
     -7.341  0.0000E+00  0.0000E+00  0.0000E+00  0.0000E+00  0.0000E+00  0.0000E+00  0.0000E+00  0.0000E+00  0.0000E+00
     -7.256  0.0000E+00  0.0000E+00  0.0000E+00  0.0000E+00  0.0000E+00  0.0000E+00  0.0000E+00  0.0000E+00  0.0000E+00
     -7.172  0.9046E-02  0.2508E-05  0.2508E-05  0.2508E-05  0.0000E+00  0.0000E+00  0.0000E+00  0.0000E+00  0.0000E+00
     -7.088  0.3242E-01  0.4696E-04  0.4696E-04  0.4696E-04  0.0000E+00  0.0000E+00  0.0000E+00  0.0000E+00  0.0000E+00
     -7.004  0.3311E-01  0.9942E-04  0.9942E-04  0.9942E-04  0.0000E+00  0.0000E+00  0.0000E+00  0.0000E+00  0.0000E+00
     -6.920  0.4059E-01  0.1734E-03  0.1734E-03  0.1734E-03  0.0000E+00  0.0000E+00  0.0000E+00  0.0000E+00  0.0000E+00
     -6.836  0.4743E-01  0.2571E-03  0.2571E-03  0.2571E-03  0.0000E+00  0.0000E+00  0.0000E+00  0.0000E+00  0.0000E+00
     -6.752  0.5254E-01  0.3585E-03  0.3585E-03  0.3585E-03  0.0000E+00  0.0000E+00  0.0000E+00  0.0000E+00  0.0000E+00
     -6.668  0.5815E-01  0.4643E-03  0.4643E-03  0.4643E-03  0.0000E+00  0.0000E+00  0.0000E+00  0.0000E+00  0.0000E+00
     -6.584  0.6274E-01  0.5853E-03  0.5853E-03  0.5853E-03  0.0000E+00  0.0000E+00  0.0000E+00  0.0000E+00  0.0000E+00
     -6.500  0.6787E-01  0.7078E-03  0.7078E-03  0.7078E-03  0.0000E+00  0.0000E+00  0.0000E+00  0.0000E+00  0.0000E+00
     -6.416  0.7210E-01  0.8480E-03  0.8480E-03  0.8480E-03  0.0000E+00  0.0000E+00  0.0000E+00  0.0000E+00  0.0000E+00
     -6.332  0.7677E-01  0.9888E-03  0.9888E-03  0.9888E-03  0.0000E+00  0.0000E+00  0.0000E+00  0.0000E+00  0.0000E+00
     -6.247  0.8109E-01  0.1143E-02  0.1143E-02  0.1143E-02  0.0000E+00  0.0000E+00  0.0000E+00  0.0000E+00  0.0000E+00
     -6.163  0.8544E-01  0.1305E-02  0.1305E-02  0.1305E-02  0.0000E+00  0.0000E+00  0.0000E+00  0.0000E+00  0.0000E+00
     -6.079  0.9014E-01  0.1468E-02  0.1468E-02  0.1468E-02  0.0000E+00  0.0000E+00  0.0000E+00  0.0000E+00  0.0000E+00
     -5.995  0.9439E-01  0.1653E-02  0.1653E-02  0.1653E-02  0.0000E+00  0.0000E+00  0.0000E+00  0.0000E+00  0.0000E+00
     -5.911  0.9901E-01  0.1839E-02  0.1839E-02  0.1839E-02  0.0000E+00  0.0000E+00  0.0000E+00  0.0000E+00  0.0000E+00
     -5.827  0.1039E+00  0.2029E-02  0.2029E-02  0.2029E-02  0.0000E+00  0.0000E+00  0.0000E+00  0.0000E+00  0.0000E+00
     -5.743  0.1088E+00  0.2245E-02  0.2245E-02  0.2245E-02  0.0000E+00  0.0000E+00  0.0000E+00  0.0000E+00  0.0000E+00
     -5.659  0.1141E+00  0.2464E-02  0.2464E-02  0.2464E-02  0.0000E+00  0.0000E+00  0.0000E+00  0.0000E+00  0.0000E+00
     -5.575  0.1199E+00  0.2689E-02  0.2689E-02  0.2689E-02  0.0000E+00  0.0000E+00  0.0000E+00  0.0000E+00  0.0000E+00
     -5.491  0.1261E+00  0.2949E-02  0.2949E-02  0.2949E-02  0.0000E+00  0.0000E+00  0.0000E+00  0.0000E+00  0.0000E+00
     -5.407  0.1333E+00  0.3225E-02  0.3225E-02  0.3225E-02  0.0000E+00  0.0000E+00  0.0000E+00  0.0000E+00  0.0000E+00
     -5.323  0.1418E+00  0.3522E-02  0.3522E-02  0.3522E-02  0.0000E+00  0.0000E+00  0.0000E+00  0.0000E+00  0.0000E+00
     -5.238  0.1525E+00  0.3883E-02  0.3883E-02  0.3883E-02  0.0000E+00  0.0000E+00  0.0000E+00  0.0000E+00  0.0000E+00
     -5.154  0.1682E+00  0.4349E-02  0.4349E-02  0.4349E-02  0.0000E+00  0.0000E+00  0.0000E+00  0.0000E+00  0.0000E+00
     -5.070  0.2057E+00  0.5227E-02  0.5227E-02  0.5227E-02  0.0000E+00  0.0000E+00  0.0000E+00  0.0000E+00  0.0000E+00
     -4.986  0.2006E+00  0.5354E-02  0.5354E-02  0.5354E-02  0.0000E+00  0.0000E+00  0.0000E+00  0.0000E+00  0.0000E+00
     -4.902  0.1916E+00  0.5398E-02  0.5398E-02  0.5398E-02  0.0000E+00  0.0000E+00  0.0000E+00  0.0000E+00  0.0000E+00
     -4.818  0.1829E+00  0.5406E-02  0.5406E-02  0.5406E-02  0.0000E+00  0.0000E+00  0.0000E+00  0.0000E+00  0.0000E+00
     -4.734  0.1768E+00  0.5465E-02  0.5465E-02  0.5465E-02  0.0000E+00  0.0000E+00  0.0000E+00  0.0000E+00  0.0000E+00
     -4.650  0.1700E+00  0.5497E-02  0.5497E-02  0.5497E-02  0.0000E+00  0.0000E+00  0.0000E+00  0.0000E+00  0.0000E+00
     -4.566  0.1618E+00  0.5464E-02  0.5464E-02  0.5464E-02  0.0000E+00  0.0000E+00  0.0000E+00  0.0000E+00  0.0000E+00
     -4.482  0.1557E+00  0.5465E-02  0.5465E-02  0.5465E-02  0.0000E+00  0.0000E+00  0.0000E+00  0.0000E+00  0.0000E+00
     -4.398  0.1480E+00  0.5422E-02  0.5422E-02  0.5422E-02  0.0000E+00  0.0000E+00  0.0000E+00  0.0000E+00  0.0000E+00
     -4.314  0.1408E+00  0.5360E-02  0.5360E-02  0.5360E-02  0.0000E+00  0.0000E+00  0.0000E+00  0.0000E+00  0.0000E+00
     -4.229  0.1340E+00  0.5287E-02  0.5287E-02  0.5287E-02  0.0000E+00  0.0000E+00  0.0000E+00  0.0000E+00  0.0000E+00
     -4.145  0.1258E+00  0.5172E-02  0.5172E-02  0.5172E-02  0.0000E+00  0.0000E+00  0.0000E+00  0.0000E+00  0.0000E+00
     -4.061  0.1188E+00  0.5049E-02  0.5049E-02  0.5049E-02  0.0000E+00  0.0000E+00  0.0000E+00  0.0000E+00  0.0000E+00
     -3.977  0.1106E+00  0.4884E-02  0.4884E-02  0.4884E-02  0.0000E+00  0.0000E+00  0.0000E+00  0.0000E+00  0.0000E+00
     -3.893  0.1025E+00  0.4695E-02  0.4695E-02  0.4695E-02  0.0000E+00  0.0000E+00  0.0000E+00  0.0000E+00  0.0000E+00
     -3.809  0.9467E-01  0.4483E-02  0.4483E-02  0.4483E-02  0.0000E+00  0.0000E+00  0.0000E+00  0.0000E+00  0.0000E+00
     -3.725  0.8544E-01  0.4219E-02  0.4219E-02  0.4219E-02  0.0000E+00  0.0000E+00  0.0000E+00  0.0000E+00  0.0000E+00
     -3.641  0.7710E-01  0.3945E-02  0.3945E-02  0.3945E-02  0.0000E+00  0.0000E+00  0.0000E+00  0.0000E+00  0.0000E+00
     -3.557  0.6710E-01  0.3593E-02  0.3593E-02  0.3593E-02  0.0000E+00  0.0000E+00  0.0000E+00  0.0000E+00  0.0000E+00
     -3.473  0.4888E-01  0.2750E-02  0.2750E-02  0.2750E-02  0.0000E+00  0.0000E+00  0.0000E+00  0.0000E+00  0.0000E+00
     -3.389  0.1999E-01  0.1138E-02  0.1138E-02  0.1138E-02  0.0000E+00  0.0000E+00  0.0000E+00  0.0000E+00  0.0000E+00
     -3.305  0.5721E-02  0.3242E-03  0.3242E-03  0.3242E-03  0.0000E+00  0.0000E+00  0.0000E+00  0.0000E+00  0.0000E+00
     -3.220  0.7614E-02  0.5117E-03  0.5117E-03  0.5117E-03  0.0000E+00  0.0000E+00  0.0000E+00  0.0000E+00  0.0000E+00
     -3.136  0.2382E-01  0.1605E-02  0.1605E-02  0.1605E-02  0.0000E+00  0.0000E+00  0.0000E+00  0.0000E+00  0.0000E+00
     -3.052  0.4254E-01  0.2902E-02  0.2902E-02  0.2902E-02  0.0000E+00  0.0000E+00  0.0000E+00  0.0000E+00  0.0000E+00
     -2.968  0.5686E-01  0.3978E-02  0.3978E-02  0.3978E-02  0.0000E+00  0.0000E+00  0.0000E+00  0.0000E+00  0.0000E+00
     -2.884  0.6578E-01  0.4771E-02  0.4771E-02  0.4771E-02  0.0000E+00  0.0000E+00  0.0000E+00  0.0000E+00  0.0000E+00
     -2.800  0.7418E-01  0.5539E-02  0.5539E-02  0.5539E-02  0.0000E+00  0.0000E+00  0.0000E+00  0.0000E+00  0.0000E+00
     -2.716  0.8353E-01  0.6471E-02  0.6471E-02  0.6471E-02  0.0000E+00  0.0000E+00  0.0000E+00  0.0000E+00  0.0000E+00
     -2.632  0.9278E-01  0.7488E-02  0.7488E-02  0.7488E-02  0.0000E+00  0.0000E+00  0.0000E+00  0.0000E+00  0.0000E+00
     -2.548  0.1013E+00  0.8507E-02  0.8507E-02  0.8507E-02  0.0000E+00  0.0000E+00  0.0000E+00  0.0000E+00  0.0000E+00
     -2.464  0.1125E+00  0.9968E-02  0.9968E-02  0.9968E-02  0.0000E+00  0.0000E+00  0.0000E+00  0.0000E+00  0.0000E+00
     -2.380  0.1234E+00  0.1154E-01  0.1154E-01  0.1154E-01  0.0000E+00  0.0000E+00  0.0000E+00  0.0000E+00  0.0000E+00
     -2.296  0.1403E+00  0.1423E-01  0.1423E-01  0.1423E-01  0.0000E+00  0.0000E+00  0.0000E+00  0.0000E+00  0.0000E+00
     -2.211  0.2206E+00  0.3003E-01  0.3003E-01  0.3003E-01  0.0000E+00  0.0000E+00  0.0000E+00  0.0000E+00  0.0000E+00
     -2.127  0.2493E+00  0.3793E-01  0.3793E-01  0.3793E-01  0.0000E+00  0.0000E+00  0.0000E+00  0.0000E+00  0.0000E+00
     -2.043  0.1614E+00  0.2289E-01  0.2289E-01  0.2289E-01  0.0000E+00  0.0000E+00  0.0000E+00  0.0000E+00  0.0000E+00
     -1.959  0.1394E+00  0.1962E-01  0.1962E-01  0.1962E-01  0.0000E+00  0.0000E+00  0.0000E+00  0.0000E+00  0.0000E+00
     -1.875  0.1244E+00  0.1757E-01  0.1757E-01  0.1757E-01  0.0000E+00  0.0000E+00  0.0000E+00  0.0000E+00  0.0000E+00
     -1.791  0.1124E+00  0.1605E-01  0.1605E-01  0.1605E-01  0.0000E+00  0.0000E+00  0.0000E+00  0.0000E+00  0.0000E+00
     -1.707  0.1035E+00  0.1494E-01  0.1494E-01  0.1494E-01  0.0000E+00  0.0000E+00  0.0000E+00  0.0000E+00  0.0000E+00
     -1.623  0.9632E-01  0.1407E-01  0.1407E-01  0.1407E-01  0.0000E+00  0.0000E+00  0.0000E+00  0.0000E+00  0.0000E+00
     -1.539  0.8962E-01  0.1329E-01  0.1329E-01  0.1329E-01  0.0000E+00  0.0000E+00  0.0000E+00  0.0000E+00  0.0000E+00
     -1.455  0.8328E-01  0.1257E-01  0.1257E-01  0.1257E-01  0.0000E+00  0.0000E+00  0.0000E+00  0.0000E+00  0.0000E+00
     -1.371  0.7840E-01  0.1201E-01  0.1201E-01  0.1201E-01  0.0000E+00  0.0000E+00  0.0000E+00  0.0000E+00  0.0000E+00
     -1.287  0.7404E-01  0.1152E-01  0.1152E-01  0.1152E-01  0.0000E+00  0.0000E+00  0.0000E+00  0.0000E+00  0.0000E+00
     -1.202  0.6977E-01  0.1104E-01  0.1104E-01  0.1104E-01  0.0000E+00  0.0000E+00  0.0000E+00  0.0000E+00  0.0000E+00
     -1.118  0.6545E-01  0.1056E-01  0.1056E-01  0.1056E-01  0.0000E+00  0.0000E+00  0.0000E+00  0.0000E+00  0.0000E+00
     -1.034  0.6175E-01  0.1014E-01  0.1014E-01  0.1014E-01  0.0000E+00  0.0000E+00  0.0000E+00  0.0000E+00  0.0000E+00
     -0.950  0.5877E-01  0.9814E-02  0.9814E-02  0.9814E-02  0.0000E+00  0.0000E+00  0.0000E+00  0.0000E+00  0.0000E+00
     -0.866  0.5569E-01  0.9469E-02  0.9469E-02  0.9469E-02  0.0000E+00  0.0000E+00  0.0000E+00  0.0000E+00  0.0000E+00
     -0.782  0.5260E-01  0.9119E-02  0.9119E-02  0.9119E-02  0.0000E+00  0.0000E+00  0.0000E+00  0.0000E+00  0.0000E+00
     -0.698  0.4929E-01  0.8729E-02  0.8729E-02  0.8729E-02  0.0000E+00  0.0000E+00  0.0000E+00  0.0000E+00  0.0000E+00
     -0.614  0.4710E-01  0.8479E-02  0.8479E-02  0.8479E-02  0.0000E+00  0.0000E+00  0.0000E+00  0.0000E+00  0.0000E+00
     -0.530  0.4485E-01  0.8219E-02  0.8219E-02  0.8219E-02  0.0000E+00  0.0000E+00  0.0000E+00  0.0000E+00  0.0000E+00
     -0.446  0.4260E-01  0.7955E-02  0.7955E-02  0.7955E-02  0.0000E+00  0.0000E+00  0.0000E+00  0.0000E+00  0.0000E+00
     -0.362  0.4015E-01  0.7655E-02  0.7655E-02  0.7655E-02  0.0000E+00  0.0000E+00  0.0000E+00  0.0000E+00  0.0000E+00
     -0.278  0.3770E-01  0.7345E-02  0.7345E-02  0.7345E-02  0.0000E+00  0.0000E+00  0.0000E+00  0.0000E+00  0.0000E+00
     -0.193  0.3605E-01  0.7144E-02  0.7144E-02  0.7144E-02  0.0000E+00  0.0000E+00  0.0000E+00  0.0000E+00  0.0000E+00
     -0.109  0.3441E-01  0.6941E-02  0.6941E-02  0.6941E-02  0.0000E+00  0.0000E+00  0.0000E+00  0.0000E+00  0.0000E+00
     -0.025  0.3264E-01  0.6715E-02  0.6715E-02  0.6715E-02  0.0000E+00  0.0000E+00  0.0000E+00  0.0000E+00  0.0000E+00
      0.059  0.3084E-01  0.6479E-02  0.6479E-02  0.6479E-02  0.0000E+00  0.0000E+00  0.0000E+00  0.0000E+00  0.0000E+00
      0.143  0.2885E-01  0.6201E-02  0.6201E-02  0.6201E-02  0.0000E+00  0.0000E+00  0.0000E+00  0.0000E+00  0.0000E+00
      0.227  0.2750E-01  0.6017E-02  0.6017E-02  0.6017E-02  0.0000E+00  0.0000E+00  0.0000E+00  0.0000E+00  0.0000E+00
      0.311  0.2622E-01  0.5845E-02  0.5845E-02  0.5845E-02  0.0000E+00  0.0000E+00  0.0000E+00  0.0000E+00  0.0000E+00
      0.395  0.2493E-01  0.5666E-02  0.5666E-02  0.5666E-02  0.0000E+00  0.0000E+00  0.0000E+00  0.0000E+00  0.0000E+00
      0.479  0.2458E-01  0.2249E-01  0.2249E-01  0.2249E-01  0.0000E+00  0.0000E+00  0.0000E+00  0.0000E+00  0.0000E+00
      0.563  0.2486E-01  0.3849E-01  0.3849E-01  0.3849E-01  0.0000E+00  0.0000E+00  0.0000E+00  0.0000E+00  0.0000E+00
      0.647  0.2588E-01  0.5311E-01  0.5311E-01  0.5311E-01  0.0000E+00  0.0000E+00  0.0000E+00  0.0000E+00  0.0000E+00
      0.731  0.2840E-01  0.7110E-01  0.7110E-01  0.7110E-01  0.0000E+00  0.0000E+00  0.0000E+00  0.0000E+00  0.0000E+00
      0.816  0.2838E-01  0.6314E-01  0.6314E-01  0.6314E-01  0.0000E+00  0.0000E+00  0.0000E+00  0.0000E+00  0.0000E+00
      0.900  0.2844E-01  0.5945E-01  0.5945E-01  0.5945E-01  0.0000E+00  0.0000E+00  0.0000E+00  0.0000E+00  0.0000E+00
      0.984  0.2806E-01  0.5519E-01  0.5519E-01  0.5519E-01  0.0000E+00  0.0000E+00  0.0000E+00  0.0000E+00  0.0000E+00
      1.068  0.2763E-01  0.5535E-01  0.5535E-01  0.5535E-01  0.0000E+00  0.0000E+00  0.0000E+00  0.0000E+00  0.0000E+00
      1.152  0.2712E-01  0.5485E-01  0.5485E-01  0.5485E-01  0.0000E+00  0.0000E+00  0.0000E+00  0.0000E+00  0.0000E+00
      1.236  0.2672E-01  0.5635E-01  0.5635E-01  0.5635E-01  0.0000E+00  0.0000E+00  0.0000E+00  0.0000E+00  0.0000E+00
      1.320  0.2631E-01  0.5866E-01  0.5866E-01  0.5866E-01  0.0000E+00  0.0000E+00  0.0000E+00  0.0000E+00  0.0000E+00
      1.404  0.2579E-01  0.6155E-01  0.6155E-01  0.6155E-01  0.0000E+00  0.0000E+00  0.0000E+00  0.0000E+00  0.0000E+00
      1.488  0.2511E-01  0.6542E-01  0.6542E-01  0.6542E-01  0.0000E+00  0.0000E+00  0.0000E+00  0.0000E+00  0.0000E+00
      1.572  0.2413E-01  0.7022E-01  0.7022E-01  0.7022E-01  0.0000E+00  0.0000E+00  0.0000E+00  0.0000E+00  0.0000E+00
      1.656  0.2316E-01  0.7393E-01  0.7393E-01  0.7393E-01  0.0000E+00  0.0000E+00  0.0000E+00  0.0000E+00  0.0000E+00
      1.740  0.2263E-01  0.8919E-01  0.8919E-01  0.8919E-01  0.0000E+00  0.0000E+00  0.0000E+00  0.0000E+00  0.0000E+00
      1.825  0.2181E-01  0.9560E-01  0.9560E-01  0.9560E-01  0.0000E+00  0.0000E+00  0.0000E+00  0.0000E+00  0.0000E+00
      1.909  0.2091E-01  0.9219E-01  0.9219E-01  0.9219E-01  0.0000E+00  0.0000E+00  0.0000E+00  0.0000E+00  0.0000E+00
      1.993  0.1999E-01  0.9229E-01  0.9229E-01  0.9229E-01  0.0000E+00  0.0000E+00  0.0000E+00  0.0000E+00  0.0000E+00
      2.077  0.1887E-01  0.9087E-01  0.9087E-01  0.9087E-01  0.0000E+00  0.0000E+00  0.0000E+00  0.0000E+00  0.0000E+00
      2.161  0.1782E-01  0.8941E-01  0.8941E-01  0.8941E-01  0.0000E+00  0.0000E+00  0.0000E+00  0.0000E+00  0.0000E+00
      2.245  0.1704E-01  0.8907E-01  0.8907E-01  0.8907E-01  0.0000E+00  0.0000E+00  0.0000E+00  0.0000E+00  0.0000E+00
      2.329  0.1630E-01  0.8830E-01  0.8830E-01  0.8830E-01  0.0000E+00  0.0000E+00  0.0000E+00  0.0000E+00  0.0000E+00
      2.413  0.1534E-01  0.8737E-01  0.8737E-01  0.8737E-01  0.0000E+00  0.0000E+00  0.0000E+00  0.0000E+00  0.0000E+00
      2.497  0.1440E-01  0.8673E-01  0.8673E-01  0.8673E-01  0.0000E+00  0.0000E+00  0.0000E+00  0.0000E+00  0.0000E+00
      2.581  0.1349E-01  0.8546E-01  0.8546E-01  0.8546E-01  0.0000E+00  0.0000E+00  0.0000E+00  0.0000E+00  0.0000E+00
      2.665  0.1248E-01  0.8514E-01  0.8514E-01  0.8514E-01  0.0000E+00  0.0000E+00  0.0000E+00  0.0000E+00  0.0000E+00
      2.749  0.1158E-01  0.8441E-01  0.8441E-01  0.8441E-01  0.0000E+00  0.0000E+00  0.0000E+00  0.0000E+00  0.0000E+00
      2.834  0.1064E-01  0.8369E-01  0.8369E-01  0.8369E-01  0.0000E+00  0.0000E+00  0.0000E+00  0.0000E+00  0.0000E+00
      2.918  0.9713E-02  0.8289E-01  0.8289E-01  0.8289E-01  0.0000E+00  0.0000E+00  0.0000E+00  0.0000E+00  0.0000E+00
      3.002  0.8768E-02  0.8280E-01  0.8280E-01  0.8280E-01  0.0000E+00  0.0000E+00  0.0000E+00  0.0000E+00  0.0000E+00
      3.086  0.7816E-02  0.8276E-01  0.8276E-01  0.8276E-01  0.0000E+00  0.0000E+00  0.0000E+00  0.0000E+00  0.0000E+00
      3.170  0.6757E-02  0.8257E-01  0.8257E-01  0.8257E-01  0.0000E+00  0.0000E+00  0.0000E+00  0.0000E+00  0.0000E+00
      3.254  0.5636E-02  0.7670E-01  0.7670E-01  0.7670E-01  0.0000E+00  0.0000E+00  0.0000E+00  0.0000E+00  0.0000E+00
      3.338  0.5022E-02  0.5846E-01  0.5846E-01  0.5846E-01  0.0000E+00  0.0000E+00  0.0000E+00  0.0000E+00  0.0000E+00
      3.422  0.4629E-02  0.4994E-01  0.4994E-01  0.4994E-01  0.0000E+00  0.0000E+00  0.0000E+00  0.0000E+00  0.0000E+00
      3.506  0.4132E-02  0.4360E-01  0.4360E-01  0.4360E-01  0.0000E+00  0.0000E+00  0.0000E+00  0.0000E+00  0.0000E+00
      3.590  0.3580E-02  0.3814E-01  0.3814E-01  0.3814E-01  0.0000E+00  0.0000E+00  0.0000E+00  0.0000E+00  0.0000E+00
      3.674  0.2998E-02  0.3417E-01  0.3417E-01  0.3417E-01  0.0000E+00  0.0000E+00  0.0000E+00  0.0000E+00  0.0000E+00
      3.758  0.2368E-02  0.2992E-01  0.2992E-01  0.2992E-01  0.0000E+00  0.0000E+00  0.0000E+00  0.0000E+00  0.0000E+00
      3.843  0.1986E-02  0.2611E-01  0.2611E-01  0.2611E-01  0.0000E+00  0.0000E+00  0.0000E+00  0.0000E+00  0.0000E+00
      3.927  0.1531E-02  0.2266E-01  0.2266E-01  0.2266E-01  0.0000E+00  0.0000E+00  0.0000E+00  0.0000E+00  0.0000E+00
      4.011  0.1212E-02  0.1948E-01  0.1948E-01  0.1948E-01  0.0000E+00  0.0000E+00  0.0000E+00  0.0000E+00  0.0000E+00
      4.095  0.8551E-03  0.1598E-01  0.1598E-01  0.1598E-01  0.0000E+00  0.0000E+00  0.0000E+00  0.0000E+00  0.0000E+00
      4.179  0.4953E-03  0.1349E-01  0.1349E-01  0.1349E-01  0.0000E+00  0.0000E+00  0.0000E+00  0.0000E+00  0.0000E+00
      4.263  0.2670E-03  0.9355E-02  0.9355E-02  0.9355E-02  0.0000E+00  0.0000E+00  0.0000E+00  0.0000E+00  0.0000E+00
      4.347  0.3682E-04  0.4234E-02  0.4234E-02  0.4234E-02  0.0000E+00  0.0000E+00  0.0000E+00  0.0000E+00  0.0000E+00
      4.431  0.0000E+00  0.0000E+00  0.0000E+00  0.0000E+00  0.0000E+00  0.0000E+00  0.0000E+00  0.0000E+00  0.0000E+00
      4.515  0.0000E+00  0.0000E+00  0.0000E+00  0.0000E+00  0.0000E+00  0.0000E+00  0.0000E+00  0.0000E+00  0.0000E+00
      4.599  0.0000E+00  0.0000E+00  0.0000E+00  0.0000E+00  0.0000E+00  0.0000E+00  0.0000E+00  0.0000E+00  0.0000E+00
      4.683  0.0000E+00  0.0000E+00  0.0000E+00  0.0000E+00  0.0000E+00  0.0000E+00  0.0000E+00  0.0000E+00  0.0000E+00
      4.767  0.0000E+00  0.0000E+00  0.0000E+00  0.0000E+00  0.0000E+00  0.0000E+00  0.0000E+00  0.0000E+00  0.0000E+00
      4.852  0.0000E+00  0.0000E+00  0.0000E+00  0.0000E+00  0.0000E+00  0.0000E+00  0.0000E+00  0.0000E+00  0.0000E+00
      4.936  0.0000E+00  0.0000E+00  0.0000E+00  0.0000E+00  0.0000E+00  0.0000E+00  0.0000E+00  0.0000E+00  0.0000E+00
      5.020  0.0000E+00  0.0000E+00  0.0000E+00  0.0000E+00  0.0000E+00  0.0000E+00  0.0000E+00  0.0000E+00  0.0000E+00
      5.104  0.0000E+00  0.0000E+00  0.0000E+00  0.0000E+00  0.0000E+00  0.0000E+00  0.0000E+00  0.0000E+00  0.0000E+00
      5.188  0.0000E+00  0.0000E+00  0.0000E+00  0.0000E+00  0.0000E+00  0.0000E+00  0.0000E+00  0.0000E+00  0.0000E+00
      5.272  0.0000E+00  0.0000E+00  0.0000E+00  0.0000E+00  0.0000E+00  0.0000E+00  0.0000E+00  0.0000E+00  0.0000E+00
      5.356  0.0000E+00  0.0000E+00  0.0000E+00  0.0000E+00  0.0000E+00  0.0000E+00  0.0000E+00  0.0000E+00  0.0000E+00
      5.440  0.3273E-02  0.1247E-02  0.1247E-02  0.1247E-02  0.0000E+00  0.0000E+00  0.0000E+00  0.0000E+00  0.0000E+00
      5.524  0.7874E-02  0.3107E-02  0.3107E-02  0.3107E-02  0.0000E+00  0.0000E+00  0.0000E+00  0.0000E+00  0.0000E+00
      5.608  0.1171E-01  0.4729E-02  0.4729E-02  0.4729E-02  0.0000E+00  0.0000E+00  0.0000E+00  0.0000E+00  0.0000E+00
      5.692  0.1612E-01  0.6643E-02  0.6643E-02  0.6643E-02  0.0000E+00  0.0000E+00  0.0000E+00  0.0000E+00  0.0000E+00
      5.777  0.1927E-01  0.7963E-02  0.7963E-02  0.7963E-02  0.0000E+00  0.0000E+00  0.0000E+00  0.0000E+00  0.0000E+00
      5.861  0.2918E-01  0.9893E-02  0.9893E-02  0.9893E-02  0.0000E+00  0.0000E+00  0.0000E+00  0.0000E+00  0.0000E+00
      5.945  0.3846E-01  0.1207E-01  0.1207E-01  0.1207E-01  0.0000E+00  0.0000E+00  0.0000E+00  0.0000E+00  0.0000E+00
      6.029  0.4518E-01  0.1430E-01  0.1430E-01  0.1430E-01  0.0000E+00  0.0000E+00  0.0000E+00  0.0000E+00  0.0000E+00
      6.113  0.5207E-01  0.1665E-01  0.1665E-01  0.1665E-01  0.0000E+00  0.0000E+00  0.0000E+00  0.0000E+00  0.0000E+00
      6.197  0.5840E-01  0.1882E-01  0.1882E-01  0.1882E-01  0.0000E+00  0.0000E+00  0.0000E+00  0.0000E+00  0.0000E+00
      6.281  0.6556E-01  0.2162E-01  0.2162E-01  0.2162E-01  0.0000E+00  0.0000E+00  0.0000E+00  0.0000E+00  0.0000E+00
      6.365  0.7346E-01  0.2474E-01  0.2474E-01  0.2474E-01  0.0000E+00  0.0000E+00  0.0000E+00  0.0000E+00  0.0000E+00
      6.449  0.8288E-01  0.2835E-01  0.2835E-01  0.2835E-01  0.0000E+00  0.0000E+00  0.0000E+00  0.0000E+00  0.0000E+00
      6.533  0.9447E-01  0.3276E-01  0.3276E-01  0.3276E-01  0.0000E+00  0.0000E+00  0.0000E+00  0.0000E+00  0.0000E+00
      6.617  0.1231E+00  0.4253E-01  0.4253E-01  0.4253E-01  0.0000E+00  0.0000E+00  0.0000E+00  0.0000E+00  0.0000E+00
      6.701  0.1365E+00  0.4848E-01  0.4848E-01  0.4848E-01  0.0000E+00  0.0000E+00  0.0000E+00  0.0000E+00  0.0000E+00
      6.786  0.1314E+00  0.4948E-01  0.4948E-01  0.4948E-01  0.0000E+00  0.0000E+00  0.0000E+00  0.0000E+00  0.0000E+00
      6.870  0.1306E+00  0.5015E-01  0.5015E-01  0.5015E-01  0.0000E+00  0.0000E+00  0.0000E+00  0.0000E+00  0.0000E+00
      6.954  0.1224E+00  0.4674E-01  0.4674E-01  0.4674E-01  0.0000E+00  0.0000E+00  0.0000E+00  0.0000E+00  0.0000E+00
      7.038  0.9542E-01  0.3900E-01  0.3900E-01  0.3900E-01  0.0000E+00  0.0000E+00  0.0000E+00  0.0000E+00  0.0000E+00
      7.122  0.8584E-01  0.3774E-01  0.3774E-01  0.3774E-01  0.0000E+00  0.0000E+00  0.0000E+00  0.0000E+00  0.0000E+00
      7.206  0.8426E-01  0.3884E-01  0.3884E-01  0.3884E-01  0.0000E+00  0.0000E+00  0.0000E+00  0.0000E+00  0.0000E+00
      7.290  0.7464E-01  0.3677E-01  0.3677E-01  0.3677E-01  0.0000E+00  0.0000E+00  0.0000E+00  0.0000E+00  0.0000E+00
      7.374  0.6109E-01  0.3419E-01  0.3419E-01  0.3419E-01  0.0000E+00  0.0000E+00  0.0000E+00  0.0000E+00  0.0000E+00
      7.458  0.5333E-01  0.3346E-01  0.3346E-01  0.3346E-01  0.0000E+00  0.0000E+00  0.0000E+00  0.0000E+00  0.0000E+00
      7.542  0.4736E-01  0.3249E-01  0.3249E-01  0.3249E-01  0.0000E+00  0.0000E+00  0.0000E+00  0.0000E+00  0.0000E+00
      7.626  0.4476E-01  0.3339E-01  0.3339E-01  0.3339E-01  0.0000E+00  0.0000E+00  0.0000E+00  0.0000E+00  0.0000E+00
      7.710  0.4897E-01  0.3728E-01  0.3728E-01  0.3728E-01  0.0000E+00  0.0000E+00  0.0000E+00  0.0000E+00  0.0000E+00
      7.795  0.5116E-01  0.4165E-01  0.4165E-01  0.4165E-01  0.0000E+00  0.0000E+00  0.0000E+00  0.0000E+00  0.0000E+00
      7.879  0.5761E-01  0.5671E-01  0.5671E-01  0.5671E-01  0.0000E+00  0.0000E+00  0.0000E+00  0.0000E+00  0.0000E+00
      7.963  0.7115E-01  0.1036E+00  0.1036E+00  0.1036E+00  0.0000E+00  0.0000E+00  0.0000E+00  0.0000E+00  0.0000E+00
      8.047  0.9864E-01  0.9202E-01  0.9202E-01  0.9202E-01  0.0000E+00  0.0000E+00  0.0000E+00  0.0000E+00  0.0000E+00
      8.131  0.8027E-01  0.7096E-01  0.7096E-01  0.7096E-01  0.0000E+00  0.0000E+00  0.0000E+00  0.0000E+00  0.0000E+00
      8.215  0.5521E-01  0.6217E-01  0.6217E-01  0.6217E-01  0.0000E+00  0.0000E+00  0.0000E+00  0.0000E+00  0.0000E+00
      8.299  0.4222E-01  0.5665E-01  0.5665E-01  0.5665E-01  0.0000E+00  0.0000E+00  0.0000E+00  0.0000E+00  0.0000E+00
      8.383  0.4144E-01  0.5617E-01  0.5617E-01  0.5617E-01  0.0000E+00  0.0000E+00  0.0000E+00  0.0000E+00  0.0000E+00
      8.467  0.3526E-01  0.5046E-01  0.5046E-01  0.5046E-01  0.0000E+00  0.0000E+00  0.0000E+00  0.0000E+00  0.0000E+00
      8.551  0.3182E-01  0.4662E-01  0.4662E-01  0.4662E-01  0.0000E+00  0.0000E+00  0.0000E+00  0.0000E+00  0.0000E+00
      8.635  0.2931E-01  0.4447E-01  0.4447E-01  0.4447E-01  0.0000E+00  0.0000E+00  0.0000E+00  0.0000E+00  0.0000E+00
      8.719  0.2578E-01  0.4169E-01  0.4169E-01  0.4169E-01  0.0000E+00  0.0000E+00  0.0000E+00  0.0000E+00  0.0000E+00
      8.804  0.2575E-01  0.4192E-01  0.4192E-01  0.4192E-01  0.0000E+00  0.0000E+00  0.0000E+00  0.0000E+00  0.0000E+00
      8.888  0.2677E-01  0.4393E-01  0.4393E-01  0.4393E-01  0.0000E+00  0.0000E+00  0.0000E+00  0.0000E+00  0.0000E+00
      8.972  0.2876E-01  0.4801E-01  0.4801E-01  0.4801E-01  0.0000E+00  0.0000E+00  0.0000E+00  0.0000E+00  0.0000E+00
      9.056  0.3073E-01  0.5142E-01  0.5142E-01  0.5142E-01  0.0000E+00  0.0000E+00  0.0000E+00  0.0000E+00  0.0000E+00
      9.140  0.3255E-01  0.5578E-01  0.5578E-01  0.5578E-01  0.0000E+00  0.0000E+00  0.0000E+00  0.0000E+00  0.0000E+00
      9.224  0.3282E-01  0.5418E-01  0.5418E-01  0.5418E-01  0.0000E+00  0.0000E+00  0.0000E+00  0.0000E+00  0.0000E+00
      9.308  0.3788E-01  0.5209E-01  0.5209E-01  0.5209E-01  0.0000E+00  0.0000E+00  0.0000E+00  0.0000E+00  0.0000E+00
      9.392  0.3483E-01  0.4997E-01  0.4997E-01  0.4997E-01  0.0000E+00  0.0000E+00  0.0000E+00  0.0000E+00  0.0000E+00
      9.476  0.3454E-01  0.4894E-01  0.4894E-01  0.4894E-01  0.0000E+00  0.0000E+00  0.0000E+00  0.0000E+00  0.0000E+00
      9.560  0.3358E-01  0.4711E-01  0.4711E-01  0.4711E-01  0.0000E+00  0.0000E+00  0.0000E+00  0.0000E+00  0.0000E+00
      9.644  0.3407E-01  0.4668E-01  0.4668E-01  0.4668E-01  0.0000E+00  0.0000E+00  0.0000E+00  0.0000E+00  0.0000E+00
      9.728  0.3603E-01  0.4881E-01  0.4881E-01  0.4881E-01  0.0000E+00  0.0000E+00  0.0000E+00  0.0000E+00  0.0000E+00
      9.813  0.3590E-01  0.4809E-01  0.4809E-01  0.4809E-01  0.0000E+00  0.0000E+00  0.0000E+00  0.0000E+00  0.0000E+00
      9.897  0.3484E-01  0.4734E-01  0.4734E-01  0.4734E-01  0.0000E+00  0.0000E+00  0.0000E+00  0.0000E+00  0.0000E+00
      9.981  0.3419E-01  0.4637E-01  0.4637E-01  0.4637E-01  0.0000E+00  0.0000E+00  0.0000E+00  0.0000E+00  0.0000E+00
     10.065  0.3228E-01  0.4539E-01  0.4539E-01  0.4539E-01  0.0000E+00  0.0000E+00  0.0000E+00  0.0000E+00  0.0000E+00
     10.149  0.3065E-01  0.4408E-01  0.4408E-01  0.4408E-01  0.0000E+00  0.0000E+00  0.0000E+00  0.0000E+00  0.0000E+00
     10.233  0.2919E-01  0.4325E-01  0.4325E-01  0.4325E-01  0.0000E+00  0.0000E+00  0.0000E+00  0.0000E+00  0.0000E+00
     10.317  0.2736E-01  0.4252E-01  0.4252E-01  0.4252E-01  0.0000E+00  0.0000E+00  0.0000E+00  0.0000E+00  0.0000E+00
     10.401  0.2657E-01  0.4200E-01  0.4200E-01  0.4200E-01  0.0000E+00  0.0000E+00  0.0000E+00  0.0000E+00  0.0000E+00
     10.485  0.2775E-01  0.4369E-01  0.4369E-01  0.4369E-01  0.0000E+00  0.0000E+00  0.0000E+00  0.0000E+00  0.0000E+00
     10.569  0.2691E-01  0.4421E-01  0.4421E-01  0.4421E-01  0.0000E+00  0.0000E+00  0.0000E+00  0.0000E+00  0.0000E+00
     10.653  0.2262E-01  0.3868E-01  0.3868E-01  0.3868E-01  0.0000E+00  0.0000E+00  0.0000E+00  0.0000E+00  0.0000E+00
     10.737  0.2042E-01  0.3646E-01  0.3646E-01  0.3646E-01  0.0000E+00  0.0000E+00  0.0000E+00  0.0000E+00  0.0000E+00
     10.822  0.1962E-01  0.3642E-01  0.3642E-01  0.3642E-01  0.0000E+00  0.0000E+00  0.0000E+00  0.0000E+00  0.0000E+00
     10.906  0.1945E-01  0.3721E-01  0.3721E-01  0.3721E-01  0.0000E+00  0.0000E+00  0.0000E+00  0.0000E+00  0.0000E+00
     10.990  0.2055E-01  0.3996E-01  0.3996E-01  0.3996E-01  0.0000E+00  0.0000E+00  0.0000E+00  0.0000E+00  0.0000E+00
     11.074  0.2107E-01  0.4179E-01  0.4179E-01  0.4179E-01  0.0000E+00  0.0000E+00  0.0000E+00  0.0000E+00  0.0000E+00
     11.158  0.2094E-01  0.4211E-01  0.4211E-01  0.4211E-01  0.0000E+00  0.0000E+00  0.0000E+00  0.0000E+00  0.0000E+00
     11.242  0.2053E-01  0.4186E-01  0.4186E-01  0.4186E-01  0.0000E+00  0.0000E+00  0.0000E+00  0.0000E+00  0.0000E+00
     11.326  0.1841E-01  0.3877E-01  0.3877E-01  0.3877E-01  0.0000E+00  0.0000E+00  0.0000E+00  0.0000E+00  0.0000E+00
     11.410  0.1546E-01  0.3413E-01  0.3413E-01  0.3413E-01  0.0000E+00  0.0000E+00  0.0000E+00  0.0000E+00  0.0000E+00
     11.494  0.1379E-01  0.3226E-01  0.3226E-01  0.3226E-01  0.0000E+00  0.0000E+00  0.0000E+00  0.0000E+00  0.0000E+00
     11.578  0.1298E-01  0.3154E-01  0.3154E-01  0.3154E-01  0.0000E+00  0.0000E+00  0.0000E+00  0.0000E+00  0.0000E+00
     11.662  0.1219E-01  0.3073E-01  0.3073E-01  0.3073E-01  0.0000E+00  0.0000E+00  0.0000E+00  0.0000E+00  0.0000E+00
     11.746  0.1097E-01  0.2897E-01  0.2897E-01  0.2897E-01  0.0000E+00  0.0000E+00  0.0000E+00  0.0000E+00  0.0000E+00
     11.831  0.9693E-02  0.2728E-01  0.2728E-01  0.2728E-01  0.0000E+00  0.0000E+00  0.0000E+00  0.0000E+00  0.0000E+00
     11.915  0.8932E-02  0.2618E-01  0.2618E-01  0.2618E-01  0.0000E+00  0.0000E+00  0.0000E+00  0.0000E+00  0.0000E+00
     11.999  0.8288E-02  0.2530E-01  0.2530E-01  0.2530E-01  0.0000E+00  0.0000E+00  0.0000E+00  0.0000E+00  0.0000E+00
     12.083  0.7702E-02  0.2449E-01  0.2449E-01  0.2449E-01  0.0000E+00  0.0000E+00  0.0000E+00  0.0000E+00  0.0000E+00
     12.167  0.7346E-02  0.2438E-01  0.2438E-01  0.2438E-01  0.0000E+00  0.0000E+00  0.0000E+00  0.0000E+00  0.0000E+00
     12.251  0.6446E-02  0.2324E-01  0.2324E-01  0.2324E-01  0.0000E+00  0.0000E+00  0.0000E+00  0.0000E+00  0.0000E+00
     12.335  0.5215E-02  0.2168E-01  0.2168E-01  0.2168E-01  0.0000E+00  0.0000E+00  0.0000E+00  0.0000E+00  0.0000E+00
     12.419  0.4860E-02  0.2196E-01  0.2196E-01  0.2196E-01  0.0000E+00  0.0000E+00  0.0000E+00  0.0000E+00  0.0000E+00
     12.503  0.4648E-02  0.2970E-01  0.2970E-01  0.2970E-01  0.0000E+00  0.0000E+00  0.0000E+00  0.0000E+00  0.0000E+00
     12.587  0.3290E-02  0.1912E-01  0.1912E-01  0.1912E-01  0.0000E+00  0.0000E+00  0.0000E+00  0.0000E+00  0.0000E+00
     12.671  0.2554E-02  0.1218E-01  0.1218E-01  0.1218E-01  0.0000E+00  0.0000E+00  0.0000E+00  0.0000E+00  0.0000E+00
     12.755  0.2258E-02  0.1116E-01  0.1116E-01  0.1116E-01  0.0000E+00  0.0000E+00  0.0000E+00  0.0000E+00  0.0000E+00
     12.840  0.2028E-02  0.1042E-01  0.1042E-01  0.1042E-01  0.0000E+00  0.0000E+00  0.0000E+00  0.0000E+00  0.0000E+00
     12.924  0.1855E-02  0.9912E-02  0.9912E-02  0.9912E-02  0.0000E+00  0.0000E+00  0.0000E+00  0.0000E+00  0.0000E+00
     13.008  0.1720E-02  0.9622E-02  0.9622E-02  0.9622E-02  0.0000E+00  0.0000E+00  0.0000E+00  0.0000E+00  0.0000E+00
     13.092  0.1498E-02  0.9035E-02  0.9035E-02  0.9035E-02  0.0000E+00  0.0000E+00  0.0000E+00  0.0000E+00  0.0000E+00
     13.176  0.1125E-02  0.8196E-02  0.8196E-02  0.8196E-02  0.0000E+00  0.0000E+00  0.0000E+00  0.0000E+00  0.0000E+00
     13.260  0.9031E-03  0.7848E-02  0.7848E-02  0.7848E-02  0.0000E+00  0.0000E+00  0.0000E+00  0.0000E+00  0.0000E+00
     13.344  0.7199E-03  0.6556E-02  0.6556E-02  0.6556E-02  0.0000E+00  0.0000E+00  0.0000E+00  0.0000E+00  0.0000E+00
     13.428  0.5626E-03  0.5492E-02  0.5492E-02  0.5492E-02  0.0000E+00  0.0000E+00  0.0000E+00  0.0000E+00  0.0000E+00
     13.512  0.4313E-03  0.4669E-02  0.4669E-02  0.4669E-02  0.0000E+00  0.0000E+00  0.0000E+00  0.0000E+00  0.0000E+00
     13.596  0.3267E-03  0.4064E-02  0.4064E-02  0.4064E-02  0.0000E+00  0.0000E+00  0.0000E+00  0.0000E+00  0.0000E+00
     13.680  0.2645E-03  0.3946E-02  0.3946E-02  0.3946E-02  0.0000E+00  0.0000E+00  0.0000E+00  0.0000E+00  0.0000E+00
     13.764  0.2109E-03  0.3697E-02  0.3697E-02  0.3697E-02  0.0000E+00  0.0000E+00  0.0000E+00  0.0000E+00  0.0000E+00
     13.849  0.6105E-04  0.2194E-02  0.2194E-02  0.2194E-02  0.0000E+00  0.0000E+00  0.0000E+00  0.0000E+00  0.0000E+00
     13.933  0.1836E-04  0.6599E-03  0.6599E-03  0.6599E-03  0.0000E+00  0.0000E+00  0.0000E+00  0.0000E+00  0.0000E+00
     14.017  0.5711E-06  0.2053E-04  0.2053E-04  0.2053E-04  0.0000E+00  0.0000E+00  0.0000E+00  0.0000E+00  0.0000E+00
     14.101  0.0000E+00  0.0000E+00  0.0000E+00  0.0000E+00  0.0000E+00  0.0000E+00  0.0000E+00  0.0000E+00  0.0000E+00
     14.185  0.0000E+00  0.0000E+00  0.0000E+00  0.0000E+00  0.0000E+00  0.0000E+00  0.0000E+00  0.0000E+00  0.0000E+00
     14.269  0.0000E+00  0.0000E+00  0.0000E+00  0.0000E+00  0.0000E+00  0.0000E+00  0.0000E+00  0.0000E+00  0.0000E+00
     14.353  0.0000E+00  0.0000E+00  0.0000E+00  0.0000E+00  0.0000E+00  0.0000E+00  0.0000E+00  0.0000E+00  0.0000E+00
     14.437  0.0000E+00  0.0000E+00  0.0000E+00  0.0000E+00  0.0000E+00  0.0000E+00  0.0000E+00  0.0000E+00  0.0000E+00
     14.521  0.0000E+00  0.0000E+00  0.0000E+00  0.0000E+00  0.0000E+00  0.0000E+00  0.0000E+00  0.0000E+00  0.0000E+00
     14.605  0.0000E+00  0.0000E+00  0.0000E+00  0.0000E+00  0.0000E+00  0.0000E+00  0.0000E+00  0.0000E+00  0.0000E+00
     14.689  0.0000E+00  0.0000E+00  0.0000E+00  0.0000E+00  0.0000E+00  0.0000E+00  0.0000E+00  0.0000E+00  0.0000E+00
     14.773  0.0000E+00  0.0000E+00  0.0000E+00  0.0000E+00  0.0000E+00  0.0000E+00  0.0000E+00  0.0000E+00  0.0000E+00
     14.858  0.0000E+00  0.0000E+00  0.0000E+00  0.0000E+00  0.0000E+00  0.0000E+00  0.0000E+00  0.0000E+00  0.0000E+00
     14.942  0.0000E+00  0.0000E+00  0.0000E+00  0.0000E+00  0.0000E+00  0.0000E+00  0.0000E+00  0.0000E+00  0.0000E+00
     15.026  0.0000E+00  0.0000E+00  0.0000E+00  0.0000E+00  0.0000E+00  0.0000E+00  0.0000E+00  0.0000E+00  0.0000E+00
     15.110  0.0000E+00  0.0000E+00  0.0000E+00  0.0000E+00  0.0000E+00  0.0000E+00  0.0000E+00  0.0000E+00  0.0000E+00
     15.194  0.0000E+00  0.0000E+00  0.0000E+00  0.0000E+00  0.0000E+00  0.0000E+00  0.0000E+00  0.0000E+00  0.0000E+00
     15.278  0.0000E+00  0.0000E+00  0.0000E+00  0.0000E+00  0.0000E+00  0.0000E+00  0.0000E+00  0.0000E+00  0.0000E+00
     15.362  0.0000E+00  0.0000E+00  0.0000E+00  0.0000E+00  0.0000E+00  0.0000E+00  0.0000E+00  0.0000E+00  0.0000E+00
     15.446  0.0000E+00  0.0000E+00  0.0000E+00  0.0000E+00  0.0000E+00  0.0000E+00  0.0000E+00  0.0000E+00  0.0000E+00
     15.530  0.0000E+00  0.0000E+00  0.0000E+00  0.0000E+00  0.0000E+00  0.0000E+00  0.0000E+00  0.0000E+00  0.0000E+00
     15.614  0.0000E+00  0.0000E+00  0.0000E+00  0.0000E+00  0.0000E+00  0.0000E+00  0.0000E+00  0.0000E+00  0.0000E+00
     15.698  0.0000E+00  0.0000E+00  0.0000E+00  0.0000E+00  0.0000E+00  0.0000E+00  0.0000E+00  0.0000E+00  0.0000E+00
     15.782  0.0000E+00  0.0000E+00  0.0000E+00  0.0000E+00  0.0000E+00  0.0000E+00  0.0000E+00  0.0000E+00  0.0000E+00
     15.867  0.0000E+00  0.0000E+00  0.0000E+00  0.0000E+00  0.0000E+00  0.0000E+00  0.0000E+00  0.0000E+00  0.0000E+00
     15.951  0.0000E+00  0.0000E+00  0.0000E+00  0.0000E+00  0.0000E+00  0.0000E+00  0.0000E+00  0.0000E+00  0.0000E+00
     16.035  0.0000E+00  0.0000E+00  0.0000E+00  0.0000E+00  0.0000E+00  0.0000E+00  0.0000E+00  0.0000E+00  0.0000E+00
     16.03470427     -9.19038611  301      5.37800504      1.00000000
     -9.190  0.0000E+00  0.0000E+00  0.0000E+00  0.0000E+00  0.0000E+00  0.0000E+00  0.0000E+00  0.0000E+00  0.0000E+00
     -9.106  0.0000E+00  0.0000E+00  0.0000E+00  0.0000E+00  0.0000E+00  0.0000E+00  0.0000E+00  0.0000E+00  0.0000E+00
     -9.022  0.0000E+00  0.0000E+00  0.0000E+00  0.0000E+00  0.0000E+00  0.0000E+00  0.0000E+00  0.0000E+00  0.0000E+00
     -8.938  0.0000E+00  0.0000E+00  0.0000E+00  0.0000E+00  0.0000E+00  0.0000E+00  0.0000E+00  0.0000E+00  0.0000E+00
     -8.854  0.0000E+00  0.0000E+00  0.0000E+00  0.0000E+00  0.0000E+00  0.0000E+00  0.0000E+00  0.0000E+00  0.0000E+00
     -8.770  0.0000E+00  0.0000E+00  0.0000E+00  0.0000E+00  0.0000E+00  0.0000E+00  0.0000E+00  0.0000E+00  0.0000E+00
     -8.686  0.0000E+00  0.0000E+00  0.0000E+00  0.0000E+00  0.0000E+00  0.0000E+00  0.0000E+00  0.0000E+00  0.0000E+00
     -8.602  0.0000E+00  0.0000E+00  0.0000E+00  0.0000E+00  0.0000E+00  0.0000E+00  0.0000E+00  0.0000E+00  0.0000E+00
     -8.518  0.0000E+00  0.0000E+00  0.0000E+00  0.0000E+00  0.0000E+00  0.0000E+00  0.0000E+00  0.0000E+00  0.0000E+00
     -8.434  0.0000E+00  0.0000E+00  0.0000E+00  0.0000E+00  0.0000E+00  0.0000E+00  0.0000E+00  0.0000E+00  0.0000E+00
     -8.350  0.0000E+00  0.0000E+00  0.0000E+00  0.0000E+00  0.0000E+00  0.0000E+00  0.0000E+00  0.0000E+00  0.0000E+00
     -8.265  0.0000E+00  0.0000E+00  0.0000E+00  0.0000E+00  0.0000E+00  0.0000E+00  0.0000E+00  0.0000E+00  0.0000E+00
     -8.181  0.0000E+00  0.0000E+00  0.0000E+00  0.0000E+00  0.0000E+00  0.0000E+00  0.0000E+00  0.0000E+00  0.0000E+00
     -8.097  0.0000E+00  0.0000E+00  0.0000E+00  0.0000E+00  0.0000E+00  0.0000E+00  0.0000E+00  0.0000E+00  0.0000E+00
     -8.013  0.0000E+00  0.0000E+00  0.0000E+00  0.0000E+00  0.0000E+00  0.0000E+00  0.0000E+00  0.0000E+00  0.0000E+00
     -7.929  0.0000E+00  0.0000E+00  0.0000E+00  0.0000E+00  0.0000E+00  0.0000E+00  0.0000E+00  0.0000E+00  0.0000E+00
     -7.845  0.0000E+00  0.0000E+00  0.0000E+00  0.0000E+00  0.0000E+00  0.0000E+00  0.0000E+00  0.0000E+00  0.0000E+00
     -7.761  0.0000E+00  0.0000E+00  0.0000E+00  0.0000E+00  0.0000E+00  0.0000E+00  0.0000E+00  0.0000E+00  0.0000E+00
     -7.677  0.0000E+00  0.0000E+00  0.0000E+00  0.0000E+00  0.0000E+00  0.0000E+00  0.0000E+00  0.0000E+00  0.0000E+00
     -7.593  0.0000E+00  0.0000E+00  0.0000E+00  0.0000E+00  0.0000E+00  0.0000E+00  0.0000E+00  0.0000E+00  0.0000E+00
     -7.509  0.0000E+00  0.0000E+00  0.0000E+00  0.0000E+00  0.0000E+00  0.0000E+00  0.0000E+00  0.0000E+00  0.0000E+00
     -7.425  0.0000E+00  0.0000E+00  0.0000E+00  0.0000E+00  0.0000E+00  0.0000E+00  0.0000E+00  0.0000E+00  0.0000E+00
     -7.341  0.0000E+00  0.0000E+00  0.0000E+00  0.0000E+00  0.0000E+00  0.0000E+00  0.0000E+00  0.0000E+00  0.0000E+00
     -7.256  0.0000E+00  0.0000E+00  0.0000E+00  0.0000E+00  0.0000E+00  0.0000E+00  0.0000E+00  0.0000E+00  0.0000E+00
     -7.172  0.9046E-02  0.2508E-05  0.2508E-05  0.2508E-05  0.0000E+00  0.0000E+00  0.0000E+00  0.0000E+00  0.0000E+00
     -7.088  0.3242E-01  0.4696E-04  0.4696E-04  0.4696E-04  0.0000E+00  0.0000E+00  0.0000E+00  0.0000E+00  0.0000E+00
     -7.004  0.3311E-01  0.9942E-04  0.9942E-04  0.9942E-04  0.0000E+00  0.0000E+00  0.0000E+00  0.0000E+00  0.0000E+00
     -6.920  0.4059E-01  0.1734E-03  0.1734E-03  0.1734E-03  0.0000E+00  0.0000E+00  0.0000E+00  0.0000E+00  0.0000E+00
     -6.836  0.4743E-01  0.2571E-03  0.2571E-03  0.2571E-03  0.0000E+00  0.0000E+00  0.0000E+00  0.0000E+00  0.0000E+00
     -6.752  0.5254E-01  0.3585E-03  0.3585E-03  0.3585E-03  0.0000E+00  0.0000E+00  0.0000E+00  0.0000E+00  0.0000E+00
     -6.668  0.5815E-01  0.4643E-03  0.4643E-03  0.4643E-03  0.0000E+00  0.0000E+00  0.0000E+00  0.0000E+00  0.0000E+00
     -6.584  0.6274E-01  0.5853E-03  0.5853E-03  0.5853E-03  0.0000E+00  0.0000E+00  0.0000E+00  0.0000E+00  0.0000E+00
     -6.500  0.6787E-01  0.7078E-03  0.7078E-03  0.7078E-03  0.0000E+00  0.0000E+00  0.0000E+00  0.0000E+00  0.0000E+00
     -6.416  0.7210E-01  0.8480E-03  0.8480E-03  0.8480E-03  0.0000E+00  0.0000E+00  0.0000E+00  0.0000E+00  0.0000E+00
     -6.332  0.7677E-01  0.9888E-03  0.9888E-03  0.9888E-03  0.0000E+00  0.0000E+00  0.0000E+00  0.0000E+00  0.0000E+00
     -6.247  0.8109E-01  0.1143E-02  0.1143E-02  0.1143E-02  0.0000E+00  0.0000E+00  0.0000E+00  0.0000E+00  0.0000E+00
     -6.163  0.8544E-01  0.1305E-02  0.1305E-02  0.1305E-02  0.0000E+00  0.0000E+00  0.0000E+00  0.0000E+00  0.0000E+00
     -6.079  0.9014E-01  0.1468E-02  0.1468E-02  0.1468E-02  0.0000E+00  0.0000E+00  0.0000E+00  0.0000E+00  0.0000E+00
     -5.995  0.9439E-01  0.1653E-02  0.1653E-02  0.1653E-02  0.0000E+00  0.0000E+00  0.0000E+00  0.0000E+00  0.0000E+00
     -5.911  0.9901E-01  0.1839E-02  0.1839E-02  0.1839E-02  0.0000E+00  0.0000E+00  0.0000E+00  0.0000E+00  0.0000E+00
     -5.827  0.1039E+00  0.2029E-02  0.2029E-02  0.2029E-02  0.0000E+00  0.0000E+00  0.0000E+00  0.0000E+00  0.0000E+00
     -5.743  0.1088E+00  0.2245E-02  0.2245E-02  0.2245E-02  0.0000E+00  0.0000E+00  0.0000E+00  0.0000E+00  0.0000E+00
     -5.659  0.1141E+00  0.2464E-02  0.2464E-02  0.2464E-02  0.0000E+00  0.0000E+00  0.0000E+00  0.0000E+00  0.0000E+00
     -5.575  0.1199E+00  0.2689E-02  0.2689E-02  0.2689E-02  0.0000E+00  0.0000E+00  0.0000E+00  0.0000E+00  0.0000E+00
     -5.491  0.1261E+00  0.2949E-02  0.2949E-02  0.2949E-02  0.0000E+00  0.0000E+00  0.0000E+00  0.0000E+00  0.0000E+00
     -5.407  0.1333E+00  0.3225E-02  0.3225E-02  0.3225E-02  0.0000E+00  0.0000E+00  0.0000E+00  0.0000E+00  0.0000E+00
     -5.323  0.1418E+00  0.3522E-02  0.3522E-02  0.3522E-02  0.0000E+00  0.0000E+00  0.0000E+00  0.0000E+00  0.0000E+00
     -5.238  0.1525E+00  0.3883E-02  0.3883E-02  0.3883E-02  0.0000E+00  0.0000E+00  0.0000E+00  0.0000E+00  0.0000E+00
     -5.154  0.1682E+00  0.4349E-02  0.4349E-02  0.4349E-02  0.0000E+00  0.0000E+00  0.0000E+00  0.0000E+00  0.0000E+00
     -5.070  0.2057E+00  0.5227E-02  0.5227E-02  0.5227E-02  0.0000E+00  0.0000E+00  0.0000E+00  0.0000E+00  0.0000E+00
     -4.986  0.2006E+00  0.5354E-02  0.5354E-02  0.5354E-02  0.0000E+00  0.0000E+00  0.0000E+00  0.0000E+00  0.0000E+00
     -4.902  0.1916E+00  0.5398E-02  0.5398E-02  0.5398E-02  0.0000E+00  0.0000E+00  0.0000E+00  0.0000E+00  0.0000E+00
     -4.818  0.1829E+00  0.5406E-02  0.5406E-02  0.5406E-02  0.0000E+00  0.0000E+00  0.0000E+00  0.0000E+00  0.0000E+00
     -4.734  0.1768E+00  0.5465E-02  0.5465E-02  0.5465E-02  0.0000E+00  0.0000E+00  0.0000E+00  0.0000E+00  0.0000E+00
     -4.650  0.1700E+00  0.5497E-02  0.5497E-02  0.5497E-02  0.0000E+00  0.0000E+00  0.0000E+00  0.0000E+00  0.0000E+00
     -4.566  0.1618E+00  0.5464E-02  0.5464E-02  0.5464E-02  0.0000E+00  0.0000E+00  0.0000E+00  0.0000E+00  0.0000E+00
     -4.482  0.1557E+00  0.5465E-02  0.5465E-02  0.5465E-02  0.0000E+00  0.0000E+00  0.0000E+00  0.0000E+00  0.0000E+00
     -4.398  0.1480E+00  0.5422E-02  0.5422E-02  0.5422E-02  0.0000E+00  0.0000E+00  0.0000E+00  0.0000E+00  0.0000E+00
     -4.314  0.1408E+00  0.5360E-02  0.5360E-02  0.5360E-02  0.0000E+00  0.0000E+00  0.0000E+00  0.0000E+00  0.0000E+00
     -4.229  0.1340E+00  0.5287E-02  0.5287E-02  0.5287E-02  0.0000E+00  0.0000E+00  0.0000E+00  0.0000E+00  0.0000E+00
     -4.145  0.1258E+00  0.5172E-02  0.5172E-02  0.5172E-02  0.0000E+00  0.0000E+00  0.0000E+00  0.0000E+00  0.0000E+00
     -4.061  0.1188E+00  0.5049E-02  0.5049E-02  0.5049E-02  0.0000E+00  0.0000E+00  0.0000E+00  0.0000E+00  0.0000E+00
     -3.977  0.1106E+00  0.4884E-02  0.4884E-02  0.4884E-02  0.0000E+00  0.0000E+00  0.0000E+00  0.0000E+00  0.0000E+00
     -3.893  0.1025E+00  0.4695E-02  0.4695E-02  0.4695E-02  0.0000E+00  0.0000E+00  0.0000E+00  0.0000E+00  0.0000E+00
     -3.809  0.9467E-01  0.4483E-02  0.4483E-02  0.4483E-02  0.0000E+00  0.0000E+00  0.0000E+00  0.0000E+00  0.0000E+00
     -3.725  0.8544E-01  0.4219E-02  0.4219E-02  0.4219E-02  0.0000E+00  0.0000E+00  0.0000E+00  0.0000E+00  0.0000E+00
     -3.641  0.7710E-01  0.3945E-02  0.3945E-02  0.3945E-02  0.0000E+00  0.0000E+00  0.0000E+00  0.0000E+00  0.0000E+00
     -3.557  0.6710E-01  0.3593E-02  0.3593E-02  0.3593E-02  0.0000E+00  0.0000E+00  0.0000E+00  0.0000E+00  0.0000E+00
     -3.473  0.4888E-01  0.2750E-02  0.2750E-02  0.2750E-02  0.0000E+00  0.0000E+00  0.0000E+00  0.0000E+00  0.0000E+00
     -3.389  0.1999E-01  0.1138E-02  0.1138E-02  0.1138E-02  0.0000E+00  0.0000E+00  0.0000E+00  0.0000E+00  0.0000E+00
     -3.305  0.5721E-02  0.3242E-03  0.3242E-03  0.3242E-03  0.0000E+00  0.0000E+00  0.0000E+00  0.0000E+00  0.0000E+00
     -3.220  0.7614E-02  0.5117E-03  0.5117E-03  0.5117E-03  0.0000E+00  0.0000E+00  0.0000E+00  0.0000E+00  0.0000E+00
     -3.136  0.2382E-01  0.1605E-02  0.1605E-02  0.1605E-02  0.0000E+00  0.0000E+00  0.0000E+00  0.0000E+00  0.0000E+00
     -3.052  0.4254E-01  0.2902E-02  0.2902E-02  0.2902E-02  0.0000E+00  0.0000E+00  0.0000E+00  0.0000E+00  0.0000E+00
     -2.968  0.5686E-01  0.3978E-02  0.3978E-02  0.3978E-02  0.0000E+00  0.0000E+00  0.0000E+00  0.0000E+00  0.0000E+00
     -2.884  0.6578E-01  0.4771E-02  0.4771E-02  0.4771E-02  0.0000E+00  0.0000E+00  0.0000E+00  0.0000E+00  0.0000E+00
     -2.800  0.7418E-01  0.5539E-02  0.5539E-02  0.5539E-02  0.0000E+00  0.0000E+00  0.0000E+00  0.0000E+00  0.0000E+00
     -2.716  0.8353E-01  0.6471E-02  0.6471E-02  0.6471E-02  0.0000E+00  0.0000E+00  0.0000E+00  0.0000E+00  0.0000E+00
     -2.632  0.9278E-01  0.7488E-02  0.7488E-02  0.7488E-02  0.0000E+00  0.0000E+00  0.0000E+00  0.0000E+00  0.0000E+00
     -2.548  0.1013E+00  0.8507E-02  0.8507E-02  0.8507E-02  0.0000E+00  0.0000E+00  0.0000E+00  0.0000E+00  0.0000E+00
     -2.464  0.1125E+00  0.9968E-02  0.9968E-02  0.9968E-02  0.0000E+00  0.0000E+00  0.0000E+00  0.0000E+00  0.0000E+00
     -2.380  0.1234E+00  0.1154E-01  0.1154E-01  0.1154E-01  0.0000E+00  0.0000E+00  0.0000E+00  0.0000E+00  0.0000E+00
     -2.296  0.1403E+00  0.1423E-01  0.1423E-01  0.1423E-01  0.0000E+00  0.0000E+00  0.0000E+00  0.0000E+00  0.0000E+00
     -2.211  0.2206E+00  0.3003E-01  0.3003E-01  0.3003E-01  0.0000E+00  0.0000E+00  0.0000E+00  0.0000E+00  0.0000E+00
     -2.127  0.2493E+00  0.3793E-01  0.3793E-01  0.3793E-01  0.0000E+00  0.0000E+00  0.0000E+00  0.0000E+00  0.0000E+00
     -2.043  0.1614E+00  0.2289E-01  0.2289E-01  0.2289E-01  0.0000E+00  0.0000E+00  0.0000E+00  0.0000E+00  0.0000E+00
     -1.959  0.1394E+00  0.1962E-01  0.1962E-01  0.1962E-01  0.0000E+00  0.0000E+00  0.0000E+00  0.0000E+00  0.0000E+00
     -1.875  0.1244E+00  0.1757E-01  0.1757E-01  0.1757E-01  0.0000E+00  0.0000E+00  0.0000E+00  0.0000E+00  0.0000E+00
     -1.791  0.1124E+00  0.1605E-01  0.1605E-01  0.1605E-01  0.0000E+00  0.0000E+00  0.0000E+00  0.0000E+00  0.0000E+00
     -1.707  0.1035E+00  0.1494E-01  0.1494E-01  0.1494E-01  0.0000E+00  0.0000E+00  0.0000E+00  0.0000E+00  0.0000E+00
     -1.623  0.9632E-01  0.1407E-01  0.1407E-01  0.1407E-01  0.0000E+00  0.0000E+00  0.0000E+00  0.0000E+00  0.0000E+00
     -1.539  0.8962E-01  0.1329E-01  0.1329E-01  0.1329E-01  0.0000E+00  0.0000E+00  0.0000E+00  0.0000E+00  0.0000E+00
     -1.455  0.8328E-01  0.1257E-01  0.1257E-01  0.1257E-01  0.0000E+00  0.0000E+00  0.0000E+00  0.0000E+00  0.0000E+00
     -1.371  0.7840E-01  0.1201E-01  0.1201E-01  0.1201E-01  0.0000E+00  0.0000E+00  0.0000E+00  0.0000E+00  0.0000E+00
     -1.287  0.7404E-01  0.1152E-01  0.1152E-01  0.1152E-01  0.0000E+00  0.0000E+00  0.0000E+00  0.0000E+00  0.0000E+00
     -1.202  0.6977E-01  0.1104E-01  0.1104E-01  0.1104E-01  0.0000E+00  0.0000E+00  0.0000E+00  0.0000E+00  0.0000E+00
     -1.118  0.6545E-01  0.1056E-01  0.1056E-01  0.1056E-01  0.0000E+00  0.0000E+00  0.0000E+00  0.0000E+00  0.0000E+00
     -1.034  0.6175E-01  0.1014E-01  0.1014E-01  0.1014E-01  0.0000E+00  0.0000E+00  0.0000E+00  0.0000E+00  0.0000E+00
     -0.950  0.5877E-01  0.9814E-02  0.9814E-02  0.9814E-02  0.0000E+00  0.0000E+00  0.0000E+00  0.0000E+00  0.0000E+00
     -0.866  0.5569E-01  0.9469E-02  0.9469E-02  0.9469E-02  0.0000E+00  0.0000E+00  0.0000E+00  0.0000E+00  0.0000E+00
     -0.782  0.5260E-01  0.9119E-02  0.9119E-02  0.9119E-02  0.0000E+00  0.0000E+00  0.0000E+00  0.0000E+00  0.0000E+00
     -0.698  0.4929E-01  0.8729E-02  0.8729E-02  0.8729E-02  0.0000E+00  0.0000E+00  0.0000E+00  0.0000E+00  0.0000E+00
     -0.614  0.4710E-01  0.8479E-02  0.8479E-02  0.8479E-02  0.0000E+00  0.0000E+00  0.0000E+00  0.0000E+00  0.0000E+00
     -0.530  0.4485E-01  0.8219E-02  0.8219E-02  0.8219E-02  0.0000E+00  0.0000E+00  0.0000E+00  0.0000E+00  0.0000E+00
     -0.446  0.4260E-01  0.7955E-02  0.7955E-02  0.7955E-02  0.0000E+00  0.0000E+00  0.0000E+00  0.0000E+00  0.0000E+00
     -0.362  0.4015E-01  0.7655E-02  0.7655E-02  0.7655E-02  0.0000E+00  0.0000E+00  0.0000E+00  0.0000E+00  0.0000E+00
     -0.278  0.3770E-01  0.7345E-02  0.7345E-02  0.7345E-02  0.0000E+00  0.0000E+00  0.0000E+00  0.0000E+00  0.0000E+00
     -0.193  0.3605E-01  0.7144E-02  0.7144E-02  0.7144E-02  0.0000E+00  0.0000E+00  0.0000E+00  0.0000E+00  0.0000E+00
     -0.109  0.3441E-01  0.6941E-02  0.6941E-02  0.6941E-02  0.0000E+00  0.0000E+00  0.0000E+00  0.0000E+00  0.0000E+00
     -0.025  0.3264E-01  0.6715E-02  0.6715E-02  0.6715E-02  0.0000E+00  0.0000E+00  0.0000E+00  0.0000E+00  0.0000E+00
      0.059  0.3084E-01  0.6479E-02  0.6479E-02  0.6479E-02  0.0000E+00  0.0000E+00  0.0000E+00  0.0000E+00  0.0000E+00
      0.143  0.2885E-01  0.6201E-02  0.6201E-02  0.6201E-02  0.0000E+00  0.0000E+00  0.0000E+00  0.0000E+00  0.0000E+00
      0.227  0.2750E-01  0.6017E-02  0.6017E-02  0.6017E-02  0.0000E+00  0.0000E+00  0.0000E+00  0.0000E+00  0.0000E+00
      0.311  0.2622E-01  0.5845E-02  0.5845E-02  0.5845E-02  0.0000E+00  0.0000E+00  0.0000E+00  0.0000E+00  0.0000E+00
      0.395  0.2493E-01  0.5666E-02  0.5666E-02  0.5666E-02  0.0000E+00  0.0000E+00  0.0000E+00  0.0000E+00  0.0000E+00
      0.479  0.2458E-01  0.2249E-01  0.2249E-01  0.2249E-01  0.0000E+00  0.0000E+00  0.0000E+00  0.0000E+00  0.0000E+00
      0.563  0.2486E-01  0.3849E-01  0.3849E-01  0.3849E-01  0.0000E+00  0.0000E+00  0.0000E+00  0.0000E+00  0.0000E+00
      0.647  0.2588E-01  0.5311E-01  0.5311E-01  0.5311E-01  0.0000E+00  0.0000E+00  0.0000E+00  0.0000E+00  0.0000E+00
      0.731  0.2840E-01  0.7110E-01  0.7110E-01  0.7110E-01  0.0000E+00  0.0000E+00  0.0000E+00  0.0000E+00  0.0000E+00
      0.816  0.2838E-01  0.6314E-01  0.6314E-01  0.6314E-01  0.0000E+00  0.0000E+00  0.0000E+00  0.0000E+00  0.0000E+00
      0.900  0.2844E-01  0.5945E-01  0.5945E-01  0.5945E-01  0.0000E+00  0.0000E+00  0.0000E+00  0.0000E+00  0.0000E+00
      0.984  0.2806E-01  0.5519E-01  0.5519E-01  0.5519E-01  0.0000E+00  0.0000E+00  0.0000E+00  0.0000E+00  0.0000E+00
      1.068  0.2763E-01  0.5535E-01  0.5535E-01  0.5535E-01  0.0000E+00  0.0000E+00  0.0000E+00  0.0000E+00  0.0000E+00
      1.152  0.2712E-01  0.5485E-01  0.5485E-01  0.5485E-01  0.0000E+00  0.0000E+00  0.0000E+00  0.0000E+00  0.0000E+00
      1.236  0.2672E-01  0.5635E-01  0.5635E-01  0.5635E-01  0.0000E+00  0.0000E+00  0.0000E+00  0.0000E+00  0.0000E+00
      1.320  0.2631E-01  0.5866E-01  0.5866E-01  0.5866E-01  0.0000E+00  0.0000E+00  0.0000E+00  0.0000E+00  0.0000E+00
      1.404  0.2579E-01  0.6155E-01  0.6155E-01  0.6155E-01  0.0000E+00  0.0000E+00  0.0000E+00  0.0000E+00  0.0000E+00
      1.488  0.2511E-01  0.6542E-01  0.6542E-01  0.6542E-01  0.0000E+00  0.0000E+00  0.0000E+00  0.0000E+00  0.0000E+00
      1.572  0.2413E-01  0.7022E-01  0.7022E-01  0.7022E-01  0.0000E+00  0.0000E+00  0.0000E+00  0.0000E+00  0.0000E+00
      1.656  0.2316E-01  0.7393E-01  0.7393E-01  0.7393E-01  0.0000E+00  0.0000E+00  0.0000E+00  0.0000E+00  0.0000E+00
      1.740  0.2263E-01  0.8919E-01  0.8919E-01  0.8919E-01  0.0000E+00  0.0000E+00  0.0000E+00  0.0000E+00  0.0000E+00
      1.825  0.2181E-01  0.9560E-01  0.9560E-01  0.9560E-01  0.0000E+00  0.0000E+00  0.0000E+00  0.0000E+00  0.0000E+00
      1.909  0.2091E-01  0.9219E-01  0.9219E-01  0.9219E-01  0.0000E+00  0.0000E+00  0.0000E+00  0.0000E+00  0.0000E+00
      1.993  0.1999E-01  0.9229E-01  0.9229E-01  0.9229E-01  0.0000E+00  0.0000E+00  0.0000E+00  0.0000E+00  0.0000E+00
      2.077  0.1887E-01  0.9087E-01  0.9087E-01  0.9087E-01  0.0000E+00  0.0000E+00  0.0000E+00  0.0000E+00  0.0000E+00
      2.161  0.1782E-01  0.8941E-01  0.8941E-01  0.8941E-01  0.0000E+00  0.0000E+00  0.0000E+00  0.0000E+00  0.0000E+00
      2.245  0.1704E-01  0.8907E-01  0.8907E-01  0.8907E-01  0.0000E+00  0.0000E+00  0.0000E+00  0.0000E+00  0.0000E+00
      2.329  0.1630E-01  0.8830E-01  0.8830E-01  0.8830E-01  0.0000E+00  0.0000E+00  0.0000E+00  0.0000E+00  0.0000E+00
      2.413  0.1534E-01  0.8737E-01  0.8737E-01  0.8737E-01  0.0000E+00  0.0000E+00  0.0000E+00  0.0000E+00  0.0000E+00
      2.497  0.1440E-01  0.8673E-01  0.8673E-01  0.8673E-01  0.0000E+00  0.0000E+00  0.0000E+00  0.0000E+00  0.0000E+00
      2.581  0.1349E-01  0.8546E-01  0.8546E-01  0.8546E-01  0.0000E+00  0.0000E+00  0.0000E+00  0.0000E+00  0.0000E+00
      2.665  0.1248E-01  0.8514E-01  0.8514E-01  0.8514E-01  0.0000E+00  0.0000E+00  0.0000E+00  0.0000E+00  0.0000E+00
      2.749  0.1158E-01  0.8441E-01  0.8441E-01  0.8441E-01  0.0000E+00  0.0000E+00  0.0000E+00  0.0000E+00  0.0000E+00
      2.834  0.1064E-01  0.8369E-01  0.8369E-01  0.8369E-01  0.0000E+00  0.0000E+00  0.0000E+00  0.0000E+00  0.0000E+00
      2.918  0.9713E-02  0.8289E-01  0.8289E-01  0.8289E-01  0.0000E+00  0.0000E+00  0.0000E+00  0.0000E+00  0.0000E+00
      3.002  0.8768E-02  0.8280E-01  0.8280E-01  0.8280E-01  0.0000E+00  0.0000E+00  0.0000E+00  0.0000E+00  0.0000E+00
      3.086  0.7816E-02  0.8276E-01  0.8276E-01  0.8276E-01  0.0000E+00  0.0000E+00  0.0000E+00  0.0000E+00  0.0000E+00
      3.170  0.6757E-02  0.8257E-01  0.8257E-01  0.8257E-01  0.0000E+00  0.0000E+00  0.0000E+00  0.0000E+00  0.0000E+00
      3.254  0.5636E-02  0.7670E-01  0.7670E-01  0.7670E-01  0.0000E+00  0.0000E+00  0.0000E+00  0.0000E+00  0.0000E+00
      3.338  0.5022E-02  0.5846E-01  0.5846E-01  0.5846E-01  0.0000E+00  0.0000E+00  0.0000E+00  0.0000E+00  0.0000E+00
      3.422  0.4629E-02  0.4994E-01  0.4994E-01  0.4994E-01  0.0000E+00  0.0000E+00  0.0000E+00  0.0000E+00  0.0000E+00
      3.506  0.4132E-02  0.4360E-01  0.4360E-01  0.4360E-01  0.0000E+00  0.0000E+00  0.0000E+00  0.0000E+00  0.0000E+00
      3.590  0.3580E-02  0.3814E-01  0.3814E-01  0.3814E-01  0.0000E+00  0.0000E+00  0.0000E+00  0.0000E+00  0.0000E+00
      3.674  0.2998E-02  0.3417E-01  0.3417E-01  0.3417E-01  0.0000E+00  0.0000E+00  0.0000E+00  0.0000E+00  0.0000E+00
      3.758  0.2368E-02  0.2992E-01  0.2992E-01  0.2992E-01  0.0000E+00  0.0000E+00  0.0000E+00  0.0000E+00  0.0000E+00
      3.843  0.1986E-02  0.2611E-01  0.2611E-01  0.2611E-01  0.0000E+00  0.0000E+00  0.0000E+00  0.0000E+00  0.0000E+00
      3.927  0.1531E-02  0.2266E-01  0.2266E-01  0.2266E-01  0.0000E+00  0.0000E+00  0.0000E+00  0.0000E+00  0.0000E+00
      4.011  0.1212E-02  0.1948E-01  0.1948E-01  0.1948E-01  0.0000E+00  0.0000E+00  0.0000E+00  0.0000E+00  0.0000E+00
      4.095  0.8551E-03  0.1598E-01  0.1598E-01  0.1598E-01  0.0000E+00  0.0000E+00  0.0000E+00  0.0000E+00  0.0000E+00
      4.179  0.4953E-03  0.1349E-01  0.1349E-01  0.1349E-01  0.0000E+00  0.0000E+00  0.0000E+00  0.0000E+00  0.0000E+00
      4.263  0.2670E-03  0.9355E-02  0.9355E-02  0.9355E-02  0.0000E+00  0.0000E+00  0.0000E+00  0.0000E+00  0.0000E+00
      4.347  0.3682E-04  0.4234E-02  0.4234E-02  0.4234E-02  0.0000E+00  0.0000E+00  0.0000E+00  0.0000E+00  0.0000E+00
      4.431  0.0000E+00  0.0000E+00  0.0000E+00  0.0000E+00  0.0000E+00  0.0000E+00  0.0000E+00  0.0000E+00  0.0000E+00
      4.515  0.0000E+00  0.0000E+00  0.0000E+00  0.0000E+00  0.0000E+00  0.0000E+00  0.0000E+00  0.0000E+00  0.0000E+00
      4.599  0.0000E+00  0.0000E+00  0.0000E+00  0.0000E+00  0.0000E+00  0.0000E+00  0.0000E+00  0.0000E+00  0.0000E+00
      4.683  0.0000E+00  0.0000E+00  0.0000E+00  0.0000E+00  0.0000E+00  0.0000E+00  0.0000E+00  0.0000E+00  0.0000E+00
      4.767  0.0000E+00  0.0000E+00  0.0000E+00  0.0000E+00  0.0000E+00  0.0000E+00  0.0000E+00  0.0000E+00  0.0000E+00
      4.852  0.0000E+00  0.0000E+00  0.0000E+00  0.0000E+00  0.0000E+00  0.0000E+00  0.0000E+00  0.0000E+00  0.0000E+00
      4.936  0.0000E+00  0.0000E+00  0.0000E+00  0.0000E+00  0.0000E+00  0.0000E+00  0.0000E+00  0.0000E+00  0.0000E+00
      5.020  0.0000E+00  0.0000E+00  0.0000E+00  0.0000E+00  0.0000E+00  0.0000E+00  0.0000E+00  0.0000E+00  0.0000E+00
      5.104  0.0000E+00  0.0000E+00  0.0000E+00  0.0000E+00  0.0000E+00  0.0000E+00  0.0000E+00  0.0000E+00  0.0000E+00
      5.188  0.0000E+00  0.0000E+00  0.0000E+00  0.0000E+00  0.0000E+00  0.0000E+00  0.0000E+00  0.0000E+00  0.0000E+00
      5.272  0.0000E+00  0.0000E+00  0.0000E+00  0.0000E+00  0.0000E+00  0.0000E+00  0.0000E+00  0.0000E+00  0.0000E+00
      5.356  0.0000E+00  0.0000E+00  0.0000E+00  0.0000E+00  0.0000E+00  0.0000E+00  0.0000E+00  0.0000E+00  0.0000E+00
      5.440  0.3273E-02  0.1247E-02  0.1247E-02  0.1247E-02  0.0000E+00  0.0000E+00  0.0000E+00  0.0000E+00  0.0000E+00
      5.524  0.7874E-02  0.3107E-02  0.3107E-02  0.3107E-02  0.0000E+00  0.0000E+00  0.0000E+00  0.0000E+00  0.0000E+00
      5.608  0.1171E-01  0.4729E-02  0.4729E-02  0.4729E-02  0.0000E+00  0.0000E+00  0.0000E+00  0.0000E+00  0.0000E+00
      5.692  0.1612E-01  0.6643E-02  0.6643E-02  0.6643E-02  0.0000E+00  0.0000E+00  0.0000E+00  0.0000E+00  0.0000E+00
      5.777  0.1927E-01  0.7963E-02  0.7963E-02  0.7963E-02  0.0000E+00  0.0000E+00  0.0000E+00  0.0000E+00  0.0000E+00
      5.861  0.2918E-01  0.9893E-02  0.9893E-02  0.9893E-02  0.0000E+00  0.0000E+00  0.0000E+00  0.0000E+00  0.0000E+00
      5.945  0.3846E-01  0.1207E-01  0.1207E-01  0.1207E-01  0.0000E+00  0.0000E+00  0.0000E+00  0.0000E+00  0.0000E+00
      6.029  0.4518E-01  0.1430E-01  0.1430E-01  0.1430E-01  0.0000E+00  0.0000E+00  0.0000E+00  0.0000E+00  0.0000E+00
      6.113  0.5207E-01  0.1665E-01  0.1665E-01  0.1665E-01  0.0000E+00  0.0000E+00  0.0000E+00  0.0000E+00  0.0000E+00
      6.197  0.5840E-01  0.1882E-01  0.1882E-01  0.1882E-01  0.0000E+00  0.0000E+00  0.0000E+00  0.0000E+00  0.0000E+00
      6.281  0.6556E-01  0.2162E-01  0.2162E-01  0.2162E-01  0.0000E+00  0.0000E+00  0.0000E+00  0.0000E+00  0.0000E+00
      6.365  0.7346E-01  0.2474E-01  0.2474E-01  0.2474E-01  0.0000E+00  0.0000E+00  0.0000E+00  0.0000E+00  0.0000E+00
      6.449  0.8288E-01  0.2835E-01  0.2835E-01  0.2835E-01  0.0000E+00  0.0000E+00  0.0000E+00  0.0000E+00  0.0000E+00
      6.533  0.9447E-01  0.3276E-01  0.3276E-01  0.3276E-01  0.0000E+00  0.0000E+00  0.0000E+00  0.0000E+00  0.0000E+00
      6.617  0.1231E+00  0.4253E-01  0.4253E-01  0.4253E-01  0.0000E+00  0.0000E+00  0.0000E+00  0.0000E+00  0.0000E+00
      6.701  0.1365E+00  0.4848E-01  0.4848E-01  0.4848E-01  0.0000E+00  0.0000E+00  0.0000E+00  0.0000E+00  0.0000E+00
      6.786  0.1314E+00  0.4948E-01  0.4948E-01  0.4948E-01  0.0000E+00  0.0000E+00  0.0000E+00  0.0000E+00  0.0000E+00
      6.870  0.1306E+00  0.5015E-01  0.5015E-01  0.5015E-01  0.0000E+00  0.0000E+00  0.0000E+00  0.0000E+00  0.0000E+00
      6.954  0.1224E+00  0.4674E-01  0.4674E-01  0.4674E-01  0.0000E+00  0.0000E+00  0.0000E+00  0.0000E+00  0.0000E+00
      7.038  0.9542E-01  0.3900E-01  0.3900E-01  0.3900E-01  0.0000E+00  0.0000E+00  0.0000E+00  0.0000E+00  0.0000E+00
      7.122  0.8584E-01  0.3774E-01  0.3774E-01  0.3774E-01  0.0000E+00  0.0000E+00  0.0000E+00  0.0000E+00  0.0000E+00
      7.206  0.8426E-01  0.3884E-01  0.3884E-01  0.3884E-01  0.0000E+00  0.0000E+00  0.0000E+00  0.0000E+00  0.0000E+00
      7.290  0.7464E-01  0.3677E-01  0.3677E-01  0.3677E-01  0.0000E+00  0.0000E+00  0.0000E+00  0.0000E+00  0.0000E+00
      7.374  0.6109E-01  0.3419E-01  0.3419E-01  0.3419E-01  0.0000E+00  0.0000E+00  0.0000E+00  0.0000E+00  0.0000E+00
      7.458  0.5333E-01  0.3346E-01  0.3346E-01  0.3346E-01  0.0000E+00  0.0000E+00  0.0000E+00  0.0000E+00  0.0000E+00
      7.542  0.4736E-01  0.3249E-01  0.3249E-01  0.3249E-01  0.0000E+00  0.0000E+00  0.0000E+00  0.0000E+00  0.0000E+00
      7.626  0.4476E-01  0.3339E-01  0.3339E-01  0.3339E-01  0.0000E+00  0.0000E+00  0.0000E+00  0.0000E+00  0.0000E+00
      7.710  0.4897E-01  0.3728E-01  0.3728E-01  0.3728E-01  0.0000E+00  0.0000E+00  0.0000E+00  0.0000E+00  0.0000E+00
      7.795  0.5116E-01  0.4165E-01  0.4165E-01  0.4165E-01  0.0000E+00  0.0000E+00  0.0000E+00  0.0000E+00  0.0000E+00
      7.879  0.5761E-01  0.5671E-01  0.5671E-01  0.5671E-01  0.0000E+00  0.0000E+00  0.0000E+00  0.0000E+00  0.0000E+00
      7.963  0.7115E-01  0.1036E+00  0.1036E+00  0.1036E+00  0.0000E+00  0.0000E+00  0.0000E+00  0.0000E+00  0.0000E+00
      8.047  0.9864E-01  0.9202E-01  0.9202E-01  0.9202E-01  0.0000E+00  0.0000E+00  0.0000E+00  0.0000E+00  0.0000E+00
      8.131  0.8027E-01  0.7096E-01  0.7096E-01  0.7096E-01  0.0000E+00  0.0000E+00  0.0000E+00  0.0000E+00  0.0000E+00
      8.215  0.5521E-01  0.6217E-01  0.6217E-01  0.6217E-01  0.0000E+00  0.0000E+00  0.0000E+00  0.0000E+00  0.0000E+00
      8.299  0.4222E-01  0.5665E-01  0.5665E-01  0.5665E-01  0.0000E+00  0.0000E+00  0.0000E+00  0.0000E+00  0.0000E+00
      8.383  0.4144E-01  0.5617E-01  0.5617E-01  0.5617E-01  0.0000E+00  0.0000E+00  0.0000E+00  0.0000E+00  0.0000E+00
      8.467  0.3526E-01  0.5046E-01  0.5046E-01  0.5046E-01  0.0000E+00  0.0000E+00  0.0000E+00  0.0000E+00  0.0000E+00
      8.551  0.3182E-01  0.4662E-01  0.4662E-01  0.4662E-01  0.0000E+00  0.0000E+00  0.0000E+00  0.0000E+00  0.0000E+00
      8.635  0.2931E-01  0.4447E-01  0.4447E-01  0.4447E-01  0.0000E+00  0.0000E+00  0.0000E+00  0.0000E+00  0.0000E+00
      8.719  0.2578E-01  0.4169E-01  0.4169E-01  0.4169E-01  0.0000E+00  0.0000E+00  0.0000E+00  0.0000E+00  0.0000E+00
      8.804  0.2575E-01  0.4192E-01  0.4192E-01  0.4192E-01  0.0000E+00  0.0000E+00  0.0000E+00  0.0000E+00  0.0000E+00
      8.888  0.2677E-01  0.4393E-01  0.4393E-01  0.4393E-01  0.0000E+00  0.0000E+00  0.0000E+00  0.0000E+00  0.0000E+00
      8.972  0.2876E-01  0.4801E-01  0.4801E-01  0.4801E-01  0.0000E+00  0.0000E+00  0.0000E+00  0.0000E+00  0.0000E+00
      9.056  0.3073E-01  0.5142E-01  0.5142E-01  0.5142E-01  0.0000E+00  0.0000E+00  0.0000E+00  0.0000E+00  0.0000E+00
      9.140  0.3255E-01  0.5578E-01  0.5578E-01  0.5578E-01  0.0000E+00  0.0000E+00  0.0000E+00  0.0000E+00  0.0000E+00
      9.224  0.3282E-01  0.5418E-01  0.5418E-01  0.5418E-01  0.0000E+00  0.0000E+00  0.0000E+00  0.0000E+00  0.0000E+00
      9.308  0.3788E-01  0.5209E-01  0.5209E-01  0.5209E-01  0.0000E+00  0.0000E+00  0.0000E+00  0.0000E+00  0.0000E+00
      9.392  0.3483E-01  0.4997E-01  0.4997E-01  0.4997E-01  0.0000E+00  0.0000E+00  0.0000E+00  0.0000E+00  0.0000E+00
      9.476  0.3454E-01  0.4894E-01  0.4894E-01  0.4894E-01  0.0000E+00  0.0000E+00  0.0000E+00  0.0000E+00  0.0000E+00
      9.560  0.3358E-01  0.4711E-01  0.4711E-01  0.4711E-01  0.0000E+00  0.0000E+00  0.0000E+00  0.0000E+00  0.0000E+00
      9.644  0.3407E-01  0.4668E-01  0.4668E-01  0.4668E-01  0.0000E+00  0.0000E+00  0.0000E+00  0.0000E+00  0.0000E+00
      9.728  0.3603E-01  0.4881E-01  0.4881E-01  0.4881E-01  0.0000E+00  0.0000E+00  0.0000E+00  0.0000E+00  0.0000E+00
      9.813  0.3590E-01  0.4809E-01  0.4809E-01  0.4809E-01  0.0000E+00  0.0000E+00  0.0000E+00  0.0000E+00  0.0000E+00
      9.897  0.3484E-01  0.4734E-01  0.4734E-01  0.4734E-01  0.0000E+00  0.0000E+00  0.0000E+00  0.0000E+00  0.0000E+00
      9.981  0.3419E-01  0.4637E-01  0.4637E-01  0.4637E-01  0.0000E+00  0.0000E+00  0.0000E+00  0.0000E+00  0.0000E+00
     10.065  0.3228E-01  0.4539E-01  0.4539E-01  0.4539E-01  0.0000E+00  0.0000E+00  0.0000E+00  0.0000E+00  0.0000E+00
     10.149  0.3065E-01  0.4408E-01  0.4408E-01  0.4408E-01  0.0000E+00  0.0000E+00  0.0000E+00  0.0000E+00  0.0000E+00
     10.233  0.2919E-01  0.4325E-01  0.4325E-01  0.4325E-01  0.0000E+00  0.0000E+00  0.0000E+00  0.0000E+00  0.0000E+00
     10.317  0.2736E-01  0.4252E-01  0.4252E-01  0.4252E-01  0.0000E+00  0.0000E+00  0.0000E+00  0.0000E+00  0.0000E+00
     10.401  0.2657E-01  0.4200E-01  0.4200E-01  0.4200E-01  0.0000E+00  0.0000E+00  0.0000E+00  0.0000E+00  0.0000E+00
     10.485  0.2775E-01  0.4369E-01  0.4369E-01  0.4369E-01  0.0000E+00  0.0000E+00  0.0000E+00  0.0000E+00  0.0000E+00
     10.569  0.2691E-01  0.4421E-01  0.4421E-01  0.4421E-01  0.0000E+00  0.0000E+00  0.0000E+00  0.0000E+00  0.0000E+00
     10.653  0.2262E-01  0.3868E-01  0.3868E-01  0.3868E-01  0.0000E+00  0.0000E+00  0.0000E+00  0.0000E+00  0.0000E+00
     10.737  0.2042E-01  0.3646E-01  0.3646E-01  0.3646E-01  0.0000E+00  0.0000E+00  0.0000E+00  0.0000E+00  0.0000E+00
     10.822  0.1962E-01  0.3642E-01  0.3642E-01  0.3642E-01  0.0000E+00  0.0000E+00  0.0000E+00  0.0000E+00  0.0000E+00
     10.906  0.1945E-01  0.3721E-01  0.3721E-01  0.3721E-01  0.0000E+00  0.0000E+00  0.0000E+00  0.0000E+00  0.0000E+00
     10.990  0.2055E-01  0.3996E-01  0.3996E-01  0.3996E-01  0.0000E+00  0.0000E+00  0.0000E+00  0.0000E+00  0.0000E+00
     11.074  0.2107E-01  0.4179E-01  0.4179E-01  0.4179E-01  0.0000E+00  0.0000E+00  0.0000E+00  0.0000E+00  0.0000E+00
     11.158  0.2094E-01  0.4211E-01  0.4211E-01  0.4211E-01  0.0000E+00  0.0000E+00  0.0000E+00  0.0000E+00  0.0000E+00
     11.242  0.2053E-01  0.4186E-01  0.4186E-01  0.4186E-01  0.0000E+00  0.0000E+00  0.0000E+00  0.0000E+00  0.0000E+00
     11.326  0.1841E-01  0.3877E-01  0.3877E-01  0.3877E-01  0.0000E+00  0.0000E+00  0.0000E+00  0.0000E+00  0.0000E+00
     11.410  0.1546E-01  0.3413E-01  0.3413E-01  0.3413E-01  0.0000E+00  0.0000E+00  0.0000E+00  0.0000E+00  0.0000E+00
     11.494  0.1379E-01  0.3226E-01  0.3226E-01  0.3226E-01  0.0000E+00  0.0000E+00  0.0000E+00  0.0000E+00  0.0000E+00
     11.578  0.1298E-01  0.3154E-01  0.3154E-01  0.3154E-01  0.0000E+00  0.0000E+00  0.0000E+00  0.0000E+00  0.0000E+00
     11.662  0.1219E-01  0.3073E-01  0.3073E-01  0.3073E-01  0.0000E+00  0.0000E+00  0.0000E+00  0.0000E+00  0.0000E+00
     11.746  0.1097E-01  0.2897E-01  0.2897E-01  0.2897E-01  0.0000E+00  0.0000E+00  0.0000E+00  0.0000E+00  0.0000E+00
     11.831  0.9693E-02  0.2728E-01  0.2728E-01  0.2728E-01  0.0000E+00  0.0000E+00  0.0000E+00  0.0000E+00  0.0000E+00
     11.915  0.8932E-02  0.2618E-01  0.2618E-01  0.2618E-01  0.0000E+00  0.0000E+00  0.0000E+00  0.0000E+00  0.0000E+00
     11.999  0.8288E-02  0.2530E-01  0.2530E-01  0.2530E-01  0.0000E+00  0.0000E+00  0.0000E+00  0.0000E+00  0.0000E+00
     12.083  0.7702E-02  0.2449E-01  0.2449E-01  0.2449E-01  0.0000E+00  0.0000E+00  0.0000E+00  0.0000E+00  0.0000E+00
     12.167  0.7346E-02  0.2438E-01  0.2438E-01  0.2438E-01  0.0000E+00  0.0000E+00  0.0000E+00  0.0000E+00  0.0000E+00
     12.251  0.6446E-02  0.2324E-01  0.2324E-01  0.2324E-01  0.0000E+00  0.0000E+00  0.0000E+00  0.0000E+00  0.0000E+00
     12.335  0.5215E-02  0.2168E-01  0.2168E-01  0.2168E-01  0.0000E+00  0.0000E+00  0.0000E+00  0.0000E+00  0.0000E+00
     12.419  0.4860E-02  0.2196E-01  0.2196E-01  0.2196E-01  0.0000E+00  0.0000E+00  0.0000E+00  0.0000E+00  0.0000E+00
     12.503  0.4648E-02  0.2970E-01  0.2970E-01  0.2970E-01  0.0000E+00  0.0000E+00  0.0000E+00  0.0000E+00  0.0000E+00
     12.587  0.3290E-02  0.1912E-01  0.1912E-01  0.1912E-01  0.0000E+00  0.0000E+00  0.0000E+00  0.0000E+00  0.0000E+00
     12.671  0.2554E-02  0.1218E-01  0.1218E-01  0.1218E-01  0.0000E+00  0.0000E+00  0.0000E+00  0.0000E+00  0.0000E+00
     12.755  0.2258E-02  0.1116E-01  0.1116E-01  0.1116E-01  0.0000E+00  0.0000E+00  0.0000E+00  0.0000E+00  0.0000E+00
     12.840  0.2028E-02  0.1042E-01  0.1042E-01  0.1042E-01  0.0000E+00  0.0000E+00  0.0000E+00  0.0000E+00  0.0000E+00
     12.924  0.1855E-02  0.9912E-02  0.9912E-02  0.9912E-02  0.0000E+00  0.0000E+00  0.0000E+00  0.0000E+00  0.0000E+00
     13.008  0.1720E-02  0.9622E-02  0.9622E-02  0.9622E-02  0.0000E+00  0.0000E+00  0.0000E+00  0.0000E+00  0.0000E+00
     13.092  0.1498E-02  0.9035E-02  0.9035E-02  0.9035E-02  0.0000E+00  0.0000E+00  0.0000E+00  0.0000E+00  0.0000E+00
     13.176  0.1125E-02  0.8196E-02  0.8196E-02  0.8196E-02  0.0000E+00  0.0000E+00  0.0000E+00  0.0000E+00  0.0000E+00
     13.260  0.9031E-03  0.7848E-02  0.7848E-02  0.7848E-02  0.0000E+00  0.0000E+00  0.0000E+00  0.0000E+00  0.0000E+00
     13.344  0.7199E-03  0.6556E-02  0.6556E-02  0.6556E-02  0.0000E+00  0.0000E+00  0.0000E+00  0.0000E+00  0.0000E+00
     13.428  0.5626E-03  0.5492E-02  0.5492E-02  0.5492E-02  0.0000E+00  0.0000E+00  0.0000E+00  0.0000E+00  0.0000E+00
     13.512  0.4313E-03  0.4669E-02  0.4669E-02  0.4669E-02  0.0000E+00  0.0000E+00  0.0000E+00  0.0000E+00  0.0000E+00
     13.596  0.3267E-03  0.4064E-02  0.4064E-02  0.4064E-02  0.0000E+00  0.0000E+00  0.0000E+00  0.0000E+00  0.0000E+00
     13.680  0.2645E-03  0.3946E-02  0.3946E-02  0.3946E-02  0.0000E+00  0.0000E+00  0.0000E+00  0.0000E+00  0.0000E+00
     13.764  0.2109E-03  0.3697E-02  0.3697E-02  0.3697E-02  0.0000E+00  0.0000E+00  0.0000E+00  0.0000E+00  0.0000E+00
     13.849  0.6105E-04  0.2194E-02  0.2194E-02  0.2194E-02  0.0000E+00  0.0000E+00  0.0000E+00  0.0000E+00  0.0000E+00
     13.933  0.1836E-04  0.6599E-03  0.6599E-03  0.6599E-03  0.0000E+00  0.0000E+00  0.0000E+00  0.0000E+00  0.0000E+00
     14.017  0.5711E-06  0.2053E-04  0.2053E-04  0.2053E-04  0.0000E+00  0.0000E+00  0.0000E+00  0.0000E+00  0.0000E+00
     14.101  0.0000E+00  0.0000E+00  0.0000E+00  0.0000E+00  0.0000E+00  0.0000E+00  0.0000E+00  0.0000E+00  0.0000E+00
     14.185  0.0000E+00  0.0000E+00  0.0000E+00  0.0000E+00  0.0000E+00  0.0000E+00  0.0000E+00  0.0000E+00  0.0000E+00
     14.269  0.0000E+00  0.0000E+00  0.0000E+00  0.0000E+00  0.0000E+00  0.0000E+00  0.0000E+00  0.0000E+00  0.0000E+00
     14.353  0.0000E+00  0.0000E+00  0.0000E+00  0.0000E+00  0.0000E+00  0.0000E+00  0.0000E+00  0.0000E+00  0.0000E+00
     14.437  0.0000E+00  0.0000E+00  0.0000E+00  0.0000E+00  0.0000E+00  0.0000E+00  0.0000E+00  0.0000E+00  0.0000E+00
     14.521  0.0000E+00  0.0000E+00  0.0000E+00  0.0000E+00  0.0000E+00  0.0000E+00  0.0000E+00  0.0000E+00  0.0000E+00
     14.605  0.0000E+00  0.0000E+00  0.0000E+00  0.0000E+00  0.0000E+00  0.0000E+00  0.0000E+00  0.0000E+00  0.0000E+00
     14.689  0.0000E+00  0.0000E+00  0.0000E+00  0.0000E+00  0.0000E+00  0.0000E+00  0.0000E+00  0.0000E+00  0.0000E+00
     14.773  0.0000E+00  0.0000E+00  0.0000E+00  0.0000E+00  0.0000E+00  0.0000E+00  0.0000E+00  0.0000E+00  0.0000E+00
     14.858  0.0000E+00  0.0000E+00  0.0000E+00  0.0000E+00  0.0000E+00  0.0000E+00  0.0000E+00  0.0000E+00  0.0000E+00
     14.942  0.0000E+00  0.0000E+00  0.0000E+00  0.0000E+00  0.0000E+00  0.0000E+00  0.0000E+00  0.0000E+00  0.0000E+00
     15.026  0.0000E+00  0.0000E+00  0.0000E+00  0.0000E+00  0.0000E+00  0.0000E+00  0.0000E+00  0.0000E+00  0.0000E+00
     15.110  0.0000E+00  0.0000E+00  0.0000E+00  0.0000E+00  0.0000E+00  0.0000E+00  0.0000E+00  0.0000E+00  0.0000E+00
     15.194  0.0000E+00  0.0000E+00  0.0000E+00  0.0000E+00  0.0000E+00  0.0000E+00  0.0000E+00  0.0000E+00  0.0000E+00
     15.278  0.0000E+00  0.0000E+00  0.0000E+00  0.0000E+00  0.0000E+00  0.0000E+00  0.0000E+00  0.0000E+00  0.0000E+00
     15.362  0.0000E+00  0.0000E+00  0.0000E+00  0.0000E+00  0.0000E+00  0.0000E+00  0.0000E+00  0.0000E+00  0.0000E+00
     15.446  0.0000E+00  0.0000E+00  0.0000E+00  0.0000E+00  0.0000E+00  0.0000E+00  0.0000E+00  0.0000E+00  0.0000E+00
     15.530  0.0000E+00  0.0000E+00  0.0000E+00  0.0000E+00  0.0000E+00  0.0000E+00  0.0000E+00  0.0000E+00  0.0000E+00
     15.614  0.0000E+00  0.0000E+00  0.0000E+00  0.0000E+00  0.0000E+00  0.0000E+00  0.0000E+00  0.0000E+00  0.0000E+00
     15.698  0.0000E+00  0.0000E+00  0.0000E+00  0.0000E+00  0.0000E+00  0.0000E+00  0.0000E+00  0.0000E+00  0.0000E+00
     15.782  0.0000E+00  0.0000E+00  0.0000E+00  0.0000E+00  0.0000E+00  0.0000E+00  0.0000E+00  0.0000E+00  0.0000E+00
     15.867  0.0000E+00  0.0000E+00  0.0000E+00  0.0000E+00  0.0000E+00  0.0000E+00  0.0000E+00  0.0000E+00  0.0000E+00
     15.951  0.0000E+00  0.0000E+00  0.0000E+00  0.0000E+00  0.0000E+00  0.0000E+00  0.0000E+00  0.0000E+00  0.0000E+00
     16.035  0.0000E+00  0.0000E+00  0.0000E+00  0.0000E+00  0.0000E+00  0.0000E+00  0.0000E+00  0.0000E+00  0.0000E+00
