   2   2   1   0
  0.2057230E+02  0.3875038E-09  0.3875038E-09  0.3875038E-09  0.5000000E-15
  1.000000000000000E-004
  CAR 
 Si                                      
     18.01168055     -8.87096234  301      5.46386318      1.00000000
     -8.871  0.0000E+00  0.0000E+00
     -8.781  0.0000E+00  0.0000E+00
     -8.692  0.0000E+00  0.0000E+00
     -8.602  0.0000E+00  0.0000E+00
     -8.513  0.0000E+00  0.0000E+00
     -8.423  0.0000E+00  0.0000E+00
     -8.333  0.0000E+00  0.0000E+00
     -8.244  0.0000E+00  0.0000E+00
     -8.154  0.0000E+00  0.0000E+00
     -8.064  0.0000E+00  0.0000E+00
     -7.975  0.0000E+00  0.0000E+00
     -7.885  0.0000E+00  0.0000E+00
     -7.796  0.0000E+00  0.0000E+00
     -7.706  0.0000E+00  0.0000E+00
     -7.616  0.0000E+00  0.0000E+00
     -7.527  0.0000E+00  0.0000E+00
     -7.437  0.0000E+00  0.0000E+00
     -7.348  0.0000E+00  0.0000E+00
     -7.258  0.0000E+00  0.0000E+00
     -7.168  0.0000E+00  0.0000E+00
     -7.079  0.0000E+00  0.0000E+00
     -6.989  0.0000E+00  0.0000E+00
     -6.900  0.0000E+00  0.0000E+00
     -6.810  0.9081E-01  0.2728E-02
     -6.720  0.1316E+00  0.1198E-01
     -6.631  0.1627E+00  0.2484E-01
     -6.541  0.1898E+00  0.4055E-01
     -6.452  0.2151E+00  0.5880E-01
     -6.362  0.2406E+00  0.7919E-01
     -6.272  0.2609E+00  0.1017E+00
     -6.183  0.2834E+00  0.1261E+00
     -6.093  0.3022E+00  0.1523E+00
     -6.003  0.3221E+00  0.1803E+00
     -5.914  0.3409E+00  0.2100E+00
     -5.824  0.3592E+00  0.2414E+00
     -5.735  0.3788E+00  0.2744E+00
     -5.645  0.3962E+00  0.3091E+00
     -5.555  0.4149E+00  0.3455E+00
     -5.466  0.4343E+00  0.3835E+00
     -5.376  0.4528E+00  0.4232E+00
     -5.287  0.4728E+00  0.4647E+00
     -5.197  0.4939E+00  0.5080E+00
     -5.107  0.5152E+00  0.5532E+00
     -5.018  0.5387E+00  0.6004E+00
     -4.928  0.5649E+00  0.6498E+00
     -4.839  0.5936E+00  0.7017E+00
     -4.749  0.6277E+00  0.7564E+00
     -4.659  0.6710E+00  0.8145E+00
     -4.570  0.7327E+00  0.8771E+00
     -4.480  0.8643E+00  0.9483E+00
     -4.391  0.8814E+00  0.1026E+01
     -4.301  0.8298E+00  0.1101E+01
     -4.211  0.7959E+00  0.1174E+01
     -4.122  0.7647E+00  0.1244E+01
     -4.032  0.7406E+00  0.1312E+01
     -3.942  0.7080E+00  0.1377E+01
     -3.853  0.6820E+00  0.1439E+01
     -3.763  0.6492E+00  0.1498E+01
     -3.674  0.6240E+00  0.1555E+01
     -3.584  0.5912E+00  0.1610E+01
     -3.494  0.5622E+00  0.1662E+01
     -3.405  0.5332E+00  0.1711E+01
     -3.315  0.4985E+00  0.1757E+01
     -3.226  0.4681E+00  0.1800E+01
     -3.136  0.4337E+00  0.1841E+01
     -3.046  0.3990E+00  0.1878E+01
     -2.957  0.3632E+00  0.1912E+01
     -2.867  0.3308E+00  0.1943E+01
     -2.778  0.2770E+00  0.1971E+01
     -2.688  0.1655E+00  0.1991E+01
     -2.598  0.9999E-02  0.2000E+01
     -2.509  0.1708E-01  0.2000E+01
     -2.419  0.6930E-01  0.2004E+01
     -2.330  0.1584E+00  0.2014E+01
     -2.240  0.2687E+00  0.2034E+01
     -2.150  0.2959E+00  0.2058E+01
     -2.061  0.3390E+00  0.2087E+01
     -1.971  0.3916E+00  0.2119E+01
     -1.881  0.4383E+00  0.2157E+01
     -1.792  0.5039E+00  0.2199E+01
     -1.702  0.5702E+00  0.2247E+01
     -1.613  0.1039E+01  0.2310E+01
     -1.523  0.1641E+01  0.2418E+01
     -1.433  0.1395E+01  0.2572E+01
     -1.344  0.9917E+00  0.2672E+01
     -1.254  0.8565E+00  0.2754E+01
     -1.165  0.7639E+00  0.2827E+01
     -1.075  0.6917E+00  0.2892E+01
     -0.985  0.6396E+00  0.2952E+01
     -0.896  0.5962E+00  0.3007E+01
     -0.806  0.5559E+00  0.3058E+01
     -0.717  0.5194E+00  0.3107E+01
     -0.627  0.4927E+00  0.3152E+01
     -0.537  0.4665E+00  0.3195E+01
     -0.448  0.4404E+00  0.3236E+01
     -0.358  0.4155E+00  0.3274E+01
     -0.269  0.3975E+00  0.3310E+01
     -0.179  0.3790E+00  0.3345E+01
     -0.089  0.3594E+00  0.3378E+01
      0.000  0.3397E+00  0.3409E+01
      0.090  0.3263E+00  0.3439E+01
      0.180  0.3129E+00  0.3468E+01
      0.269  0.2984E+00  0.3495E+01
      0.359  0.2824E+00  0.3521E+01
      0.448  0.2696E+00  0.3546E+01
      0.538  0.2596E+00  0.3570E+01
      0.628  0.2487E+00  0.3592E+01
      0.717  0.2373E+00  0.3614E+01
      0.807  0.2243E+00  0.3635E+01
      0.896  0.2147E+00  0.3655E+01
      0.986  0.2068E+00  0.3673E+01
      1.076  0.6337E+00  0.3709E+01
      1.165  0.8135E+00  0.3769E+01
      1.255  0.1072E+01  0.3852E+01
      1.344  0.1238E+01  0.3963E+01
      1.434  0.1165E+01  0.4069E+01
      1.524  0.1064E+01  0.4169E+01
      1.613  0.1018E+01  0.4262E+01
      1.703  0.1010E+01  0.4351E+01
      1.792  0.9997E+00  0.4442E+01
      1.882  0.1033E+01  0.4532E+01
      1.972  0.1067E+01  0.4624E+01
      2.061  0.1060E+01  0.4719E+01
      2.151  0.1094E+01  0.4815E+01
      2.241  0.1132E+01  0.4914E+01
      2.330  0.1210E+01  0.5019E+01
      2.420  0.1248E+01  0.5129E+01
      2.509  0.1473E+01  0.5250E+01
      2.599  0.1533E+01  0.5385E+01
      2.689  0.1482E+01  0.5520E+01
      2.778  0.1456E+01  0.5651E+01
      2.868  0.1435E+01  0.5781E+01
      2.957  0.1413E+01  0.5908E+01
      3.047  0.1381E+01  0.6034E+01
      3.137  0.1364E+01  0.6157E+01
      3.226  0.1340E+01  0.6278E+01
      3.316  0.1317E+01  0.6397E+01
      3.405  0.1293E+01  0.6514E+01
      3.495  0.1267E+01  0.6629E+01
      3.585  0.1252E+01  0.6741E+01
      3.674  0.1232E+01  0.6852E+01
      3.764  0.1212E+01  0.6962E+01
      3.853  0.1189E+01  0.7070E+01
      3.943  0.1174E+01  0.7175E+01
      4.033  0.1153E+01  0.7280E+01
      4.122  0.1146E+01  0.7383E+01
      4.212  0.1053E+01  0.7484E+01
      4.302  0.8134E+00  0.7566E+01
      4.391  0.7044E+00  0.7634E+01
      4.481  0.6172E+00  0.7693E+01
      4.570  0.5477E+00  0.7745E+01
      4.660  0.4822E+00  0.7791E+01
      4.750  0.4308E+00  0.7832E+01
      4.839  0.3765E+00  0.7868E+01
      4.929  0.3289E+00  0.7900E+01
      5.018  0.2839E+00  0.7927E+01
      5.108  0.2407E+00  0.7950E+01
      5.198  0.1913E+00  0.7970E+01
      5.287  0.1501E+00  0.7985E+01
      5.377  0.8244E-01  0.7996E+01
      5.466  0.0000E+00  0.8000E+01
      5.556  0.0000E+00  0.8000E+01
      5.646  0.0000E+00  0.8000E+01
      5.735  0.0000E+00  0.8000E+01
      5.825  0.0000E+00  0.8000E+01
      5.914  0.0000E+00  0.8000E+01
      6.004  0.0000E+00  0.8000E+01
      6.094  0.0000E+00  0.8000E+01
      6.183  0.0000E+00  0.8000E+01
      6.273  0.0000E+00  0.8000E+01
      6.363  0.8728E-01  0.8003E+01
      6.452  0.1703E+00  0.8014E+01
      6.542  0.2465E+00  0.8032E+01
      6.631  0.3167E+00  0.8058E+01
      6.721  0.3623E+00  0.8088E+01
      6.811  0.4131E+00  0.8123E+01
      6.900  0.4647E+00  0.8162E+01
      6.990  0.5204E+00  0.8206E+01
      7.079  0.5612E+00  0.8255E+01
      7.169  0.6023E+00  0.8307E+01
      7.259  0.6479E+00  0.8363E+01
      7.348  0.7446E+00  0.8425E+01
      7.438  0.8381E+00  0.8497E+01
      7.527  0.9233E+00  0.8575E+01
      7.617  0.1021E+01  0.8662E+01
      7.707  0.1121E+01  0.8758E+01
      7.796  0.1260E+01  0.8865E+01
      7.886  0.1469E+01  0.8986E+01
      7.975  0.1725E+01  0.9131E+01
      8.065  0.1612E+01  0.9279E+01
      8.155  0.1604E+01  0.9425E+01
      8.244  0.1530E+01  0.9565E+01
      8.334  0.1332E+01  0.9693E+01
      8.424  0.1209E+01  0.9805E+01
      8.513  0.1144E+01  0.9910E+01
      8.603  0.1246E+01  0.1002E+02
      8.692  0.1109E+01  0.1012E+02
      8.782  0.9529E+00  0.1021E+02
      8.872  0.9399E+00  0.1030E+02
      8.961  0.1266E+01  0.1039E+02
      9.051  0.2769E+01  0.1058E+02
      9.140  0.2142E+01  0.1078E+02
      9.230  0.1649E+01  0.1095E+02
      9.320  0.1663E+01  0.1109E+02
      9.409  0.1648E+01  0.1124E+02
      9.499  0.1815E+01  0.1139E+02
      9.588  0.1850E+01  0.1155E+02
      9.678  0.1354E+01  0.1170E+02
      9.768  0.1246E+01  0.1181E+02
      9.857  0.1132E+01  0.1192E+02
      9.947  0.1096E+01  0.1202E+02
     10.036  0.1090E+01  0.1211E+02
     10.126  0.1114E+01  0.1221E+02
     10.216  0.1191E+01  0.1231E+02
     10.305  0.1309E+01  0.1243E+02
     10.395  0.1351E+01  0.1255E+02
     10.485  0.1181E+01  0.1266E+02
     10.574  0.1183E+01  0.1276E+02
     10.664  0.1225E+01  0.1287E+02
     10.753  0.1209E+01  0.1298E+02
     10.843  0.1126E+01  0.1308E+02
     10.933  0.1175E+01  0.1319E+02
     11.022  0.1185E+01  0.1329E+02
     11.112  0.1100E+01  0.1339E+02
     11.201  0.1133E+01  0.1349E+02
     11.291  0.1132E+01  0.1359E+02
     11.381  0.1150E+01  0.1370E+02
     11.470  0.1066E+01  0.1380E+02
     11.560  0.1069E+01  0.1389E+02
     11.649  0.1034E+01  0.1399E+02
     11.739  0.1025E+01  0.1408E+02
     11.829  0.1003E+01  0.1417E+02
     11.918  0.9613E+00  0.1426E+02
     12.008  0.9606E+00  0.1434E+02
     12.097  0.9312E+00  0.1443E+02
     12.187  0.8743E+00  0.1451E+02
     12.277  0.8533E+00  0.1459E+02
     12.366  0.8271E+00  0.1466E+02
     12.456  0.8985E+00  0.1474E+02
     12.546  0.1016E+01  0.1483E+02
     12.635  0.9372E+00  0.1491E+02
     12.725  0.8732E+00  0.1499E+02
     12.814  0.7906E+00  0.1507E+02
     12.904  0.7178E+00  0.1514E+02
     12.994  0.6893E+00  0.1520E+02
     13.083  0.6355E+00  0.1526E+02
     13.173  0.6008E+00  0.1531E+02
     13.262  0.5778E+00  0.1537E+02
     13.352  0.5618E+00  0.1542E+02
     13.442  0.5321E+00  0.1547E+02
     13.531  0.4998E+00  0.1551E+02
     13.621  0.4877E+00  0.1556E+02
     13.710  0.4983E+00  0.1560E+02
     13.800  0.5575E+00  0.1565E+02
     13.890  0.5569E+00  0.1570E+02
     13.979  0.4349E+00  0.1575E+02
     14.069  0.3349E+00  0.1578E+02
     14.159  0.2337E+00  0.1581E+02
     14.248  0.2048E+00  0.1583E+02
     14.338  0.1949E+00  0.1584E+02
     14.427  0.1856E+00  0.1586E+02
     14.517  0.1744E+00  0.1588E+02
     14.607  0.1621E+00  0.1589E+02
     14.696  0.1500E+00  0.1591E+02
     14.786  0.1409E+00  0.1592E+02
     14.875  0.1216E+00  0.1593E+02
     14.965  0.1061E+00  0.1594E+02
     15.055  0.9443E-01  0.1595E+02
     15.144  0.8554E-01  0.1596E+02
     15.234  0.8091E-01  0.1597E+02
     15.323  0.7699E-01  0.1597E+02
     15.413  0.6950E-01  0.1598E+02
     15.503  0.6262E-01  0.1599E+02
     15.592  0.4271E-01  0.1599E+02
     15.682  0.3247E-01  0.1599E+02
     15.771  0.2402E-01  0.1600E+02
     15.861  0.1758E-01  0.1600E+02
     15.951  0.1744E-01  0.1600E+02
     16.040  0.0000E+00  0.1600E+02
     16.130  0.0000E+00  0.1600E+02
     16.220  0.0000E+00  0.1600E+02
     16.309  0.0000E+00  0.1600E+02
     16.399  0.0000E+00  0.1600E+02
     16.488  0.0000E+00  0.1600E+02
     16.578  0.0000E+00  0.1600E+02
     16.668  0.0000E+00  0.1600E+02
     16.757  0.0000E+00  0.1600E+02
     16.847  0.0000E+00  0.1600E+02
     16.936  0.0000E+00  0.1600E+02
     17.026  0.0000E+00  0.1600E+02
     17.116  0.0000E+00  0.1600E+02
     17.205  0.0000E+00  0.1600E+02
     17.295  0.0000E+00  0.1600E+02
     17.384  0.0000E+00  0.1600E+02
     17.474  0.0000E+00  0.1600E+02
     17.564  0.0000E+00  0.1600E+02
     17.653  0.0000E+00  0.1600E+02
     17.743  0.0000E+00  0.1600E+02
     17.832  0.0000E+00  0.1600E+02
     17.922  0.0000E+00  0.1600E+02
     18.012  0.0000E+00  0.1600E+02
     18.01168055     -8.87096234  301      5.46386318      1.00000000
     -8.871  0.0000E+00  0.0000E+00  0.0000E+00  0.0000E+00  0.0000E+00  0.0000E+00  0.0000E+00  0.0000E+00  0.0000E+00
     -8.781  0.0000E+00  0.0000E+00  0.0000E+00  0.0000E+00  0.0000E+00  0.0000E+00  0.0000E+00  0.0000E+00  0.0000E+00
     -8.692  0.0000E+00  0.0000E+00  0.0000E+00  0.0000E+00  0.0000E+00  0.0000E+00  0.0000E+00  0.0000E+00  0.0000E+00
     -8.602  0.0000E+00  0.0000E+00  0.0000E+00  0.0000E+00  0.0000E+00  0.0000E+00  0.0000E+00  0.0000E+00  0.0000E+00
     -8.513  0.0000E+00  0.0000E+00  0.0000E+00  0.0000E+00  0.0000E+00  0.0000E+00  0.0000E+00  0.0000E+00  0.0000E+00
     -8.423  0.0000E+00  0.0000E+00  0.0000E+00  0.0000E+00  0.0000E+00  0.0000E+00  0.0000E+00  0.0000E+00  0.0000E+00
     -8.333  0.0000E+00  0.0000E+00  0.0000E+00  0.0000E+00  0.0000E+00  0.0000E+00  0.0000E+00  0.0000E+00  0.0000E+00
     -8.244  0.0000E+00  0.0000E+00  0.0000E+00  0.0000E+00  0.0000E+00  0.0000E+00  0.0000E+00  0.0000E+00  0.0000E+00
     -8.154  0.0000E+00  0.0000E+00  0.0000E+00  0.0000E+00  0.0000E+00  0.0000E+00  0.0000E+00  0.0000E+00  0.0000E+00
     -8.064  0.0000E+00  0.0000E+00  0.0000E+00  0.0000E+00  0.0000E+00  0.0000E+00  0.0000E+00  0.0000E+00  0.0000E+00
     -7.975  0.0000E+00  0.0000E+00  0.0000E+00  0.0000E+00  0.0000E+00  0.0000E+00  0.0000E+00  0.0000E+00  0.0000E+00
     -7.885  0.0000E+00  0.0000E+00  0.0000E+00  0.0000E+00  0.0000E+00  0.0000E+00  0.0000E+00  0.0000E+00  0.0000E+00
     -7.796  0.0000E+00  0.0000E+00  0.0000E+00  0.0000E+00  0.0000E+00  0.0000E+00  0.0000E+00  0.0000E+00  0.0000E+00
     -7.706  0.0000E+00  0.0000E+00  0.0000E+00  0.0000E+00  0.0000E+00  0.0000E+00  0.0000E+00  0.0000E+00  0.0000E+00
     -7.616  0.0000E+00  0.0000E+00  0.0000E+00  0.0000E+00  0.0000E+00  0.0000E+00  0.0000E+00  0.0000E+00  0.0000E+00
     -7.527  0.0000E+00  0.0000E+00  0.0000E+00  0.0000E+00  0.0000E+00  0.0000E+00  0.0000E+00  0.0000E+00  0.0000E+00
     -7.437  0.0000E+00  0.0000E+00  0.0000E+00  0.0000E+00  0.0000E+00  0.0000E+00  0.0000E+00  0.0000E+00  0.0000E+00
     -7.348  0.0000E+00  0.0000E+00  0.0000E+00  0.0000E+00  0.0000E+00  0.0000E+00  0.0000E+00  0.0000E+00  0.0000E+00
     -7.258  0.0000E+00  0.0000E+00  0.0000E+00  0.0000E+00  0.0000E+00  0.0000E+00  0.0000E+00  0.0000E+00  0.0000E+00
     -7.168  0.0000E+00  0.0000E+00  0.0000E+00  0.0000E+00  0.0000E+00  0.0000E+00  0.0000E+00  0.0000E+00  0.0000E+00
     -7.079  0.0000E+00  0.0000E+00  0.0000E+00  0.0000E+00  0.0000E+00  0.0000E+00  0.0000E+00  0.0000E+00  0.0000E+00
     -6.989  0.0000E+00  0.0000E+00  0.0000E+00  0.0000E+00  0.0000E+00  0.0000E+00  0.0000E+00  0.0000E+00  0.0000E+00
     -6.900  0.0000E+00  0.0000E+00  0.0000E+00  0.0000E+00  0.0000E+00  0.0000E+00  0.0000E+00  0.0000E+00  0.0000E+00
     -6.810  0.1934E-01  0.1785E-04  0.1785E-04  0.1785E-04  0.0000E+00  0.0000E+00  0.0000E+00  0.0000E+00  0.0000E+00
     -6.720  0.2796E-01  0.6995E-04  0.6995E-04  0.6995E-04  0.0000E+00  0.0000E+00  0.0000E+00  0.0000E+00  0.0000E+00
     -6.631  0.3451E-01  0.1352E-03  0.1352E-03  0.1352E-03  0.0000E+00  0.0000E+00  0.0000E+00  0.0000E+00  0.0000E+00
     -6.541  0.4015E-01  0.2200E-03  0.2200E-03  0.2200E-03  0.0000E+00  0.0000E+00  0.0000E+00  0.0000E+00  0.0000E+00
     -6.452  0.4542E-01  0.3171E-03  0.3171E-03  0.3171E-03  0.0000E+00  0.0000E+00  0.0000E+00  0.0000E+00  0.0000E+00
     -6.362  0.5073E-01  0.4203E-03  0.4203E-03  0.4203E-03  0.0000E+00  0.0000E+00  0.0000E+00  0.0000E+00  0.0000E+00
     -6.272  0.5491E-01  0.5408E-03  0.5408E-03  0.5408E-03  0.0000E+00  0.0000E+00  0.0000E+00  0.0000E+00  0.0000E+00
     -6.183  0.5956E-01  0.6627E-03  0.6627E-03  0.6627E-03  0.0000E+00  0.0000E+00  0.0000E+00  0.0000E+00  0.0000E+00
     -6.093  0.6341E-01  0.8014E-03  0.8014E-03  0.8014E-03  0.0000E+00  0.0000E+00  0.0000E+00  0.0000E+00  0.0000E+00
     -6.003  0.6750E-01  0.9424E-03  0.9424E-03  0.9424E-03  0.0000E+00  0.0000E+00  0.0000E+00  0.0000E+00  0.0000E+00
     -5.914  0.7135E-01  0.1095E-02  0.1095E-02  0.1095E-02  0.0000E+00  0.0000E+00  0.0000E+00  0.0000E+00  0.0000E+00
     -5.824  0.7508E-01  0.1256E-02  0.1256E-02  0.1256E-02  0.0000E+00  0.0000E+00  0.0000E+00  0.0000E+00  0.0000E+00
     -5.735  0.7913E-01  0.1417E-02  0.1417E-02  0.1417E-02  0.0000E+00  0.0000E+00  0.0000E+00  0.0000E+00  0.0000E+00
     -5.645  0.8267E-01  0.1599E-02  0.1599E-02  0.1599E-02  0.0000E+00  0.0000E+00  0.0000E+00  0.0000E+00  0.0000E+00
     -5.555  0.8652E-01  0.1782E-02  0.1782E-02  0.1782E-02  0.0000E+00  0.0000E+00  0.0000E+00  0.0000E+00  0.0000E+00
     -5.466  0.9052E-01  0.1969E-02  0.1969E-02  0.1969E-02  0.0000E+00  0.0000E+00  0.0000E+00  0.0000E+00  0.0000E+00
     -5.376  0.9434E-01  0.2176E-02  0.2176E-02  0.2176E-02  0.0000E+00  0.0000E+00  0.0000E+00  0.0000E+00  0.0000E+00
     -5.287  0.9850E-01  0.2385E-02  0.2385E-02  0.2385E-02  0.0000E+00  0.0000E+00  0.0000E+00  0.0000E+00  0.0000E+00
     -5.197  0.1029E+00  0.2599E-02  0.2599E-02  0.2599E-02  0.0000E+00  0.0000E+00  0.0000E+00  0.0000E+00  0.0000E+00
     -5.107  0.1074E+00  0.2839E-02  0.2839E-02  0.2839E-02  0.0000E+00  0.0000E+00  0.0000E+00  0.0000E+00  0.0000E+00
     -5.018  0.1124E+00  0.3084E-02  0.3084E-02  0.3084E-02  0.0000E+00  0.0000E+00  0.0000E+00  0.0000E+00  0.0000E+00
     -4.928  0.1180E+00  0.3338E-02  0.3338E-02  0.3338E-02  0.0000E+00  0.0000E+00  0.0000E+00  0.0000E+00  0.0000E+00
     -4.839  0.1242E+00  0.3631E-02  0.3631E-02  0.3631E-02  0.0000E+00  0.0000E+00  0.0000E+00  0.0000E+00  0.0000E+00
     -4.749  0.1316E+00  0.3949E-02  0.3949E-02  0.3949E-02  0.0000E+00  0.0000E+00  0.0000E+00  0.0000E+00  0.0000E+00
     -4.659  0.1410E+00  0.4308E-02  0.4308E-02  0.4308E-02  0.0000E+00  0.0000E+00  0.0000E+00  0.0000E+00  0.0000E+00
     -4.570  0.1547E+00  0.4774E-02  0.4774E-02  0.4774E-02  0.0000E+00  0.0000E+00  0.0000E+00  0.0000E+00  0.0000E+00
     -4.480  0.1840E+00  0.5595E-02  0.5595E-02  0.5595E-02  0.0000E+00  0.0000E+00  0.0000E+00  0.0000E+00  0.0000E+00
     -4.391  0.1877E+00  0.5897E-02  0.5897E-02  0.5897E-02  0.0000E+00  0.0000E+00  0.0000E+00  0.0000E+00  0.0000E+00
     -4.301  0.1762E+00  0.5849E-02  0.5849E-02  0.5849E-02  0.0000E+00  0.0000E+00  0.0000E+00  0.0000E+00  0.0000E+00
     -4.211  0.1687E+00  0.5897E-02  0.5897E-02  0.5897E-02  0.0000E+00  0.0000E+00  0.0000E+00  0.0000E+00  0.0000E+00
     -4.122  0.1618E+00  0.5907E-02  0.5907E-02  0.5907E-02  0.0000E+00  0.0000E+00  0.0000E+00  0.0000E+00  0.0000E+00
     -4.032  0.1564E+00  0.5944E-02  0.5944E-02  0.5944E-02  0.0000E+00  0.0000E+00  0.0000E+00  0.0000E+00  0.0000E+00
     -3.942  0.1492E+00  0.5939E-02  0.5939E-02  0.5939E-02  0.0000E+00  0.0000E+00  0.0000E+00  0.0000E+00  0.0000E+00
     -3.853  0.1435E+00  0.5927E-02  0.5927E-02  0.5927E-02  0.0000E+00  0.0000E+00  0.0000E+00  0.0000E+00  0.0000E+00
     -3.763  0.1363E+00  0.5865E-02  0.5865E-02  0.5865E-02  0.0000E+00  0.0000E+00  0.0000E+00  0.0000E+00  0.0000E+00
     -3.674  0.1308E+00  0.5838E-02  0.5838E-02  0.5838E-02  0.0000E+00  0.0000E+00  0.0000E+00  0.0000E+00  0.0000E+00
     -3.584  0.1236E+00  0.5738E-02  0.5738E-02  0.5738E-02  0.0000E+00  0.0000E+00  0.0000E+00  0.0000E+00  0.0000E+00
     -3.494  0.1173E+00  0.5638E-02  0.5638E-02  0.5638E-02  0.0000E+00  0.0000E+00  0.0000E+00  0.0000E+00  0.0000E+00
     -3.405  0.1110E+00  0.5526E-02  0.5526E-02  0.5526E-02  0.0000E+00  0.0000E+00  0.0000E+00  0.0000E+00  0.0000E+00
     -3.315  0.1035E+00  0.5355E-02  0.5355E-02  0.5355E-02  0.0000E+00  0.0000E+00  0.0000E+00  0.0000E+00  0.0000E+00
     -3.226  0.9693E-01  0.5181E-02  0.5181E-02  0.5181E-02  0.0000E+00  0.0000E+00  0.0000E+00  0.0000E+00  0.0000E+00
     -3.136  0.8950E-01  0.4963E-02  0.4963E-02  0.4963E-02  0.0000E+00  0.0000E+00  0.0000E+00  0.0000E+00  0.0000E+00
     -3.046  0.8202E-01  0.4725E-02  0.4725E-02  0.4725E-02  0.0000E+00  0.0000E+00  0.0000E+00  0.0000E+00  0.0000E+00
     -2.957  0.7435E-01  0.4440E-02  0.4440E-02  0.4440E-02  0.0000E+00  0.0000E+00  0.0000E+00  0.0000E+00  0.0000E+00
     -2.867  0.6725E-01  0.4204E-02  0.4204E-02  0.4204E-02  0.0000E+00  0.0000E+00  0.0000E+00  0.0000E+00  0.0000E+00
     -2.778  0.5586E-01  0.3656E-02  0.3656E-02  0.3656E-02  0.0000E+00  0.0000E+00  0.0000E+00  0.0000E+00  0.0000E+00
     -2.688  0.3336E-01  0.2216E-02  0.2216E-02  0.2216E-02  0.0000E+00  0.0000E+00  0.0000E+00  0.0000E+00  0.0000E+00
     -2.598  0.2053E-02  0.1315E-03  0.1315E-03  0.1315E-03  0.0000E+00  0.0000E+00  0.0000E+00  0.0000E+00  0.0000E+00
     -2.509  0.3276E-02  0.2692E-03  0.2692E-03  0.2692E-03  0.0000E+00  0.0000E+00  0.0000E+00  0.0000E+00  0.0000E+00
     -2.419  0.1332E-01  0.1097E-02  0.1097E-02  0.1097E-02  0.0000E+00  0.0000E+00  0.0000E+00  0.0000E+00  0.0000E+00
     -2.330  0.3055E-01  0.2518E-02  0.2518E-02  0.2518E-02  0.0000E+00  0.0000E+00  0.0000E+00  0.0000E+00  0.0000E+00
     -2.240  0.5209E-01  0.4314E-02  0.4314E-02  0.4314E-02  0.0000E+00  0.0000E+00  0.0000E+00  0.0000E+00  0.0000E+00
     -2.150  0.5697E-01  0.4885E-02  0.4885E-02  0.4885E-02  0.0000E+00  0.0000E+00  0.0000E+00  0.0000E+00  0.0000E+00
     -2.061  0.6489E-01  0.5734E-02  0.5734E-02  0.5734E-02  0.0000E+00  0.0000E+00  0.0000E+00  0.0000E+00  0.0000E+00
     -1.971  0.7427E-01  0.6841E-02  0.6841E-02  0.6841E-02  0.0000E+00  0.0000E+00  0.0000E+00  0.0000E+00  0.0000E+00
     -1.881  0.8241E-01  0.7874E-02  0.7874E-02  0.7874E-02  0.0000E+00  0.0000E+00  0.0000E+00  0.0000E+00  0.0000E+00
     -1.792  0.9337E-01  0.9401E-02  0.9401E-02  0.9401E-02  0.0000E+00  0.0000E+00  0.0000E+00  0.0000E+00  0.0000E+00
     -1.702  0.1040E+00  0.1102E-01  0.1102E-01  0.1102E-01  0.0000E+00  0.0000E+00  0.0000E+00  0.0000E+00  0.0000E+00
     -1.613  0.1583E+00  0.2489E-01  0.2489E-01  0.2489E-01  0.0000E+00  0.0000E+00  0.0000E+00  0.0000E+00  0.0000E+00
     -1.523  0.2391E+00  0.4135E-01  0.4135E-01  0.4135E-01  0.0000E+00  0.0000E+00  0.0000E+00  0.0000E+00  0.0000E+00
     -1.433  0.2045E+00  0.3527E-01  0.3527E-01  0.3527E-01  0.0000E+00  0.0000E+00  0.0000E+00  0.0000E+00  0.0000E+00
     -1.344  0.1481E+00  0.2495E-01  0.2495E-01  0.2495E-01  0.0000E+00  0.0000E+00  0.0000E+00  0.0000E+00  0.0000E+00
     -1.254  0.1287E+00  0.2164E-01  0.2164E-01  0.2164E-01  0.0000E+00  0.0000E+00  0.0000E+00  0.0000E+00  0.0000E+00
     -1.165  0.1149E+00  0.1947E-01  0.1947E-01  0.1947E-01  0.0000E+00  0.0000E+00  0.0000E+00  0.0000E+00  0.0000E+00
     -1.075  0.1038E+00  0.1783E-01  0.1783E-01  0.1783E-01  0.0000E+00  0.0000E+00  0.0000E+00  0.0000E+00  0.0000E+00
     -0.985  0.9587E-01  0.1666E-01  0.1666E-01  0.1666E-01  0.0000E+00  0.0000E+00  0.0000E+00  0.0000E+00  0.0000E+00
     -0.896  0.8912E-01  0.1571E-01  0.1571E-01  0.1571E-01  0.0000E+00  0.0000E+00  0.0000E+00  0.0000E+00  0.0000E+00
     -0.806  0.8274E-01  0.1484E-01  0.1484E-01  0.1484E-01  0.0000E+00  0.0000E+00  0.0000E+00  0.0000E+00  0.0000E+00
     -0.717  0.7691E-01  0.1406E-01  0.1406E-01  0.1406E-01  0.0000E+00  0.0000E+00  0.0000E+00  0.0000E+00  0.0000E+00
     -0.627  0.7268E-01  0.1349E-01  0.1349E-01  0.1349E-01  0.0000E+00  0.0000E+00  0.0000E+00  0.0000E+00  0.0000E+00
     -0.537  0.6845E-01  0.1294E-01  0.1294E-01  0.1294E-01  0.0000E+00  0.0000E+00  0.0000E+00  0.0000E+00  0.0000E+00
     -0.448  0.6422E-01  0.1238E-01  0.1238E-01  0.1238E-01  0.0000E+00  0.0000E+00  0.0000E+00  0.0000E+00  0.0000E+00
     -0.358  0.6019E-01  0.1185E-01  0.1185E-01  0.1185E-01  0.0000E+00  0.0000E+00  0.0000E+00  0.0000E+00  0.0000E+00
     -0.269  0.5727E-01  0.1147E-01  0.1147E-01  0.1147E-01  0.0000E+00  0.0000E+00  0.0000E+00  0.0000E+00  0.0000E+00
     -0.179  0.5425E-01  0.1108E-01  0.1108E-01  0.1108E-01  0.0000E+00  0.0000E+00  0.0000E+00  0.0000E+00  0.0000E+00
     -0.089  0.5106E-01  0.1066E-01  0.1066E-01  0.1066E-01  0.0000E+00  0.0000E+00  0.0000E+00  0.0000E+00  0.0000E+00
      0.000  0.4787E-01  0.1022E-01  0.1022E-01  0.1022E-01  0.0000E+00  0.0000E+00  0.0000E+00  0.0000E+00  0.0000E+00
      0.090  0.4569E-01  0.9934E-02  0.9934E-02  0.9934E-02  0.0000E+00  0.0000E+00  0.0000E+00  0.0000E+00  0.0000E+00
      0.180  0.4350E-01  0.9644E-02  0.9644E-02  0.9644E-02  0.0000E+00  0.0000E+00  0.0000E+00  0.0000E+00  0.0000E+00
      0.269  0.4114E-01  0.9321E-02  0.9321E-02  0.9321E-02  0.0000E+00  0.0000E+00  0.0000E+00  0.0000E+00  0.0000E+00
      0.359  0.3857E-01  0.8948E-02  0.8948E-02  0.8948E-02  0.0000E+00  0.0000E+00  0.0000E+00  0.0000E+00  0.0000E+00
      0.448  0.3653E-01  0.8654E-02  0.8654E-02  0.8654E-02  0.0000E+00  0.0000E+00  0.0000E+00  0.0000E+00  0.0000E+00
      0.538  0.3491E-01  0.8430E-02  0.8430E-02  0.8430E-02  0.0000E+00  0.0000E+00  0.0000E+00  0.0000E+00  0.0000E+00
      0.628  0.3316E-01  0.8179E-02  0.8179E-02  0.8179E-02  0.0000E+00  0.0000E+00  0.0000E+00  0.0000E+00  0.0000E+00
      0.717  0.3133E-01  0.7907E-02  0.7907E-02  0.7907E-02  0.0000E+00  0.0000E+00  0.0000E+00  0.0000E+00  0.0000E+00
      0.807  0.2930E-01  0.7581E-02  0.7581E-02  0.7581E-02  0.0000E+00  0.0000E+00  0.0000E+00  0.0000E+00  0.0000E+00
      0.896  0.2779E-01  0.7346E-02  0.7346E-02  0.7346E-02  0.0000E+00  0.0000E+00  0.0000E+00  0.0000E+00  0.0000E+00
      0.986  0.2654E-01  0.7157E-02  0.7157E-02  0.7157E-02  0.0000E+00  0.0000E+00  0.0000E+00  0.0000E+00  0.0000E+00
      1.076  0.2706E-01  0.2944E-01  0.2944E-01  0.2944E-01  0.0000E+00  0.0000E+00  0.0000E+00  0.0000E+00  0.0000E+00
      1.165  0.2734E-01  0.3906E-01  0.3906E-01  0.3906E-01  0.0000E+00  0.0000E+00  0.0000E+00  0.0000E+00  0.0000E+00
      1.255  0.2850E-01  0.5290E-01  0.5290E-01  0.5290E-01  0.0000E+00  0.0000E+00  0.0000E+00  0.0000E+00  0.0000E+00
      1.344  0.3001E-01  0.6195E-01  0.6195E-01  0.6195E-01  0.0000E+00  0.0000E+00  0.0000E+00  0.0000E+00  0.0000E+00
      1.434  0.3035E-01  0.5845E-01  0.5845E-01  0.5845E-01  0.0000E+00  0.0000E+00  0.0000E+00  0.0000E+00  0.0000E+00
      1.524  0.3019E-01  0.5346E-01  0.5346E-01  0.5346E-01  0.0000E+00  0.0000E+00  0.0000E+00  0.0000E+00  0.0000E+00
      1.613  0.3004E-01  0.5133E-01  0.5133E-01  0.5133E-01  0.0000E+00  0.0000E+00  0.0000E+00  0.0000E+00  0.0000E+00
      1.703  0.2946E-01  0.5145E-01  0.5145E-01  0.5145E-01  0.0000E+00  0.0000E+00  0.0000E+00  0.0000E+00  0.0000E+00
      1.792  0.2868E-01  0.5142E-01  0.5142E-01  0.5142E-01  0.0000E+00  0.0000E+00  0.0000E+00  0.0000E+00  0.0000E+00
      1.882  0.2844E-01  0.5370E-01  0.5370E-01  0.5370E-01  0.0000E+00  0.0000E+00  0.0000E+00  0.0000E+00  0.0000E+00
      1.972  0.2817E-01  0.5621E-01  0.5621E-01  0.5621E-01  0.0000E+00  0.0000E+00  0.0000E+00  0.0000E+00  0.0000E+00
      2.061  0.2741E-01  0.5641E-01  0.5641E-01  0.5641E-01  0.0000E+00  0.0000E+00  0.0000E+00  0.0000E+00  0.0000E+00
      2.151  0.2662E-01  0.5903E-01  0.5903E-01  0.5903E-01  0.0000E+00  0.0000E+00  0.0000E+00  0.0000E+00  0.0000E+00
      2.241  0.2575E-01  0.6202E-01  0.6202E-01  0.6202E-01  0.0000E+00  0.0000E+00  0.0000E+00  0.0000E+00  0.0000E+00
      2.330  0.2505E-01  0.6752E-01  0.6752E-01  0.6752E-01  0.0000E+00  0.0000E+00  0.0000E+00  0.0000E+00  0.0000E+00
      2.420  0.2429E-01  0.7060E-01  0.7060E-01  0.7060E-01  0.0000E+00  0.0000E+00  0.0000E+00  0.0000E+00  0.0000E+00
      2.509  0.2348E-01  0.8592E-01  0.8592E-01  0.8592E-01  0.0000E+00  0.0000E+00  0.0000E+00  0.0000E+00  0.0000E+00
      2.599  0.2266E-01  0.9059E-01  0.9059E-01  0.9059E-01  0.0000E+00  0.0000E+00  0.0000E+00  0.0000E+00  0.0000E+00
      2.689  0.2159E-01  0.8807E-01  0.8807E-01  0.8807E-01  0.0000E+00  0.0000E+00  0.0000E+00  0.0000E+00  0.0000E+00
      2.778  0.2048E-01  0.8717E-01  0.8717E-01  0.8717E-01  0.0000E+00  0.0000E+00  0.0000E+00  0.0000E+00  0.0000E+00
      2.868  0.1956E-01  0.8654E-01  0.8654E-01  0.8654E-01  0.0000E+00  0.0000E+00  0.0000E+00  0.0000E+00  0.0000E+00
      2.957  0.1868E-01  0.8588E-01  0.8588E-01  0.8588E-01  0.0000E+00  0.0000E+00  0.0000E+00  0.0000E+00  0.0000E+00
      3.047  0.1784E-01  0.8447E-01  0.8447E-01  0.8447E-01  0.0000E+00  0.0000E+00  0.0000E+00  0.0000E+00  0.0000E+00
      3.137  0.1694E-01  0.8419E-01  0.8419E-01  0.8419E-01  0.0000E+00  0.0000E+00  0.0000E+00  0.0000E+00  0.0000E+00
      3.226  0.1607E-01  0.8330E-01  0.8330E-01  0.8330E-01  0.0000E+00  0.0000E+00  0.0000E+00  0.0000E+00  0.0000E+00
      3.316  0.1496E-01  0.8259E-01  0.8259E-01  0.8259E-01  0.0000E+00  0.0000E+00  0.0000E+00  0.0000E+00  0.0000E+00
      3.405  0.1396E-01  0.8182E-01  0.8182E-01  0.8182E-01  0.0000E+00  0.0000E+00  0.0000E+00  0.0000E+00  0.0000E+00
      3.495  0.1319E-01  0.8077E-01  0.8077E-01  0.8077E-01  0.0000E+00  0.0000E+00  0.0000E+00  0.0000E+00  0.0000E+00
      3.585  0.1240E-01  0.8049E-01  0.8049E-01  0.8049E-01  0.0000E+00  0.0000E+00  0.0000E+00  0.0000E+00  0.0000E+00
      3.674  0.1140E-01  0.7993E-01  0.7993E-01  0.7993E-01  0.0000E+00  0.0000E+00  0.0000E+00  0.0000E+00  0.0000E+00
      3.764  0.1029E-01  0.7942E-01  0.7942E-01  0.7942E-01  0.0000E+00  0.0000E+00  0.0000E+00  0.0000E+00  0.0000E+00
      3.853  0.9174E-02  0.7873E-01  0.7873E-01  0.7873E-01  0.0000E+00  0.0000E+00  0.0000E+00  0.0000E+00  0.0000E+00
      3.943  0.8282E-02  0.7844E-01  0.7844E-01  0.7844E-01  0.0000E+00  0.0000E+00  0.0000E+00  0.0000E+00  0.0000E+00
      4.033  0.7597E-02  0.7772E-01  0.7772E-01  0.7772E-01  0.0000E+00  0.0000E+00  0.0000E+00  0.0000E+00  0.0000E+00
      4.122  0.6859E-02  0.7799E-01  0.7799E-01  0.7799E-01  0.0000E+00  0.0000E+00  0.0000E+00  0.0000E+00  0.0000E+00
      4.212  0.6090E-02  0.7209E-01  0.7209E-01  0.7209E-01  0.0000E+00  0.0000E+00  0.0000E+00  0.0000E+00  0.0000E+00
      4.302  0.5495E-02  0.5544E-01  0.5544E-01  0.5544E-01  0.0000E+00  0.0000E+00  0.0000E+00  0.0000E+00  0.0000E+00
      4.391  0.4772E-02  0.4812E-01  0.4812E-01  0.4812E-01  0.0000E+00  0.0000E+00  0.0000E+00  0.0000E+00  0.0000E+00
      4.481  0.4122E-02  0.4229E-01  0.4229E-01  0.4229E-01  0.0000E+00  0.0000E+00  0.0000E+00  0.0000E+00  0.0000E+00
      4.570  0.3606E-02  0.3766E-01  0.3766E-01  0.3766E-01  0.0000E+00  0.0000E+00  0.0000E+00  0.0000E+00  0.0000E+00
      4.660  0.3053E-02  0.3328E-01  0.3328E-01  0.3328E-01  0.0000E+00  0.0000E+00  0.0000E+00  0.0000E+00  0.0000E+00
      4.750  0.2637E-02  0.2983E-01  0.2983E-01  0.2983E-01  0.0000E+00  0.0000E+00  0.0000E+00  0.0000E+00  0.0000E+00
      4.839  0.2065E-02  0.2621E-01  0.2621E-01  0.2621E-01  0.0000E+00  0.0000E+00  0.0000E+00  0.0000E+00  0.0000E+00
      4.929  0.1636E-02  0.2299E-01  0.2299E-01  0.2299E-01  0.0000E+00  0.0000E+00  0.0000E+00  0.0000E+00  0.0000E+00
      5.018  0.1269E-02  0.1993E-01  0.1993E-01  0.1993E-01  0.0000E+00  0.0000E+00  0.0000E+00  0.0000E+00  0.0000E+00
      5.108  0.9019E-03  0.1698E-01  0.1698E-01  0.1698E-01  0.0000E+00  0.0000E+00  0.0000E+00  0.0000E+00  0.0000E+00
      5.198  0.6555E-03  0.1352E-01  0.1352E-01  0.1352E-01  0.0000E+00  0.0000E+00  0.0000E+00  0.0000E+00  0.0000E+00
      5.287  0.3387E-03  0.1066E-01  0.1066E-01  0.1066E-01  0.0000E+00  0.0000E+00  0.0000E+00  0.0000E+00  0.0000E+00
      5.377  0.1087E-03  0.5875E-02  0.5875E-02  0.5875E-02  0.0000E+00  0.0000E+00  0.0000E+00  0.0000E+00  0.0000E+00
      5.466  0.0000E+00  0.0000E+00  0.0000E+00  0.0000E+00  0.0000E+00  0.0000E+00  0.0000E+00  0.0000E+00  0.0000E+00
      5.556  0.0000E+00  0.0000E+00  0.0000E+00  0.0000E+00  0.0000E+00  0.0000E+00  0.0000E+00  0.0000E+00  0.0000E+00
      5.646  0.0000E+00  0.0000E+00  0.0000E+00  0.0000E+00  0.0000E+00  0.0000E+00  0.0000E+00  0.0000E+00  0.0000E+00
      5.735  0.0000E+00  0.0000E+00  0.0000E+00  0.0000E+00  0.0000E+00  0.0000E+00  0.0000E+00  0.0000E+00  0.0000E+00
      5.825  0.0000E+00  0.0000E+00  0.0000E+00  0.0000E+00  0.0000E+00  0.0000E+00  0.0000E+00  0.0000E+00  0.0000E+00
      5.914  0.0000E+00  0.0000E+00  0.0000E+00  0.0000E+00  0.0000E+00  0.0000E+00  0.0000E+00  0.0000E+00  0.0000E+00
      6.004  0.0000E+00  0.0000E+00  0.0000E+00  0.0000E+00  0.0000E+00  0.0000E+00  0.0000E+00  0.0000E+00  0.0000E+00
      6.094  0.0000E+00  0.0000E+00  0.0000E+00  0.0000E+00  0.0000E+00  0.0000E+00  0.0000E+00  0.0000E+00  0.0000E+00
      6.183  0.0000E+00  0.0000E+00  0.0000E+00  0.0000E+00  0.0000E+00  0.0000E+00  0.0000E+00  0.0000E+00  0.0000E+00
      6.273  0.0000E+00  0.0000E+00  0.0000E+00  0.0000E+00  0.0000E+00  0.0000E+00  0.0000E+00  0.0000E+00  0.0000E+00
      6.363  0.4458E-02  0.1387E-02  0.1387E-02  0.1387E-02  0.0000E+00  0.0000E+00  0.0000E+00  0.0000E+00  0.0000E+00
      6.452  0.8526E-02  0.2751E-02  0.2751E-02  0.2751E-02  0.0000E+00  0.0000E+00  0.0000E+00  0.0000E+00  0.0000E+00
      6.542  0.1214E-01  0.4068E-02  0.4068E-02  0.4068E-02  0.0000E+00  0.0000E+00  0.0000E+00  0.0000E+00  0.0000E+00
      6.631  0.1537E-01  0.5355E-02  0.5355E-02  0.5355E-02  0.0000E+00  0.0000E+00  0.0000E+00  0.0000E+00  0.0000E+00
      6.721  0.1729E-01  0.6370E-02  0.6370E-02  0.6370E-02  0.0000E+00  0.0000E+00  0.0000E+00  0.0000E+00  0.0000E+00
      6.811  0.1945E-01  0.7482E-02  0.7482E-02  0.7482E-02  0.0000E+00  0.0000E+00  0.0000E+00  0.0000E+00  0.0000E+00
      6.900  0.2158E-01  0.8669E-02  0.8669E-02  0.8669E-02  0.0000E+00  0.0000E+00  0.0000E+00  0.0000E+00  0.0000E+00
      6.990  0.2385E-01  0.9971E-02  0.9971E-02  0.9971E-02  0.0000E+00  0.0000E+00  0.0000E+00  0.0000E+00  0.0000E+00
      7.079  0.2538E-01  0.1108E-01  0.1108E-01  0.1108E-01  0.0000E+00  0.0000E+00  0.0000E+00  0.0000E+00  0.0000E+00
      7.169  0.2689E-01  0.1227E-01  0.1227E-01  0.1227E-01  0.0000E+00  0.0000E+00  0.0000E+00  0.0000E+00  0.0000E+00
      7.259  0.2891E-01  0.1353E-01  0.1353E-01  0.1353E-01  0.0000E+00  0.0000E+00  0.0000E+00  0.0000E+00  0.0000E+00
      7.348  0.3933E-01  0.1537E-01  0.1537E-01  0.1537E-01  0.0000E+00  0.0000E+00  0.0000E+00  0.0000E+00  0.0000E+00
      7.438  0.4838E-01  0.1745E-01  0.1745E-01  0.1745E-01  0.0000E+00  0.0000E+00  0.0000E+00  0.0000E+00  0.0000E+00
      7.527  0.5532E-01  0.1962E-01  0.1962E-01  0.1962E-01  0.0000E+00  0.0000E+00  0.0000E+00  0.0000E+00  0.0000E+00
      7.617  0.6315E-01  0.2218E-01  0.2218E-01  0.2218E-01  0.0000E+00  0.0000E+00  0.0000E+00  0.0000E+00  0.0000E+00
      7.707  0.7118E-01  0.2498E-01  0.2498E-01  0.2498E-01  0.0000E+00  0.0000E+00  0.0000E+00  0.0000E+00  0.0000E+00
      7.796  0.8280E-01  0.2884E-01  0.2884E-01  0.2884E-01  0.0000E+00  0.0000E+00  0.0000E+00  0.0000E+00  0.0000E+00
      7.886  0.1010E+00  0.3428E-01  0.3428E-01  0.3428E-01  0.0000E+00  0.0000E+00  0.0000E+00  0.0000E+00  0.0000E+00
      7.975  0.1222E+00  0.4145E-01  0.4145E-01  0.4145E-01  0.0000E+00  0.0000E+00  0.0000E+00  0.0000E+00  0.0000E+00
      8.065  0.1084E+00  0.4089E-01  0.4089E-01  0.4089E-01  0.0000E+00  0.0000E+00  0.0000E+00  0.0000E+00  0.0000E+00
      8.155  0.1033E+00  0.4267E-01  0.4267E-01  0.4267E-01  0.0000E+00  0.0000E+00  0.0000E+00  0.0000E+00  0.0000E+00
      8.244  0.9218E-01  0.4251E-01  0.4251E-01  0.4251E-01  0.0000E+00  0.0000E+00  0.0000E+00  0.0000E+00  0.0000E+00
      8.334  0.7821E-01  0.3625E-01  0.3625E-01  0.3625E-01  0.0000E+00  0.0000E+00  0.0000E+00  0.0000E+00  0.0000E+00
      8.424  0.6559E-01  0.3391E-01  0.3391E-01  0.3391E-01  0.0000E+00  0.0000E+00  0.0000E+00  0.0000E+00  0.0000E+00
      8.513  0.6000E-01  0.3240E-01  0.3240E-01  0.3240E-01  0.0000E+00  0.0000E+00  0.0000E+00  0.0000E+00  0.0000E+00
      8.603  0.6182E-01  0.3713E-01  0.3713E-01  0.3713E-01  0.0000E+00  0.0000E+00  0.0000E+00  0.0000E+00  0.0000E+00
      8.692  0.5164E-01  0.3394E-01  0.3394E-01  0.3394E-01  0.0000E+00  0.0000E+00  0.0000E+00  0.0000E+00  0.0000E+00
      8.782  0.3754E-01  0.3014E-01  0.3014E-01  0.3014E-01  0.0000E+00  0.0000E+00  0.0000E+00  0.0000E+00  0.0000E+00
      8.872  0.3414E-01  0.3048E-01  0.3048E-01  0.3048E-01  0.0000E+00  0.0000E+00  0.0000E+00  0.0000E+00  0.0000E+00
      8.961  0.3752E-01  0.4169E-01  0.4169E-01  0.4169E-01  0.0000E+00  0.0000E+00  0.0000E+00  0.0000E+00  0.0000E+00
      9.051  0.5432E-01  0.9206E-01  0.9206E-01  0.9206E-01  0.0000E+00  0.0000E+00  0.0000E+00  0.0000E+00  0.0000E+00
      9.140  0.5579E-01  0.7261E-01  0.7261E-01  0.7261E-01  0.0000E+00  0.0000E+00  0.0000E+00  0.0000E+00  0.0000E+00
      9.230  0.4945E-01  0.5436E-01  0.5436E-01  0.5436E-01  0.0000E+00  0.0000E+00  0.0000E+00  0.0000E+00  0.0000E+00
      9.320  0.5107E-01  0.5536E-01  0.5536E-01  0.5536E-01  0.0000E+00  0.0000E+00  0.0000E+00  0.0000E+00  0.0000E+00
      9.409  0.5159E-01  0.5509E-01  0.5509E-01  0.5509E-01  0.0000E+00  0.0000E+00  0.0000E+00  0.0000E+00  0.0000E+00
      9.499  0.6033E-01  0.5951E-01  0.5951E-01  0.5951E-01  0.0000E+00  0.0000E+00  0.0000E+00  0.0000E+00  0.0000E+00
      9.588  0.7454E-01  0.6109E-01  0.6109E-01  0.6109E-01  0.0000E+00  0.0000E+00  0.0000E+00  0.0000E+00  0.0000E+00
      9.678  0.4181E-01  0.4580E-01  0.4580E-01  0.4580E-01  0.0000E+00  0.0000E+00  0.0000E+00  0.0000E+00  0.0000E+00
      9.768  0.3551E-01  0.4269E-01  0.4269E-01  0.4269E-01  0.0000E+00  0.0000E+00  0.0000E+00  0.0000E+00  0.0000E+00
      9.857  0.2994E-01  0.3930E-01  0.3930E-01  0.3930E-01  0.0000E+00  0.0000E+00  0.0000E+00  0.0000E+00  0.0000E+00
      9.947  0.2872E-01  0.3818E-01  0.3818E-01  0.3818E-01  0.0000E+00  0.0000E+00  0.0000E+00  0.0000E+00  0.0000E+00
     10.036  0.2873E-01  0.3765E-01  0.3765E-01  0.3765E-01  0.0000E+00  0.0000E+00  0.0000E+00  0.0000E+00  0.0000E+00
     10.126  0.3054E-01  0.3821E-01  0.3821E-01  0.3821E-01  0.0000E+00  0.0000E+00  0.0000E+00  0.0000E+00  0.0000E+00
     10.216  0.3318E-01  0.4065E-01  0.4065E-01  0.4065E-01  0.0000E+00  0.0000E+00  0.0000E+00  0.0000E+00  0.0000E+00
     10.305  0.3728E-01  0.4449E-01  0.4449E-01  0.4449E-01  0.0000E+00  0.0000E+00  0.0000E+00  0.0000E+00  0.0000E+00
     10.395  0.4188E-01  0.4601E-01  0.4601E-01  0.4601E-01  0.0000E+00  0.0000E+00  0.0000E+00  0.0000E+00  0.0000E+00
     10.485  0.3908E-01  0.4058E-01  0.4058E-01  0.4058E-01  0.0000E+00  0.0000E+00  0.0000E+00  0.0000E+00  0.0000E+00
     10.574  0.4015E-01  0.4084E-01  0.4084E-01  0.4084E-01  0.0000E+00  0.0000E+00  0.0000E+00  0.0000E+00  0.0000E+00
     10.664  0.4171E-01  0.4242E-01  0.4242E-01  0.4242E-01  0.0000E+00  0.0000E+00  0.0000E+00  0.0000E+00  0.0000E+00
     10.753  0.4088E-01  0.4217E-01  0.4217E-01  0.4217E-01  0.0000E+00  0.0000E+00  0.0000E+00  0.0000E+00  0.0000E+00
     10.843  0.3881E-01  0.3934E-01  0.3934E-01  0.3934E-01  0.0000E+00  0.0000E+00  0.0000E+00  0.0000E+00  0.0000E+00
     10.933  0.4002E-01  0.4115E-01  0.4115E-01  0.4115E-01  0.0000E+00  0.0000E+00  0.0000E+00  0.0000E+00  0.0000E+00
     11.022  0.3918E-01  0.4157E-01  0.4157E-01  0.4157E-01  0.0000E+00  0.0000E+00  0.0000E+00  0.0000E+00  0.0000E+00
     11.112  0.3587E-01  0.3886E-01  0.3886E-01  0.3886E-01  0.0000E+00  0.0000E+00  0.0000E+00  0.0000E+00  0.0000E+00
     11.201  0.3758E-01  0.4007E-01  0.4007E-01  0.4007E-01  0.0000E+00  0.0000E+00  0.0000E+00  0.0000E+00  0.0000E+00
     11.291  0.3763E-01  0.4013E-01  0.4013E-01  0.4013E-01  0.0000E+00  0.0000E+00  0.0000E+00  0.0000E+00  0.0000E+00
     11.381  0.3686E-01  0.4091E-01  0.4091E-01  0.4091E-01  0.0000E+00  0.0000E+00  0.0000E+00  0.0000E+00  0.0000E+00
     11.470  0.3298E-01  0.3820E-01  0.3820E-01  0.3820E-01  0.0000E+00  0.0000E+00  0.0000E+00  0.0000E+00  0.0000E+00
     11.560  0.3186E-01  0.3846E-01  0.3846E-01  0.3846E-01  0.0000E+00  0.0000E+00  0.0000E+00  0.0000E+00  0.0000E+00
     11.649  0.3041E-01  0.3756E-01  0.3756E-01  0.3756E-01  0.0000E+00  0.0000E+00  0.0000E+00  0.0000E+00  0.0000E+00
     11.739  0.2950E-01  0.3744E-01  0.3744E-01  0.3744E-01  0.0000E+00  0.0000E+00  0.0000E+00  0.0000E+00  0.0000E+00
     11.829  0.2781E-01  0.3686E-01  0.3686E-01  0.3686E-01  0.0000E+00  0.0000E+00  0.0000E+00  0.0000E+00  0.0000E+00
     11.918  0.2579E-01  0.3552E-01  0.3552E-01  0.3552E-01  0.0000E+00  0.0000E+00  0.0000E+00  0.0000E+00  0.0000E+00
     12.008  0.2501E-01  0.3570E-01  0.3570E-01  0.3570E-01  0.0000E+00  0.0000E+00  0.0000E+00  0.0000E+00  0.0000E+00
     12.097  0.2356E-01  0.3493E-01  0.3493E-01  0.3493E-01  0.0000E+00  0.0000E+00  0.0000E+00  0.0000E+00  0.0000E+00
     12.187  0.2118E-01  0.3304E-01  0.3304E-01  0.3304E-01  0.0000E+00  0.0000E+00  0.0000E+00  0.0000E+00  0.0000E+00
     12.277  0.2009E-01  0.3252E-01  0.3252E-01  0.3252E-01  0.0000E+00  0.0000E+00  0.0000E+00  0.0000E+00  0.0000E+00
     12.366  0.1946E-01  0.3188E-01  0.3188E-01  0.3188E-01  0.0000E+00  0.0000E+00  0.0000E+00  0.0000E+00  0.0000E+00
     12.456  0.2072E-01  0.3452E-01  0.3452E-01  0.3452E-01  0.0000E+00  0.0000E+00  0.0000E+00  0.0000E+00  0.0000E+00
     12.546  0.2346E-01  0.3892E-01  0.3892E-01  0.3892E-01  0.0000E+00  0.0000E+00  0.0000E+00  0.0000E+00  0.0000E+00
     12.635  0.2146E-01  0.3634E-01  0.3634E-01  0.3634E-01  0.0000E+00  0.0000E+00  0.0000E+00  0.0000E+00  0.0000E+00
     12.725  0.1962E-01  0.3411E-01  0.3411E-01  0.3411E-01  0.0000E+00  0.0000E+00  0.0000E+00  0.0000E+00  0.0000E+00
     12.814  0.1712E-01  0.3113E-01  0.3113E-01  0.3113E-01  0.0000E+00  0.0000E+00  0.0000E+00  0.0000E+00  0.0000E+00
     12.904  0.1472E-01  0.2855E-01  0.2855E-01  0.2855E-01  0.0000E+00  0.0000E+00  0.0000E+00  0.0000E+00  0.0000E+00
     12.994  0.1357E-01  0.2769E-01  0.2769E-01  0.2769E-01  0.0000E+00  0.0000E+00  0.0000E+00  0.0000E+00  0.0000E+00
     13.083  0.1192E-01  0.2563E-01  0.2563E-01  0.2563E-01  0.0000E+00  0.0000E+00  0.0000E+00  0.0000E+00  0.0000E+00
     13.173  0.1072E-01  0.2444E-01  0.2444E-01  0.2444E-01  0.0000E+00  0.0000E+00  0.0000E+00  0.0000E+00  0.0000E+00
     13.262  0.9971E-02  0.2369E-01  0.2369E-01  0.2369E-01  0.0000E+00  0.0000E+00  0.0000E+00  0.0000E+00  0.0000E+00
     13.352  0.9493E-02  0.2307E-01  0.2307E-01  0.2307E-01  0.0000E+00  0.0000E+00  0.0000E+00  0.0000E+00  0.0000E+00
     13.442  0.8693E-02  0.2203E-01  0.2203E-01  0.2203E-01  0.0000E+00  0.0000E+00  0.0000E+00  0.0000E+00  0.0000E+00
     13.531  0.7800E-02  0.2094E-01  0.2094E-01  0.2094E-01  0.0000E+00  0.0000E+00  0.0000E+00  0.0000E+00  0.0000E+00
     13.621  0.7246E-02  0.2051E-01  0.2051E-01  0.2051E-01  0.0000E+00  0.0000E+00  0.0000E+00  0.0000E+00  0.0000E+00
     13.710  0.6917E-02  0.2082E-01  0.2082E-01  0.2082E-01  0.0000E+00  0.0000E+00  0.0000E+00  0.0000E+00  0.0000E+00
     13.800  0.6305E-02  0.2192E-01  0.2192E-01  0.2192E-01  0.0000E+00  0.0000E+00  0.0000E+00  0.0000E+00  0.0000E+00
     13.890  0.5729E-02  0.2212E-01  0.2212E-01  0.2212E-01  0.0000E+00  0.0000E+00  0.0000E+00  0.0000E+00  0.0000E+00
     13.979  0.4383E-02  0.1859E-01  0.1859E-01  0.1859E-01  0.0000E+00  0.0000E+00  0.0000E+00  0.0000E+00  0.0000E+00
     14.069  0.3632E-02  0.1524E-01  0.1524E-01  0.1524E-01  0.0000E+00  0.0000E+00  0.0000E+00  0.0000E+00  0.0000E+00
     14.159  0.3086E-02  0.1150E-01  0.1150E-01  0.1150E-01  0.0000E+00  0.0000E+00  0.0000E+00  0.0000E+00  0.0000E+00
     14.248  0.2769E-02  0.1029E-01  0.1029E-01  0.1029E-01  0.0000E+00  0.0000E+00  0.0000E+00  0.0000E+00  0.0000E+00
     14.338  0.2630E-02  0.9876E-02  0.9876E-02  0.9876E-02  0.0000E+00  0.0000E+00  0.0000E+00  0.0000E+00  0.0000E+00
     14.427  0.2480E-02  0.9503E-02  0.9503E-02  0.9503E-02  0.0000E+00  0.0000E+00  0.0000E+00  0.0000E+00  0.0000E+00
     14.517  0.2265E-02  0.9064E-02  0.9064E-02  0.9064E-02  0.0000E+00  0.0000E+00  0.0000E+00  0.0000E+00  0.0000E+00
     14.607  0.2055E-02  0.8548E-02  0.8548E-02  0.8548E-02  0.0000E+00  0.0000E+00  0.0000E+00  0.0000E+00  0.0000E+00
     14.696  0.1733E-02  0.8145E-02  0.8145E-02  0.8145E-02  0.0000E+00  0.0000E+00  0.0000E+00  0.0000E+00  0.0000E+00
     14.786  0.1448E-02  0.7849E-02  0.7849E-02  0.7849E-02  0.0000E+00  0.0000E+00  0.0000E+00  0.0000E+00  0.0000E+00
     14.875  0.1236E-02  0.6816E-02  0.6816E-02  0.6816E-02  0.0000E+00  0.0000E+00  0.0000E+00  0.0000E+00  0.0000E+00
     14.965  0.1056E-02  0.5995E-02  0.5995E-02  0.5995E-02  0.0000E+00  0.0000E+00  0.0000E+00  0.0000E+00  0.0000E+00
     15.055  0.9162E-03  0.5398E-02  0.5398E-02  0.5398E-02  0.0000E+00  0.0000E+00  0.0000E+00  0.0000E+00  0.0000E+00
     15.144  0.8039E-03  0.4951E-02  0.4951E-02  0.4951E-02  0.0000E+00  0.0000E+00  0.0000E+00  0.0000E+00  0.0000E+00
     15.234  0.7165E-03  0.4764E-02  0.4764E-02  0.4764E-02  0.0000E+00  0.0000E+00  0.0000E+00  0.0000E+00  0.0000E+00
     15.323  0.6477E-03  0.4620E-02  0.4620E-02  0.4620E-02  0.0000E+00  0.0000E+00  0.0000E+00  0.0000E+00  0.0000E+00
     15.413  0.5520E-03  0.4286E-02  0.4286E-02  0.4286E-02  0.0000E+00  0.0000E+00  0.0000E+00  0.0000E+00  0.0000E+00
     15.503  0.4295E-03  0.4005E-02  0.4005E-02  0.4005E-02  0.0000E+00  0.0000E+00  0.0000E+00  0.0000E+00  0.0000E+00
     15.592  0.2104E-03  0.2782E-02  0.2782E-02  0.2782E-02  0.0000E+00  0.0000E+00  0.0000E+00  0.0000E+00  0.0000E+00
     15.682  0.1551E-03  0.2155E-02  0.2155E-02  0.2155E-02  0.0000E+00  0.0000E+00  0.0000E+00  0.0000E+00  0.0000E+00
     15.771  0.1065E-03  0.1631E-02  0.1631E-02  0.1631E-02  0.0000E+00  0.0000E+00  0.0000E+00  0.0000E+00  0.0000E+00
     15.861  0.6466E-04  0.1230E-02  0.1230E-02  0.1230E-02  0.0000E+00  0.0000E+00  0.0000E+00  0.0000E+00  0.0000E+00
     15.951  0.3734E-04  0.1306E-02  0.1306E-02  0.1306E-02  0.0000E+00  0.0000E+00  0.0000E+00  0.0000E+00  0.0000E+00
     16.040  0.0000E+00  0.0000E+00  0.0000E+00  0.0000E+00  0.0000E+00  0.0000E+00  0.0000E+00  0.0000E+00  0.0000E+00
     16.130  0.0000E+00  0.0000E+00  0.0000E+00  0.0000E+00  0.0000E+00  0.0000E+00  0.0000E+00  0.0000E+00  0.0000E+00
     16.220  0.0000E+00  0.0000E+00  0.0000E+00  0.0000E+00  0.0000E+00  0.0000E+00  0.0000E+00  0.0000E+00  0.0000E+00
     16.309  0.0000E+00  0.0000E+00  0.0000E+00  0.0000E+00  0.0000E+00  0.0000E+00  0.0000E+00  0.0000E+00  0.0000E+00
     16.399  0.0000E+00  0.0000E+00  0.0000E+00  0.0000E+00  0.0000E+00  0.0000E+00  0.0000E+00  0.0000E+00  0.0000E+00
     16.488  0.0000E+00  0.0000E+00  0.0000E+00  0.0000E+00  0.0000E+00  0.0000E+00  0.0000E+00  0.0000E+00  0.0000E+00
     16.578  0.0000E+00  0.0000E+00  0.0000E+00  0.0000E+00  0.0000E+00  0.0000E+00  0.0000E+00  0.0000E+00  0.0000E+00
     16.668  0.0000E+00  0.0000E+00  0.0000E+00  0.0000E+00  0.0000E+00  0.0000E+00  0.0000E+00  0.0000E+00  0.0000E+00
     16.757  0.0000E+00  0.0000E+00  0.0000E+00  0.0000E+00  0.0000E+00  0.0000E+00  0.0000E+00  0.0000E+00  0.0000E+00
     16.847  0.0000E+00  0.0000E+00  0.0000E+00  0.0000E+00  0.0000E+00  0.0000E+00  0.0000E+00  0.0000E+00  0.0000E+00
     16.936  0.0000E+00  0.0000E+00  0.0000E+00  0.0000E+00  0.0000E+00  0.0000E+00  0.0000E+00  0.0000E+00  0.0000E+00
     17.026  0.0000E+00  0.0000E+00  0.0000E+00  0.0000E+00  0.0000E+00  0.0000E+00  0.0000E+00  0.0000E+00  0.0000E+00
     17.116  0.0000E+00  0.0000E+00  0.0000E+00  0.0000E+00  0.0000E+00  0.0000E+00  0.0000E+00  0.0000E+00  0.0000E+00
     17.205  0.0000E+00  0.0000E+00  0.0000E+00  0.0000E+00  0.0000E+00  0.0000E+00  0.0000E+00  0.0000E+00  0.0000E+00
     17.295  0.0000E+00  0.0000E+00  0.0000E+00  0.0000E+00  0.0000E+00  0.0000E+00  0.0000E+00  0.0000E+00  0.0000E+00
     17.384  0.0000E+00  0.0000E+00  0.0000E+00  0.0000E+00  0.0000E+00  0.0000E+00  0.0000E+00  0.0000E+00  0.0000E+00
     17.474  0.0000E+00  0.0000E+00  0.0000E+00  0.0000E+00  0.0000E+00  0.0000E+00  0.0000E+00  0.0000E+00  0.0000E+00
     17.564  0.0000E+00  0.0000E+00  0.0000E+00  0.0000E+00  0.0000E+00  0.0000E+00  0.0000E+00  0.0000E+00  0.0000E+00
     17.653  0.0000E+00  0.0000E+00  0.0000E+00  0.0000E+00  0.0000E+00  0.0000E+00  0.0000E+00  0.0000E+00  0.0000E+00
     17.743  0.0000E+00  0.0000E+00  0.0000E+00  0.0000E+00  0.0000E+00  0.0000E+00  0.0000E+00  0.0000E+00  0.0000E+00
     17.832  0.0000E+00  0.0000E+00  0.0000E+00  0.0000E+00  0.0000E+00  0.0000E+00  0.0000E+00  0.0000E+00  0.0000E+00
     17.922  0.0000E+00  0.0000E+00  0.0000E+00  0.0000E+00  0.0000E+00  0.0000E+00  0.0000E+00  0.0000E+00  0.0000E+00
     18.012  0.0000E+00  0.0000E+00  0.0000E+00  0.0000E+00  0.0000E+00  0.0000E+00  0.0000E+00  0.0000E+00  0.0000E+00
     18.01168055     -8.87096234  301      5.46386318      1.00000000
     -8.871  0.0000E+00  0.0000E+00  0.0000E+00  0.0000E+00  0.0000E+00  0.0000E+00  0.0000E+00  0.0000E+00  0.0000E+00
     -8.781  0.0000E+00  0.0000E+00  0.0000E+00  0.0000E+00  0.0000E+00  0.0000E+00  0.0000E+00  0.0000E+00  0.0000E+00
     -8.692  0.0000E+00  0.0000E+00  0.0000E+00  0.0000E+00  0.0000E+00  0.0000E+00  0.0000E+00  0.0000E+00  0.0000E+00
     -8.602  0.0000E+00  0.0000E+00  0.0000E+00  0.0000E+00  0.0000E+00  0.0000E+00  0.0000E+00  0.0000E+00  0.0000E+00
     -8.513  0.0000E+00  0.0000E+00  0.0000E+00  0.0000E+00  0.0000E+00  0.0000E+00  0.0000E+00  0.0000E+00  0.0000E+00
     -8.423  0.0000E+00  0.0000E+00  0.0000E+00  0.0000E+00  0.0000E+00  0.0000E+00  0.0000E+00  0.0000E+00  0.0000E+00
     -8.333  0.0000E+00  0.0000E+00  0.0000E+00  0.0000E+00  0.0000E+00  0.0000E+00  0.0000E+00  0.0000E+00  0.0000E+00
     -8.244  0.0000E+00  0.0000E+00  0.0000E+00  0.0000E+00  0.0000E+00  0.0000E+00  0.0000E+00  0.0000E+00  0.0000E+00
     -8.154  0.0000E+00  0.0000E+00  0.0000E+00  0.0000E+00  0.0000E+00  0.0000E+00  0.0000E+00  0.0000E+00  0.0000E+00
     -8.064  0.0000E+00  0.0000E+00  0.0000E+00  0.0000E+00  0.0000E+00  0.0000E+00  0.0000E+00  0.0000E+00  0.0000E+00
     -7.975  0.0000E+00  0.0000E+00  0.0000E+00  0.0000E+00  0.0000E+00  0.0000E+00  0.0000E+00  0.0000E+00  0.0000E+00
     -7.885  0.0000E+00  0.0000E+00  0.0000E+00  0.0000E+00  0.0000E+00  0.0000E+00  0.0000E+00  0.0000E+00  0.0000E+00
     -7.796  0.0000E+00  0.0000E+00  0.0000E+00  0.0000E+00  0.0000E+00  0.0000E+00  0.0000E+00  0.0000E+00  0.0000E+00
     -7.706  0.0000E+00  0.0000E+00  0.0000E+00  0.0000E+00  0.0000E+00  0.0000E+00  0.0000E+00  0.0000E+00  0.0000E+00
     -7.616  0.0000E+00  0.0000E+00  0.0000E+00  0.0000E+00  0.0000E+00  0.0000E+00  0.0000E+00  0.0000E+00  0.0000E+00
     -7.527  0.0000E+00  0.0000E+00  0.0000E+00  0.0000E+00  0.0000E+00  0.0000E+00  0.0000E+00  0.0000E+00  0.0000E+00
     -7.437  0.0000E+00  0.0000E+00  0.0000E+00  0.0000E+00  0.0000E+00  0.0000E+00  0.0000E+00  0.0000E+00  0.0000E+00
     -7.348  0.0000E+00  0.0000E+00  0.0000E+00  0.0000E+00  0.0000E+00  0.0000E+00  0.0000E+00  0.0000E+00  0.0000E+00
     -7.258  0.0000E+00  0.0000E+00  0.0000E+00  0.0000E+00  0.0000E+00  0.0000E+00  0.0000E+00  0.0000E+00  0.0000E+00
     -7.168  0.0000E+00  0.0000E+00  0.0000E+00  0.0000E+00  0.0000E+00  0.0000E+00  0.0000E+00  0.0000E+00  0.0000E+00
     -7.079  0.0000E+00  0.0000E+00  0.0000E+00  0.0000E+00  0.0000E+00  0.0000E+00  0.0000E+00  0.0000E+00  0.0000E+00
     -6.989  0.0000E+00  0.0000E+00  0.0000E+00  0.0000E+00  0.0000E+00  0.0000E+00  0.0000E+00  0.0000E+00  0.0000E+00
     -6.900  0.0000E+00  0.0000E+00  0.0000E+00  0.0000E+00  0.0000E+00  0.0000E+00  0.0000E+00  0.0000E+00  0.0000E+00
     -6.810  0.1934E-01  0.1785E-04  0.1785E-04  0.1785E-04  0.0000E+00  0.0000E+00  0.0000E+00  0.0000E+00  0.0000E+00
     -6.720  0.2796E-01  0.6995E-04  0.6995E-04  0.6995E-04  0.0000E+00  0.0000E+00  0.0000E+00  0.0000E+00  0.0000E+00
     -6.631  0.3451E-01  0.1352E-03  0.1352E-03  0.1352E-03  0.0000E+00  0.0000E+00  0.0000E+00  0.0000E+00  0.0000E+00
     -6.541  0.4015E-01  0.2200E-03  0.2200E-03  0.2200E-03  0.0000E+00  0.0000E+00  0.0000E+00  0.0000E+00  0.0000E+00
     -6.452  0.4542E-01  0.3171E-03  0.3171E-03  0.3171E-03  0.0000E+00  0.0000E+00  0.0000E+00  0.0000E+00  0.0000E+00
     -6.362  0.5073E-01  0.4203E-03  0.4203E-03  0.4203E-03  0.0000E+00  0.0000E+00  0.0000E+00  0.0000E+00  0.0000E+00
     -6.272  0.5491E-01  0.5408E-03  0.5408E-03  0.5408E-03  0.0000E+00  0.0000E+00  0.0000E+00  0.0000E+00  0.0000E+00
     -6.183  0.5956E-01  0.6627E-03  0.6627E-03  0.6627E-03  0.0000E+00  0.0000E+00  0.0000E+00  0.0000E+00  0.0000E+00
     -6.093  0.6341E-01  0.8014E-03  0.8014E-03  0.8014E-03  0.0000E+00  0.0000E+00  0.0000E+00  0.0000E+00  0.0000E+00
     -6.003  0.6750E-01  0.9424E-03  0.9424E-03  0.9424E-03  0.0000E+00  0.0000E+00  0.0000E+00  0.0000E+00  0.0000E+00
     -5.914  0.7135E-01  0.1095E-02  0.1095E-02  0.1095E-02  0.0000E+00  0.0000E+00  0.0000E+00  0.0000E+00  0.0000E+00
     -5.824  0.7508E-01  0.1256E-02  0.1256E-02  0.1256E-02  0.0000E+00  0.0000E+00  0.0000E+00  0.0000E+00  0.0000E+00
     -5.735  0.7913E-01  0.1417E-02  0.1417E-02  0.1417E-02  0.0000E+00  0.0000E+00  0.0000E+00  0.0000E+00  0.0000E+00
     -5.645  0.8267E-01  0.1599E-02  0.1599E-02  0.1599E-02  0.0000E+00  0.0000E+00  0.0000E+00  0.0000E+00  0.0000E+00
     -5.555  0.8652E-01  0.1782E-02  0.1782E-02  0.1782E-02  0.0000E+00  0.0000E+00  0.0000E+00  0.0000E+00  0.0000E+00
     -5.466  0.9052E-01  0.1969E-02  0.1969E-02  0.1969E-02  0.0000E+00  0.0000E+00  0.0000E+00  0.0000E+00  0.0000E+00
     -5.376  0.9434E-01  0.2176E-02  0.2176E-02  0.2176E-02  0.0000E+00  0.0000E+00  0.0000E+00  0.0000E+00  0.0000E+00
     -5.287  0.9850E-01  0.2385E-02  0.2385E-02  0.2385E-02  0.0000E+00  0.0000E+00  0.0000E+00  0.0000E+00  0.0000E+00
     -5.197  0.1029E+00  0.2599E-02  0.2599E-02  0.2599E-02  0.0000E+00  0.0000E+00  0.0000E+00  0.0000E+00  0.0000E+00
     -5.107  0.1074E+00  0.2839E-02  0.2839E-02  0.2839E-02  0.0000E+00  0.0000E+00  0.0000E+00  0.0000E+00  0.0000E+00
     -5.018  0.1124E+00  0.3084E-02  0.3084E-02  0.3084E-02  0.0000E+00  0.0000E+00  0.0000E+00  0.0000E+00  0.0000E+00
     -4.928  0.1180E+00  0.3338E-02  0.3338E-02  0.3338E-02  0.0000E+00  0.0000E+00  0.0000E+00  0.0000E+00  0.0000E+00
     -4.839  0.1242E+00  0.3631E-02  0.3631E-02  0.3631E-02  0.0000E+00  0.0000E+00  0.0000E+00  0.0000E+00  0.0000E+00
     -4.749  0.1316E+00  0.3949E-02  0.3949E-02  0.3949E-02  0.0000E+00  0.0000E+00  0.0000E+00  0.0000E+00  0.0000E+00
     -4.659  0.1410E+00  0.4308E-02  0.4308E-02  0.4308E-02  0.0000E+00  0.0000E+00  0.0000E+00  0.0000E+00  0.0000E+00
     -4.570  0.1547E+00  0.4774E-02  0.4774E-02  0.4774E-02  0.0000E+00  0.0000E+00  0.0000E+00  0.0000E+00  0.0000E+00
     -4.480  0.1840E+00  0.5595E-02  0.5595E-02  0.5595E-02  0.0000E+00  0.0000E+00  0.0000E+00  0.0000E+00  0.0000E+00
     -4.391  0.1877E+00  0.5897E-02  0.5897E-02  0.5897E-02  0.0000E+00  0.0000E+00  0.0000E+00  0.0000E+00  0.0000E+00
     -4.301  0.1762E+00  0.5849E-02  0.5849E-02  0.5849E-02  0.0000E+00  0.0000E+00  0.0000E+00  0.0000E+00  0.0000E+00
     -4.211  0.1687E+00  0.5897E-02  0.5897E-02  0.5897E-02  0.0000E+00  0.0000E+00  0.0000E+00  0.0000E+00  0.0000E+00
     -4.122  0.1618E+00  0.5907E-02  0.5907E-02  0.5907E-02  0.0000E+00  0.0000E+00  0.0000E+00  0.0000E+00  0.0000E+00
     -4.032  0.1564E+00  0.5944E-02  0.5944E-02  0.5944E-02  0.0000E+00  0.0000E+00  0.0000E+00  0.0000E+00  0.0000E+00
     -3.942  0.1492E+00  0.5939E-02  0.5939E-02  0.5939E-02  0.0000E+00  0.0000E+00  0.0000E+00  0.0000E+00  0.0000E+00
     -3.853  0.1435E+00  0.5927E-02  0.5927E-02  0.5927E-02  0.0000E+00  0.0000E+00  0.0000E+00  0.0000E+00  0.0000E+00
     -3.763  0.1363E+00  0.5865E-02  0.5865E-02  0.5865E-02  0.0000E+00  0.0000E+00  0.0000E+00  0.0000E+00  0.0000E+00
     -3.674  0.1308E+00  0.5838E-02  0.5838E-02  0.5838E-02  0.0000E+00  0.0000E+00  0.0000E+00  0.0000E+00  0.0000E+00
     -3.584  0.1236E+00  0.5738E-02  0.5738E-02  0.5738E-02  0.0000E+00  0.0000E+00  0.0000E+00  0.0000E+00  0.0000E+00
     -3.494  0.1173E+00  0.5638E-02  0.5638E-02  0.5638E-02  0.0000E+00  0.0000E+00  0.0000E+00  0.0000E+00  0.0000E+00
     -3.405  0.1110E+00  0.5526E-02  0.5526E-02  0.5526E-02  0.0000E+00  0.0000E+00  0.0000E+00  0.0000E+00  0.0000E+00
     -3.315  0.1035E+00  0.5355E-02  0.5355E-02  0.5355E-02  0.0000E+00  0.0000E+00  0.0000E+00  0.0000E+00  0.0000E+00
     -3.226  0.9693E-01  0.5181E-02  0.5181E-02  0.5181E-02  0.0000E+00  0.0000E+00  0.0000E+00  0.0000E+00  0.0000E+00
     -3.136  0.8950E-01  0.4963E-02  0.4963E-02  0.4963E-02  0.0000E+00  0.0000E+00  0.0000E+00  0.0000E+00  0.0000E+00
     -3.046  0.8202E-01  0.4725E-02  0.4725E-02  0.4725E-02  0.0000E+00  0.0000E+00  0.0000E+00  0.0000E+00  0.0000E+00
     -2.957  0.7435E-01  0.4440E-02  0.4440E-02  0.4440E-02  0.0000E+00  0.0000E+00  0.0000E+00  0.0000E+00  0.0000E+00
     -2.867  0.6725E-01  0.4204E-02  0.4204E-02  0.4204E-02  0.0000E+00  0.0000E+00  0.0000E+00  0.0000E+00  0.0000E+00
     -2.778  0.5586E-01  0.3656E-02  0.3656E-02  0.3656E-02  0.0000E+00  0.0000E+00  0.0000E+00  0.0000E+00  0.0000E+00
     -2.688  0.3336E-01  0.2216E-02  0.2216E-02  0.2216E-02  0.0000E+00  0.0000E+00  0.0000E+00  0.0000E+00  0.0000E+00
     -2.598  0.2053E-02  0.1315E-03  0.1315E-03  0.1315E-03  0.0000E+00  0.0000E+00  0.0000E+00  0.0000E+00  0.0000E+00
     -2.509  0.3276E-02  0.2692E-03  0.2692E-03  0.2692E-03  0.0000E+00  0.0000E+00  0.0000E+00  0.0000E+00  0.0000E+00
     -2.419  0.1332E-01  0.1097E-02  0.1097E-02  0.1097E-02  0.0000E+00  0.0000E+00  0.0000E+00  0.0000E+00  0.0000E+00
     -2.330  0.3055E-01  0.2518E-02  0.2518E-02  0.2518E-02  0.0000E+00  0.0000E+00  0.0000E+00  0.0000E+00  0.0000E+00
     -2.240  0.5209E-01  0.4314E-02  0.4314E-02  0.4314E-02  0.0000E+00  0.0000E+00  0.0000E+00  0.0000E+00  0.0000E+00
     -2.150  0.5697E-01  0.4885E-02  0.4885E-02  0.4885E-02  0.0000E+00  0.0000E+00  0.0000E+00  0.0000E+00  0.0000E+00
     -2.061  0.6489E-01  0.5734E-02  0.5734E-02  0.5734E-02  0.0000E+00  0.0000E+00  0.0000E+00  0.0000E+00  0.0000E+00
     -1.971  0.7427E-01  0.6841E-02  0.6841E-02  0.6841E-02  0.0000E+00  0.0000E+00  0.0000E+00  0.0000E+00  0.0000E+00
     -1.881  0.8241E-01  0.7874E-02  0.7874E-02  0.7874E-02  0.0000E+00  0.0000E+00  0.0000E+00  0.0000E+00  0.0000E+00
     -1.792  0.9337E-01  0.9401E-02  0.9401E-02  0.9401E-02  0.0000E+00  0.0000E+00  0.0000E+00  0.0000E+00  0.0000E+00
     -1.702  0.1040E+00  0.1102E-01  0.1102E-01  0.1102E-01  0.0000E+00  0.0000E+00  0.0000E+00  0.0000E+00  0.0000E+00
     -1.613  0.1583E+00  0.2489E-01  0.2489E-01  0.2489E-01  0.0000E+00  0.0000E+00  0.0000E+00  0.0000E+00  0.0000E+00
     -1.523  0.2391E+00  0.4135E-01  0.4135E-01  0.4135E-01  0.0000E+00  0.0000E+00  0.0000E+00  0.0000E+00  0.0000E+00
     -1.433  0.2045E+00  0.3527E-01  0.3527E-01  0.3527E-01  0.0000E+00  0.0000E+00  0.0000E+00  0.0000E+00  0.0000E+00
     -1.344  0.1481E+00  0.2495E-01  0.2495E-01  0.2495E-01  0.0000E+00  0.0000E+00  0.0000E+00  0.0000E+00  0.0000E+00
     -1.254  0.1287E+00  0.2164E-01  0.2164E-01  0.2164E-01  0.0000E+00  0.0000E+00  0.0000E+00  0.0000E+00  0.0000E+00
     -1.165  0.1149E+00  0.1947E-01  0.1947E-01  0.1947E-01  0.0000E+00  0.0000E+00  0.0000E+00  0.0000E+00  0.0000E+00
     -1.075  0.1038E+00  0.1783E-01  0.1783E-01  0.1783E-01  0.0000E+00  0.0000E+00  0.0000E+00  0.0000E+00  0.0000E+00
     -0.985  0.9587E-01  0.1666E-01  0.1666E-01  0.1666E-01  0.0000E+00  0.0000E+00  0.0000E+00  0.0000E+00  0.0000E+00
     -0.896  0.8912E-01  0.1571E-01  0.1571E-01  0.1571E-01  0.0000E+00  0.0000E+00  0.0000E+00  0.0000E+00  0.0000E+00
     -0.806  0.8274E-01  0.1484E-01  0.1484E-01  0.1484E-01  0.0000E+00  0.0000E+00  0.0000E+00  0.0000E+00  0.0000E+00
     -0.717  0.7691E-01  0.1406E-01  0.1406E-01  0.1406E-01  0.0000E+00  0.0000E+00  0.0000E+00  0.0000E+00  0.0000E+00
     -0.627  0.7268E-01  0.1349E-01  0.1349E-01  0.1349E-01  0.0000E+00  0.0000E+00  0.0000E+00  0.0000E+00  0.0000E+00
     -0.537  0.6845E-01  0.1294E-01  0.1294E-01  0.1294E-01  0.0000E+00  0.0000E+00  0.0000E+00  0.0000E+00  0.0000E+00
     -0.448  0.6422E-01  0.1238E-01  0.1238E-01  0.1238E-01  0.0000E+00  0.0000E+00  0.0000E+00  0.0000E+00  0.0000E+00
     -0.358  0.6019E-01  0.1185E-01  0.1185E-01  0.1185E-01  0.0000E+00  0.0000E+00  0.0000E+00  0.0000E+00  0.0000E+00
     -0.269  0.5727E-01  0.1147E-01  0.1147E-01  0.1147E-01  0.0000E+00  0.0000E+00  0.0000E+00  0.0000E+00  0.0000E+00
     -0.179  0.5425E-01  0.1108E-01  0.1108E-01  0.1108E-01  0.0000E+00  0.0000E+00  0.0000E+00  0.0000E+00  0.0000E+00
     -0.089  0.5106E-01  0.1066E-01  0.1066E-01  0.1066E-01  0.0000E+00  0.0000E+00  0.0000E+00  0.0000E+00  0.0000E+00
      0.000  0.4787E-01  0.1022E-01  0.1022E-01  0.1022E-01  0.0000E+00  0.0000E+00  0.0000E+00  0.0000E+00  0.0000E+00
      0.090  0.4569E-01  0.9934E-02  0.9934E-02  0.9934E-02  0.0000E+00  0.0000E+00  0.0000E+00  0.0000E+00  0.0000E+00
      0.180  0.4350E-01  0.9644E-02  0.9644E-02  0.9644E-02  0.0000E+00  0.0000E+00  0.0000E+00  0.0000E+00  0.0000E+00
      0.269  0.4114E-01  0.9321E-02  0.9321E-02  0.9321E-02  0.0000E+00  0.0000E+00  0.0000E+00  0.0000E+00  0.0000E+00
      0.359  0.3857E-01  0.8948E-02  0.8948E-02  0.8948E-02  0.0000E+00  0.0000E+00  0.0000E+00  0.0000E+00  0.0000E+00
      0.448  0.3653E-01  0.8654E-02  0.8654E-02  0.8654E-02  0.0000E+00  0.0000E+00  0.0000E+00  0.0000E+00  0.0000E+00
      0.538  0.3491E-01  0.8430E-02  0.8430E-02  0.8430E-02  0.0000E+00  0.0000E+00  0.0000E+00  0.0000E+00  0.0000E+00
      0.628  0.3316E-01  0.8179E-02  0.8179E-02  0.8179E-02  0.0000E+00  0.0000E+00  0.0000E+00  0.0000E+00  0.0000E+00
      0.717  0.3133E-01  0.7907E-02  0.7907E-02  0.7907E-02  0.0000E+00  0.0000E+00  0.0000E+00  0.0000E+00  0.0000E+00
      0.807  0.2930E-01  0.7581E-02  0.7581E-02  0.7581E-02  0.0000E+00  0.0000E+00  0.0000E+00  0.0000E+00  0.0000E+00
      0.896  0.2779E-01  0.7346E-02  0.7346E-02  0.7346E-02  0.0000E+00  0.0000E+00  0.0000E+00  0.0000E+00  0.0000E+00
      0.986  0.2654E-01  0.7157E-02  0.7157E-02  0.7157E-02  0.0000E+00  0.0000E+00  0.0000E+00  0.0000E+00  0.0000E+00
      1.076  0.2706E-01  0.2944E-01  0.2944E-01  0.2944E-01  0.0000E+00  0.0000E+00  0.0000E+00  0.0000E+00  0.0000E+00
      1.165  0.2734E-01  0.3906E-01  0.3906E-01  0.3906E-01  0.0000E+00  0.0000E+00  0.0000E+00  0.0000E+00  0.0000E+00
      1.255  0.2850E-01  0.5290E-01  0.5290E-01  0.5290E-01  0.0000E+00  0.0000E+00  0.0000E+00  0.0000E+00  0.0000E+00
      1.344  0.3001E-01  0.6195E-01  0.6195E-01  0.6195E-01  0.0000E+00  0.0000E+00  0.0000E+00  0.0000E+00  0.0000E+00
      1.434  0.3035E-01  0.5845E-01  0.5845E-01  0.5845E-01  0.0000E+00  0.0000E+00  0.0000E+00  0.0000E+00  0.0000E+00
      1.524  0.3019E-01  0.5346E-01  0.5346E-01  0.5346E-01  0.0000E+00  0.0000E+00  0.0000E+00  0.0000E+00  0.0000E+00
      1.613  0.3004E-01  0.5133E-01  0.5133E-01  0.5133E-01  0.0000E+00  0.0000E+00  0.0000E+00  0.0000E+00  0.0000E+00
      1.703  0.2946E-01  0.5145E-01  0.5145E-01  0.5145E-01  0.0000E+00  0.0000E+00  0.0000E+00  0.0000E+00  0.0000E+00
      1.792  0.2868E-01  0.5142E-01  0.5142E-01  0.5142E-01  0.0000E+00  0.0000E+00  0.0000E+00  0.0000E+00  0.0000E+00
      1.882  0.2844E-01  0.5370E-01  0.5370E-01  0.5370E-01  0.0000E+00  0.0000E+00  0.0000E+00  0.0000E+00  0.0000E+00
      1.972  0.2817E-01  0.5621E-01  0.5621E-01  0.5621E-01  0.0000E+00  0.0000E+00  0.0000E+00  0.0000E+00  0.0000E+00
      2.061  0.2741E-01  0.5641E-01  0.5641E-01  0.5641E-01  0.0000E+00  0.0000E+00  0.0000E+00  0.0000E+00  0.0000E+00
      2.151  0.2662E-01  0.5903E-01  0.5903E-01  0.5903E-01  0.0000E+00  0.0000E+00  0.0000E+00  0.0000E+00  0.0000E+00
      2.241  0.2575E-01  0.6202E-01  0.6202E-01  0.6202E-01  0.0000E+00  0.0000E+00  0.0000E+00  0.0000E+00  0.0000E+00
      2.330  0.2505E-01  0.6752E-01  0.6752E-01  0.6752E-01  0.0000E+00  0.0000E+00  0.0000E+00  0.0000E+00  0.0000E+00
      2.420  0.2429E-01  0.7060E-01  0.7060E-01  0.7060E-01  0.0000E+00  0.0000E+00  0.0000E+00  0.0000E+00  0.0000E+00
      2.509  0.2348E-01  0.8592E-01  0.8592E-01  0.8592E-01  0.0000E+00  0.0000E+00  0.0000E+00  0.0000E+00  0.0000E+00
      2.599  0.2266E-01  0.9059E-01  0.9059E-01  0.9059E-01  0.0000E+00  0.0000E+00  0.0000E+00  0.0000E+00  0.0000E+00
      2.689  0.2159E-01  0.8807E-01  0.8807E-01  0.8807E-01  0.0000E+00  0.0000E+00  0.0000E+00  0.0000E+00  0.0000E+00
      2.778  0.2048E-01  0.8717E-01  0.8717E-01  0.8717E-01  0.0000E+00  0.0000E+00  0.0000E+00  0.0000E+00  0.0000E+00
      2.868  0.1956E-01  0.8654E-01  0.8654E-01  0.8654E-01  0.0000E+00  0.0000E+00  0.0000E+00  0.0000E+00  0.0000E+00
      2.957  0.1868E-01  0.8588E-01  0.8588E-01  0.8588E-01  0.0000E+00  0.0000E+00  0.0000E+00  0.0000E+00  0.0000E+00
      3.047  0.1784E-01  0.8447E-01  0.8447E-01  0.8447E-01  0.0000E+00  0.0000E+00  0.0000E+00  0.0000E+00  0.0000E+00
      3.137  0.1694E-01  0.8419E-01  0.8419E-01  0.8419E-01  0.0000E+00  0.0000E+00  0.0000E+00  0.0000E+00  0.0000E+00
      3.226  0.1607E-01  0.8330E-01  0.8330E-01  0.8330E-01  0.0000E+00  0.0000E+00  0.0000E+00  0.0000E+00  0.0000E+00
      3.316  0.1496E-01  0.8259E-01  0.8259E-01  0.8259E-01  0.0000E+00  0.0000E+00  0.0000E+00  0.0000E+00  0.0000E+00
      3.405  0.1396E-01  0.8182E-01  0.8182E-01  0.8182E-01  0.0000E+00  0.0000E+00  0.0000E+00  0.0000E+00  0.0000E+00
      3.495  0.1319E-01  0.8077E-01  0.8077E-01  0.8077E-01  0.0000E+00  0.0000E+00  0.0000E+00  0.0000E+00  0.0000E+00
      3.585  0.1240E-01  0.8049E-01  0.8049E-01  0.8049E-01  0.0000E+00  0.0000E+00  0.0000E+00  0.0000E+00  0.0000E+00
      3.674  0.1140E-01  0.7993E-01  0.7993E-01  0.7993E-01  0.0000E+00  0.0000E+00  0.0000E+00  0.0000E+00  0.0000E+00
      3.764  0.1029E-01  0.7942E-01  0.7942E-01  0.7942E-01  0.0000E+00  0.0000E+00  0.0000E+00  0.0000E+00  0.0000E+00
      3.853  0.9174E-02  0.7873E-01  0.7873E-01  0.7873E-01  0.0000E+00  0.0000E+00  0.0000E+00  0.0000E+00  0.0000E+00
      3.943  0.8282E-02  0.7844E-01  0.7844E-01  0.7844E-01  0.0000E+00  0.0000E+00  0.0000E+00  0.0000E+00  0.0000E+00
      4.033  0.7597E-02  0.7772E-01  0.7772E-01  0.7772E-01  0.0000E+00  0.0000E+00  0.0000E+00  0.0000E+00  0.0000E+00
      4.122  0.6859E-02  0.7799E-01  0.7799E-01  0.7799E-01  0.0000E+00  0.0000E+00  0.0000E+00  0.0000E+00  0.0000E+00
      4.212  0.6090E-02  0.7209E-01  0.7209E-01  0.7209E-01  0.0000E+00  0.0000E+00  0.0000E+00  0.0000E+00  0.0000E+00
      4.302  0.5495E-02  0.5544E-01  0.5544E-01  0.5544E-01  0.0000E+00  0.0000E+00  0.0000E+00  0.0000E+00  0.0000E+00
      4.391  0.4772E-02  0.4812E-01  0.4812E-01  0.4812E-01  0.0000E+00  0.0000E+00  0.0000E+00  0.0000E+00  0.0000E+00
      4.481  0.4122E-02  0.4229E-01  0.4229E-01  0.4229E-01  0.0000E+00  0.0000E+00  0.0000E+00  0.0000E+00  0.0000E+00
      4.570  0.3606E-02  0.3766E-01  0.3766E-01  0.3766E-01  0.0000E+00  0.0000E+00  0.0000E+00  0.0000E+00  0.0000E+00
      4.660  0.3053E-02  0.3328E-01  0.3328E-01  0.3328E-01  0.0000E+00  0.0000E+00  0.0000E+00  0.0000E+00  0.0000E+00
      4.750  0.2637E-02  0.2983E-01  0.2983E-01  0.2983E-01  0.0000E+00  0.0000E+00  0.0000E+00  0.0000E+00  0.0000E+00
      4.839  0.2065E-02  0.2621E-01  0.2621E-01  0.2621E-01  0.0000E+00  0.0000E+00  0.0000E+00  0.0000E+00  0.0000E+00
      4.929  0.1636E-02  0.2299E-01  0.2299E-01  0.2299E-01  0.0000E+00  0.0000E+00  0.0000E+00  0.0000E+00  0.0000E+00
      5.018  0.1269E-02  0.1993E-01  0.1993E-01  0.1993E-01  0.0000E+00  0.0000E+00  0.0000E+00  0.0000E+00  0.0000E+00
      5.108  0.9019E-03  0.1698E-01  0.1698E-01  0.1698E-01  0.0000E+00  0.0000E+00  0.0000E+00  0.0000E+00  0.0000E+00
      5.198  0.6555E-03  0.1352E-01  0.1352E-01  0.1352E-01  0.0000E+00  0.0000E+00  0.0000E+00  0.0000E+00  0.0000E+00
      5.287  0.3387E-03  0.1066E-01  0.1066E-01  0.1066E-01  0.0000E+00  0.0000E+00  0.0000E+00  0.0000E+00  0.0000E+00
      5.377  0.1087E-03  0.5875E-02  0.5875E-02  0.5875E-02  0.0000E+00  0.0000E+00  0.0000E+00  0.0000E+00  0.0000E+00
      5.466  0.0000E+00  0.0000E+00  0.0000E+00  0.0000E+00  0.0000E+00  0.0000E+00  0.0000E+00  0.0000E+00  0.0000E+00
      5.556  0.0000E+00  0.0000E+00  0.0000E+00  0.0000E+00  0.0000E+00  0.0000E+00  0.0000E+00  0.0000E+00  0.0000E+00
      5.646  0.0000E+00  0.0000E+00  0.0000E+00  0.0000E+00  0.0000E+00  0.0000E+00  0.0000E+00  0.0000E+00  0.0000E+00
      5.735  0.0000E+00  0.0000E+00  0.0000E+00  0.0000E+00  0.0000E+00  0.0000E+00  0.0000E+00  0.0000E+00  0.0000E+00
      5.825  0.0000E+00  0.0000E+00  0.0000E+00  0.0000E+00  0.0000E+00  0.0000E+00  0.0000E+00  0.0000E+00  0.0000E+00
      5.914  0.0000E+00  0.0000E+00  0.0000E+00  0.0000E+00  0.0000E+00  0.0000E+00  0.0000E+00  0.0000E+00  0.0000E+00
      6.004  0.0000E+00  0.0000E+00  0.0000E+00  0.0000E+00  0.0000E+00  0.0000E+00  0.0000E+00  0.0000E+00  0.0000E+00
      6.094  0.0000E+00  0.0000E+00  0.0000E+00  0.0000E+00  0.0000E+00  0.0000E+00  0.0000E+00  0.0000E+00  0.0000E+00
      6.183  0.0000E+00  0.0000E+00  0.0000E+00  0.0000E+00  0.0000E+00  0.0000E+00  0.0000E+00  0.0000E+00  0.0000E+00
      6.273  0.0000E+00  0.0000E+00  0.0000E+00  0.0000E+00  0.0000E+00  0.0000E+00  0.0000E+00  0.0000E+00  0.0000E+00
      6.363  0.4458E-02  0.1387E-02  0.1387E-02  0.1387E-02  0.0000E+00  0.0000E+00  0.0000E+00  0.0000E+00  0.0000E+00
      6.452  0.8526E-02  0.2751E-02  0.2751E-02  0.2751E-02  0.0000E+00  0.0000E+00  0.0000E+00  0.0000E+00  0.0000E+00
      6.542  0.1214E-01  0.4068E-02  0.4068E-02  0.4068E-02  0.0000E+00  0.0000E+00  0.0000E+00  0.0000E+00  0.0000E+00
      6.631  0.1537E-01  0.5355E-02  0.5355E-02  0.5355E-02  0.0000E+00  0.0000E+00  0.0000E+00  0.0000E+00  0.0000E+00
      6.721  0.1729E-01  0.6370E-02  0.6370E-02  0.6370E-02  0.0000E+00  0.0000E+00  0.0000E+00  0.0000E+00  0.0000E+00
      6.811  0.1945E-01  0.7482E-02  0.7482E-02  0.7482E-02  0.0000E+00  0.0000E+00  0.0000E+00  0.0000E+00  0.0000E+00
      6.900  0.2158E-01  0.8669E-02  0.8669E-02  0.8669E-02  0.0000E+00  0.0000E+00  0.0000E+00  0.0000E+00  0.0000E+00
      6.990  0.2385E-01  0.9971E-02  0.9971E-02  0.9971E-02  0.0000E+00  0.0000E+00  0.0000E+00  0.0000E+00  0.0000E+00
      7.079  0.2538E-01  0.1108E-01  0.1108E-01  0.1108E-01  0.0000E+00  0.0000E+00  0.0000E+00  0.0000E+00  0.0000E+00
      7.169  0.2689E-01  0.1227E-01  0.1227E-01  0.1227E-01  0.0000E+00  0.0000E+00  0.0000E+00  0.0000E+00  0.0000E+00
      7.259  0.2891E-01  0.1353E-01  0.1353E-01  0.1353E-01  0.0000E+00  0.0000E+00  0.0000E+00  0.0000E+00  0.0000E+00
      7.348  0.3933E-01  0.1537E-01  0.1537E-01  0.1537E-01  0.0000E+00  0.0000E+00  0.0000E+00  0.0000E+00  0.0000E+00
      7.438  0.4838E-01  0.1745E-01  0.1745E-01  0.1745E-01  0.0000E+00  0.0000E+00  0.0000E+00  0.0000E+00  0.0000E+00
      7.527  0.5532E-01  0.1962E-01  0.1962E-01  0.1962E-01  0.0000E+00  0.0000E+00  0.0000E+00  0.0000E+00  0.0000E+00
      7.617  0.6315E-01  0.2218E-01  0.2218E-01  0.2218E-01  0.0000E+00  0.0000E+00  0.0000E+00  0.0000E+00  0.0000E+00
      7.707  0.7118E-01  0.2498E-01  0.2498E-01  0.2498E-01  0.0000E+00  0.0000E+00  0.0000E+00  0.0000E+00  0.0000E+00
      7.796  0.8280E-01  0.2884E-01  0.2884E-01  0.2884E-01  0.0000E+00  0.0000E+00  0.0000E+00  0.0000E+00  0.0000E+00
      7.886  0.1010E+00  0.3428E-01  0.3428E-01  0.3428E-01  0.0000E+00  0.0000E+00  0.0000E+00  0.0000E+00  0.0000E+00
      7.975  0.1222E+00  0.4145E-01  0.4145E-01  0.4145E-01  0.0000E+00  0.0000E+00  0.0000E+00  0.0000E+00  0.0000E+00
      8.065  0.1084E+00  0.4089E-01  0.4089E-01  0.4089E-01  0.0000E+00  0.0000E+00  0.0000E+00  0.0000E+00  0.0000E+00
      8.155  0.1033E+00  0.4267E-01  0.4267E-01  0.4267E-01  0.0000E+00  0.0000E+00  0.0000E+00  0.0000E+00  0.0000E+00
      8.244  0.9218E-01  0.4251E-01  0.4251E-01  0.4251E-01  0.0000E+00  0.0000E+00  0.0000E+00  0.0000E+00  0.0000E+00
      8.334  0.7821E-01  0.3625E-01  0.3625E-01  0.3625E-01  0.0000E+00  0.0000E+00  0.0000E+00  0.0000E+00  0.0000E+00
      8.424  0.6559E-01  0.3391E-01  0.3391E-01  0.3391E-01  0.0000E+00  0.0000E+00  0.0000E+00  0.0000E+00  0.0000E+00
      8.513  0.6000E-01  0.3240E-01  0.3240E-01  0.3240E-01  0.0000E+00  0.0000E+00  0.0000E+00  0.0000E+00  0.0000E+00
      8.603  0.6182E-01  0.3713E-01  0.3713E-01  0.3713E-01  0.0000E+00  0.0000E+00  0.0000E+00  0.0000E+00  0.0000E+00
      8.692  0.5164E-01  0.3394E-01  0.3394E-01  0.3394E-01  0.0000E+00  0.0000E+00  0.0000E+00  0.0000E+00  0.0000E+00
      8.782  0.3754E-01  0.3014E-01  0.3014E-01  0.3014E-01  0.0000E+00  0.0000E+00  0.0000E+00  0.0000E+00  0.0000E+00
      8.872  0.3414E-01  0.3048E-01  0.3048E-01  0.3048E-01  0.0000E+00  0.0000E+00  0.0000E+00  0.0000E+00  0.0000E+00
      8.961  0.3752E-01  0.4169E-01  0.4169E-01  0.4169E-01  0.0000E+00  0.0000E+00  0.0000E+00  0.0000E+00  0.0000E+00
      9.051  0.5432E-01  0.9206E-01  0.9206E-01  0.9206E-01  0.0000E+00  0.0000E+00  0.0000E+00  0.0000E+00  0.0000E+00
      9.140  0.5579E-01  0.7261E-01  0.7261E-01  0.7261E-01  0.0000E+00  0.0000E+00  0.0000E+00  0.0000E+00  0.0000E+00
      9.230  0.4945E-01  0.5436E-01  0.5436E-01  0.5436E-01  0.0000E+00  0.0000E+00  0.0000E+00  0.0000E+00  0.0000E+00
      9.320  0.5107E-01  0.5536E-01  0.5536E-01  0.5536E-01  0.0000E+00  0.0000E+00  0.0000E+00  0.0000E+00  0.0000E+00
      9.409  0.5159E-01  0.5509E-01  0.5509E-01  0.5509E-01  0.0000E+00  0.0000E+00  0.0000E+00  0.0000E+00  0.0000E+00
      9.499  0.6033E-01  0.5951E-01  0.5951E-01  0.5951E-01  0.0000E+00  0.0000E+00  0.0000E+00  0.0000E+00  0.0000E+00
      9.588  0.7454E-01  0.6109E-01  0.6109E-01  0.6109E-01  0.0000E+00  0.0000E+00  0.0000E+00  0.0000E+00  0.0000E+00
      9.678  0.4181E-01  0.4580E-01  0.4580E-01  0.4580E-01  0.0000E+00  0.0000E+00  0.0000E+00  0.0000E+00  0.0000E+00
      9.768  0.3551E-01  0.4269E-01  0.4269E-01  0.4269E-01  0.0000E+00  0.0000E+00  0.0000E+00  0.0000E+00  0.0000E+00
      9.857  0.2994E-01  0.3930E-01  0.3930E-01  0.3930E-01  0.0000E+00  0.0000E+00  0.0000E+00  0.0000E+00  0.0000E+00
      9.947  0.2872E-01  0.3818E-01  0.3818E-01  0.3818E-01  0.0000E+00  0.0000E+00  0.0000E+00  0.0000E+00  0.0000E+00
     10.036  0.2873E-01  0.3765E-01  0.3765E-01  0.3765E-01  0.0000E+00  0.0000E+00  0.0000E+00  0.0000E+00  0.0000E+00
     10.126  0.3054E-01  0.3821E-01  0.3821E-01  0.3821E-01  0.0000E+00  0.0000E+00  0.0000E+00  0.0000E+00  0.0000E+00
     10.216  0.3318E-01  0.4065E-01  0.4065E-01  0.4065E-01  0.0000E+00  0.0000E+00  0.0000E+00  0.0000E+00  0.0000E+00
     10.305  0.3728E-01  0.4449E-01  0.4449E-01  0.4449E-01  0.0000E+00  0.0000E+00  0.0000E+00  0.0000E+00  0.0000E+00
     10.395  0.4188E-01  0.4601E-01  0.4601E-01  0.4601E-01  0.0000E+00  0.0000E+00  0.0000E+00  0.0000E+00  0.0000E+00
     10.485  0.3908E-01  0.4058E-01  0.4058E-01  0.4058E-01  0.0000E+00  0.0000E+00  0.0000E+00  0.0000E+00  0.0000E+00
     10.574  0.4015E-01  0.4084E-01  0.4084E-01  0.4084E-01  0.0000E+00  0.0000E+00  0.0000E+00  0.0000E+00  0.0000E+00
     10.664  0.4171E-01  0.4242E-01  0.4242E-01  0.4242E-01  0.0000E+00  0.0000E+00  0.0000E+00  0.0000E+00  0.0000E+00
     10.753  0.4088E-01  0.4217E-01  0.4217E-01  0.4217E-01  0.0000E+00  0.0000E+00  0.0000E+00  0.0000E+00  0.0000E+00
     10.843  0.3881E-01  0.3934E-01  0.3934E-01  0.3934E-01  0.0000E+00  0.0000E+00  0.0000E+00  0.0000E+00  0.0000E+00
     10.933  0.4002E-01  0.4115E-01  0.4115E-01  0.4115E-01  0.0000E+00  0.0000E+00  0.0000E+00  0.0000E+00  0.0000E+00
     11.022  0.3918E-01  0.4157E-01  0.4157E-01  0.4157E-01  0.0000E+00  0.0000E+00  0.0000E+00  0.0000E+00  0.0000E+00
     11.112  0.3587E-01  0.3886E-01  0.3886E-01  0.3886E-01  0.0000E+00  0.0000E+00  0.0000E+00  0.0000E+00  0.0000E+00
     11.201  0.3758E-01  0.4007E-01  0.4007E-01  0.4007E-01  0.0000E+00  0.0000E+00  0.0000E+00  0.0000E+00  0.0000E+00
     11.291  0.3763E-01  0.4013E-01  0.4013E-01  0.4013E-01  0.0000E+00  0.0000E+00  0.0000E+00  0.0000E+00  0.0000E+00
     11.381  0.3686E-01  0.4091E-01  0.4091E-01  0.4091E-01  0.0000E+00  0.0000E+00  0.0000E+00  0.0000E+00  0.0000E+00
     11.470  0.3298E-01  0.3820E-01  0.3820E-01  0.3820E-01  0.0000E+00  0.0000E+00  0.0000E+00  0.0000E+00  0.0000E+00
     11.560  0.3186E-01  0.3846E-01  0.3846E-01  0.3846E-01  0.0000E+00  0.0000E+00  0.0000E+00  0.0000E+00  0.0000E+00
     11.649  0.3041E-01  0.3756E-01  0.3756E-01  0.3756E-01  0.0000E+00  0.0000E+00  0.0000E+00  0.0000E+00  0.0000E+00
     11.739  0.2950E-01  0.3744E-01  0.3744E-01  0.3744E-01  0.0000E+00  0.0000E+00  0.0000E+00  0.0000E+00  0.0000E+00
     11.829  0.2781E-01  0.3686E-01  0.3686E-01  0.3686E-01  0.0000E+00  0.0000E+00  0.0000E+00  0.0000E+00  0.0000E+00
     11.918  0.2579E-01  0.3552E-01  0.3552E-01  0.3552E-01  0.0000E+00  0.0000E+00  0.0000E+00  0.0000E+00  0.0000E+00
     12.008  0.2501E-01  0.3570E-01  0.3570E-01  0.3570E-01  0.0000E+00  0.0000E+00  0.0000E+00  0.0000E+00  0.0000E+00
     12.097  0.2356E-01  0.3493E-01  0.3493E-01  0.3493E-01  0.0000E+00  0.0000E+00  0.0000E+00  0.0000E+00  0.0000E+00
     12.187  0.2118E-01  0.3304E-01  0.3304E-01  0.3304E-01  0.0000E+00  0.0000E+00  0.0000E+00  0.0000E+00  0.0000E+00
     12.277  0.2009E-01  0.3252E-01  0.3252E-01  0.3252E-01  0.0000E+00  0.0000E+00  0.0000E+00  0.0000E+00  0.0000E+00
     12.366  0.1946E-01  0.3188E-01  0.3188E-01  0.3188E-01  0.0000E+00  0.0000E+00  0.0000E+00  0.0000E+00  0.0000E+00
     12.456  0.2072E-01  0.3452E-01  0.3452E-01  0.3452E-01  0.0000E+00  0.0000E+00  0.0000E+00  0.0000E+00  0.0000E+00
     12.546  0.2346E-01  0.3892E-01  0.3892E-01  0.3892E-01  0.0000E+00  0.0000E+00  0.0000E+00  0.0000E+00  0.0000E+00
     12.635  0.2146E-01  0.3634E-01  0.3634E-01  0.3634E-01  0.0000E+00  0.0000E+00  0.0000E+00  0.0000E+00  0.0000E+00
     12.725  0.1962E-01  0.3411E-01  0.3411E-01  0.3411E-01  0.0000E+00  0.0000E+00  0.0000E+00  0.0000E+00  0.0000E+00
     12.814  0.1712E-01  0.3113E-01  0.3113E-01  0.3113E-01  0.0000E+00  0.0000E+00  0.0000E+00  0.0000E+00  0.0000E+00
     12.904  0.1472E-01  0.2855E-01  0.2855E-01  0.2855E-01  0.0000E+00  0.0000E+00  0.0000E+00  0.0000E+00  0.0000E+00
     12.994  0.1357E-01  0.2769E-01  0.2769E-01  0.2769E-01  0.0000E+00  0.0000E+00  0.0000E+00  0.0000E+00  0.0000E+00
     13.083  0.1192E-01  0.2563E-01  0.2563E-01  0.2563E-01  0.0000E+00  0.0000E+00  0.0000E+00  0.0000E+00  0.0000E+00
     13.173  0.1072E-01  0.2444E-01  0.2444E-01  0.2444E-01  0.0000E+00  0.0000E+00  0.0000E+00  0.0000E+00  0.0000E+00
     13.262  0.9971E-02  0.2369E-01  0.2369E-01  0.2369E-01  0.0000E+00  0.0000E+00  0.0000E+00  0.0000E+00  0.0000E+00
     13.352  0.9493E-02  0.2307E-01  0.2307E-01  0.2307E-01  0.0000E+00  0.0000E+00  0.0000E+00  0.0000E+00  0.0000E+00
     13.442  0.8693E-02  0.2203E-01  0.2203E-01  0.2203E-01  0.0000E+00  0.0000E+00  0.0000E+00  0.0000E+00  0.0000E+00
     13.531  0.7800E-02  0.2094E-01  0.2094E-01  0.2094E-01  0.0000E+00  0.0000E+00  0.0000E+00  0.0000E+00  0.0000E+00
     13.621  0.7246E-02  0.2051E-01  0.2051E-01  0.2051E-01  0.0000E+00  0.0000E+00  0.0000E+00  0.0000E+00  0.0000E+00
     13.710  0.6917E-02  0.2082E-01  0.2082E-01  0.2082E-01  0.0000E+00  0.0000E+00  0.0000E+00  0.0000E+00  0.0000E+00
     13.800  0.6305E-02  0.2192E-01  0.2192E-01  0.2192E-01  0.0000E+00  0.0000E+00  0.0000E+00  0.0000E+00  0.0000E+00
     13.890  0.5729E-02  0.2212E-01  0.2212E-01  0.2212E-01  0.0000E+00  0.0000E+00  0.0000E+00  0.0000E+00  0.0000E+00
     13.979  0.4383E-02  0.1859E-01  0.1859E-01  0.1859E-01  0.0000E+00  0.0000E+00  0.0000E+00  0.0000E+00  0.0000E+00
     14.069  0.3632E-02  0.1524E-01  0.1524E-01  0.1524E-01  0.0000E+00  0.0000E+00  0.0000E+00  0.0000E+00  0.0000E+00
     14.159  0.3086E-02  0.1150E-01  0.1150E-01  0.1150E-01  0.0000E+00  0.0000E+00  0.0000E+00  0.0000E+00  0.0000E+00
     14.248  0.2769E-02  0.1029E-01  0.1029E-01  0.1029E-01  0.0000E+00  0.0000E+00  0.0000E+00  0.0000E+00  0.0000E+00
     14.338  0.2630E-02  0.9876E-02  0.9876E-02  0.9876E-02  0.0000E+00  0.0000E+00  0.0000E+00  0.0000E+00  0.0000E+00
     14.427  0.2480E-02  0.9503E-02  0.9503E-02  0.9503E-02  0.0000E+00  0.0000E+00  0.0000E+00  0.0000E+00  0.0000E+00
     14.517  0.2265E-02  0.9064E-02  0.9064E-02  0.9064E-02  0.0000E+00  0.0000E+00  0.0000E+00  0.0000E+00  0.0000E+00
     14.607  0.2055E-02  0.8548E-02  0.8548E-02  0.8548E-02  0.0000E+00  0.0000E+00  0.0000E+00  0.0000E+00  0.0000E+00
     14.696  0.1733E-02  0.8145E-02  0.8145E-02  0.8145E-02  0.0000E+00  0.0000E+00  0.0000E+00  0.0000E+00  0.0000E+00
     14.786  0.1448E-02  0.7849E-02  0.7849E-02  0.7849E-02  0.0000E+00  0.0000E+00  0.0000E+00  0.0000E+00  0.0000E+00
     14.875  0.1236E-02  0.6816E-02  0.6816E-02  0.6816E-02  0.0000E+00  0.0000E+00  0.0000E+00  0.0000E+00  0.0000E+00
     14.965  0.1056E-02  0.5995E-02  0.5995E-02  0.5995E-02  0.0000E+00  0.0000E+00  0.0000E+00  0.0000E+00  0.0000E+00
     15.055  0.9162E-03  0.5398E-02  0.5398E-02  0.5398E-02  0.0000E+00  0.0000E+00  0.0000E+00  0.0000E+00  0.0000E+00
     15.144  0.8039E-03  0.4951E-02  0.4951E-02  0.4951E-02  0.0000E+00  0.0000E+00  0.0000E+00  0.0000E+00  0.0000E+00
     15.234  0.7165E-03  0.4764E-02  0.4764E-02  0.4764E-02  0.0000E+00  0.0000E+00  0.0000E+00  0.0000E+00  0.0000E+00
     15.323  0.6477E-03  0.4620E-02  0.4620E-02  0.4620E-02  0.0000E+00  0.0000E+00  0.0000E+00  0.0000E+00  0.0000E+00
     15.413  0.5520E-03  0.4286E-02  0.4286E-02  0.4286E-02  0.0000E+00  0.0000E+00  0.0000E+00  0.0000E+00  0.0000E+00
     15.503  0.4295E-03  0.4005E-02  0.4005E-02  0.4005E-02  0.0000E+00  0.0000E+00  0.0000E+00  0.0000E+00  0.0000E+00
     15.592  0.2104E-03  0.2782E-02  0.2782E-02  0.2782E-02  0.0000E+00  0.0000E+00  0.0000E+00  0.0000E+00  0.0000E+00
     15.682  0.1551E-03  0.2155E-02  0.2155E-02  0.2155E-02  0.0000E+00  0.0000E+00  0.0000E+00  0.0000E+00  0.0000E+00
     15.771  0.1065E-03  0.1631E-02  0.1631E-02  0.1631E-02  0.0000E+00  0.0000E+00  0.0000E+00  0.0000E+00  0.0000E+00
     15.861  0.6466E-04  0.1230E-02  0.1230E-02  0.1230E-02  0.0000E+00  0.0000E+00  0.0000E+00  0.0000E+00  0.0000E+00
     15.951  0.3734E-04  0.1306E-02  0.1306E-02  0.1306E-02  0.0000E+00  0.0000E+00  0.0000E+00  0.0000E+00  0.0000E+00
     16.040  0.0000E+00  0.0000E+00  0.0000E+00  0.0000E+00  0.0000E+00  0.0000E+00  0.0000E+00  0.0000E+00  0.0000E+00
     16.130  0.0000E+00  0.0000E+00  0.0000E+00  0.0000E+00  0.0000E+00  0.0000E+00  0.0000E+00  0.0000E+00  0.0000E+00
     16.220  0.0000E+00  0.0000E+00  0.0000E+00  0.0000E+00  0.0000E+00  0.0000E+00  0.0000E+00  0.0000E+00  0.0000E+00
     16.309  0.0000E+00  0.0000E+00  0.0000E+00  0.0000E+00  0.0000E+00  0.0000E+00  0.0000E+00  0.0000E+00  0.0000E+00
     16.399  0.0000E+00  0.0000E+00  0.0000E+00  0.0000E+00  0.0000E+00  0.0000E+00  0.0000E+00  0.0000E+00  0.0000E+00
     16.488  0.0000E+00  0.0000E+00  0.0000E+00  0.0000E+00  0.0000E+00  0.0000E+00  0.0000E+00  0.0000E+00  0.0000E+00
     16.578  0.0000E+00  0.0000E+00  0.0000E+00  0.0000E+00  0.0000E+00  0.0000E+00  0.0000E+00  0.0000E+00  0.0000E+00
     16.668  0.0000E+00  0.0000E+00  0.0000E+00  0.0000E+00  0.0000E+00  0.0000E+00  0.0000E+00  0.0000E+00  0.0000E+00
     16.757  0.0000E+00  0.0000E+00  0.0000E+00  0.0000E+00  0.0000E+00  0.0000E+00  0.0000E+00  0.0000E+00  0.0000E+00
     16.847  0.0000E+00  0.0000E+00  0.0000E+00  0.0000E+00  0.0000E+00  0.0000E+00  0.0000E+00  0.0000E+00  0.0000E+00
     16.936  0.0000E+00  0.0000E+00  0.0000E+00  0.0000E+00  0.0000E+00  0.0000E+00  0.0000E+00  0.0000E+00  0.0000E+00
     17.026  0.0000E+00  0.0000E+00  0.0000E+00  0.0000E+00  0.0000E+00  0.0000E+00  0.0000E+00  0.0000E+00  0.0000E+00
     17.116  0.0000E+00  0.0000E+00  0.0000E+00  0.0000E+00  0.0000E+00  0.0000E+00  0.0000E+00  0.0000E+00  0.0000E+00
     17.205  0.0000E+00  0.0000E+00  0.0000E+00  0.0000E+00  0.0000E+00  0.0000E+00  0.0000E+00  0.0000E+00  0.0000E+00
     17.295  0.0000E+00  0.0000E+00  0.0000E+00  0.0000E+00  0.0000E+00  0.0000E+00  0.0000E+00  0.0000E+00  0.0000E+00
     17.384  0.0000E+00  0.0000E+00  0.0000E+00  0.0000E+00  0.0000E+00  0.0000E+00  0.0000E+00  0.0000E+00  0.0000E+00
     17.474  0.0000E+00  0.0000E+00  0.0000E+00  0.0000E+00  0.0000E+00  0.0000E+00  0.0000E+00  0.0000E+00  0.0000E+00
     17.564  0.0000E+00  0.0000E+00  0.0000E+00  0.0000E+00  0.0000E+00  0.0000E+00  0.0000E+00  0.0000E+00  0.0000E+00
     17.653  0.0000E+00  0.0000E+00  0.0000E+00  0.0000E+00  0.0000E+00  0.0000E+00  0.0000E+00  0.0000E+00  0.0000E+00
     17.743  0.0000E+00  0.0000E+00  0.0000E+00  0.0000E+00  0.0000E+00  0.0000E+00  0.0000E+00  0.0000E+00  0.0000E+00
     17.832  0.0000E+00  0.0000E+00  0.0000E+00  0.0000E+00  0.0000E+00  0.0000E+00  0.0000E+00  0.0000E+00  0.0000E+00
     17.922  0.0000E+00  0.0000E+00  0.0000E+00  0.0000E+00  0.0000E+00  0.0000E+00  0.0000E+00  0.0000E+00  0.0000E+00
     18.012  0.0000E+00  0.0000E+00  0.0000E+00  0.0000E+00  0.0000E+00  0.0000E+00  0.0000E+00  0.0000E+00  0.0000E+00
