   2   2   1   0
  0.1590794E+02  0.3556747E-09  0.3556747E-09  0.3556747E-09  0.5000000E-15
  1.000000000000000E-004
  CAR 
 Si                                      
     22.75692584     -7.99728341  301      8.61718706      1.00000000
     -7.997  0.0000E+00  0.0000E+00
     -7.895  0.0000E+00  0.0000E+00
     -7.792  0.0000E+00  0.0000E+00
     -7.690  0.0000E+00  0.0000E+00
     -7.587  0.0000E+00  0.0000E+00
     -7.485  0.0000E+00  0.0000E+00
     -7.382  0.0000E+00  0.0000E+00
     -7.280  0.0000E+00  0.0000E+00
     -7.177  0.0000E+00  0.0000E+00
     -7.075  0.0000E+00  0.0000E+00
     -6.972  0.0000E+00  0.0000E+00
     -6.870  0.0000E+00  0.0000E+00
     -6.767  0.0000E+00  0.0000E+00
     -6.665  0.0000E+00  0.0000E+00
     -6.562  0.0000E+00  0.0000E+00
     -6.460  0.0000E+00  0.0000E+00
     -6.357  0.0000E+00  0.0000E+00
     -6.255  0.0000E+00  0.0000E+00
     -6.152  0.0000E+00  0.0000E+00
     -6.050  0.0000E+00  0.0000E+00
     -5.947  0.5296E-01  0.1416E-02
     -5.844  0.1167E+00  0.8912E-02
     -5.742  0.1200E+00  0.1984E-01
     -5.639  0.1446E+00  0.3335E-01
     -5.537  0.1631E+00  0.4908E-01
     -5.434  0.1816E+00  0.6682E-01
     -5.332  0.1988E+00  0.8629E-01
     -5.229  0.2140E+00  0.1075E+00
     -5.127  0.2295E+00  0.1302E+00
     -5.024  0.2434E+00  0.1545E+00
     -4.922  0.2573E+00  0.1801E+00
     -4.819  0.2710E+00  0.2073E+00
     -4.717  0.2837E+00  0.2357E+00
     -4.614  0.2974E+00  0.2655E+00
     -4.512  0.3095E+00  0.2966E+00
     -4.409  0.3222E+00  0.3289E+00
     -4.307  0.3353E+00  0.3626E+00
     -4.204  0.3474E+00  0.3976E+00
     -4.102  0.3603E+00  0.4339E+00
     -3.999  0.3737E+00  0.4715E+00
     -3.897  0.3866E+00  0.5105E+00
     -3.794  0.4004E+00  0.5508E+00
     -3.692  0.4151E+00  0.5926E+00
     -3.589  0.4299E+00  0.6359E+00
     -3.487  0.4461E+00  0.6808E+00
     -3.384  0.4641E+00  0.7274E+00
     -3.282  0.4839E+00  0.7760E+00
     -3.179  0.5073E+00  0.8268E+00
     -3.077  0.5365E+00  0.8802E+00
     -2.974  0.5785E+00  0.9372E+00
     -2.872  0.7137E+00  0.1001E+01
     -2.769  0.6812E+00  0.1070E+01
     -2.667  0.6424E+00  0.1137E+01
     -2.564  0.6298E+00  0.1202E+01
     -2.462  0.6035E+00  0.1265E+01
     -2.359  0.5796E+00  0.1326E+01
     -2.256  0.5642E+00  0.1385E+01
     -2.154  0.5399E+00  0.1441E+01
     -2.051  0.5203E+00  0.1496E+01
     -1.949  0.4976E+00  0.1548E+01
     -1.846  0.4788E+00  0.1598E+01
     -1.744  0.4548E+00  0.1646E+01
     -1.641  0.4348E+00  0.1691E+01
     -1.539  0.4135E+00  0.1735E+01
     -1.436  0.3895E+00  0.1776E+01
     -1.334  0.3676E+00  0.1815E+01
     -1.231  0.3428E+00  0.1851E+01
     -1.129  0.3194E+00  0.1885E+01
     -1.026  0.2978E+00  0.1917E+01
     -0.924  0.2864E+00  0.1946E+01
     -0.821  0.2140E+00  0.1973E+01
     -0.719  0.1279E+00  0.1990E+01
     -0.616  0.4743E-01  0.1997E+01
     -0.514  0.5107E-01  0.2002E+01
     -0.411  0.8565E-01  0.2009E+01
     -0.309  0.1406E+00  0.2020E+01
     -0.206  0.2130E+00  0.2037E+01
     -0.104  0.4447E+00  0.2070E+01
     -0.001  0.5420E+00  0.2119E+01
      0.101  0.6618E+00  0.2180E+01
      0.204  0.8463E+00  0.2258E+01
      0.306  0.1218E+01  0.2357E+01
      0.409  0.1222E+01  0.2499E+01
      0.511  0.8641E+00  0.2598E+01
      0.614  0.7481E+00  0.2680E+01
      0.716  0.6661E+00  0.2753E+01
      0.819  0.6128E+00  0.2818E+01
      0.921  0.5697E+00  0.2879E+01
      1.024  0.5253E+00  0.2935E+01
      1.126  0.4977E+00  0.2987E+01
      1.229  0.4705E+00  0.3037E+01
      1.331  0.4400E+00  0.3084E+01
      1.434  0.4198E+00  0.3127E+01
      1.537  0.4011E+00  0.3170E+01
      1.639  0.3800E+00  0.3210E+01
      1.742  0.3596E+00  0.3247E+01
      1.844  0.3463E+00  0.3284E+01
      1.947  0.3311E+00  0.3318E+01
      2.049  0.3122E+00  0.3351E+01
      2.152  0.2998E+00  0.3383E+01
      2.254  0.2892E+00  0.3413E+01
      2.357  0.2771E+00  0.3442E+01
      2.459  0.2609E+00  0.3470E+01
      2.562  0.4361E+00  0.3502E+01
      2.664  0.5589E+00  0.3553E+01
      2.767  0.6703E+00  0.3616E+01
      2.869  0.8532E+00  0.3693E+01
      2.972  0.9141E+00  0.3786E+01
      3.074  0.8628E+00  0.3877E+01
      3.177  0.8200E+00  0.3964E+01
      3.279  0.7976E+00  0.4046E+01
      3.382  0.7838E+00  0.4128E+01
      3.484  0.7868E+00  0.4208E+01
      3.587  0.8099E+00  0.4289E+01
      3.689  0.8121E+00  0.4373E+01
      3.792  0.8223E+00  0.4456E+01
      3.894  0.8315E+00  0.4541E+01
      3.997  0.8689E+00  0.4628E+01
      4.099  0.8736E+00  0.4717E+01
      4.202  0.8991E+00  0.4808E+01
      4.304  0.9264E+00  0.4901E+01
      4.407  0.9751E+00  0.4999E+01
      4.509  0.1009E+01  0.5101E+01
      4.612  0.1148E+01  0.5211E+01
      4.714  0.1217E+01  0.5333E+01
      4.817  0.1180E+01  0.5455E+01
      4.919  0.1161E+01  0.5576E+01
      5.022  0.1151E+01  0.5694E+01
      5.125  0.1127E+01  0.5811E+01
      5.227  0.1108E+01  0.5925E+01
      5.330  0.1086E+01  0.6038E+01
      5.432  0.1066E+01  0.6148E+01
      5.535  0.1057E+01  0.6257E+01
      5.637  0.1036E+01  0.6364E+01
      5.740  0.1012E+01  0.6469E+01
      5.842  0.1002E+01  0.6572E+01
      5.945  0.9835E+00  0.6674E+01
      6.047  0.9673E+00  0.6774E+01
      6.150  0.9499E+00  0.6872E+01
      6.252  0.9379E+00  0.6969E+01
      6.355  0.9192E+00  0.7064E+01
      6.457  0.9023E+00  0.7157E+01
      6.560  0.8844E+00  0.7249E+01
      6.662  0.8667E+00  0.7339E+01
      6.765  0.8633E+00  0.7427E+01
      6.867  0.7537E+00  0.7513E+01
      6.970  0.6195E+00  0.7582E+01
      7.072  0.5493E+00  0.7642E+01
      7.175  0.4916E+00  0.7696E+01
      7.277  0.4419E+00  0.7743E+01
      7.380  0.3936E+00  0.7786E+01
      7.482  0.3560E+00  0.7824E+01
      7.585  0.3171E+00  0.7859E+01
      7.687  0.2817E+00  0.7890E+01
      7.790  0.2483E+00  0.7917E+01
      7.892  0.2174E+00  0.7941E+01
      7.995  0.1807E+00  0.7961E+01
      8.097  0.1470E+00  0.7978E+01
      8.200  0.1058E+00  0.7991E+01
      8.302  0.4161E-01  0.8000E+01
      8.405  0.0000E+00  0.8000E+01
      8.507  0.0000E+00  0.8000E+01
      8.610  0.0000E+00  0.8000E+01
      8.713  0.8447E-01  0.8003E+01
      8.815  0.1505E+00  0.8015E+01
      8.918  0.2116E+00  0.8034E+01
      9.020  0.2480E+00  0.8058E+01
      9.123  0.2887E+00  0.8085E+01
      9.225  0.3287E+00  0.8117E+01
      9.328  0.3739E+00  0.8153E+01
      9.430  0.3991E+00  0.8193E+01
      9.533  0.4289E+00  0.8235E+01
      9.635  0.4614E+00  0.8281E+01
      9.738  0.4939E+00  0.8330E+01
      9.840  0.5285E+00  0.8382E+01
      9.943  0.5664E+00  0.8438E+01
     10.045  0.5953E+00  0.8498E+01
     10.148  0.6254E+00  0.8560E+01
     10.250  0.6585E+00  0.8626E+01
     10.353  0.6912E+00  0.8695E+01
     10.455  0.7278E+00  0.8768E+01
     10.558  0.7669E+00  0.8844E+01
     10.660  0.8072E+00  0.8925E+01
     10.763  0.8538E+00  0.9010E+01
     10.865  0.8953E+00  0.9100E+01
     10.968  0.9465E+00  0.9194E+01
     11.070  0.1009E+01  0.9294E+01
     11.173  0.1145E+01  0.9403E+01
     11.275  0.1442E+01  0.9533E+01
     11.378  0.1606E+01  0.9693E+01
     11.480  0.1373E+01  0.9847E+01
     11.583  0.1335E+01  0.9983E+01
     11.685  0.1190E+01  0.1011E+02
     11.788  0.1385E+01  0.1024E+02
     11.890  0.1289E+01  0.1038E+02
     11.993  0.1430E+01  0.1052E+02
     12.095  0.1398E+01  0.1066E+02
     12.198  0.1246E+01  0.1079E+02
     12.300  0.1447E+01  0.1093E+02
     12.403  0.1562E+01  0.1109E+02
     12.506  0.1489E+01  0.1124E+02
     12.608  0.1363E+01  0.1139E+02
     12.711  0.1304E+01  0.1152E+02
     12.813  0.1203E+01  0.1165E+02
     12.916  0.1172E+01  0.1177E+02
     13.018  0.1156E+01  0.1189E+02
     13.121  0.9729E+00  0.1200E+02
     13.223  0.8066E+00  0.1209E+02
     13.326  0.7429E+00  0.1217E+02
     13.428  0.8247E+00  0.1225E+02
     13.531  0.8572E+00  0.1234E+02
     13.633  0.9475E+00  0.1243E+02
     13.736  0.9887E+00  0.1253E+02
     13.838  0.9842E+00  0.1263E+02
     13.941  0.9459E+00  0.1273E+02
     14.043  0.9783E+00  0.1283E+02
     14.146  0.9645E+00  0.1293E+02
     14.248  0.9445E+00  0.1303E+02
     14.351  0.9973E+00  0.1313E+02
     14.453  0.1065E+01  0.1323E+02
     14.556  0.1039E+01  0.1334E+02
     14.658  0.9878E+00  0.1344E+02
     14.761  0.9696E+00  0.1355E+02
     14.863  0.9569E+00  0.1364E+02
     14.966  0.9475E+00  0.1374E+02
     15.068  0.9559E+00  0.1384E+02
     15.171  0.9256E+00  0.1394E+02
     15.273  0.9001E+00  0.1403E+02
     15.376  0.8858E+00  0.1412E+02
     15.478  0.8376E+00  0.1421E+02
     15.581  0.7634E+00  0.1429E+02
     15.683  0.6985E+00  0.1437E+02
     15.786  0.6845E+00  0.1444E+02
     15.888  0.6784E+00  0.1451E+02
     15.991  0.6721E+00  0.1457E+02
     16.094  0.6960E+00  0.1464E+02
     16.196  0.7571E+00  0.1472E+02
     16.299  0.7333E+00  0.1479E+02
     16.401  0.7273E+00  0.1487E+02
     16.504  0.7209E+00  0.1494E+02
     16.606  0.7613E+00  0.1502E+02
     16.709  0.7622E+00  0.1510E+02
     16.811  0.6909E+00  0.1517E+02
     16.914  0.6005E+00  0.1524E+02
     17.016  0.5663E+00  0.1530E+02
     17.119  0.5930E+00  0.1536E+02
     17.221  0.6393E+00  0.1542E+02
     17.324  0.5446E+00  0.1548E+02
     17.426  0.4931E+00  0.1553E+02
     17.529  0.4397E+00  0.1558E+02
     17.631  0.3949E+00  0.1562E+02
     17.734  0.3628E+00  0.1566E+02
     17.836  0.3100E+00  0.1570E+02
     17.939  0.2663E+00  0.1573E+02
     18.041  0.2329E+00  0.1575E+02
     18.144  0.2129E+00  0.1577E+02
     18.246  0.1962E+00  0.1580E+02
     18.349  0.1826E+00  0.1582E+02
     18.451  0.1683E+00  0.1583E+02
     18.554  0.1564E+00  0.1585E+02
     18.656  0.1471E+00  0.1587E+02
     18.759  0.1381E+00  0.1588E+02
     18.861  0.1329E+00  0.1589E+02
     18.964  0.1243E+00  0.1591E+02
     19.066  0.1118E+00  0.1592E+02
     19.169  0.9804E-01  0.1593E+02
     19.271  0.9278E-01  0.1594E+02
     19.374  0.8388E-01  0.1595E+02
     19.476  0.7614E-01  0.1596E+02
     19.579  0.6559E-01  0.1596E+02
     19.682  0.5822E-01  0.1597E+02
     19.784  0.5089E-01  0.1598E+02
     19.887  0.4396E-01  0.1598E+02
     19.989  0.3714E-01  0.1599E+02
     20.092  0.3171E-01  0.1599E+02
     20.194  0.2821E-01  0.1599E+02
     20.297  0.2833E-01  0.1599E+02
     20.399  0.2407E-01  0.1600E+02
     20.502  0.8871E-02  0.1600E+02
     20.604  0.3177E-02  0.1600E+02
     20.707  0.3441E-03  0.1600E+02
     20.809  0.0000E+00  0.1600E+02
     20.912  0.0000E+00  0.1600E+02
     21.014  0.0000E+00  0.1600E+02
     21.117  0.0000E+00  0.1600E+02
     21.219  0.0000E+00  0.1600E+02
     21.322  0.0000E+00  0.1600E+02
     21.424  0.0000E+00  0.1600E+02
     21.527  0.0000E+00  0.1600E+02
     21.629  0.0000E+00  0.1600E+02
     21.732  0.0000E+00  0.1600E+02
     21.834  0.0000E+00  0.1600E+02
     21.937  0.0000E+00  0.1600E+02
     22.039  0.0000E+00  0.1600E+02
     22.142  0.0000E+00  0.1600E+02
     22.244  0.0000E+00  0.1600E+02
     22.347  0.0000E+00  0.1600E+02
     22.449  0.0000E+00  0.1600E+02
     22.552  0.0000E+00  0.1600E+02
     22.654  0.0000E+00  0.1600E+02
     22.757  0.0000E+00  0.1600E+02
     22.75692584     -7.99728341  301      8.61718706      1.00000000
     -7.997  0.0000E+00  0.0000E+00  0.0000E+00  0.0000E+00  0.0000E+00  0.0000E+00  0.0000E+00  0.0000E+00  0.0000E+00
     -7.895  0.0000E+00  0.0000E+00  0.0000E+00  0.0000E+00  0.0000E+00  0.0000E+00  0.0000E+00  0.0000E+00  0.0000E+00
     -7.792  0.0000E+00  0.0000E+00  0.0000E+00  0.0000E+00  0.0000E+00  0.0000E+00  0.0000E+00  0.0000E+00  0.0000E+00
     -7.690  0.0000E+00  0.0000E+00  0.0000E+00  0.0000E+00  0.0000E+00  0.0000E+00  0.0000E+00  0.0000E+00  0.0000E+00
     -7.587  0.0000E+00  0.0000E+00  0.0000E+00  0.0000E+00  0.0000E+00  0.0000E+00  0.0000E+00  0.0000E+00  0.0000E+00
     -7.485  0.0000E+00  0.0000E+00  0.0000E+00  0.0000E+00  0.0000E+00  0.0000E+00  0.0000E+00  0.0000E+00  0.0000E+00
     -7.382  0.0000E+00  0.0000E+00  0.0000E+00  0.0000E+00  0.0000E+00  0.0000E+00  0.0000E+00  0.0000E+00  0.0000E+00
     -7.280  0.0000E+00  0.0000E+00  0.0000E+00  0.0000E+00  0.0000E+00  0.0000E+00  0.0000E+00  0.0000E+00  0.0000E+00
     -7.177  0.0000E+00  0.0000E+00  0.0000E+00  0.0000E+00  0.0000E+00  0.0000E+00  0.0000E+00  0.0000E+00  0.0000E+00
     -7.075  0.0000E+00  0.0000E+00  0.0000E+00  0.0000E+00  0.0000E+00  0.0000E+00  0.0000E+00  0.0000E+00  0.0000E+00
     -6.972  0.0000E+00  0.0000E+00  0.0000E+00  0.0000E+00  0.0000E+00  0.0000E+00  0.0000E+00  0.0000E+00  0.0000E+00
     -6.870  0.0000E+00  0.0000E+00  0.0000E+00  0.0000E+00  0.0000E+00  0.0000E+00  0.0000E+00  0.0000E+00  0.0000E+00
     -6.767  0.0000E+00  0.0000E+00  0.0000E+00  0.0000E+00  0.0000E+00  0.0000E+00  0.0000E+00  0.0000E+00  0.0000E+00
     -6.665  0.0000E+00  0.0000E+00  0.0000E+00  0.0000E+00  0.0000E+00  0.0000E+00  0.0000E+00  0.0000E+00  0.0000E+00
     -6.562  0.0000E+00  0.0000E+00  0.0000E+00  0.0000E+00  0.0000E+00  0.0000E+00  0.0000E+00  0.0000E+00  0.0000E+00
     -6.460  0.0000E+00  0.0000E+00  0.0000E+00  0.0000E+00  0.0000E+00  0.0000E+00  0.0000E+00  0.0000E+00  0.0000E+00
     -6.357  0.0000E+00  0.0000E+00  0.0000E+00  0.0000E+00  0.0000E+00  0.0000E+00  0.0000E+00  0.0000E+00  0.0000E+00
     -6.255  0.0000E+00  0.0000E+00  0.0000E+00  0.0000E+00  0.0000E+00  0.0000E+00  0.0000E+00  0.0000E+00  0.0000E+00
     -6.152  0.0000E+00  0.0000E+00  0.0000E+00  0.0000E+00  0.0000E+00  0.0000E+00  0.0000E+00  0.0000E+00  0.0000E+00
     -6.050  0.0000E+00  0.0000E+00  0.0000E+00  0.0000E+00  0.0000E+00  0.0000E+00  0.0000E+00  0.0000E+00  0.0000E+00
     -5.947  0.1251E-01  0.1174E-04  0.1174E-04  0.1174E-04  0.0000E+00  0.0000E+00  0.0000E+00  0.0000E+00  0.0000E+00
     -5.844  0.2749E-01  0.7277E-04  0.7277E-04  0.7277E-04  0.0000E+00  0.0000E+00  0.0000E+00  0.0000E+00  0.0000E+00
     -5.742  0.2814E-01  0.1342E-03  0.1342E-03  0.1342E-03  0.0000E+00  0.0000E+00  0.0000E+00  0.0000E+00  0.0000E+00
     -5.639  0.3380E-01  0.2197E-03  0.2197E-03  0.2197E-03  0.0000E+00  0.0000E+00  0.0000E+00  0.0000E+00  0.0000E+00
     -5.537  0.3798E-01  0.3236E-03  0.3236E-03  0.3236E-03  0.0000E+00  0.0000E+00  0.0000E+00  0.0000E+00  0.0000E+00
     -5.434  0.4213E-01  0.4371E-03  0.4371E-03  0.4371E-03  0.0000E+00  0.0000E+00  0.0000E+00  0.0000E+00  0.0000E+00
     -5.332  0.4598E-01  0.5596E-03  0.5596E-03  0.5596E-03  0.0000E+00  0.0000E+00  0.0000E+00  0.0000E+00  0.0000E+00
     -5.229  0.4934E-01  0.6955E-03  0.6955E-03  0.6955E-03  0.0000E+00  0.0000E+00  0.0000E+00  0.0000E+00  0.0000E+00
     -5.127  0.5275E-01  0.8360E-03  0.8360E-03  0.8360E-03  0.0000E+00  0.0000E+00  0.0000E+00  0.0000E+00  0.0000E+00
     -5.024  0.5576E-01  0.9897E-03  0.9897E-03  0.9897E-03  0.0000E+00  0.0000E+00  0.0000E+00  0.0000E+00  0.0000E+00
     -4.922  0.5878E-01  0.1148E-02  0.1148E-02  0.1148E-02  0.0000E+00  0.0000E+00  0.0000E+00  0.0000E+00  0.0000E+00
     -4.819  0.6174E-01  0.1315E-02  0.1315E-02  0.1315E-02  0.0000E+00  0.0000E+00  0.0000E+00  0.0000E+00  0.0000E+00
     -4.717  0.6445E-01  0.1492E-02  0.1492E-02  0.1492E-02  0.0000E+00  0.0000E+00  0.0000E+00  0.0000E+00  0.0000E+00
     -4.614  0.6739E-01  0.1669E-02  0.1669E-02  0.1669E-02  0.0000E+00  0.0000E+00  0.0000E+00  0.0000E+00  0.0000E+00
     -4.512  0.6996E-01  0.1862E-02  0.1862E-02  0.1862E-02  0.0000E+00  0.0000E+00  0.0000E+00  0.0000E+00  0.0000E+00
     -4.409  0.7266E-01  0.2057E-02  0.2057E-02  0.2057E-02  0.0000E+00  0.0000E+00  0.0000E+00  0.0000E+00  0.0000E+00
     -4.307  0.7547E-01  0.2255E-02  0.2255E-02  0.2255E-02  0.0000E+00  0.0000E+00  0.0000E+00  0.0000E+00  0.0000E+00
     -4.204  0.7803E-01  0.2470E-02  0.2470E-02  0.2470E-02  0.0000E+00  0.0000E+00  0.0000E+00  0.0000E+00  0.0000E+00
     -4.102  0.8079E-01  0.2685E-02  0.2685E-02  0.2685E-02  0.0000E+00  0.0000E+00  0.0000E+00  0.0000E+00  0.0000E+00
     -3.999  0.8367E-01  0.2904E-02  0.2904E-02  0.2904E-02  0.0000E+00  0.0000E+00  0.0000E+00  0.0000E+00  0.0000E+00
     -3.897  0.8645E-01  0.3141E-02  0.3141E-02  0.3141E-02  0.0000E+00  0.0000E+00  0.0000E+00  0.0000E+00  0.0000E+00
     -3.794  0.8945E-01  0.3379E-02  0.3379E-02  0.3379E-02  0.0000E+00  0.0000E+00  0.0000E+00  0.0000E+00  0.0000E+00
     -3.692  0.9269E-01  0.3619E-02  0.3619E-02  0.3619E-02  0.0000E+00  0.0000E+00  0.0000E+00  0.0000E+00  0.0000E+00
     -3.589  0.9595E-01  0.3884E-02  0.3884E-02  0.3884E-02  0.0000E+00  0.0000E+00  0.0000E+00  0.0000E+00  0.0000E+00
     -3.487  0.9959E-01  0.4154E-02  0.4154E-02  0.4154E-02  0.0000E+00  0.0000E+00  0.0000E+00  0.0000E+00  0.0000E+00
     -3.384  0.1037E+00  0.4431E-02  0.4431E-02  0.4431E-02  0.0000E+00  0.0000E+00  0.0000E+00  0.0000E+00  0.0000E+00
     -3.282  0.1082E+00  0.4736E-02  0.4736E-02  0.4736E-02  0.0000E+00  0.0000E+00  0.0000E+00  0.0000E+00  0.0000E+00
     -3.179  0.1137E+00  0.5070E-02  0.5070E-02  0.5070E-02  0.0000E+00  0.0000E+00  0.0000E+00  0.0000E+00  0.0000E+00
     -3.077  0.1206E+00  0.5439E-02  0.5439E-02  0.5439E-02  0.0000E+00  0.0000E+00  0.0000E+00  0.0000E+00  0.0000E+00
     -2.974  0.1307E+00  0.5898E-02  0.5898E-02  0.5898E-02  0.0000E+00  0.0000E+00  0.0000E+00  0.0000E+00  0.0000E+00
     -2.872  0.1639E+00  0.7007E-02  0.7007E-02  0.7007E-02  0.0000E+00  0.0000E+00  0.0000E+00  0.0000E+00  0.0000E+00
     -2.769  0.1558E+00  0.7019E-02  0.7019E-02  0.7019E-02  0.0000E+00  0.0000E+00  0.0000E+00  0.0000E+00  0.0000E+00
     -2.667  0.1462E+00  0.6932E-02  0.6932E-02  0.6932E-02  0.0000E+00  0.0000E+00  0.0000E+00  0.0000E+00  0.0000E+00
     -2.564  0.1431E+00  0.7064E-02  0.7064E-02  0.7064E-02  0.0000E+00  0.0000E+00  0.0000E+00  0.0000E+00  0.0000E+00
     -2.462  0.1366E+00  0.7044E-02  0.7044E-02  0.7044E-02  0.0000E+00  0.0000E+00  0.0000E+00  0.0000E+00  0.0000E+00
     -2.359  0.1308E+00  0.7017E-02  0.7017E-02  0.7017E-02  0.0000E+00  0.0000E+00  0.0000E+00  0.0000E+00  0.0000E+00
     -2.256  0.1270E+00  0.7066E-02  0.7066E-02  0.7066E-02  0.0000E+00  0.0000E+00  0.0000E+00  0.0000E+00  0.0000E+00
     -2.154  0.1212E+00  0.7013E-02  0.7013E-02  0.7013E-02  0.0000E+00  0.0000E+00  0.0000E+00  0.0000E+00  0.0000E+00
     -2.051  0.1164E+00  0.6972E-02  0.6972E-02  0.6972E-02  0.0000E+00  0.0000E+00  0.0000E+00  0.0000E+00  0.0000E+00
     -1.949  0.1110E+00  0.6896E-02  0.6896E-02  0.6896E-02  0.0000E+00  0.0000E+00  0.0000E+00  0.0000E+00  0.0000E+00
     -1.846  0.1065E+00  0.6840E-02  0.6840E-02  0.6840E-02  0.0000E+00  0.0000E+00  0.0000E+00  0.0000E+00  0.0000E+00
     -1.744  0.1008E+00  0.6710E-02  0.6710E-02  0.6710E-02  0.0000E+00  0.0000E+00  0.0000E+00  0.0000E+00  0.0000E+00
     -1.641  0.9609E-01  0.6600E-02  0.6600E-02  0.6600E-02  0.0000E+00  0.0000E+00  0.0000E+00  0.0000E+00  0.0000E+00
     -1.539  0.9110E-01  0.6466E-02  0.6466E-02  0.6466E-02  0.0000E+00  0.0000E+00  0.0000E+00  0.0000E+00  0.0000E+00
     -1.436  0.8548E-01  0.6278E-02  0.6278E-02  0.6278E-02  0.0000E+00  0.0000E+00  0.0000E+00  0.0000E+00  0.0000E+00
     -1.334  0.8038E-01  0.6090E-02  0.6090E-02  0.6090E-02  0.0000E+00  0.0000E+00  0.0000E+00  0.0000E+00  0.0000E+00
     -1.231  0.7462E-01  0.5857E-02  0.5857E-02  0.5857E-02  0.0000E+00  0.0000E+00  0.0000E+00  0.0000E+00  0.0000E+00
     -1.129  0.6919E-01  0.5615E-02  0.5615E-02  0.5615E-02  0.0000E+00  0.0000E+00  0.0000E+00  0.0000E+00  0.0000E+00
     -1.026  0.6414E-01  0.5391E-02  0.5391E-02  0.5391E-02  0.0000E+00  0.0000E+00  0.0000E+00  0.0000E+00  0.0000E+00
     -0.924  0.6099E-01  0.5404E-02  0.5404E-02  0.5404E-02  0.0000E+00  0.0000E+00  0.0000E+00  0.0000E+00  0.0000E+00
     -0.821  0.4511E-01  0.4161E-02  0.4161E-02  0.4161E-02  0.0000E+00  0.0000E+00  0.0000E+00  0.0000E+00  0.0000E+00
     -0.719  0.2715E-01  0.2506E-02  0.2506E-02  0.2506E-02  0.0000E+00  0.0000E+00  0.0000E+00  0.0000E+00  0.0000E+00
     -0.616  0.9961E-02  0.9642E-03  0.9642E-03  0.9642E-03  0.0000E+00  0.0000E+00  0.0000E+00  0.0000E+00  0.0000E+00
     -0.514  0.1022E-01  0.1138E-02  0.1138E-02  0.1138E-02  0.0000E+00  0.0000E+00  0.0000E+00  0.0000E+00  0.0000E+00
     -0.411  0.1679E-01  0.1991E-02  0.1991E-02  0.1991E-02  0.0000E+00  0.0000E+00  0.0000E+00  0.0000E+00  0.0000E+00
     -0.309  0.2768E-01  0.3294E-02  0.3294E-02  0.3294E-02  0.0000E+00  0.0000E+00  0.0000E+00  0.0000E+00  0.0000E+00
     -0.206  0.4030E-01  0.5323E-02  0.5323E-02  0.5323E-02  0.0000E+00  0.0000E+00  0.0000E+00  0.0000E+00  0.0000E+00
     -0.104  0.6555E-01  0.1418E-01  0.1418E-01  0.1418E-01  0.0000E+00  0.0000E+00  0.0000E+00  0.0000E+00  0.0000E+00
     -0.001  0.7901E-01  0.1757E-01  0.1757E-01  0.1757E-01  0.0000E+00  0.0000E+00  0.0000E+00  0.0000E+00  0.0000E+00
      0.101  0.9642E-01  0.2166E-01  0.2166E-01  0.2166E-01  0.0000E+00  0.0000E+00  0.0000E+00  0.0000E+00  0.0000E+00
      0.204  0.1224E+00  0.2808E-01  0.2808E-01  0.2808E-01  0.0000E+00  0.0000E+00  0.0000E+00  0.0000E+00  0.0000E+00
      0.306  0.1764E+00  0.4074E-01  0.4074E-01  0.4074E-01  0.0000E+00  0.0000E+00  0.0000E+00  0.0000E+00  0.0000E+00
      0.409  0.1792E+00  0.4091E-01  0.4091E-01  0.4091E-01  0.0000E+00  0.0000E+00  0.0000E+00  0.0000E+00  0.0000E+00
      0.511  0.1266E+00  0.2919E-01  0.2919E-01  0.2919E-01  0.0000E+00  0.0000E+00  0.0000E+00  0.0000E+00  0.0000E+00
      0.614  0.1095E+00  0.2550E-01  0.2550E-01  0.2550E-01  0.0000E+00  0.0000E+00  0.0000E+00  0.0000E+00  0.0000E+00
      0.716  0.9699E-01  0.2298E-01  0.2298E-01  0.2298E-01  0.0000E+00  0.0000E+00  0.0000E+00  0.0000E+00  0.0000E+00
      0.819  0.8896E-01  0.2136E-01  0.2136E-01  0.2136E-01  0.0000E+00  0.0000E+00  0.0000E+00  0.0000E+00  0.0000E+00
      0.921  0.8230E-01  0.2008E-01  0.2008E-01  0.2008E-01  0.0000E+00  0.0000E+00  0.0000E+00  0.0000E+00  0.0000E+00
      1.024  0.7524E-01  0.1878E-01  0.1878E-01  0.1878E-01  0.0000E+00  0.0000E+00  0.0000E+00  0.0000E+00  0.0000E+00
      1.126  0.7093E-01  0.1799E-01  0.1799E-01  0.1799E-01  0.0000E+00  0.0000E+00  0.0000E+00  0.0000E+00  0.0000E+00
      1.229  0.6657E-01  0.1721E-01  0.1721E-01  0.1721E-01  0.0000E+00  0.0000E+00  0.0000E+00  0.0000E+00  0.0000E+00
      1.331  0.6162E-01  0.1632E-01  0.1632E-01  0.1632E-01  0.0000E+00  0.0000E+00  0.0000E+00  0.0000E+00  0.0000E+00
      1.434  0.5839E-01  0.1576E-01  0.1576E-01  0.1576E-01  0.0000E+00  0.0000E+00  0.0000E+00  0.0000E+00  0.0000E+00
      1.537  0.5534E-01  0.1524E-01  0.1524E-01  0.1524E-01  0.0000E+00  0.0000E+00  0.0000E+00  0.0000E+00  0.0000E+00
      1.639  0.5187E-01  0.1463E-01  0.1463E-01  0.1463E-01  0.0000E+00  0.0000E+00  0.0000E+00  0.0000E+00  0.0000E+00
      1.742  0.4857E-01  0.1403E-01  0.1403E-01  0.1403E-01  0.0000E+00  0.0000E+00  0.0000E+00  0.0000E+00  0.0000E+00
      1.844  0.4638E-01  0.1367E-01  0.1367E-01  0.1367E-01  0.0000E+00  0.0000E+00  0.0000E+00  0.0000E+00  0.0000E+00
      1.947  0.4388E-01  0.1324E-01  0.1324E-01  0.1324E-01  0.0000E+00  0.0000E+00  0.0000E+00  0.0000E+00  0.0000E+00
      2.049  0.4083E-01  0.1266E-01  0.1266E-01  0.1266E-01  0.0000E+00  0.0000E+00  0.0000E+00  0.0000E+00  0.0000E+00
      2.152  0.3883E-01  0.1230E-01  0.1230E-01  0.1230E-01  0.0000E+00  0.0000E+00  0.0000E+00  0.0000E+00  0.0000E+00
      2.254  0.3706E-01  0.1200E-01  0.1200E-01  0.1200E-01  0.0000E+00  0.0000E+00  0.0000E+00  0.0000E+00  0.0000E+00
      2.357  0.3508E-01  0.1164E-01  0.1164E-01  0.1164E-01  0.0000E+00  0.0000E+00  0.0000E+00  0.0000E+00  0.0000E+00
      2.459  0.3254E-01  0.1112E-01  0.1112E-01  0.1112E-01  0.0000E+00  0.0000E+00  0.0000E+00  0.0000E+00  0.0000E+00
      2.562  0.3224E-01  0.2164E-01  0.2164E-01  0.2164E-01  0.0000E+00  0.0000E+00  0.0000E+00  0.0000E+00  0.0000E+00
      2.664  0.3245E-01  0.2908E-01  0.2908E-01  0.2908E-01  0.0000E+00  0.0000E+00  0.0000E+00  0.0000E+00  0.0000E+00
      2.767  0.3280E-01  0.3591E-01  0.3591E-01  0.3591E-01  0.0000E+00  0.0000E+00  0.0000E+00  0.0000E+00  0.0000E+00
      2.869  0.3372E-01  0.4708E-01  0.4708E-01  0.4708E-01  0.0000E+00  0.0000E+00  0.0000E+00  0.0000E+00  0.0000E+00
      2.972  0.3491E-01  0.5094E-01  0.5094E-01  0.5094E-01  0.0000E+00  0.0000E+00  0.0000E+00  0.0000E+00  0.0000E+00
      3.074  0.3507E-01  0.4812E-01  0.4812E-01  0.4812E-01  0.0000E+00  0.0000E+00  0.0000E+00  0.0000E+00  0.0000E+00
      3.177  0.3487E-01  0.4585E-01  0.4585E-01  0.4585E-01  0.0000E+00  0.0000E+00  0.0000E+00  0.0000E+00  0.0000E+00
      3.279  0.3442E-01  0.4485E-01  0.4485E-01  0.4485E-01  0.0000E+00  0.0000E+00  0.0000E+00  0.0000E+00  0.0000E+00
      3.382  0.3362E-01  0.4443E-01  0.4443E-01  0.4443E-01  0.0000E+00  0.0000E+00  0.0000E+00  0.0000E+00  0.0000E+00
      3.484  0.3338E-01  0.4494E-01  0.4494E-01  0.4494E-01  0.0000E+00  0.0000E+00  0.0000E+00  0.0000E+00  0.0000E+00
      3.587  0.3315E-01  0.4679E-01  0.4679E-01  0.4679E-01  0.0000E+00  0.0000E+00  0.0000E+00  0.0000E+00  0.0000E+00
      3.689  0.3245E-01  0.4743E-01  0.4743E-01  0.4743E-01  0.0000E+00  0.0000E+00  0.0000E+00  0.0000E+00  0.0000E+00
      3.792  0.3136E-01  0.4858E-01  0.4858E-01  0.4858E-01  0.0000E+00  0.0000E+00  0.0000E+00  0.0000E+00  0.0000E+00
      3.894  0.3083E-01  0.4962E-01  0.4962E-01  0.4962E-01  0.0000E+00  0.0000E+00  0.0000E+00  0.0000E+00  0.0000E+00
      3.997  0.3047E-01  0.5265E-01  0.5265E-01  0.5265E-01  0.0000E+00  0.0000E+00  0.0000E+00  0.0000E+00  0.0000E+00
      4.099  0.2964E-01  0.5350E-01  0.5350E-01  0.5350E-01  0.0000E+00  0.0000E+00  0.0000E+00  0.0000E+00  0.0000E+00
      4.202  0.2881E-01  0.5583E-01  0.5583E-01  0.5583E-01  0.0000E+00  0.0000E+00  0.0000E+00  0.0000E+00  0.0000E+00
      4.304  0.2768E-01  0.5843E-01  0.5843E-01  0.5843E-01  0.0000E+00  0.0000E+00  0.0000E+00  0.0000E+00  0.0000E+00
      4.407  0.2706E-01  0.6252E-01  0.6252E-01  0.6252E-01  0.0000E+00  0.0000E+00  0.0000E+00  0.0000E+00  0.0000E+00
      4.509  0.2627E-01  0.6568E-01  0.6568E-01  0.6568E-01  0.0000E+00  0.0000E+00  0.0000E+00  0.0000E+00  0.0000E+00
      4.612  0.2547E-01  0.7690E-01  0.7690E-01  0.7690E-01  0.0000E+00  0.0000E+00  0.0000E+00  0.0000E+00  0.0000E+00
      4.714  0.2439E-01  0.8304E-01  0.8304E-01  0.8304E-01  0.0000E+00  0.0000E+00  0.0000E+00  0.0000E+00  0.0000E+00
      4.817  0.2307E-01  0.8085E-01  0.8085E-01  0.8085E-01  0.0000E+00  0.0000E+00  0.0000E+00  0.0000E+00  0.0000E+00
      4.919  0.2217E-01  0.8011E-01  0.8011E-01  0.8011E-01  0.0000E+00  0.0000E+00  0.0000E+00  0.0000E+00  0.0000E+00
      5.022  0.2132E-01  0.7993E-01  0.7993E-01  0.7993E-01  0.0000E+00  0.0000E+00  0.0000E+00  0.0000E+00  0.0000E+00
      5.125  0.2039E-01  0.7877E-01  0.7877E-01  0.7877E-01  0.0000E+00  0.0000E+00  0.0000E+00  0.0000E+00  0.0000E+00
      5.227  0.1941E-01  0.7799E-01  0.7799E-01  0.7799E-01  0.0000E+00  0.0000E+00  0.0000E+00  0.0000E+00  0.0000E+00
      5.330  0.1816E-01  0.7708E-01  0.7708E-01  0.7708E-01  0.0000E+00  0.0000E+00  0.0000E+00  0.0000E+00  0.0000E+00
      5.432  0.1739E-01  0.7607E-01  0.7607E-01  0.7607E-01  0.0000E+00  0.0000E+00  0.0000E+00  0.0000E+00  0.0000E+00
      5.535  0.1658E-01  0.7602E-01  0.7602E-01  0.7602E-01  0.0000E+00  0.0000E+00  0.0000E+00  0.0000E+00  0.0000E+00
      5.637  0.1569E-01  0.7506E-01  0.7506E-01  0.7506E-01  0.0000E+00  0.0000E+00  0.0000E+00  0.0000E+00  0.0000E+00
      5.740  0.1469E-01  0.7391E-01  0.7391E-01  0.7391E-01  0.0000E+00  0.0000E+00  0.0000E+00  0.0000E+00  0.0000E+00
      5.842  0.1355E-01  0.7382E-01  0.7382E-01  0.7382E-01  0.0000E+00  0.0000E+00  0.0000E+00  0.0000E+00  0.0000E+00
      5.945  0.1267E-01  0.7307E-01  0.7307E-01  0.7307E-01  0.0000E+00  0.0000E+00  0.0000E+00  0.0000E+00  0.0000E+00
      6.047  0.1183E-01  0.7247E-01  0.7247E-01  0.7247E-01  0.0000E+00  0.0000E+00  0.0000E+00  0.0000E+00  0.0000E+00
      6.150  0.1112E-01  0.7177E-01  0.7177E-01  0.7177E-01  0.0000E+00  0.0000E+00  0.0000E+00  0.0000E+00  0.0000E+00
      6.252  0.1037E-01  0.7144E-01  0.7144E-01  0.7144E-01  0.0000E+00  0.0000E+00  0.0000E+00  0.0000E+00  0.0000E+00
      6.355  0.9507E-02  0.7063E-01  0.7063E-01  0.7063E-01  0.0000E+00  0.0000E+00  0.0000E+00  0.0000E+00  0.0000E+00
      6.457  0.8659E-02  0.7004E-01  0.7004E-01  0.7004E-01  0.0000E+00  0.0000E+00  0.0000E+00  0.0000E+00  0.0000E+00
      6.560  0.7983E-02  0.6925E-01  0.6925E-01  0.6925E-01  0.0000E+00  0.0000E+00  0.0000E+00  0.0000E+00  0.0000E+00
      6.662  0.7351E-02  0.6846E-01  0.6846E-01  0.6846E-01  0.0000E+00  0.0000E+00  0.0000E+00  0.0000E+00  0.0000E+00
      6.765  0.6677E-02  0.6890E-01  0.6890E-01  0.6890E-01  0.0000E+00  0.0000E+00  0.0000E+00  0.0000E+00  0.0000E+00
      6.867  0.5864E-02  0.6030E-01  0.6030E-01  0.6030E-01  0.0000E+00  0.0000E+00  0.0000E+00  0.0000E+00  0.0000E+00
      6.970  0.5166E-02  0.4943E-01  0.4943E-01  0.4943E-01  0.0000E+00  0.0000E+00  0.0000E+00  0.0000E+00  0.0000E+00
      7.072  0.4605E-02  0.4388E-01  0.4388E-01  0.4388E-01  0.0000E+00  0.0000E+00  0.0000E+00  0.0000E+00  0.0000E+00
      7.175  0.4114E-02  0.3934E-01  0.3934E-01  0.3934E-01  0.0000E+00  0.0000E+00  0.0000E+00  0.0000E+00  0.0000E+00
      7.277  0.3610E-02  0.3545E-01  0.3545E-01  0.3545E-01  0.0000E+00  0.0000E+00  0.0000E+00  0.0000E+00  0.0000E+00
      7.380  0.3010E-02  0.3170E-01  0.3170E-01  0.3170E-01  0.0000E+00  0.0000E+00  0.0000E+00  0.0000E+00  0.0000E+00
      7.482  0.2567E-02  0.2876E-01  0.2876E-01  0.2876E-01  0.0000E+00  0.0000E+00  0.0000E+00  0.0000E+00  0.0000E+00
      7.585  0.2153E-02  0.2569E-01  0.2569E-01  0.2569E-01  0.0000E+00  0.0000E+00  0.0000E+00  0.0000E+00  0.0000E+00
      7.687  0.1730E-02  0.2290E-01  0.2290E-01  0.2290E-01  0.0000E+00  0.0000E+00  0.0000E+00  0.0000E+00  0.0000E+00
      7.790  0.1407E-02  0.2023E-01  0.2023E-01  0.2023E-01  0.0000E+00  0.0000E+00  0.0000E+00  0.0000E+00  0.0000E+00
      7.892  0.1008E-02  0.1779E-01  0.1779E-01  0.1779E-01  0.0000E+00  0.0000E+00  0.0000E+00  0.0000E+00  0.0000E+00
      7.995  0.7765E-03  0.1480E-01  0.1480E-01  0.1480E-01  0.0000E+00  0.0000E+00  0.0000E+00  0.0000E+00  0.0000E+00
      8.097  0.5114E-03  0.1205E-01  0.1205E-01  0.1205E-01  0.0000E+00  0.0000E+00  0.0000E+00  0.0000E+00  0.0000E+00
      8.200  0.2588E-03  0.8680E-02  0.8680E-02  0.8680E-02  0.0000E+00  0.0000E+00  0.0000E+00  0.0000E+00  0.0000E+00
      8.302  0.6794E-04  0.3404E-02  0.3404E-02  0.3404E-02  0.0000E+00  0.0000E+00  0.0000E+00  0.0000E+00  0.0000E+00
      8.405  0.0000E+00  0.0000E+00  0.0000E+00  0.0000E+00  0.0000E+00  0.0000E+00  0.0000E+00  0.0000E+00  0.0000E+00
      8.507  0.0000E+00  0.0000E+00  0.0000E+00  0.0000E+00  0.0000E+00  0.0000E+00  0.0000E+00  0.0000E+00  0.0000E+00
      8.610  0.0000E+00  0.0000E+00  0.0000E+00  0.0000E+00  0.0000E+00  0.0000E+00  0.0000E+00  0.0000E+00  0.0000E+00
      8.713  0.5201E-02  0.9305E-03  0.9305E-03  0.9305E-03  0.0000E+00  0.0000E+00  0.0000E+00  0.0000E+00  0.0000E+00
      8.815  0.8995E-02  0.1755E-02  0.1755E-02  0.1755E-02  0.0000E+00  0.0000E+00  0.0000E+00  0.0000E+00  0.0000E+00
      8.918  0.1235E-01  0.2581E-02  0.2581E-02  0.2581E-02  0.0000E+00  0.0000E+00  0.0000E+00  0.0000E+00  0.0000E+00
      9.020  0.1414E-01  0.3233E-02  0.3233E-02  0.3233E-02  0.0000E+00  0.0000E+00  0.0000E+00  0.0000E+00  0.0000E+00
      9.123  0.1609E-01  0.3960E-02  0.3960E-02  0.3960E-02  0.0000E+00  0.0000E+00  0.0000E+00  0.0000E+00  0.0000E+00
      9.225  0.1791E-01  0.4729E-02  0.4729E-02  0.4729E-02  0.0000E+00  0.0000E+00  0.0000E+00  0.0000E+00  0.0000E+00
      9.328  0.1991E-01  0.5633E-02  0.5633E-02  0.5633E-02  0.0000E+00  0.0000E+00  0.0000E+00  0.0000E+00  0.0000E+00
      9.430  0.2073E-01  0.6306E-02  0.6306E-02  0.6306E-02  0.0000E+00  0.0000E+00  0.0000E+00  0.0000E+00  0.0000E+00
      9.533  0.2178E-01  0.7076E-02  0.7076E-02  0.7076E-02  0.0000E+00  0.0000E+00  0.0000E+00  0.0000E+00  0.0000E+00
      9.635  0.2292E-01  0.7894E-02  0.7894E-02  0.7894E-02  0.0000E+00  0.0000E+00  0.0000E+00  0.0000E+00  0.0000E+00
      9.738  0.2392E-01  0.8786E-02  0.8786E-02  0.8786E-02  0.0000E+00  0.0000E+00  0.0000E+00  0.0000E+00  0.0000E+00
      9.840  0.2506E-01  0.9707E-02  0.9707E-02  0.9707E-02  0.0000E+00  0.0000E+00  0.0000E+00  0.0000E+00  0.0000E+00
      9.943  0.2621E-01  0.1077E-01  0.1077E-01  0.1077E-01  0.0000E+00  0.0000E+00  0.0000E+00  0.0000E+00  0.0000E+00
     10.045  0.2679E-01  0.1174E-01  0.1174E-01  0.1174E-01  0.0000E+00  0.0000E+00  0.0000E+00  0.0000E+00  0.0000E+00
     10.148  0.2748E-01  0.1271E-01  0.1271E-01  0.1271E-01  0.0000E+00  0.0000E+00  0.0000E+00  0.0000E+00  0.0000E+00
     10.250  0.2828E-01  0.1376E-01  0.1376E-01  0.1376E-01  0.0000E+00  0.0000E+00  0.0000E+00  0.0000E+00  0.0000E+00
     10.353  0.2887E-01  0.1492E-01  0.1492E-01  0.1492E-01  0.0000E+00  0.0000E+00  0.0000E+00  0.0000E+00  0.0000E+00
     10.455  0.2965E-01  0.1614E-01  0.1614E-01  0.1614E-01  0.0000E+00  0.0000E+00  0.0000E+00  0.0000E+00  0.0000E+00
     10.558  0.3049E-01  0.1741E-01  0.1741E-01  0.1741E-01  0.0000E+00  0.0000E+00  0.0000E+00  0.0000E+00  0.0000E+00
     10.660  0.3116E-01  0.1890E-01  0.1890E-01  0.1890E-01  0.0000E+00  0.0000E+00  0.0000E+00  0.0000E+00  0.0000E+00
     10.763  0.3205E-01  0.2056E-01  0.2056E-01  0.2056E-01  0.0000E+00  0.0000E+00  0.0000E+00  0.0000E+00  0.0000E+00
     10.865  0.3272E-01  0.2208E-01  0.2208E-01  0.2208E-01  0.0000E+00  0.0000E+00  0.0000E+00  0.0000E+00  0.0000E+00
     10.968  0.3356E-01  0.2399E-01  0.2399E-01  0.2399E-01  0.0000E+00  0.0000E+00  0.0000E+00  0.0000E+00  0.0000E+00
     11.070  0.3507E-01  0.2627E-01  0.2627E-01  0.2627E-01  0.0000E+00  0.0000E+00  0.0000E+00  0.0000E+00  0.0000E+00
     11.173  0.4462E-01  0.3008E-01  0.3008E-01  0.3008E-01  0.0000E+00  0.0000E+00  0.0000E+00  0.0000E+00  0.0000E+00
     11.275  0.7398E-01  0.3553E-01  0.3553E-01  0.3553E-01  0.0000E+00  0.0000E+00  0.0000E+00  0.0000E+00  0.0000E+00
     11.378  0.8063E-01  0.4028E-01  0.4028E-01  0.4028E-01  0.0000E+00  0.0000E+00  0.0000E+00  0.0000E+00  0.0000E+00
     11.480  0.6073E-01  0.3730E-01  0.3730E-01  0.3730E-01  0.0000E+00  0.0000E+00  0.0000E+00  0.0000E+00  0.0000E+00
     11.583  0.5613E-01  0.3803E-01  0.3803E-01  0.3803E-01  0.0000E+00  0.0000E+00  0.0000E+00  0.0000E+00  0.0000E+00
     11.685  0.3981E-01  0.3458E-01  0.3458E-01  0.3458E-01  0.0000E+00  0.0000E+00  0.0000E+00  0.0000E+00  0.0000E+00
     11.788  0.4148E-01  0.4045E-01  0.4045E-01  0.4045E-01  0.0000E+00  0.0000E+00  0.0000E+00  0.0000E+00  0.0000E+00
     11.890  0.3706E-01  0.3862E-01  0.3862E-01  0.3862E-01  0.0000E+00  0.0000E+00  0.0000E+00  0.0000E+00  0.0000E+00
     11.993  0.4257E-01  0.4398E-01  0.4398E-01  0.4398E-01  0.0000E+00  0.0000E+00  0.0000E+00  0.0000E+00  0.0000E+00
     12.095  0.4080E-01  0.4516E-01  0.4516E-01  0.4516E-01  0.0000E+00  0.0000E+00  0.0000E+00  0.0000E+00  0.0000E+00
     12.198  0.3924E-01  0.3884E-01  0.3884E-01  0.3884E-01  0.0000E+00  0.0000E+00  0.0000E+00  0.0000E+00  0.0000E+00
     12.300  0.4562E-01  0.4574E-01  0.4574E-01  0.4574E-01  0.0000E+00  0.0000E+00  0.0000E+00  0.0000E+00  0.0000E+00
     12.403  0.4469E-01  0.5033E-01  0.5033E-01  0.5033E-01  0.0000E+00  0.0000E+00  0.0000E+00  0.0000E+00  0.0000E+00
     12.506  0.4080E-01  0.4847E-01  0.4847E-01  0.4847E-01  0.0000E+00  0.0000E+00  0.0000E+00  0.0000E+00  0.0000E+00
     12.608  0.3614E-01  0.4464E-01  0.4464E-01  0.4464E-01  0.0000E+00  0.0000E+00  0.0000E+00  0.0000E+00  0.0000E+00
     12.711  0.3395E-01  0.4258E-01  0.4258E-01  0.4258E-01  0.0000E+00  0.0000E+00  0.0000E+00  0.0000E+00  0.0000E+00
     12.813  0.2962E-01  0.3930E-01  0.3930E-01  0.3930E-01  0.0000E+00  0.0000E+00  0.0000E+00  0.0000E+00  0.0000E+00
     12.916  0.2825E-01  0.3831E-01  0.3831E-01  0.3831E-01  0.0000E+00  0.0000E+00  0.0000E+00  0.0000E+00  0.0000E+00
     13.018  0.2626E-01  0.3800E-01  0.3800E-01  0.3800E-01  0.0000E+00  0.0000E+00  0.0000E+00  0.0000E+00  0.0000E+00
     13.121  0.2117E-01  0.3289E-01  0.3289E-01  0.3289E-01  0.0000E+00  0.0000E+00  0.0000E+00  0.0000E+00  0.0000E+00
     13.223  0.1736E-01  0.2757E-01  0.2757E-01  0.2757E-01  0.0000E+00  0.0000E+00  0.0000E+00  0.0000E+00  0.0000E+00
     13.326  0.1661E-01  0.2536E-01  0.2536E-01  0.2536E-01  0.0000E+00  0.0000E+00  0.0000E+00  0.0000E+00  0.0000E+00
     13.428  0.2246E-01  0.2722E-01  0.2722E-01  0.2722E-01  0.0000E+00  0.0000E+00  0.0000E+00  0.0000E+00  0.0000E+00
     13.531  0.2590E-01  0.2728E-01  0.2728E-01  0.2728E-01  0.0000E+00  0.0000E+00  0.0000E+00  0.0000E+00  0.0000E+00
     13.633  0.2894E-01  0.2966E-01  0.2966E-01  0.2966E-01  0.0000E+00  0.0000E+00  0.0000E+00  0.0000E+00  0.0000E+00
     13.736  0.2929E-01  0.3067E-01  0.3067E-01  0.3067E-01  0.0000E+00  0.0000E+00  0.0000E+00  0.0000E+00  0.0000E+00
     13.838  0.2688E-01  0.3012E-01  0.3012E-01  0.3012E-01  0.0000E+00  0.0000E+00  0.0000E+00  0.0000E+00  0.0000E+00
     13.941  0.2657E-01  0.2852E-01  0.2852E-01  0.2852E-01  0.0000E+00  0.0000E+00  0.0000E+00  0.0000E+00  0.0000E+00
     14.043  0.2899E-01  0.2903E-01  0.2903E-01  0.2903E-01  0.0000E+00  0.0000E+00  0.0000E+00  0.0000E+00  0.0000E+00
     14.146  0.2765E-01  0.2874E-01  0.2874E-01  0.2874E-01  0.0000E+00  0.0000E+00  0.0000E+00  0.0000E+00  0.0000E+00
     14.248  0.2655E-01  0.2778E-01  0.2778E-01  0.2778E-01  0.0000E+00  0.0000E+00  0.0000E+00  0.0000E+00  0.0000E+00
     14.351  0.2685E-01  0.2863E-01  0.2863E-01  0.2863E-01  0.0000E+00  0.0000E+00  0.0000E+00  0.0000E+00  0.0000E+00
     14.453  0.2888E-01  0.2991E-01  0.2991E-01  0.2991E-01  0.0000E+00  0.0000E+00  0.0000E+00  0.0000E+00  0.0000E+00
     14.556  0.2620E-01  0.2859E-01  0.2859E-01  0.2859E-01  0.0000E+00  0.0000E+00  0.0000E+00  0.0000E+00  0.0000E+00
     14.658  0.2410E-01  0.2732E-01  0.2732E-01  0.2732E-01  0.0000E+00  0.0000E+00  0.0000E+00  0.0000E+00  0.0000E+00
     14.761  0.2312E-01  0.2688E-01  0.2688E-01  0.2688E-01  0.0000E+00  0.0000E+00  0.0000E+00  0.0000E+00  0.0000E+00
     14.863  0.2209E-01  0.2660E-01  0.2660E-01  0.2660E-01  0.0000E+00  0.0000E+00  0.0000E+00  0.0000E+00  0.0000E+00
     14.966  0.2139E-01  0.2657E-01  0.2657E-01  0.2657E-01  0.0000E+00  0.0000E+00  0.0000E+00  0.0000E+00  0.0000E+00
     15.068  0.2215E-01  0.2713E-01  0.2713E-01  0.2713E-01  0.0000E+00  0.0000E+00  0.0000E+00  0.0000E+00  0.0000E+00
     15.171  0.2011E-01  0.2614E-01  0.2614E-01  0.2614E-01  0.0000E+00  0.0000E+00  0.0000E+00  0.0000E+00  0.0000E+00
     15.273  0.1907E-01  0.2568E-01  0.2568E-01  0.2568E-01  0.0000E+00  0.0000E+00  0.0000E+00  0.0000E+00  0.0000E+00
     15.376  0.1927E-01  0.2576E-01  0.2576E-01  0.2576E-01  0.0000E+00  0.0000E+00  0.0000E+00  0.0000E+00  0.0000E+00
     15.478  0.2352E-01  0.2462E-01  0.2462E-01  0.2462E-01  0.0000E+00  0.0000E+00  0.0000E+00  0.0000E+00  0.0000E+00
     15.581  0.2808E-01  0.2331E-01  0.2331E-01  0.2331E-01  0.0000E+00  0.0000E+00  0.0000E+00  0.0000E+00  0.0000E+00
     15.683  0.2175E-01  0.2262E-01  0.2262E-01  0.2262E-01  0.0000E+00  0.0000E+00  0.0000E+00  0.0000E+00  0.0000E+00
     15.786  0.1732E-01  0.2327E-01  0.2327E-01  0.2327E-01  0.0000E+00  0.0000E+00  0.0000E+00  0.0000E+00  0.0000E+00
     15.888  0.1614E-01  0.2339E-01  0.2339E-01  0.2339E-01  0.0000E+00  0.0000E+00  0.0000E+00  0.0000E+00  0.0000E+00
     15.991  0.1527E-01  0.2326E-01  0.2326E-01  0.2326E-01  0.0000E+00  0.0000E+00  0.0000E+00  0.0000E+00  0.0000E+00
     16.094  0.1560E-01  0.2409E-01  0.2409E-01  0.2409E-01  0.0000E+00  0.0000E+00  0.0000E+00  0.0000E+00  0.0000E+00
     16.196  0.1665E-01  0.2608E-01  0.2608E-01  0.2608E-01  0.0000E+00  0.0000E+00  0.0000E+00  0.0000E+00  0.0000E+00
     16.299  0.1650E-01  0.2535E-01  0.2535E-01  0.2535E-01  0.0000E+00  0.0000E+00  0.0000E+00  0.0000E+00  0.0000E+00
     16.401  0.1658E-01  0.2524E-01  0.2524E-01  0.2524E-01  0.0000E+00  0.0000E+00  0.0000E+00  0.0000E+00  0.0000E+00
     16.504  0.1625E-01  0.2503E-01  0.2503E-01  0.2503E-01  0.0000E+00  0.0000E+00  0.0000E+00  0.0000E+00  0.0000E+00
     16.606  0.1768E-01  0.2665E-01  0.2665E-01  0.2665E-01  0.0000E+00  0.0000E+00  0.0000E+00  0.0000E+00  0.0000E+00
     16.709  0.1772E-01  0.2655E-01  0.2655E-01  0.2655E-01  0.0000E+00  0.0000E+00  0.0000E+00  0.0000E+00  0.0000E+00
     16.811  0.1467E-01  0.2340E-01  0.2340E-01  0.2340E-01  0.0000E+00  0.0000E+00  0.0000E+00  0.0000E+00  0.0000E+00
     16.914  0.1121E-01  0.1994E-01  0.1994E-01  0.1994E-01  0.0000E+00  0.0000E+00  0.0000E+00  0.0000E+00  0.0000E+00
     17.016  0.1007E-01  0.1873E-01  0.1873E-01  0.1873E-01  0.0000E+00  0.0000E+00  0.0000E+00  0.0000E+00  0.0000E+00
     17.119  0.9631E-02  0.1858E-01  0.1858E-01  0.1858E-01  0.0000E+00  0.0000E+00  0.0000E+00  0.0000E+00  0.0000E+00
     17.221  0.8833E-02  0.1898E-01  0.1898E-01  0.1898E-01  0.0000E+00  0.0000E+00  0.0000E+00  0.0000E+00  0.0000E+00
     17.324  0.7414E-02  0.1681E-01  0.1681E-01  0.1681E-01  0.0000E+00  0.0000E+00  0.0000E+00  0.0000E+00  0.0000E+00
     17.426  0.6440E-02  0.1558E-01  0.1558E-01  0.1558E-01  0.0000E+00  0.0000E+00  0.0000E+00  0.0000E+00  0.0000E+00
     17.529  0.5443E-02  0.1405E-01  0.1405E-01  0.1405E-01  0.0000E+00  0.0000E+00  0.0000E+00  0.0000E+00  0.0000E+00
     17.631  0.4775E-02  0.1274E-01  0.1274E-01  0.1274E-01  0.0000E+00  0.0000E+00  0.0000E+00  0.0000E+00  0.0000E+00
     17.734  0.4257E-02  0.1178E-01  0.1178E-01  0.1178E-01  0.0000E+00  0.0000E+00  0.0000E+00  0.0000E+00  0.0000E+00
     17.836  0.3779E-02  0.1018E-01  0.1018E-01  0.1018E-01  0.0000E+00  0.0000E+00  0.0000E+00  0.0000E+00  0.0000E+00
     17.939  0.3413E-02  0.8749E-02  0.8749E-02  0.8749E-02  0.0000E+00  0.0000E+00  0.0000E+00  0.0000E+00  0.0000E+00
     18.041  0.2970E-02  0.7632E-02  0.7632E-02  0.7632E-02  0.0000E+00  0.0000E+00  0.0000E+00  0.0000E+00  0.0000E+00
     18.144  0.2440E-02  0.6891E-02  0.6891E-02  0.6891E-02  0.0000E+00  0.0000E+00  0.0000E+00  0.0000E+00  0.0000E+00
     18.246  0.2171E-02  0.6279E-02  0.6279E-02  0.6279E-02  0.0000E+00  0.0000E+00  0.0000E+00  0.0000E+00  0.0000E+00
     18.349  0.1970E-02  0.5810E-02  0.5810E-02  0.5810E-02  0.0000E+00  0.0000E+00  0.0000E+00  0.0000E+00  0.0000E+00
     18.451  0.1771E-02  0.5322E-02  0.5322E-02  0.5322E-02  0.0000E+00  0.0000E+00  0.0000E+00  0.0000E+00  0.0000E+00
     18.554  0.1592E-02  0.4915E-02  0.4915E-02  0.4915E-02  0.0000E+00  0.0000E+00  0.0000E+00  0.0000E+00  0.0000E+00
     18.656  0.1450E-02  0.4580E-02  0.4580E-02  0.4580E-02  0.0000E+00  0.0000E+00  0.0000E+00  0.0000E+00  0.0000E+00
     18.759  0.1304E-02  0.4255E-02  0.4255E-02  0.4255E-02  0.0000E+00  0.0000E+00  0.0000E+00  0.0000E+00  0.0000E+00
     18.861  0.1198E-02  0.4030E-02  0.4030E-02  0.4030E-02  0.0000E+00  0.0000E+00  0.0000E+00  0.0000E+00  0.0000E+00
     18.964  0.1062E-02  0.3720E-02  0.3720E-02  0.3720E-02  0.0000E+00  0.0000E+00  0.0000E+00  0.0000E+00  0.0000E+00
     19.066  0.8846E-03  0.3335E-02  0.3335E-02  0.3335E-02  0.0000E+00  0.0000E+00  0.0000E+00  0.0000E+00  0.0000E+00
     19.169  0.7045E-03  0.2903E-02  0.2903E-02  0.2903E-02  0.0000E+00  0.0000E+00  0.0000E+00  0.0000E+00  0.0000E+00
     19.271  0.6182E-03  0.2679E-02  0.2679E-02  0.2679E-02  0.0000E+00  0.0000E+00  0.0000E+00  0.0000E+00  0.0000E+00
     19.374  0.5428E-03  0.2382E-02  0.2382E-02  0.2382E-02  0.0000E+00  0.0000E+00  0.0000E+00  0.0000E+00  0.0000E+00
     19.476  0.4593E-03  0.2115E-02  0.2115E-02  0.2115E-02  0.0000E+00  0.0000E+00  0.0000E+00  0.0000E+00  0.0000E+00
     19.579  0.3542E-03  0.1744E-02  0.1744E-02  0.1744E-02  0.0000E+00  0.0000E+00  0.0000E+00  0.0000E+00  0.0000E+00
     19.682  0.2845E-03  0.1476E-02  0.1476E-02  0.1476E-02  0.0000E+00  0.0000E+00  0.0000E+00  0.0000E+00  0.0000E+00
     19.784  0.2293E-03  0.1230E-02  0.1230E-02  0.1230E-02  0.0000E+00  0.0000E+00  0.0000E+00  0.0000E+00  0.0000E+00
     19.887  0.1893E-03  0.1014E-02  0.1014E-02  0.1014E-02  0.0000E+00  0.0000E+00  0.0000E+00  0.0000E+00  0.0000E+00
     19.989  0.1520E-03  0.8272E-03  0.8272E-03  0.8272E-03  0.0000E+00  0.0000E+00  0.0000E+00  0.0000E+00  0.0000E+00
     20.092  0.1201E-03  0.6716E-03  0.6716E-03  0.6716E-03  0.0000E+00  0.0000E+00  0.0000E+00  0.0000E+00  0.0000E+00
     20.194  0.9530E-04  0.5548E-03  0.5548E-03  0.5548E-03  0.0000E+00  0.0000E+00  0.0000E+00  0.0000E+00  0.0000E+00
     20.297  0.7690E-04  0.5102E-03  0.5102E-03  0.5102E-03  0.0000E+00  0.0000E+00  0.0000E+00  0.0000E+00  0.0000E+00
     20.399  0.5627E-04  0.4070E-03  0.4070E-03  0.4070E-03  0.0000E+00  0.0000E+00  0.0000E+00  0.0000E+00  0.0000E+00
     20.502  0.1100E-04  0.1411E-03  0.1411E-03  0.1411E-03  0.0000E+00  0.0000E+00  0.0000E+00  0.0000E+00  0.0000E+00
     20.604  0.3939E-05  0.5055E-04  0.5055E-04  0.5055E-04  0.0000E+00  0.0000E+00  0.0000E+00  0.0000E+00  0.0000E+00
     20.707  0.4265E-06  0.5474E-05  0.5474E-05  0.5474E-05  0.0000E+00  0.0000E+00  0.0000E+00  0.0000E+00  0.0000E+00
     20.809  0.0000E+00  0.0000E+00  0.0000E+00  0.0000E+00  0.0000E+00  0.0000E+00  0.0000E+00  0.0000E+00  0.0000E+00
     20.912  0.0000E+00  0.0000E+00  0.0000E+00  0.0000E+00  0.0000E+00  0.0000E+00  0.0000E+00  0.0000E+00  0.0000E+00
     21.014  0.0000E+00  0.0000E+00  0.0000E+00  0.0000E+00  0.0000E+00  0.0000E+00  0.0000E+00  0.0000E+00  0.0000E+00
     21.117  0.0000E+00  0.0000E+00  0.0000E+00  0.0000E+00  0.0000E+00  0.0000E+00  0.0000E+00  0.0000E+00  0.0000E+00
     21.219  0.0000E+00  0.0000E+00  0.0000E+00  0.0000E+00  0.0000E+00  0.0000E+00  0.0000E+00  0.0000E+00  0.0000E+00
     21.322  0.0000E+00  0.0000E+00  0.0000E+00  0.0000E+00  0.0000E+00  0.0000E+00  0.0000E+00  0.0000E+00  0.0000E+00
     21.424  0.0000E+00  0.0000E+00  0.0000E+00  0.0000E+00  0.0000E+00  0.0000E+00  0.0000E+00  0.0000E+00  0.0000E+00
     21.527  0.0000E+00  0.0000E+00  0.0000E+00  0.0000E+00  0.0000E+00  0.0000E+00  0.0000E+00  0.0000E+00  0.0000E+00
     21.629  0.0000E+00  0.0000E+00  0.0000E+00  0.0000E+00  0.0000E+00  0.0000E+00  0.0000E+00  0.0000E+00  0.0000E+00
     21.732  0.0000E+00  0.0000E+00  0.0000E+00  0.0000E+00  0.0000E+00  0.0000E+00  0.0000E+00  0.0000E+00  0.0000E+00
     21.834  0.0000E+00  0.0000E+00  0.0000E+00  0.0000E+00  0.0000E+00  0.0000E+00  0.0000E+00  0.0000E+00  0.0000E+00
     21.937  0.0000E+00  0.0000E+00  0.0000E+00  0.0000E+00  0.0000E+00  0.0000E+00  0.0000E+00  0.0000E+00  0.0000E+00
     22.039  0.0000E+00  0.0000E+00  0.0000E+00  0.0000E+00  0.0000E+00  0.0000E+00  0.0000E+00  0.0000E+00  0.0000E+00
     22.142  0.0000E+00  0.0000E+00  0.0000E+00  0.0000E+00  0.0000E+00  0.0000E+00  0.0000E+00  0.0000E+00  0.0000E+00
     22.244  0.0000E+00  0.0000E+00  0.0000E+00  0.0000E+00  0.0000E+00  0.0000E+00  0.0000E+00  0.0000E+00  0.0000E+00
     22.347  0.0000E+00  0.0000E+00  0.0000E+00  0.0000E+00  0.0000E+00  0.0000E+00  0.0000E+00  0.0000E+00  0.0000E+00
     22.449  0.0000E+00  0.0000E+00  0.0000E+00  0.0000E+00  0.0000E+00  0.0000E+00  0.0000E+00  0.0000E+00  0.0000E+00
     22.552  0.0000E+00  0.0000E+00  0.0000E+00  0.0000E+00  0.0000E+00  0.0000E+00  0.0000E+00  0.0000E+00  0.0000E+00
     22.654  0.0000E+00  0.0000E+00  0.0000E+00  0.0000E+00  0.0000E+00  0.0000E+00  0.0000E+00  0.0000E+00  0.0000E+00
     22.757  0.0000E+00  0.0000E+00  0.0000E+00  0.0000E+00  0.0000E+00  0.0000E+00  0.0000E+00  0.0000E+00  0.0000E+00
     22.75692584     -7.99728341  301      8.61718706      1.00000000
     -7.997  0.0000E+00  0.0000E+00  0.0000E+00  0.0000E+00  0.0000E+00  0.0000E+00  0.0000E+00  0.0000E+00  0.0000E+00
     -7.895  0.0000E+00  0.0000E+00  0.0000E+00  0.0000E+00  0.0000E+00  0.0000E+00  0.0000E+00  0.0000E+00  0.0000E+00
     -7.792  0.0000E+00  0.0000E+00  0.0000E+00  0.0000E+00  0.0000E+00  0.0000E+00  0.0000E+00  0.0000E+00  0.0000E+00
     -7.690  0.0000E+00  0.0000E+00  0.0000E+00  0.0000E+00  0.0000E+00  0.0000E+00  0.0000E+00  0.0000E+00  0.0000E+00
     -7.587  0.0000E+00  0.0000E+00  0.0000E+00  0.0000E+00  0.0000E+00  0.0000E+00  0.0000E+00  0.0000E+00  0.0000E+00
     -7.485  0.0000E+00  0.0000E+00  0.0000E+00  0.0000E+00  0.0000E+00  0.0000E+00  0.0000E+00  0.0000E+00  0.0000E+00
     -7.382  0.0000E+00  0.0000E+00  0.0000E+00  0.0000E+00  0.0000E+00  0.0000E+00  0.0000E+00  0.0000E+00  0.0000E+00
     -7.280  0.0000E+00  0.0000E+00  0.0000E+00  0.0000E+00  0.0000E+00  0.0000E+00  0.0000E+00  0.0000E+00  0.0000E+00
     -7.177  0.0000E+00  0.0000E+00  0.0000E+00  0.0000E+00  0.0000E+00  0.0000E+00  0.0000E+00  0.0000E+00  0.0000E+00
     -7.075  0.0000E+00  0.0000E+00  0.0000E+00  0.0000E+00  0.0000E+00  0.0000E+00  0.0000E+00  0.0000E+00  0.0000E+00
     -6.972  0.0000E+00  0.0000E+00  0.0000E+00  0.0000E+00  0.0000E+00  0.0000E+00  0.0000E+00  0.0000E+00  0.0000E+00
     -6.870  0.0000E+00  0.0000E+00  0.0000E+00  0.0000E+00  0.0000E+00  0.0000E+00  0.0000E+00  0.0000E+00  0.0000E+00
     -6.767  0.0000E+00  0.0000E+00  0.0000E+00  0.0000E+00  0.0000E+00  0.0000E+00  0.0000E+00  0.0000E+00  0.0000E+00
     -6.665  0.0000E+00  0.0000E+00  0.0000E+00  0.0000E+00  0.0000E+00  0.0000E+00  0.0000E+00  0.0000E+00  0.0000E+00
     -6.562  0.0000E+00  0.0000E+00  0.0000E+00  0.0000E+00  0.0000E+00  0.0000E+00  0.0000E+00  0.0000E+00  0.0000E+00
     -6.460  0.0000E+00  0.0000E+00  0.0000E+00  0.0000E+00  0.0000E+00  0.0000E+00  0.0000E+00  0.0000E+00  0.0000E+00
     -6.357  0.0000E+00  0.0000E+00  0.0000E+00  0.0000E+00  0.0000E+00  0.0000E+00  0.0000E+00  0.0000E+00  0.0000E+00
     -6.255  0.0000E+00  0.0000E+00  0.0000E+00  0.0000E+00  0.0000E+00  0.0000E+00  0.0000E+00  0.0000E+00  0.0000E+00
     -6.152  0.0000E+00  0.0000E+00  0.0000E+00  0.0000E+00  0.0000E+00  0.0000E+00  0.0000E+00  0.0000E+00  0.0000E+00
     -6.050  0.0000E+00  0.0000E+00  0.0000E+00  0.0000E+00  0.0000E+00  0.0000E+00  0.0000E+00  0.0000E+00  0.0000E+00
     -5.947  0.1251E-01  0.1174E-04  0.1174E-04  0.1174E-04  0.0000E+00  0.0000E+00  0.0000E+00  0.0000E+00  0.0000E+00
     -5.844  0.2749E-01  0.7277E-04  0.7277E-04  0.7277E-04  0.0000E+00  0.0000E+00  0.0000E+00  0.0000E+00  0.0000E+00
     -5.742  0.2814E-01  0.1342E-03  0.1342E-03  0.1342E-03  0.0000E+00  0.0000E+00  0.0000E+00  0.0000E+00  0.0000E+00
     -5.639  0.3380E-01  0.2197E-03  0.2197E-03  0.2197E-03  0.0000E+00  0.0000E+00  0.0000E+00  0.0000E+00  0.0000E+00
     -5.537  0.3798E-01  0.3236E-03  0.3236E-03  0.3236E-03  0.0000E+00  0.0000E+00  0.0000E+00  0.0000E+00  0.0000E+00
     -5.434  0.4213E-01  0.4371E-03  0.4371E-03  0.4371E-03  0.0000E+00  0.0000E+00  0.0000E+00  0.0000E+00  0.0000E+00
     -5.332  0.4598E-01  0.5596E-03  0.5596E-03  0.5596E-03  0.0000E+00  0.0000E+00  0.0000E+00  0.0000E+00  0.0000E+00
     -5.229  0.4934E-01  0.6955E-03  0.6955E-03  0.6955E-03  0.0000E+00  0.0000E+00  0.0000E+00  0.0000E+00  0.0000E+00
     -5.127  0.5275E-01  0.8360E-03  0.8360E-03  0.8360E-03  0.0000E+00  0.0000E+00  0.0000E+00  0.0000E+00  0.0000E+00
     -5.024  0.5576E-01  0.9897E-03  0.9897E-03  0.9897E-03  0.0000E+00  0.0000E+00  0.0000E+00  0.0000E+00  0.0000E+00
     -4.922  0.5878E-01  0.1148E-02  0.1148E-02  0.1148E-02  0.0000E+00  0.0000E+00  0.0000E+00  0.0000E+00  0.0000E+00
     -4.819  0.6174E-01  0.1315E-02  0.1315E-02  0.1315E-02  0.0000E+00  0.0000E+00  0.0000E+00  0.0000E+00  0.0000E+00
     -4.717  0.6445E-01  0.1492E-02  0.1492E-02  0.1492E-02  0.0000E+00  0.0000E+00  0.0000E+00  0.0000E+00  0.0000E+00
     -4.614  0.6739E-01  0.1669E-02  0.1669E-02  0.1669E-02  0.0000E+00  0.0000E+00  0.0000E+00  0.0000E+00  0.0000E+00
     -4.512  0.6996E-01  0.1862E-02  0.1862E-02  0.1862E-02  0.0000E+00  0.0000E+00  0.0000E+00  0.0000E+00  0.0000E+00
     -4.409  0.7266E-01  0.2057E-02  0.2057E-02  0.2057E-02  0.0000E+00  0.0000E+00  0.0000E+00  0.0000E+00  0.0000E+00
     -4.307  0.7547E-01  0.2255E-02  0.2255E-02  0.2255E-02  0.0000E+00  0.0000E+00  0.0000E+00  0.0000E+00  0.0000E+00
     -4.204  0.7803E-01  0.2470E-02  0.2470E-02  0.2470E-02  0.0000E+00  0.0000E+00  0.0000E+00  0.0000E+00  0.0000E+00
     -4.102  0.8079E-01  0.2685E-02  0.2685E-02  0.2685E-02  0.0000E+00  0.0000E+00  0.0000E+00  0.0000E+00  0.0000E+00
     -3.999  0.8367E-01  0.2904E-02  0.2904E-02  0.2904E-02  0.0000E+00  0.0000E+00  0.0000E+00  0.0000E+00  0.0000E+00
     -3.897  0.8645E-01  0.3141E-02  0.3141E-02  0.3141E-02  0.0000E+00  0.0000E+00  0.0000E+00  0.0000E+00  0.0000E+00
     -3.794  0.8945E-01  0.3379E-02  0.3379E-02  0.3379E-02  0.0000E+00  0.0000E+00  0.0000E+00  0.0000E+00  0.0000E+00
     -3.692  0.9269E-01  0.3619E-02  0.3619E-02  0.3619E-02  0.0000E+00  0.0000E+00  0.0000E+00  0.0000E+00  0.0000E+00
     -3.589  0.9595E-01  0.3884E-02  0.3884E-02  0.3884E-02  0.0000E+00  0.0000E+00  0.0000E+00  0.0000E+00  0.0000E+00
     -3.487  0.9959E-01  0.4154E-02  0.4154E-02  0.4154E-02  0.0000E+00  0.0000E+00  0.0000E+00  0.0000E+00  0.0000E+00
     -3.384  0.1037E+00  0.4431E-02  0.4431E-02  0.4431E-02  0.0000E+00  0.0000E+00  0.0000E+00  0.0000E+00  0.0000E+00
     -3.282  0.1082E+00  0.4736E-02  0.4736E-02  0.4736E-02  0.0000E+00  0.0000E+00  0.0000E+00  0.0000E+00  0.0000E+00
     -3.179  0.1137E+00  0.5070E-02  0.5070E-02  0.5070E-02  0.0000E+00  0.0000E+00  0.0000E+00  0.0000E+00  0.0000E+00
     -3.077  0.1206E+00  0.5439E-02  0.5439E-02  0.5439E-02  0.0000E+00  0.0000E+00  0.0000E+00  0.0000E+00  0.0000E+00
     -2.974  0.1307E+00  0.5898E-02  0.5898E-02  0.5898E-02  0.0000E+00  0.0000E+00  0.0000E+00  0.0000E+00  0.0000E+00
     -2.872  0.1639E+00  0.7007E-02  0.7007E-02  0.7007E-02  0.0000E+00  0.0000E+00  0.0000E+00  0.0000E+00  0.0000E+00
     -2.769  0.1558E+00  0.7019E-02  0.7019E-02  0.7019E-02  0.0000E+00  0.0000E+00  0.0000E+00  0.0000E+00  0.0000E+00
     -2.667  0.1462E+00  0.6932E-02  0.6932E-02  0.6932E-02  0.0000E+00  0.0000E+00  0.0000E+00  0.0000E+00  0.0000E+00
     -2.564  0.1431E+00  0.7064E-02  0.7064E-02  0.7064E-02  0.0000E+00  0.0000E+00  0.0000E+00  0.0000E+00  0.0000E+00
     -2.462  0.1366E+00  0.7044E-02  0.7044E-02  0.7044E-02  0.0000E+00  0.0000E+00  0.0000E+00  0.0000E+00  0.0000E+00
     -2.359  0.1308E+00  0.7017E-02  0.7017E-02  0.7017E-02  0.0000E+00  0.0000E+00  0.0000E+00  0.0000E+00  0.0000E+00
     -2.256  0.1270E+00  0.7066E-02  0.7066E-02  0.7066E-02  0.0000E+00  0.0000E+00  0.0000E+00  0.0000E+00  0.0000E+00
     -2.154  0.1212E+00  0.7013E-02  0.7013E-02  0.7013E-02  0.0000E+00  0.0000E+00  0.0000E+00  0.0000E+00  0.0000E+00
     -2.051  0.1164E+00  0.6972E-02  0.6972E-02  0.6972E-02  0.0000E+00  0.0000E+00  0.0000E+00  0.0000E+00  0.0000E+00
     -1.949  0.1110E+00  0.6896E-02  0.6896E-02  0.6896E-02  0.0000E+00  0.0000E+00  0.0000E+00  0.0000E+00  0.0000E+00
     -1.846  0.1065E+00  0.6840E-02  0.6840E-02  0.6840E-02  0.0000E+00  0.0000E+00  0.0000E+00  0.0000E+00  0.0000E+00
     -1.744  0.1008E+00  0.6710E-02  0.6710E-02  0.6710E-02  0.0000E+00  0.0000E+00  0.0000E+00  0.0000E+00  0.0000E+00
     -1.641  0.9609E-01  0.6600E-02  0.6600E-02  0.6600E-02  0.0000E+00  0.0000E+00  0.0000E+00  0.0000E+00  0.0000E+00
     -1.539  0.9110E-01  0.6466E-02  0.6466E-02  0.6466E-02  0.0000E+00  0.0000E+00  0.0000E+00  0.0000E+00  0.0000E+00
     -1.436  0.8548E-01  0.6278E-02  0.6278E-02  0.6278E-02  0.0000E+00  0.0000E+00  0.0000E+00  0.0000E+00  0.0000E+00
     -1.334  0.8038E-01  0.6090E-02  0.6090E-02  0.6090E-02  0.0000E+00  0.0000E+00  0.0000E+00  0.0000E+00  0.0000E+00
     -1.231  0.7462E-01  0.5857E-02  0.5857E-02  0.5857E-02  0.0000E+00  0.0000E+00  0.0000E+00  0.0000E+00  0.0000E+00
     -1.129  0.6919E-01  0.5615E-02  0.5615E-02  0.5615E-02  0.0000E+00  0.0000E+00  0.0000E+00  0.0000E+00  0.0000E+00
     -1.026  0.6414E-01  0.5391E-02  0.5391E-02  0.5391E-02  0.0000E+00  0.0000E+00  0.0000E+00  0.0000E+00  0.0000E+00
     -0.924  0.6099E-01  0.5404E-02  0.5404E-02  0.5404E-02  0.0000E+00  0.0000E+00  0.0000E+00  0.0000E+00  0.0000E+00
     -0.821  0.4511E-01  0.4161E-02  0.4161E-02  0.4161E-02  0.0000E+00  0.0000E+00  0.0000E+00  0.0000E+00  0.0000E+00
     -0.719  0.2715E-01  0.2506E-02  0.2506E-02  0.2506E-02  0.0000E+00  0.0000E+00  0.0000E+00  0.0000E+00  0.0000E+00
     -0.616  0.9961E-02  0.9642E-03  0.9642E-03  0.9642E-03  0.0000E+00  0.0000E+00  0.0000E+00  0.0000E+00  0.0000E+00
     -0.514  0.1022E-01  0.1138E-02  0.1138E-02  0.1138E-02  0.0000E+00  0.0000E+00  0.0000E+00  0.0000E+00  0.0000E+00
     -0.411  0.1679E-01  0.1991E-02  0.1991E-02  0.1991E-02  0.0000E+00  0.0000E+00  0.0000E+00  0.0000E+00  0.0000E+00
     -0.309  0.2768E-01  0.3294E-02  0.3294E-02  0.3294E-02  0.0000E+00  0.0000E+00  0.0000E+00  0.0000E+00  0.0000E+00
     -0.206  0.4030E-01  0.5323E-02  0.5323E-02  0.5323E-02  0.0000E+00  0.0000E+00  0.0000E+00  0.0000E+00  0.0000E+00
     -0.104  0.6555E-01  0.1418E-01  0.1418E-01  0.1418E-01  0.0000E+00  0.0000E+00  0.0000E+00  0.0000E+00  0.0000E+00
     -0.001  0.7901E-01  0.1757E-01  0.1757E-01  0.1757E-01  0.0000E+00  0.0000E+00  0.0000E+00  0.0000E+00  0.0000E+00
      0.101  0.9642E-01  0.2166E-01  0.2166E-01  0.2166E-01  0.0000E+00  0.0000E+00  0.0000E+00  0.0000E+00  0.0000E+00
      0.204  0.1224E+00  0.2808E-01  0.2808E-01  0.2808E-01  0.0000E+00  0.0000E+00  0.0000E+00  0.0000E+00  0.0000E+00
      0.306  0.1764E+00  0.4074E-01  0.4074E-01  0.4074E-01  0.0000E+00  0.0000E+00  0.0000E+00  0.0000E+00  0.0000E+00
      0.409  0.1792E+00  0.4091E-01  0.4091E-01  0.4091E-01  0.0000E+00  0.0000E+00  0.0000E+00  0.0000E+00  0.0000E+00
      0.511  0.1266E+00  0.2919E-01  0.2919E-01  0.2919E-01  0.0000E+00  0.0000E+00  0.0000E+00  0.0000E+00  0.0000E+00
      0.614  0.1095E+00  0.2550E-01  0.2550E-01  0.2550E-01  0.0000E+00  0.0000E+00  0.0000E+00  0.0000E+00  0.0000E+00
      0.716  0.9699E-01  0.2298E-01  0.2298E-01  0.2298E-01  0.0000E+00  0.0000E+00  0.0000E+00  0.0000E+00  0.0000E+00
      0.819  0.8896E-01  0.2136E-01  0.2136E-01  0.2136E-01  0.0000E+00  0.0000E+00  0.0000E+00  0.0000E+00  0.0000E+00
      0.921  0.8230E-01  0.2008E-01  0.2008E-01  0.2008E-01  0.0000E+00  0.0000E+00  0.0000E+00  0.0000E+00  0.0000E+00
      1.024  0.7524E-01  0.1878E-01  0.1878E-01  0.1878E-01  0.0000E+00  0.0000E+00  0.0000E+00  0.0000E+00  0.0000E+00
      1.126  0.7093E-01  0.1799E-01  0.1799E-01  0.1799E-01  0.0000E+00  0.0000E+00  0.0000E+00  0.0000E+00  0.0000E+00
      1.229  0.6657E-01  0.1721E-01  0.1721E-01  0.1721E-01  0.0000E+00  0.0000E+00  0.0000E+00  0.0000E+00  0.0000E+00
      1.331  0.6162E-01  0.1632E-01  0.1632E-01  0.1632E-01  0.0000E+00  0.0000E+00  0.0000E+00  0.0000E+00  0.0000E+00
      1.434  0.5839E-01  0.1576E-01  0.1576E-01  0.1576E-01  0.0000E+00  0.0000E+00  0.0000E+00  0.0000E+00  0.0000E+00
      1.537  0.5534E-01  0.1524E-01  0.1524E-01  0.1524E-01  0.0000E+00  0.0000E+00  0.0000E+00  0.0000E+00  0.0000E+00
      1.639  0.5187E-01  0.1463E-01  0.1463E-01  0.1463E-01  0.0000E+00  0.0000E+00  0.0000E+00  0.0000E+00  0.0000E+00
      1.742  0.4857E-01  0.1403E-01  0.1403E-01  0.1403E-01  0.0000E+00  0.0000E+00  0.0000E+00  0.0000E+00  0.0000E+00
      1.844  0.4638E-01  0.1367E-01  0.1367E-01  0.1367E-01  0.0000E+00  0.0000E+00  0.0000E+00  0.0000E+00  0.0000E+00
      1.947  0.4388E-01  0.1324E-01  0.1324E-01  0.1324E-01  0.0000E+00  0.0000E+00  0.0000E+00  0.0000E+00  0.0000E+00
      2.049  0.4083E-01  0.1266E-01  0.1266E-01  0.1266E-01  0.0000E+00  0.0000E+00  0.0000E+00  0.0000E+00  0.0000E+00
      2.152  0.3883E-01  0.1230E-01  0.1230E-01  0.1230E-01  0.0000E+00  0.0000E+00  0.0000E+00  0.0000E+00  0.0000E+00
      2.254  0.3706E-01  0.1200E-01  0.1200E-01  0.1200E-01  0.0000E+00  0.0000E+00  0.0000E+00  0.0000E+00  0.0000E+00
      2.357  0.3508E-01  0.1164E-01  0.1164E-01  0.1164E-01  0.0000E+00  0.0000E+00  0.0000E+00  0.0000E+00  0.0000E+00
      2.459  0.3254E-01  0.1112E-01  0.1112E-01  0.1112E-01  0.0000E+00  0.0000E+00  0.0000E+00  0.0000E+00  0.0000E+00
      2.562  0.3224E-01  0.2164E-01  0.2164E-01  0.2164E-01  0.0000E+00  0.0000E+00  0.0000E+00  0.0000E+00  0.0000E+00
      2.664  0.3245E-01  0.2908E-01  0.2908E-01  0.2908E-01  0.0000E+00  0.0000E+00  0.0000E+00  0.0000E+00  0.0000E+00
      2.767  0.3280E-01  0.3591E-01  0.3591E-01  0.3591E-01  0.0000E+00  0.0000E+00  0.0000E+00  0.0000E+00  0.0000E+00
      2.869  0.3372E-01  0.4708E-01  0.4708E-01  0.4708E-01  0.0000E+00  0.0000E+00  0.0000E+00  0.0000E+00  0.0000E+00
      2.972  0.3491E-01  0.5094E-01  0.5094E-01  0.5094E-01  0.0000E+00  0.0000E+00  0.0000E+00  0.0000E+00  0.0000E+00
      3.074  0.3507E-01  0.4812E-01  0.4812E-01  0.4812E-01  0.0000E+00  0.0000E+00  0.0000E+00  0.0000E+00  0.0000E+00
      3.177  0.3487E-01  0.4585E-01  0.4585E-01  0.4585E-01  0.0000E+00  0.0000E+00  0.0000E+00  0.0000E+00  0.0000E+00
      3.279  0.3442E-01  0.4485E-01  0.4485E-01  0.4485E-01  0.0000E+00  0.0000E+00  0.0000E+00  0.0000E+00  0.0000E+00
      3.382  0.3362E-01  0.4443E-01  0.4443E-01  0.4443E-01  0.0000E+00  0.0000E+00  0.0000E+00  0.0000E+00  0.0000E+00
      3.484  0.3338E-01  0.4494E-01  0.4494E-01  0.4494E-01  0.0000E+00  0.0000E+00  0.0000E+00  0.0000E+00  0.0000E+00
      3.587  0.3315E-01  0.4679E-01  0.4679E-01  0.4679E-01  0.0000E+00  0.0000E+00  0.0000E+00  0.0000E+00  0.0000E+00
      3.689  0.3245E-01  0.4743E-01  0.4743E-01  0.4743E-01  0.0000E+00  0.0000E+00  0.0000E+00  0.0000E+00  0.0000E+00
      3.792  0.3136E-01  0.4858E-01  0.4858E-01  0.4858E-01  0.0000E+00  0.0000E+00  0.0000E+00  0.0000E+00  0.0000E+00
      3.894  0.3083E-01  0.4962E-01  0.4962E-01  0.4962E-01  0.0000E+00  0.0000E+00  0.0000E+00  0.0000E+00  0.0000E+00
      3.997  0.3047E-01  0.5265E-01  0.5265E-01  0.5265E-01  0.0000E+00  0.0000E+00  0.0000E+00  0.0000E+00  0.0000E+00
      4.099  0.2964E-01  0.5350E-01  0.5350E-01  0.5350E-01  0.0000E+00  0.0000E+00  0.0000E+00  0.0000E+00  0.0000E+00
      4.202  0.2881E-01  0.5583E-01  0.5583E-01  0.5583E-01  0.0000E+00  0.0000E+00  0.0000E+00  0.0000E+00  0.0000E+00
      4.304  0.2768E-01  0.5843E-01  0.5843E-01  0.5843E-01  0.0000E+00  0.0000E+00  0.0000E+00  0.0000E+00  0.0000E+00
      4.407  0.2706E-01  0.6252E-01  0.6252E-01  0.6252E-01  0.0000E+00  0.0000E+00  0.0000E+00  0.0000E+00  0.0000E+00
      4.509  0.2627E-01  0.6568E-01  0.6568E-01  0.6568E-01  0.0000E+00  0.0000E+00  0.0000E+00  0.0000E+00  0.0000E+00
      4.612  0.2547E-01  0.7690E-01  0.7690E-01  0.7690E-01  0.0000E+00  0.0000E+00  0.0000E+00  0.0000E+00  0.0000E+00
      4.714  0.2439E-01  0.8304E-01  0.8304E-01  0.8304E-01  0.0000E+00  0.0000E+00  0.0000E+00  0.0000E+00  0.0000E+00
      4.817  0.2307E-01  0.8085E-01  0.8085E-01  0.8085E-01  0.0000E+00  0.0000E+00  0.0000E+00  0.0000E+00  0.0000E+00
      4.919  0.2217E-01  0.8011E-01  0.8011E-01  0.8011E-01  0.0000E+00  0.0000E+00  0.0000E+00  0.0000E+00  0.0000E+00
      5.022  0.2132E-01  0.7993E-01  0.7993E-01  0.7993E-01  0.0000E+00  0.0000E+00  0.0000E+00  0.0000E+00  0.0000E+00
      5.125  0.2039E-01  0.7877E-01  0.7877E-01  0.7877E-01  0.0000E+00  0.0000E+00  0.0000E+00  0.0000E+00  0.0000E+00
      5.227  0.1941E-01  0.7799E-01  0.7799E-01  0.7799E-01  0.0000E+00  0.0000E+00  0.0000E+00  0.0000E+00  0.0000E+00
      5.330  0.1816E-01  0.7708E-01  0.7708E-01  0.7708E-01  0.0000E+00  0.0000E+00  0.0000E+00  0.0000E+00  0.0000E+00
      5.432  0.1739E-01  0.7607E-01  0.7607E-01  0.7607E-01  0.0000E+00  0.0000E+00  0.0000E+00  0.0000E+00  0.0000E+00
      5.535  0.1658E-01  0.7602E-01  0.7602E-01  0.7602E-01  0.0000E+00  0.0000E+00  0.0000E+00  0.0000E+00  0.0000E+00
      5.637  0.1569E-01  0.7506E-01  0.7506E-01  0.7506E-01  0.0000E+00  0.0000E+00  0.0000E+00  0.0000E+00  0.0000E+00
      5.740  0.1469E-01  0.7391E-01  0.7391E-01  0.7391E-01  0.0000E+00  0.0000E+00  0.0000E+00  0.0000E+00  0.0000E+00
      5.842  0.1355E-01  0.7382E-01  0.7382E-01  0.7382E-01  0.0000E+00  0.0000E+00  0.0000E+00  0.0000E+00  0.0000E+00
      5.945  0.1267E-01  0.7307E-01  0.7307E-01  0.7307E-01  0.0000E+00  0.0000E+00  0.0000E+00  0.0000E+00  0.0000E+00
      6.047  0.1183E-01  0.7247E-01  0.7247E-01  0.7247E-01  0.0000E+00  0.0000E+00  0.0000E+00  0.0000E+00  0.0000E+00
      6.150  0.1112E-01  0.7177E-01  0.7177E-01  0.7177E-01  0.0000E+00  0.0000E+00  0.0000E+00  0.0000E+00  0.0000E+00
      6.252  0.1037E-01  0.7144E-01  0.7144E-01  0.7144E-01  0.0000E+00  0.0000E+00  0.0000E+00  0.0000E+00  0.0000E+00
      6.355  0.9507E-02  0.7063E-01  0.7063E-01  0.7063E-01  0.0000E+00  0.0000E+00  0.0000E+00  0.0000E+00  0.0000E+00
      6.457  0.8659E-02  0.7004E-01  0.7004E-01  0.7004E-01  0.0000E+00  0.0000E+00  0.0000E+00  0.0000E+00  0.0000E+00
      6.560  0.7983E-02  0.6925E-01  0.6925E-01  0.6925E-01  0.0000E+00  0.0000E+00  0.0000E+00  0.0000E+00  0.0000E+00
      6.662  0.7351E-02  0.6846E-01  0.6846E-01  0.6846E-01  0.0000E+00  0.0000E+00  0.0000E+00  0.0000E+00  0.0000E+00
      6.765  0.6677E-02  0.6890E-01  0.6890E-01  0.6890E-01  0.0000E+00  0.0000E+00  0.0000E+00  0.0000E+00  0.0000E+00
      6.867  0.5864E-02  0.6030E-01  0.6030E-01  0.6030E-01  0.0000E+00  0.0000E+00  0.0000E+00  0.0000E+00  0.0000E+00
      6.970  0.5166E-02  0.4943E-01  0.4943E-01  0.4943E-01  0.0000E+00  0.0000E+00  0.0000E+00  0.0000E+00  0.0000E+00
      7.072  0.4605E-02  0.4388E-01  0.4388E-01  0.4388E-01  0.0000E+00  0.0000E+00  0.0000E+00  0.0000E+00  0.0000E+00
      7.175  0.4114E-02  0.3934E-01  0.3934E-01  0.3934E-01  0.0000E+00  0.0000E+00  0.0000E+00  0.0000E+00  0.0000E+00
      7.277  0.3610E-02  0.3545E-01  0.3545E-01  0.3545E-01  0.0000E+00  0.0000E+00  0.0000E+00  0.0000E+00  0.0000E+00
      7.380  0.3010E-02  0.3170E-01  0.3170E-01  0.3170E-01  0.0000E+00  0.0000E+00  0.0000E+00  0.0000E+00  0.0000E+00
      7.482  0.2567E-02  0.2876E-01  0.2876E-01  0.2876E-01  0.0000E+00  0.0000E+00  0.0000E+00  0.0000E+00  0.0000E+00
      7.585  0.2153E-02  0.2569E-01  0.2569E-01  0.2569E-01  0.0000E+00  0.0000E+00  0.0000E+00  0.0000E+00  0.0000E+00
      7.687  0.1730E-02  0.2290E-01  0.2290E-01  0.2290E-01  0.0000E+00  0.0000E+00  0.0000E+00  0.0000E+00  0.0000E+00
      7.790  0.1407E-02  0.2023E-01  0.2023E-01  0.2023E-01  0.0000E+00  0.0000E+00  0.0000E+00  0.0000E+00  0.0000E+00
      7.892  0.1008E-02  0.1779E-01  0.1779E-01  0.1779E-01  0.0000E+00  0.0000E+00  0.0000E+00  0.0000E+00  0.0000E+00
      7.995  0.7765E-03  0.1480E-01  0.1480E-01  0.1480E-01  0.0000E+00  0.0000E+00  0.0000E+00  0.0000E+00  0.0000E+00
      8.097  0.5114E-03  0.1205E-01  0.1205E-01  0.1205E-01  0.0000E+00  0.0000E+00  0.0000E+00  0.0000E+00  0.0000E+00
      8.200  0.2588E-03  0.8680E-02  0.8680E-02  0.8680E-02  0.0000E+00  0.0000E+00  0.0000E+00  0.0000E+00  0.0000E+00
      8.302  0.6794E-04  0.3404E-02  0.3404E-02  0.3404E-02  0.0000E+00  0.0000E+00  0.0000E+00  0.0000E+00  0.0000E+00
      8.405  0.0000E+00  0.0000E+00  0.0000E+00  0.0000E+00  0.0000E+00  0.0000E+00  0.0000E+00  0.0000E+00  0.0000E+00
      8.507  0.0000E+00  0.0000E+00  0.0000E+00  0.0000E+00  0.0000E+00  0.0000E+00  0.0000E+00  0.0000E+00  0.0000E+00
      8.610  0.0000E+00  0.0000E+00  0.0000E+00  0.0000E+00  0.0000E+00  0.0000E+00  0.0000E+00  0.0000E+00  0.0000E+00
      8.713  0.5201E-02  0.9305E-03  0.9305E-03  0.9305E-03  0.0000E+00  0.0000E+00  0.0000E+00  0.0000E+00  0.0000E+00
      8.815  0.8995E-02  0.1755E-02  0.1755E-02  0.1755E-02  0.0000E+00  0.0000E+00  0.0000E+00  0.0000E+00  0.0000E+00
      8.918  0.1235E-01  0.2581E-02  0.2581E-02  0.2581E-02  0.0000E+00  0.0000E+00  0.0000E+00  0.0000E+00  0.0000E+00
      9.020  0.1414E-01  0.3233E-02  0.3233E-02  0.3233E-02  0.0000E+00  0.0000E+00  0.0000E+00  0.0000E+00  0.0000E+00
      9.123  0.1609E-01  0.3960E-02  0.3960E-02  0.3960E-02  0.0000E+00  0.0000E+00  0.0000E+00  0.0000E+00  0.0000E+00
      9.225  0.1791E-01  0.4729E-02  0.4729E-02  0.4729E-02  0.0000E+00  0.0000E+00  0.0000E+00  0.0000E+00  0.0000E+00
      9.328  0.1991E-01  0.5633E-02  0.5633E-02  0.5633E-02  0.0000E+00  0.0000E+00  0.0000E+00  0.0000E+00  0.0000E+00
      9.430  0.2073E-01  0.6306E-02  0.6306E-02  0.6306E-02  0.0000E+00  0.0000E+00  0.0000E+00  0.0000E+00  0.0000E+00
      9.533  0.2178E-01  0.7076E-02  0.7076E-02  0.7076E-02  0.0000E+00  0.0000E+00  0.0000E+00  0.0000E+00  0.0000E+00
      9.635  0.2292E-01  0.7894E-02  0.7894E-02  0.7894E-02  0.0000E+00  0.0000E+00  0.0000E+00  0.0000E+00  0.0000E+00
      9.738  0.2392E-01  0.8786E-02  0.8786E-02  0.8786E-02  0.0000E+00  0.0000E+00  0.0000E+00  0.0000E+00  0.0000E+00
      9.840  0.2506E-01  0.9707E-02  0.9707E-02  0.9707E-02  0.0000E+00  0.0000E+00  0.0000E+00  0.0000E+00  0.0000E+00
      9.943  0.2621E-01  0.1077E-01  0.1077E-01  0.1077E-01  0.0000E+00  0.0000E+00  0.0000E+00  0.0000E+00  0.0000E+00
     10.045  0.2679E-01  0.1174E-01  0.1174E-01  0.1174E-01  0.0000E+00  0.0000E+00  0.0000E+00  0.0000E+00  0.0000E+00
     10.148  0.2748E-01  0.1271E-01  0.1271E-01  0.1271E-01  0.0000E+00  0.0000E+00  0.0000E+00  0.0000E+00  0.0000E+00
     10.250  0.2828E-01  0.1376E-01  0.1376E-01  0.1376E-01  0.0000E+00  0.0000E+00  0.0000E+00  0.0000E+00  0.0000E+00
     10.353  0.2887E-01  0.1492E-01  0.1492E-01  0.1492E-01  0.0000E+00  0.0000E+00  0.0000E+00  0.0000E+00  0.0000E+00
     10.455  0.2965E-01  0.1614E-01  0.1614E-01  0.1614E-01  0.0000E+00  0.0000E+00  0.0000E+00  0.0000E+00  0.0000E+00
     10.558  0.3049E-01  0.1741E-01  0.1741E-01  0.1741E-01  0.0000E+00  0.0000E+00  0.0000E+00  0.0000E+00  0.0000E+00
     10.660  0.3116E-01  0.1890E-01  0.1890E-01  0.1890E-01  0.0000E+00  0.0000E+00  0.0000E+00  0.0000E+00  0.0000E+00
     10.763  0.3205E-01  0.2056E-01  0.2056E-01  0.2056E-01  0.0000E+00  0.0000E+00  0.0000E+00  0.0000E+00  0.0000E+00
     10.865  0.3272E-01  0.2208E-01  0.2208E-01  0.2208E-01  0.0000E+00  0.0000E+00  0.0000E+00  0.0000E+00  0.0000E+00
     10.968  0.3356E-01  0.2399E-01  0.2399E-01  0.2399E-01  0.0000E+00  0.0000E+00  0.0000E+00  0.0000E+00  0.0000E+00
     11.070  0.3507E-01  0.2627E-01  0.2627E-01  0.2627E-01  0.0000E+00  0.0000E+00  0.0000E+00  0.0000E+00  0.0000E+00
     11.173  0.4462E-01  0.3008E-01  0.3008E-01  0.3008E-01  0.0000E+00  0.0000E+00  0.0000E+00  0.0000E+00  0.0000E+00
     11.275  0.7398E-01  0.3553E-01  0.3553E-01  0.3553E-01  0.0000E+00  0.0000E+00  0.0000E+00  0.0000E+00  0.0000E+00
     11.378  0.8063E-01  0.4028E-01  0.4028E-01  0.4028E-01  0.0000E+00  0.0000E+00  0.0000E+00  0.0000E+00  0.0000E+00
     11.480  0.6073E-01  0.3730E-01  0.3730E-01  0.3730E-01  0.0000E+00  0.0000E+00  0.0000E+00  0.0000E+00  0.0000E+00
     11.583  0.5613E-01  0.3803E-01  0.3803E-01  0.3803E-01  0.0000E+00  0.0000E+00  0.0000E+00  0.0000E+00  0.0000E+00
     11.685  0.3981E-01  0.3458E-01  0.3458E-01  0.3458E-01  0.0000E+00  0.0000E+00  0.0000E+00  0.0000E+00  0.0000E+00
     11.788  0.4148E-01  0.4045E-01  0.4045E-01  0.4045E-01  0.0000E+00  0.0000E+00  0.0000E+00  0.0000E+00  0.0000E+00
     11.890  0.3706E-01  0.3862E-01  0.3862E-01  0.3862E-01  0.0000E+00  0.0000E+00  0.0000E+00  0.0000E+00  0.0000E+00
     11.993  0.4257E-01  0.4398E-01  0.4398E-01  0.4398E-01  0.0000E+00  0.0000E+00  0.0000E+00  0.0000E+00  0.0000E+00
     12.095  0.4080E-01  0.4516E-01  0.4516E-01  0.4516E-01  0.0000E+00  0.0000E+00  0.0000E+00  0.0000E+00  0.0000E+00
     12.198  0.3924E-01  0.3884E-01  0.3884E-01  0.3884E-01  0.0000E+00  0.0000E+00  0.0000E+00  0.0000E+00  0.0000E+00
     12.300  0.4562E-01  0.4574E-01  0.4574E-01  0.4574E-01  0.0000E+00  0.0000E+00  0.0000E+00  0.0000E+00  0.0000E+00
     12.403  0.4469E-01  0.5033E-01  0.5033E-01  0.5033E-01  0.0000E+00  0.0000E+00  0.0000E+00  0.0000E+00  0.0000E+00
     12.506  0.4080E-01  0.4847E-01  0.4847E-01  0.4847E-01  0.0000E+00  0.0000E+00  0.0000E+00  0.0000E+00  0.0000E+00
     12.608  0.3614E-01  0.4464E-01  0.4464E-01  0.4464E-01  0.0000E+00  0.0000E+00  0.0000E+00  0.0000E+00  0.0000E+00
     12.711  0.3395E-01  0.4258E-01  0.4258E-01  0.4258E-01  0.0000E+00  0.0000E+00  0.0000E+00  0.0000E+00  0.0000E+00
     12.813  0.2962E-01  0.3930E-01  0.3930E-01  0.3930E-01  0.0000E+00  0.0000E+00  0.0000E+00  0.0000E+00  0.0000E+00
     12.916  0.2825E-01  0.3831E-01  0.3831E-01  0.3831E-01  0.0000E+00  0.0000E+00  0.0000E+00  0.0000E+00  0.0000E+00
     13.018  0.2626E-01  0.3800E-01  0.3800E-01  0.3800E-01  0.0000E+00  0.0000E+00  0.0000E+00  0.0000E+00  0.0000E+00
     13.121  0.2117E-01  0.3289E-01  0.3289E-01  0.3289E-01  0.0000E+00  0.0000E+00  0.0000E+00  0.0000E+00  0.0000E+00
     13.223  0.1736E-01  0.2757E-01  0.2757E-01  0.2757E-01  0.0000E+00  0.0000E+00  0.0000E+00  0.0000E+00  0.0000E+00
     13.326  0.1661E-01  0.2536E-01  0.2536E-01  0.2536E-01  0.0000E+00  0.0000E+00  0.0000E+00  0.0000E+00  0.0000E+00
     13.428  0.2246E-01  0.2722E-01  0.2722E-01  0.2722E-01  0.0000E+00  0.0000E+00  0.0000E+00  0.0000E+00  0.0000E+00
     13.531  0.2590E-01  0.2728E-01  0.2728E-01  0.2728E-01  0.0000E+00  0.0000E+00  0.0000E+00  0.0000E+00  0.0000E+00
     13.633  0.2894E-01  0.2966E-01  0.2966E-01  0.2966E-01  0.0000E+00  0.0000E+00  0.0000E+00  0.0000E+00  0.0000E+00
     13.736  0.2929E-01  0.3067E-01  0.3067E-01  0.3067E-01  0.0000E+00  0.0000E+00  0.0000E+00  0.0000E+00  0.0000E+00
     13.838  0.2688E-01  0.3012E-01  0.3012E-01  0.3012E-01  0.0000E+00  0.0000E+00  0.0000E+00  0.0000E+00  0.0000E+00
     13.941  0.2657E-01  0.2852E-01  0.2852E-01  0.2852E-01  0.0000E+00  0.0000E+00  0.0000E+00  0.0000E+00  0.0000E+00
     14.043  0.2899E-01  0.2903E-01  0.2903E-01  0.2903E-01  0.0000E+00  0.0000E+00  0.0000E+00  0.0000E+00  0.0000E+00
     14.146  0.2765E-01  0.2874E-01  0.2874E-01  0.2874E-01  0.0000E+00  0.0000E+00  0.0000E+00  0.0000E+00  0.0000E+00
     14.248  0.2655E-01  0.2778E-01  0.2778E-01  0.2778E-01  0.0000E+00  0.0000E+00  0.0000E+00  0.0000E+00  0.0000E+00
     14.351  0.2685E-01  0.2863E-01  0.2863E-01  0.2863E-01  0.0000E+00  0.0000E+00  0.0000E+00  0.0000E+00  0.0000E+00
     14.453  0.2888E-01  0.2991E-01  0.2991E-01  0.2991E-01  0.0000E+00  0.0000E+00  0.0000E+00  0.0000E+00  0.0000E+00
     14.556  0.2620E-01  0.2859E-01  0.2859E-01  0.2859E-01  0.0000E+00  0.0000E+00  0.0000E+00  0.0000E+00  0.0000E+00
     14.658  0.2410E-01  0.2732E-01  0.2732E-01  0.2732E-01  0.0000E+00  0.0000E+00  0.0000E+00  0.0000E+00  0.0000E+00
     14.761  0.2312E-01  0.2688E-01  0.2688E-01  0.2688E-01  0.0000E+00  0.0000E+00  0.0000E+00  0.0000E+00  0.0000E+00
     14.863  0.2209E-01  0.2660E-01  0.2660E-01  0.2660E-01  0.0000E+00  0.0000E+00  0.0000E+00  0.0000E+00  0.0000E+00
     14.966  0.2139E-01  0.2657E-01  0.2657E-01  0.2657E-01  0.0000E+00  0.0000E+00  0.0000E+00  0.0000E+00  0.0000E+00
     15.068  0.2215E-01  0.2713E-01  0.2713E-01  0.2713E-01  0.0000E+00  0.0000E+00  0.0000E+00  0.0000E+00  0.0000E+00
     15.171  0.2011E-01  0.2614E-01  0.2614E-01  0.2614E-01  0.0000E+00  0.0000E+00  0.0000E+00  0.0000E+00  0.0000E+00
     15.273  0.1907E-01  0.2568E-01  0.2568E-01  0.2568E-01  0.0000E+00  0.0000E+00  0.0000E+00  0.0000E+00  0.0000E+00
     15.376  0.1927E-01  0.2576E-01  0.2576E-01  0.2576E-01  0.0000E+00  0.0000E+00  0.0000E+00  0.0000E+00  0.0000E+00
     15.478  0.2352E-01  0.2462E-01  0.2462E-01  0.2462E-01  0.0000E+00  0.0000E+00  0.0000E+00  0.0000E+00  0.0000E+00
     15.581  0.2808E-01  0.2331E-01  0.2331E-01  0.2331E-01  0.0000E+00  0.0000E+00  0.0000E+00  0.0000E+00  0.0000E+00
     15.683  0.2175E-01  0.2262E-01  0.2262E-01  0.2262E-01  0.0000E+00  0.0000E+00  0.0000E+00  0.0000E+00  0.0000E+00
     15.786  0.1732E-01  0.2327E-01  0.2327E-01  0.2327E-01  0.0000E+00  0.0000E+00  0.0000E+00  0.0000E+00  0.0000E+00
     15.888  0.1614E-01  0.2339E-01  0.2339E-01  0.2339E-01  0.0000E+00  0.0000E+00  0.0000E+00  0.0000E+00  0.0000E+00
     15.991  0.1527E-01  0.2326E-01  0.2326E-01  0.2326E-01  0.0000E+00  0.0000E+00  0.0000E+00  0.0000E+00  0.0000E+00
     16.094  0.1560E-01  0.2409E-01  0.2409E-01  0.2409E-01  0.0000E+00  0.0000E+00  0.0000E+00  0.0000E+00  0.0000E+00
     16.196  0.1665E-01  0.2608E-01  0.2608E-01  0.2608E-01  0.0000E+00  0.0000E+00  0.0000E+00  0.0000E+00  0.0000E+00
     16.299  0.1650E-01  0.2535E-01  0.2535E-01  0.2535E-01  0.0000E+00  0.0000E+00  0.0000E+00  0.0000E+00  0.0000E+00
     16.401  0.1658E-01  0.2524E-01  0.2524E-01  0.2524E-01  0.0000E+00  0.0000E+00  0.0000E+00  0.0000E+00  0.0000E+00
     16.504  0.1625E-01  0.2503E-01  0.2503E-01  0.2503E-01  0.0000E+00  0.0000E+00  0.0000E+00  0.0000E+00  0.0000E+00
     16.606  0.1768E-01  0.2665E-01  0.2665E-01  0.2665E-01  0.0000E+00  0.0000E+00  0.0000E+00  0.0000E+00  0.0000E+00
     16.709  0.1772E-01  0.2655E-01  0.2655E-01  0.2655E-01  0.0000E+00  0.0000E+00  0.0000E+00  0.0000E+00  0.0000E+00
     16.811  0.1467E-01  0.2340E-01  0.2340E-01  0.2340E-01  0.0000E+00  0.0000E+00  0.0000E+00  0.0000E+00  0.0000E+00
     16.914  0.1121E-01  0.1994E-01  0.1994E-01  0.1994E-01  0.0000E+00  0.0000E+00  0.0000E+00  0.0000E+00  0.0000E+00
     17.016  0.1007E-01  0.1873E-01  0.1873E-01  0.1873E-01  0.0000E+00  0.0000E+00  0.0000E+00  0.0000E+00  0.0000E+00
     17.119  0.9631E-02  0.1858E-01  0.1858E-01  0.1858E-01  0.0000E+00  0.0000E+00  0.0000E+00  0.0000E+00  0.0000E+00
     17.221  0.8833E-02  0.1898E-01  0.1898E-01  0.1898E-01  0.0000E+00  0.0000E+00  0.0000E+00  0.0000E+00  0.0000E+00
     17.324  0.7414E-02  0.1681E-01  0.1681E-01  0.1681E-01  0.0000E+00  0.0000E+00  0.0000E+00  0.0000E+00  0.0000E+00
     17.426  0.6440E-02  0.1558E-01  0.1558E-01  0.1558E-01  0.0000E+00  0.0000E+00  0.0000E+00  0.0000E+00  0.0000E+00
     17.529  0.5443E-02  0.1405E-01  0.1405E-01  0.1405E-01  0.0000E+00  0.0000E+00  0.0000E+00  0.0000E+00  0.0000E+00
     17.631  0.4775E-02  0.1274E-01  0.1274E-01  0.1274E-01  0.0000E+00  0.0000E+00  0.0000E+00  0.0000E+00  0.0000E+00
     17.734  0.4257E-02  0.1178E-01  0.1178E-01  0.1178E-01  0.0000E+00  0.0000E+00  0.0000E+00  0.0000E+00  0.0000E+00
     17.836  0.3779E-02  0.1018E-01  0.1018E-01  0.1018E-01  0.0000E+00  0.0000E+00  0.0000E+00  0.0000E+00  0.0000E+00
     17.939  0.3413E-02  0.8749E-02  0.8749E-02  0.8749E-02  0.0000E+00  0.0000E+00  0.0000E+00  0.0000E+00  0.0000E+00
     18.041  0.2970E-02  0.7632E-02  0.7632E-02  0.7632E-02  0.0000E+00  0.0000E+00  0.0000E+00  0.0000E+00  0.0000E+00
     18.144  0.2440E-02  0.6891E-02  0.6891E-02  0.6891E-02  0.0000E+00  0.0000E+00  0.0000E+00  0.0000E+00  0.0000E+00
     18.246  0.2171E-02  0.6279E-02  0.6279E-02  0.6279E-02  0.0000E+00  0.0000E+00  0.0000E+00  0.0000E+00  0.0000E+00
     18.349  0.1970E-02  0.5810E-02  0.5810E-02  0.5810E-02  0.0000E+00  0.0000E+00  0.0000E+00  0.0000E+00  0.0000E+00
     18.451  0.1771E-02  0.5322E-02  0.5322E-02  0.5322E-02  0.0000E+00  0.0000E+00  0.0000E+00  0.0000E+00  0.0000E+00
     18.554  0.1592E-02  0.4915E-02  0.4915E-02  0.4915E-02  0.0000E+00  0.0000E+00  0.0000E+00  0.0000E+00  0.0000E+00
     18.656  0.1450E-02  0.4580E-02  0.4580E-02  0.4580E-02  0.0000E+00  0.0000E+00  0.0000E+00  0.0000E+00  0.0000E+00
     18.759  0.1304E-02  0.4255E-02  0.4255E-02  0.4255E-02  0.0000E+00  0.0000E+00  0.0000E+00  0.0000E+00  0.0000E+00
     18.861  0.1198E-02  0.4030E-02  0.4030E-02  0.4030E-02  0.0000E+00  0.0000E+00  0.0000E+00  0.0000E+00  0.0000E+00
     18.964  0.1062E-02  0.3720E-02  0.3720E-02  0.3720E-02  0.0000E+00  0.0000E+00  0.0000E+00  0.0000E+00  0.0000E+00
     19.066  0.8846E-03  0.3335E-02  0.3335E-02  0.3335E-02  0.0000E+00  0.0000E+00  0.0000E+00  0.0000E+00  0.0000E+00
     19.169  0.7045E-03  0.2903E-02  0.2903E-02  0.2903E-02  0.0000E+00  0.0000E+00  0.0000E+00  0.0000E+00  0.0000E+00
     19.271  0.6182E-03  0.2679E-02  0.2679E-02  0.2679E-02  0.0000E+00  0.0000E+00  0.0000E+00  0.0000E+00  0.0000E+00
     19.374  0.5428E-03  0.2382E-02  0.2382E-02  0.2382E-02  0.0000E+00  0.0000E+00  0.0000E+00  0.0000E+00  0.0000E+00
     19.476  0.4593E-03  0.2115E-02  0.2115E-02  0.2115E-02  0.0000E+00  0.0000E+00  0.0000E+00  0.0000E+00  0.0000E+00
     19.579  0.3542E-03  0.1744E-02  0.1744E-02  0.1744E-02  0.0000E+00  0.0000E+00  0.0000E+00  0.0000E+00  0.0000E+00
     19.682  0.2845E-03  0.1476E-02  0.1476E-02  0.1476E-02  0.0000E+00  0.0000E+00  0.0000E+00  0.0000E+00  0.0000E+00
     19.784  0.2293E-03  0.1230E-02  0.1230E-02  0.1230E-02  0.0000E+00  0.0000E+00  0.0000E+00  0.0000E+00  0.0000E+00
     19.887  0.1893E-03  0.1014E-02  0.1014E-02  0.1014E-02  0.0000E+00  0.0000E+00  0.0000E+00  0.0000E+00  0.0000E+00
     19.989  0.1520E-03  0.8272E-03  0.8272E-03  0.8272E-03  0.0000E+00  0.0000E+00  0.0000E+00  0.0000E+00  0.0000E+00
     20.092  0.1201E-03  0.6716E-03  0.6716E-03  0.6716E-03  0.0000E+00  0.0000E+00  0.0000E+00  0.0000E+00  0.0000E+00
     20.194  0.9530E-04  0.5548E-03  0.5548E-03  0.5548E-03  0.0000E+00  0.0000E+00  0.0000E+00  0.0000E+00  0.0000E+00
     20.297  0.7690E-04  0.5102E-03  0.5102E-03  0.5102E-03  0.0000E+00  0.0000E+00  0.0000E+00  0.0000E+00  0.0000E+00
     20.399  0.5627E-04  0.4070E-03  0.4070E-03  0.4070E-03  0.0000E+00  0.0000E+00  0.0000E+00  0.0000E+00  0.0000E+00
     20.502  0.1100E-04  0.1411E-03  0.1411E-03  0.1411E-03  0.0000E+00  0.0000E+00  0.0000E+00  0.0000E+00  0.0000E+00
     20.604  0.3939E-05  0.5055E-04  0.5055E-04  0.5055E-04  0.0000E+00  0.0000E+00  0.0000E+00  0.0000E+00  0.0000E+00
     20.707  0.4265E-06  0.5474E-05  0.5474E-05  0.5474E-05  0.0000E+00  0.0000E+00  0.0000E+00  0.0000E+00  0.0000E+00
     20.809  0.0000E+00  0.0000E+00  0.0000E+00  0.0000E+00  0.0000E+00  0.0000E+00  0.0000E+00  0.0000E+00  0.0000E+00
     20.912  0.0000E+00  0.0000E+00  0.0000E+00  0.0000E+00  0.0000E+00  0.0000E+00  0.0000E+00  0.0000E+00  0.0000E+00
     21.014  0.0000E+00  0.0000E+00  0.0000E+00  0.0000E+00  0.0000E+00  0.0000E+00  0.0000E+00  0.0000E+00  0.0000E+00
     21.117  0.0000E+00  0.0000E+00  0.0000E+00  0.0000E+00  0.0000E+00  0.0000E+00  0.0000E+00  0.0000E+00  0.0000E+00
     21.219  0.0000E+00  0.0000E+00  0.0000E+00  0.0000E+00  0.0000E+00  0.0000E+00  0.0000E+00  0.0000E+00  0.0000E+00
     21.322  0.0000E+00  0.0000E+00  0.0000E+00  0.0000E+00  0.0000E+00  0.0000E+00  0.0000E+00  0.0000E+00  0.0000E+00
     21.424  0.0000E+00  0.0000E+00  0.0000E+00  0.0000E+00  0.0000E+00  0.0000E+00  0.0000E+00  0.0000E+00  0.0000E+00
     21.527  0.0000E+00  0.0000E+00  0.0000E+00  0.0000E+00  0.0000E+00  0.0000E+00  0.0000E+00  0.0000E+00  0.0000E+00
     21.629  0.0000E+00  0.0000E+00  0.0000E+00  0.0000E+00  0.0000E+00  0.0000E+00  0.0000E+00  0.0000E+00  0.0000E+00
     21.732  0.0000E+00  0.0000E+00  0.0000E+00  0.0000E+00  0.0000E+00  0.0000E+00  0.0000E+00  0.0000E+00  0.0000E+00
     21.834  0.0000E+00  0.0000E+00  0.0000E+00  0.0000E+00  0.0000E+00  0.0000E+00  0.0000E+00  0.0000E+00  0.0000E+00
     21.937  0.0000E+00  0.0000E+00  0.0000E+00  0.0000E+00  0.0000E+00  0.0000E+00  0.0000E+00  0.0000E+00  0.0000E+00
     22.039  0.0000E+00  0.0000E+00  0.0000E+00  0.0000E+00  0.0000E+00  0.0000E+00  0.0000E+00  0.0000E+00  0.0000E+00
     22.142  0.0000E+00  0.0000E+00  0.0000E+00  0.0000E+00  0.0000E+00  0.0000E+00  0.0000E+00  0.0000E+00  0.0000E+00
     22.244  0.0000E+00  0.0000E+00  0.0000E+00  0.0000E+00  0.0000E+00  0.0000E+00  0.0000E+00  0.0000E+00  0.0000E+00
     22.347  0.0000E+00  0.0000E+00  0.0000E+00  0.0000E+00  0.0000E+00  0.0000E+00  0.0000E+00  0.0000E+00  0.0000E+00
     22.449  0.0000E+00  0.0000E+00  0.0000E+00  0.0000E+00  0.0000E+00  0.0000E+00  0.0000E+00  0.0000E+00  0.0000E+00
     22.552  0.0000E+00  0.0000E+00  0.0000E+00  0.0000E+00  0.0000E+00  0.0000E+00  0.0000E+00  0.0000E+00  0.0000E+00
     22.654  0.0000E+00  0.0000E+00  0.0000E+00  0.0000E+00  0.0000E+00  0.0000E+00  0.0000E+00  0.0000E+00  0.0000E+00
     22.757  0.0000E+00  0.0000E+00  0.0000E+00  0.0000E+00  0.0000E+00  0.0000E+00  0.0000E+00  0.0000E+00  0.0000E+00
