   2   2   1   0
  0.2351656E+02  0.4051722E-09  0.4051722E-09  0.4051722E-09  0.5000000E-15
  1.000000000000000E-004
  CAR 
 Si                                      
     15.67147067     -9.24584226  301      5.21817732      1.00000000
     -9.246  0.0000E+00  0.0000E+00
     -9.163  0.0000E+00  0.0000E+00
     -9.080  0.0000E+00  0.0000E+00
     -8.997  0.0000E+00  0.0000E+00
     -8.914  0.0000E+00  0.0000E+00
     -8.831  0.0000E+00  0.0000E+00
     -8.747  0.0000E+00  0.0000E+00
     -8.664  0.0000E+00  0.0000E+00
     -8.581  0.0000E+00  0.0000E+00
     -8.498  0.0000E+00  0.0000E+00
     -8.415  0.0000E+00  0.0000E+00
     -8.332  0.0000E+00  0.0000E+00
     -8.249  0.0000E+00  0.0000E+00
     -8.166  0.0000E+00  0.0000E+00
     -8.083  0.0000E+00  0.0000E+00
     -8.000  0.0000E+00  0.0000E+00
     -7.917  0.0000E+00  0.0000E+00
     -7.834  0.0000E+00  0.0000E+00
     -7.751  0.0000E+00  0.0000E+00
     -7.668  0.0000E+00  0.0000E+00
     -7.585  0.0000E+00  0.0000E+00
     -7.502  0.0000E+00  0.0000E+00
     -7.419  0.0000E+00  0.0000E+00
     -7.336  0.0000E+00  0.0000E+00
     -7.252  0.0000E+00  0.0000E+00
     -7.169  0.1166E+00  0.4825E-02
     -7.086  0.1607E+00  0.1565E-01
     -7.003  0.1935E+00  0.3013E-01
     -6.920  0.2260E+00  0.4749E-01
     -6.837  0.2542E+00  0.6753E-01
     -6.754  0.2835E+00  0.8984E-01
     -6.671  0.3069E+00  0.1144E+00
     -6.588  0.3329E+00  0.1409E+00
     -6.505  0.3552E+00  0.1695E+00
     -6.422  0.3785E+00  0.2000E+00
     -6.339  0.4014E+00  0.2324E+00
     -6.256  0.4232E+00  0.2666E+00
     -6.173  0.4467E+00  0.3028E+00
     -6.090  0.4688E+00  0.3408E+00
     -6.007  0.4919E+00  0.3807E+00
     -5.924  0.5166E+00  0.4225E+00
     -5.840  0.5407E+00  0.4664E+00
     -5.757  0.5670E+00  0.5124E+00
     -5.674  0.5957E+00  0.5607E+00
     -5.591  0.6262E+00  0.6114E+00
     -5.508  0.6610E+00  0.6648E+00
     -5.425  0.7021E+00  0.7214E+00
     -5.342  0.7531E+00  0.7817E+00
     -5.259  0.8269E+00  0.8471E+00
     -5.176  0.1035E+01  0.9224E+00
     -5.093  0.9947E+00  0.1004E+01
     -5.010  0.9421E+00  0.1084E+01
     -4.927  0.9009E+00  0.1160E+01
     -4.844  0.8721E+00  0.1234E+01
     -4.761  0.8388E+00  0.1305E+01
     -4.678  0.7994E+00  0.1373E+01
     -4.595  0.7699E+00  0.1439E+01
     -4.512  0.7326E+00  0.1501E+01
     -4.428  0.6982E+00  0.1560E+01
     -4.345  0.6652E+00  0.1617E+01
     -4.262  0.6253E+00  0.1671E+01
     -4.179  0.5910E+00  0.1721E+01
     -4.096  0.5511E+00  0.1769E+01
     -4.013  0.5115E+00  0.1813E+01
     -3.930  0.4731E+00  0.1854E+01
     -3.847  0.4283E+00  0.1891E+01
     -3.764  0.3872E+00  0.1925E+01
     -3.681  0.3371E+00  0.1955E+01
     -3.598  0.2425E+00  0.1981E+01
     -3.515  0.9937E-01  0.1994E+01
     -3.432  0.2728E-01  0.1999E+01
     -3.349  0.4114E-01  0.2001E+01
     -3.266  0.1282E+00  0.2008E+01
     -3.183  0.2270E+00  0.2023E+01
     -3.100  0.3065E+00  0.2045E+01
     -3.017  0.3505E+00  0.2072E+01
     -2.933  0.3951E+00  0.2103E+01
     -2.850  0.4483E+00  0.2138E+01
     -2.767  0.4996E+00  0.2177E+01
     -2.684  0.5489E+00  0.2221E+01
     -2.601  0.6158E+00  0.2269E+01
     -2.518  0.6818E+00  0.2323E+01
     -2.435  0.7885E+00  0.2384E+01
     -2.352  0.9984E+00  0.2456E+01
     -2.269  0.1895E+01  0.2601E+01
     -2.186  0.1116E+01  0.2709E+01
     -2.103  0.9376E+00  0.2794E+01
     -2.020  0.8269E+00  0.2867E+01
     -1.937  0.7445E+00  0.2932E+01
     -1.854  0.6836E+00  0.2991E+01
     -1.771  0.6356E+00  0.3046E+01
     -1.688  0.5920E+00  0.3097E+01
     -1.605  0.5517E+00  0.3144E+01
     -1.521  0.5204E+00  0.3189E+01
     -1.438  0.4926E+00  0.3231E+01
     -1.355  0.4658E+00  0.3271E+01
     -1.272  0.4390E+00  0.3308E+01
     -1.189  0.4160E+00  0.3344E+01
     -1.106  0.3973E+00  0.3377E+01
     -1.023  0.3782E+00  0.3410E+01
     -0.940  0.3591E+00  0.3440E+01
     -0.857  0.3387E+00  0.3469E+01
     -0.774  0.3250E+00  0.3497E+01
     -0.691  0.3111E+00  0.3523E+01
     -0.608  0.2971E+00  0.3548E+01
     -0.525  0.2819E+00  0.3573E+01
     -0.442  0.2667E+00  0.3595E+01
     -0.359  0.2564E+00  0.3617E+01
     -0.276  0.2461E+00  0.3638E+01
     -0.193  0.2349E+00  0.3658E+01
     -0.109  0.2236E+00  0.3677E+01
     -0.026  0.2110E+00  0.3695E+01
      0.057  0.2024E+00  0.3712E+01
      0.140  0.1943E+00  0.3729E+01
      0.223  0.1860E+00  0.3744E+01
      0.306  0.1771E+00  0.3759E+01
      0.389  0.5466E+00  0.3782E+01
      0.472  0.8466E+00  0.3838E+01
      0.555  0.1223E+01  0.3922E+01
      0.638  0.1481E+01  0.4042E+01
      0.721  0.1339E+01  0.4158E+01
      0.804  0.1243E+01  0.4265E+01
      0.887  0.1161E+01  0.4364E+01
      0.970  0.1142E+01  0.4461E+01
      1.053  0.1142E+01  0.4555E+01
      1.136  0.1217E+01  0.4651E+01
      1.219  0.1182E+01  0.4749E+01
      1.302  0.1223E+01  0.4850E+01
      1.386  0.1286E+01  0.4954E+01
      1.469  0.1344E+01  0.5064E+01
      1.552  0.1506E+01  0.5179E+01
      1.635  0.1775E+01  0.5312E+01
      1.718  0.1695E+01  0.5456E+01
      1.801  0.1670E+01  0.5595E+01
      1.884  0.1643E+01  0.5733E+01
      1.967  0.1613E+01  0.5868E+01
      2.050  0.1577E+01  0.6001E+01
      2.133  0.1559E+01  0.6131E+01
      2.216  0.1533E+01  0.6260E+01
      2.299  0.1509E+01  0.6386E+01
      2.382  0.1476E+01  0.6510E+01
      2.465  0.1448E+01  0.6631E+01
      2.548  0.1430E+01  0.6751E+01
      2.631  0.1405E+01  0.6868E+01
      2.714  0.1379E+01  0.6984E+01
      2.798  0.1356E+01  0.7097E+01
      2.881  0.1341E+01  0.7209E+01
      2.964  0.1332E+01  0.7320E+01
      3.047  0.1303E+01  0.7430E+01
      3.130  0.1046E+01  0.7528E+01
      3.213  0.8510E+00  0.7605E+01
      3.296  0.7341E+00  0.7671E+01
      3.379  0.6444E+00  0.7728E+01
      3.462  0.5632E+00  0.7778E+01
      3.545  0.4976E+00  0.7822E+01
      3.628  0.4337E+00  0.7861E+01
      3.711  0.3763E+00  0.7895E+01
      3.794  0.3210E+00  0.7923E+01
      3.877  0.2718E+00  0.7948E+01
      3.960  0.2161E+00  0.7968E+01
      4.043  0.1676E+00  0.7985E+01
      4.126  0.9198E-01  0.7996E+01
      4.210  0.4302E-03  0.8000E+01
      4.293  0.0000E+00  0.8000E+01
      4.376  0.0000E+00  0.8000E+01
      4.459  0.0000E+00  0.8000E+01
      4.542  0.0000E+00  0.8000E+01
      4.625  0.0000E+00  0.8000E+01
      4.708  0.0000E+00  0.8000E+01
      4.791  0.0000E+00  0.8000E+01
      4.874  0.0000E+00  0.8000E+01
      4.957  0.0000E+00  0.8000E+01
      5.040  0.0000E+00  0.8000E+01
      5.123  0.0000E+00  0.8000E+01
      5.206  0.0000E+00  0.8000E+01
      5.289  0.8717E-01  0.8002E+01
      5.372  0.1835E+00  0.8014E+01
      5.455  0.2717E+00  0.8033E+01
      5.538  0.3853E+00  0.8060E+01
      5.621  0.4903E+00  0.8096E+01
      5.705  0.5801E+00  0.8140E+01
      5.788  0.6719E+00  0.8192E+01
      5.871  0.7717E+00  0.8252E+01
      5.954  0.8661E+00  0.8321E+01
      6.037  0.9550E+00  0.8396E+01
      6.120  0.1063E+01  0.8480E+01
      6.203  0.1181E+01  0.8573E+01
      6.286  0.1324E+01  0.8677E+01
      6.369  0.1571E+01  0.8796E+01
      6.452  0.1942E+01  0.8944E+01
      6.535  0.1915E+01  0.9106E+01
      6.618  0.1858E+01  0.9264E+01
      6.701  0.1699E+01  0.9414E+01
      6.784  0.1464E+01  0.9545E+01
      6.867  0.1363E+01  0.9660E+01
      6.950  0.1306E+01  0.9773E+01
      7.033  0.1242E+01  0.9880E+01
      7.117  0.1105E+01  0.9977E+01
      7.200  0.1088E+01  0.1007E+02
      7.283  0.1010E+01  0.1015E+02
      7.366  0.1003E+01  0.1024E+02
      7.449  0.1042E+01  0.1032E+02
      7.532  0.1149E+01  0.1041E+02
      7.615  0.1222E+01  0.1051E+02
      7.698  0.1895E+01  0.1063E+02
      7.781  0.3285E+01  0.1087E+02
      7.864  0.2475E+01  0.1111E+02
      7.947  0.1793E+01  0.1127E+02
      8.030  0.1647E+01  0.1141E+02
      8.113  0.1596E+01  0.1155E+02
      8.196  0.1494E+01  0.1168E+02
      8.279  0.1328E+01  0.1180E+02
      8.362  0.1255E+01  0.1190E+02
      8.445  0.1150E+01  0.1200E+02
      8.529  0.1116E+01  0.1210E+02
      8.612  0.1140E+01  0.1219E+02
      8.695  0.1233E+01  0.1229E+02
      8.778  0.1395E+01  0.1240E+02
      8.861  0.1482E+01  0.1251E+02
      8.944  0.1582E+01  0.1264E+02
      9.027  0.1524E+01  0.1278E+02
      9.110  0.1388E+01  0.1290E+02
      9.193  0.1425E+01  0.1301E+02
      9.276  0.1347E+01  0.1313E+02
      9.359  0.1312E+01  0.1324E+02
      9.442  0.1295E+01  0.1334E+02
      9.525  0.1315E+01  0.1345E+02
      9.608  0.1284E+01  0.1356E+02
      9.691  0.1224E+01  0.1367E+02
      9.774  0.1196E+01  0.1377E+02
      9.857  0.1164E+01  0.1386E+02
      9.940  0.1121E+01  0.1396E+02
     10.024  0.1103E+01  0.1405E+02
     10.107  0.1085E+01  0.1414E+02
     10.190  0.1080E+01  0.1423E+02
     10.273  0.1151E+01  0.1433E+02
     10.356  0.1041E+01  0.1442E+02
     10.439  0.9022E+00  0.1449E+02
     10.522  0.9196E+00  0.1457E+02
     10.605  0.9143E+00  0.1465E+02
     10.688  0.9630E+00  0.1472E+02
     10.771  0.1009E+01  0.1481E+02
     10.854  0.1025E+01  0.1489E+02
     10.937  0.1038E+01  0.1498E+02
     11.020  0.9837E+00  0.1506E+02
     11.103  0.9427E+00  0.1514E+02
     11.186  0.7636E+00  0.1521E+02
     11.269  0.7246E+00  0.1527E+02
     11.352  0.6996E+00  0.1533E+02
     11.436  0.6733E+00  0.1539E+02
     11.519  0.6072E+00  0.1544E+02
     11.602  0.5719E+00  0.1549E+02
     11.685  0.5449E+00  0.1553E+02
     11.768  0.5240E+00  0.1558E+02
     11.851  0.5132E+00  0.1562E+02
     11.934  0.4901E+00  0.1566E+02
     12.017  0.4528E+00  0.1570E+02
     12.100  0.4466E+00  0.1574E+02
     12.183  0.4504E+00  0.1578E+02
     12.266  0.6386E+00  0.1582E+02
     12.349  0.2611E+00  0.1586E+02
     12.432  0.1987E+00  0.1588E+02
     12.515  0.1836E+00  0.1589E+02
     12.598  0.1722E+00  0.1591E+02
     12.681  0.1640E+00  0.1592E+02
     12.764  0.1509E+00  0.1593E+02
     12.848  0.1323E+00  0.1595E+02
     12.931  0.1246E+00  0.1596E+02
     13.014  0.1028E+00  0.1597E+02
     13.097  0.8485E-01  0.1597E+02
     13.180  0.7092E-01  0.1598E+02
     13.263  0.6056E-01  0.1599E+02
     13.346  0.5743E-01  0.1599E+02
     13.429  0.5061E-01  0.1600E+02
     13.512  0.2549E-01  0.1600E+02
     13.595  0.5856E-02  0.1600E+02
     13.678  0.0000E+00  0.1600E+02
     13.761  0.0000E+00  0.1600E+02
     13.844  0.0000E+00  0.1600E+02
     13.927  0.0000E+00  0.1600E+02
     14.010  0.0000E+00  0.1600E+02
     14.093  0.0000E+00  0.1600E+02
     14.176  0.0000E+00  0.1600E+02
     14.259  0.0000E+00  0.1600E+02
     14.343  0.0000E+00  0.1600E+02
     14.426  0.0000E+00  0.1600E+02
     14.509  0.0000E+00  0.1600E+02
     14.592  0.0000E+00  0.1600E+02
     14.675  0.0000E+00  0.1600E+02
     14.758  0.0000E+00  0.1600E+02
     14.841  0.0000E+00  0.1600E+02
     14.924  0.0000E+00  0.1600E+02
     15.007  0.0000E+00  0.1600E+02
     15.090  0.0000E+00  0.1600E+02
     15.173  0.0000E+00  0.1600E+02
     15.256  0.0000E+00  0.1600E+02
     15.339  0.0000E+00  0.1600E+02
     15.422  0.0000E+00  0.1600E+02
     15.505  0.0000E+00  0.1600E+02
     15.588  0.0000E+00  0.1600E+02
     15.671  0.0000E+00  0.1600E+02
     15.67147067     -9.24584226  301      5.21817732      1.00000000
     -9.246  0.0000E+00  0.0000E+00  0.0000E+00  0.0000E+00  0.0000E+00  0.0000E+00  0.0000E+00  0.0000E+00  0.0000E+00
     -9.163  0.0000E+00  0.0000E+00  0.0000E+00  0.0000E+00  0.0000E+00  0.0000E+00  0.0000E+00  0.0000E+00  0.0000E+00
     -9.080  0.0000E+00  0.0000E+00  0.0000E+00  0.0000E+00  0.0000E+00  0.0000E+00  0.0000E+00  0.0000E+00  0.0000E+00
     -8.997  0.0000E+00  0.0000E+00  0.0000E+00  0.0000E+00  0.0000E+00  0.0000E+00  0.0000E+00  0.0000E+00  0.0000E+00
     -8.914  0.0000E+00  0.0000E+00  0.0000E+00  0.0000E+00  0.0000E+00  0.0000E+00  0.0000E+00  0.0000E+00  0.0000E+00
     -8.831  0.0000E+00  0.0000E+00  0.0000E+00  0.0000E+00  0.0000E+00  0.0000E+00  0.0000E+00  0.0000E+00  0.0000E+00
     -8.747  0.0000E+00  0.0000E+00  0.0000E+00  0.0000E+00  0.0000E+00  0.0000E+00  0.0000E+00  0.0000E+00  0.0000E+00
     -8.664  0.0000E+00  0.0000E+00  0.0000E+00  0.0000E+00  0.0000E+00  0.0000E+00  0.0000E+00  0.0000E+00  0.0000E+00
     -8.581  0.0000E+00  0.0000E+00  0.0000E+00  0.0000E+00  0.0000E+00  0.0000E+00  0.0000E+00  0.0000E+00  0.0000E+00
     -8.498  0.0000E+00  0.0000E+00  0.0000E+00  0.0000E+00  0.0000E+00  0.0000E+00  0.0000E+00  0.0000E+00  0.0000E+00
     -8.415  0.0000E+00  0.0000E+00  0.0000E+00  0.0000E+00  0.0000E+00  0.0000E+00  0.0000E+00  0.0000E+00  0.0000E+00
     -8.332  0.0000E+00  0.0000E+00  0.0000E+00  0.0000E+00  0.0000E+00  0.0000E+00  0.0000E+00  0.0000E+00  0.0000E+00
     -8.249  0.0000E+00  0.0000E+00  0.0000E+00  0.0000E+00  0.0000E+00  0.0000E+00  0.0000E+00  0.0000E+00  0.0000E+00
     -8.166  0.0000E+00  0.0000E+00  0.0000E+00  0.0000E+00  0.0000E+00  0.0000E+00  0.0000E+00  0.0000E+00  0.0000E+00
     -8.083  0.0000E+00  0.0000E+00  0.0000E+00  0.0000E+00  0.0000E+00  0.0000E+00  0.0000E+00  0.0000E+00  0.0000E+00
     -8.000  0.0000E+00  0.0000E+00  0.0000E+00  0.0000E+00  0.0000E+00  0.0000E+00  0.0000E+00  0.0000E+00  0.0000E+00
     -7.917  0.0000E+00  0.0000E+00  0.0000E+00  0.0000E+00  0.0000E+00  0.0000E+00  0.0000E+00  0.0000E+00  0.0000E+00
     -7.834  0.0000E+00  0.0000E+00  0.0000E+00  0.0000E+00  0.0000E+00  0.0000E+00  0.0000E+00  0.0000E+00  0.0000E+00
     -7.751  0.0000E+00  0.0000E+00  0.0000E+00  0.0000E+00  0.0000E+00  0.0000E+00  0.0000E+00  0.0000E+00  0.0000E+00
     -7.668  0.0000E+00  0.0000E+00  0.0000E+00  0.0000E+00  0.0000E+00  0.0000E+00  0.0000E+00  0.0000E+00  0.0000E+00
     -7.585  0.0000E+00  0.0000E+00  0.0000E+00  0.0000E+00  0.0000E+00  0.0000E+00  0.0000E+00  0.0000E+00  0.0000E+00
     -7.502  0.0000E+00  0.0000E+00  0.0000E+00  0.0000E+00  0.0000E+00  0.0000E+00  0.0000E+00  0.0000E+00  0.0000E+00
     -7.419  0.0000E+00  0.0000E+00  0.0000E+00  0.0000E+00  0.0000E+00  0.0000E+00  0.0000E+00  0.0000E+00  0.0000E+00
     -7.336  0.0000E+00  0.0000E+00  0.0000E+00  0.0000E+00  0.0000E+00  0.0000E+00  0.0000E+00  0.0000E+00  0.0000E+00
     -7.252  0.0000E+00  0.0000E+00  0.0000E+00  0.0000E+00  0.0000E+00  0.0000E+00  0.0000E+00  0.0000E+00  0.0000E+00
     -7.169  0.2387E-01  0.2769E-04  0.2769E-04  0.2769E-04  0.0000E+00  0.0000E+00  0.0000E+00  0.0000E+00  0.0000E+00
     -7.086  0.3284E-01  0.8169E-04  0.8169E-04  0.8169E-04  0.0000E+00  0.0000E+00  0.0000E+00  0.0000E+00  0.0000E+00
     -7.003  0.3950E-01  0.1481E-03  0.1481E-03  0.1481E-03  0.0000E+00  0.0000E+00  0.0000E+00  0.0000E+00  0.0000E+00
     -6.920  0.4608E-01  0.2304E-03  0.2304E-03  0.2304E-03  0.0000E+00  0.0000E+00  0.0000E+00  0.0000E+00  0.0000E+00
     -6.837  0.5178E-01  0.3266E-03  0.3266E-03  0.3266E-03  0.0000E+00  0.0000E+00  0.0000E+00  0.0000E+00  0.0000E+00
     -6.754  0.5770E-01  0.4277E-03  0.4277E-03  0.4277E-03  0.0000E+00  0.0000E+00  0.0000E+00  0.0000E+00  0.0000E+00
     -6.671  0.6240E-01  0.5462E-03  0.5462E-03  0.5462E-03  0.0000E+00  0.0000E+00  0.0000E+00  0.0000E+00  0.0000E+00
     -6.588  0.6764E-01  0.6659E-03  0.6659E-03  0.6659E-03  0.0000E+00  0.0000E+00  0.0000E+00  0.0000E+00  0.0000E+00
     -6.505  0.7213E-01  0.8017E-03  0.8017E-03  0.8017E-03  0.0000E+00  0.0000E+00  0.0000E+00  0.0000E+00  0.0000E+00
     -6.422  0.7682E-01  0.9411E-03  0.9411E-03  0.9411E-03  0.0000E+00  0.0000E+00  0.0000E+00  0.0000E+00  0.0000E+00
     -6.339  0.8143E-01  0.1090E-02  0.1090E-02  0.1090E-02  0.0000E+00  0.0000E+00  0.0000E+00  0.0000E+00  0.0000E+00
     -6.256  0.8584E-01  0.1250E-02  0.1250E-02  0.1250E-02  0.0000E+00  0.0000E+00  0.0000E+00  0.0000E+00  0.0000E+00
     -6.173  0.9059E-01  0.1411E-02  0.1411E-02  0.1411E-02  0.0000E+00  0.0000E+00  0.0000E+00  0.0000E+00  0.0000E+00
     -6.090  0.9507E-01  0.1591E-02  0.1591E-02  0.1591E-02  0.0000E+00  0.0000E+00  0.0000E+00  0.0000E+00  0.0000E+00
     -6.007  0.9977E-01  0.1775E-02  0.1775E-02  0.1775E-02  0.0000E+00  0.0000E+00  0.0000E+00  0.0000E+00  0.0000E+00
     -5.924  0.1048E+00  0.1963E-02  0.1963E-02  0.1963E-02  0.0000E+00  0.0000E+00  0.0000E+00  0.0000E+00  0.0000E+00
     -5.840  0.1098E+00  0.2174E-02  0.2174E-02  0.2174E-02  0.0000E+00  0.0000E+00  0.0000E+00  0.0000E+00  0.0000E+00
     -5.757  0.1152E+00  0.2391E-02  0.2391E-02  0.2391E-02  0.0000E+00  0.0000E+00  0.0000E+00  0.0000E+00  0.0000E+00
     -5.674  0.1212E+00  0.2615E-02  0.2615E-02  0.2615E-02  0.0000E+00  0.0000E+00  0.0000E+00  0.0000E+00  0.0000E+00
     -5.591  0.1275E+00  0.2869E-02  0.2869E-02  0.2869E-02  0.0000E+00  0.0000E+00  0.0000E+00  0.0000E+00  0.0000E+00
     -5.508  0.1349E+00  0.3143E-02  0.3143E-02  0.3143E-02  0.0000E+00  0.0000E+00  0.0000E+00  0.0000E+00  0.0000E+00
     -5.425  0.1435E+00  0.3438E-02  0.3438E-02  0.3438E-02  0.0000E+00  0.0000E+00  0.0000E+00  0.0000E+00  0.0000E+00
     -5.342  0.1544E+00  0.3791E-02  0.3791E-02  0.3791E-02  0.0000E+00  0.0000E+00  0.0000E+00  0.0000E+00  0.0000E+00
     -5.259  0.1702E+00  0.4250E-02  0.4250E-02  0.4250E-02  0.0000E+00  0.0000E+00  0.0000E+00  0.0000E+00  0.0000E+00
     -5.176  0.2149E+00  0.5239E-02  0.5239E-02  0.5239E-02  0.0000E+00  0.0000E+00  0.0000E+00  0.0000E+00  0.0000E+00
     -5.093  0.2063E+00  0.5299E-02  0.5299E-02  0.5299E-02  0.0000E+00  0.0000E+00  0.0000E+00  0.0000E+00  0.0000E+00
     -5.010  0.1951E+00  0.5313E-02  0.5313E-02  0.5313E-02  0.0000E+00  0.0000E+00  0.0000E+00  0.0000E+00  0.0000E+00
     -4.927  0.1862E+00  0.5322E-02  0.5322E-02  0.5322E-02  0.0000E+00  0.0000E+00  0.0000E+00  0.0000E+00  0.0000E+00
     -4.844  0.1801E+00  0.5380E-02  0.5380E-02  0.5380E-02  0.0000E+00  0.0000E+00  0.0000E+00  0.0000E+00  0.0000E+00
     -4.761  0.1730E+00  0.5412E-02  0.5412E-02  0.5412E-02  0.0000E+00  0.0000E+00  0.0000E+00  0.0000E+00  0.0000E+00
     -4.678  0.1647E+00  0.5381E-02  0.5381E-02  0.5381E-02  0.0000E+00  0.0000E+00  0.0000E+00  0.0000E+00  0.0000E+00
     -4.595  0.1584E+00  0.5382E-02  0.5382E-02  0.5382E-02  0.0000E+00  0.0000E+00  0.0000E+00  0.0000E+00  0.0000E+00
     -4.512  0.1505E+00  0.5340E-02  0.5340E-02  0.5340E-02  0.0000E+00  0.0000E+00  0.0000E+00  0.0000E+00  0.0000E+00
     -4.428  0.1433E+00  0.5278E-02  0.5278E-02  0.5278E-02  0.0000E+00  0.0000E+00  0.0000E+00  0.0000E+00  0.0000E+00
     -4.345  0.1363E+00  0.5206E-02  0.5206E-02  0.5206E-02  0.0000E+00  0.0000E+00  0.0000E+00  0.0000E+00  0.0000E+00
     -4.262  0.1279E+00  0.5091E-02  0.5091E-02  0.5091E-02  0.0000E+00  0.0000E+00  0.0000E+00  0.0000E+00  0.0000E+00
     -4.179  0.1207E+00  0.4969E-02  0.4969E-02  0.4969E-02  0.0000E+00  0.0000E+00  0.0000E+00  0.0000E+00  0.0000E+00
     -4.096  0.1123E+00  0.4802E-02  0.4802E-02  0.4802E-02  0.0000E+00  0.0000E+00  0.0000E+00  0.0000E+00  0.0000E+00
     -4.013  0.1040E+00  0.4615E-02  0.4615E-02  0.4615E-02  0.0000E+00  0.0000E+00  0.0000E+00  0.0000E+00  0.0000E+00
     -3.930  0.9600E-01  0.4402E-02  0.4402E-02  0.4402E-02  0.0000E+00  0.0000E+00  0.0000E+00  0.0000E+00  0.0000E+00
     -3.847  0.8660E-01  0.4141E-02  0.4141E-02  0.4141E-02  0.0000E+00  0.0000E+00  0.0000E+00  0.0000E+00  0.0000E+00
     -3.764  0.7802E-01  0.3865E-02  0.3865E-02  0.3865E-02  0.0000E+00  0.0000E+00  0.0000E+00  0.0000E+00  0.0000E+00
     -3.681  0.6752E-01  0.3500E-02  0.3500E-02  0.3500E-02  0.0000E+00  0.0000E+00  0.0000E+00  0.0000E+00  0.0000E+00
     -3.598  0.4823E-01  0.2627E-02  0.2627E-02  0.2627E-02  0.0000E+00  0.0000E+00  0.0000E+00  0.0000E+00  0.0000E+00
     -3.515  0.1976E-01  0.1088E-02  0.1088E-02  0.1088E-02  0.0000E+00  0.0000E+00  0.0000E+00  0.0000E+00  0.0000E+00
     -3.432  0.5455E-02  0.2994E-03  0.2994E-03  0.2994E-03  0.0000E+00  0.0000E+00  0.0000E+00  0.0000E+00  0.0000E+00
     -3.349  0.7960E-02  0.5167E-03  0.5167E-03  0.5167E-03  0.0000E+00  0.0000E+00  0.0000E+00  0.0000E+00  0.0000E+00
     -3.266  0.2486E-01  0.1616E-02  0.1616E-02  0.1616E-02  0.0000E+00  0.0000E+00  0.0000E+00  0.0000E+00  0.0000E+00
     -3.183  0.4401E-01  0.2898E-02  0.2898E-02  0.2898E-02  0.0000E+00  0.0000E+00  0.0000E+00  0.0000E+00  0.0000E+00
     -3.100  0.5929E-01  0.4005E-02  0.4005E-02  0.4005E-02  0.0000E+00  0.0000E+00  0.0000E+00  0.0000E+00  0.0000E+00
     -3.017  0.6743E-01  0.4725E-02  0.4725E-02  0.4725E-02  0.0000E+00  0.0000E+00  0.0000E+00  0.0000E+00  0.0000E+00
     -2.933  0.7569E-01  0.5457E-02  0.5457E-02  0.5457E-02  0.0000E+00  0.0000E+00  0.0000E+00  0.0000E+00  0.0000E+00
     -2.850  0.8529E-01  0.6387E-02  0.6387E-02  0.6387E-02  0.0000E+00  0.0000E+00  0.0000E+00  0.0000E+00  0.0000E+00
     -2.767  0.9431E-01  0.7343E-02  0.7343E-02  0.7343E-02  0.0000E+00  0.0000E+00  0.0000E+00  0.0000E+00  0.0000E+00
     -2.684  0.1027E+00  0.8320E-02  0.8320E-02  0.8320E-02  0.0000E+00  0.0000E+00  0.0000E+00  0.0000E+00  0.0000E+00
     -2.601  0.1137E+00  0.9700E-02  0.9700E-02  0.9700E-02  0.0000E+00  0.0000E+00  0.0000E+00  0.0000E+00  0.0000E+00
     -2.518  0.1241E+00  0.1114E-01  0.1114E-01  0.1114E-01  0.0000E+00  0.0000E+00  0.0000E+00  0.0000E+00  0.0000E+00
     -2.435  0.1400E+00  0.1358E-01  0.1358E-01  0.1358E-01  0.0000E+00  0.0000E+00  0.0000E+00  0.0000E+00  0.0000E+00
     -2.352  0.1700E+00  0.1845E-01  0.1845E-01  0.1845E-01  0.0000E+00  0.0000E+00  0.0000E+00  0.0000E+00  0.0000E+00
     -2.269  0.2781E+00  0.4159E-01  0.4159E-01  0.4159E-01  0.0000E+00  0.0000E+00  0.0000E+00  0.0000E+00  0.0000E+00
     -2.186  0.1719E+00  0.2364E-01  0.2364E-01  0.2364E-01  0.0000E+00  0.0000E+00  0.0000E+00  0.0000E+00  0.0000E+00
     -2.103  0.1460E+00  0.1984E-01  0.1984E-01  0.1984E-01  0.0000E+00  0.0000E+00  0.0000E+00  0.0000E+00  0.0000E+00
     -2.020  0.1294E+00  0.1760E-01  0.1760E-01  0.1760E-01  0.0000E+00  0.0000E+00  0.0000E+00  0.0000E+00  0.0000E+00
     -1.937  0.1166E+00  0.1600E-01  0.1600E-01  0.1600E-01  0.0000E+00  0.0000E+00  0.0000E+00  0.0000E+00  0.0000E+00
     -1.854  0.1070E+00  0.1484E-01  0.1484E-01  0.1484E-01  0.0000E+00  0.0000E+00  0.0000E+00  0.0000E+00  0.0000E+00
     -1.771  0.9947E-01  0.1395E-01  0.1395E-01  0.1395E-01  0.0000E+00  0.0000E+00  0.0000E+00  0.0000E+00  0.0000E+00
     -1.688  0.9246E-01  0.1315E-01  0.1315E-01  0.1315E-01  0.0000E+00  0.0000E+00  0.0000E+00  0.0000E+00  0.0000E+00
     -1.605  0.8587E-01  0.1242E-01  0.1242E-01  0.1242E-01  0.0000E+00  0.0000E+00  0.0000E+00  0.0000E+00  0.0000E+00
     -1.521  0.8080E-01  0.1186E-01  0.1186E-01  0.1186E-01  0.0000E+00  0.0000E+00  0.0000E+00  0.0000E+00  0.0000E+00
     -1.438  0.7627E-01  0.1137E-01  0.1137E-01  0.1137E-01  0.0000E+00  0.0000E+00  0.0000E+00  0.0000E+00  0.0000E+00
     -1.355  0.7184E-01  0.1089E-01  0.1089E-01  0.1089E-01  0.0000E+00  0.0000E+00  0.0000E+00  0.0000E+00  0.0000E+00
     -1.272  0.6740E-01  0.1041E-01  0.1041E-01  0.1041E-01  0.0000E+00  0.0000E+00  0.0000E+00  0.0000E+00  0.0000E+00
     -1.189  0.6360E-01  0.9994E-02  0.9994E-02  0.9994E-02  0.0000E+00  0.0000E+00  0.0000E+00  0.0000E+00  0.0000E+00
     -1.106  0.6051E-01  0.9661E-02  0.9661E-02  0.9661E-02  0.0000E+00  0.0000E+00  0.0000E+00  0.0000E+00  0.0000E+00
     -1.023  0.5733E-01  0.9317E-02  0.9317E-02  0.9317E-02  0.0000E+00  0.0000E+00  0.0000E+00  0.0000E+00  0.0000E+00
     -0.940  0.5415E-01  0.8968E-02  0.8968E-02  0.8968E-02  0.0000E+00  0.0000E+00  0.0000E+00  0.0000E+00  0.0000E+00
     -0.857  0.5077E-01  0.8585E-02  0.8585E-02  0.8585E-02  0.0000E+00  0.0000E+00  0.0000E+00  0.0000E+00  0.0000E+00
     -0.774  0.4852E-01  0.8336E-02  0.8336E-02  0.8336E-02  0.0000E+00  0.0000E+00  0.0000E+00  0.0000E+00  0.0000E+00
     -0.691  0.4621E-01  0.8077E-02  0.8077E-02  0.8077E-02  0.0000E+00  0.0000E+00  0.0000E+00  0.0000E+00  0.0000E+00
     -0.608  0.4388E-01  0.7813E-02  0.7813E-02  0.7813E-02  0.0000E+00  0.0000E+00  0.0000E+00  0.0000E+00  0.0000E+00
     -0.525  0.4138E-01  0.7518E-02  0.7518E-02  0.7518E-02  0.0000E+00  0.0000E+00  0.0000E+00  0.0000E+00  0.0000E+00
     -0.442  0.3888E-01  0.7214E-02  0.7214E-02  0.7214E-02  0.0000E+00  0.0000E+00  0.0000E+00  0.0000E+00  0.0000E+00
     -0.359  0.3719E-01  0.7014E-02  0.7014E-02  0.7014E-02  0.0000E+00  0.0000E+00  0.0000E+00  0.0000E+00  0.0000E+00
     -0.276  0.3549E-01  0.6812E-02  0.6812E-02  0.6812E-02  0.0000E+00  0.0000E+00  0.0000E+00  0.0000E+00  0.0000E+00
     -0.193  0.3367E-01  0.6587E-02  0.6587E-02  0.6587E-02  0.0000E+00  0.0000E+00  0.0000E+00  0.0000E+00  0.0000E+00
     -0.109  0.3183E-01  0.6354E-02  0.6354E-02  0.6354E-02  0.0000E+00  0.0000E+00  0.0000E+00  0.0000E+00  0.0000E+00
     -0.026  0.2979E-01  0.6082E-02  0.6082E-02  0.6082E-02  0.0000E+00  0.0000E+00  0.0000E+00  0.0000E+00  0.0000E+00
      0.057  0.2841E-01  0.5902E-02  0.5902E-02  0.5902E-02  0.0000E+00  0.0000E+00  0.0000E+00  0.0000E+00  0.0000E+00
      0.140  0.2709E-01  0.5729E-02  0.5729E-02  0.5729E-02  0.0000E+00  0.0000E+00  0.0000E+00  0.0000E+00  0.0000E+00
      0.223  0.2577E-01  0.5553E-02  0.5553E-02  0.5553E-02  0.0000E+00  0.0000E+00  0.0000E+00  0.0000E+00  0.0000E+00
      0.306  0.2434E-01  0.5355E-02  0.5355E-02  0.5355E-02  0.0000E+00  0.0000E+00  0.0000E+00  0.0000E+00  0.0000E+00
      0.389  0.2397E-01  0.2360E-01  0.2360E-01  0.2360E-01  0.0000E+00  0.0000E+00  0.0000E+00  0.0000E+00  0.0000E+00
      0.472  0.2428E-01  0.3859E-01  0.3859E-01  0.3859E-01  0.0000E+00  0.0000E+00  0.0000E+00  0.0000E+00  0.0000E+00
      0.555  0.2603E-01  0.5741E-01  0.5741E-01  0.5741E-01  0.0000E+00  0.0000E+00  0.0000E+00  0.0000E+00  0.0000E+00
      0.638  0.2811E-01  0.7055E-01  0.7055E-01  0.7055E-01  0.0000E+00  0.0000E+00  0.0000E+00  0.0000E+00  0.0000E+00
      0.721  0.2807E-01  0.6391E-01  0.6391E-01  0.6391E-01  0.0000E+00  0.0000E+00  0.0000E+00  0.0000E+00  0.0000E+00
      0.804  0.2802E-01  0.5954E-01  0.5954E-01  0.5954E-01  0.0000E+00  0.0000E+00  0.0000E+00  0.0000E+00  0.0000E+00
      0.887  0.2746E-01  0.5586E-01  0.5586E-01  0.5586E-01  0.0000E+00  0.0000E+00  0.0000E+00  0.0000E+00  0.0000E+00
      0.970  0.2714E-01  0.5541E-01  0.5541E-01  0.5541E-01  0.0000E+00  0.0000E+00  0.0000E+00  0.0000E+00  0.0000E+00
      1.053  0.2689E-01  0.5586E-01  0.5586E-01  0.5586E-01  0.0000E+00  0.0000E+00  0.0000E+00  0.0000E+00  0.0000E+00
      1.136  0.2653E-01  0.6052E-01  0.6052E-01  0.6052E-01  0.0000E+00  0.0000E+00  0.0000E+00  0.0000E+00  0.0000E+00
      1.219  0.2595E-01  0.5926E-01  0.5926E-01  0.5926E-01  0.0000E+00  0.0000E+00  0.0000E+00  0.0000E+00  0.0000E+00
      1.302  0.2529E-01  0.6210E-01  0.6210E-01  0.6210E-01  0.0000E+00  0.0000E+00  0.0000E+00  0.0000E+00  0.0000E+00
      1.386  0.2455E-01  0.6639E-01  0.6639E-01  0.6639E-01  0.0000E+00  0.0000E+00  0.0000E+00  0.0000E+00  0.0000E+00
      1.469  0.2349E-01  0.7055E-01  0.7055E-01  0.7055E-01  0.0000E+00  0.0000E+00  0.0000E+00  0.0000E+00  0.0000E+00
      1.552  0.2298E-01  0.8078E-01  0.8078E-01  0.8078E-01  0.0000E+00  0.0000E+00  0.0000E+00  0.0000E+00  0.0000E+00
      1.635  0.2228E-01  0.9778E-01  0.9778E-01  0.9778E-01  0.0000E+00  0.0000E+00  0.0000E+00  0.0000E+00  0.0000E+00
      1.718  0.2140E-01  0.9379E-01  0.9379E-01  0.9379E-01  0.0000E+00  0.0000E+00  0.0000E+00  0.0000E+00  0.0000E+00
      1.801  0.2046E-01  0.9310E-01  0.9310E-01  0.9310E-01  0.0000E+00  0.0000E+00  0.0000E+00  0.0000E+00  0.0000E+00
      1.884  0.1938E-01  0.9232E-01  0.9232E-01  0.9232E-01  0.0000E+00  0.0000E+00  0.0000E+00  0.0000E+00  0.0000E+00
      1.967  0.1828E-01  0.9142E-01  0.9142E-01  0.9142E-01  0.0000E+00  0.0000E+00  0.0000E+00  0.0000E+00  0.0000E+00
      2.050  0.1751E-01  0.8994E-01  0.8994E-01  0.8994E-01  0.0000E+00  0.0000E+00  0.0000E+00  0.0000E+00  0.0000E+00
      2.133  0.1675E-01  0.8966E-01  0.8966E-01  0.8966E-01  0.0000E+00  0.0000E+00  0.0000E+00  0.0000E+00  0.0000E+00
      2.216  0.1587E-01  0.8884E-01  0.8884E-01  0.8884E-01  0.0000E+00  0.0000E+00  0.0000E+00  0.0000E+00  0.0000E+00
      2.299  0.1488E-01  0.8824E-01  0.8824E-01  0.8824E-01  0.0000E+00  0.0000E+00  0.0000E+00  0.0000E+00  0.0000E+00
      2.382  0.1395E-01  0.8703E-01  0.8703E-01  0.8703E-01  0.0000E+00  0.0000E+00  0.0000E+00  0.0000E+00  0.0000E+00
      2.465  0.1293E-01  0.8608E-01  0.8608E-01  0.8608E-01  0.0000E+00  0.0000E+00  0.0000E+00  0.0000E+00  0.0000E+00
      2.548  0.1205E-01  0.8579E-01  0.8579E-01  0.8579E-01  0.0000E+00  0.0000E+00  0.0000E+00  0.0000E+00  0.0000E+00
      2.631  0.1118E-01  0.8505E-01  0.8505E-01  0.8505E-01  0.0000E+00  0.0000E+00  0.0000E+00  0.0000E+00  0.0000E+00
      2.714  0.1023E-01  0.8427E-01  0.8427E-01  0.8427E-01  0.0000E+00  0.0000E+00  0.0000E+00  0.0000E+00  0.0000E+00
      2.798  0.9252E-02  0.8367E-01  0.8367E-01  0.8367E-01  0.0000E+00  0.0000E+00  0.0000E+00  0.0000E+00  0.0000E+00
      2.881  0.8255E-02  0.8352E-01  0.8352E-01  0.8352E-01  0.0000E+00  0.0000E+00  0.0000E+00  0.0000E+00  0.0000E+00
      2.964  0.7265E-02  0.8384E-01  0.8384E-01  0.8384E-01  0.0000E+00  0.0000E+00  0.0000E+00  0.0000E+00  0.0000E+00
      3.047  0.6149E-02  0.8281E-01  0.8281E-01  0.8281E-01  0.0000E+00  0.0000E+00  0.0000E+00  0.0000E+00  0.0000E+00
      3.130  0.5319E-02  0.6652E-01  0.6652E-01  0.6652E-01  0.0000E+00  0.0000E+00  0.0000E+00  0.0000E+00  0.0000E+00
      3.213  0.4870E-02  0.5403E-01  0.5403E-01  0.5403E-01  0.0000E+00  0.0000E+00  0.0000E+00  0.0000E+00  0.0000E+00
      3.296  0.4359E-02  0.4672E-01  0.4672E-01  0.4672E-01  0.0000E+00  0.0000E+00  0.0000E+00  0.0000E+00  0.0000E+00
      3.379  0.3920E-02  0.4112E-01  0.4112E-01  0.4112E-01  0.0000E+00  0.0000E+00  0.0000E+00  0.0000E+00  0.0000E+00
      3.462  0.3236E-02  0.3611E-01  0.3611E-01  0.3611E-01  0.0000E+00  0.0000E+00  0.0000E+00  0.0000E+00  0.0000E+00
      3.545  0.2639E-02  0.3206E-01  0.3206E-01  0.3206E-01  0.0000E+00  0.0000E+00  0.0000E+00  0.0000E+00  0.0000E+00
      3.628  0.2161E-02  0.2807E-01  0.2807E-01  0.2807E-01  0.0000E+00  0.0000E+00  0.0000E+00  0.0000E+00  0.0000E+00
      3.711  0.1702E-02  0.2448E-01  0.2448E-01  0.2448E-01  0.0000E+00  0.0000E+00  0.0000E+00  0.0000E+00  0.0000E+00
      3.794  0.1368E-02  0.2096E-01  0.2096E-01  0.2096E-01  0.0000E+00  0.0000E+00  0.0000E+00  0.0000E+00  0.0000E+00
      3.877  0.9708E-03  0.1786E-01  0.1786E-01  0.1786E-01  0.0000E+00  0.0000E+00  0.0000E+00  0.0000E+00  0.0000E+00
      3.960  0.6596E-03  0.1425E-01  0.1425E-01  0.1425E-01  0.0000E+00  0.0000E+00  0.0000E+00  0.0000E+00  0.0000E+00
      4.043  0.3588E-03  0.1111E-01  0.1111E-01  0.1111E-01  0.0000E+00  0.0000E+00  0.0000E+00  0.0000E+00  0.0000E+00
      4.126  0.1144E-03  0.6128E-02  0.6128E-02  0.6128E-02  0.0000E+00  0.0000E+00  0.0000E+00  0.0000E+00  0.0000E+00
      4.210  0.3048E-07  0.2880E-04  0.2880E-04  0.2880E-04  0.0000E+00  0.0000E+00  0.0000E+00  0.0000E+00  0.0000E+00
      4.293  0.0000E+00  0.0000E+00  0.0000E+00  0.0000E+00  0.0000E+00  0.0000E+00  0.0000E+00  0.0000E+00  0.0000E+00
      4.376  0.0000E+00  0.0000E+00  0.0000E+00  0.0000E+00  0.0000E+00  0.0000E+00  0.0000E+00  0.0000E+00  0.0000E+00
      4.459  0.0000E+00  0.0000E+00  0.0000E+00  0.0000E+00  0.0000E+00  0.0000E+00  0.0000E+00  0.0000E+00  0.0000E+00
      4.542  0.0000E+00  0.0000E+00  0.0000E+00  0.0000E+00  0.0000E+00  0.0000E+00  0.0000E+00  0.0000E+00  0.0000E+00
      4.625  0.0000E+00  0.0000E+00  0.0000E+00  0.0000E+00  0.0000E+00  0.0000E+00  0.0000E+00  0.0000E+00  0.0000E+00
      4.708  0.0000E+00  0.0000E+00  0.0000E+00  0.0000E+00  0.0000E+00  0.0000E+00  0.0000E+00  0.0000E+00  0.0000E+00
      4.791  0.0000E+00  0.0000E+00  0.0000E+00  0.0000E+00  0.0000E+00  0.0000E+00  0.0000E+00  0.0000E+00  0.0000E+00
      4.874  0.0000E+00  0.0000E+00  0.0000E+00  0.0000E+00  0.0000E+00  0.0000E+00  0.0000E+00  0.0000E+00  0.0000E+00
      4.957  0.0000E+00  0.0000E+00  0.0000E+00  0.0000E+00  0.0000E+00  0.0000E+00  0.0000E+00  0.0000E+00  0.0000E+00
      5.040  0.0000E+00  0.0000E+00  0.0000E+00  0.0000E+00  0.0000E+00  0.0000E+00  0.0000E+00  0.0000E+00  0.0000E+00
      5.123  0.0000E+00  0.0000E+00  0.0000E+00  0.0000E+00  0.0000E+00  0.0000E+00  0.0000E+00  0.0000E+00  0.0000E+00
      5.206  0.0000E+00  0.0000E+00  0.0000E+00  0.0000E+00  0.0000E+00  0.0000E+00  0.0000E+00  0.0000E+00  0.0000E+00
      5.289  0.4064E-02  0.1614E-02  0.1614E-02  0.1614E-02  0.0000E+00  0.0000E+00  0.0000E+00  0.0000E+00  0.0000E+00
      5.372  0.8440E-02  0.3455E-02  0.3455E-02  0.3455E-02  0.0000E+00  0.0000E+00  0.0000E+00  0.0000E+00  0.0000E+00
      5.455  0.1239E-01  0.5180E-02  0.5180E-02  0.5180E-02  0.0000E+00  0.0000E+00  0.0000E+00  0.0000E+00  0.0000E+00
      5.538  0.1937E-01  0.7349E-02  0.7349E-02  0.7349E-02  0.0000E+00  0.0000E+00  0.0000E+00  0.0000E+00  0.0000E+00
      5.621  0.3024E-01  0.9362E-02  0.9362E-02  0.9362E-02  0.0000E+00  0.0000E+00  0.0000E+00  0.0000E+00  0.0000E+00
      5.705  0.3747E-01  0.1142E-01  0.1142E-01  0.1142E-01  0.0000E+00  0.0000E+00  0.0000E+00  0.0000E+00  0.0000E+00
      5.788  0.4415E-01  0.1362E-01  0.1362E-01  0.1362E-01  0.0000E+00  0.0000E+00  0.0000E+00  0.0000E+00  0.0000E+00
      5.871  0.5136E-01  0.1607E-01  0.1607E-01  0.1607E-01  0.0000E+00  0.0000E+00  0.0000E+00  0.0000E+00  0.0000E+00
      5.954  0.5827E-01  0.1860E-01  0.1860E-01  0.1860E-01  0.0000E+00  0.0000E+00  0.0000E+00  0.0000E+00  0.0000E+00
      6.037  0.6491E-01  0.2124E-01  0.2124E-01  0.2124E-01  0.0000E+00  0.0000E+00  0.0000E+00  0.0000E+00  0.0000E+00
      6.120  0.7286E-01  0.2439E-01  0.2439E-01  0.2439E-01  0.0000E+00  0.0000E+00  0.0000E+00  0.0000E+00  0.0000E+00
      6.203  0.8173E-01  0.2790E-01  0.2790E-01  0.2790E-01  0.0000E+00  0.0000E+00  0.0000E+00  0.0000E+00  0.0000E+00
      6.286  0.9258E-01  0.3212E-01  0.3212E-01  0.3212E-01  0.0000E+00  0.0000E+00  0.0000E+00  0.0000E+00  0.0000E+00
      6.369  0.1122E+00  0.3925E-01  0.3925E-01  0.3925E-01  0.0000E+00  0.0000E+00  0.0000E+00  0.0000E+00  0.0000E+00
      6.452  0.1432E+00  0.4994E-01  0.4994E-01  0.4994E-01  0.0000E+00  0.0000E+00  0.0000E+00  0.0000E+00  0.0000E+00
      6.535  0.1426E+00  0.5108E-01  0.5108E-01  0.5108E-01  0.0000E+00  0.0000E+00  0.0000E+00  0.0000E+00  0.0000E+00
      6.618  0.1395E+00  0.5114E-01  0.5114E-01  0.5114E-01  0.0000E+00  0.0000E+00  0.0000E+00  0.0000E+00  0.0000E+00
      6.701  0.1216E+00  0.4775E-01  0.4775E-01  0.4775E-01  0.0000E+00  0.0000E+00  0.0000E+00  0.0000E+00  0.0000E+00
      6.784  0.1015E+00  0.4092E-01  0.4092E-01  0.4092E-01  0.0000E+00  0.0000E+00  0.0000E+00  0.0000E+00  0.0000E+00
      6.867  0.9126E-01  0.3918E-01  0.3918E-01  0.3918E-01  0.0000E+00  0.0000E+00  0.0000E+00  0.0000E+00  0.0000E+00
      6.950  0.8533E-01  0.3857E-01  0.3857E-01  0.3857E-01  0.0000E+00  0.0000E+00  0.0000E+00  0.0000E+00  0.0000E+00
      7.033  0.7753E-01  0.3776E-01  0.3776E-01  0.3776E-01  0.0000E+00  0.0000E+00  0.0000E+00  0.0000E+00  0.0000E+00
      7.117  0.6257E-01  0.3421E-01  0.3421E-01  0.3421E-01  0.0000E+00  0.0000E+00  0.0000E+00  0.0000E+00  0.0000E+00
      7.200  0.5753E-01  0.3480E-01  0.3480E-01  0.3480E-01  0.0000E+00  0.0000E+00  0.0000E+00  0.0000E+00  0.0000E+00
      7.283  0.5001E-01  0.3326E-01  0.3326E-01  0.3326E-01  0.0000E+00  0.0000E+00  0.0000E+00  0.0000E+00  0.0000E+00
      7.366  0.4811E-01  0.3397E-01  0.3397E-01  0.3397E-01  0.0000E+00  0.0000E+00  0.0000E+00  0.0000E+00  0.0000E+00
      7.449  0.4886E-01  0.3620E-01  0.3620E-01  0.3620E-01  0.0000E+00  0.0000E+00  0.0000E+00  0.0000E+00  0.0000E+00
      7.532  0.5341E-01  0.4070E-01  0.4070E-01  0.4070E-01  0.0000E+00  0.0000E+00  0.0000E+00  0.0000E+00  0.0000E+00
      7.615  0.5383E-01  0.4437E-01  0.4437E-01  0.4437E-01  0.0000E+00  0.0000E+00  0.0000E+00  0.0000E+00  0.0000E+00
      7.698  0.6568E-01  0.6781E-01  0.6781E-01  0.6781E-01  0.0000E+00  0.0000E+00  0.0000E+00  0.0000E+00  0.0000E+00
      7.781  0.1026E+00  0.1132E+00  0.1132E+00  0.1132E+00  0.0000E+00  0.0000E+00  0.0000E+00  0.0000E+00  0.0000E+00
      7.864  0.8560E-01  0.8667E-01  0.8667E-01  0.8667E-01  0.0000E+00  0.0000E+00  0.0000E+00  0.0000E+00  0.0000E+00
      7.947  0.5719E-01  0.6384E-01  0.6384E-01  0.6384E-01  0.0000E+00  0.0000E+00  0.0000E+00  0.0000E+00  0.0000E+00
      8.030  0.4308E-01  0.6008E-01  0.6008E-01  0.6008E-01  0.0000E+00  0.0000E+00  0.0000E+00  0.0000E+00  0.0000E+00
      8.113  0.4216E-01  0.5855E-01  0.5855E-01  0.5855E-01  0.0000E+00  0.0000E+00  0.0000E+00  0.0000E+00  0.0000E+00
      8.196  0.3813E-01  0.5505E-01  0.5505E-01  0.5505E-01  0.0000E+00  0.0000E+00  0.0000E+00  0.0000E+00  0.0000E+00
      8.279  0.3311E-01  0.4987E-01  0.4987E-01  0.4987E-01  0.0000E+00  0.0000E+00  0.0000E+00  0.0000E+00  0.0000E+00
      8.362  0.3156E-01  0.4754E-01  0.4754E-01  0.4754E-01  0.0000E+00  0.0000E+00  0.0000E+00  0.0000E+00  0.0000E+00
      8.445  0.2718E-01  0.4401E-01  0.4401E-01  0.4401E-01  0.0000E+00  0.0000E+00  0.0000E+00  0.0000E+00  0.0000E+00
      8.529  0.2590E-01  0.4281E-01  0.4281E-01  0.4281E-01  0.0000E+00  0.0000E+00  0.0000E+00  0.0000E+00  0.0000E+00
      8.612  0.2592E-01  0.4343E-01  0.4343E-01  0.4343E-01  0.0000E+00  0.0000E+00  0.0000E+00  0.0000E+00  0.0000E+00
      8.695  0.2737E-01  0.4611E-01  0.4611E-01  0.4611E-01  0.0000E+00  0.0000E+00  0.0000E+00  0.0000E+00  0.0000E+00
      8.778  0.2943E-01  0.5103E-01  0.5103E-01  0.5103E-01  0.0000E+00  0.0000E+00  0.0000E+00  0.0000E+00  0.0000E+00
      8.861  0.3066E-01  0.5453E-01  0.5453E-01  0.5453E-01  0.0000E+00  0.0000E+00  0.0000E+00  0.0000E+00  0.0000E+00
      8.944  0.3054E-01  0.5773E-01  0.5773E-01  0.5773E-01  0.0000E+00  0.0000E+00  0.0000E+00  0.0000E+00  0.0000E+00
      9.027  0.3268E-01  0.5572E-01  0.5572E-01  0.5572E-01  0.0000E+00  0.0000E+00  0.0000E+00  0.0000E+00  0.0000E+00
      9.110  0.3261E-01  0.5118E-01  0.5118E-01  0.5118E-01  0.0000E+00  0.0000E+00  0.0000E+00  0.0000E+00  0.0000E+00
      9.193  0.3380E-01  0.5239E-01  0.5239E-01  0.5239E-01  0.0000E+00  0.0000E+00  0.0000E+00  0.0000E+00  0.0000E+00
      9.276  0.3357E-01  0.5059E-01  0.5059E-01  0.5059E-01  0.0000E+00  0.0000E+00  0.0000E+00  0.0000E+00  0.0000E+00
      9.359  0.3342E-01  0.4948E-01  0.4948E-01  0.4948E-01  0.0000E+00  0.0000E+00  0.0000E+00  0.0000E+00  0.0000E+00
      9.442  0.3437E-01  0.4949E-01  0.4949E-01  0.4949E-01  0.0000E+00  0.0000E+00  0.0000E+00  0.0000E+00  0.0000E+00
      9.525  0.3558E-01  0.5055E-01  0.5055E-01  0.5055E-01  0.0000E+00  0.0000E+00  0.0000E+00  0.0000E+00  0.0000E+00
      9.608  0.3401E-01  0.4935E-01  0.4935E-01  0.4935E-01  0.0000E+00  0.0000E+00  0.0000E+00  0.0000E+00  0.0000E+00
      9.691  0.3346E-01  0.4749E-01  0.4749E-01  0.4749E-01  0.0000E+00  0.0000E+00  0.0000E+00  0.0000E+00  0.0000E+00
      9.774  0.3237E-01  0.4686E-01  0.4686E-01  0.4686E-01  0.0000E+00  0.0000E+00  0.0000E+00  0.0000E+00  0.0000E+00
      9.857  0.3087E-01  0.4593E-01  0.4593E-01  0.4593E-01  0.0000E+00  0.0000E+00  0.0000E+00  0.0000E+00  0.0000E+00
      9.940  0.2917E-01  0.4442E-01  0.4442E-01  0.4442E-01  0.0000E+00  0.0000E+00  0.0000E+00  0.0000E+00  0.0000E+00
     10.024  0.2781E-01  0.4400E-01  0.4400E-01  0.4400E-01  0.0000E+00  0.0000E+00  0.0000E+00  0.0000E+00  0.0000E+00
     10.107  0.2678E-01  0.4351E-01  0.4351E-01  0.4351E-01  0.0000E+00  0.0000E+00  0.0000E+00  0.0000E+00  0.0000E+00
     10.190  0.2700E-01  0.4368E-01  0.4368E-01  0.4368E-01  0.0000E+00  0.0000E+00  0.0000E+00  0.0000E+00  0.0000E+00
     10.273  0.2933E-01  0.4701E-01  0.4701E-01  0.4701E-01  0.0000E+00  0.0000E+00  0.0000E+00  0.0000E+00  0.0000E+00
     10.356  0.2490E-01  0.4270E-01  0.4270E-01  0.4270E-01  0.0000E+00  0.0000E+00  0.0000E+00  0.0000E+00  0.0000E+00
     10.439  0.2027E-01  0.3680E-01  0.3680E-01  0.3680E-01  0.0000E+00  0.0000E+00  0.0000E+00  0.0000E+00  0.0000E+00
     10.522  0.1999E-01  0.3773E-01  0.3773E-01  0.3773E-01  0.0000E+00  0.0000E+00  0.0000E+00  0.0000E+00  0.0000E+00
     10.605  0.1935E-01  0.3783E-01  0.3783E-01  0.3783E-01  0.0000E+00  0.0000E+00  0.0000E+00  0.0000E+00  0.0000E+00
     10.688  0.2015E-01  0.4020E-01  0.4020E-01  0.4020E-01  0.0000E+00  0.0000E+00  0.0000E+00  0.0000E+00  0.0000E+00
     10.771  0.2090E-01  0.4250E-01  0.4250E-01  0.4250E-01  0.0000E+00  0.0000E+00  0.0000E+00  0.0000E+00  0.0000E+00
     10.854  0.2107E-01  0.4364E-01  0.4364E-01  0.4364E-01  0.0000E+00  0.0000E+00  0.0000E+00  0.0000E+00  0.0000E+00
     10.937  0.2131E-01  0.4441E-01  0.4441E-01  0.4441E-01  0.0000E+00  0.0000E+00  0.0000E+00  0.0000E+00  0.0000E+00
     11.020  0.1988E-01  0.4235E-01  0.4235E-01  0.4235E-01  0.0000E+00  0.0000E+00  0.0000E+00  0.0000E+00  0.0000E+00
     11.103  0.1888E-01  0.4056E-01  0.4056E-01  0.4056E-01  0.0000E+00  0.0000E+00  0.0000E+00  0.0000E+00  0.0000E+00
     11.186  0.1458E-01  0.3434E-01  0.3434E-01  0.3434E-01  0.0000E+00  0.0000E+00  0.0000E+00  0.0000E+00  0.0000E+00
     11.269  0.1352E-01  0.3312E-01  0.3312E-01  0.3312E-01  0.0000E+00  0.0000E+00  0.0000E+00  0.0000E+00  0.0000E+00
     11.352  0.1275E-01  0.3235E-01  0.3235E-01  0.3235E-01  0.0000E+00  0.0000E+00  0.0000E+00  0.0000E+00  0.0000E+00
     11.436  0.1190E-01  0.3140E-01  0.3140E-01  0.3140E-01  0.0000E+00  0.0000E+00  0.0000E+00  0.0000E+00  0.0000E+00
     11.519  0.1028E-01  0.2888E-01  0.2888E-01  0.2888E-01  0.0000E+00  0.0000E+00  0.0000E+00  0.0000E+00  0.0000E+00
     11.602  0.9368E-02  0.2766E-01  0.2766E-01  0.2766E-01  0.0000E+00  0.0000E+00  0.0000E+00  0.0000E+00  0.0000E+00
     11.685  0.8638E-02  0.2658E-01  0.2658E-01  0.2658E-01  0.0000E+00  0.0000E+00  0.0000E+00  0.0000E+00  0.0000E+00
     11.768  0.8041E-02  0.2575E-01  0.2575E-01  0.2575E-01  0.0000E+00  0.0000E+00  0.0000E+00  0.0000E+00  0.0000E+00
     11.851  0.7630E-02  0.2535E-01  0.2535E-01  0.2535E-01  0.0000E+00  0.0000E+00  0.0000E+00  0.0000E+00  0.0000E+00
     11.934  0.6884E-02  0.2440E-01  0.2440E-01  0.2440E-01  0.0000E+00  0.0000E+00  0.0000E+00  0.0000E+00  0.0000E+00
     12.017  0.5581E-02  0.2260E-01  0.2260E-01  0.2260E-01  0.0000E+00  0.0000E+00  0.0000E+00  0.0000E+00  0.0000E+00
     12.100  0.5082E-02  0.2242E-01  0.2242E-01  0.2242E-01  0.0000E+00  0.0000E+00  0.0000E+00  0.0000E+00  0.0000E+00
     12.183  0.4562E-02  0.2265E-01  0.2265E-01  0.2265E-01  0.0000E+00  0.0000E+00  0.0000E+00  0.0000E+00  0.0000E+00
     12.266  0.3879E-02  0.2749E-01  0.2749E-01  0.2749E-01  0.0000E+00  0.0000E+00  0.0000E+00  0.0000E+00  0.0000E+00
     12.349  0.2634E-02  0.1437E-01  0.1437E-01  0.1437E-01  0.0000E+00  0.0000E+00  0.0000E+00  0.0000E+00  0.0000E+00
     12.432  0.2231E-02  0.1178E-01  0.1178E-01  0.1178E-01  0.0000E+00  0.0000E+00  0.0000E+00  0.0000E+00  0.0000E+00
     12.515  0.1988E-02  0.1100E-01  0.1100E-01  0.1100E-01  0.0000E+00  0.0000E+00  0.0000E+00  0.0000E+00  0.0000E+00
     12.598  0.1816E-02  0.1044E-01  0.1044E-01  0.1044E-01  0.0000E+00  0.0000E+00  0.0000E+00  0.0000E+00  0.0000E+00
     12.681  0.1699E-02  0.1008E-01  0.1008E-01  0.1008E-01  0.0000E+00  0.0000E+00  0.0000E+00  0.0000E+00  0.0000E+00
     12.764  0.1490E-02  0.9430E-02  0.9430E-02  0.9430E-02  0.0000E+00  0.0000E+00  0.0000E+00  0.0000E+00  0.0000E+00
     12.848  0.1076E-02  0.8462E-02  0.8462E-02  0.8462E-02  0.0000E+00  0.0000E+00  0.0000E+00  0.0000E+00  0.0000E+00
     12.931  0.9218E-03  0.8215E-02  0.8215E-02  0.8215E-02  0.0000E+00  0.0000E+00  0.0000E+00  0.0000E+00  0.0000E+00
     13.014  0.7292E-03  0.6857E-02  0.6857E-02  0.6857E-02  0.0000E+00  0.0000E+00  0.0000E+00  0.0000E+00  0.0000E+00
     13.097  0.5656E-03  0.5730E-02  0.5730E-02  0.5730E-02  0.0000E+00  0.0000E+00  0.0000E+00  0.0000E+00  0.0000E+00
     13.180  0.4299E-03  0.4864E-02  0.4864E-02  0.4864E-02  0.0000E+00  0.0000E+00  0.0000E+00  0.0000E+00  0.0000E+00
     13.263  0.3212E-03  0.4238E-02  0.4238E-02  0.4238E-02  0.0000E+00  0.0000E+00  0.0000E+00  0.0000E+00  0.0000E+00
     13.346  0.2654E-03  0.4129E-02  0.4129E-02  0.4129E-02  0.0000E+00  0.0000E+00  0.0000E+00  0.0000E+00  0.0000E+00
     13.429  0.1962E-03  0.3720E-02  0.3720E-02  0.3720E-02  0.0000E+00  0.0000E+00  0.0000E+00  0.0000E+00  0.0000E+00
     13.512  0.5189E-04  0.1931E-02  0.1931E-02  0.1931E-02  0.0000E+00  0.0000E+00  0.0000E+00  0.0000E+00  0.0000E+00
     13.595  0.1192E-04  0.4436E-03  0.4436E-03  0.4436E-03  0.0000E+00  0.0000E+00  0.0000E+00  0.0000E+00  0.0000E+00
     13.678  0.0000E+00  0.0000E+00  0.0000E+00  0.0000E+00  0.0000E+00  0.0000E+00  0.0000E+00  0.0000E+00  0.0000E+00
     13.761  0.0000E+00  0.0000E+00  0.0000E+00  0.0000E+00  0.0000E+00  0.0000E+00  0.0000E+00  0.0000E+00  0.0000E+00
     13.844  0.0000E+00  0.0000E+00  0.0000E+00  0.0000E+00  0.0000E+00  0.0000E+00  0.0000E+00  0.0000E+00  0.0000E+00
     13.927  0.0000E+00  0.0000E+00  0.0000E+00  0.0000E+00  0.0000E+00  0.0000E+00  0.0000E+00  0.0000E+00  0.0000E+00
     14.010  0.0000E+00  0.0000E+00  0.0000E+00  0.0000E+00  0.0000E+00  0.0000E+00  0.0000E+00  0.0000E+00  0.0000E+00
     14.093  0.0000E+00  0.0000E+00  0.0000E+00  0.0000E+00  0.0000E+00  0.0000E+00  0.0000E+00  0.0000E+00  0.0000E+00
     14.176  0.0000E+00  0.0000E+00  0.0000E+00  0.0000E+00  0.0000E+00  0.0000E+00  0.0000E+00  0.0000E+00  0.0000E+00
     14.259  0.0000E+00  0.0000E+00  0.0000E+00  0.0000E+00  0.0000E+00  0.0000E+00  0.0000E+00  0.0000E+00  0.0000E+00
     14.343  0.0000E+00  0.0000E+00  0.0000E+00  0.0000E+00  0.0000E+00  0.0000E+00  0.0000E+00  0.0000E+00  0.0000E+00
     14.426  0.0000E+00  0.0000E+00  0.0000E+00  0.0000E+00  0.0000E+00  0.0000E+00  0.0000E+00  0.0000E+00  0.0000E+00
     14.509  0.0000E+00  0.0000E+00  0.0000E+00  0.0000E+00  0.0000E+00  0.0000E+00  0.0000E+00  0.0000E+00  0.0000E+00
     14.592  0.0000E+00  0.0000E+00  0.0000E+00  0.0000E+00  0.0000E+00  0.0000E+00  0.0000E+00  0.0000E+00  0.0000E+00
     14.675  0.0000E+00  0.0000E+00  0.0000E+00  0.0000E+00  0.0000E+00  0.0000E+00  0.0000E+00  0.0000E+00  0.0000E+00
     14.758  0.0000E+00  0.0000E+00  0.0000E+00  0.0000E+00  0.0000E+00  0.0000E+00  0.0000E+00  0.0000E+00  0.0000E+00
     14.841  0.0000E+00  0.0000E+00  0.0000E+00  0.0000E+00  0.0000E+00  0.0000E+00  0.0000E+00  0.0000E+00  0.0000E+00
     14.924  0.0000E+00  0.0000E+00  0.0000E+00  0.0000E+00  0.0000E+00  0.0000E+00  0.0000E+00  0.0000E+00  0.0000E+00
     15.007  0.0000E+00  0.0000E+00  0.0000E+00  0.0000E+00  0.0000E+00  0.0000E+00  0.0000E+00  0.0000E+00  0.0000E+00
     15.090  0.0000E+00  0.0000E+00  0.0000E+00  0.0000E+00  0.0000E+00  0.0000E+00  0.0000E+00  0.0000E+00  0.0000E+00
     15.173  0.0000E+00  0.0000E+00  0.0000E+00  0.0000E+00  0.0000E+00  0.0000E+00  0.0000E+00  0.0000E+00  0.0000E+00
     15.256  0.0000E+00  0.0000E+00  0.0000E+00  0.0000E+00  0.0000E+00  0.0000E+00  0.0000E+00  0.0000E+00  0.0000E+00
     15.339  0.0000E+00  0.0000E+00  0.0000E+00  0.0000E+00  0.0000E+00  0.0000E+00  0.0000E+00  0.0000E+00  0.0000E+00
     15.422  0.0000E+00  0.0000E+00  0.0000E+00  0.0000E+00  0.0000E+00  0.0000E+00  0.0000E+00  0.0000E+00  0.0000E+00
     15.505  0.0000E+00  0.0000E+00  0.0000E+00  0.0000E+00  0.0000E+00  0.0000E+00  0.0000E+00  0.0000E+00  0.0000E+00
     15.588  0.0000E+00  0.0000E+00  0.0000E+00  0.0000E+00  0.0000E+00  0.0000E+00  0.0000E+00  0.0000E+00  0.0000E+00
     15.671  0.0000E+00  0.0000E+00  0.0000E+00  0.0000E+00  0.0000E+00  0.0000E+00  0.0000E+00  0.0000E+00  0.0000E+00
     15.67147067     -9.24584226  301      5.21817732      1.00000000
     -9.246  0.0000E+00  0.0000E+00  0.0000E+00  0.0000E+00  0.0000E+00  0.0000E+00  0.0000E+00  0.0000E+00  0.0000E+00
     -9.163  0.0000E+00  0.0000E+00  0.0000E+00  0.0000E+00  0.0000E+00  0.0000E+00  0.0000E+00  0.0000E+00  0.0000E+00
     -9.080  0.0000E+00  0.0000E+00  0.0000E+00  0.0000E+00  0.0000E+00  0.0000E+00  0.0000E+00  0.0000E+00  0.0000E+00
     -8.997  0.0000E+00  0.0000E+00  0.0000E+00  0.0000E+00  0.0000E+00  0.0000E+00  0.0000E+00  0.0000E+00  0.0000E+00
     -8.914  0.0000E+00  0.0000E+00  0.0000E+00  0.0000E+00  0.0000E+00  0.0000E+00  0.0000E+00  0.0000E+00  0.0000E+00
     -8.831  0.0000E+00  0.0000E+00  0.0000E+00  0.0000E+00  0.0000E+00  0.0000E+00  0.0000E+00  0.0000E+00  0.0000E+00
     -8.747  0.0000E+00  0.0000E+00  0.0000E+00  0.0000E+00  0.0000E+00  0.0000E+00  0.0000E+00  0.0000E+00  0.0000E+00
     -8.664  0.0000E+00  0.0000E+00  0.0000E+00  0.0000E+00  0.0000E+00  0.0000E+00  0.0000E+00  0.0000E+00  0.0000E+00
     -8.581  0.0000E+00  0.0000E+00  0.0000E+00  0.0000E+00  0.0000E+00  0.0000E+00  0.0000E+00  0.0000E+00  0.0000E+00
     -8.498  0.0000E+00  0.0000E+00  0.0000E+00  0.0000E+00  0.0000E+00  0.0000E+00  0.0000E+00  0.0000E+00  0.0000E+00
     -8.415  0.0000E+00  0.0000E+00  0.0000E+00  0.0000E+00  0.0000E+00  0.0000E+00  0.0000E+00  0.0000E+00  0.0000E+00
     -8.332  0.0000E+00  0.0000E+00  0.0000E+00  0.0000E+00  0.0000E+00  0.0000E+00  0.0000E+00  0.0000E+00  0.0000E+00
     -8.249  0.0000E+00  0.0000E+00  0.0000E+00  0.0000E+00  0.0000E+00  0.0000E+00  0.0000E+00  0.0000E+00  0.0000E+00
     -8.166  0.0000E+00  0.0000E+00  0.0000E+00  0.0000E+00  0.0000E+00  0.0000E+00  0.0000E+00  0.0000E+00  0.0000E+00
     -8.083  0.0000E+00  0.0000E+00  0.0000E+00  0.0000E+00  0.0000E+00  0.0000E+00  0.0000E+00  0.0000E+00  0.0000E+00
     -8.000  0.0000E+00  0.0000E+00  0.0000E+00  0.0000E+00  0.0000E+00  0.0000E+00  0.0000E+00  0.0000E+00  0.0000E+00
     -7.917  0.0000E+00  0.0000E+00  0.0000E+00  0.0000E+00  0.0000E+00  0.0000E+00  0.0000E+00  0.0000E+00  0.0000E+00
     -7.834  0.0000E+00  0.0000E+00  0.0000E+00  0.0000E+00  0.0000E+00  0.0000E+00  0.0000E+00  0.0000E+00  0.0000E+00
     -7.751  0.0000E+00  0.0000E+00  0.0000E+00  0.0000E+00  0.0000E+00  0.0000E+00  0.0000E+00  0.0000E+00  0.0000E+00
     -7.668  0.0000E+00  0.0000E+00  0.0000E+00  0.0000E+00  0.0000E+00  0.0000E+00  0.0000E+00  0.0000E+00  0.0000E+00
     -7.585  0.0000E+00  0.0000E+00  0.0000E+00  0.0000E+00  0.0000E+00  0.0000E+00  0.0000E+00  0.0000E+00  0.0000E+00
     -7.502  0.0000E+00  0.0000E+00  0.0000E+00  0.0000E+00  0.0000E+00  0.0000E+00  0.0000E+00  0.0000E+00  0.0000E+00
     -7.419  0.0000E+00  0.0000E+00  0.0000E+00  0.0000E+00  0.0000E+00  0.0000E+00  0.0000E+00  0.0000E+00  0.0000E+00
     -7.336  0.0000E+00  0.0000E+00  0.0000E+00  0.0000E+00  0.0000E+00  0.0000E+00  0.0000E+00  0.0000E+00  0.0000E+00
     -7.252  0.0000E+00  0.0000E+00  0.0000E+00  0.0000E+00  0.0000E+00  0.0000E+00  0.0000E+00  0.0000E+00  0.0000E+00
     -7.169  0.2387E-01  0.2769E-04  0.2769E-04  0.2769E-04  0.0000E+00  0.0000E+00  0.0000E+00  0.0000E+00  0.0000E+00
     -7.086  0.3284E-01  0.8169E-04  0.8169E-04  0.8169E-04  0.0000E+00  0.0000E+00  0.0000E+00  0.0000E+00  0.0000E+00
     -7.003  0.3950E-01  0.1481E-03  0.1481E-03  0.1481E-03  0.0000E+00  0.0000E+00  0.0000E+00  0.0000E+00  0.0000E+00
     -6.920  0.4608E-01  0.2304E-03  0.2304E-03  0.2304E-03  0.0000E+00  0.0000E+00  0.0000E+00  0.0000E+00  0.0000E+00
     -6.837  0.5178E-01  0.3266E-03  0.3266E-03  0.3266E-03  0.0000E+00  0.0000E+00  0.0000E+00  0.0000E+00  0.0000E+00
     -6.754  0.5770E-01  0.4277E-03  0.4277E-03  0.4277E-03  0.0000E+00  0.0000E+00  0.0000E+00  0.0000E+00  0.0000E+00
     -6.671  0.6240E-01  0.5462E-03  0.5462E-03  0.5462E-03  0.0000E+00  0.0000E+00  0.0000E+00  0.0000E+00  0.0000E+00
     -6.588  0.6764E-01  0.6659E-03  0.6659E-03  0.6659E-03  0.0000E+00  0.0000E+00  0.0000E+00  0.0000E+00  0.0000E+00
     -6.505  0.7213E-01  0.8017E-03  0.8017E-03  0.8017E-03  0.0000E+00  0.0000E+00  0.0000E+00  0.0000E+00  0.0000E+00
     -6.422  0.7682E-01  0.9411E-03  0.9411E-03  0.9411E-03  0.0000E+00  0.0000E+00  0.0000E+00  0.0000E+00  0.0000E+00
     -6.339  0.8143E-01  0.1090E-02  0.1090E-02  0.1090E-02  0.0000E+00  0.0000E+00  0.0000E+00  0.0000E+00  0.0000E+00
     -6.256  0.8584E-01  0.1250E-02  0.1250E-02  0.1250E-02  0.0000E+00  0.0000E+00  0.0000E+00  0.0000E+00  0.0000E+00
     -6.173  0.9059E-01  0.1411E-02  0.1411E-02  0.1411E-02  0.0000E+00  0.0000E+00  0.0000E+00  0.0000E+00  0.0000E+00
     -6.090  0.9507E-01  0.1591E-02  0.1591E-02  0.1591E-02  0.0000E+00  0.0000E+00  0.0000E+00  0.0000E+00  0.0000E+00
     -6.007  0.9977E-01  0.1775E-02  0.1775E-02  0.1775E-02  0.0000E+00  0.0000E+00  0.0000E+00  0.0000E+00  0.0000E+00
     -5.924  0.1048E+00  0.1963E-02  0.1963E-02  0.1963E-02  0.0000E+00  0.0000E+00  0.0000E+00  0.0000E+00  0.0000E+00
     -5.840  0.1098E+00  0.2174E-02  0.2174E-02  0.2174E-02  0.0000E+00  0.0000E+00  0.0000E+00  0.0000E+00  0.0000E+00
     -5.757  0.1152E+00  0.2391E-02  0.2391E-02  0.2391E-02  0.0000E+00  0.0000E+00  0.0000E+00  0.0000E+00  0.0000E+00
     -5.674  0.1212E+00  0.2615E-02  0.2615E-02  0.2615E-02  0.0000E+00  0.0000E+00  0.0000E+00  0.0000E+00  0.0000E+00
     -5.591  0.1275E+00  0.2869E-02  0.2869E-02  0.2869E-02  0.0000E+00  0.0000E+00  0.0000E+00  0.0000E+00  0.0000E+00
     -5.508  0.1349E+00  0.3143E-02  0.3143E-02  0.3143E-02  0.0000E+00  0.0000E+00  0.0000E+00  0.0000E+00  0.0000E+00
     -5.425  0.1435E+00  0.3438E-02  0.3438E-02  0.3438E-02  0.0000E+00  0.0000E+00  0.0000E+00  0.0000E+00  0.0000E+00
     -5.342  0.1544E+00  0.3791E-02  0.3791E-02  0.3791E-02  0.0000E+00  0.0000E+00  0.0000E+00  0.0000E+00  0.0000E+00
     -5.259  0.1702E+00  0.4250E-02  0.4250E-02  0.4250E-02  0.0000E+00  0.0000E+00  0.0000E+00  0.0000E+00  0.0000E+00
     -5.176  0.2149E+00  0.5239E-02  0.5239E-02  0.5239E-02  0.0000E+00  0.0000E+00  0.0000E+00  0.0000E+00  0.0000E+00
     -5.093  0.2063E+00  0.5299E-02  0.5299E-02  0.5299E-02  0.0000E+00  0.0000E+00  0.0000E+00  0.0000E+00  0.0000E+00
     -5.010  0.1951E+00  0.5313E-02  0.5313E-02  0.5313E-02  0.0000E+00  0.0000E+00  0.0000E+00  0.0000E+00  0.0000E+00
     -4.927  0.1862E+00  0.5322E-02  0.5322E-02  0.5322E-02  0.0000E+00  0.0000E+00  0.0000E+00  0.0000E+00  0.0000E+00
     -4.844  0.1801E+00  0.5380E-02  0.5380E-02  0.5380E-02  0.0000E+00  0.0000E+00  0.0000E+00  0.0000E+00  0.0000E+00
     -4.761  0.1730E+00  0.5412E-02  0.5412E-02  0.5412E-02  0.0000E+00  0.0000E+00  0.0000E+00  0.0000E+00  0.0000E+00
     -4.678  0.1647E+00  0.5381E-02  0.5381E-02  0.5381E-02  0.0000E+00  0.0000E+00  0.0000E+00  0.0000E+00  0.0000E+00
     -4.595  0.1584E+00  0.5382E-02  0.5382E-02  0.5382E-02  0.0000E+00  0.0000E+00  0.0000E+00  0.0000E+00  0.0000E+00
     -4.512  0.1505E+00  0.5340E-02  0.5340E-02  0.5340E-02  0.0000E+00  0.0000E+00  0.0000E+00  0.0000E+00  0.0000E+00
     -4.428  0.1433E+00  0.5278E-02  0.5278E-02  0.5278E-02  0.0000E+00  0.0000E+00  0.0000E+00  0.0000E+00  0.0000E+00
     -4.345  0.1363E+00  0.5206E-02  0.5206E-02  0.5206E-02  0.0000E+00  0.0000E+00  0.0000E+00  0.0000E+00  0.0000E+00
     -4.262  0.1279E+00  0.5091E-02  0.5091E-02  0.5091E-02  0.0000E+00  0.0000E+00  0.0000E+00  0.0000E+00  0.0000E+00
     -4.179  0.1207E+00  0.4969E-02  0.4969E-02  0.4969E-02  0.0000E+00  0.0000E+00  0.0000E+00  0.0000E+00  0.0000E+00
     -4.096  0.1123E+00  0.4802E-02  0.4802E-02  0.4802E-02  0.0000E+00  0.0000E+00  0.0000E+00  0.0000E+00  0.0000E+00
     -4.013  0.1040E+00  0.4615E-02  0.4615E-02  0.4615E-02  0.0000E+00  0.0000E+00  0.0000E+00  0.0000E+00  0.0000E+00
     -3.930  0.9600E-01  0.4402E-02  0.4402E-02  0.4402E-02  0.0000E+00  0.0000E+00  0.0000E+00  0.0000E+00  0.0000E+00
     -3.847  0.8660E-01  0.4141E-02  0.4141E-02  0.4141E-02  0.0000E+00  0.0000E+00  0.0000E+00  0.0000E+00  0.0000E+00
     -3.764  0.7802E-01  0.3865E-02  0.3865E-02  0.3865E-02  0.0000E+00  0.0000E+00  0.0000E+00  0.0000E+00  0.0000E+00
     -3.681  0.6752E-01  0.3500E-02  0.3500E-02  0.3500E-02  0.0000E+00  0.0000E+00  0.0000E+00  0.0000E+00  0.0000E+00
     -3.598  0.4823E-01  0.2627E-02  0.2627E-02  0.2627E-02  0.0000E+00  0.0000E+00  0.0000E+00  0.0000E+00  0.0000E+00
     -3.515  0.1976E-01  0.1088E-02  0.1088E-02  0.1088E-02  0.0000E+00  0.0000E+00  0.0000E+00  0.0000E+00  0.0000E+00
     -3.432  0.5455E-02  0.2994E-03  0.2994E-03  0.2994E-03  0.0000E+00  0.0000E+00  0.0000E+00  0.0000E+00  0.0000E+00
     -3.349  0.7960E-02  0.5167E-03  0.5167E-03  0.5167E-03  0.0000E+00  0.0000E+00  0.0000E+00  0.0000E+00  0.0000E+00
     -3.266  0.2486E-01  0.1616E-02  0.1616E-02  0.1616E-02  0.0000E+00  0.0000E+00  0.0000E+00  0.0000E+00  0.0000E+00
     -3.183  0.4401E-01  0.2898E-02  0.2898E-02  0.2898E-02  0.0000E+00  0.0000E+00  0.0000E+00  0.0000E+00  0.0000E+00
     -3.100  0.5929E-01  0.4005E-02  0.4005E-02  0.4005E-02  0.0000E+00  0.0000E+00  0.0000E+00  0.0000E+00  0.0000E+00
     -3.017  0.6743E-01  0.4725E-02  0.4725E-02  0.4725E-02  0.0000E+00  0.0000E+00  0.0000E+00  0.0000E+00  0.0000E+00
     -2.933  0.7569E-01  0.5457E-02  0.5457E-02  0.5457E-02  0.0000E+00  0.0000E+00  0.0000E+00  0.0000E+00  0.0000E+00
     -2.850  0.8529E-01  0.6387E-02  0.6387E-02  0.6387E-02  0.0000E+00  0.0000E+00  0.0000E+00  0.0000E+00  0.0000E+00
     -2.767  0.9431E-01  0.7343E-02  0.7343E-02  0.7343E-02  0.0000E+00  0.0000E+00  0.0000E+00  0.0000E+00  0.0000E+00
     -2.684  0.1027E+00  0.8320E-02  0.8320E-02  0.8320E-02  0.0000E+00  0.0000E+00  0.0000E+00  0.0000E+00  0.0000E+00
     -2.601  0.1137E+00  0.9700E-02  0.9700E-02  0.9700E-02  0.0000E+00  0.0000E+00  0.0000E+00  0.0000E+00  0.0000E+00
     -2.518  0.1241E+00  0.1114E-01  0.1114E-01  0.1114E-01  0.0000E+00  0.0000E+00  0.0000E+00  0.0000E+00  0.0000E+00
     -2.435  0.1400E+00  0.1358E-01  0.1358E-01  0.1358E-01  0.0000E+00  0.0000E+00  0.0000E+00  0.0000E+00  0.0000E+00
     -2.352  0.1700E+00  0.1845E-01  0.1845E-01  0.1845E-01  0.0000E+00  0.0000E+00  0.0000E+00  0.0000E+00  0.0000E+00
     -2.269  0.2781E+00  0.4159E-01  0.4159E-01  0.4159E-01  0.0000E+00  0.0000E+00  0.0000E+00  0.0000E+00  0.0000E+00
     -2.186  0.1719E+00  0.2364E-01  0.2364E-01  0.2364E-01  0.0000E+00  0.0000E+00  0.0000E+00  0.0000E+00  0.0000E+00
     -2.103  0.1460E+00  0.1984E-01  0.1984E-01  0.1984E-01  0.0000E+00  0.0000E+00  0.0000E+00  0.0000E+00  0.0000E+00
     -2.020  0.1294E+00  0.1760E-01  0.1760E-01  0.1760E-01  0.0000E+00  0.0000E+00  0.0000E+00  0.0000E+00  0.0000E+00
     -1.937  0.1166E+00  0.1600E-01  0.1600E-01  0.1600E-01  0.0000E+00  0.0000E+00  0.0000E+00  0.0000E+00  0.0000E+00
     -1.854  0.1070E+00  0.1484E-01  0.1484E-01  0.1484E-01  0.0000E+00  0.0000E+00  0.0000E+00  0.0000E+00  0.0000E+00
     -1.771  0.9947E-01  0.1395E-01  0.1395E-01  0.1395E-01  0.0000E+00  0.0000E+00  0.0000E+00  0.0000E+00  0.0000E+00
     -1.688  0.9246E-01  0.1315E-01  0.1315E-01  0.1315E-01  0.0000E+00  0.0000E+00  0.0000E+00  0.0000E+00  0.0000E+00
     -1.605  0.8587E-01  0.1242E-01  0.1242E-01  0.1242E-01  0.0000E+00  0.0000E+00  0.0000E+00  0.0000E+00  0.0000E+00
     -1.521  0.8080E-01  0.1186E-01  0.1186E-01  0.1186E-01  0.0000E+00  0.0000E+00  0.0000E+00  0.0000E+00  0.0000E+00
     -1.438  0.7627E-01  0.1137E-01  0.1137E-01  0.1137E-01  0.0000E+00  0.0000E+00  0.0000E+00  0.0000E+00  0.0000E+00
     -1.355  0.7184E-01  0.1089E-01  0.1089E-01  0.1089E-01  0.0000E+00  0.0000E+00  0.0000E+00  0.0000E+00  0.0000E+00
     -1.272  0.6740E-01  0.1041E-01  0.1041E-01  0.1041E-01  0.0000E+00  0.0000E+00  0.0000E+00  0.0000E+00  0.0000E+00
     -1.189  0.6360E-01  0.9994E-02  0.9994E-02  0.9994E-02  0.0000E+00  0.0000E+00  0.0000E+00  0.0000E+00  0.0000E+00
     -1.106  0.6051E-01  0.9661E-02  0.9661E-02  0.9661E-02  0.0000E+00  0.0000E+00  0.0000E+00  0.0000E+00  0.0000E+00
     -1.023  0.5733E-01  0.9317E-02  0.9317E-02  0.9317E-02  0.0000E+00  0.0000E+00  0.0000E+00  0.0000E+00  0.0000E+00
     -0.940  0.5415E-01  0.8968E-02  0.8968E-02  0.8968E-02  0.0000E+00  0.0000E+00  0.0000E+00  0.0000E+00  0.0000E+00
     -0.857  0.5077E-01  0.8585E-02  0.8585E-02  0.8585E-02  0.0000E+00  0.0000E+00  0.0000E+00  0.0000E+00  0.0000E+00
     -0.774  0.4852E-01  0.8336E-02  0.8336E-02  0.8336E-02  0.0000E+00  0.0000E+00  0.0000E+00  0.0000E+00  0.0000E+00
     -0.691  0.4621E-01  0.8077E-02  0.8077E-02  0.8077E-02  0.0000E+00  0.0000E+00  0.0000E+00  0.0000E+00  0.0000E+00
     -0.608  0.4388E-01  0.7813E-02  0.7813E-02  0.7813E-02  0.0000E+00  0.0000E+00  0.0000E+00  0.0000E+00  0.0000E+00
     -0.525  0.4138E-01  0.7518E-02  0.7518E-02  0.7518E-02  0.0000E+00  0.0000E+00  0.0000E+00  0.0000E+00  0.0000E+00
     -0.442  0.3888E-01  0.7214E-02  0.7214E-02  0.7214E-02  0.0000E+00  0.0000E+00  0.0000E+00  0.0000E+00  0.0000E+00
     -0.359  0.3719E-01  0.7014E-02  0.7014E-02  0.7014E-02  0.0000E+00  0.0000E+00  0.0000E+00  0.0000E+00  0.0000E+00
     -0.276  0.3549E-01  0.6812E-02  0.6812E-02  0.6812E-02  0.0000E+00  0.0000E+00  0.0000E+00  0.0000E+00  0.0000E+00
     -0.193  0.3367E-01  0.6587E-02  0.6587E-02  0.6587E-02  0.0000E+00  0.0000E+00  0.0000E+00  0.0000E+00  0.0000E+00
     -0.109  0.3183E-01  0.6354E-02  0.6354E-02  0.6354E-02  0.0000E+00  0.0000E+00  0.0000E+00  0.0000E+00  0.0000E+00
     -0.026  0.2979E-01  0.6082E-02  0.6082E-02  0.6082E-02  0.0000E+00  0.0000E+00  0.0000E+00  0.0000E+00  0.0000E+00
      0.057  0.2841E-01  0.5902E-02  0.5902E-02  0.5902E-02  0.0000E+00  0.0000E+00  0.0000E+00  0.0000E+00  0.0000E+00
      0.140  0.2709E-01  0.5729E-02  0.5729E-02  0.5729E-02  0.0000E+00  0.0000E+00  0.0000E+00  0.0000E+00  0.0000E+00
      0.223  0.2577E-01  0.5553E-02  0.5553E-02  0.5553E-02  0.0000E+00  0.0000E+00  0.0000E+00  0.0000E+00  0.0000E+00
      0.306  0.2434E-01  0.5355E-02  0.5355E-02  0.5355E-02  0.0000E+00  0.0000E+00  0.0000E+00  0.0000E+00  0.0000E+00
      0.389  0.2397E-01  0.2360E-01  0.2360E-01  0.2360E-01  0.0000E+00  0.0000E+00  0.0000E+00  0.0000E+00  0.0000E+00
      0.472  0.2428E-01  0.3859E-01  0.3859E-01  0.3859E-01  0.0000E+00  0.0000E+00  0.0000E+00  0.0000E+00  0.0000E+00
      0.555  0.2603E-01  0.5741E-01  0.5741E-01  0.5741E-01  0.0000E+00  0.0000E+00  0.0000E+00  0.0000E+00  0.0000E+00
      0.638  0.2811E-01  0.7055E-01  0.7055E-01  0.7055E-01  0.0000E+00  0.0000E+00  0.0000E+00  0.0000E+00  0.0000E+00
      0.721  0.2807E-01  0.6391E-01  0.6391E-01  0.6391E-01  0.0000E+00  0.0000E+00  0.0000E+00  0.0000E+00  0.0000E+00
      0.804  0.2802E-01  0.5954E-01  0.5954E-01  0.5954E-01  0.0000E+00  0.0000E+00  0.0000E+00  0.0000E+00  0.0000E+00
      0.887  0.2746E-01  0.5586E-01  0.5586E-01  0.5586E-01  0.0000E+00  0.0000E+00  0.0000E+00  0.0000E+00  0.0000E+00
      0.970  0.2714E-01  0.5541E-01  0.5541E-01  0.5541E-01  0.0000E+00  0.0000E+00  0.0000E+00  0.0000E+00  0.0000E+00
      1.053  0.2689E-01  0.5586E-01  0.5586E-01  0.5586E-01  0.0000E+00  0.0000E+00  0.0000E+00  0.0000E+00  0.0000E+00
      1.136  0.2653E-01  0.6052E-01  0.6052E-01  0.6052E-01  0.0000E+00  0.0000E+00  0.0000E+00  0.0000E+00  0.0000E+00
      1.219  0.2595E-01  0.5926E-01  0.5926E-01  0.5926E-01  0.0000E+00  0.0000E+00  0.0000E+00  0.0000E+00  0.0000E+00
      1.302  0.2529E-01  0.6210E-01  0.6210E-01  0.6210E-01  0.0000E+00  0.0000E+00  0.0000E+00  0.0000E+00  0.0000E+00
      1.386  0.2455E-01  0.6639E-01  0.6639E-01  0.6639E-01  0.0000E+00  0.0000E+00  0.0000E+00  0.0000E+00  0.0000E+00
      1.469  0.2349E-01  0.7055E-01  0.7055E-01  0.7055E-01  0.0000E+00  0.0000E+00  0.0000E+00  0.0000E+00  0.0000E+00
      1.552  0.2298E-01  0.8078E-01  0.8078E-01  0.8078E-01  0.0000E+00  0.0000E+00  0.0000E+00  0.0000E+00  0.0000E+00
      1.635  0.2228E-01  0.9778E-01  0.9778E-01  0.9778E-01  0.0000E+00  0.0000E+00  0.0000E+00  0.0000E+00  0.0000E+00
      1.718  0.2140E-01  0.9379E-01  0.9379E-01  0.9379E-01  0.0000E+00  0.0000E+00  0.0000E+00  0.0000E+00  0.0000E+00
      1.801  0.2046E-01  0.9310E-01  0.9310E-01  0.9310E-01  0.0000E+00  0.0000E+00  0.0000E+00  0.0000E+00  0.0000E+00
      1.884  0.1938E-01  0.9232E-01  0.9232E-01  0.9232E-01  0.0000E+00  0.0000E+00  0.0000E+00  0.0000E+00  0.0000E+00
      1.967  0.1828E-01  0.9142E-01  0.9142E-01  0.9142E-01  0.0000E+00  0.0000E+00  0.0000E+00  0.0000E+00  0.0000E+00
      2.050  0.1751E-01  0.8994E-01  0.8994E-01  0.8994E-01  0.0000E+00  0.0000E+00  0.0000E+00  0.0000E+00  0.0000E+00
      2.133  0.1675E-01  0.8966E-01  0.8966E-01  0.8966E-01  0.0000E+00  0.0000E+00  0.0000E+00  0.0000E+00  0.0000E+00
      2.216  0.1587E-01  0.8884E-01  0.8884E-01  0.8884E-01  0.0000E+00  0.0000E+00  0.0000E+00  0.0000E+00  0.0000E+00
      2.299  0.1488E-01  0.8824E-01  0.8824E-01  0.8824E-01  0.0000E+00  0.0000E+00  0.0000E+00  0.0000E+00  0.0000E+00
      2.382  0.1395E-01  0.8703E-01  0.8703E-01  0.8703E-01  0.0000E+00  0.0000E+00  0.0000E+00  0.0000E+00  0.0000E+00
      2.465  0.1293E-01  0.8608E-01  0.8608E-01  0.8608E-01  0.0000E+00  0.0000E+00  0.0000E+00  0.0000E+00  0.0000E+00
      2.548  0.1205E-01  0.8579E-01  0.8579E-01  0.8579E-01  0.0000E+00  0.0000E+00  0.0000E+00  0.0000E+00  0.0000E+00
      2.631  0.1118E-01  0.8505E-01  0.8505E-01  0.8505E-01  0.0000E+00  0.0000E+00  0.0000E+00  0.0000E+00  0.0000E+00
      2.714  0.1023E-01  0.8427E-01  0.8427E-01  0.8427E-01  0.0000E+00  0.0000E+00  0.0000E+00  0.0000E+00  0.0000E+00
      2.798  0.9252E-02  0.8367E-01  0.8367E-01  0.8367E-01  0.0000E+00  0.0000E+00  0.0000E+00  0.0000E+00  0.0000E+00
      2.881  0.8255E-02  0.8352E-01  0.8352E-01  0.8352E-01  0.0000E+00  0.0000E+00  0.0000E+00  0.0000E+00  0.0000E+00
      2.964  0.7265E-02  0.8384E-01  0.8384E-01  0.8384E-01  0.0000E+00  0.0000E+00  0.0000E+00  0.0000E+00  0.0000E+00
      3.047  0.6149E-02  0.8281E-01  0.8281E-01  0.8281E-01  0.0000E+00  0.0000E+00  0.0000E+00  0.0000E+00  0.0000E+00
      3.130  0.5319E-02  0.6652E-01  0.6652E-01  0.6652E-01  0.0000E+00  0.0000E+00  0.0000E+00  0.0000E+00  0.0000E+00
      3.213  0.4870E-02  0.5403E-01  0.5403E-01  0.5403E-01  0.0000E+00  0.0000E+00  0.0000E+00  0.0000E+00  0.0000E+00
      3.296  0.4359E-02  0.4672E-01  0.4672E-01  0.4672E-01  0.0000E+00  0.0000E+00  0.0000E+00  0.0000E+00  0.0000E+00
      3.379  0.3920E-02  0.4112E-01  0.4112E-01  0.4112E-01  0.0000E+00  0.0000E+00  0.0000E+00  0.0000E+00  0.0000E+00
      3.462  0.3236E-02  0.3611E-01  0.3611E-01  0.3611E-01  0.0000E+00  0.0000E+00  0.0000E+00  0.0000E+00  0.0000E+00
      3.545  0.2639E-02  0.3206E-01  0.3206E-01  0.3206E-01  0.0000E+00  0.0000E+00  0.0000E+00  0.0000E+00  0.0000E+00
      3.628  0.2161E-02  0.2807E-01  0.2807E-01  0.2807E-01  0.0000E+00  0.0000E+00  0.0000E+00  0.0000E+00  0.0000E+00
      3.711  0.1702E-02  0.2448E-01  0.2448E-01  0.2448E-01  0.0000E+00  0.0000E+00  0.0000E+00  0.0000E+00  0.0000E+00
      3.794  0.1368E-02  0.2096E-01  0.2096E-01  0.2096E-01  0.0000E+00  0.0000E+00  0.0000E+00  0.0000E+00  0.0000E+00
      3.877  0.9708E-03  0.1786E-01  0.1786E-01  0.1786E-01  0.0000E+00  0.0000E+00  0.0000E+00  0.0000E+00  0.0000E+00
      3.960  0.6596E-03  0.1425E-01  0.1425E-01  0.1425E-01  0.0000E+00  0.0000E+00  0.0000E+00  0.0000E+00  0.0000E+00
      4.043  0.3588E-03  0.1111E-01  0.1111E-01  0.1111E-01  0.0000E+00  0.0000E+00  0.0000E+00  0.0000E+00  0.0000E+00
      4.126  0.1144E-03  0.6128E-02  0.6128E-02  0.6128E-02  0.0000E+00  0.0000E+00  0.0000E+00  0.0000E+00  0.0000E+00
      4.210  0.3048E-07  0.2880E-04  0.2880E-04  0.2880E-04  0.0000E+00  0.0000E+00  0.0000E+00  0.0000E+00  0.0000E+00
      4.293  0.0000E+00  0.0000E+00  0.0000E+00  0.0000E+00  0.0000E+00  0.0000E+00  0.0000E+00  0.0000E+00  0.0000E+00
      4.376  0.0000E+00  0.0000E+00  0.0000E+00  0.0000E+00  0.0000E+00  0.0000E+00  0.0000E+00  0.0000E+00  0.0000E+00
      4.459  0.0000E+00  0.0000E+00  0.0000E+00  0.0000E+00  0.0000E+00  0.0000E+00  0.0000E+00  0.0000E+00  0.0000E+00
      4.542  0.0000E+00  0.0000E+00  0.0000E+00  0.0000E+00  0.0000E+00  0.0000E+00  0.0000E+00  0.0000E+00  0.0000E+00
      4.625  0.0000E+00  0.0000E+00  0.0000E+00  0.0000E+00  0.0000E+00  0.0000E+00  0.0000E+00  0.0000E+00  0.0000E+00
      4.708  0.0000E+00  0.0000E+00  0.0000E+00  0.0000E+00  0.0000E+00  0.0000E+00  0.0000E+00  0.0000E+00  0.0000E+00
      4.791  0.0000E+00  0.0000E+00  0.0000E+00  0.0000E+00  0.0000E+00  0.0000E+00  0.0000E+00  0.0000E+00  0.0000E+00
      4.874  0.0000E+00  0.0000E+00  0.0000E+00  0.0000E+00  0.0000E+00  0.0000E+00  0.0000E+00  0.0000E+00  0.0000E+00
      4.957  0.0000E+00  0.0000E+00  0.0000E+00  0.0000E+00  0.0000E+00  0.0000E+00  0.0000E+00  0.0000E+00  0.0000E+00
      5.040  0.0000E+00  0.0000E+00  0.0000E+00  0.0000E+00  0.0000E+00  0.0000E+00  0.0000E+00  0.0000E+00  0.0000E+00
      5.123  0.0000E+00  0.0000E+00  0.0000E+00  0.0000E+00  0.0000E+00  0.0000E+00  0.0000E+00  0.0000E+00  0.0000E+00
      5.206  0.0000E+00  0.0000E+00  0.0000E+00  0.0000E+00  0.0000E+00  0.0000E+00  0.0000E+00  0.0000E+00  0.0000E+00
      5.289  0.4064E-02  0.1614E-02  0.1614E-02  0.1614E-02  0.0000E+00  0.0000E+00  0.0000E+00  0.0000E+00  0.0000E+00
      5.372  0.8440E-02  0.3455E-02  0.3455E-02  0.3455E-02  0.0000E+00  0.0000E+00  0.0000E+00  0.0000E+00  0.0000E+00
      5.455  0.1239E-01  0.5180E-02  0.5180E-02  0.5180E-02  0.0000E+00  0.0000E+00  0.0000E+00  0.0000E+00  0.0000E+00
      5.538  0.1937E-01  0.7349E-02  0.7349E-02  0.7349E-02  0.0000E+00  0.0000E+00  0.0000E+00  0.0000E+00  0.0000E+00
      5.621  0.3024E-01  0.9362E-02  0.9362E-02  0.9362E-02  0.0000E+00  0.0000E+00  0.0000E+00  0.0000E+00  0.0000E+00
      5.705  0.3747E-01  0.1142E-01  0.1142E-01  0.1142E-01  0.0000E+00  0.0000E+00  0.0000E+00  0.0000E+00  0.0000E+00
      5.788  0.4415E-01  0.1362E-01  0.1362E-01  0.1362E-01  0.0000E+00  0.0000E+00  0.0000E+00  0.0000E+00  0.0000E+00
      5.871  0.5136E-01  0.1607E-01  0.1607E-01  0.1607E-01  0.0000E+00  0.0000E+00  0.0000E+00  0.0000E+00  0.0000E+00
      5.954  0.5827E-01  0.1860E-01  0.1860E-01  0.1860E-01  0.0000E+00  0.0000E+00  0.0000E+00  0.0000E+00  0.0000E+00
      6.037  0.6491E-01  0.2124E-01  0.2124E-01  0.2124E-01  0.0000E+00  0.0000E+00  0.0000E+00  0.0000E+00  0.0000E+00
      6.120  0.7286E-01  0.2439E-01  0.2439E-01  0.2439E-01  0.0000E+00  0.0000E+00  0.0000E+00  0.0000E+00  0.0000E+00
      6.203  0.8173E-01  0.2790E-01  0.2790E-01  0.2790E-01  0.0000E+00  0.0000E+00  0.0000E+00  0.0000E+00  0.0000E+00
      6.286  0.9258E-01  0.3212E-01  0.3212E-01  0.3212E-01  0.0000E+00  0.0000E+00  0.0000E+00  0.0000E+00  0.0000E+00
      6.369  0.1122E+00  0.3925E-01  0.3925E-01  0.3925E-01  0.0000E+00  0.0000E+00  0.0000E+00  0.0000E+00  0.0000E+00
      6.452  0.1432E+00  0.4994E-01  0.4994E-01  0.4994E-01  0.0000E+00  0.0000E+00  0.0000E+00  0.0000E+00  0.0000E+00
      6.535  0.1426E+00  0.5108E-01  0.5108E-01  0.5108E-01  0.0000E+00  0.0000E+00  0.0000E+00  0.0000E+00  0.0000E+00
      6.618  0.1395E+00  0.5114E-01  0.5114E-01  0.5114E-01  0.0000E+00  0.0000E+00  0.0000E+00  0.0000E+00  0.0000E+00
      6.701  0.1216E+00  0.4775E-01  0.4775E-01  0.4775E-01  0.0000E+00  0.0000E+00  0.0000E+00  0.0000E+00  0.0000E+00
      6.784  0.1015E+00  0.4092E-01  0.4092E-01  0.4092E-01  0.0000E+00  0.0000E+00  0.0000E+00  0.0000E+00  0.0000E+00
      6.867  0.9126E-01  0.3918E-01  0.3918E-01  0.3918E-01  0.0000E+00  0.0000E+00  0.0000E+00  0.0000E+00  0.0000E+00
      6.950  0.8533E-01  0.3857E-01  0.3857E-01  0.3857E-01  0.0000E+00  0.0000E+00  0.0000E+00  0.0000E+00  0.0000E+00
      7.033  0.7753E-01  0.3776E-01  0.3776E-01  0.3776E-01  0.0000E+00  0.0000E+00  0.0000E+00  0.0000E+00  0.0000E+00
      7.117  0.6257E-01  0.3421E-01  0.3421E-01  0.3421E-01  0.0000E+00  0.0000E+00  0.0000E+00  0.0000E+00  0.0000E+00
      7.200  0.5753E-01  0.3480E-01  0.3480E-01  0.3480E-01  0.0000E+00  0.0000E+00  0.0000E+00  0.0000E+00  0.0000E+00
      7.283  0.5001E-01  0.3326E-01  0.3326E-01  0.3326E-01  0.0000E+00  0.0000E+00  0.0000E+00  0.0000E+00  0.0000E+00
      7.366  0.4811E-01  0.3397E-01  0.3397E-01  0.3397E-01  0.0000E+00  0.0000E+00  0.0000E+00  0.0000E+00  0.0000E+00
      7.449  0.4886E-01  0.3620E-01  0.3620E-01  0.3620E-01  0.0000E+00  0.0000E+00  0.0000E+00  0.0000E+00  0.0000E+00
      7.532  0.5341E-01  0.4070E-01  0.4070E-01  0.4070E-01  0.0000E+00  0.0000E+00  0.0000E+00  0.0000E+00  0.0000E+00
      7.615  0.5383E-01  0.4437E-01  0.4437E-01  0.4437E-01  0.0000E+00  0.0000E+00  0.0000E+00  0.0000E+00  0.0000E+00
      7.698  0.6568E-01  0.6781E-01  0.6781E-01  0.6781E-01  0.0000E+00  0.0000E+00  0.0000E+00  0.0000E+00  0.0000E+00
      7.781  0.1026E+00  0.1132E+00  0.1132E+00  0.1132E+00  0.0000E+00  0.0000E+00  0.0000E+00  0.0000E+00  0.0000E+00
      7.864  0.8560E-01  0.8667E-01  0.8667E-01  0.8667E-01  0.0000E+00  0.0000E+00  0.0000E+00  0.0000E+00  0.0000E+00
      7.947  0.5719E-01  0.6384E-01  0.6384E-01  0.6384E-01  0.0000E+00  0.0000E+00  0.0000E+00  0.0000E+00  0.0000E+00
      8.030  0.4308E-01  0.6008E-01  0.6008E-01  0.6008E-01  0.0000E+00  0.0000E+00  0.0000E+00  0.0000E+00  0.0000E+00
      8.113  0.4216E-01  0.5855E-01  0.5855E-01  0.5855E-01  0.0000E+00  0.0000E+00  0.0000E+00  0.0000E+00  0.0000E+00
      8.196  0.3813E-01  0.5505E-01  0.5505E-01  0.5505E-01  0.0000E+00  0.0000E+00  0.0000E+00  0.0000E+00  0.0000E+00
      8.279  0.3311E-01  0.4987E-01  0.4987E-01  0.4987E-01  0.0000E+00  0.0000E+00  0.0000E+00  0.0000E+00  0.0000E+00
      8.362  0.3156E-01  0.4754E-01  0.4754E-01  0.4754E-01  0.0000E+00  0.0000E+00  0.0000E+00  0.0000E+00  0.0000E+00
      8.445  0.2718E-01  0.4401E-01  0.4401E-01  0.4401E-01  0.0000E+00  0.0000E+00  0.0000E+00  0.0000E+00  0.0000E+00
      8.529  0.2590E-01  0.4281E-01  0.4281E-01  0.4281E-01  0.0000E+00  0.0000E+00  0.0000E+00  0.0000E+00  0.0000E+00
      8.612  0.2592E-01  0.4343E-01  0.4343E-01  0.4343E-01  0.0000E+00  0.0000E+00  0.0000E+00  0.0000E+00  0.0000E+00
      8.695  0.2737E-01  0.4611E-01  0.4611E-01  0.4611E-01  0.0000E+00  0.0000E+00  0.0000E+00  0.0000E+00  0.0000E+00
      8.778  0.2943E-01  0.5103E-01  0.5103E-01  0.5103E-01  0.0000E+00  0.0000E+00  0.0000E+00  0.0000E+00  0.0000E+00
      8.861  0.3066E-01  0.5453E-01  0.5453E-01  0.5453E-01  0.0000E+00  0.0000E+00  0.0000E+00  0.0000E+00  0.0000E+00
      8.944  0.3054E-01  0.5773E-01  0.5773E-01  0.5773E-01  0.0000E+00  0.0000E+00  0.0000E+00  0.0000E+00  0.0000E+00
      9.027  0.3268E-01  0.5572E-01  0.5572E-01  0.5572E-01  0.0000E+00  0.0000E+00  0.0000E+00  0.0000E+00  0.0000E+00
      9.110  0.3261E-01  0.5118E-01  0.5118E-01  0.5118E-01  0.0000E+00  0.0000E+00  0.0000E+00  0.0000E+00  0.0000E+00
      9.193  0.3380E-01  0.5239E-01  0.5239E-01  0.5239E-01  0.0000E+00  0.0000E+00  0.0000E+00  0.0000E+00  0.0000E+00
      9.276  0.3357E-01  0.5059E-01  0.5059E-01  0.5059E-01  0.0000E+00  0.0000E+00  0.0000E+00  0.0000E+00  0.0000E+00
      9.359  0.3342E-01  0.4948E-01  0.4948E-01  0.4948E-01  0.0000E+00  0.0000E+00  0.0000E+00  0.0000E+00  0.0000E+00
      9.442  0.3437E-01  0.4949E-01  0.4949E-01  0.4949E-01  0.0000E+00  0.0000E+00  0.0000E+00  0.0000E+00  0.0000E+00
      9.525  0.3558E-01  0.5055E-01  0.5055E-01  0.5055E-01  0.0000E+00  0.0000E+00  0.0000E+00  0.0000E+00  0.0000E+00
      9.608  0.3401E-01  0.4935E-01  0.4935E-01  0.4935E-01  0.0000E+00  0.0000E+00  0.0000E+00  0.0000E+00  0.0000E+00
      9.691  0.3346E-01  0.4749E-01  0.4749E-01  0.4749E-01  0.0000E+00  0.0000E+00  0.0000E+00  0.0000E+00  0.0000E+00
      9.774  0.3237E-01  0.4686E-01  0.4686E-01  0.4686E-01  0.0000E+00  0.0000E+00  0.0000E+00  0.0000E+00  0.0000E+00
      9.857  0.3087E-01  0.4593E-01  0.4593E-01  0.4593E-01  0.0000E+00  0.0000E+00  0.0000E+00  0.0000E+00  0.0000E+00
      9.940  0.2917E-01  0.4442E-01  0.4442E-01  0.4442E-01  0.0000E+00  0.0000E+00  0.0000E+00  0.0000E+00  0.0000E+00
     10.024  0.2781E-01  0.4400E-01  0.4400E-01  0.4400E-01  0.0000E+00  0.0000E+00  0.0000E+00  0.0000E+00  0.0000E+00
     10.107  0.2678E-01  0.4351E-01  0.4351E-01  0.4351E-01  0.0000E+00  0.0000E+00  0.0000E+00  0.0000E+00  0.0000E+00
     10.190  0.2700E-01  0.4368E-01  0.4368E-01  0.4368E-01  0.0000E+00  0.0000E+00  0.0000E+00  0.0000E+00  0.0000E+00
     10.273  0.2933E-01  0.4701E-01  0.4701E-01  0.4701E-01  0.0000E+00  0.0000E+00  0.0000E+00  0.0000E+00  0.0000E+00
     10.356  0.2490E-01  0.4270E-01  0.4270E-01  0.4270E-01  0.0000E+00  0.0000E+00  0.0000E+00  0.0000E+00  0.0000E+00
     10.439  0.2027E-01  0.3680E-01  0.3680E-01  0.3680E-01  0.0000E+00  0.0000E+00  0.0000E+00  0.0000E+00  0.0000E+00
     10.522  0.1999E-01  0.3773E-01  0.3773E-01  0.3773E-01  0.0000E+00  0.0000E+00  0.0000E+00  0.0000E+00  0.0000E+00
     10.605  0.1935E-01  0.3783E-01  0.3783E-01  0.3783E-01  0.0000E+00  0.0000E+00  0.0000E+00  0.0000E+00  0.0000E+00
     10.688  0.2015E-01  0.4020E-01  0.4020E-01  0.4020E-01  0.0000E+00  0.0000E+00  0.0000E+00  0.0000E+00  0.0000E+00
     10.771  0.2090E-01  0.4250E-01  0.4250E-01  0.4250E-01  0.0000E+00  0.0000E+00  0.0000E+00  0.0000E+00  0.0000E+00
     10.854  0.2107E-01  0.4364E-01  0.4364E-01  0.4364E-01  0.0000E+00  0.0000E+00  0.0000E+00  0.0000E+00  0.0000E+00
     10.937  0.2131E-01  0.4441E-01  0.4441E-01  0.4441E-01  0.0000E+00  0.0000E+00  0.0000E+00  0.0000E+00  0.0000E+00
     11.020  0.1988E-01  0.4235E-01  0.4235E-01  0.4235E-01  0.0000E+00  0.0000E+00  0.0000E+00  0.0000E+00  0.0000E+00
     11.103  0.1888E-01  0.4056E-01  0.4056E-01  0.4056E-01  0.0000E+00  0.0000E+00  0.0000E+00  0.0000E+00  0.0000E+00
     11.186  0.1458E-01  0.3434E-01  0.3434E-01  0.3434E-01  0.0000E+00  0.0000E+00  0.0000E+00  0.0000E+00  0.0000E+00
     11.269  0.1352E-01  0.3312E-01  0.3312E-01  0.3312E-01  0.0000E+00  0.0000E+00  0.0000E+00  0.0000E+00  0.0000E+00
     11.352  0.1275E-01  0.3235E-01  0.3235E-01  0.3235E-01  0.0000E+00  0.0000E+00  0.0000E+00  0.0000E+00  0.0000E+00
     11.436  0.1190E-01  0.3140E-01  0.3140E-01  0.3140E-01  0.0000E+00  0.0000E+00  0.0000E+00  0.0000E+00  0.0000E+00
     11.519  0.1028E-01  0.2888E-01  0.2888E-01  0.2888E-01  0.0000E+00  0.0000E+00  0.0000E+00  0.0000E+00  0.0000E+00
     11.602  0.9368E-02  0.2766E-01  0.2766E-01  0.2766E-01  0.0000E+00  0.0000E+00  0.0000E+00  0.0000E+00  0.0000E+00
     11.685  0.8638E-02  0.2658E-01  0.2658E-01  0.2658E-01  0.0000E+00  0.0000E+00  0.0000E+00  0.0000E+00  0.0000E+00
     11.768  0.8041E-02  0.2575E-01  0.2575E-01  0.2575E-01  0.0000E+00  0.0000E+00  0.0000E+00  0.0000E+00  0.0000E+00
     11.851  0.7630E-02  0.2535E-01  0.2535E-01  0.2535E-01  0.0000E+00  0.0000E+00  0.0000E+00  0.0000E+00  0.0000E+00
     11.934  0.6884E-02  0.2440E-01  0.2440E-01  0.2440E-01  0.0000E+00  0.0000E+00  0.0000E+00  0.0000E+00  0.0000E+00
     12.017  0.5581E-02  0.2260E-01  0.2260E-01  0.2260E-01  0.0000E+00  0.0000E+00  0.0000E+00  0.0000E+00  0.0000E+00
     12.100  0.5082E-02  0.2242E-01  0.2242E-01  0.2242E-01  0.0000E+00  0.0000E+00  0.0000E+00  0.0000E+00  0.0000E+00
     12.183  0.4562E-02  0.2265E-01  0.2265E-01  0.2265E-01  0.0000E+00  0.0000E+00  0.0000E+00  0.0000E+00  0.0000E+00
     12.266  0.3879E-02  0.2749E-01  0.2749E-01  0.2749E-01  0.0000E+00  0.0000E+00  0.0000E+00  0.0000E+00  0.0000E+00
     12.349  0.2634E-02  0.1437E-01  0.1437E-01  0.1437E-01  0.0000E+00  0.0000E+00  0.0000E+00  0.0000E+00  0.0000E+00
     12.432  0.2231E-02  0.1178E-01  0.1178E-01  0.1178E-01  0.0000E+00  0.0000E+00  0.0000E+00  0.0000E+00  0.0000E+00
     12.515  0.1988E-02  0.1100E-01  0.1100E-01  0.1100E-01  0.0000E+00  0.0000E+00  0.0000E+00  0.0000E+00  0.0000E+00
     12.598  0.1816E-02  0.1044E-01  0.1044E-01  0.1044E-01  0.0000E+00  0.0000E+00  0.0000E+00  0.0000E+00  0.0000E+00
     12.681  0.1699E-02  0.1008E-01  0.1008E-01  0.1008E-01  0.0000E+00  0.0000E+00  0.0000E+00  0.0000E+00  0.0000E+00
     12.764  0.1490E-02  0.9430E-02  0.9430E-02  0.9430E-02  0.0000E+00  0.0000E+00  0.0000E+00  0.0000E+00  0.0000E+00
     12.848  0.1076E-02  0.8462E-02  0.8462E-02  0.8462E-02  0.0000E+00  0.0000E+00  0.0000E+00  0.0000E+00  0.0000E+00
     12.931  0.9218E-03  0.8215E-02  0.8215E-02  0.8215E-02  0.0000E+00  0.0000E+00  0.0000E+00  0.0000E+00  0.0000E+00
     13.014  0.7292E-03  0.6857E-02  0.6857E-02  0.6857E-02  0.0000E+00  0.0000E+00  0.0000E+00  0.0000E+00  0.0000E+00
     13.097  0.5656E-03  0.5730E-02  0.5730E-02  0.5730E-02  0.0000E+00  0.0000E+00  0.0000E+00  0.0000E+00  0.0000E+00
     13.180  0.4299E-03  0.4864E-02  0.4864E-02  0.4864E-02  0.0000E+00  0.0000E+00  0.0000E+00  0.0000E+00  0.0000E+00
     13.263  0.3212E-03  0.4238E-02  0.4238E-02  0.4238E-02  0.0000E+00  0.0000E+00  0.0000E+00  0.0000E+00  0.0000E+00
     13.346  0.2654E-03  0.4129E-02  0.4129E-02  0.4129E-02  0.0000E+00  0.0000E+00  0.0000E+00  0.0000E+00  0.0000E+00
     13.429  0.1962E-03  0.3720E-02  0.3720E-02  0.3720E-02  0.0000E+00  0.0000E+00  0.0000E+00  0.0000E+00  0.0000E+00
     13.512  0.5189E-04  0.1931E-02  0.1931E-02  0.1931E-02  0.0000E+00  0.0000E+00  0.0000E+00  0.0000E+00  0.0000E+00
     13.595  0.1192E-04  0.4436E-03  0.4436E-03  0.4436E-03  0.0000E+00  0.0000E+00  0.0000E+00  0.0000E+00  0.0000E+00
     13.678  0.0000E+00  0.0000E+00  0.0000E+00  0.0000E+00  0.0000E+00  0.0000E+00  0.0000E+00  0.0000E+00  0.0000E+00
     13.761  0.0000E+00  0.0000E+00  0.0000E+00  0.0000E+00  0.0000E+00  0.0000E+00  0.0000E+00  0.0000E+00  0.0000E+00
     13.844  0.0000E+00  0.0000E+00  0.0000E+00  0.0000E+00  0.0000E+00  0.0000E+00  0.0000E+00  0.0000E+00  0.0000E+00
     13.927  0.0000E+00  0.0000E+00  0.0000E+00  0.0000E+00  0.0000E+00  0.0000E+00  0.0000E+00  0.0000E+00  0.0000E+00
     14.010  0.0000E+00  0.0000E+00  0.0000E+00  0.0000E+00  0.0000E+00  0.0000E+00  0.0000E+00  0.0000E+00  0.0000E+00
     14.093  0.0000E+00  0.0000E+00  0.0000E+00  0.0000E+00  0.0000E+00  0.0000E+00  0.0000E+00  0.0000E+00  0.0000E+00
     14.176  0.0000E+00  0.0000E+00  0.0000E+00  0.0000E+00  0.0000E+00  0.0000E+00  0.0000E+00  0.0000E+00  0.0000E+00
     14.259  0.0000E+00  0.0000E+00  0.0000E+00  0.0000E+00  0.0000E+00  0.0000E+00  0.0000E+00  0.0000E+00  0.0000E+00
     14.343  0.0000E+00  0.0000E+00  0.0000E+00  0.0000E+00  0.0000E+00  0.0000E+00  0.0000E+00  0.0000E+00  0.0000E+00
     14.426  0.0000E+00  0.0000E+00  0.0000E+00  0.0000E+00  0.0000E+00  0.0000E+00  0.0000E+00  0.0000E+00  0.0000E+00
     14.509  0.0000E+00  0.0000E+00  0.0000E+00  0.0000E+00  0.0000E+00  0.0000E+00  0.0000E+00  0.0000E+00  0.0000E+00
     14.592  0.0000E+00  0.0000E+00  0.0000E+00  0.0000E+00  0.0000E+00  0.0000E+00  0.0000E+00  0.0000E+00  0.0000E+00
     14.675  0.0000E+00  0.0000E+00  0.0000E+00  0.0000E+00  0.0000E+00  0.0000E+00  0.0000E+00  0.0000E+00  0.0000E+00
     14.758  0.0000E+00  0.0000E+00  0.0000E+00  0.0000E+00  0.0000E+00  0.0000E+00  0.0000E+00  0.0000E+00  0.0000E+00
     14.841  0.0000E+00  0.0000E+00  0.0000E+00  0.0000E+00  0.0000E+00  0.0000E+00  0.0000E+00  0.0000E+00  0.0000E+00
     14.924  0.0000E+00  0.0000E+00  0.0000E+00  0.0000E+00  0.0000E+00  0.0000E+00  0.0000E+00  0.0000E+00  0.0000E+00
     15.007  0.0000E+00  0.0000E+00  0.0000E+00  0.0000E+00  0.0000E+00  0.0000E+00  0.0000E+00  0.0000E+00  0.0000E+00
     15.090  0.0000E+00  0.0000E+00  0.0000E+00  0.0000E+00  0.0000E+00  0.0000E+00  0.0000E+00  0.0000E+00  0.0000E+00
     15.173  0.0000E+00  0.0000E+00  0.0000E+00  0.0000E+00  0.0000E+00  0.0000E+00  0.0000E+00  0.0000E+00  0.0000E+00
     15.256  0.0000E+00  0.0000E+00  0.0000E+00  0.0000E+00  0.0000E+00  0.0000E+00  0.0000E+00  0.0000E+00  0.0000E+00
     15.339  0.0000E+00  0.0000E+00  0.0000E+00  0.0000E+00  0.0000E+00  0.0000E+00  0.0000E+00  0.0000E+00  0.0000E+00
     15.422  0.0000E+00  0.0000E+00  0.0000E+00  0.0000E+00  0.0000E+00  0.0000E+00  0.0000E+00  0.0000E+00  0.0000E+00
     15.505  0.0000E+00  0.0000E+00  0.0000E+00  0.0000E+00  0.0000E+00  0.0000E+00  0.0000E+00  0.0000E+00  0.0000E+00
     15.588  0.0000E+00  0.0000E+00  0.0000E+00  0.0000E+00  0.0000E+00  0.0000E+00  0.0000E+00  0.0000E+00  0.0000E+00
     15.671  0.0000E+00  0.0000E+00  0.0000E+00  0.0000E+00  0.0000E+00  0.0000E+00  0.0000E+00  0.0000E+00  0.0000E+00
