   2   2   1   0
  0.1798749E+02  0.3705429E-09  0.3705429E-09  0.3705429E-09  0.5000000E-15
  1.000000000000000E-004
  CAR 
 Si                                      
     20.84108422     -8.44286289  301      6.88390995      1.00000000
     -8.443  0.0000E+00  0.0000E+00
     -8.345  0.0000E+00  0.0000E+00
     -8.248  0.0000E+00  0.0000E+00
     -8.150  0.0000E+00  0.0000E+00
     -8.052  0.0000E+00  0.0000E+00
     -7.955  0.0000E+00  0.0000E+00
     -7.857  0.0000E+00  0.0000E+00
     -7.760  0.0000E+00  0.0000E+00
     -7.662  0.0000E+00  0.0000E+00
     -7.564  0.0000E+00  0.0000E+00
     -7.467  0.0000E+00  0.0000E+00
     -7.369  0.0000E+00  0.0000E+00
     -7.272  0.0000E+00  0.0000E+00
     -7.174  0.0000E+00  0.0000E+00
     -7.076  0.0000E+00  0.0000E+00
     -6.979  0.0000E+00  0.0000E+00
     -6.881  0.0000E+00  0.0000E+00
     -6.783  0.0000E+00  0.0000E+00
     -6.686  0.0000E+00  0.0000E+00
     -6.588  0.0000E+00  0.0000E+00
     -6.491  0.0000E+00  0.0000E+00
     -6.393  0.6085E-01  0.1602E-02
     -6.295  0.1148E+00  0.9754E-02
     -6.198  0.1386E+00  0.2158E-01
     -6.100  0.1629E+00  0.3623E-01
     -6.003  0.1854E+00  0.5333E-01
     -5.905  0.2082E+00  0.7252E-01
     -5.807  0.2257E+00  0.9368E-01
     -5.710  0.2454E+00  0.1167E+00
     -5.612  0.2615E+00  0.1414E+00
     -5.514  0.2792E+00  0.1678E+00
     -5.417  0.2945E+00  0.1958E+00
     -5.319  0.3105E+00  0.2253E+00
     -5.222  0.3264E+00  0.2564E+00
     -5.124  0.3412E+00  0.2890E+00
     -5.026  0.3571E+00  0.3231E+00
     -4.929  0.3723E+00  0.3587E+00
     -4.831  0.3875E+00  0.3958E+00
     -4.734  0.4038E+00  0.4344E+00
     -4.636  0.4198E+00  0.4746E+00
     -4.538  0.4363E+00  0.5164E+00
     -4.441  0.4542E+00  0.5598E+00
     -4.343  0.4727E+00  0.6051E+00
     -4.245  0.4926E+00  0.6522E+00
     -4.148  0.5149E+00  0.7013E+00
     -4.050  0.5402E+00  0.7528E+00
     -3.953  0.5701E+00  0.8069E+00
     -3.855  0.6090E+00  0.8644E+00
     -3.757  0.6702E+00  0.9265E+00
     -3.660  0.7728E+00  0.9981E+00
     -3.562  0.7601E+00  0.1072E+01
     -3.465  0.7123E+00  0.1143E+01
     -3.367  0.6982E+00  0.1212E+01
     -3.269  0.6685E+00  0.1278E+01
     -3.172  0.6412E+00  0.1342E+01
     -3.074  0.6196E+00  0.1404E+01
     -2.977  0.5923E+00  0.1463E+01
     -2.879  0.5686E+00  0.1519E+01
     -2.781  0.5439E+00  0.1574E+01
     -2.684  0.5186E+00  0.1626E+01
     -2.586  0.4941E+00  0.1675E+01
     -2.488  0.4658E+00  0.1722E+01
     -2.391  0.4401E+00  0.1766E+01
     -2.293  0.4127E+00  0.1808E+01
     -2.196  0.3828E+00  0.1846E+01
     -2.098  0.3557E+00  0.1883E+01
     -2.000  0.3206E+00  0.1916E+01
     -1.903  0.3108E+00  0.1946E+01
     -1.805  0.2343E+00  0.1973E+01
     -1.708  0.1151E+00  0.1991E+01
     -1.610  0.4106E-01  0.1998E+01
     -1.512  0.4248E-01  0.2001E+01
     -1.415  0.9103E-01  0.2007E+01
     -1.317  0.1612E+00  0.2020E+01
     -1.219  0.2122E+00  0.2038E+01
     -1.122  0.2708E+00  0.2063E+01
     -1.024  0.3236E+00  0.2092E+01
     -0.927  0.3872E+00  0.2125E+01
     -0.829  0.7163E+00  0.2179E+01
     -0.731  0.9083E+00  0.2254E+01
     -0.634  0.1337E+01  0.2358E+01
     -0.536  0.1359E+01  0.2511E+01
     -0.439  0.9462E+00  0.2616E+01
     -0.341  0.8121E+00  0.2701E+01
     -0.243  0.7251E+00  0.2776E+01
     -0.146  0.6568E+00  0.2843E+01
     -0.048  0.6061E+00  0.2904E+01
      0.049  0.5666E+00  0.2962E+01
      0.147  0.5281E+00  0.3015E+01
      0.245  0.4943E+00  0.3065E+01
      0.342  0.4694E+00  0.3112E+01
      0.440  0.4444E+00  0.3156E+01
      0.538  0.4167E+00  0.3198E+01
      0.635  0.3976E+00  0.3238E+01
      0.733  0.3804E+00  0.3276E+01
      0.830  0.3614E+00  0.3312E+01
      0.928  0.3403E+00  0.3347E+01
      1.026  0.3271E+00  0.3379E+01
      1.123  0.3140E+00  0.3410E+01
      1.221  0.2997E+00  0.3440E+01
      1.318  0.2825E+00  0.3469E+01
      1.416  0.2713E+00  0.3496E+01
      1.514  0.2611E+00  0.3522E+01
      1.611  0.2504E+00  0.3547E+01
      1.709  0.2379E+00  0.3571E+01
      1.807  0.4893E+00  0.3603E+01
      1.904  0.6376E+00  0.3658E+01
      2.002  0.8242E+00  0.3729E+01
      2.099  0.1069E+01  0.3824E+01
      2.197  0.1013E+01  0.3926E+01
      2.295  0.9475E+00  0.4021E+01
      2.392  0.9188E+00  0.4113E+01
      2.490  0.8797E+00  0.4200E+01
      2.587  0.8803E+00  0.4286E+01
      2.685  0.8972E+00  0.4373E+01
      2.783  0.8946E+00  0.4460E+01
      2.880  0.9093E+00  0.4548E+01
      2.978  0.9448E+00  0.4639E+01
      3.075  0.9673E+00  0.4733E+01
      3.173  0.9828E+00  0.4827E+01
      3.271  0.1044E+01  0.4926E+01
      3.368  0.1080E+01  0.5029E+01
      3.466  0.1133E+01  0.5137E+01
      3.564  0.1330E+01  0.5258E+01
      3.661  0.1329E+01  0.5389E+01
      3.759  0.1316E+01  0.5518E+01
      3.856  0.1283E+01  0.5645E+01
      3.954  0.1267E+01  0.5770E+01
      4.052  0.1249E+01  0.5892E+01
      4.149  0.1226E+01  0.6013E+01
      4.247  0.1204E+01  0.6131E+01
      4.344  0.1179E+01  0.6248E+01
      4.442  0.1162E+01  0.6362E+01
      4.540  0.1147E+01  0.6474E+01
      4.637  0.1123E+01  0.6585E+01
      4.735  0.1101E+01  0.6694E+01
      4.833  0.1086E+01  0.6800E+01
      4.930  0.1069E+01  0.6906E+01
      5.028  0.1052E+01  0.7009E+01
      5.125  0.1035E+01  0.7111E+01
      5.223  0.1019E+01  0.7211E+01
      5.321  0.9951E+00  0.7310E+01
      5.418  0.9868E+00  0.7407E+01
      5.516  0.8747E+00  0.7500E+01
      5.613  0.7039E+00  0.7576E+01
      5.711  0.6184E+00  0.7640E+01
      5.809  0.5462E+00  0.7697E+01
      5.906  0.4831E+00  0.7747E+01
      6.004  0.4298E+00  0.7791E+01
      6.101  0.3847E+00  0.7831E+01
      6.199  0.3393E+00  0.7867E+01
      6.297  0.2992E+00  0.7898E+01
      6.394  0.2610E+00  0.7925E+01
      6.492  0.2200E+00  0.7948E+01
      6.590  0.1782E+00  0.7968E+01
      6.687  0.1513E+00  0.7984E+01
      6.785  0.9466E-01  0.7996E+01
      6.882  0.4268E-04  0.8000E+01
      6.980  0.0000E+00  0.8000E+01
      7.078  0.0000E+00  0.8000E+01
      7.175  0.0000E+00  0.8000E+01
      7.273  0.0000E+00  0.8000E+01
      7.370  0.0000E+00  0.8000E+01
      7.468  0.5223E-02  0.8000E+01
      7.566  0.1032E+00  0.8005E+01
      7.663  0.1747E+00  0.8019E+01
      7.761  0.2529E+00  0.8040E+01
      7.859  0.2894E+00  0.8066E+01
      7.956  0.3330E+00  0.8097E+01
      8.054  0.3784E+00  0.8131E+01
      8.151  0.4263E+00  0.8171E+01
      8.249  0.4632E+00  0.8214E+01
      8.347  0.4977E+00  0.8261E+01
      8.444  0.5335E+00  0.8312E+01
      8.542  0.5704E+00  0.8365E+01
      8.639  0.6101E+00  0.8423E+01
      8.737  0.6515E+00  0.8485E+01
      8.835  0.6970E+00  0.8550E+01
      8.932  0.7316E+00  0.8620E+01
      9.030  0.7710E+00  0.8693E+01
      9.128  0.8149E+00  0.8771E+01
      9.225  0.8767E+00  0.8853E+01
      9.323  0.1003E+01  0.8944E+01
      9.420  0.1105E+01  0.9047E+01
      9.518  0.1256E+01  0.9161E+01
      9.616  0.1515E+01  0.9298E+01
      9.713  0.1525E+01  0.9448E+01
      9.811  0.1526E+01  0.9596E+01
      9.908  0.1503E+01  0.9743E+01
     10.006  0.1242E+01  0.9876E+01
     10.104  0.1167E+01  0.9994E+01
     10.201  0.1038E+01  0.1010E+02
     10.299  0.1121E+01  0.1021E+02
     10.396  0.1667E+01  0.1035E+02
     10.494  0.1638E+01  0.1050E+02
     10.592  0.1720E+01  0.1066E+02
     10.689  0.1510E+01  0.1082E+02
     10.787  0.1522E+01  0.1097E+02
     10.885  0.1543E+01  0.1112E+02
     10.982  0.1531E+01  0.1127E+02
     11.080  0.1431E+01  0.1141E+02
     11.177  0.1348E+01  0.1155E+02
     11.275  0.1379E+01  0.1168E+02
     11.373  0.1288E+01  0.1181E+02
     11.470  0.1168E+01  0.1193E+02
     11.568  0.9607E+00  0.1203E+02
     11.665  0.9589E+00  0.1213E+02
     11.763  0.9563E+00  0.1222E+02
     11.861  0.1015E+01  0.1232E+02
     11.958  0.9898E+00  0.1241E+02
     12.056  0.1049E+01  0.1251E+02
     12.154  0.9866E+00  0.1261E+02
     12.251  0.1009E+01  0.1271E+02
     12.349  0.1018E+01  0.1281E+02
     12.446  0.1017E+01  0.1291E+02
     12.544  0.1075E+01  0.1301E+02
     12.642  0.1105E+01  0.1312E+02
     12.739  0.1040E+01  0.1323E+02
     12.837  0.1047E+01  0.1333E+02
     12.934  0.1094E+01  0.1343E+02
     13.032  0.1078E+01  0.1354E+02
     13.130  0.1058E+01  0.1364E+02
     13.227  0.1087E+01  0.1375E+02
     13.325  0.1021E+01  0.1385E+02
     13.422  0.9972E+00  0.1395E+02
     13.520  0.9742E+00  0.1404E+02
     13.618  0.9587E+00  0.1414E+02
     13.715  0.9392E+00  0.1423E+02
     13.813  0.9021E+00  0.1432E+02
     13.911  0.8338E+00  0.1440E+02
     14.008  0.7613E+00  0.1448E+02
     14.106  0.7425E+00  0.1455E+02
     14.203  0.7747E+00  0.1463E+02
     14.301  0.7979E+00  0.1471E+02
     14.399  0.7917E+00  0.1478E+02
     14.496  0.8299E+00  0.1486E+02
     14.594  0.8422E+00  0.1494E+02
     14.691  0.8109E+00  0.1503E+02
     14.789  0.7704E+00  0.1510E+02
     14.887  0.6713E+00  0.1517E+02
     14.984  0.6170E+00  0.1523E+02
     15.082  0.5623E+00  0.1529E+02
     15.180  0.5423E+00  0.1535E+02
     15.277  0.5238E+00  0.1540E+02
     15.375  0.4969E+00  0.1545E+02
     15.472  0.5368E+00  0.1550E+02
     15.570  0.6071E+00  0.1556E+02
     15.668  0.5018E+00  0.1561E+02
     15.765  0.4383E+00  0.1565E+02
     15.863  0.3806E+00  0.1569E+02
     15.960  0.3283E+00  0.1573E+02
     16.058  0.2473E+00  0.1576E+02
     16.156  0.2173E+00  0.1578E+02
     16.253  0.2038E+00  0.1580E+02
     16.351  0.1922E+00  0.1582E+02
     16.448  0.1798E+00  0.1584E+02
     16.546  0.1699E+00  0.1585E+02
     16.644  0.1736E+00  0.1587E+02
     16.741  0.1473E+00  0.1589E+02
     16.839  0.1289E+00  0.1590E+02
     16.937  0.1174E+00  0.1591E+02
     17.034  0.1090E+00  0.1592E+02
     17.132  0.1048E+00  0.1593E+02
     17.229  0.9772E-01  0.1594E+02
     17.327  0.8536E-01  0.1595E+02
     17.425  0.7348E-01  0.1596E+02
     17.522  0.6290E-01  0.1597E+02
     17.620  0.5453E-01  0.1597E+02
     17.717  0.4761E-01  0.1598E+02
     17.815  0.4150E-01  0.1598E+02
     17.913  0.3619E-01  0.1599E+02
     18.010  0.3329E-01  0.1599E+02
     18.108  0.3349E-01  0.1599E+02
     18.206  0.3619E-01  0.1600E+02
     18.303  0.1458E-01  0.1600E+02
     18.401  0.6477E-02  0.1600E+02
     18.498  0.3771E-02  0.1600E+02
     18.596  0.1799E-02  0.1600E+02
     18.694  0.5588E-03  0.1600E+02
     18.791  0.4849E-04  0.1600E+02
     18.889  0.0000E+00  0.1600E+02
     18.986  0.0000E+00  0.1600E+02
     19.084  0.0000E+00  0.1600E+02
     19.182  0.0000E+00  0.1600E+02
     19.279  0.0000E+00  0.1600E+02
     19.377  0.0000E+00  0.1600E+02
     19.475  0.0000E+00  0.1600E+02
     19.572  0.0000E+00  0.1600E+02
     19.670  0.0000E+00  0.1600E+02
     19.767  0.0000E+00  0.1600E+02
     19.865  0.0000E+00  0.1600E+02
     19.963  0.0000E+00  0.1600E+02
     20.060  0.0000E+00  0.1600E+02
     20.158  0.0000E+00  0.1600E+02
     20.255  0.0000E+00  0.1600E+02
     20.353  0.0000E+00  0.1600E+02
     20.451  0.0000E+00  0.1600E+02
     20.548  0.0000E+00  0.1600E+02
     20.646  0.0000E+00  0.1600E+02
     20.743  0.0000E+00  0.1600E+02
     20.841  0.0000E+00  0.1600E+02
     20.84108422     -8.44286289  301      6.88390995      1.00000000
     -8.443  0.0000E+00  0.0000E+00  0.0000E+00  0.0000E+00  0.0000E+00  0.0000E+00  0.0000E+00  0.0000E+00  0.0000E+00
     -8.345  0.0000E+00  0.0000E+00  0.0000E+00  0.0000E+00  0.0000E+00  0.0000E+00  0.0000E+00  0.0000E+00  0.0000E+00
     -8.248  0.0000E+00  0.0000E+00  0.0000E+00  0.0000E+00  0.0000E+00  0.0000E+00  0.0000E+00  0.0000E+00  0.0000E+00
     -8.150  0.0000E+00  0.0000E+00  0.0000E+00  0.0000E+00  0.0000E+00  0.0000E+00  0.0000E+00  0.0000E+00  0.0000E+00
     -8.052  0.0000E+00  0.0000E+00  0.0000E+00  0.0000E+00  0.0000E+00  0.0000E+00  0.0000E+00  0.0000E+00  0.0000E+00
     -7.955  0.0000E+00  0.0000E+00  0.0000E+00  0.0000E+00  0.0000E+00  0.0000E+00  0.0000E+00  0.0000E+00  0.0000E+00
     -7.857  0.0000E+00  0.0000E+00  0.0000E+00  0.0000E+00  0.0000E+00  0.0000E+00  0.0000E+00  0.0000E+00  0.0000E+00
     -7.760  0.0000E+00  0.0000E+00  0.0000E+00  0.0000E+00  0.0000E+00  0.0000E+00  0.0000E+00  0.0000E+00  0.0000E+00
     -7.662  0.0000E+00  0.0000E+00  0.0000E+00  0.0000E+00  0.0000E+00  0.0000E+00  0.0000E+00  0.0000E+00  0.0000E+00
     -7.564  0.0000E+00  0.0000E+00  0.0000E+00  0.0000E+00  0.0000E+00  0.0000E+00  0.0000E+00  0.0000E+00  0.0000E+00
     -7.467  0.0000E+00  0.0000E+00  0.0000E+00  0.0000E+00  0.0000E+00  0.0000E+00  0.0000E+00  0.0000E+00  0.0000E+00
     -7.369  0.0000E+00  0.0000E+00  0.0000E+00  0.0000E+00  0.0000E+00  0.0000E+00  0.0000E+00  0.0000E+00  0.0000E+00
     -7.272  0.0000E+00  0.0000E+00  0.0000E+00  0.0000E+00  0.0000E+00  0.0000E+00  0.0000E+00  0.0000E+00  0.0000E+00
     -7.174  0.0000E+00  0.0000E+00  0.0000E+00  0.0000E+00  0.0000E+00  0.0000E+00  0.0000E+00  0.0000E+00  0.0000E+00
     -7.076  0.0000E+00  0.0000E+00  0.0000E+00  0.0000E+00  0.0000E+00  0.0000E+00  0.0000E+00  0.0000E+00  0.0000E+00
     -6.979  0.0000E+00  0.0000E+00  0.0000E+00  0.0000E+00  0.0000E+00  0.0000E+00  0.0000E+00  0.0000E+00  0.0000E+00
     -6.881  0.0000E+00  0.0000E+00  0.0000E+00  0.0000E+00  0.0000E+00  0.0000E+00  0.0000E+00  0.0000E+00  0.0000E+00
     -6.783  0.0000E+00  0.0000E+00  0.0000E+00  0.0000E+00  0.0000E+00  0.0000E+00  0.0000E+00  0.0000E+00  0.0000E+00
     -6.686  0.0000E+00  0.0000E+00  0.0000E+00  0.0000E+00  0.0000E+00  0.0000E+00  0.0000E+00  0.0000E+00  0.0000E+00
     -6.588  0.0000E+00  0.0000E+00  0.0000E+00  0.0000E+00  0.0000E+00  0.0000E+00  0.0000E+00  0.0000E+00  0.0000E+00
     -6.491  0.0000E+00  0.0000E+00  0.0000E+00  0.0000E+00  0.0000E+00  0.0000E+00  0.0000E+00  0.0000E+00  0.0000E+00
     -6.393  0.1362E-01  0.1233E-04  0.1233E-04  0.1233E-04  0.0000E+00  0.0000E+00  0.0000E+00  0.0000E+00  0.0000E+00
     -6.295  0.2561E-01  0.6494E-04  0.6494E-04  0.6494E-04  0.0000E+00  0.0000E+00  0.0000E+00  0.0000E+00  0.0000E+00
     -6.198  0.3085E-01  0.1308E-03  0.1308E-03  0.1308E-03  0.0000E+00  0.0000E+00  0.0000E+00  0.0000E+00  0.0000E+00
     -6.100  0.3614E-01  0.2189E-03  0.2189E-03  0.2189E-03  0.0000E+00  0.0000E+00  0.0000E+00  0.0000E+00  0.0000E+00
     -6.003  0.4101E-01  0.3201E-03  0.3201E-03  0.3201E-03  0.0000E+00  0.0000E+00  0.0000E+00  0.0000E+00  0.0000E+00
     -5.905  0.4595E-01  0.4276E-03  0.4276E-03  0.4276E-03  0.0000E+00  0.0000E+00  0.0000E+00  0.0000E+00  0.0000E+00
     -5.807  0.4967E-01  0.5540E-03  0.5540E-03  0.5540E-03  0.0000E+00  0.0000E+00  0.0000E+00  0.0000E+00  0.0000E+00
     -5.710  0.5388E-01  0.6819E-03  0.6819E-03  0.6819E-03  0.0000E+00  0.0000E+00  0.0000E+00  0.0000E+00  0.0000E+00
     -5.612  0.5726E-01  0.8270E-03  0.8270E-03  0.8270E-03  0.0000E+00  0.0000E+00  0.0000E+00  0.0000E+00  0.0000E+00
     -5.514  0.6103E-01  0.9724E-03  0.9724E-03  0.9724E-03  0.0000E+00  0.0000E+00  0.0000E+00  0.0000E+00  0.0000E+00
     -5.417  0.6420E-01  0.1135E-02  0.1135E-02  0.1135E-02  0.0000E+00  0.0000E+00  0.0000E+00  0.0000E+00  0.0000E+00
     -5.319  0.6756E-01  0.1300E-02  0.1300E-02  0.1300E-02  0.0000E+00  0.0000E+00  0.0000E+00  0.0000E+00  0.0000E+00
     -5.222  0.7090E-01  0.1472E-02  0.1472E-02  0.1472E-02  0.0000E+00  0.0000E+00  0.0000E+00  0.0000E+00  0.0000E+00
     -5.124  0.7398E-01  0.1657E-02  0.1657E-02  0.1657E-02  0.0000E+00  0.0000E+00  0.0000E+00  0.0000E+00  0.0000E+00
     -5.026  0.7731E-01  0.1842E-02  0.1842E-02  0.1842E-02  0.0000E+00  0.0000E+00  0.0000E+00  0.0000E+00  0.0000E+00
     -4.929  0.8049E-01  0.2041E-02  0.2041E-02  0.2041E-02  0.0000E+00  0.0000E+00  0.0000E+00  0.0000E+00  0.0000E+00
     -4.831  0.8368E-01  0.2248E-02  0.2248E-02  0.2248E-02  0.0000E+00  0.0000E+00  0.0000E+00  0.0000E+00  0.0000E+00
     -4.734  0.8711E-01  0.2455E-02  0.2455E-02  0.2455E-02  0.0000E+00  0.0000E+00  0.0000E+00  0.0000E+00  0.0000E+00
     -4.636  0.9048E-01  0.2679E-02  0.2679E-02  0.2679E-02  0.0000E+00  0.0000E+00  0.0000E+00  0.0000E+00  0.0000E+00
     -4.538  0.9400E-01  0.2912E-02  0.2912E-02  0.2912E-02  0.0000E+00  0.0000E+00  0.0000E+00  0.0000E+00  0.0000E+00
     -4.441  0.9783E-01  0.3148E-02  0.3148E-02  0.3148E-02  0.0000E+00  0.0000E+00  0.0000E+00  0.0000E+00  0.0000E+00
     -4.343  0.1018E+00  0.3400E-02  0.3400E-02  0.3400E-02  0.0000E+00  0.0000E+00  0.0000E+00  0.0000E+00  0.0000E+00
     -4.245  0.1062E+00  0.3671E-02  0.3671E-02  0.3671E-02  0.0000E+00  0.0000E+00  0.0000E+00  0.0000E+00  0.0000E+00
     -4.148  0.1111E+00  0.3950E-02  0.3950E-02  0.3950E-02  0.0000E+00  0.0000E+00  0.0000E+00  0.0000E+00  0.0000E+00
     -4.050  0.1167E+00  0.4249E-02  0.4249E-02  0.4249E-02  0.0000E+00  0.0000E+00  0.0000E+00  0.0000E+00  0.0000E+00
     -3.953  0.1235E+00  0.4598E-02  0.4598E-02  0.4598E-02  0.0000E+00  0.0000E+00  0.0000E+00  0.0000E+00  0.0000E+00
     -3.855  0.1324E+00  0.4994E-02  0.4994E-02  0.4994E-02  0.0000E+00  0.0000E+00  0.0000E+00  0.0000E+00  0.0000E+00
     -3.757  0.1465E+00  0.5517E-02  0.5517E-02  0.5517E-02  0.0000E+00  0.0000E+00  0.0000E+00  0.0000E+00  0.0000E+00
     -3.660  0.1704E+00  0.6315E-02  0.6315E-02  0.6315E-02  0.0000E+00  0.0000E+00  0.0000E+00  0.0000E+00  0.0000E+00
     -3.562  0.1673E+00  0.6490E-02  0.6490E-02  0.6490E-02  0.0000E+00  0.0000E+00  0.0000E+00  0.0000E+00  0.0000E+00
     -3.465  0.1561E+00  0.6389E-02  0.6389E-02  0.6389E-02  0.0000E+00  0.0000E+00  0.0000E+00  0.0000E+00  0.0000E+00
     -3.367  0.1528E+00  0.6512E-02  0.6512E-02  0.6512E-02  0.0000E+00  0.0000E+00  0.0000E+00  0.0000E+00  0.0000E+00
     -3.269  0.1459E+00  0.6511E-02  0.6511E-02  0.6511E-02  0.0000E+00  0.0000E+00  0.0000E+00  0.0000E+00  0.0000E+00
     -3.172  0.1396E+00  0.6490E-02  0.6490E-02  0.6490E-02  0.0000E+00  0.0000E+00  0.0000E+00  0.0000E+00  0.0000E+00
     -3.074  0.1346E+00  0.6498E-02  0.6498E-02  0.6498E-02  0.0000E+00  0.0000E+00  0.0000E+00  0.0000E+00  0.0000E+00
     -2.977  0.1283E+00  0.6463E-02  0.6463E-02  0.6463E-02  0.0000E+00  0.0000E+00  0.0000E+00  0.0000E+00  0.0000E+00
     -2.879  0.1229E+00  0.6417E-02  0.6417E-02  0.6417E-02  0.0000E+00  0.0000E+00  0.0000E+00  0.0000E+00  0.0000E+00
     -2.781  0.1172E+00  0.6345E-02  0.6345E-02  0.6345E-02  0.0000E+00  0.0000E+00  0.0000E+00  0.0000E+00  0.0000E+00
     -2.684  0.1115E+00  0.6266E-02  0.6266E-02  0.6266E-02  0.0000E+00  0.0000E+00  0.0000E+00  0.0000E+00  0.0000E+00
     -2.586  0.1059E+00  0.6156E-02  0.6156E-02  0.6156E-02  0.0000E+00  0.0000E+00  0.0000E+00  0.0000E+00  0.0000E+00
     -2.488  0.9953E-01  0.6002E-02  0.6002E-02  0.6002E-02  0.0000E+00  0.0000E+00  0.0000E+00  0.0000E+00  0.0000E+00
     -2.391  0.9376E-01  0.5851E-02  0.5851E-02  0.5851E-02  0.0000E+00  0.0000E+00  0.0000E+00  0.0000E+00  0.0000E+00
     -2.293  0.8761E-01  0.5657E-02  0.5657E-02  0.5657E-02  0.0000E+00  0.0000E+00  0.0000E+00  0.0000E+00  0.0000E+00
     -2.196  0.8093E-01  0.5422E-02  0.5422E-02  0.5422E-02  0.0000E+00  0.0000E+00  0.0000E+00  0.0000E+00  0.0000E+00
     -2.098  0.7488E-01  0.5190E-02  0.5190E-02  0.5190E-02  0.0000E+00  0.0000E+00  0.0000E+00  0.0000E+00  0.0000E+00
     -2.000  0.6706E-01  0.4851E-02  0.4851E-02  0.4851E-02  0.0000E+00  0.0000E+00  0.0000E+00  0.0000E+00  0.0000E+00
     -1.903  0.6444E-01  0.4887E-02  0.4887E-02  0.4887E-02  0.0000E+00  0.0000E+00  0.0000E+00  0.0000E+00  0.0000E+00
     -1.805  0.4817E-01  0.3801E-02  0.3801E-02  0.3801E-02  0.0000E+00  0.0000E+00  0.0000E+00  0.0000E+00  0.0000E+00
     -1.708  0.2362E-01  0.1912E-02  0.1912E-02  0.1912E-02  0.0000E+00  0.0000E+00  0.0000E+00  0.0000E+00  0.0000E+00
     -1.610  0.8457E-02  0.6879E-03  0.6879E-03  0.6879E-03  0.0000E+00  0.0000E+00  0.0000E+00  0.0000E+00  0.0000E+00
     -1.512  0.8352E-02  0.7941E-03  0.7941E-03  0.7941E-03  0.0000E+00  0.0000E+00  0.0000E+00  0.0000E+00  0.0000E+00
     -1.415  0.1768E-01  0.1763E-02  0.1763E-02  0.1763E-02  0.0000E+00  0.0000E+00  0.0000E+00  0.0000E+00  0.0000E+00
     -1.317  0.3140E-01  0.3146E-02  0.3146E-02  0.3146E-02  0.0000E+00  0.0000E+00  0.0000E+00  0.0000E+00  0.0000E+00
     -1.219  0.4133E-01  0.4209E-02  0.4209E-02  0.4209E-02  0.0000E+00  0.0000E+00  0.0000E+00  0.0000E+00  0.0000E+00
     -1.122  0.5239E-01  0.5512E-02  0.5512E-02  0.5512E-02  0.0000E+00  0.0000E+00  0.0000E+00  0.0000E+00  0.0000E+00
     -1.024  0.6204E-01  0.6774E-02  0.6774E-02  0.6774E-02  0.0000E+00  0.0000E+00  0.0000E+00  0.0000E+00  0.0000E+00
     -0.927  0.7179E-01  0.8590E-02  0.8590E-02  0.8590E-02  0.0000E+00  0.0000E+00  0.0000E+00  0.0000E+00  0.0000E+00
     -0.829  0.1080E+00  0.1986E-01  0.1986E-01  0.1986E-01  0.0000E+00  0.0000E+00  0.0000E+00  0.0000E+00  0.0000E+00
     -0.731  0.1338E+00  0.2590E-01  0.2590E-01  0.2590E-01  0.0000E+00  0.0000E+00  0.0000E+00  0.0000E+00  0.0000E+00
     -0.634  0.1921E+00  0.3925E-01  0.3925E-01  0.3925E-01  0.0000E+00  0.0000E+00  0.0000E+00  0.0000E+00  0.0000E+00
     -0.536  0.1979E+00  0.3983E-01  0.3983E-01  0.3983E-01  0.0000E+00  0.0000E+00  0.0000E+00  0.0000E+00  0.0000E+00
     -0.439  0.1388E+00  0.2786E-01  0.2786E-01  0.2786E-01  0.0000E+00  0.0000E+00  0.0000E+00  0.0000E+00  0.0000E+00
     -0.341  0.1194E+00  0.2409E-01  0.2409E-01  0.2409E-01  0.0000E+00  0.0000E+00  0.0000E+00  0.0000E+00  0.0000E+00
     -0.243  0.1066E+00  0.2171E-01  0.2171E-01  0.2171E-01  0.0000E+00  0.0000E+00  0.0000E+00  0.0000E+00  0.0000E+00
     -0.146  0.9617E-01  0.1991E-01  0.1991E-01  0.1991E-01  0.0000E+00  0.0000E+00  0.0000E+00  0.0000E+00  0.0000E+00
     -0.048  0.8844E-01  0.1858E-01  0.1858E-01  0.1858E-01  0.0000E+00  0.0000E+00  0.0000E+00  0.0000E+00  0.0000E+00
      0.049  0.8235E-01  0.1757E-01  0.1757E-01  0.1757E-01  0.0000E+00  0.0000E+00  0.0000E+00  0.0000E+00  0.0000E+00
      0.147  0.7626E-01  0.1660E-01  0.1660E-01  0.1660E-01  0.0000E+00  0.0000E+00  0.0000E+00  0.0000E+00  0.0000E+00
      0.245  0.7090E-01  0.1574E-01  0.1574E-01  0.1574E-01  0.0000E+00  0.0000E+00  0.0000E+00  0.0000E+00  0.0000E+00
      0.342  0.6697E-01  0.1513E-01  0.1513E-01  0.1513E-01  0.0000E+00  0.0000E+00  0.0000E+00  0.0000E+00  0.0000E+00
      0.440  0.6293E-01  0.1451E-01  0.1451E-01  0.1451E-01  0.0000E+00  0.0000E+00  0.0000E+00  0.0000E+00  0.0000E+00
      0.538  0.5847E-01  0.1381E-01  0.1381E-01  0.1381E-01  0.0000E+00  0.0000E+00  0.0000E+00  0.0000E+00  0.0000E+00
      0.635  0.5541E-01  0.1334E-01  0.1334E-01  0.1334E-01  0.0000E+00  0.0000E+00  0.0000E+00  0.0000E+00  0.0000E+00
      0.733  0.5262E-01  0.1293E-01  0.1293E-01  0.1293E-01  0.0000E+00  0.0000E+00  0.0000E+00  0.0000E+00  0.0000E+00
      0.830  0.4952E-01  0.1245E-01  0.1245E-01  0.1245E-01  0.0000E+00  0.0000E+00  0.0000E+00  0.0000E+00  0.0000E+00
      0.928  0.4612E-01  0.1189E-01  0.1189E-01  0.1189E-01  0.0000E+00  0.0000E+00  0.0000E+00  0.0000E+00  0.0000E+00
      1.026  0.4398E-01  0.1157E-01  0.1157E-01  0.1157E-01  0.0000E+00  0.0000E+00  0.0000E+00  0.0000E+00  0.0000E+00
      1.123  0.4185E-01  0.1124E-01  0.1124E-01  0.1124E-01  0.0000E+00  0.0000E+00  0.0000E+00  0.0000E+00  0.0000E+00
      1.221  0.3953E-01  0.1087E-01  0.1087E-01  0.1087E-01  0.0000E+00  0.0000E+00  0.0000E+00  0.0000E+00  0.0000E+00
      1.318  0.3681E-01  0.1040E-01  0.1040E-01  0.1040E-01  0.0000E+00  0.0000E+00  0.0000E+00  0.0000E+00  0.0000E+00
      1.416  0.3502E-01  0.1011E-01  0.1011E-01  0.1011E-01  0.0000E+00  0.0000E+00  0.0000E+00  0.0000E+00  0.0000E+00
      1.514  0.3337E-01  0.9849E-02  0.9849E-02  0.9849E-02  0.0000E+00  0.0000E+00  0.0000E+00  0.0000E+00  0.0000E+00
      1.611  0.3166E-01  0.9565E-02  0.9565E-02  0.9565E-02  0.0000E+00  0.0000E+00  0.0000E+00  0.0000E+00  0.0000E+00
      1.709  0.2968E-01  0.9209E-02  0.9209E-02  0.9209E-02  0.0000E+00  0.0000E+00  0.0000E+00  0.0000E+00  0.0000E+00
      1.807  0.2922E-01  0.2335E-01  0.2335E-01  0.2335E-01  0.0000E+00  0.0000E+00  0.0000E+00  0.0000E+00  0.0000E+00
      1.904  0.2961E-01  0.3177E-01  0.3177E-01  0.3177E-01  0.0000E+00  0.0000E+00  0.0000E+00  0.0000E+00  0.0000E+00
      2.002  0.3063E-01  0.4238E-01  0.4238E-01  0.4238E-01  0.0000E+00  0.0000E+00  0.0000E+00  0.0000E+00  0.0000E+00
      2.099  0.3267E-01  0.5635E-01  0.5635E-01  0.5635E-01  0.0000E+00  0.0000E+00  0.0000E+00  0.0000E+00  0.0000E+00
      2.197  0.3242E-01  0.5355E-01  0.5355E-01  0.5355E-01  0.0000E+00  0.0000E+00  0.0000E+00  0.0000E+00  0.0000E+00
      2.295  0.3228E-01  0.5019E-01  0.5019E-01  0.5019E-01  0.0000E+00  0.0000E+00  0.0000E+00  0.0000E+00  0.0000E+00
      2.392  0.3241E-01  0.4889E-01  0.4889E-01  0.4889E-01  0.0000E+00  0.0000E+00  0.0000E+00  0.0000E+00  0.0000E+00
      2.490  0.3202E-01  0.4701E-01  0.4701E-01  0.4701E-01  0.0000E+00  0.0000E+00  0.0000E+00  0.0000E+00  0.0000E+00
      2.587  0.3151E-01  0.4748E-01  0.4748E-01  0.4748E-01  0.0000E+00  0.0000E+00  0.0000E+00  0.0000E+00  0.0000E+00
      2.685  0.3076E-01  0.4902E-01  0.4902E-01  0.4902E-01  0.0000E+00  0.0000E+00  0.0000E+00  0.0000E+00  0.0000E+00
      2.783  0.3015E-01  0.4932E-01  0.4932E-01  0.4932E-01  0.0000E+00  0.0000E+00  0.0000E+00  0.0000E+00  0.0000E+00
      2.880  0.2968E-01  0.5067E-01  0.5067E-01  0.5067E-01  0.0000E+00  0.0000E+00  0.0000E+00  0.0000E+00  0.0000E+00
      2.978  0.2923E-01  0.5344E-01  0.5344E-01  0.5344E-01  0.0000E+00  0.0000E+00  0.0000E+00  0.0000E+00  0.0000E+00
      3.075  0.2852E-01  0.5539E-01  0.5539E-01  0.5539E-01  0.0000E+00  0.0000E+00  0.0000E+00  0.0000E+00  0.0000E+00
      3.173  0.2747E-01  0.5701E-01  0.5701E-01  0.5701E-01  0.0000E+00  0.0000E+00  0.0000E+00  0.0000E+00  0.0000E+00
      3.271  0.2660E-01  0.6180E-01  0.6180E-01  0.6180E-01  0.0000E+00  0.0000E+00  0.0000E+00  0.0000E+00  0.0000E+00
      3.368  0.2595E-01  0.6480E-01  0.6480E-01  0.6480E-01  0.0000E+00  0.0000E+00  0.0000E+00  0.0000E+00  0.0000E+00
      3.466  0.2525E-01  0.6902E-01  0.6902E-01  0.6902E-01  0.0000E+00  0.0000E+00  0.0000E+00  0.0000E+00  0.0000E+00
      3.564  0.2435E-01  0.8373E-01  0.8373E-01  0.8373E-01  0.0000E+00  0.0000E+00  0.0000E+00  0.0000E+00  0.0000E+00
      3.661  0.2315E-01  0.8446E-01  0.8446E-01  0.8446E-01  0.0000E+00  0.0000E+00  0.0000E+00  0.0000E+00  0.0000E+00
      3.759  0.2193E-01  0.8428E-01  0.8428E-01  0.8428E-01  0.0000E+00  0.0000E+00  0.0000E+00  0.0000E+00  0.0000E+00
      3.856  0.2108E-01  0.8269E-01  0.8269E-01  0.8269E-01  0.0000E+00  0.0000E+00  0.0000E+00  0.0000E+00  0.0000E+00
      3.954  0.2027E-01  0.8217E-01  0.8217E-01  0.8217E-01  0.0000E+00  0.0000E+00  0.0000E+00  0.0000E+00  0.0000E+00
      4.052  0.1941E-01  0.8162E-01  0.8162E-01  0.8162E-01  0.0000E+00  0.0000E+00  0.0000E+00  0.0000E+00  0.0000E+00
      4.149  0.1838E-01  0.8073E-01  0.8073E-01  0.8073E-01  0.0000E+00  0.0000E+00  0.0000E+00  0.0000E+00  0.0000E+00
      4.247  0.1715E-01  0.7997E-01  0.7997E-01  0.7997E-01  0.0000E+00  0.0000E+00  0.0000E+00  0.0000E+00  0.0000E+00
      4.344  0.1622E-01  0.7893E-01  0.7893E-01  0.7893E-01  0.0000E+00  0.0000E+00  0.0000E+00  0.0000E+00  0.0000E+00
      4.442  0.1552E-01  0.7825E-01  0.7825E-01  0.7825E-01  0.0000E+00  0.0000E+00  0.0000E+00  0.0000E+00  0.0000E+00
      4.540  0.1474E-01  0.7794E-01  0.7794E-01  0.7794E-01  0.0000E+00  0.0000E+00  0.0000E+00  0.0000E+00  0.0000E+00
      4.637  0.1376E-01  0.7694E-01  0.7694E-01  0.7694E-01  0.0000E+00  0.0000E+00  0.0000E+00  0.0000E+00  0.0000E+00
      4.735  0.1273E-01  0.7606E-01  0.7606E-01  0.7606E-01  0.0000E+00  0.0000E+00  0.0000E+00  0.0000E+00  0.0000E+00
      4.833  0.1157E-01  0.7577E-01  0.7577E-01  0.7577E-01  0.0000E+00  0.0000E+00  0.0000E+00  0.0000E+00  0.0000E+00
      4.930  0.1070E-01  0.7529E-01  0.7529E-01  0.7529E-01  0.0000E+00  0.0000E+00  0.0000E+00  0.0000E+00  0.0000E+00
      5.028  0.9865E-02  0.7473E-01  0.7473E-01  0.7473E-01  0.0000E+00  0.0000E+00  0.0000E+00  0.0000E+00  0.0000E+00
      5.125  0.9013E-02  0.7424E-01  0.7424E-01  0.7424E-01  0.0000E+00  0.0000E+00  0.0000E+00  0.0000E+00  0.0000E+00
      5.223  0.8169E-02  0.7377E-01  0.7377E-01  0.7377E-01  0.0000E+00  0.0000E+00  0.0000E+00  0.0000E+00  0.0000E+00
      5.321  0.7371E-02  0.7271E-01  0.7271E-01  0.7271E-01  0.0000E+00  0.0000E+00  0.0000E+00  0.0000E+00  0.0000E+00
      5.418  0.6574E-02  0.7288E-01  0.7288E-01  0.7288E-01  0.0000E+00  0.0000E+00  0.0000E+00  0.0000E+00  0.0000E+00
      5.516  0.5948E-02  0.6481E-01  0.6481E-01  0.6481E-01  0.0000E+00  0.0000E+00  0.0000E+00  0.0000E+00  0.0000E+00
      5.613  0.5419E-02  0.5194E-01  0.5194E-01  0.5194E-01  0.0000E+00  0.0000E+00  0.0000E+00  0.0000E+00  0.0000E+00
      5.711  0.4811E-02  0.4570E-01  0.4570E-01  0.4570E-01  0.0000E+00  0.0000E+00  0.0000E+00  0.0000E+00  0.0000E+00
      5.809  0.4126E-02  0.4050E-01  0.4050E-01  0.4050E-01  0.0000E+00  0.0000E+00  0.0000E+00  0.0000E+00  0.0000E+00
      5.906  0.3452E-02  0.3596E-01  0.3596E-01  0.3596E-01  0.0000E+00  0.0000E+00  0.0000E+00  0.0000E+00  0.0000E+00
      6.004  0.3000E-02  0.3209E-01  0.3209E-01  0.3209E-01  0.0000E+00  0.0000E+00  0.0000E+00  0.0000E+00  0.0000E+00
      6.101  0.2559E-02  0.2881E-01  0.2881E-01  0.2881E-01  0.0000E+00  0.0000E+00  0.0000E+00  0.0000E+00  0.0000E+00
      6.199  0.2078E-02  0.2552E-01  0.2552E-01  0.2552E-01  0.0000E+00  0.0000E+00  0.0000E+00  0.0000E+00  0.0000E+00
      6.297  0.1706E-02  0.2257E-01  0.2257E-01  0.2257E-01  0.0000E+00  0.0000E+00  0.0000E+00  0.0000E+00  0.0000E+00
      6.394  0.1244E-02  0.1979E-01  0.1979E-01  0.1979E-01  0.0000E+00  0.0000E+00  0.0000E+00  0.0000E+00  0.0000E+00
      6.492  0.9618E-03  0.1672E-01  0.1672E-01  0.1672E-01  0.0000E+00  0.0000E+00  0.0000E+00  0.0000E+00  0.0000E+00
      6.590  0.6473E-03  0.1358E-01  0.1358E-01  0.1358E-01  0.0000E+00  0.0000E+00  0.0000E+00  0.0000E+00  0.0000E+00
      6.687  0.3564E-03  0.1159E-01  0.1159E-01  0.1159E-01  0.0000E+00  0.0000E+00  0.0000E+00  0.0000E+00  0.0000E+00
      6.785  0.1398E-03  0.7253E-02  0.7253E-02  0.7253E-02  0.0000E+00  0.0000E+00  0.0000E+00  0.0000E+00  0.0000E+00
      6.882  0.4167E-08  0.3271E-05  0.3271E-05  0.3271E-05  0.0000E+00  0.0000E+00  0.0000E+00  0.0000E+00  0.0000E+00
      6.980  0.0000E+00  0.0000E+00  0.0000E+00  0.0000E+00  0.0000E+00  0.0000E+00  0.0000E+00  0.0000E+00  0.0000E+00
      7.078  0.0000E+00  0.0000E+00  0.0000E+00  0.0000E+00  0.0000E+00  0.0000E+00  0.0000E+00  0.0000E+00  0.0000E+00
      7.175  0.0000E+00  0.0000E+00  0.0000E+00  0.0000E+00  0.0000E+00  0.0000E+00  0.0000E+00  0.0000E+00  0.0000E+00
      7.273  0.0000E+00  0.0000E+00  0.0000E+00  0.0000E+00  0.0000E+00  0.0000E+00  0.0000E+00  0.0000E+00  0.0000E+00
      7.370  0.0000E+00  0.0000E+00  0.0000E+00  0.0000E+00  0.0000E+00  0.0000E+00  0.0000E+00  0.0000E+00  0.0000E+00
      7.468  0.2961E-03  0.6890E-04  0.6890E-04  0.6890E-04  0.0000E+00  0.0000E+00  0.0000E+00  0.0000E+00  0.0000E+00
      7.566  0.5752E-02  0.1389E-02  0.1389E-02  0.1389E-02  0.0000E+00  0.0000E+00  0.0000E+00  0.0000E+00  0.0000E+00
      7.663  0.9489E-02  0.2429E-02  0.2429E-02  0.2429E-02  0.0000E+00  0.0000E+00  0.0000E+00  0.0000E+00  0.0000E+00
      7.761  0.1349E-01  0.3591E-02  0.3591E-02  0.3591E-02  0.0000E+00  0.0000E+00  0.0000E+00  0.0000E+00  0.0000E+00
      7.859  0.1509E-01  0.4346E-02  0.4346E-02  0.4346E-02  0.0000E+00  0.0000E+00  0.0000E+00  0.0000E+00  0.0000E+00
      7.956  0.1704E-01  0.5210E-02  0.5210E-02  0.5210E-02  0.0000E+00  0.0000E+00  0.0000E+00  0.0000E+00  0.0000E+00
      8.054  0.1899E-01  0.6144E-02  0.6144E-02  0.6144E-02  0.0000E+00  0.0000E+00  0.0000E+00  0.0000E+00  0.0000E+00
      8.151  0.2101E-01  0.7156E-02  0.7156E-02  0.7156E-02  0.0000E+00  0.0000E+00  0.0000E+00  0.0000E+00  0.0000E+00
      8.249  0.2235E-01  0.8091E-02  0.8091E-02  0.8091E-02  0.0000E+00  0.0000E+00  0.0000E+00  0.0000E+00  0.0000E+00
      8.347  0.2353E-01  0.9012E-02  0.9012E-02  0.9012E-02  0.0000E+00  0.0000E+00  0.0000E+00  0.0000E+00  0.0000E+00
      8.444  0.2479E-01  0.9976E-02  0.9976E-02  0.9976E-02  0.0000E+00  0.0000E+00  0.0000E+00  0.0000E+00  0.0000E+00
      8.542  0.2601E-01  0.1101E-01  0.1101E-01  0.1101E-01  0.0000E+00  0.0000E+00  0.0000E+00  0.0000E+00  0.0000E+00
      8.639  0.2730E-01  0.1213E-01  0.1213E-01  0.1213E-01  0.0000E+00  0.0000E+00  0.0000E+00  0.0000E+00  0.0000E+00
      8.737  0.2868E-01  0.1330E-01  0.1330E-01  0.1330E-01  0.0000E+00  0.0000E+00  0.0000E+00  0.0000E+00  0.0000E+00
      8.835  0.3009E-01  0.1467E-01  0.1467E-01  0.1467E-01  0.0000E+00  0.0000E+00  0.0000E+00  0.0000E+00  0.0000E+00
      8.932  0.3103E-01  0.1585E-01  0.1585E-01  0.1585E-01  0.0000E+00  0.0000E+00  0.0000E+00  0.0000E+00  0.0000E+00
      9.030  0.3223E-01  0.1714E-01  0.1714E-01  0.1714E-01  0.0000E+00  0.0000E+00  0.0000E+00  0.0000E+00  0.0000E+00
      9.128  0.3356E-01  0.1859E-01  0.1859E-01  0.1859E-01  0.0000E+00  0.0000E+00  0.0000E+00  0.0000E+00  0.0000E+00
      9.225  0.3791E-01  0.2027E-01  0.2027E-01  0.2027E-01  0.0000E+00  0.0000E+00  0.0000E+00  0.0000E+00  0.0000E+00
      9.323  0.5304E-01  0.2252E-01  0.2252E-01  0.2252E-01  0.0000E+00  0.0000E+00  0.0000E+00  0.0000E+00  0.0000E+00
      9.420  0.6112E-01  0.2519E-01  0.2519E-01  0.2519E-01  0.0000E+00  0.0000E+00  0.0000E+00  0.0000E+00  0.0000E+00
      9.518  0.7476E-01  0.2891E-01  0.2891E-01  0.2891E-01  0.0000E+00  0.0000E+00  0.0000E+00  0.0000E+00  0.0000E+00
      9.616  0.9866E-01  0.3504E-01  0.3504E-01  0.3504E-01  0.0000E+00  0.0000E+00  0.0000E+00  0.0000E+00  0.0000E+00
      9.713  0.9289E-01  0.3793E-01  0.3793E-01  0.3793E-01  0.0000E+00  0.0000E+00  0.0000E+00  0.0000E+00  0.0000E+00
      9.811  0.8828E-01  0.3987E-01  0.3987E-01  0.3987E-01  0.0000E+00  0.0000E+00  0.0000E+00  0.0000E+00  0.0000E+00
      9.908  0.8062E-01  0.4066E-01  0.4066E-01  0.4066E-01  0.0000E+00  0.0000E+00  0.0000E+00  0.0000E+00  0.0000E+00
     10.006  0.5646E-01  0.3401E-01  0.3401E-01  0.3401E-01  0.0000E+00  0.0000E+00  0.0000E+00  0.0000E+00  0.0000E+00
     10.104  0.4714E-01  0.3295E-01  0.3295E-01  0.3295E-01  0.0000E+00  0.0000E+00  0.0000E+00  0.0000E+00  0.0000E+00
     10.201  0.3875E-01  0.3022E-01  0.3022E-01  0.3022E-01  0.0000E+00  0.0000E+00  0.0000E+00  0.0000E+00  0.0000E+00
     10.299  0.3690E-01  0.3394E-01  0.3394E-01  0.3394E-01  0.0000E+00  0.0000E+00  0.0000E+00  0.0000E+00  0.0000E+00
     10.396  0.4145E-01  0.5072E-01  0.5072E-01  0.5072E-01  0.0000E+00  0.0000E+00  0.0000E+00  0.0000E+00  0.0000E+00
     10.494  0.4118E-01  0.5219E-01  0.5219E-01  0.5219E-01  0.0000E+00  0.0000E+00  0.0000E+00  0.0000E+00  0.0000E+00
     10.592  0.4323E-01  0.5694E-01  0.5694E-01  0.5694E-01  0.0000E+00  0.0000E+00  0.0000E+00  0.0000E+00  0.0000E+00
     10.689  0.4447E-01  0.4900E-01  0.4900E-01  0.4900E-01  0.0000E+00  0.0000E+00  0.0000E+00  0.0000E+00  0.0000E+00
     10.787  0.4454E-01  0.4926E-01  0.4926E-01  0.4926E-01  0.0000E+00  0.0000E+00  0.0000E+00  0.0000E+00  0.0000E+00
     10.885  0.4255E-01  0.5006E-01  0.5006E-01  0.5006E-01  0.0000E+00  0.0000E+00  0.0000E+00  0.0000E+00  0.0000E+00
     10.982  0.3919E-01  0.4990E-01  0.4990E-01  0.4990E-01  0.0000E+00  0.0000E+00  0.0000E+00  0.0000E+00  0.0000E+00
     11.080  0.3664E-01  0.4686E-01  0.4686E-01  0.4686E-01  0.0000E+00  0.0000E+00  0.0000E+00  0.0000E+00  0.0000E+00
     11.177  0.3461E-01  0.4421E-01  0.4421E-01  0.4421E-01  0.0000E+00  0.0000E+00  0.0000E+00  0.0000E+00  0.0000E+00
     11.275  0.3555E-01  0.4495E-01  0.4495E-01  0.4495E-01  0.0000E+00  0.0000E+00  0.0000E+00  0.0000E+00  0.0000E+00
     11.373  0.3379E-01  0.4222E-01  0.4222E-01  0.4222E-01  0.0000E+00  0.0000E+00  0.0000E+00  0.0000E+00  0.0000E+00
     11.470  0.2961E-01  0.3883E-01  0.3883E-01  0.3883E-01  0.0000E+00  0.0000E+00  0.0000E+00  0.0000E+00  0.0000E+00
     11.568  0.1993E-01  0.3260E-01  0.3260E-01  0.3260E-01  0.0000E+00  0.0000E+00  0.0000E+00  0.0000E+00  0.0000E+00
     11.665  0.2034E-01  0.3230E-01  0.3230E-01  0.3230E-01  0.0000E+00  0.0000E+00  0.0000E+00  0.0000E+00  0.0000E+00
     11.763  0.2263E-01  0.3168E-01  0.3168E-01  0.3168E-01  0.0000E+00  0.0000E+00  0.0000E+00  0.0000E+00  0.0000E+00
     11.861  0.2745E-01  0.3301E-01  0.3301E-01  0.3301E-01  0.0000E+00  0.0000E+00  0.0000E+00  0.0000E+00  0.0000E+00
     11.958  0.2880E-01  0.3214E-01  0.3214E-01  0.3214E-01  0.0000E+00  0.0000E+00  0.0000E+00  0.0000E+00  0.0000E+00
     12.056  0.3287E-01  0.3374E-01  0.3374E-01  0.3374E-01  0.0000E+00  0.0000E+00  0.0000E+00  0.0000E+00  0.0000E+00
     12.154  0.2960E-01  0.3200E-01  0.3200E-01  0.3200E-01  0.0000E+00  0.0000E+00  0.0000E+00  0.0000E+00  0.0000E+00
     12.251  0.2930E-01  0.3269E-01  0.3269E-01  0.3269E-01  0.0000E+00  0.0000E+00  0.0000E+00  0.0000E+00  0.0000E+00
     12.349  0.3266E-01  0.3256E-01  0.3256E-01  0.3256E-01  0.0000E+00  0.0000E+00  0.0000E+00  0.0000E+00  0.0000E+00
     12.446  0.3354E-01  0.3231E-01  0.3231E-01  0.3231E-01  0.0000E+00  0.0000E+00  0.0000E+00  0.0000E+00  0.0000E+00
     12.544  0.3739E-01  0.3377E-01  0.3377E-01  0.3377E-01  0.0000E+00  0.0000E+00  0.0000E+00  0.0000E+00  0.0000E+00
     12.642  0.3874E-01  0.3449E-01  0.3449E-01  0.3449E-01  0.0000E+00  0.0000E+00  0.0000E+00  0.0000E+00  0.0000E+00
     12.739  0.3864E-01  0.3219E-01  0.3219E-01  0.3219E-01  0.0000E+00  0.0000E+00  0.0000E+00  0.0000E+00  0.0000E+00
     12.837  0.4020E-01  0.3201E-01  0.3201E-01  0.3201E-01  0.0000E+00  0.0000E+00  0.0000E+00  0.0000E+00  0.0000E+00
     12.934  0.4118E-01  0.3328E-01  0.3328E-01  0.3328E-01  0.0000E+00  0.0000E+00  0.0000E+00  0.0000E+00  0.0000E+00
     13.032  0.3829E-01  0.3264E-01  0.3264E-01  0.3264E-01  0.0000E+00  0.0000E+00  0.0000E+00  0.0000E+00  0.0000E+00
     13.130  0.3496E-01  0.3188E-01  0.3188E-01  0.3188E-01  0.0000E+00  0.0000E+00  0.0000E+00  0.0000E+00  0.0000E+00
     13.227  0.3512E-01  0.3273E-01  0.3273E-01  0.3273E-01  0.0000E+00  0.0000E+00  0.0000E+00  0.0000E+00  0.0000E+00
     13.325  0.3262E-01  0.3069E-01  0.3069E-01  0.3069E-01  0.0000E+00  0.0000E+00  0.0000E+00  0.0000E+00  0.0000E+00
     13.422  0.2895E-01  0.3053E-01  0.3053E-01  0.3053E-01  0.0000E+00  0.0000E+00  0.0000E+00  0.0000E+00  0.0000E+00
     13.520  0.2689E-01  0.3028E-01  0.3028E-01  0.3028E-01  0.0000E+00  0.0000E+00  0.0000E+00  0.0000E+00  0.0000E+00
     13.618  0.2458E-01  0.3000E-01  0.3000E-01  0.3000E-01  0.0000E+00  0.0000E+00  0.0000E+00  0.0000E+00  0.0000E+00
     13.715  0.2264E-01  0.2966E-01  0.2966E-01  0.2966E-01  0.0000E+00  0.0000E+00  0.0000E+00  0.0000E+00  0.0000E+00
     13.813  0.2041E-01  0.2903E-01  0.2903E-01  0.2903E-01  0.0000E+00  0.0000E+00  0.0000E+00  0.0000E+00  0.0000E+00
     13.911  0.1892E-01  0.2835E-01  0.2835E-01  0.2835E-01  0.0000E+00  0.0000E+00  0.0000E+00  0.0000E+00  0.0000E+00
     14.008  0.1753E-01  0.2649E-01  0.2649E-01  0.2649E-01  0.0000E+00  0.0000E+00  0.0000E+00  0.0000E+00  0.0000E+00
     14.106  0.1658E-01  0.2600E-01  0.2600E-01  0.2600E-01  0.0000E+00  0.0000E+00  0.0000E+00  0.0000E+00  0.0000E+00
     14.203  0.1742E-01  0.2743E-01  0.2743E-01  0.2743E-01  0.0000E+00  0.0000E+00  0.0000E+00  0.0000E+00  0.0000E+00
     14.301  0.1773E-01  0.2841E-01  0.2841E-01  0.2841E-01  0.0000E+00  0.0000E+00  0.0000E+00  0.0000E+00  0.0000E+00
     14.399  0.1722E-01  0.2821E-01  0.2821E-01  0.2821E-01  0.0000E+00  0.0000E+00  0.0000E+00  0.0000E+00  0.0000E+00
     14.496  0.1867E-01  0.2991E-01  0.2991E-01  0.2991E-01  0.0000E+00  0.0000E+00  0.0000E+00  0.0000E+00  0.0000E+00
     14.594  0.1900E-01  0.3046E-01  0.3046E-01  0.3046E-01  0.0000E+00  0.0000E+00  0.0000E+00  0.0000E+00  0.0000E+00
     14.691  0.1812E-01  0.2934E-01  0.2934E-01  0.2934E-01  0.0000E+00  0.0000E+00  0.0000E+00  0.0000E+00  0.0000E+00
     14.789  0.1708E-01  0.2787E-01  0.2787E-01  0.2787E-01  0.0000E+00  0.0000E+00  0.0000E+00  0.0000E+00  0.0000E+00
     14.887  0.1323E-01  0.2381E-01  0.2381E-01  0.2381E-01  0.0000E+00  0.0000E+00  0.0000E+00  0.0000E+00  0.0000E+00
     14.984  0.1114E-01  0.2190E-01  0.2190E-01  0.2190E-01  0.0000E+00  0.0000E+00  0.0000E+00  0.0000E+00  0.0000E+00
     15.082  0.9470E-02  0.2005E-01  0.2005E-01  0.2005E-01  0.0000E+00  0.0000E+00  0.0000E+00  0.0000E+00  0.0000E+00
     15.180  0.8844E-02  0.1924E-01  0.1924E-01  0.1924E-01  0.0000E+00  0.0000E+00  0.0000E+00  0.0000E+00  0.0000E+00
     15.277  0.8267E-02  0.1853E-01  0.1853E-01  0.1853E-01  0.0000E+00  0.0000E+00  0.0000E+00  0.0000E+00  0.0000E+00
     15.375  0.7487E-02  0.1758E-01  0.1758E-01  0.1758E-01  0.0000E+00  0.0000E+00  0.0000E+00  0.0000E+00  0.0000E+00
     15.472  0.7199E-02  0.1800E-01  0.1800E-01  0.1800E-01  0.0000E+00  0.0000E+00  0.0000E+00  0.0000E+00  0.0000E+00
     15.570  0.6889E-02  0.1945E-01  0.1945E-01  0.1945E-01  0.0000E+00  0.0000E+00  0.0000E+00  0.0000E+00  0.0000E+00
     15.668  0.6226E-02  0.1709E-01  0.1709E-01  0.1709E-01  0.0000E+00  0.0000E+00  0.0000E+00  0.0000E+00  0.0000E+00
     15.765  0.5063E-02  0.1534E-01  0.1534E-01  0.1534E-01  0.0000E+00  0.0000E+00  0.0000E+00  0.0000E+00  0.0000E+00
     15.863  0.4108E-02  0.1363E-01  0.1363E-01  0.1363E-01  0.0000E+00  0.0000E+00  0.0000E+00  0.0000E+00  0.0000E+00
     15.960  0.3625E-02  0.1215E-01  0.1215E-01  0.1215E-01  0.0000E+00  0.0000E+00  0.0000E+00  0.0000E+00  0.0000E+00
     16.058  0.3161E-02  0.9428E-02  0.9428E-02  0.9428E-02  0.0000E+00  0.0000E+00  0.0000E+00  0.0000E+00  0.0000E+00
     16.156  0.2886E-02  0.8360E-02  0.8360E-02  0.8360E-02  0.0000E+00  0.0000E+00  0.0000E+00  0.0000E+00  0.0000E+00
     16.253  0.2657E-02  0.7867E-02  0.7867E-02  0.7867E-02  0.0000E+00  0.0000E+00  0.0000E+00  0.0000E+00  0.0000E+00
     16.351  0.2450E-02  0.7451E-02  0.7451E-02  0.7451E-02  0.0000E+00  0.0000E+00  0.0000E+00  0.0000E+00  0.0000E+00
     16.448  0.2218E-02  0.6975E-02  0.6975E-02  0.6975E-02  0.0000E+00  0.0000E+00  0.0000E+00  0.0000E+00  0.0000E+00
     16.546  0.1986E-02  0.6612E-02  0.6612E-02  0.6612E-02  0.0000E+00  0.0000E+00  0.0000E+00  0.0000E+00  0.0000E+00
     16.644  0.1929E-02  0.6753E-02  0.6753E-02  0.6753E-02  0.0000E+00  0.0000E+00  0.0000E+00  0.0000E+00  0.0000E+00
     16.741  0.1517E-02  0.5820E-02  0.5820E-02  0.5820E-02  0.0000E+00  0.0000E+00  0.0000E+00  0.0000E+00  0.0000E+00
     16.839  0.1267E-02  0.5124E-02  0.5124E-02  0.5124E-02  0.0000E+00  0.0000E+00  0.0000E+00  0.0000E+00  0.0000E+00
     16.937  0.1109E-02  0.4681E-02  0.4681E-02  0.4681E-02  0.0000E+00  0.0000E+00  0.0000E+00  0.0000E+00  0.0000E+00
     17.034  0.9890E-03  0.4366E-02  0.4366E-02  0.4366E-02  0.0000E+00  0.0000E+00  0.0000E+00  0.0000E+00  0.0000E+00
     17.132  0.9108E-03  0.4189E-02  0.4189E-02  0.4189E-02  0.0000E+00  0.0000E+00  0.0000E+00  0.0000E+00  0.0000E+00
     17.229  0.8101E-03  0.3927E-02  0.3927E-02  0.3927E-02  0.0000E+00  0.0000E+00  0.0000E+00  0.0000E+00  0.0000E+00
     17.327  0.6622E-03  0.3494E-02  0.3494E-02  0.3494E-02  0.0000E+00  0.0000E+00  0.0000E+00  0.0000E+00  0.0000E+00
     17.425  0.5108E-03  0.3063E-02  0.3063E-02  0.3063E-02  0.0000E+00  0.0000E+00  0.0000E+00  0.0000E+00  0.0000E+00
     17.522  0.3852E-03  0.2690E-02  0.2690E-02  0.2690E-02  0.0000E+00  0.0000E+00  0.0000E+00  0.0000E+00  0.0000E+00
     17.620  0.3169E-03  0.2356E-02  0.2356E-02  0.2356E-02  0.0000E+00  0.0000E+00  0.0000E+00  0.0000E+00  0.0000E+00
     17.717  0.2733E-03  0.2057E-02  0.2057E-02  0.2057E-02  0.0000E+00  0.0000E+00  0.0000E+00  0.0000E+00  0.0000E+00
     17.815  0.2325E-03  0.1793E-02  0.1793E-02  0.1793E-02  0.0000E+00  0.0000E+00  0.0000E+00  0.0000E+00  0.0000E+00
     17.913  0.1943E-03  0.1567E-02  0.1567E-02  0.1567E-02  0.0000E+00  0.0000E+00  0.0000E+00  0.0000E+00  0.0000E+00
     18.010  0.1655E-03  0.1456E-02  0.1456E-02  0.1456E-02  0.0000E+00  0.0000E+00  0.0000E+00  0.0000E+00  0.0000E+00
     18.108  0.1460E-03  0.1495E-02  0.1495E-02  0.1495E-02  0.0000E+00  0.0000E+00  0.0000E+00  0.0000E+00  0.0000E+00
     18.206  0.1309E-03  0.1577E-02  0.1577E-02  0.1577E-02  0.0000E+00  0.0000E+00  0.0000E+00  0.0000E+00  0.0000E+00
     18.303  0.3269E-04  0.6228E-03  0.6228E-03  0.6228E-03  0.0000E+00  0.0000E+00  0.0000E+00  0.0000E+00  0.0000E+00
     18.401  0.1236E-04  0.2995E-03  0.2995E-03  0.2995E-03  0.0000E+00  0.0000E+00  0.0000E+00  0.0000E+00  0.0000E+00
     18.498  0.7353E-05  0.1733E-03  0.1733E-03  0.1733E-03  0.0000E+00  0.0000E+00  0.0000E+00  0.0000E+00  0.0000E+00
     18.596  0.3646E-05  0.8164E-04  0.8164E-04  0.8164E-04  0.0000E+00  0.0000E+00  0.0000E+00  0.0000E+00  0.0000E+00
     18.694  0.1238E-05  0.2460E-04  0.2460E-04  0.2460E-04  0.0000E+00  0.0000E+00  0.0000E+00  0.0000E+00  0.0000E+00
     18.791  0.1280E-06  0.1986E-05  0.1986E-05  0.1986E-05  0.0000E+00  0.0000E+00  0.0000E+00  0.0000E+00  0.0000E+00
     18.889  0.0000E+00  0.0000E+00  0.0000E+00  0.0000E+00  0.0000E+00  0.0000E+00  0.0000E+00  0.0000E+00  0.0000E+00
     18.986  0.0000E+00  0.0000E+00  0.0000E+00  0.0000E+00  0.0000E+00  0.0000E+00  0.0000E+00  0.0000E+00  0.0000E+00
     19.084  0.0000E+00  0.0000E+00  0.0000E+00  0.0000E+00  0.0000E+00  0.0000E+00  0.0000E+00  0.0000E+00  0.0000E+00
     19.182  0.0000E+00  0.0000E+00  0.0000E+00  0.0000E+00  0.0000E+00  0.0000E+00  0.0000E+00  0.0000E+00  0.0000E+00
     19.279  0.0000E+00  0.0000E+00  0.0000E+00  0.0000E+00  0.0000E+00  0.0000E+00  0.0000E+00  0.0000E+00  0.0000E+00
     19.377  0.0000E+00  0.0000E+00  0.0000E+00  0.0000E+00  0.0000E+00  0.0000E+00  0.0000E+00  0.0000E+00  0.0000E+00
     19.475  0.0000E+00  0.0000E+00  0.0000E+00  0.0000E+00  0.0000E+00  0.0000E+00  0.0000E+00  0.0000E+00  0.0000E+00
     19.572  0.0000E+00  0.0000E+00  0.0000E+00  0.0000E+00  0.0000E+00  0.0000E+00  0.0000E+00  0.0000E+00  0.0000E+00
     19.670  0.0000E+00  0.0000E+00  0.0000E+00  0.0000E+00  0.0000E+00  0.0000E+00  0.0000E+00  0.0000E+00  0.0000E+00
     19.767  0.0000E+00  0.0000E+00  0.0000E+00  0.0000E+00  0.0000E+00  0.0000E+00  0.0000E+00  0.0000E+00  0.0000E+00
     19.865  0.0000E+00  0.0000E+00  0.0000E+00  0.0000E+00  0.0000E+00  0.0000E+00  0.0000E+00  0.0000E+00  0.0000E+00
     19.963  0.0000E+00  0.0000E+00  0.0000E+00  0.0000E+00  0.0000E+00  0.0000E+00  0.0000E+00  0.0000E+00  0.0000E+00
     20.060  0.0000E+00  0.0000E+00  0.0000E+00  0.0000E+00  0.0000E+00  0.0000E+00  0.0000E+00  0.0000E+00  0.0000E+00
     20.158  0.0000E+00  0.0000E+00  0.0000E+00  0.0000E+00  0.0000E+00  0.0000E+00  0.0000E+00  0.0000E+00  0.0000E+00
     20.255  0.0000E+00  0.0000E+00  0.0000E+00  0.0000E+00  0.0000E+00  0.0000E+00  0.0000E+00  0.0000E+00  0.0000E+00
     20.353  0.0000E+00  0.0000E+00  0.0000E+00  0.0000E+00  0.0000E+00  0.0000E+00  0.0000E+00  0.0000E+00  0.0000E+00
     20.451  0.0000E+00  0.0000E+00  0.0000E+00  0.0000E+00  0.0000E+00  0.0000E+00  0.0000E+00  0.0000E+00  0.0000E+00
     20.548  0.0000E+00  0.0000E+00  0.0000E+00  0.0000E+00  0.0000E+00  0.0000E+00  0.0000E+00  0.0000E+00  0.0000E+00
     20.646  0.0000E+00  0.0000E+00  0.0000E+00  0.0000E+00  0.0000E+00  0.0000E+00  0.0000E+00  0.0000E+00  0.0000E+00
     20.743  0.0000E+00  0.0000E+00  0.0000E+00  0.0000E+00  0.0000E+00  0.0000E+00  0.0000E+00  0.0000E+00  0.0000E+00
     20.841  0.0000E+00  0.0000E+00  0.0000E+00  0.0000E+00  0.0000E+00  0.0000E+00  0.0000E+00  0.0000E+00  0.0000E+00
     20.84108422     -8.44286289  301      6.88390995      1.00000000
     -8.443  0.0000E+00  0.0000E+00  0.0000E+00  0.0000E+00  0.0000E+00  0.0000E+00  0.0000E+00  0.0000E+00  0.0000E+00
     -8.345  0.0000E+00  0.0000E+00  0.0000E+00  0.0000E+00  0.0000E+00  0.0000E+00  0.0000E+00  0.0000E+00  0.0000E+00
     -8.248  0.0000E+00  0.0000E+00  0.0000E+00  0.0000E+00  0.0000E+00  0.0000E+00  0.0000E+00  0.0000E+00  0.0000E+00
     -8.150  0.0000E+00  0.0000E+00  0.0000E+00  0.0000E+00  0.0000E+00  0.0000E+00  0.0000E+00  0.0000E+00  0.0000E+00
     -8.052  0.0000E+00  0.0000E+00  0.0000E+00  0.0000E+00  0.0000E+00  0.0000E+00  0.0000E+00  0.0000E+00  0.0000E+00
     -7.955  0.0000E+00  0.0000E+00  0.0000E+00  0.0000E+00  0.0000E+00  0.0000E+00  0.0000E+00  0.0000E+00  0.0000E+00
     -7.857  0.0000E+00  0.0000E+00  0.0000E+00  0.0000E+00  0.0000E+00  0.0000E+00  0.0000E+00  0.0000E+00  0.0000E+00
     -7.760  0.0000E+00  0.0000E+00  0.0000E+00  0.0000E+00  0.0000E+00  0.0000E+00  0.0000E+00  0.0000E+00  0.0000E+00
     -7.662  0.0000E+00  0.0000E+00  0.0000E+00  0.0000E+00  0.0000E+00  0.0000E+00  0.0000E+00  0.0000E+00  0.0000E+00
     -7.564  0.0000E+00  0.0000E+00  0.0000E+00  0.0000E+00  0.0000E+00  0.0000E+00  0.0000E+00  0.0000E+00  0.0000E+00
     -7.467  0.0000E+00  0.0000E+00  0.0000E+00  0.0000E+00  0.0000E+00  0.0000E+00  0.0000E+00  0.0000E+00  0.0000E+00
     -7.369  0.0000E+00  0.0000E+00  0.0000E+00  0.0000E+00  0.0000E+00  0.0000E+00  0.0000E+00  0.0000E+00  0.0000E+00
     -7.272  0.0000E+00  0.0000E+00  0.0000E+00  0.0000E+00  0.0000E+00  0.0000E+00  0.0000E+00  0.0000E+00  0.0000E+00
     -7.174  0.0000E+00  0.0000E+00  0.0000E+00  0.0000E+00  0.0000E+00  0.0000E+00  0.0000E+00  0.0000E+00  0.0000E+00
     -7.076  0.0000E+00  0.0000E+00  0.0000E+00  0.0000E+00  0.0000E+00  0.0000E+00  0.0000E+00  0.0000E+00  0.0000E+00
     -6.979  0.0000E+00  0.0000E+00  0.0000E+00  0.0000E+00  0.0000E+00  0.0000E+00  0.0000E+00  0.0000E+00  0.0000E+00
     -6.881  0.0000E+00  0.0000E+00  0.0000E+00  0.0000E+00  0.0000E+00  0.0000E+00  0.0000E+00  0.0000E+00  0.0000E+00
     -6.783  0.0000E+00  0.0000E+00  0.0000E+00  0.0000E+00  0.0000E+00  0.0000E+00  0.0000E+00  0.0000E+00  0.0000E+00
     -6.686  0.0000E+00  0.0000E+00  0.0000E+00  0.0000E+00  0.0000E+00  0.0000E+00  0.0000E+00  0.0000E+00  0.0000E+00
     -6.588  0.0000E+00  0.0000E+00  0.0000E+00  0.0000E+00  0.0000E+00  0.0000E+00  0.0000E+00  0.0000E+00  0.0000E+00
     -6.491  0.0000E+00  0.0000E+00  0.0000E+00  0.0000E+00  0.0000E+00  0.0000E+00  0.0000E+00  0.0000E+00  0.0000E+00
     -6.393  0.1362E-01  0.1233E-04  0.1233E-04  0.1233E-04  0.0000E+00  0.0000E+00  0.0000E+00  0.0000E+00  0.0000E+00
     -6.295  0.2561E-01  0.6494E-04  0.6494E-04  0.6494E-04  0.0000E+00  0.0000E+00  0.0000E+00  0.0000E+00  0.0000E+00
     -6.198  0.3085E-01  0.1308E-03  0.1308E-03  0.1308E-03  0.0000E+00  0.0000E+00  0.0000E+00  0.0000E+00  0.0000E+00
     -6.100  0.3614E-01  0.2189E-03  0.2189E-03  0.2189E-03  0.0000E+00  0.0000E+00  0.0000E+00  0.0000E+00  0.0000E+00
     -6.003  0.4101E-01  0.3201E-03  0.3201E-03  0.3201E-03  0.0000E+00  0.0000E+00  0.0000E+00  0.0000E+00  0.0000E+00
     -5.905  0.4595E-01  0.4276E-03  0.4276E-03  0.4276E-03  0.0000E+00  0.0000E+00  0.0000E+00  0.0000E+00  0.0000E+00
     -5.807  0.4967E-01  0.5540E-03  0.5540E-03  0.5540E-03  0.0000E+00  0.0000E+00  0.0000E+00  0.0000E+00  0.0000E+00
     -5.710  0.5388E-01  0.6819E-03  0.6819E-03  0.6819E-03  0.0000E+00  0.0000E+00  0.0000E+00  0.0000E+00  0.0000E+00
     -5.612  0.5726E-01  0.8270E-03  0.8270E-03  0.8270E-03  0.0000E+00  0.0000E+00  0.0000E+00  0.0000E+00  0.0000E+00
     -5.514  0.6103E-01  0.9724E-03  0.9724E-03  0.9724E-03  0.0000E+00  0.0000E+00  0.0000E+00  0.0000E+00  0.0000E+00
     -5.417  0.6420E-01  0.1135E-02  0.1135E-02  0.1135E-02  0.0000E+00  0.0000E+00  0.0000E+00  0.0000E+00  0.0000E+00
     -5.319  0.6756E-01  0.1300E-02  0.1300E-02  0.1300E-02  0.0000E+00  0.0000E+00  0.0000E+00  0.0000E+00  0.0000E+00
     -5.222  0.7090E-01  0.1472E-02  0.1472E-02  0.1472E-02  0.0000E+00  0.0000E+00  0.0000E+00  0.0000E+00  0.0000E+00
     -5.124  0.7398E-01  0.1657E-02  0.1657E-02  0.1657E-02  0.0000E+00  0.0000E+00  0.0000E+00  0.0000E+00  0.0000E+00
     -5.026  0.7731E-01  0.1842E-02  0.1842E-02  0.1842E-02  0.0000E+00  0.0000E+00  0.0000E+00  0.0000E+00  0.0000E+00
     -4.929  0.8049E-01  0.2041E-02  0.2041E-02  0.2041E-02  0.0000E+00  0.0000E+00  0.0000E+00  0.0000E+00  0.0000E+00
     -4.831  0.8368E-01  0.2248E-02  0.2248E-02  0.2248E-02  0.0000E+00  0.0000E+00  0.0000E+00  0.0000E+00  0.0000E+00
     -4.734  0.8711E-01  0.2455E-02  0.2455E-02  0.2455E-02  0.0000E+00  0.0000E+00  0.0000E+00  0.0000E+00  0.0000E+00
     -4.636  0.9048E-01  0.2679E-02  0.2679E-02  0.2679E-02  0.0000E+00  0.0000E+00  0.0000E+00  0.0000E+00  0.0000E+00
     -4.538  0.9400E-01  0.2912E-02  0.2912E-02  0.2912E-02  0.0000E+00  0.0000E+00  0.0000E+00  0.0000E+00  0.0000E+00
     -4.441  0.9783E-01  0.3148E-02  0.3148E-02  0.3148E-02  0.0000E+00  0.0000E+00  0.0000E+00  0.0000E+00  0.0000E+00
     -4.343  0.1018E+00  0.3400E-02  0.3400E-02  0.3400E-02  0.0000E+00  0.0000E+00  0.0000E+00  0.0000E+00  0.0000E+00
     -4.245  0.1062E+00  0.3671E-02  0.3671E-02  0.3671E-02  0.0000E+00  0.0000E+00  0.0000E+00  0.0000E+00  0.0000E+00
     -4.148  0.1111E+00  0.3950E-02  0.3950E-02  0.3950E-02  0.0000E+00  0.0000E+00  0.0000E+00  0.0000E+00  0.0000E+00
     -4.050  0.1167E+00  0.4249E-02  0.4249E-02  0.4249E-02  0.0000E+00  0.0000E+00  0.0000E+00  0.0000E+00  0.0000E+00
     -3.953  0.1235E+00  0.4598E-02  0.4598E-02  0.4598E-02  0.0000E+00  0.0000E+00  0.0000E+00  0.0000E+00  0.0000E+00
     -3.855  0.1324E+00  0.4994E-02  0.4994E-02  0.4994E-02  0.0000E+00  0.0000E+00  0.0000E+00  0.0000E+00  0.0000E+00
     -3.757  0.1465E+00  0.5517E-02  0.5517E-02  0.5517E-02  0.0000E+00  0.0000E+00  0.0000E+00  0.0000E+00  0.0000E+00
     -3.660  0.1704E+00  0.6315E-02  0.6315E-02  0.6315E-02  0.0000E+00  0.0000E+00  0.0000E+00  0.0000E+00  0.0000E+00
     -3.562  0.1673E+00  0.6490E-02  0.6490E-02  0.6490E-02  0.0000E+00  0.0000E+00  0.0000E+00  0.0000E+00  0.0000E+00
     -3.465  0.1561E+00  0.6389E-02  0.6389E-02  0.6389E-02  0.0000E+00  0.0000E+00  0.0000E+00  0.0000E+00  0.0000E+00
     -3.367  0.1528E+00  0.6512E-02  0.6512E-02  0.6512E-02  0.0000E+00  0.0000E+00  0.0000E+00  0.0000E+00  0.0000E+00
     -3.269  0.1459E+00  0.6511E-02  0.6511E-02  0.6511E-02  0.0000E+00  0.0000E+00  0.0000E+00  0.0000E+00  0.0000E+00
     -3.172  0.1396E+00  0.6490E-02  0.6490E-02  0.6490E-02  0.0000E+00  0.0000E+00  0.0000E+00  0.0000E+00  0.0000E+00
     -3.074  0.1346E+00  0.6498E-02  0.6498E-02  0.6498E-02  0.0000E+00  0.0000E+00  0.0000E+00  0.0000E+00  0.0000E+00
     -2.977  0.1283E+00  0.6463E-02  0.6463E-02  0.6463E-02  0.0000E+00  0.0000E+00  0.0000E+00  0.0000E+00  0.0000E+00
     -2.879  0.1229E+00  0.6417E-02  0.6417E-02  0.6417E-02  0.0000E+00  0.0000E+00  0.0000E+00  0.0000E+00  0.0000E+00
     -2.781  0.1172E+00  0.6345E-02  0.6345E-02  0.6345E-02  0.0000E+00  0.0000E+00  0.0000E+00  0.0000E+00  0.0000E+00
     -2.684  0.1115E+00  0.6266E-02  0.6266E-02  0.6266E-02  0.0000E+00  0.0000E+00  0.0000E+00  0.0000E+00  0.0000E+00
     -2.586  0.1059E+00  0.6156E-02  0.6156E-02  0.6156E-02  0.0000E+00  0.0000E+00  0.0000E+00  0.0000E+00  0.0000E+00
     -2.488  0.9953E-01  0.6002E-02  0.6002E-02  0.6002E-02  0.0000E+00  0.0000E+00  0.0000E+00  0.0000E+00  0.0000E+00
     -2.391  0.9376E-01  0.5851E-02  0.5851E-02  0.5851E-02  0.0000E+00  0.0000E+00  0.0000E+00  0.0000E+00  0.0000E+00
     -2.293  0.8761E-01  0.5657E-02  0.5657E-02  0.5657E-02  0.0000E+00  0.0000E+00  0.0000E+00  0.0000E+00  0.0000E+00
     -2.196  0.8093E-01  0.5422E-02  0.5422E-02  0.5422E-02  0.0000E+00  0.0000E+00  0.0000E+00  0.0000E+00  0.0000E+00
     -2.098  0.7488E-01  0.5190E-02  0.5190E-02  0.5190E-02  0.0000E+00  0.0000E+00  0.0000E+00  0.0000E+00  0.0000E+00
     -2.000  0.6706E-01  0.4851E-02  0.4851E-02  0.4851E-02  0.0000E+00  0.0000E+00  0.0000E+00  0.0000E+00  0.0000E+00
     -1.903  0.6444E-01  0.4887E-02  0.4887E-02  0.4887E-02  0.0000E+00  0.0000E+00  0.0000E+00  0.0000E+00  0.0000E+00
     -1.805  0.4817E-01  0.3801E-02  0.3801E-02  0.3801E-02  0.0000E+00  0.0000E+00  0.0000E+00  0.0000E+00  0.0000E+00
     -1.708  0.2362E-01  0.1912E-02  0.1912E-02  0.1912E-02  0.0000E+00  0.0000E+00  0.0000E+00  0.0000E+00  0.0000E+00
     -1.610  0.8457E-02  0.6879E-03  0.6879E-03  0.6879E-03  0.0000E+00  0.0000E+00  0.0000E+00  0.0000E+00  0.0000E+00
     -1.512  0.8352E-02  0.7941E-03  0.7941E-03  0.7941E-03  0.0000E+00  0.0000E+00  0.0000E+00  0.0000E+00  0.0000E+00
     -1.415  0.1768E-01  0.1763E-02  0.1763E-02  0.1763E-02  0.0000E+00  0.0000E+00  0.0000E+00  0.0000E+00  0.0000E+00
     -1.317  0.3140E-01  0.3146E-02  0.3146E-02  0.3146E-02  0.0000E+00  0.0000E+00  0.0000E+00  0.0000E+00  0.0000E+00
     -1.219  0.4133E-01  0.4209E-02  0.4209E-02  0.4209E-02  0.0000E+00  0.0000E+00  0.0000E+00  0.0000E+00  0.0000E+00
     -1.122  0.5239E-01  0.5512E-02  0.5512E-02  0.5512E-02  0.0000E+00  0.0000E+00  0.0000E+00  0.0000E+00  0.0000E+00
     -1.024  0.6204E-01  0.6774E-02  0.6774E-02  0.6774E-02  0.0000E+00  0.0000E+00  0.0000E+00  0.0000E+00  0.0000E+00
     -0.927  0.7179E-01  0.8590E-02  0.8590E-02  0.8590E-02  0.0000E+00  0.0000E+00  0.0000E+00  0.0000E+00  0.0000E+00
     -0.829  0.1080E+00  0.1986E-01  0.1986E-01  0.1986E-01  0.0000E+00  0.0000E+00  0.0000E+00  0.0000E+00  0.0000E+00
     -0.731  0.1338E+00  0.2590E-01  0.2590E-01  0.2590E-01  0.0000E+00  0.0000E+00  0.0000E+00  0.0000E+00  0.0000E+00
     -0.634  0.1921E+00  0.3925E-01  0.3925E-01  0.3925E-01  0.0000E+00  0.0000E+00  0.0000E+00  0.0000E+00  0.0000E+00
     -0.536  0.1979E+00  0.3983E-01  0.3983E-01  0.3983E-01  0.0000E+00  0.0000E+00  0.0000E+00  0.0000E+00  0.0000E+00
     -0.439  0.1388E+00  0.2786E-01  0.2786E-01  0.2786E-01  0.0000E+00  0.0000E+00  0.0000E+00  0.0000E+00  0.0000E+00
     -0.341  0.1194E+00  0.2409E-01  0.2409E-01  0.2409E-01  0.0000E+00  0.0000E+00  0.0000E+00  0.0000E+00  0.0000E+00
     -0.243  0.1066E+00  0.2171E-01  0.2171E-01  0.2171E-01  0.0000E+00  0.0000E+00  0.0000E+00  0.0000E+00  0.0000E+00
     -0.146  0.9617E-01  0.1991E-01  0.1991E-01  0.1991E-01  0.0000E+00  0.0000E+00  0.0000E+00  0.0000E+00  0.0000E+00
     -0.048  0.8844E-01  0.1858E-01  0.1858E-01  0.1858E-01  0.0000E+00  0.0000E+00  0.0000E+00  0.0000E+00  0.0000E+00
      0.049  0.8235E-01  0.1757E-01  0.1757E-01  0.1757E-01  0.0000E+00  0.0000E+00  0.0000E+00  0.0000E+00  0.0000E+00
      0.147  0.7626E-01  0.1660E-01  0.1660E-01  0.1660E-01  0.0000E+00  0.0000E+00  0.0000E+00  0.0000E+00  0.0000E+00
      0.245  0.7090E-01  0.1574E-01  0.1574E-01  0.1574E-01  0.0000E+00  0.0000E+00  0.0000E+00  0.0000E+00  0.0000E+00
      0.342  0.6697E-01  0.1513E-01  0.1513E-01  0.1513E-01  0.0000E+00  0.0000E+00  0.0000E+00  0.0000E+00  0.0000E+00
      0.440  0.6293E-01  0.1451E-01  0.1451E-01  0.1451E-01  0.0000E+00  0.0000E+00  0.0000E+00  0.0000E+00  0.0000E+00
      0.538  0.5847E-01  0.1381E-01  0.1381E-01  0.1381E-01  0.0000E+00  0.0000E+00  0.0000E+00  0.0000E+00  0.0000E+00
      0.635  0.5541E-01  0.1334E-01  0.1334E-01  0.1334E-01  0.0000E+00  0.0000E+00  0.0000E+00  0.0000E+00  0.0000E+00
      0.733  0.5262E-01  0.1293E-01  0.1293E-01  0.1293E-01  0.0000E+00  0.0000E+00  0.0000E+00  0.0000E+00  0.0000E+00
      0.830  0.4952E-01  0.1245E-01  0.1245E-01  0.1245E-01  0.0000E+00  0.0000E+00  0.0000E+00  0.0000E+00  0.0000E+00
      0.928  0.4612E-01  0.1189E-01  0.1189E-01  0.1189E-01  0.0000E+00  0.0000E+00  0.0000E+00  0.0000E+00  0.0000E+00
      1.026  0.4398E-01  0.1157E-01  0.1157E-01  0.1157E-01  0.0000E+00  0.0000E+00  0.0000E+00  0.0000E+00  0.0000E+00
      1.123  0.4185E-01  0.1124E-01  0.1124E-01  0.1124E-01  0.0000E+00  0.0000E+00  0.0000E+00  0.0000E+00  0.0000E+00
      1.221  0.3953E-01  0.1087E-01  0.1087E-01  0.1087E-01  0.0000E+00  0.0000E+00  0.0000E+00  0.0000E+00  0.0000E+00
      1.318  0.3681E-01  0.1040E-01  0.1040E-01  0.1040E-01  0.0000E+00  0.0000E+00  0.0000E+00  0.0000E+00  0.0000E+00
      1.416  0.3502E-01  0.1011E-01  0.1011E-01  0.1011E-01  0.0000E+00  0.0000E+00  0.0000E+00  0.0000E+00  0.0000E+00
      1.514  0.3337E-01  0.9849E-02  0.9849E-02  0.9849E-02  0.0000E+00  0.0000E+00  0.0000E+00  0.0000E+00  0.0000E+00
      1.611  0.3166E-01  0.9565E-02  0.9565E-02  0.9565E-02  0.0000E+00  0.0000E+00  0.0000E+00  0.0000E+00  0.0000E+00
      1.709  0.2968E-01  0.9209E-02  0.9209E-02  0.9209E-02  0.0000E+00  0.0000E+00  0.0000E+00  0.0000E+00  0.0000E+00
      1.807  0.2922E-01  0.2335E-01  0.2335E-01  0.2335E-01  0.0000E+00  0.0000E+00  0.0000E+00  0.0000E+00  0.0000E+00
      1.904  0.2961E-01  0.3177E-01  0.3177E-01  0.3177E-01  0.0000E+00  0.0000E+00  0.0000E+00  0.0000E+00  0.0000E+00
      2.002  0.3063E-01  0.4238E-01  0.4238E-01  0.4238E-01  0.0000E+00  0.0000E+00  0.0000E+00  0.0000E+00  0.0000E+00
      2.099  0.3267E-01  0.5635E-01  0.5635E-01  0.5635E-01  0.0000E+00  0.0000E+00  0.0000E+00  0.0000E+00  0.0000E+00
      2.197  0.3242E-01  0.5355E-01  0.5355E-01  0.5355E-01  0.0000E+00  0.0000E+00  0.0000E+00  0.0000E+00  0.0000E+00
      2.295  0.3228E-01  0.5019E-01  0.5019E-01  0.5019E-01  0.0000E+00  0.0000E+00  0.0000E+00  0.0000E+00  0.0000E+00
      2.392  0.3241E-01  0.4889E-01  0.4889E-01  0.4889E-01  0.0000E+00  0.0000E+00  0.0000E+00  0.0000E+00  0.0000E+00
      2.490  0.3202E-01  0.4701E-01  0.4701E-01  0.4701E-01  0.0000E+00  0.0000E+00  0.0000E+00  0.0000E+00  0.0000E+00
      2.587  0.3151E-01  0.4748E-01  0.4748E-01  0.4748E-01  0.0000E+00  0.0000E+00  0.0000E+00  0.0000E+00  0.0000E+00
      2.685  0.3076E-01  0.4902E-01  0.4902E-01  0.4902E-01  0.0000E+00  0.0000E+00  0.0000E+00  0.0000E+00  0.0000E+00
      2.783  0.3015E-01  0.4932E-01  0.4932E-01  0.4932E-01  0.0000E+00  0.0000E+00  0.0000E+00  0.0000E+00  0.0000E+00
      2.880  0.2968E-01  0.5067E-01  0.5067E-01  0.5067E-01  0.0000E+00  0.0000E+00  0.0000E+00  0.0000E+00  0.0000E+00
      2.978  0.2923E-01  0.5344E-01  0.5344E-01  0.5344E-01  0.0000E+00  0.0000E+00  0.0000E+00  0.0000E+00  0.0000E+00
      3.075  0.2852E-01  0.5539E-01  0.5539E-01  0.5539E-01  0.0000E+00  0.0000E+00  0.0000E+00  0.0000E+00  0.0000E+00
      3.173  0.2747E-01  0.5701E-01  0.5701E-01  0.5701E-01  0.0000E+00  0.0000E+00  0.0000E+00  0.0000E+00  0.0000E+00
      3.271  0.2660E-01  0.6180E-01  0.6180E-01  0.6180E-01  0.0000E+00  0.0000E+00  0.0000E+00  0.0000E+00  0.0000E+00
      3.368  0.2595E-01  0.6480E-01  0.6480E-01  0.6480E-01  0.0000E+00  0.0000E+00  0.0000E+00  0.0000E+00  0.0000E+00
      3.466  0.2525E-01  0.6902E-01  0.6902E-01  0.6902E-01  0.0000E+00  0.0000E+00  0.0000E+00  0.0000E+00  0.0000E+00
      3.564  0.2435E-01  0.8373E-01  0.8373E-01  0.8373E-01  0.0000E+00  0.0000E+00  0.0000E+00  0.0000E+00  0.0000E+00
      3.661  0.2315E-01  0.8446E-01  0.8446E-01  0.8446E-01  0.0000E+00  0.0000E+00  0.0000E+00  0.0000E+00  0.0000E+00
      3.759  0.2193E-01  0.8428E-01  0.8428E-01  0.8428E-01  0.0000E+00  0.0000E+00  0.0000E+00  0.0000E+00  0.0000E+00
      3.856  0.2108E-01  0.8269E-01  0.8269E-01  0.8269E-01  0.0000E+00  0.0000E+00  0.0000E+00  0.0000E+00  0.0000E+00
      3.954  0.2027E-01  0.8217E-01  0.8217E-01  0.8217E-01  0.0000E+00  0.0000E+00  0.0000E+00  0.0000E+00  0.0000E+00
      4.052  0.1941E-01  0.8162E-01  0.8162E-01  0.8162E-01  0.0000E+00  0.0000E+00  0.0000E+00  0.0000E+00  0.0000E+00
      4.149  0.1838E-01  0.8073E-01  0.8073E-01  0.8073E-01  0.0000E+00  0.0000E+00  0.0000E+00  0.0000E+00  0.0000E+00
      4.247  0.1715E-01  0.7997E-01  0.7997E-01  0.7997E-01  0.0000E+00  0.0000E+00  0.0000E+00  0.0000E+00  0.0000E+00
      4.344  0.1622E-01  0.7893E-01  0.7893E-01  0.7893E-01  0.0000E+00  0.0000E+00  0.0000E+00  0.0000E+00  0.0000E+00
      4.442  0.1552E-01  0.7825E-01  0.7825E-01  0.7825E-01  0.0000E+00  0.0000E+00  0.0000E+00  0.0000E+00  0.0000E+00
      4.540  0.1474E-01  0.7794E-01  0.7794E-01  0.7794E-01  0.0000E+00  0.0000E+00  0.0000E+00  0.0000E+00  0.0000E+00
      4.637  0.1376E-01  0.7694E-01  0.7694E-01  0.7694E-01  0.0000E+00  0.0000E+00  0.0000E+00  0.0000E+00  0.0000E+00
      4.735  0.1273E-01  0.7606E-01  0.7606E-01  0.7606E-01  0.0000E+00  0.0000E+00  0.0000E+00  0.0000E+00  0.0000E+00
      4.833  0.1157E-01  0.7577E-01  0.7577E-01  0.7577E-01  0.0000E+00  0.0000E+00  0.0000E+00  0.0000E+00  0.0000E+00
      4.930  0.1070E-01  0.7529E-01  0.7529E-01  0.7529E-01  0.0000E+00  0.0000E+00  0.0000E+00  0.0000E+00  0.0000E+00
      5.028  0.9865E-02  0.7473E-01  0.7473E-01  0.7473E-01  0.0000E+00  0.0000E+00  0.0000E+00  0.0000E+00  0.0000E+00
      5.125  0.9013E-02  0.7424E-01  0.7424E-01  0.7424E-01  0.0000E+00  0.0000E+00  0.0000E+00  0.0000E+00  0.0000E+00
      5.223  0.8169E-02  0.7377E-01  0.7377E-01  0.7377E-01  0.0000E+00  0.0000E+00  0.0000E+00  0.0000E+00  0.0000E+00
      5.321  0.7371E-02  0.7271E-01  0.7271E-01  0.7271E-01  0.0000E+00  0.0000E+00  0.0000E+00  0.0000E+00  0.0000E+00
      5.418  0.6574E-02  0.7288E-01  0.7288E-01  0.7288E-01  0.0000E+00  0.0000E+00  0.0000E+00  0.0000E+00  0.0000E+00
      5.516  0.5948E-02  0.6481E-01  0.6481E-01  0.6481E-01  0.0000E+00  0.0000E+00  0.0000E+00  0.0000E+00  0.0000E+00
      5.613  0.5419E-02  0.5194E-01  0.5194E-01  0.5194E-01  0.0000E+00  0.0000E+00  0.0000E+00  0.0000E+00  0.0000E+00
      5.711  0.4811E-02  0.4570E-01  0.4570E-01  0.4570E-01  0.0000E+00  0.0000E+00  0.0000E+00  0.0000E+00  0.0000E+00
      5.809  0.4126E-02  0.4050E-01  0.4050E-01  0.4050E-01  0.0000E+00  0.0000E+00  0.0000E+00  0.0000E+00  0.0000E+00
      5.906  0.3452E-02  0.3596E-01  0.3596E-01  0.3596E-01  0.0000E+00  0.0000E+00  0.0000E+00  0.0000E+00  0.0000E+00
      6.004  0.3000E-02  0.3209E-01  0.3209E-01  0.3209E-01  0.0000E+00  0.0000E+00  0.0000E+00  0.0000E+00  0.0000E+00
      6.101  0.2559E-02  0.2881E-01  0.2881E-01  0.2881E-01  0.0000E+00  0.0000E+00  0.0000E+00  0.0000E+00  0.0000E+00
      6.199  0.2078E-02  0.2552E-01  0.2552E-01  0.2552E-01  0.0000E+00  0.0000E+00  0.0000E+00  0.0000E+00  0.0000E+00
      6.297  0.1706E-02  0.2257E-01  0.2257E-01  0.2257E-01  0.0000E+00  0.0000E+00  0.0000E+00  0.0000E+00  0.0000E+00
      6.394  0.1244E-02  0.1979E-01  0.1979E-01  0.1979E-01  0.0000E+00  0.0000E+00  0.0000E+00  0.0000E+00  0.0000E+00
      6.492  0.9618E-03  0.1672E-01  0.1672E-01  0.1672E-01  0.0000E+00  0.0000E+00  0.0000E+00  0.0000E+00  0.0000E+00
      6.590  0.6473E-03  0.1358E-01  0.1358E-01  0.1358E-01  0.0000E+00  0.0000E+00  0.0000E+00  0.0000E+00  0.0000E+00
      6.687  0.3564E-03  0.1159E-01  0.1159E-01  0.1159E-01  0.0000E+00  0.0000E+00  0.0000E+00  0.0000E+00  0.0000E+00
      6.785  0.1398E-03  0.7253E-02  0.7253E-02  0.7253E-02  0.0000E+00  0.0000E+00  0.0000E+00  0.0000E+00  0.0000E+00
      6.882  0.4167E-08  0.3271E-05  0.3271E-05  0.3271E-05  0.0000E+00  0.0000E+00  0.0000E+00  0.0000E+00  0.0000E+00
      6.980  0.0000E+00  0.0000E+00  0.0000E+00  0.0000E+00  0.0000E+00  0.0000E+00  0.0000E+00  0.0000E+00  0.0000E+00
      7.078  0.0000E+00  0.0000E+00  0.0000E+00  0.0000E+00  0.0000E+00  0.0000E+00  0.0000E+00  0.0000E+00  0.0000E+00
      7.175  0.0000E+00  0.0000E+00  0.0000E+00  0.0000E+00  0.0000E+00  0.0000E+00  0.0000E+00  0.0000E+00  0.0000E+00
      7.273  0.0000E+00  0.0000E+00  0.0000E+00  0.0000E+00  0.0000E+00  0.0000E+00  0.0000E+00  0.0000E+00  0.0000E+00
      7.370  0.0000E+00  0.0000E+00  0.0000E+00  0.0000E+00  0.0000E+00  0.0000E+00  0.0000E+00  0.0000E+00  0.0000E+00
      7.468  0.2961E-03  0.6890E-04  0.6890E-04  0.6890E-04  0.0000E+00  0.0000E+00  0.0000E+00  0.0000E+00  0.0000E+00
      7.566  0.5752E-02  0.1389E-02  0.1389E-02  0.1389E-02  0.0000E+00  0.0000E+00  0.0000E+00  0.0000E+00  0.0000E+00
      7.663  0.9489E-02  0.2429E-02  0.2429E-02  0.2429E-02  0.0000E+00  0.0000E+00  0.0000E+00  0.0000E+00  0.0000E+00
      7.761  0.1349E-01  0.3591E-02  0.3591E-02  0.3591E-02  0.0000E+00  0.0000E+00  0.0000E+00  0.0000E+00  0.0000E+00
      7.859  0.1509E-01  0.4346E-02  0.4346E-02  0.4346E-02  0.0000E+00  0.0000E+00  0.0000E+00  0.0000E+00  0.0000E+00
      7.956  0.1704E-01  0.5210E-02  0.5210E-02  0.5210E-02  0.0000E+00  0.0000E+00  0.0000E+00  0.0000E+00  0.0000E+00
      8.054  0.1899E-01  0.6144E-02  0.6144E-02  0.6144E-02  0.0000E+00  0.0000E+00  0.0000E+00  0.0000E+00  0.0000E+00
      8.151  0.2101E-01  0.7156E-02  0.7156E-02  0.7156E-02  0.0000E+00  0.0000E+00  0.0000E+00  0.0000E+00  0.0000E+00
      8.249  0.2235E-01  0.8091E-02  0.8091E-02  0.8091E-02  0.0000E+00  0.0000E+00  0.0000E+00  0.0000E+00  0.0000E+00
      8.347  0.2353E-01  0.9012E-02  0.9012E-02  0.9012E-02  0.0000E+00  0.0000E+00  0.0000E+00  0.0000E+00  0.0000E+00
      8.444  0.2479E-01  0.9976E-02  0.9976E-02  0.9976E-02  0.0000E+00  0.0000E+00  0.0000E+00  0.0000E+00  0.0000E+00
      8.542  0.2601E-01  0.1101E-01  0.1101E-01  0.1101E-01  0.0000E+00  0.0000E+00  0.0000E+00  0.0000E+00  0.0000E+00
      8.639  0.2730E-01  0.1213E-01  0.1213E-01  0.1213E-01  0.0000E+00  0.0000E+00  0.0000E+00  0.0000E+00  0.0000E+00
      8.737  0.2868E-01  0.1330E-01  0.1330E-01  0.1330E-01  0.0000E+00  0.0000E+00  0.0000E+00  0.0000E+00  0.0000E+00
      8.835  0.3009E-01  0.1467E-01  0.1467E-01  0.1467E-01  0.0000E+00  0.0000E+00  0.0000E+00  0.0000E+00  0.0000E+00
      8.932  0.3103E-01  0.1585E-01  0.1585E-01  0.1585E-01  0.0000E+00  0.0000E+00  0.0000E+00  0.0000E+00  0.0000E+00
      9.030  0.3223E-01  0.1714E-01  0.1714E-01  0.1714E-01  0.0000E+00  0.0000E+00  0.0000E+00  0.0000E+00  0.0000E+00
      9.128  0.3356E-01  0.1859E-01  0.1859E-01  0.1859E-01  0.0000E+00  0.0000E+00  0.0000E+00  0.0000E+00  0.0000E+00
      9.225  0.3791E-01  0.2027E-01  0.2027E-01  0.2027E-01  0.0000E+00  0.0000E+00  0.0000E+00  0.0000E+00  0.0000E+00
      9.323  0.5304E-01  0.2252E-01  0.2252E-01  0.2252E-01  0.0000E+00  0.0000E+00  0.0000E+00  0.0000E+00  0.0000E+00
      9.420  0.6112E-01  0.2519E-01  0.2519E-01  0.2519E-01  0.0000E+00  0.0000E+00  0.0000E+00  0.0000E+00  0.0000E+00
      9.518  0.7476E-01  0.2891E-01  0.2891E-01  0.2891E-01  0.0000E+00  0.0000E+00  0.0000E+00  0.0000E+00  0.0000E+00
      9.616  0.9866E-01  0.3504E-01  0.3504E-01  0.3504E-01  0.0000E+00  0.0000E+00  0.0000E+00  0.0000E+00  0.0000E+00
      9.713  0.9289E-01  0.3793E-01  0.3793E-01  0.3793E-01  0.0000E+00  0.0000E+00  0.0000E+00  0.0000E+00  0.0000E+00
      9.811  0.8828E-01  0.3987E-01  0.3987E-01  0.3987E-01  0.0000E+00  0.0000E+00  0.0000E+00  0.0000E+00  0.0000E+00
      9.908  0.8062E-01  0.4066E-01  0.4066E-01  0.4066E-01  0.0000E+00  0.0000E+00  0.0000E+00  0.0000E+00  0.0000E+00
     10.006  0.5646E-01  0.3401E-01  0.3401E-01  0.3401E-01  0.0000E+00  0.0000E+00  0.0000E+00  0.0000E+00  0.0000E+00
     10.104  0.4714E-01  0.3295E-01  0.3295E-01  0.3295E-01  0.0000E+00  0.0000E+00  0.0000E+00  0.0000E+00  0.0000E+00
     10.201  0.3875E-01  0.3022E-01  0.3022E-01  0.3022E-01  0.0000E+00  0.0000E+00  0.0000E+00  0.0000E+00  0.0000E+00
     10.299  0.3690E-01  0.3394E-01  0.3394E-01  0.3394E-01  0.0000E+00  0.0000E+00  0.0000E+00  0.0000E+00  0.0000E+00
     10.396  0.4145E-01  0.5072E-01  0.5072E-01  0.5072E-01  0.0000E+00  0.0000E+00  0.0000E+00  0.0000E+00  0.0000E+00
     10.494  0.4118E-01  0.5219E-01  0.5219E-01  0.5219E-01  0.0000E+00  0.0000E+00  0.0000E+00  0.0000E+00  0.0000E+00
     10.592  0.4323E-01  0.5694E-01  0.5694E-01  0.5694E-01  0.0000E+00  0.0000E+00  0.0000E+00  0.0000E+00  0.0000E+00
     10.689  0.4447E-01  0.4900E-01  0.4900E-01  0.4900E-01  0.0000E+00  0.0000E+00  0.0000E+00  0.0000E+00  0.0000E+00
     10.787  0.4454E-01  0.4926E-01  0.4926E-01  0.4926E-01  0.0000E+00  0.0000E+00  0.0000E+00  0.0000E+00  0.0000E+00
     10.885  0.4255E-01  0.5006E-01  0.5006E-01  0.5006E-01  0.0000E+00  0.0000E+00  0.0000E+00  0.0000E+00  0.0000E+00
     10.982  0.3919E-01  0.4990E-01  0.4990E-01  0.4990E-01  0.0000E+00  0.0000E+00  0.0000E+00  0.0000E+00  0.0000E+00
     11.080  0.3664E-01  0.4686E-01  0.4686E-01  0.4686E-01  0.0000E+00  0.0000E+00  0.0000E+00  0.0000E+00  0.0000E+00
     11.177  0.3461E-01  0.4421E-01  0.4421E-01  0.4421E-01  0.0000E+00  0.0000E+00  0.0000E+00  0.0000E+00  0.0000E+00
     11.275  0.3555E-01  0.4495E-01  0.4495E-01  0.4495E-01  0.0000E+00  0.0000E+00  0.0000E+00  0.0000E+00  0.0000E+00
     11.373  0.3379E-01  0.4222E-01  0.4222E-01  0.4222E-01  0.0000E+00  0.0000E+00  0.0000E+00  0.0000E+00  0.0000E+00
     11.470  0.2961E-01  0.3883E-01  0.3883E-01  0.3883E-01  0.0000E+00  0.0000E+00  0.0000E+00  0.0000E+00  0.0000E+00
     11.568  0.1993E-01  0.3260E-01  0.3260E-01  0.3260E-01  0.0000E+00  0.0000E+00  0.0000E+00  0.0000E+00  0.0000E+00
     11.665  0.2034E-01  0.3230E-01  0.3230E-01  0.3230E-01  0.0000E+00  0.0000E+00  0.0000E+00  0.0000E+00  0.0000E+00
     11.763  0.2263E-01  0.3168E-01  0.3168E-01  0.3168E-01  0.0000E+00  0.0000E+00  0.0000E+00  0.0000E+00  0.0000E+00
     11.861  0.2745E-01  0.3301E-01  0.3301E-01  0.3301E-01  0.0000E+00  0.0000E+00  0.0000E+00  0.0000E+00  0.0000E+00
     11.958  0.2880E-01  0.3214E-01  0.3214E-01  0.3214E-01  0.0000E+00  0.0000E+00  0.0000E+00  0.0000E+00  0.0000E+00
     12.056  0.3287E-01  0.3374E-01  0.3374E-01  0.3374E-01  0.0000E+00  0.0000E+00  0.0000E+00  0.0000E+00  0.0000E+00
     12.154  0.2960E-01  0.3200E-01  0.3200E-01  0.3200E-01  0.0000E+00  0.0000E+00  0.0000E+00  0.0000E+00  0.0000E+00
     12.251  0.2930E-01  0.3269E-01  0.3269E-01  0.3269E-01  0.0000E+00  0.0000E+00  0.0000E+00  0.0000E+00  0.0000E+00
     12.349  0.3266E-01  0.3256E-01  0.3256E-01  0.3256E-01  0.0000E+00  0.0000E+00  0.0000E+00  0.0000E+00  0.0000E+00
     12.446  0.3354E-01  0.3231E-01  0.3231E-01  0.3231E-01  0.0000E+00  0.0000E+00  0.0000E+00  0.0000E+00  0.0000E+00
     12.544  0.3739E-01  0.3377E-01  0.3377E-01  0.3377E-01  0.0000E+00  0.0000E+00  0.0000E+00  0.0000E+00  0.0000E+00
     12.642  0.3874E-01  0.3449E-01  0.3449E-01  0.3449E-01  0.0000E+00  0.0000E+00  0.0000E+00  0.0000E+00  0.0000E+00
     12.739  0.3864E-01  0.3219E-01  0.3219E-01  0.3219E-01  0.0000E+00  0.0000E+00  0.0000E+00  0.0000E+00  0.0000E+00
     12.837  0.4020E-01  0.3201E-01  0.3201E-01  0.3201E-01  0.0000E+00  0.0000E+00  0.0000E+00  0.0000E+00  0.0000E+00
     12.934  0.4118E-01  0.3328E-01  0.3328E-01  0.3328E-01  0.0000E+00  0.0000E+00  0.0000E+00  0.0000E+00  0.0000E+00
     13.032  0.3829E-01  0.3264E-01  0.3264E-01  0.3264E-01  0.0000E+00  0.0000E+00  0.0000E+00  0.0000E+00  0.0000E+00
     13.130  0.3496E-01  0.3188E-01  0.3188E-01  0.3188E-01  0.0000E+00  0.0000E+00  0.0000E+00  0.0000E+00  0.0000E+00
     13.227  0.3512E-01  0.3273E-01  0.3273E-01  0.3273E-01  0.0000E+00  0.0000E+00  0.0000E+00  0.0000E+00  0.0000E+00
     13.325  0.3262E-01  0.3069E-01  0.3069E-01  0.3069E-01  0.0000E+00  0.0000E+00  0.0000E+00  0.0000E+00  0.0000E+00
     13.422  0.2895E-01  0.3053E-01  0.3053E-01  0.3053E-01  0.0000E+00  0.0000E+00  0.0000E+00  0.0000E+00  0.0000E+00
     13.520  0.2689E-01  0.3028E-01  0.3028E-01  0.3028E-01  0.0000E+00  0.0000E+00  0.0000E+00  0.0000E+00  0.0000E+00
     13.618  0.2458E-01  0.3000E-01  0.3000E-01  0.3000E-01  0.0000E+00  0.0000E+00  0.0000E+00  0.0000E+00  0.0000E+00
     13.715  0.2264E-01  0.2966E-01  0.2966E-01  0.2966E-01  0.0000E+00  0.0000E+00  0.0000E+00  0.0000E+00  0.0000E+00
     13.813  0.2041E-01  0.2903E-01  0.2903E-01  0.2903E-01  0.0000E+00  0.0000E+00  0.0000E+00  0.0000E+00  0.0000E+00
     13.911  0.1892E-01  0.2835E-01  0.2835E-01  0.2835E-01  0.0000E+00  0.0000E+00  0.0000E+00  0.0000E+00  0.0000E+00
     14.008  0.1753E-01  0.2649E-01  0.2649E-01  0.2649E-01  0.0000E+00  0.0000E+00  0.0000E+00  0.0000E+00  0.0000E+00
     14.106  0.1658E-01  0.2600E-01  0.2600E-01  0.2600E-01  0.0000E+00  0.0000E+00  0.0000E+00  0.0000E+00  0.0000E+00
     14.203  0.1742E-01  0.2743E-01  0.2743E-01  0.2743E-01  0.0000E+00  0.0000E+00  0.0000E+00  0.0000E+00  0.0000E+00
     14.301  0.1773E-01  0.2841E-01  0.2841E-01  0.2841E-01  0.0000E+00  0.0000E+00  0.0000E+00  0.0000E+00  0.0000E+00
     14.399  0.1722E-01  0.2821E-01  0.2821E-01  0.2821E-01  0.0000E+00  0.0000E+00  0.0000E+00  0.0000E+00  0.0000E+00
     14.496  0.1867E-01  0.2991E-01  0.2991E-01  0.2991E-01  0.0000E+00  0.0000E+00  0.0000E+00  0.0000E+00  0.0000E+00
     14.594  0.1900E-01  0.3046E-01  0.3046E-01  0.3046E-01  0.0000E+00  0.0000E+00  0.0000E+00  0.0000E+00  0.0000E+00
     14.691  0.1812E-01  0.2934E-01  0.2934E-01  0.2934E-01  0.0000E+00  0.0000E+00  0.0000E+00  0.0000E+00  0.0000E+00
     14.789  0.1708E-01  0.2787E-01  0.2787E-01  0.2787E-01  0.0000E+00  0.0000E+00  0.0000E+00  0.0000E+00  0.0000E+00
     14.887  0.1323E-01  0.2381E-01  0.2381E-01  0.2381E-01  0.0000E+00  0.0000E+00  0.0000E+00  0.0000E+00  0.0000E+00
     14.984  0.1114E-01  0.2190E-01  0.2190E-01  0.2190E-01  0.0000E+00  0.0000E+00  0.0000E+00  0.0000E+00  0.0000E+00
     15.082  0.9470E-02  0.2005E-01  0.2005E-01  0.2005E-01  0.0000E+00  0.0000E+00  0.0000E+00  0.0000E+00  0.0000E+00
     15.180  0.8844E-02  0.1924E-01  0.1924E-01  0.1924E-01  0.0000E+00  0.0000E+00  0.0000E+00  0.0000E+00  0.0000E+00
     15.277  0.8267E-02  0.1853E-01  0.1853E-01  0.1853E-01  0.0000E+00  0.0000E+00  0.0000E+00  0.0000E+00  0.0000E+00
     15.375  0.7487E-02  0.1758E-01  0.1758E-01  0.1758E-01  0.0000E+00  0.0000E+00  0.0000E+00  0.0000E+00  0.0000E+00
     15.472  0.7199E-02  0.1800E-01  0.1800E-01  0.1800E-01  0.0000E+00  0.0000E+00  0.0000E+00  0.0000E+00  0.0000E+00
     15.570  0.6889E-02  0.1945E-01  0.1945E-01  0.1945E-01  0.0000E+00  0.0000E+00  0.0000E+00  0.0000E+00  0.0000E+00
     15.668  0.6226E-02  0.1709E-01  0.1709E-01  0.1709E-01  0.0000E+00  0.0000E+00  0.0000E+00  0.0000E+00  0.0000E+00
     15.765  0.5063E-02  0.1534E-01  0.1534E-01  0.1534E-01  0.0000E+00  0.0000E+00  0.0000E+00  0.0000E+00  0.0000E+00
     15.863  0.4108E-02  0.1363E-01  0.1363E-01  0.1363E-01  0.0000E+00  0.0000E+00  0.0000E+00  0.0000E+00  0.0000E+00
     15.960  0.3625E-02  0.1215E-01  0.1215E-01  0.1215E-01  0.0000E+00  0.0000E+00  0.0000E+00  0.0000E+00  0.0000E+00
     16.058  0.3161E-02  0.9428E-02  0.9428E-02  0.9428E-02  0.0000E+00  0.0000E+00  0.0000E+00  0.0000E+00  0.0000E+00
     16.156  0.2886E-02  0.8360E-02  0.8360E-02  0.8360E-02  0.0000E+00  0.0000E+00  0.0000E+00  0.0000E+00  0.0000E+00
     16.253  0.2657E-02  0.7867E-02  0.7867E-02  0.7867E-02  0.0000E+00  0.0000E+00  0.0000E+00  0.0000E+00  0.0000E+00
     16.351  0.2450E-02  0.7451E-02  0.7451E-02  0.7451E-02  0.0000E+00  0.0000E+00  0.0000E+00  0.0000E+00  0.0000E+00
     16.448  0.2218E-02  0.6975E-02  0.6975E-02  0.6975E-02  0.0000E+00  0.0000E+00  0.0000E+00  0.0000E+00  0.0000E+00
     16.546  0.1986E-02  0.6612E-02  0.6612E-02  0.6612E-02  0.0000E+00  0.0000E+00  0.0000E+00  0.0000E+00  0.0000E+00
     16.644  0.1929E-02  0.6753E-02  0.6753E-02  0.6753E-02  0.0000E+00  0.0000E+00  0.0000E+00  0.0000E+00  0.0000E+00
     16.741  0.1517E-02  0.5820E-02  0.5820E-02  0.5820E-02  0.0000E+00  0.0000E+00  0.0000E+00  0.0000E+00  0.0000E+00
     16.839  0.1267E-02  0.5124E-02  0.5124E-02  0.5124E-02  0.0000E+00  0.0000E+00  0.0000E+00  0.0000E+00  0.0000E+00
     16.937  0.1109E-02  0.4681E-02  0.4681E-02  0.4681E-02  0.0000E+00  0.0000E+00  0.0000E+00  0.0000E+00  0.0000E+00
     17.034  0.9890E-03  0.4366E-02  0.4366E-02  0.4366E-02  0.0000E+00  0.0000E+00  0.0000E+00  0.0000E+00  0.0000E+00
     17.132  0.9108E-03  0.4189E-02  0.4189E-02  0.4189E-02  0.0000E+00  0.0000E+00  0.0000E+00  0.0000E+00  0.0000E+00
     17.229  0.8101E-03  0.3927E-02  0.3927E-02  0.3927E-02  0.0000E+00  0.0000E+00  0.0000E+00  0.0000E+00  0.0000E+00
     17.327  0.6622E-03  0.3494E-02  0.3494E-02  0.3494E-02  0.0000E+00  0.0000E+00  0.0000E+00  0.0000E+00  0.0000E+00
     17.425  0.5108E-03  0.3063E-02  0.3063E-02  0.3063E-02  0.0000E+00  0.0000E+00  0.0000E+00  0.0000E+00  0.0000E+00
     17.522  0.3852E-03  0.2690E-02  0.2690E-02  0.2690E-02  0.0000E+00  0.0000E+00  0.0000E+00  0.0000E+00  0.0000E+00
     17.620  0.3169E-03  0.2356E-02  0.2356E-02  0.2356E-02  0.0000E+00  0.0000E+00  0.0000E+00  0.0000E+00  0.0000E+00
     17.717  0.2733E-03  0.2057E-02  0.2057E-02  0.2057E-02  0.0000E+00  0.0000E+00  0.0000E+00  0.0000E+00  0.0000E+00
     17.815  0.2325E-03  0.1793E-02  0.1793E-02  0.1793E-02  0.0000E+00  0.0000E+00  0.0000E+00  0.0000E+00  0.0000E+00
     17.913  0.1943E-03  0.1567E-02  0.1567E-02  0.1567E-02  0.0000E+00  0.0000E+00  0.0000E+00  0.0000E+00  0.0000E+00
     18.010  0.1655E-03  0.1456E-02  0.1456E-02  0.1456E-02  0.0000E+00  0.0000E+00  0.0000E+00  0.0000E+00  0.0000E+00
     18.108  0.1460E-03  0.1495E-02  0.1495E-02  0.1495E-02  0.0000E+00  0.0000E+00  0.0000E+00  0.0000E+00  0.0000E+00
     18.206  0.1309E-03  0.1577E-02  0.1577E-02  0.1577E-02  0.0000E+00  0.0000E+00  0.0000E+00  0.0000E+00  0.0000E+00
     18.303  0.3269E-04  0.6228E-03  0.6228E-03  0.6228E-03  0.0000E+00  0.0000E+00  0.0000E+00  0.0000E+00  0.0000E+00
     18.401  0.1236E-04  0.2995E-03  0.2995E-03  0.2995E-03  0.0000E+00  0.0000E+00  0.0000E+00  0.0000E+00  0.0000E+00
     18.498  0.7353E-05  0.1733E-03  0.1733E-03  0.1733E-03  0.0000E+00  0.0000E+00  0.0000E+00  0.0000E+00  0.0000E+00
     18.596  0.3646E-05  0.8164E-04  0.8164E-04  0.8164E-04  0.0000E+00  0.0000E+00  0.0000E+00  0.0000E+00  0.0000E+00
     18.694  0.1238E-05  0.2460E-04  0.2460E-04  0.2460E-04  0.0000E+00  0.0000E+00  0.0000E+00  0.0000E+00  0.0000E+00
     18.791  0.1280E-06  0.1986E-05  0.1986E-05  0.1986E-05  0.0000E+00  0.0000E+00  0.0000E+00  0.0000E+00  0.0000E+00
     18.889  0.0000E+00  0.0000E+00  0.0000E+00  0.0000E+00  0.0000E+00  0.0000E+00  0.0000E+00  0.0000E+00  0.0000E+00
     18.986  0.0000E+00  0.0000E+00  0.0000E+00  0.0000E+00  0.0000E+00  0.0000E+00  0.0000E+00  0.0000E+00  0.0000E+00
     19.084  0.0000E+00  0.0000E+00  0.0000E+00  0.0000E+00  0.0000E+00  0.0000E+00  0.0000E+00  0.0000E+00  0.0000E+00
     19.182  0.0000E+00  0.0000E+00  0.0000E+00  0.0000E+00  0.0000E+00  0.0000E+00  0.0000E+00  0.0000E+00  0.0000E+00
     19.279  0.0000E+00  0.0000E+00  0.0000E+00  0.0000E+00  0.0000E+00  0.0000E+00  0.0000E+00  0.0000E+00  0.0000E+00
     19.377  0.0000E+00  0.0000E+00  0.0000E+00  0.0000E+00  0.0000E+00  0.0000E+00  0.0000E+00  0.0000E+00  0.0000E+00
     19.475  0.0000E+00  0.0000E+00  0.0000E+00  0.0000E+00  0.0000E+00  0.0000E+00  0.0000E+00  0.0000E+00  0.0000E+00
     19.572  0.0000E+00  0.0000E+00  0.0000E+00  0.0000E+00  0.0000E+00  0.0000E+00  0.0000E+00  0.0000E+00  0.0000E+00
     19.670  0.0000E+00  0.0000E+00  0.0000E+00  0.0000E+00  0.0000E+00  0.0000E+00  0.0000E+00  0.0000E+00  0.0000E+00
     19.767  0.0000E+00  0.0000E+00  0.0000E+00  0.0000E+00  0.0000E+00  0.0000E+00  0.0000E+00  0.0000E+00  0.0000E+00
     19.865  0.0000E+00  0.0000E+00  0.0000E+00  0.0000E+00  0.0000E+00  0.0000E+00  0.0000E+00  0.0000E+00  0.0000E+00
     19.963  0.0000E+00  0.0000E+00  0.0000E+00  0.0000E+00  0.0000E+00  0.0000E+00  0.0000E+00  0.0000E+00  0.0000E+00
     20.060  0.0000E+00  0.0000E+00  0.0000E+00  0.0000E+00  0.0000E+00  0.0000E+00  0.0000E+00  0.0000E+00  0.0000E+00
     20.158  0.0000E+00  0.0000E+00  0.0000E+00  0.0000E+00  0.0000E+00  0.0000E+00  0.0000E+00  0.0000E+00  0.0000E+00
     20.255  0.0000E+00  0.0000E+00  0.0000E+00  0.0000E+00  0.0000E+00  0.0000E+00  0.0000E+00  0.0000E+00  0.0000E+00
     20.353  0.0000E+00  0.0000E+00  0.0000E+00  0.0000E+00  0.0000E+00  0.0000E+00  0.0000E+00  0.0000E+00  0.0000E+00
     20.451  0.0000E+00  0.0000E+00  0.0000E+00  0.0000E+00  0.0000E+00  0.0000E+00  0.0000E+00  0.0000E+00  0.0000E+00
     20.548  0.0000E+00  0.0000E+00  0.0000E+00  0.0000E+00  0.0000E+00  0.0000E+00  0.0000E+00  0.0000E+00  0.0000E+00
     20.646  0.0000E+00  0.0000E+00  0.0000E+00  0.0000E+00  0.0000E+00  0.0000E+00  0.0000E+00  0.0000E+00  0.0000E+00
     20.743  0.0000E+00  0.0000E+00  0.0000E+00  0.0000E+00  0.0000E+00  0.0000E+00  0.0000E+00  0.0000E+00  0.0000E+00
     20.841  0.0000E+00  0.0000E+00  0.0000E+00  0.0000E+00  0.0000E+00  0.0000E+00  0.0000E+00  0.0000E+00  0.0000E+00
