   2   2   1   0
  0.1968443E+02  0.3818469E-09  0.3818469E-09  0.3818469E-09  0.5000000E-15
  1.000000000000000E-004
  CAR 
 Si                                      
     18.95096134     -8.73647044  301      5.91145284      1.00000000
     -8.736  0.0000E+00  0.0000E+00
     -8.644  0.0000E+00  0.0000E+00
     -8.552  0.0000E+00  0.0000E+00
     -8.460  0.0000E+00  0.0000E+00
     -8.367  0.0000E+00  0.0000E+00
     -8.275  0.0000E+00  0.0000E+00
     -8.183  0.0000E+00  0.0000E+00
     -8.090  0.0000E+00  0.0000E+00
     -7.998  0.0000E+00  0.0000E+00
     -7.906  0.0000E+00  0.0000E+00
     -7.814  0.0000E+00  0.0000E+00
     -7.721  0.0000E+00  0.0000E+00
     -7.629  0.0000E+00  0.0000E+00
     -7.537  0.0000E+00  0.0000E+00
     -7.444  0.0000E+00  0.0000E+00
     -7.352  0.0000E+00  0.0000E+00
     -7.260  0.0000E+00  0.0000E+00
     -7.168  0.0000E+00  0.0000E+00
     -7.075  0.0000E+00  0.0000E+00
     -6.983  0.0000E+00  0.0000E+00
     -6.891  0.0000E+00  0.0000E+00
     -6.798  0.0000E+00  0.0000E+00
     -6.706  0.5005E-01  0.7660E-03
     -6.614  0.1079E+00  0.8178E-02
     -6.521  0.1443E+00  0.1977E-01
     -6.429  0.1723E+00  0.3440E-01
     -6.337  0.1979E+00  0.5160E-01
     -6.245  0.2230E+00  0.7100E-01
     -6.152  0.2428E+00  0.9250E-01
     -6.060  0.2648E+00  0.1159E+00
     -5.968  0.2826E+00  0.1412E+00
     -5.875  0.3024E+00  0.1681E+00
     -5.783  0.3194E+00  0.1968E+00
     -5.691  0.3374E+00  0.2271E+00
     -5.599  0.3551E+00  0.2591E+00
     -5.506  0.3720E+00  0.2927E+00
     -5.414  0.3901E+00  0.3278E+00
     -5.322  0.4071E+00  0.3646E+00
     -5.229  0.4248E+00  0.4030E+00
     -5.137  0.4437E+00  0.4431E+00
     -5.045  0.4620E+00  0.4849E+00
     -4.953  0.4816E+00  0.5284E+00
     -4.860  0.5029E+00  0.5738E+00
     -4.768  0.5250E+00  0.6213E+00
     -4.676  0.5498E+00  0.6708E+00
     -4.583  0.5781E+00  0.7228E+00
     -4.491  0.6110E+00  0.7777E+00
     -4.399  0.6535E+00  0.8359E+00
     -4.306  0.7186E+00  0.8990E+00
     -4.214  0.8419E+00  0.9717E+00
     -4.122  0.8144E+00  0.1048E+01
     -4.030  0.7839E+00  0.1122E+01
     -3.937  0.7620E+00  0.1193E+01
     -3.845  0.7309E+00  0.1261E+01
     -3.753  0.7018E+00  0.1328E+01
     -3.660  0.6763E+00  0.1391E+01
     -3.568  0.6466E+00  0.1452E+01
     -3.476  0.6203E+00  0.1511E+01
     -3.384  0.5924E+00  0.1567E+01
     -3.291  0.5643E+00  0.1620E+01
     -3.199  0.5368E+00  0.1671E+01
     -3.107  0.5055E+00  0.1719E+01
     -3.014  0.4764E+00  0.1764E+01
     -2.922  0.4446E+00  0.1807E+01
     -2.830  0.4118E+00  0.1846E+01
     -2.738  0.3810E+00  0.1883E+01
     -2.645  0.3428E+00  0.1916E+01
     -2.553  0.3201E+00  0.1947E+01
     -2.461  0.2514E+00  0.1973E+01
     -2.368  0.1190E+00  0.1992E+01
     -2.276  0.3893E-01  0.1998E+01
     -2.184  0.3767E-01  0.2001E+01
     -2.091  0.9554E-01  0.2007E+01
     -1.999  0.1747E+00  0.2019E+01
     -1.907  0.2355E+00  0.2039E+01
     -1.815  0.2926E+00  0.2063E+01
     -1.722  0.3392E+00  0.2092E+01
     -1.630  0.3874E+00  0.2125E+01
     -1.538  0.4450E+00  0.2164E+01
     -1.445  0.5046E+00  0.2207E+01
     -1.353  0.9157E+00  0.2271E+01
     -1.261  0.1362E+01  0.2369E+01
     -1.169  0.1523E+01  0.2526E+01
     -1.076  0.1019E+01  0.2633E+01
     -0.984  0.8651E+00  0.2720E+01
     -0.892  0.7661E+00  0.2795E+01
     -0.799  0.6928E+00  0.2862E+01
     -0.707  0.6408E+00  0.2923E+01
     -0.615  0.5939E+00  0.2980E+01
     -0.523  0.5509E+00  0.3033E+01
     -0.430  0.5208E+00  0.3082E+01
     -0.338  0.4916E+00  0.3129E+01
     -0.246  0.4621E+00  0.3173E+01
     -0.153  0.4367E+00  0.3214E+01
     -0.061  0.4168E+00  0.3254E+01
      0.031  0.3962E+00  0.3291E+01
      0.124  0.3739E+00  0.3327E+01
      0.216  0.3564E+00  0.3361E+01
      0.308  0.3417E+00  0.3393E+01
      0.400  0.3264E+00  0.3424E+01
      0.493  0.3094E+00  0.3453E+01
      0.585  0.2942E+00  0.3481E+01
      0.677  0.2829E+00  0.3507E+01
      0.770  0.2715E+00  0.3533E+01
      0.862  0.2585E+00  0.3557E+01
      0.954  0.2440E+00  0.3581E+01
      1.046  0.2349E+00  0.3603E+01
      1.139  0.2261E+00  0.3624E+01
      1.231  0.2328E+00  0.3644E+01
      1.323  0.6052E+00  0.3684E+01
      1.416  0.7791E+00  0.3747E+01
      1.508  0.1064E+01  0.3830E+01
      1.600  0.1183E+01  0.3938E+01
      1.692  0.1081E+01  0.4042E+01
      1.785  0.1027E+01  0.4139E+01
      1.877  0.9657E+00  0.4231E+01
      1.969  0.9575E+00  0.4319E+01
      2.062  0.9731E+00  0.4409E+01
      2.154  0.9716E+00  0.4498E+01
      2.246  0.9875E+00  0.4589E+01
      2.339  0.1019E+01  0.4682E+01
      2.431  0.1051E+01  0.4777E+01
      2.523  0.1064E+01  0.4874E+01
      2.615  0.1136E+01  0.4976E+01
      2.708  0.1198E+01  0.5083E+01
      2.800  0.1320E+01  0.5198E+01
      2.892  0.1459E+01  0.5328E+01
      2.985  0.1446E+01  0.5461E+01
      3.077  0.1417E+01  0.5593E+01
      3.169  0.1385E+01  0.5722E+01
      3.261  0.1361E+01  0.5849E+01
      3.354  0.1340E+01  0.5974E+01
      3.446  0.1313E+01  0.6096E+01
      3.538  0.1297E+01  0.6217E+01
      3.631  0.1268E+01  0.6335E+01
      3.723  0.1252E+01  0.6451E+01
      3.815  0.1232E+01  0.6566E+01
      3.907  0.1204E+01  0.6678E+01
      4.000  0.1183E+01  0.6788E+01
      4.092  0.1171E+01  0.6897E+01
      4.184  0.1154E+01  0.7005E+01
      4.277  0.1135E+01  0.7110E+01
      4.369  0.1114E+01  0.7214E+01
      4.461  0.1095E+01  0.7316E+01
      4.553  0.1082E+01  0.7417E+01
      4.646  0.9326E+00  0.7512E+01
      4.738  0.7432E+00  0.7587E+01
      4.830  0.6518E+00  0.7651E+01
      4.923  0.5751E+00  0.7708E+01
      5.015  0.5096E+00  0.7758E+01
      5.107  0.4482E+00  0.7802E+01
      5.200  0.4016E+00  0.7841E+01
      5.292  0.3521E+00  0.7876E+01
      5.384  0.3068E+00  0.7907E+01
      5.476  0.2650E+00  0.7933E+01
      5.569  0.2231E+00  0.7955E+01
      5.661  0.1756E+00  0.7974E+01
      5.753  0.1330E+00  0.7988E+01
      5.846  0.6297E-01  0.7998E+01
      5.938  0.0000E+00  0.8000E+01
      6.030  0.0000E+00  0.8000E+01
      6.122  0.0000E+00  0.8000E+01
      6.215  0.0000E+00  0.8000E+01
      6.307  0.0000E+00  0.8000E+01
      6.399  0.0000E+00  0.8000E+01
      6.492  0.0000E+00  0.8000E+01
      6.584  0.0000E+00  0.8000E+01
      6.676  0.8832E-02  0.8000E+01
      6.768  0.1119E+00  0.8006E+01
      6.861  0.1865E+00  0.8020E+01
      6.953  0.2731E+00  0.8041E+01
      7.045  0.3170E+00  0.8068E+01
      7.138  0.3632E+00  0.8100E+01
      7.230  0.4140E+00  0.8135E+01
      7.322  0.4675E+00  0.8176E+01
      7.415  0.5067E+00  0.8221E+01
      7.507  0.5471E+00  0.8270E+01
      7.599  0.5877E+00  0.8322E+01
      7.691  0.6293E+00  0.8378E+01
      7.784  0.6754E+00  0.8439E+01
      7.876  0.7260E+00  0.8503E+01
      7.968  0.8323E+00  0.8575E+01
      8.061  0.9151E+00  0.8656E+01
      8.153  0.1004E+01  0.8744E+01
      8.245  0.1103E+01  0.8841E+01
      8.337  0.1246E+01  0.8949E+01
      8.430  0.1465E+01  0.9074E+01
      8.522  0.1625E+01  0.9221E+01
      8.614  0.1570E+01  0.9366E+01
      8.707  0.1558E+01  0.9513E+01
      8.799  0.1444E+01  0.9654E+01
      8.891  0.1225E+01  0.9776E+01
      8.983  0.1149E+01  0.9885E+01
      9.076  0.1180E+01  0.9993E+01
      9.168  0.1086E+01  0.1010E+02
      9.260  0.1030E+01  0.1020E+02
      9.353  0.1062E+01  0.1029E+02
      9.445  0.1974E+01  0.1042E+02
      9.537  0.2236E+01  0.1061E+02
      9.630  0.1851E+01  0.1079E+02
      9.722  0.1656E+01  0.1095E+02
      9.814  0.1537E+01  0.1109E+02
      9.906  0.1573E+01  0.1124E+02
      9.999  0.1654E+01  0.1138E+02
     10.091  0.1517E+01  0.1153E+02
     10.183  0.1620E+01  0.1167E+02
     10.276  0.1314E+01  0.1180E+02
     10.368  0.1119E+01  0.1191E+02
     10.460  0.1041E+01  0.1201E+02
     10.552  0.1020E+01  0.1211E+02
     10.645  0.1063E+01  0.1220E+02
     10.737  0.1160E+01  0.1231E+02
     10.829  0.1305E+01  0.1242E+02
     10.922  0.1125E+01  0.1253E+02
     11.014  0.1132E+01  0.1264E+02
     11.106  0.1114E+01  0.1274E+02
     11.198  0.1171E+01  0.1284E+02
     11.291  0.1113E+01  0.1295E+02
     11.383  0.1193E+01  0.1306E+02
     11.475  0.1163E+01  0.1316E+02
     11.568  0.1102E+01  0.1327E+02
     11.660  0.1105E+01  0.1337E+02
     11.752  0.1102E+01  0.1347E+02
     11.845  0.1093E+01  0.1357E+02
     11.937  0.1080E+01  0.1367E+02
     12.029  0.1095E+01  0.1377E+02
     12.121  0.1036E+01  0.1387E+02
     12.214  0.9923E+00  0.1397E+02
     12.306  0.9983E+00  0.1406E+02
     12.398  0.9713E+00  0.1415E+02
     12.491  0.9635E+00  0.1424E+02
     12.583  0.9590E+00  0.1432E+02
     12.675  0.9942E+00  0.1442E+02
     12.767  0.8419E+00  0.1450E+02
     12.860  0.8112E+00  0.1457E+02
     12.952  0.8092E+00  0.1465E+02
     13.044  0.8546E+00  0.1473E+02
     13.137  0.8946E+00  0.1481E+02
     13.229  0.9167E+00  0.1489E+02
     13.321  0.9699E+00  0.1498E+02
     13.413  0.7975E+00  0.1505E+02
     13.506  0.7110E+00  0.1512E+02
     13.598  0.6748E+00  0.1519E+02
     13.690  0.6344E+00  0.1525E+02
     13.783  0.5854E+00  0.1530E+02
     13.875  0.5641E+00  0.1536E+02
     13.967  0.5452E+00  0.1541E+02
     14.060  0.5170E+00  0.1546E+02
     14.152  0.4920E+00  0.1550E+02
     14.244  0.5002E+00  0.1555E+02
     14.336  0.5458E+00  0.1560E+02
     14.429  0.5392E+00  0.1565E+02
     14.521  0.4492E+00  0.1570E+02
     14.613  0.4025E+00  0.1574E+02
     14.706  0.2884E+00  0.1577E+02
     14.798  0.2266E+00  0.1579E+02
     14.890  0.2133E+00  0.1581E+02
     14.982  0.2027E+00  0.1583E+02
     15.075  0.1901E+00  0.1585E+02
     15.167  0.1946E+00  0.1587E+02
     15.259  0.1590E+00  0.1588E+02
     15.352  0.1407E+00  0.1590E+02
     15.444  0.1281E+00  0.1591E+02
     15.536  0.1191E+00  0.1592E+02
     15.628  0.1139E+00  0.1593E+02
     15.721  0.1071E+00  0.1594E+02
     15.813  0.9699E-01  0.1595E+02
     15.905  0.8899E-01  0.1596E+02
     15.998  0.7215E-01  0.1597E+02
     16.090  0.6112E-01  0.1597E+02
     16.182  0.5172E-01  0.1598E+02
     16.275  0.4395E-01  0.1598E+02
     16.367  0.3875E-01  0.1599E+02
     16.459  0.3643E-01  0.1599E+02
     16.551  0.3609E-01  0.1599E+02
     16.644  0.6070E-01  0.1600E+02
     16.736  0.9024E-02  0.1600E+02
     16.828  0.2939E-02  0.1600E+02
     16.921  0.1806E-03  0.1600E+02
     17.013  0.0000E+00  0.1600E+02
     17.105  0.0000E+00  0.1600E+02
     17.197  0.0000E+00  0.1600E+02
     17.290  0.0000E+00  0.1600E+02
     17.382  0.0000E+00  0.1600E+02
     17.474  0.0000E+00  0.1600E+02
     17.567  0.0000E+00  0.1600E+02
     17.659  0.0000E+00  0.1600E+02
     17.751  0.0000E+00  0.1600E+02
     17.843  0.0000E+00  0.1600E+02
     17.936  0.0000E+00  0.1600E+02
     18.028  0.0000E+00  0.1600E+02
     18.120  0.0000E+00  0.1600E+02
     18.213  0.0000E+00  0.1600E+02
     18.305  0.0000E+00  0.1600E+02
     18.397  0.0000E+00  0.1600E+02
     18.490  0.0000E+00  0.1600E+02
     18.582  0.0000E+00  0.1600E+02
     18.674  0.0000E+00  0.1600E+02
     18.766  0.0000E+00  0.1600E+02
     18.859  0.0000E+00  0.1600E+02
     18.951  0.0000E+00  0.1600E+02
     18.95096134     -8.73647044  301      5.91145284      1.00000000
     -8.736  0.0000E+00  0.0000E+00  0.0000E+00  0.0000E+00  0.0000E+00  0.0000E+00  0.0000E+00  0.0000E+00  0.0000E+00
     -8.644  0.0000E+00  0.0000E+00  0.0000E+00  0.0000E+00  0.0000E+00  0.0000E+00  0.0000E+00  0.0000E+00  0.0000E+00
     -8.552  0.0000E+00  0.0000E+00  0.0000E+00  0.0000E+00  0.0000E+00  0.0000E+00  0.0000E+00  0.0000E+00  0.0000E+00
     -8.460  0.0000E+00  0.0000E+00  0.0000E+00  0.0000E+00  0.0000E+00  0.0000E+00  0.0000E+00  0.0000E+00  0.0000E+00
     -8.367  0.0000E+00  0.0000E+00  0.0000E+00  0.0000E+00  0.0000E+00  0.0000E+00  0.0000E+00  0.0000E+00  0.0000E+00
     -8.275  0.0000E+00  0.0000E+00  0.0000E+00  0.0000E+00  0.0000E+00  0.0000E+00  0.0000E+00  0.0000E+00  0.0000E+00
     -8.183  0.0000E+00  0.0000E+00  0.0000E+00  0.0000E+00  0.0000E+00  0.0000E+00  0.0000E+00  0.0000E+00  0.0000E+00
     -8.090  0.0000E+00  0.0000E+00  0.0000E+00  0.0000E+00  0.0000E+00  0.0000E+00  0.0000E+00  0.0000E+00  0.0000E+00
     -7.998  0.0000E+00  0.0000E+00  0.0000E+00  0.0000E+00  0.0000E+00  0.0000E+00  0.0000E+00  0.0000E+00  0.0000E+00
     -7.906  0.0000E+00  0.0000E+00  0.0000E+00  0.0000E+00  0.0000E+00  0.0000E+00  0.0000E+00  0.0000E+00  0.0000E+00
     -7.814  0.0000E+00  0.0000E+00  0.0000E+00  0.0000E+00  0.0000E+00  0.0000E+00  0.0000E+00  0.0000E+00  0.0000E+00
     -7.721  0.0000E+00  0.0000E+00  0.0000E+00  0.0000E+00  0.0000E+00  0.0000E+00  0.0000E+00  0.0000E+00  0.0000E+00
     -7.629  0.0000E+00  0.0000E+00  0.0000E+00  0.0000E+00  0.0000E+00  0.0000E+00  0.0000E+00  0.0000E+00  0.0000E+00
     -7.537  0.0000E+00  0.0000E+00  0.0000E+00  0.0000E+00  0.0000E+00  0.0000E+00  0.0000E+00  0.0000E+00  0.0000E+00
     -7.444  0.0000E+00  0.0000E+00  0.0000E+00  0.0000E+00  0.0000E+00  0.0000E+00  0.0000E+00  0.0000E+00  0.0000E+00
     -7.352  0.0000E+00  0.0000E+00  0.0000E+00  0.0000E+00  0.0000E+00  0.0000E+00  0.0000E+00  0.0000E+00  0.0000E+00
     -7.260  0.0000E+00  0.0000E+00  0.0000E+00  0.0000E+00  0.0000E+00  0.0000E+00  0.0000E+00  0.0000E+00  0.0000E+00
     -7.168  0.0000E+00  0.0000E+00  0.0000E+00  0.0000E+00  0.0000E+00  0.0000E+00  0.0000E+00  0.0000E+00  0.0000E+00
     -7.075  0.0000E+00  0.0000E+00  0.0000E+00  0.0000E+00  0.0000E+00  0.0000E+00  0.0000E+00  0.0000E+00  0.0000E+00
     -6.983  0.0000E+00  0.0000E+00  0.0000E+00  0.0000E+00  0.0000E+00  0.0000E+00  0.0000E+00  0.0000E+00  0.0000E+00
     -6.891  0.0000E+00  0.0000E+00  0.0000E+00  0.0000E+00  0.0000E+00  0.0000E+00  0.0000E+00  0.0000E+00  0.0000E+00
     -6.798  0.0000E+00  0.0000E+00  0.0000E+00  0.0000E+00  0.0000E+00  0.0000E+00  0.0000E+00  0.0000E+00  0.0000E+00
     -6.706  0.1083E-01  0.6552E-05  0.6552E-05  0.6552E-05  0.0000E+00  0.0000E+00  0.0000E+00  0.0000E+00  0.0000E+00
     -6.614  0.2328E-01  0.4807E-04  0.4807E-04  0.4807E-04  0.0000E+00  0.0000E+00  0.0000E+00  0.0000E+00  0.0000E+00
     -6.521  0.3108E-01  0.1123E-03  0.1123E-03  0.1123E-03  0.0000E+00  0.0000E+00  0.0000E+00  0.0000E+00  0.0000E+00
     -6.429  0.3700E-01  0.1942E-03  0.1942E-03  0.1942E-03  0.0000E+00  0.0000E+00  0.0000E+00  0.0000E+00  0.0000E+00
     -6.337  0.4241E-01  0.2886E-03  0.2886E-03  0.2886E-03  0.0000E+00  0.0000E+00  0.0000E+00  0.0000E+00  0.0000E+00
     -6.245  0.4770E-01  0.3904E-03  0.3904E-03  0.3904E-03  0.0000E+00  0.0000E+00  0.0000E+00  0.0000E+00  0.0000E+00
     -6.152  0.5182E-01  0.5097E-03  0.5097E-03  0.5097E-03  0.0000E+00  0.0000E+00  0.0000E+00  0.0000E+00  0.0000E+00
     -6.060  0.5642E-01  0.6308E-03  0.6308E-03  0.6308E-03  0.0000E+00  0.0000E+00  0.0000E+00  0.0000E+00  0.0000E+00
     -5.968  0.6010E-01  0.7695E-03  0.7695E-03  0.7695E-03  0.0000E+00  0.0000E+00  0.0000E+00  0.0000E+00  0.0000E+00
     -5.875  0.6421E-01  0.9085E-03  0.9085E-03  0.9085E-03  0.0000E+00  0.0000E+00  0.0000E+00  0.0000E+00  0.0000E+00
     -5.783  0.6771E-01  0.1064E-02  0.1064E-02  0.1064E-02  0.0000E+00  0.0000E+00  0.0000E+00  0.0000E+00  0.0000E+00
     -5.691  0.7143E-01  0.1222E-02  0.1222E-02  0.1222E-02  0.0000E+00  0.0000E+00  0.0000E+00  0.0000E+00  0.0000E+00
     -5.599  0.7507E-01  0.1389E-02  0.1389E-02  0.1389E-02  0.0000E+00  0.0000E+00  0.0000E+00  0.0000E+00  0.0000E+00
     -5.506  0.7855E-01  0.1567E-02  0.1567E-02  0.1567E-02  0.0000E+00  0.0000E+00  0.0000E+00  0.0000E+00  0.0000E+00
     -5.414  0.8230E-01  0.1745E-02  0.1745E-02  0.1745E-02  0.0000E+00  0.0000E+00  0.0000E+00  0.0000E+00  0.0000E+00
     -5.322  0.8581E-01  0.1941E-02  0.1941E-02  0.1941E-02  0.0000E+00  0.0000E+00  0.0000E+00  0.0000E+00  0.0000E+00
     -5.229  0.8948E-01  0.2141E-02  0.2141E-02  0.2141E-02  0.0000E+00  0.0000E+00  0.0000E+00  0.0000E+00  0.0000E+00
     -5.137  0.9341E-01  0.2343E-02  0.2343E-02  0.2343E-02  0.0000E+00  0.0000E+00  0.0000E+00  0.0000E+00  0.0000E+00
     -5.045  0.9725E-01  0.2566E-02  0.2566E-02  0.2566E-02  0.0000E+00  0.0000E+00  0.0000E+00  0.0000E+00  0.0000E+00
     -4.953  0.1014E+00  0.2795E-02  0.2795E-02  0.2795E-02  0.0000E+00  0.0000E+00  0.0000E+00  0.0000E+00  0.0000E+00
     -4.860  0.1059E+00  0.3028E-02  0.3028E-02  0.3028E-02  0.0000E+00  0.0000E+00  0.0000E+00  0.0000E+00  0.0000E+00
     -4.768  0.1106E+00  0.3288E-02  0.3288E-02  0.3288E-02  0.0000E+00  0.0000E+00  0.0000E+00  0.0000E+00  0.0000E+00
     -4.676  0.1160E+00  0.3561E-02  0.3561E-02  0.3561E-02  0.0000E+00  0.0000E+00  0.0000E+00  0.0000E+00  0.0000E+00
     -4.583  0.1221E+00  0.3849E-02  0.3849E-02  0.3849E-02  0.0000E+00  0.0000E+00  0.0000E+00  0.0000E+00  0.0000E+00
     -4.491  0.1294E+00  0.4178E-02  0.4178E-02  0.4178E-02  0.0000E+00  0.0000E+00  0.0000E+00  0.0000E+00  0.0000E+00
     -4.399  0.1388E+00  0.4565E-02  0.4565E-02  0.4565E-02  0.0000E+00  0.0000E+00  0.0000E+00  0.0000E+00  0.0000E+00
     -4.306  0.1534E+00  0.5065E-02  0.5065E-02  0.5065E-02  0.0000E+00  0.0000E+00  0.0000E+00  0.0000E+00  0.0000E+00
     -4.214  0.1812E+00  0.5878E-02  0.5878E-02  0.5878E-02  0.0000E+00  0.0000E+00  0.0000E+00  0.0000E+00  0.0000E+00
     -4.122  0.1750E+00  0.5987E-02  0.5987E-02  0.5987E-02  0.0000E+00  0.0000E+00  0.0000E+00  0.0000E+00  0.0000E+00
     -4.030  0.1680E+00  0.6020E-02  0.6020E-02  0.6020E-02  0.0000E+00  0.0000E+00  0.0000E+00  0.0000E+00  0.0000E+00
     -3.937  0.1631E+00  0.6091E-02  0.6091E-02  0.6091E-02  0.0000E+00  0.0000E+00  0.0000E+00  0.0000E+00  0.0000E+00
     -3.845  0.1561E+00  0.6121E-02  0.6121E-02  0.6121E-02  0.0000E+00  0.0000E+00  0.0000E+00  0.0000E+00  0.0000E+00
     -3.753  0.1495E+00  0.6115E-02  0.6115E-02  0.6115E-02  0.0000E+00  0.0000E+00  0.0000E+00  0.0000E+00  0.0000E+00
     -3.660  0.1438E+00  0.6117E-02  0.6117E-02  0.6117E-02  0.0000E+00  0.0000E+00  0.0000E+00  0.0000E+00  0.0000E+00
     -3.568  0.1372E+00  0.6091E-02  0.6091E-02  0.6091E-02  0.0000E+00  0.0000E+00  0.0000E+00  0.0000E+00  0.0000E+00
     -3.476  0.1313E+00  0.6050E-02  0.6050E-02  0.6050E-02  0.0000E+00  0.0000E+00  0.0000E+00  0.0000E+00  0.0000E+00
     -3.384  0.1252E+00  0.5982E-02  0.5982E-02  0.5982E-02  0.0000E+00  0.0000E+00  0.0000E+00  0.0000E+00  0.0000E+00
     -3.291  0.1189E+00  0.5907E-02  0.5907E-02  0.5907E-02  0.0000E+00  0.0000E+00  0.0000E+00  0.0000E+00  0.0000E+00
     -3.199  0.1129E+00  0.5802E-02  0.5802E-02  0.5802E-02  0.0000E+00  0.0000E+00  0.0000E+00  0.0000E+00  0.0000E+00
     -3.107  0.1060E+00  0.5655E-02  0.5655E-02  0.5655E-02  0.0000E+00  0.0000E+00  0.0000E+00  0.0000E+00  0.0000E+00
     -3.014  0.9964E-01  0.5504E-02  0.5504E-02  0.5504E-02  0.0000E+00  0.0000E+00  0.0000E+00  0.0000E+00  0.0000E+00
     -2.922  0.9268E-01  0.5309E-02  0.5309E-02  0.5309E-02  0.0000E+00  0.0000E+00  0.0000E+00  0.0000E+00  0.0000E+00
     -2.830  0.8554E-01  0.5080E-02  0.5080E-02  0.5080E-02  0.0000E+00  0.0000E+00  0.0000E+00  0.0000E+00  0.0000E+00
     -2.738  0.7887E-01  0.4845E-02  0.4845E-02  0.4845E-02  0.0000E+00  0.0000E+00  0.0000E+00  0.0000E+00  0.0000E+00
     -2.645  0.7056E-01  0.4526E-02  0.4526E-02  0.4526E-02  0.0000E+00  0.0000E+00  0.0000E+00  0.0000E+00  0.0000E+00
     -2.553  0.6538E-01  0.4384E-02  0.4384E-02  0.4384E-02  0.0000E+00  0.0000E+00  0.0000E+00  0.0000E+00  0.0000E+00
     -2.461  0.5095E-01  0.3562E-02  0.3562E-02  0.3562E-02  0.0000E+00  0.0000E+00  0.0000E+00  0.0000E+00  0.0000E+00
     -2.368  0.2401E-01  0.1732E-02  0.1732E-02  0.1732E-02  0.0000E+00  0.0000E+00  0.0000E+00  0.0000E+00  0.0000E+00
     -2.276  0.7919E-02  0.5656E-03  0.5656E-03  0.5656E-03  0.0000E+00  0.0000E+00  0.0000E+00  0.0000E+00  0.0000E+00
     -2.184  0.7348E-02  0.6153E-03  0.6153E-03  0.6153E-03  0.0000E+00  0.0000E+00  0.0000E+00  0.0000E+00  0.0000E+00
     -2.091  0.1850E-01  0.1607E-02  0.1607E-02  0.1607E-02  0.0000E+00  0.0000E+00  0.0000E+00  0.0000E+00  0.0000E+00
     -1.999  0.3388E-01  0.2966E-02  0.2966E-02  0.2966E-02  0.0000E+00  0.0000E+00  0.0000E+00  0.0000E+00  0.0000E+00
     -1.907  0.4562E-01  0.4067E-02  0.4067E-02  0.4067E-02  0.0000E+00  0.0000E+00  0.0000E+00  0.0000E+00  0.0000E+00
     -1.815  0.5631E-01  0.5202E-02  0.5202E-02  0.5202E-02  0.0000E+00  0.0000E+00  0.0000E+00  0.0000E+00  0.0000E+00
     -1.722  0.6483E-01  0.6189E-02  0.6189E-02  0.6189E-02  0.0000E+00  0.0000E+00  0.0000E+00  0.0000E+00  0.0000E+00
     -1.630  0.7339E-01  0.7271E-02  0.7271E-02  0.7271E-02  0.0000E+00  0.0000E+00  0.0000E+00  0.0000E+00  0.0000E+00
     -1.538  0.8325E-01  0.8642E-02  0.8642E-02  0.8642E-02  0.0000E+00  0.0000E+00  0.0000E+00  0.0000E+00  0.0000E+00
     -1.445  0.9308E-01  0.1013E-01  0.1013E-01  0.1013E-01  0.0000E+00  0.0000E+00  0.0000E+00  0.0000E+00  0.0000E+00
     -1.353  0.1399E+00  0.2291E-01  0.2291E-01  0.2291E-01  0.0000E+00  0.0000E+00  0.0000E+00  0.0000E+00  0.0000E+00
     -1.261  0.1994E+00  0.3573E-01  0.3573E-01  0.3573E-01  0.0000E+00  0.0000E+00  0.0000E+00  0.0000E+00  0.0000E+00
     -1.169  0.2219E+00  0.4044E-01  0.4044E-01  0.4044E-01  0.0000E+00  0.0000E+00  0.0000E+00  0.0000E+00  0.0000E+00
     -1.076  0.1508E+00  0.2698E-01  0.2698E-01  0.2698E-01  0.0000E+00  0.0000E+00  0.0000E+00  0.0000E+00  0.0000E+00
     -0.984  0.1288E+00  0.2303E-01  0.2303E-01  0.2303E-01  0.0000E+00  0.0000E+00  0.0000E+00  0.0000E+00  0.0000E+00
     -0.892  0.1141E+00  0.2058E-01  0.2058E-01  0.2058E-01  0.0000E+00  0.0000E+00  0.0000E+00  0.0000E+00  0.0000E+00
     -0.799  0.1030E+00  0.1882E-01  0.1882E-01  0.1882E-01  0.0000E+00  0.0000E+00  0.0000E+00  0.0000E+00  0.0000E+00
     -0.707  0.9514E-01  0.1758E-01  0.1758E-01  0.1758E-01  0.0000E+00  0.0000E+00  0.0000E+00  0.0000E+00  0.0000E+00
     -0.615  0.8784E-01  0.1650E-01  0.1650E-01  0.1650E-01  0.0000E+00  0.0000E+00  0.0000E+00  0.0000E+00  0.0000E+00
     -0.523  0.8105E-01  0.1552E-01  0.1552E-01  0.1552E-01  0.0000E+00  0.0000E+00  0.0000E+00  0.0000E+00  0.0000E+00
     -0.430  0.7633E-01  0.1484E-01  0.1484E-01  0.1484E-01  0.0000E+00  0.0000E+00  0.0000E+00  0.0000E+00  0.0000E+00
     -0.338  0.7168E-01  0.1418E-01  0.1418E-01  0.1418E-01  0.0000E+00  0.0000E+00  0.0000E+00  0.0000E+00  0.0000E+00
     -0.246  0.6692E-01  0.1352E-01  0.1352E-01  0.1352E-01  0.0000E+00  0.0000E+00  0.0000E+00  0.0000E+00  0.0000E+00
     -0.153  0.6285E-01  0.1295E-01  0.1295E-01  0.1295E-01  0.0000E+00  0.0000E+00  0.0000E+00  0.0000E+00  0.0000E+00
     -0.061  0.5963E-01  0.1251E-01  0.1251E-01  0.1251E-01  0.0000E+00  0.0000E+00  0.0000E+00  0.0000E+00  0.0000E+00
      0.031  0.5629E-01  0.1206E-01  0.1206E-01  0.1206E-01  0.0000E+00  0.0000E+00  0.0000E+00  0.0000E+00  0.0000E+00
      0.124  0.5267E-01  0.1154E-01  0.1154E-01  0.1154E-01  0.0000E+00  0.0000E+00  0.0000E+00  0.0000E+00  0.0000E+00
      0.216  0.4984E-01  0.1114E-01  0.1114E-01  0.1114E-01  0.0000E+00  0.0000E+00  0.0000E+00  0.0000E+00  0.0000E+00
      0.308  0.4746E-01  0.1082E-01  0.1082E-01  0.1082E-01  0.0000E+00  0.0000E+00  0.0000E+00  0.0000E+00  0.0000E+00
      0.400  0.4496E-01  0.1047E-01  0.1047E-01  0.1047E-01  0.0000E+00  0.0000E+00  0.0000E+00  0.0000E+00  0.0000E+00
      0.493  0.4222E-01  0.1007E-01  0.1007E-01  0.1007E-01  0.0000E+00  0.0000E+00  0.0000E+00  0.0000E+00  0.0000E+00
      0.585  0.3978E-01  0.9701E-02  0.9701E-02  0.9701E-02  0.0000E+00  0.0000E+00  0.0000E+00  0.0000E+00  0.0000E+00
      0.677  0.3796E-01  0.9443E-02  0.9443E-02  0.9443E-02  0.0000E+00  0.0000E+00  0.0000E+00  0.0000E+00  0.0000E+00
      0.770  0.3611E-01  0.9174E-02  0.9174E-02  0.9174E-02  0.0000E+00  0.0000E+00  0.0000E+00  0.0000E+00  0.0000E+00
      0.862  0.3403E-01  0.8854E-02  0.8854E-02  0.8854E-02  0.0000E+00  0.0000E+00  0.0000E+00  0.0000E+00  0.0000E+00
      0.954  0.3176E-01  0.8478E-02  0.8478E-02  0.8478E-02  0.0000E+00  0.0000E+00  0.0000E+00  0.0000E+00  0.0000E+00
      1.046  0.3032E-01  0.8259E-02  0.8259E-02  0.8259E-02  0.0000E+00  0.0000E+00  0.0000E+00  0.0000E+00  0.0000E+00
      1.139  0.2890E-01  0.8042E-02  0.8042E-02  0.8042E-02  0.0000E+00  0.0000E+00  0.0000E+00  0.0000E+00  0.0000E+00
      1.231  0.2744E-01  0.8657E-02  0.8657E-02  0.8657E-02  0.0000E+00  0.0000E+00  0.0000E+00  0.0000E+00  0.0000E+00
      1.323  0.2763E-01  0.2857E-01  0.2857E-01  0.2857E-01  0.0000E+00  0.0000E+00  0.0000E+00  0.0000E+00  0.0000E+00
      1.416  0.2780E-01  0.3811E-01  0.3811E-01  0.3811E-01  0.0000E+00  0.0000E+00  0.0000E+00  0.0000E+00  0.0000E+00
      1.508  0.2981E-01  0.5353E-01  0.5353E-01  0.5353E-01  0.0000E+00  0.0000E+00  0.0000E+00  0.0000E+00  0.0000E+00
      1.600  0.3126E-01  0.6021E-01  0.6021E-01  0.6021E-01  0.0000E+00  0.0000E+00  0.0000E+00  0.0000E+00  0.0000E+00
      1.692  0.3108E-01  0.5511E-01  0.5511E-01  0.5511E-01  0.0000E+00  0.0000E+00  0.0000E+00  0.0000E+00  0.0000E+00
      1.785  0.3093E-01  0.5256E-01  0.5256E-01  0.5256E-01  0.0000E+00  0.0000E+00  0.0000E+00  0.0000E+00  0.0000E+00
      1.877  0.3021E-01  0.4965E-01  0.4965E-01  0.4965E-01  0.0000E+00  0.0000E+00  0.0000E+00  0.0000E+00  0.0000E+00
      1.969  0.3012E-01  0.4955E-01  0.4955E-01  0.4955E-01  0.0000E+00  0.0000E+00  0.0000E+00  0.0000E+00  0.0000E+00
      2.062  0.2992E-01  0.5092E-01  0.5092E-01  0.5092E-01  0.0000E+00  0.0000E+00  0.0000E+00  0.0000E+00  0.0000E+00
      2.154  0.2927E-01  0.5133E-01  0.5133E-01  0.5133E-01  0.0000E+00  0.0000E+00  0.0000E+00  0.0000E+00  0.0000E+00
      2.246  0.2854E-01  0.5277E-01  0.5277E-01  0.5277E-01  0.0000E+00  0.0000E+00  0.0000E+00  0.0000E+00  0.0000E+00
      2.339  0.2774E-01  0.5532E-01  0.5532E-01  0.5532E-01  0.0000E+00  0.0000E+00  0.0000E+00  0.0000E+00  0.0000E+00
      2.431  0.2721E-01  0.5776E-01  0.5776E-01  0.5776E-01  0.0000E+00  0.0000E+00  0.0000E+00  0.0000E+00  0.0000E+00
      2.523  0.2651E-01  0.5916E-01  0.5916E-01  0.5916E-01  0.0000E+00  0.0000E+00  0.0000E+00  0.0000E+00  0.0000E+00
      2.615  0.2588E-01  0.6434E-01  0.6434E-01  0.6434E-01  0.0000E+00  0.0000E+00  0.0000E+00  0.0000E+00  0.0000E+00
      2.708  0.2507E-01  0.6898E-01  0.6898E-01  0.6898E-01  0.0000E+00  0.0000E+00  0.0000E+00  0.0000E+00  0.0000E+00
      2.800  0.2403E-01  0.7779E-01  0.7779E-01  0.7779E-01  0.0000E+00  0.0000E+00  0.0000E+00  0.0000E+00  0.0000E+00
      2.892  0.2293E-01  0.8797E-01  0.8797E-01  0.8797E-01  0.0000E+00  0.0000E+00  0.0000E+00  0.0000E+00  0.0000E+00
      2.985  0.2215E-01  0.8785E-01  0.8785E-01  0.8785E-01  0.0000E+00  0.0000E+00  0.0000E+00  0.0000E+00  0.0000E+00
      3.077  0.2132E-01  0.8657E-01  0.8657E-01  0.8657E-01  0.0000E+00  0.0000E+00  0.0000E+00  0.0000E+00  0.0000E+00
      3.169  0.2040E-01  0.8516E-01  0.8516E-01  0.8516E-01  0.0000E+00  0.0000E+00  0.0000E+00  0.0000E+00  0.0000E+00
      3.261  0.1934E-01  0.8438E-01  0.8438E-01  0.8438E-01  0.0000E+00  0.0000E+00  0.0000E+00  0.0000E+00  0.0000E+00
      3.354  0.1815E-01  0.8378E-01  0.8378E-01  0.8378E-01  0.0000E+00  0.0000E+00  0.0000E+00  0.0000E+00  0.0000E+00
      3.446  0.1730E-01  0.8265E-01  0.8265E-01  0.8265E-01  0.0000E+00  0.0000E+00  0.0000E+00  0.0000E+00  0.0000E+00
      3.538  0.1649E-01  0.8234E-01  0.8234E-01  0.8234E-01  0.0000E+00  0.0000E+00  0.0000E+00  0.0000E+00  0.0000E+00
      3.631  0.1567E-01  0.8101E-01  0.8101E-01  0.8101E-01  0.0000E+00  0.0000E+00  0.0000E+00  0.0000E+00  0.0000E+00
      3.723  0.1482E-01  0.8068E-01  0.8068E-01  0.8068E-01  0.0000E+00  0.0000E+00  0.0000E+00  0.0000E+00  0.0000E+00
      3.815  0.1377E-01  0.8012E-01  0.8012E-01  0.8012E-01  0.0000E+00  0.0000E+00  0.0000E+00  0.0000E+00  0.0000E+00
      3.907  0.1258E-01  0.7903E-01  0.7903E-01  0.7903E-01  0.0000E+00  0.0000E+00  0.0000E+00  0.0000E+00  0.0000E+00
      4.000  0.1172E-01  0.7829E-01  0.7829E-01  0.7829E-01  0.0000E+00  0.0000E+00  0.0000E+00  0.0000E+00  0.0000E+00
      4.092  0.1090E-01  0.7819E-01  0.7819E-01  0.7819E-01  0.0000E+00  0.0000E+00  0.0000E+00  0.0000E+00  0.0000E+00
      4.184  0.1001E-01  0.7780E-01  0.7780E-01  0.7780E-01  0.0000E+00  0.0000E+00  0.0000E+00  0.0000E+00  0.0000E+00
      4.277  0.9058E-02  0.7723E-01  0.7723E-01  0.7723E-01  0.0000E+00  0.0000E+00  0.0000E+00  0.0000E+00  0.0000E+00
      4.369  0.8156E-02  0.7650E-01  0.7650E-01  0.7650E-01  0.0000E+00  0.0000E+00  0.0000E+00  0.0000E+00  0.0000E+00
      4.461  0.7283E-02  0.7590E-01  0.7590E-01  0.7590E-01  0.0000E+00  0.0000E+00  0.0000E+00  0.0000E+00  0.0000E+00
      4.553  0.6549E-02  0.7576E-01  0.7576E-01  0.7576E-01  0.0000E+00  0.0000E+00  0.0000E+00  0.0000E+00  0.0000E+00
      4.646  0.5894E-02  0.6545E-01  0.6545E-01  0.6545E-01  0.0000E+00  0.0000E+00  0.0000E+00  0.0000E+00  0.0000E+00
      4.738  0.5312E-02  0.5198E-01  0.5198E-01  0.5198E-01  0.0000E+00  0.0000E+00  0.0000E+00  0.0000E+00  0.0000E+00
      4.830  0.4619E-02  0.4569E-01  0.4569E-01  0.4569E-01  0.0000E+00  0.0000E+00  0.0000E+00  0.0000E+00  0.0000E+00
      4.923  0.3956E-02  0.4046E-01  0.4046E-01  0.4046E-01  0.0000E+00  0.0000E+00  0.0000E+00  0.0000E+00  0.0000E+00
      5.015  0.3386E-02  0.3599E-01  0.3599E-01  0.3599E-01  0.0000E+00  0.0000E+00  0.0000E+00  0.0000E+00  0.0000E+00
      5.107  0.2857E-02  0.3178E-01  0.3178E-01  0.3178E-01  0.0000E+00  0.0000E+00  0.0000E+00  0.0000E+00  0.0000E+00
      5.200  0.2474E-02  0.2855E-01  0.2855E-01  0.2855E-01  0.0000E+00  0.0000E+00  0.0000E+00  0.0000E+00  0.0000E+00
      5.292  0.1994E-02  0.2514E-01  0.2514E-01  0.2514E-01  0.0000E+00  0.0000E+00  0.0000E+00  0.0000E+00  0.0000E+00
      5.384  0.1540E-02  0.2201E-01  0.2201E-01  0.2201E-01  0.0000E+00  0.0000E+00  0.0000E+00  0.0000E+00  0.0000E+00
      5.476  0.1167E-02  0.1909E-01  0.1909E-01  0.1909E-01  0.0000E+00  0.0000E+00  0.0000E+00  0.0000E+00  0.0000E+00
      5.569  0.8181E-03  0.1615E-01  0.1615E-01  0.1615E-01  0.0000E+00  0.0000E+00  0.0000E+00  0.0000E+00  0.0000E+00
      5.661  0.5739E-03  0.1273E-01  0.1273E-01  0.1273E-01  0.0000E+00  0.0000E+00  0.0000E+00  0.0000E+00  0.0000E+00
      5.753  0.2854E-03  0.9685E-02  0.9685E-02  0.9685E-02  0.0000E+00  0.0000E+00  0.0000E+00  0.0000E+00  0.0000E+00
      5.846  0.6316E-04  0.4596E-02  0.4596E-02  0.4596E-02  0.0000E+00  0.0000E+00  0.0000E+00  0.0000E+00  0.0000E+00
      5.938  0.0000E+00  0.0000E+00  0.0000E+00  0.0000E+00  0.0000E+00  0.0000E+00  0.0000E+00  0.0000E+00  0.0000E+00
      6.030  0.0000E+00  0.0000E+00  0.0000E+00  0.0000E+00  0.0000E+00  0.0000E+00  0.0000E+00  0.0000E+00  0.0000E+00
      6.122  0.0000E+00  0.0000E+00  0.0000E+00  0.0000E+00  0.0000E+00  0.0000E+00  0.0000E+00  0.0000E+00  0.0000E+00
      6.215  0.0000E+00  0.0000E+00  0.0000E+00  0.0000E+00  0.0000E+00  0.0000E+00  0.0000E+00  0.0000E+00  0.0000E+00
      6.307  0.0000E+00  0.0000E+00  0.0000E+00  0.0000E+00  0.0000E+00  0.0000E+00  0.0000E+00  0.0000E+00  0.0000E+00
      6.399  0.0000E+00  0.0000E+00  0.0000E+00  0.0000E+00  0.0000E+00  0.0000E+00  0.0000E+00  0.0000E+00  0.0000E+00
      6.492  0.0000E+00  0.0000E+00  0.0000E+00  0.0000E+00  0.0000E+00  0.0000E+00  0.0000E+00  0.0000E+00  0.0000E+00
      6.584  0.0000E+00  0.0000E+00  0.0000E+00  0.0000E+00  0.0000E+00  0.0000E+00  0.0000E+00  0.0000E+00  0.0000E+00
      6.676  0.4687E-03  0.1314E-03  0.1314E-03  0.1314E-03  0.0000E+00  0.0000E+00  0.0000E+00  0.0000E+00  0.0000E+00
      6.768  0.5846E-02  0.1701E-02  0.1701E-02  0.1701E-02  0.0000E+00  0.0000E+00  0.0000E+00  0.0000E+00  0.0000E+00
      6.861  0.9539E-02  0.2895E-02  0.2895E-02  0.2895E-02  0.0000E+00  0.0000E+00  0.0000E+00  0.0000E+00  0.0000E+00
      6.953  0.1375E-01  0.4295E-02  0.4295E-02  0.4295E-02  0.0000E+00  0.0000E+00  0.0000E+00  0.0000E+00  0.0000E+00
      7.045  0.1567E-01  0.5211E-02  0.5211E-02  0.5211E-02  0.0000E+00  0.0000E+00  0.0000E+00  0.0000E+00  0.0000E+00
      7.138  0.1765E-01  0.6194E-02  0.6194E-02  0.6194E-02  0.0000E+00  0.0000E+00  0.0000E+00  0.0000E+00  0.0000E+00
      7.230  0.1981E-01  0.7278E-02  0.7278E-02  0.7278E-02  0.0000E+00  0.0000E+00  0.0000E+00  0.0000E+00  0.0000E+00
      7.322  0.2203E-01  0.8456E-02  0.8456E-02  0.8456E-02  0.0000E+00  0.0000E+00  0.0000E+00  0.0000E+00  0.0000E+00
      7.415  0.2349E-01  0.9491E-02  0.9491E-02  0.9491E-02  0.0000E+00  0.0000E+00  0.0000E+00  0.0000E+00  0.0000E+00
      7.507  0.2498E-01  0.1057E-01  0.1057E-01  0.1057E-01  0.0000E+00  0.0000E+00  0.0000E+00  0.0000E+00  0.0000E+00
      7.599  0.2645E-01  0.1170E-01  0.1170E-01  0.1170E-01  0.0000E+00  0.0000E+00  0.0000E+00  0.0000E+00  0.0000E+00
      7.691  0.2796E-01  0.1288E-01  0.1288E-01  0.1288E-01  0.0000E+00  0.0000E+00  0.0000E+00  0.0000E+00  0.0000E+00
      7.784  0.2966E-01  0.1418E-01  0.1418E-01  0.1418E-01  0.0000E+00  0.0000E+00  0.0000E+00  0.0000E+00  0.0000E+00
      7.876  0.3182E-01  0.1561E-01  0.1561E-01  0.1561E-01  0.0000E+00  0.0000E+00  0.0000E+00  0.0000E+00  0.0000E+00
      7.968  0.4348E-01  0.1763E-01  0.1763E-01  0.1763E-01  0.0000E+00  0.0000E+00  0.0000E+00  0.0000E+00  0.0000E+00
      8.061  0.5169E-01  0.1960E-01  0.1960E-01  0.1960E-01  0.0000E+00  0.0000E+00  0.0000E+00  0.0000E+00  0.0000E+00
      8.153  0.5923E-01  0.2189E-01  0.2189E-01  0.2189E-01  0.0000E+00  0.0000E+00  0.0000E+00  0.0000E+00  0.0000E+00
      8.245  0.6763E-01  0.2451E-01  0.2451E-01  0.2451E-01  0.0000E+00  0.0000E+00  0.0000E+00  0.0000E+00  0.0000E+00
      8.337  0.7972E-01  0.2832E-01  0.2832E-01  0.2832E-01  0.0000E+00  0.0000E+00  0.0000E+00  0.0000E+00  0.0000E+00
      8.430  0.9937E-01  0.3378E-01  0.3378E-01  0.3378E-01  0.0000E+00  0.0000E+00  0.0000E+00  0.0000E+00  0.0000E+00
      8.522  0.1115E+00  0.3893E-01  0.3893E-01  0.3893E-01  0.0000E+00  0.0000E+00  0.0000E+00  0.0000E+00  0.0000E+00
      8.614  0.1016E+00  0.3983E-01  0.3983E-01  0.3983E-01  0.0000E+00  0.0000E+00  0.0000E+00  0.0000E+00  0.0000E+00
      8.707  0.9414E-01  0.4188E-01  0.4188E-01  0.4188E-01  0.0000E+00  0.0000E+00  0.0000E+00  0.0000E+00  0.0000E+00
      8.799  0.8294E-01  0.3945E-01  0.3945E-01  0.3945E-01  0.0000E+00  0.0000E+00  0.0000E+00  0.0000E+00  0.0000E+00
      8.891  0.6506E-01  0.3356E-01  0.3356E-01  0.3356E-01  0.0000E+00  0.0000E+00  0.0000E+00  0.0000E+00  0.0000E+00
      8.983  0.5714E-01  0.3203E-01  0.3203E-01  0.3203E-01  0.0000E+00  0.0000E+00  0.0000E+00  0.0000E+00  0.0000E+00
      9.076  0.5521E-01  0.3387E-01  0.3387E-01  0.3387E-01  0.0000E+00  0.0000E+00  0.0000E+00  0.0000E+00  0.0000E+00
      9.168  0.4752E-01  0.3238E-01  0.3238E-01  0.3238E-01  0.0000E+00  0.0000E+00  0.0000E+00  0.0000E+00  0.0000E+00
      9.260  0.4145E-01  0.3170E-01  0.3170E-01  0.3170E-01  0.0000E+00  0.0000E+00  0.0000E+00  0.0000E+00  0.0000E+00
      9.353  0.3543E-01  0.3345E-01  0.3345E-01  0.3345E-01  0.0000E+00  0.0000E+00  0.0000E+00  0.0000E+00  0.0000E+00
      9.445  0.4113E-01  0.6261E-01  0.6261E-01  0.6261E-01  0.0000E+00  0.0000E+00  0.0000E+00  0.0000E+00  0.0000E+00
      9.537  0.4854E-01  0.7509E-01  0.7509E-01  0.7509E-01  0.0000E+00  0.0000E+00  0.0000E+00  0.0000E+00  0.0000E+00
      9.630  0.4883E-01  0.6162E-01  0.6162E-01  0.6162E-01  0.0000E+00  0.0000E+00  0.0000E+00  0.0000E+00  0.0000E+00
      9.722  0.4882E-01  0.5444E-01  0.5444E-01  0.5444E-01  0.0000E+00  0.0000E+00  0.0000E+00  0.0000E+00  0.0000E+00
      9.814  0.4305E-01  0.5084E-01  0.5084E-01  0.5084E-01  0.0000E+00  0.0000E+00  0.0000E+00  0.0000E+00  0.0000E+00
      9.906  0.4305E-01  0.5221E-01  0.5221E-01  0.5221E-01  0.0000E+00  0.0000E+00  0.0000E+00  0.0000E+00  0.0000E+00
      9.999  0.4664E-01  0.5415E-01  0.5415E-01  0.5415E-01  0.0000E+00  0.0000E+00  0.0000E+00  0.0000E+00  0.0000E+00
     10.091  0.4572E-01  0.5007E-01  0.5007E-01  0.5007E-01  0.0000E+00  0.0000E+00  0.0000E+00  0.0000E+00  0.0000E+00
     10.183  0.5817E-01  0.5307E-01  0.5307E-01  0.5307E-01  0.0000E+00  0.0000E+00  0.0000E+00  0.0000E+00  0.0000E+00
     10.276  0.3533E-01  0.4370E-01  0.4370E-01  0.4370E-01  0.0000E+00  0.0000E+00  0.0000E+00  0.0000E+00  0.0000E+00
     10.368  0.2853E-01  0.3811E-01  0.3811E-01  0.3811E-01  0.0000E+00  0.0000E+00  0.0000E+00  0.0000E+00  0.0000E+00
     10.460  0.2598E-01  0.3569E-01  0.3569E-01  0.3569E-01  0.0000E+00  0.0000E+00  0.0000E+00  0.0000E+00  0.0000E+00
     10.552  0.2657E-01  0.3471E-01  0.3471E-01  0.3471E-01  0.0000E+00  0.0000E+00  0.0000E+00  0.0000E+00  0.0000E+00
     10.645  0.2911E-01  0.3580E-01  0.3580E-01  0.3580E-01  0.0000E+00  0.0000E+00  0.0000E+00  0.0000E+00  0.0000E+00
     10.737  0.3145E-01  0.3900E-01  0.3900E-01  0.3900E-01  0.0000E+00  0.0000E+00  0.0000E+00  0.0000E+00  0.0000E+00
     10.829  0.3746E-01  0.4382E-01  0.4382E-01  0.4382E-01  0.0000E+00  0.0000E+00  0.0000E+00  0.0000E+00  0.0000E+00
     10.922  0.3776E-01  0.3761E-01  0.3761E-01  0.3761E-01  0.0000E+00  0.0000E+00  0.0000E+00  0.0000E+00  0.0000E+00
     11.014  0.4078E-01  0.3778E-01  0.3778E-01  0.3778E-01  0.0000E+00  0.0000E+00  0.0000E+00  0.0000E+00  0.0000E+00
     11.106  0.4286E-01  0.3724E-01  0.3724E-01  0.3724E-01  0.0000E+00  0.0000E+00  0.0000E+00  0.0000E+00  0.0000E+00
     11.198  0.4287E-01  0.3916E-01  0.3916E-01  0.3916E-01  0.0000E+00  0.0000E+00  0.0000E+00  0.0000E+00  0.0000E+00
     11.291  0.4175E-01  0.3714E-01  0.3714E-01  0.3714E-01  0.0000E+00  0.0000E+00  0.0000E+00  0.0000E+00  0.0000E+00
     11.383  0.4411E-01  0.3987E-01  0.3987E-01  0.3987E-01  0.0000E+00  0.0000E+00  0.0000E+00  0.0000E+00  0.0000E+00
     11.475  0.4092E-01  0.3904E-01  0.3904E-01  0.3904E-01  0.0000E+00  0.0000E+00  0.0000E+00  0.0000E+00  0.0000E+00
     11.568  0.3883E-01  0.3715E-01  0.3715E-01  0.3715E-01  0.0000E+00  0.0000E+00  0.0000E+00  0.0000E+00  0.0000E+00
     11.660  0.3863E-01  0.3738E-01  0.3738E-01  0.3738E-01  0.0000E+00  0.0000E+00  0.0000E+00  0.0000E+00  0.0000E+00
     11.752  0.3816E-01  0.3741E-01  0.3741E-01  0.3741E-01  0.0000E+00  0.0000E+00  0.0000E+00  0.0000E+00  0.0000E+00
     11.845  0.3693E-01  0.3725E-01  0.3725E-01  0.3725E-01  0.0000E+00  0.0000E+00  0.0000E+00  0.0000E+00  0.0000E+00
     11.937  0.3583E-01  0.3681E-01  0.3681E-01  0.3681E-01  0.0000E+00  0.0000E+00  0.0000E+00  0.0000E+00  0.0000E+00
     12.029  0.3570E-01  0.3740E-01  0.3740E-01  0.3740E-01  0.0000E+00  0.0000E+00  0.0000E+00  0.0000E+00  0.0000E+00
     12.121  0.3262E-01  0.3572E-01  0.3572E-01  0.3572E-01  0.0000E+00  0.0000E+00  0.0000E+00  0.0000E+00  0.0000E+00
     12.214  0.2935E-01  0.3448E-01  0.3448E-01  0.3448E-01  0.0000E+00  0.0000E+00  0.0000E+00  0.0000E+00  0.0000E+00
     12.306  0.2819E-01  0.3486E-01  0.3486E-01  0.3486E-01  0.0000E+00  0.0000E+00  0.0000E+00  0.0000E+00  0.0000E+00
     12.398  0.2685E-01  0.3403E-01  0.3403E-01  0.3403E-01  0.0000E+00  0.0000E+00  0.0000E+00  0.0000E+00  0.0000E+00
     12.491  0.2541E-01  0.3386E-01  0.3386E-01  0.3386E-01  0.0000E+00  0.0000E+00  0.0000E+00  0.0000E+00  0.0000E+00
     12.583  0.2409E-01  0.3377E-01  0.3377E-01  0.3377E-01  0.0000E+00  0.0000E+00  0.0000E+00  0.0000E+00  0.0000E+00
     12.675  0.2305E-01  0.3522E-01  0.3522E-01  0.3522E-01  0.0000E+00  0.0000E+00  0.0000E+00  0.0000E+00  0.0000E+00
     12.767  0.1957E-01  0.3069E-01  0.3069E-01  0.3069E-01  0.0000E+00  0.0000E+00  0.0000E+00  0.0000E+00  0.0000E+00
     12.860  0.1903E-01  0.2981E-01  0.2981E-01  0.2981E-01  0.0000E+00  0.0000E+00  0.0000E+00  0.0000E+00  0.0000E+00
     12.952  0.1818E-01  0.2964E-01  0.2964E-01  0.2964E-01  0.0000E+00  0.0000E+00  0.0000E+00  0.0000E+00  0.0000E+00
     13.044  0.1882E-01  0.3116E-01  0.3116E-01  0.3116E-01  0.0000E+00  0.0000E+00  0.0000E+00  0.0000E+00  0.0000E+00
     13.137  0.1969E-01  0.3278E-01  0.3278E-01  0.3278E-01  0.0000E+00  0.0000E+00  0.0000E+00  0.0000E+00  0.0000E+00
     13.229  0.2015E-01  0.3387E-01  0.3387E-01  0.3387E-01  0.0000E+00  0.0000E+00  0.0000E+00  0.0000E+00  0.0000E+00
     13.321  0.2125E-01  0.3629E-01  0.3629E-01  0.3629E-01  0.0000E+00  0.0000E+00  0.0000E+00  0.0000E+00  0.0000E+00
     13.413  0.1645E-01  0.2980E-01  0.2980E-01  0.2980E-01  0.0000E+00  0.0000E+00  0.0000E+00  0.0000E+00  0.0000E+00
     13.506  0.1353E-01  0.2653E-01  0.2653E-01  0.2653E-01  0.0000E+00  0.0000E+00  0.0000E+00  0.0000E+00  0.0000E+00
     13.598  0.1219E-01  0.2536E-01  0.2536E-01  0.2536E-01  0.0000E+00  0.0000E+00  0.0000E+00  0.0000E+00  0.0000E+00
     13.690  0.1110E-01  0.2405E-01  0.2405E-01  0.2405E-01  0.0000E+00  0.0000E+00  0.0000E+00  0.0000E+00  0.0000E+00
     13.783  0.9963E-02  0.2245E-01  0.2245E-01  0.2245E-01  0.0000E+00  0.0000E+00  0.0000E+00  0.0000E+00  0.0000E+00
     13.875  0.9413E-02  0.2176E-01  0.2176E-01  0.2176E-01  0.0000E+00  0.0000E+00  0.0000E+00  0.0000E+00  0.0000E+00
     13.967  0.8894E-02  0.2114E-01  0.2114E-01  0.2114E-01  0.0000E+00  0.0000E+00  0.0000E+00  0.0000E+00  0.0000E+00
     14.060  0.8176E-02  0.2024E-01  0.2024E-01  0.2024E-01  0.0000E+00  0.0000E+00  0.0000E+00  0.0000E+00  0.0000E+00
     14.152  0.7303E-02  0.1940E-01  0.1940E-01  0.1940E-01  0.0000E+00  0.0000E+00  0.0000E+00  0.0000E+00  0.0000E+00
     14.244  0.7140E-02  0.1982E-01  0.1982E-01  0.1982E-01  0.0000E+00  0.0000E+00  0.0000E+00  0.0000E+00  0.0000E+00
     14.336  0.6346E-02  0.2015E-01  0.2015E-01  0.2015E-01  0.0000E+00  0.0000E+00  0.0000E+00  0.0000E+00  0.0000E+00
     14.429  0.5477E-02  0.1981E-01  0.1981E-01  0.1981E-01  0.0000E+00  0.0000E+00  0.0000E+00  0.0000E+00  0.0000E+00
     14.521  0.4817E-02  0.1757E-01  0.1757E-01  0.1757E-01  0.0000E+00  0.0000E+00  0.0000E+00  0.0000E+00  0.0000E+00
     14.613  0.4341E-02  0.1635E-01  0.1635E-01  0.1635E-01  0.0000E+00  0.0000E+00  0.0000E+00  0.0000E+00  0.0000E+00
     14.706  0.3673E-02  0.1259E-01  0.1259E-01  0.1259E-01  0.0000E+00  0.0000E+00  0.0000E+00  0.0000E+00  0.0000E+00
     14.798  0.3238E-02  0.1032E-01  0.1032E-01  0.1032E-01  0.0000E+00  0.0000E+00  0.0000E+00  0.0000E+00  0.0000E+00
     14.890  0.3010E-02  0.9819E-02  0.9819E-02  0.9819E-02  0.0000E+00  0.0000E+00  0.0000E+00  0.0000E+00  0.0000E+00
     14.982  0.2803E-02  0.9406E-02  0.9406E-02  0.9406E-02  0.0000E+00  0.0000E+00  0.0000E+00  0.0000E+00  0.0000E+00
     15.075  0.2461E-02  0.9004E-02  0.9004E-02  0.9004E-02  0.0000E+00  0.0000E+00  0.0000E+00  0.0000E+00  0.0000E+00
     15.167  0.2413E-02  0.9548E-02  0.9548E-02  0.9548E-02  0.0000E+00  0.0000E+00  0.0000E+00  0.0000E+00  0.0000E+00
     15.259  0.1842E-02  0.7795E-02  0.7795E-02  0.7795E-02  0.0000E+00  0.0000E+00  0.0000E+00  0.0000E+00  0.0000E+00
     15.352  0.1583E-02  0.6938E-02  0.6938E-02  0.6938E-02  0.0000E+00  0.0000E+00  0.0000E+00  0.0000E+00  0.0000E+00
     15.444  0.1406E-02  0.6371E-02  0.6371E-02  0.6371E-02  0.0000E+00  0.0000E+00  0.0000E+00  0.0000E+00  0.0000E+00
     15.536  0.1275E-02  0.5992E-02  0.5992E-02  0.5992E-02  0.0000E+00  0.0000E+00  0.0000E+00  0.0000E+00  0.0000E+00
     15.628  0.1188E-02  0.5807E-02  0.5807E-02  0.5807E-02  0.0000E+00  0.0000E+00  0.0000E+00  0.0000E+00  0.0000E+00
     15.721  0.1088E-02  0.5558E-02  0.5558E-02  0.5558E-02  0.0000E+00  0.0000E+00  0.0000E+00  0.0000E+00  0.0000E+00
     15.813  0.9378E-03  0.5149E-02  0.5149E-02  0.5149E-02  0.0000E+00  0.0000E+00  0.0000E+00  0.0000E+00  0.0000E+00
     15.905  0.7843E-03  0.4893E-02  0.4893E-02  0.4893E-02  0.0000E+00  0.0000E+00  0.0000E+00  0.0000E+00  0.0000E+00
     15.998  0.5067E-03  0.4105E-02  0.4105E-02  0.4105E-02  0.0000E+00  0.0000E+00  0.0000E+00  0.0000E+00  0.0000E+00
     16.090  0.4264E-03  0.3527E-02  0.3527E-02  0.3527E-02  0.0000E+00  0.0000E+00  0.0000E+00  0.0000E+00  0.0000E+00
     16.182  0.3539E-03  0.3033E-02  0.3033E-02  0.3033E-02  0.0000E+00  0.0000E+00  0.0000E+00  0.0000E+00  0.0000E+00
     16.275  0.2894E-03  0.2625E-02  0.2625E-02  0.2625E-02  0.0000E+00  0.0000E+00  0.0000E+00  0.0000E+00  0.0000E+00
     16.367  0.2396E-03  0.2375E-02  0.2375E-02  0.2375E-02  0.0000E+00  0.0000E+00  0.0000E+00  0.0000E+00  0.0000E+00
     16.459  0.1961E-03  0.2286E-02  0.2286E-02  0.2286E-02  0.0000E+00  0.0000E+00  0.0000E+00  0.0000E+00  0.0000E+00
     16.551  0.1622E-03  0.2345E-02  0.2345E-02  0.2345E-02  0.0000E+00  0.0000E+00  0.0000E+00  0.0000E+00  0.0000E+00
     16.644  0.3010E-03  0.4103E-02  0.4103E-02  0.4103E-02  0.0000E+00  0.0000E+00  0.0000E+00  0.0000E+00  0.0000E+00
     16.736  0.1851E-04  0.6117E-03  0.6117E-03  0.6117E-03  0.0000E+00  0.0000E+00  0.0000E+00  0.0000E+00  0.0000E+00
     16.828  0.6029E-05  0.1993E-03  0.1993E-03  0.1993E-03  0.0000E+00  0.0000E+00  0.0000E+00  0.0000E+00  0.0000E+00
     16.921  0.3704E-06  0.1224E-04  0.1224E-04  0.1224E-04  0.0000E+00  0.0000E+00  0.0000E+00  0.0000E+00  0.0000E+00
     17.013  0.0000E+00  0.0000E+00  0.0000E+00  0.0000E+00  0.0000E+00  0.0000E+00  0.0000E+00  0.0000E+00  0.0000E+00
     17.105  0.0000E+00  0.0000E+00  0.0000E+00  0.0000E+00  0.0000E+00  0.0000E+00  0.0000E+00  0.0000E+00  0.0000E+00
     17.197  0.0000E+00  0.0000E+00  0.0000E+00  0.0000E+00  0.0000E+00  0.0000E+00  0.0000E+00  0.0000E+00  0.0000E+00
     17.290  0.0000E+00  0.0000E+00  0.0000E+00  0.0000E+00  0.0000E+00  0.0000E+00  0.0000E+00  0.0000E+00  0.0000E+00
     17.382  0.0000E+00  0.0000E+00  0.0000E+00  0.0000E+00  0.0000E+00  0.0000E+00  0.0000E+00  0.0000E+00  0.0000E+00
     17.474  0.0000E+00  0.0000E+00  0.0000E+00  0.0000E+00  0.0000E+00  0.0000E+00  0.0000E+00  0.0000E+00  0.0000E+00
     17.567  0.0000E+00  0.0000E+00  0.0000E+00  0.0000E+00  0.0000E+00  0.0000E+00  0.0000E+00  0.0000E+00  0.0000E+00
     17.659  0.0000E+00  0.0000E+00  0.0000E+00  0.0000E+00  0.0000E+00  0.0000E+00  0.0000E+00  0.0000E+00  0.0000E+00
     17.751  0.0000E+00  0.0000E+00  0.0000E+00  0.0000E+00  0.0000E+00  0.0000E+00  0.0000E+00  0.0000E+00  0.0000E+00
     17.843  0.0000E+00  0.0000E+00  0.0000E+00  0.0000E+00  0.0000E+00  0.0000E+00  0.0000E+00  0.0000E+00  0.0000E+00
     17.936  0.0000E+00  0.0000E+00  0.0000E+00  0.0000E+00  0.0000E+00  0.0000E+00  0.0000E+00  0.0000E+00  0.0000E+00
     18.028  0.0000E+00  0.0000E+00  0.0000E+00  0.0000E+00  0.0000E+00  0.0000E+00  0.0000E+00  0.0000E+00  0.0000E+00
     18.120  0.0000E+00  0.0000E+00  0.0000E+00  0.0000E+00  0.0000E+00  0.0000E+00  0.0000E+00  0.0000E+00  0.0000E+00
     18.213  0.0000E+00  0.0000E+00  0.0000E+00  0.0000E+00  0.0000E+00  0.0000E+00  0.0000E+00  0.0000E+00  0.0000E+00
     18.305  0.0000E+00  0.0000E+00  0.0000E+00  0.0000E+00  0.0000E+00  0.0000E+00  0.0000E+00  0.0000E+00  0.0000E+00
     18.397  0.0000E+00  0.0000E+00  0.0000E+00  0.0000E+00  0.0000E+00  0.0000E+00  0.0000E+00  0.0000E+00  0.0000E+00
     18.490  0.0000E+00  0.0000E+00  0.0000E+00  0.0000E+00  0.0000E+00  0.0000E+00  0.0000E+00  0.0000E+00  0.0000E+00
     18.582  0.0000E+00  0.0000E+00  0.0000E+00  0.0000E+00  0.0000E+00  0.0000E+00  0.0000E+00  0.0000E+00  0.0000E+00
     18.674  0.0000E+00  0.0000E+00  0.0000E+00  0.0000E+00  0.0000E+00  0.0000E+00  0.0000E+00  0.0000E+00  0.0000E+00
     18.766  0.0000E+00  0.0000E+00  0.0000E+00  0.0000E+00  0.0000E+00  0.0000E+00  0.0000E+00  0.0000E+00  0.0000E+00
     18.859  0.0000E+00  0.0000E+00  0.0000E+00  0.0000E+00  0.0000E+00  0.0000E+00  0.0000E+00  0.0000E+00  0.0000E+00
     18.951  0.0000E+00  0.0000E+00  0.0000E+00  0.0000E+00  0.0000E+00  0.0000E+00  0.0000E+00  0.0000E+00  0.0000E+00
     18.95096134     -8.73647044  301      5.91145284      1.00000000
     -8.736  0.0000E+00  0.0000E+00  0.0000E+00  0.0000E+00  0.0000E+00  0.0000E+00  0.0000E+00  0.0000E+00  0.0000E+00
     -8.644  0.0000E+00  0.0000E+00  0.0000E+00  0.0000E+00  0.0000E+00  0.0000E+00  0.0000E+00  0.0000E+00  0.0000E+00
     -8.552  0.0000E+00  0.0000E+00  0.0000E+00  0.0000E+00  0.0000E+00  0.0000E+00  0.0000E+00  0.0000E+00  0.0000E+00
     -8.460  0.0000E+00  0.0000E+00  0.0000E+00  0.0000E+00  0.0000E+00  0.0000E+00  0.0000E+00  0.0000E+00  0.0000E+00
     -8.367  0.0000E+00  0.0000E+00  0.0000E+00  0.0000E+00  0.0000E+00  0.0000E+00  0.0000E+00  0.0000E+00  0.0000E+00
     -8.275  0.0000E+00  0.0000E+00  0.0000E+00  0.0000E+00  0.0000E+00  0.0000E+00  0.0000E+00  0.0000E+00  0.0000E+00
     -8.183  0.0000E+00  0.0000E+00  0.0000E+00  0.0000E+00  0.0000E+00  0.0000E+00  0.0000E+00  0.0000E+00  0.0000E+00
     -8.090  0.0000E+00  0.0000E+00  0.0000E+00  0.0000E+00  0.0000E+00  0.0000E+00  0.0000E+00  0.0000E+00  0.0000E+00
     -7.998  0.0000E+00  0.0000E+00  0.0000E+00  0.0000E+00  0.0000E+00  0.0000E+00  0.0000E+00  0.0000E+00  0.0000E+00
     -7.906  0.0000E+00  0.0000E+00  0.0000E+00  0.0000E+00  0.0000E+00  0.0000E+00  0.0000E+00  0.0000E+00  0.0000E+00
     -7.814  0.0000E+00  0.0000E+00  0.0000E+00  0.0000E+00  0.0000E+00  0.0000E+00  0.0000E+00  0.0000E+00  0.0000E+00
     -7.721  0.0000E+00  0.0000E+00  0.0000E+00  0.0000E+00  0.0000E+00  0.0000E+00  0.0000E+00  0.0000E+00  0.0000E+00
     -7.629  0.0000E+00  0.0000E+00  0.0000E+00  0.0000E+00  0.0000E+00  0.0000E+00  0.0000E+00  0.0000E+00  0.0000E+00
     -7.537  0.0000E+00  0.0000E+00  0.0000E+00  0.0000E+00  0.0000E+00  0.0000E+00  0.0000E+00  0.0000E+00  0.0000E+00
     -7.444  0.0000E+00  0.0000E+00  0.0000E+00  0.0000E+00  0.0000E+00  0.0000E+00  0.0000E+00  0.0000E+00  0.0000E+00
     -7.352  0.0000E+00  0.0000E+00  0.0000E+00  0.0000E+00  0.0000E+00  0.0000E+00  0.0000E+00  0.0000E+00  0.0000E+00
     -7.260  0.0000E+00  0.0000E+00  0.0000E+00  0.0000E+00  0.0000E+00  0.0000E+00  0.0000E+00  0.0000E+00  0.0000E+00
     -7.168  0.0000E+00  0.0000E+00  0.0000E+00  0.0000E+00  0.0000E+00  0.0000E+00  0.0000E+00  0.0000E+00  0.0000E+00
     -7.075  0.0000E+00  0.0000E+00  0.0000E+00  0.0000E+00  0.0000E+00  0.0000E+00  0.0000E+00  0.0000E+00  0.0000E+00
     -6.983  0.0000E+00  0.0000E+00  0.0000E+00  0.0000E+00  0.0000E+00  0.0000E+00  0.0000E+00  0.0000E+00  0.0000E+00
     -6.891  0.0000E+00  0.0000E+00  0.0000E+00  0.0000E+00  0.0000E+00  0.0000E+00  0.0000E+00  0.0000E+00  0.0000E+00
     -6.798  0.0000E+00  0.0000E+00  0.0000E+00  0.0000E+00  0.0000E+00  0.0000E+00  0.0000E+00  0.0000E+00  0.0000E+00
     -6.706  0.1083E-01  0.6552E-05  0.6552E-05  0.6552E-05  0.0000E+00  0.0000E+00  0.0000E+00  0.0000E+00  0.0000E+00
     -6.614  0.2328E-01  0.4807E-04  0.4807E-04  0.4807E-04  0.0000E+00  0.0000E+00  0.0000E+00  0.0000E+00  0.0000E+00
     -6.521  0.3108E-01  0.1123E-03  0.1123E-03  0.1123E-03  0.0000E+00  0.0000E+00  0.0000E+00  0.0000E+00  0.0000E+00
     -6.429  0.3700E-01  0.1942E-03  0.1942E-03  0.1942E-03  0.0000E+00  0.0000E+00  0.0000E+00  0.0000E+00  0.0000E+00
     -6.337  0.4241E-01  0.2886E-03  0.2886E-03  0.2886E-03  0.0000E+00  0.0000E+00  0.0000E+00  0.0000E+00  0.0000E+00
     -6.245  0.4770E-01  0.3904E-03  0.3904E-03  0.3904E-03  0.0000E+00  0.0000E+00  0.0000E+00  0.0000E+00  0.0000E+00
     -6.152  0.5182E-01  0.5097E-03  0.5097E-03  0.5097E-03  0.0000E+00  0.0000E+00  0.0000E+00  0.0000E+00  0.0000E+00
     -6.060  0.5642E-01  0.6308E-03  0.6308E-03  0.6308E-03  0.0000E+00  0.0000E+00  0.0000E+00  0.0000E+00  0.0000E+00
     -5.968  0.6010E-01  0.7695E-03  0.7695E-03  0.7695E-03  0.0000E+00  0.0000E+00  0.0000E+00  0.0000E+00  0.0000E+00
     -5.875  0.6421E-01  0.9085E-03  0.9085E-03  0.9085E-03  0.0000E+00  0.0000E+00  0.0000E+00  0.0000E+00  0.0000E+00
     -5.783  0.6771E-01  0.1064E-02  0.1064E-02  0.1064E-02  0.0000E+00  0.0000E+00  0.0000E+00  0.0000E+00  0.0000E+00
     -5.691  0.7143E-01  0.1222E-02  0.1222E-02  0.1222E-02  0.0000E+00  0.0000E+00  0.0000E+00  0.0000E+00  0.0000E+00
     -5.599  0.7507E-01  0.1389E-02  0.1389E-02  0.1389E-02  0.0000E+00  0.0000E+00  0.0000E+00  0.0000E+00  0.0000E+00
     -5.506  0.7855E-01  0.1567E-02  0.1567E-02  0.1567E-02  0.0000E+00  0.0000E+00  0.0000E+00  0.0000E+00  0.0000E+00
     -5.414  0.8230E-01  0.1745E-02  0.1745E-02  0.1745E-02  0.0000E+00  0.0000E+00  0.0000E+00  0.0000E+00  0.0000E+00
     -5.322  0.8581E-01  0.1941E-02  0.1941E-02  0.1941E-02  0.0000E+00  0.0000E+00  0.0000E+00  0.0000E+00  0.0000E+00
     -5.229  0.8948E-01  0.2141E-02  0.2141E-02  0.2141E-02  0.0000E+00  0.0000E+00  0.0000E+00  0.0000E+00  0.0000E+00
     -5.137  0.9341E-01  0.2343E-02  0.2343E-02  0.2343E-02  0.0000E+00  0.0000E+00  0.0000E+00  0.0000E+00  0.0000E+00
     -5.045  0.9725E-01  0.2566E-02  0.2566E-02  0.2566E-02  0.0000E+00  0.0000E+00  0.0000E+00  0.0000E+00  0.0000E+00
     -4.953  0.1014E+00  0.2795E-02  0.2795E-02  0.2795E-02  0.0000E+00  0.0000E+00  0.0000E+00  0.0000E+00  0.0000E+00
     -4.860  0.1059E+00  0.3028E-02  0.3028E-02  0.3028E-02  0.0000E+00  0.0000E+00  0.0000E+00  0.0000E+00  0.0000E+00
     -4.768  0.1106E+00  0.3288E-02  0.3288E-02  0.3288E-02  0.0000E+00  0.0000E+00  0.0000E+00  0.0000E+00  0.0000E+00
     -4.676  0.1160E+00  0.3561E-02  0.3561E-02  0.3561E-02  0.0000E+00  0.0000E+00  0.0000E+00  0.0000E+00  0.0000E+00
     -4.583  0.1221E+00  0.3849E-02  0.3849E-02  0.3849E-02  0.0000E+00  0.0000E+00  0.0000E+00  0.0000E+00  0.0000E+00
     -4.491  0.1294E+00  0.4178E-02  0.4178E-02  0.4178E-02  0.0000E+00  0.0000E+00  0.0000E+00  0.0000E+00  0.0000E+00
     -4.399  0.1388E+00  0.4565E-02  0.4565E-02  0.4565E-02  0.0000E+00  0.0000E+00  0.0000E+00  0.0000E+00  0.0000E+00
     -4.306  0.1534E+00  0.5065E-02  0.5065E-02  0.5065E-02  0.0000E+00  0.0000E+00  0.0000E+00  0.0000E+00  0.0000E+00
     -4.214  0.1812E+00  0.5878E-02  0.5878E-02  0.5878E-02  0.0000E+00  0.0000E+00  0.0000E+00  0.0000E+00  0.0000E+00
     -4.122  0.1750E+00  0.5987E-02  0.5987E-02  0.5987E-02  0.0000E+00  0.0000E+00  0.0000E+00  0.0000E+00  0.0000E+00
     -4.030  0.1680E+00  0.6020E-02  0.6020E-02  0.6020E-02  0.0000E+00  0.0000E+00  0.0000E+00  0.0000E+00  0.0000E+00
     -3.937  0.1631E+00  0.6091E-02  0.6091E-02  0.6091E-02  0.0000E+00  0.0000E+00  0.0000E+00  0.0000E+00  0.0000E+00
     -3.845  0.1561E+00  0.6121E-02  0.6121E-02  0.6121E-02  0.0000E+00  0.0000E+00  0.0000E+00  0.0000E+00  0.0000E+00
     -3.753  0.1495E+00  0.6115E-02  0.6115E-02  0.6115E-02  0.0000E+00  0.0000E+00  0.0000E+00  0.0000E+00  0.0000E+00
     -3.660  0.1438E+00  0.6117E-02  0.6117E-02  0.6117E-02  0.0000E+00  0.0000E+00  0.0000E+00  0.0000E+00  0.0000E+00
     -3.568  0.1372E+00  0.6091E-02  0.6091E-02  0.6091E-02  0.0000E+00  0.0000E+00  0.0000E+00  0.0000E+00  0.0000E+00
     -3.476  0.1313E+00  0.6050E-02  0.6050E-02  0.6050E-02  0.0000E+00  0.0000E+00  0.0000E+00  0.0000E+00  0.0000E+00
     -3.384  0.1252E+00  0.5982E-02  0.5982E-02  0.5982E-02  0.0000E+00  0.0000E+00  0.0000E+00  0.0000E+00  0.0000E+00
     -3.291  0.1189E+00  0.5907E-02  0.5907E-02  0.5907E-02  0.0000E+00  0.0000E+00  0.0000E+00  0.0000E+00  0.0000E+00
     -3.199  0.1129E+00  0.5802E-02  0.5802E-02  0.5802E-02  0.0000E+00  0.0000E+00  0.0000E+00  0.0000E+00  0.0000E+00
     -3.107  0.1060E+00  0.5655E-02  0.5655E-02  0.5655E-02  0.0000E+00  0.0000E+00  0.0000E+00  0.0000E+00  0.0000E+00
     -3.014  0.9964E-01  0.5504E-02  0.5504E-02  0.5504E-02  0.0000E+00  0.0000E+00  0.0000E+00  0.0000E+00  0.0000E+00
     -2.922  0.9268E-01  0.5309E-02  0.5309E-02  0.5309E-02  0.0000E+00  0.0000E+00  0.0000E+00  0.0000E+00  0.0000E+00
     -2.830  0.8554E-01  0.5080E-02  0.5080E-02  0.5080E-02  0.0000E+00  0.0000E+00  0.0000E+00  0.0000E+00  0.0000E+00
     -2.738  0.7887E-01  0.4845E-02  0.4845E-02  0.4845E-02  0.0000E+00  0.0000E+00  0.0000E+00  0.0000E+00  0.0000E+00
     -2.645  0.7056E-01  0.4526E-02  0.4526E-02  0.4526E-02  0.0000E+00  0.0000E+00  0.0000E+00  0.0000E+00  0.0000E+00
     -2.553  0.6538E-01  0.4384E-02  0.4384E-02  0.4384E-02  0.0000E+00  0.0000E+00  0.0000E+00  0.0000E+00  0.0000E+00
     -2.461  0.5095E-01  0.3562E-02  0.3562E-02  0.3562E-02  0.0000E+00  0.0000E+00  0.0000E+00  0.0000E+00  0.0000E+00
     -2.368  0.2401E-01  0.1732E-02  0.1732E-02  0.1732E-02  0.0000E+00  0.0000E+00  0.0000E+00  0.0000E+00  0.0000E+00
     -2.276  0.7919E-02  0.5656E-03  0.5656E-03  0.5656E-03  0.0000E+00  0.0000E+00  0.0000E+00  0.0000E+00  0.0000E+00
     -2.184  0.7348E-02  0.6153E-03  0.6153E-03  0.6153E-03  0.0000E+00  0.0000E+00  0.0000E+00  0.0000E+00  0.0000E+00
     -2.091  0.1850E-01  0.1607E-02  0.1607E-02  0.1607E-02  0.0000E+00  0.0000E+00  0.0000E+00  0.0000E+00  0.0000E+00
     -1.999  0.3388E-01  0.2966E-02  0.2966E-02  0.2966E-02  0.0000E+00  0.0000E+00  0.0000E+00  0.0000E+00  0.0000E+00
     -1.907  0.4562E-01  0.4067E-02  0.4067E-02  0.4067E-02  0.0000E+00  0.0000E+00  0.0000E+00  0.0000E+00  0.0000E+00
     -1.815  0.5631E-01  0.5202E-02  0.5202E-02  0.5202E-02  0.0000E+00  0.0000E+00  0.0000E+00  0.0000E+00  0.0000E+00
     -1.722  0.6483E-01  0.6189E-02  0.6189E-02  0.6189E-02  0.0000E+00  0.0000E+00  0.0000E+00  0.0000E+00  0.0000E+00
     -1.630  0.7339E-01  0.7271E-02  0.7271E-02  0.7271E-02  0.0000E+00  0.0000E+00  0.0000E+00  0.0000E+00  0.0000E+00
     -1.538  0.8325E-01  0.8642E-02  0.8642E-02  0.8642E-02  0.0000E+00  0.0000E+00  0.0000E+00  0.0000E+00  0.0000E+00
     -1.445  0.9308E-01  0.1013E-01  0.1013E-01  0.1013E-01  0.0000E+00  0.0000E+00  0.0000E+00  0.0000E+00  0.0000E+00
     -1.353  0.1399E+00  0.2291E-01  0.2291E-01  0.2291E-01  0.0000E+00  0.0000E+00  0.0000E+00  0.0000E+00  0.0000E+00
     -1.261  0.1994E+00  0.3573E-01  0.3573E-01  0.3573E-01  0.0000E+00  0.0000E+00  0.0000E+00  0.0000E+00  0.0000E+00
     -1.169  0.2219E+00  0.4044E-01  0.4044E-01  0.4044E-01  0.0000E+00  0.0000E+00  0.0000E+00  0.0000E+00  0.0000E+00
     -1.076  0.1508E+00  0.2698E-01  0.2698E-01  0.2698E-01  0.0000E+00  0.0000E+00  0.0000E+00  0.0000E+00  0.0000E+00
     -0.984  0.1288E+00  0.2303E-01  0.2303E-01  0.2303E-01  0.0000E+00  0.0000E+00  0.0000E+00  0.0000E+00  0.0000E+00
     -0.892  0.1141E+00  0.2058E-01  0.2058E-01  0.2058E-01  0.0000E+00  0.0000E+00  0.0000E+00  0.0000E+00  0.0000E+00
     -0.799  0.1030E+00  0.1882E-01  0.1882E-01  0.1882E-01  0.0000E+00  0.0000E+00  0.0000E+00  0.0000E+00  0.0000E+00
     -0.707  0.9514E-01  0.1758E-01  0.1758E-01  0.1758E-01  0.0000E+00  0.0000E+00  0.0000E+00  0.0000E+00  0.0000E+00
     -0.615  0.8784E-01  0.1650E-01  0.1650E-01  0.1650E-01  0.0000E+00  0.0000E+00  0.0000E+00  0.0000E+00  0.0000E+00
     -0.523  0.8105E-01  0.1552E-01  0.1552E-01  0.1552E-01  0.0000E+00  0.0000E+00  0.0000E+00  0.0000E+00  0.0000E+00
     -0.430  0.7633E-01  0.1484E-01  0.1484E-01  0.1484E-01  0.0000E+00  0.0000E+00  0.0000E+00  0.0000E+00  0.0000E+00
     -0.338  0.7168E-01  0.1418E-01  0.1418E-01  0.1418E-01  0.0000E+00  0.0000E+00  0.0000E+00  0.0000E+00  0.0000E+00
     -0.246  0.6692E-01  0.1352E-01  0.1352E-01  0.1352E-01  0.0000E+00  0.0000E+00  0.0000E+00  0.0000E+00  0.0000E+00
     -0.153  0.6285E-01  0.1295E-01  0.1295E-01  0.1295E-01  0.0000E+00  0.0000E+00  0.0000E+00  0.0000E+00  0.0000E+00
     -0.061  0.5963E-01  0.1251E-01  0.1251E-01  0.1251E-01  0.0000E+00  0.0000E+00  0.0000E+00  0.0000E+00  0.0000E+00
      0.031  0.5629E-01  0.1206E-01  0.1206E-01  0.1206E-01  0.0000E+00  0.0000E+00  0.0000E+00  0.0000E+00  0.0000E+00
      0.124  0.5267E-01  0.1154E-01  0.1154E-01  0.1154E-01  0.0000E+00  0.0000E+00  0.0000E+00  0.0000E+00  0.0000E+00
      0.216  0.4984E-01  0.1114E-01  0.1114E-01  0.1114E-01  0.0000E+00  0.0000E+00  0.0000E+00  0.0000E+00  0.0000E+00
      0.308  0.4746E-01  0.1082E-01  0.1082E-01  0.1082E-01  0.0000E+00  0.0000E+00  0.0000E+00  0.0000E+00  0.0000E+00
      0.400  0.4496E-01  0.1047E-01  0.1047E-01  0.1047E-01  0.0000E+00  0.0000E+00  0.0000E+00  0.0000E+00  0.0000E+00
      0.493  0.4222E-01  0.1007E-01  0.1007E-01  0.1007E-01  0.0000E+00  0.0000E+00  0.0000E+00  0.0000E+00  0.0000E+00
      0.585  0.3978E-01  0.9701E-02  0.9701E-02  0.9701E-02  0.0000E+00  0.0000E+00  0.0000E+00  0.0000E+00  0.0000E+00
      0.677  0.3796E-01  0.9443E-02  0.9443E-02  0.9443E-02  0.0000E+00  0.0000E+00  0.0000E+00  0.0000E+00  0.0000E+00
      0.770  0.3611E-01  0.9174E-02  0.9174E-02  0.9174E-02  0.0000E+00  0.0000E+00  0.0000E+00  0.0000E+00  0.0000E+00
      0.862  0.3403E-01  0.8854E-02  0.8854E-02  0.8854E-02  0.0000E+00  0.0000E+00  0.0000E+00  0.0000E+00  0.0000E+00
      0.954  0.3176E-01  0.8478E-02  0.8478E-02  0.8478E-02  0.0000E+00  0.0000E+00  0.0000E+00  0.0000E+00  0.0000E+00
      1.046  0.3032E-01  0.8259E-02  0.8259E-02  0.8259E-02  0.0000E+00  0.0000E+00  0.0000E+00  0.0000E+00  0.0000E+00
      1.139  0.2890E-01  0.8042E-02  0.8042E-02  0.8042E-02  0.0000E+00  0.0000E+00  0.0000E+00  0.0000E+00  0.0000E+00
      1.231  0.2744E-01  0.8657E-02  0.8657E-02  0.8657E-02  0.0000E+00  0.0000E+00  0.0000E+00  0.0000E+00  0.0000E+00
      1.323  0.2763E-01  0.2857E-01  0.2857E-01  0.2857E-01  0.0000E+00  0.0000E+00  0.0000E+00  0.0000E+00  0.0000E+00
      1.416  0.2780E-01  0.3811E-01  0.3811E-01  0.3811E-01  0.0000E+00  0.0000E+00  0.0000E+00  0.0000E+00  0.0000E+00
      1.508  0.2981E-01  0.5353E-01  0.5353E-01  0.5353E-01  0.0000E+00  0.0000E+00  0.0000E+00  0.0000E+00  0.0000E+00
      1.600  0.3126E-01  0.6021E-01  0.6021E-01  0.6021E-01  0.0000E+00  0.0000E+00  0.0000E+00  0.0000E+00  0.0000E+00
      1.692  0.3108E-01  0.5511E-01  0.5511E-01  0.5511E-01  0.0000E+00  0.0000E+00  0.0000E+00  0.0000E+00  0.0000E+00
      1.785  0.3093E-01  0.5256E-01  0.5256E-01  0.5256E-01  0.0000E+00  0.0000E+00  0.0000E+00  0.0000E+00  0.0000E+00
      1.877  0.3021E-01  0.4965E-01  0.4965E-01  0.4965E-01  0.0000E+00  0.0000E+00  0.0000E+00  0.0000E+00  0.0000E+00
      1.969  0.3012E-01  0.4955E-01  0.4955E-01  0.4955E-01  0.0000E+00  0.0000E+00  0.0000E+00  0.0000E+00  0.0000E+00
      2.062  0.2992E-01  0.5092E-01  0.5092E-01  0.5092E-01  0.0000E+00  0.0000E+00  0.0000E+00  0.0000E+00  0.0000E+00
      2.154  0.2927E-01  0.5133E-01  0.5133E-01  0.5133E-01  0.0000E+00  0.0000E+00  0.0000E+00  0.0000E+00  0.0000E+00
      2.246  0.2854E-01  0.5277E-01  0.5277E-01  0.5277E-01  0.0000E+00  0.0000E+00  0.0000E+00  0.0000E+00  0.0000E+00
      2.339  0.2774E-01  0.5532E-01  0.5532E-01  0.5532E-01  0.0000E+00  0.0000E+00  0.0000E+00  0.0000E+00  0.0000E+00
      2.431  0.2721E-01  0.5776E-01  0.5776E-01  0.5776E-01  0.0000E+00  0.0000E+00  0.0000E+00  0.0000E+00  0.0000E+00
      2.523  0.2651E-01  0.5916E-01  0.5916E-01  0.5916E-01  0.0000E+00  0.0000E+00  0.0000E+00  0.0000E+00  0.0000E+00
      2.615  0.2588E-01  0.6434E-01  0.6434E-01  0.6434E-01  0.0000E+00  0.0000E+00  0.0000E+00  0.0000E+00  0.0000E+00
      2.708  0.2507E-01  0.6898E-01  0.6898E-01  0.6898E-01  0.0000E+00  0.0000E+00  0.0000E+00  0.0000E+00  0.0000E+00
      2.800  0.2403E-01  0.7779E-01  0.7779E-01  0.7779E-01  0.0000E+00  0.0000E+00  0.0000E+00  0.0000E+00  0.0000E+00
      2.892  0.2293E-01  0.8797E-01  0.8797E-01  0.8797E-01  0.0000E+00  0.0000E+00  0.0000E+00  0.0000E+00  0.0000E+00
      2.985  0.2215E-01  0.8785E-01  0.8785E-01  0.8785E-01  0.0000E+00  0.0000E+00  0.0000E+00  0.0000E+00  0.0000E+00
      3.077  0.2132E-01  0.8657E-01  0.8657E-01  0.8657E-01  0.0000E+00  0.0000E+00  0.0000E+00  0.0000E+00  0.0000E+00
      3.169  0.2040E-01  0.8516E-01  0.8516E-01  0.8516E-01  0.0000E+00  0.0000E+00  0.0000E+00  0.0000E+00  0.0000E+00
      3.261  0.1934E-01  0.8438E-01  0.8438E-01  0.8438E-01  0.0000E+00  0.0000E+00  0.0000E+00  0.0000E+00  0.0000E+00
      3.354  0.1815E-01  0.8378E-01  0.8378E-01  0.8378E-01  0.0000E+00  0.0000E+00  0.0000E+00  0.0000E+00  0.0000E+00
      3.446  0.1730E-01  0.8265E-01  0.8265E-01  0.8265E-01  0.0000E+00  0.0000E+00  0.0000E+00  0.0000E+00  0.0000E+00
      3.538  0.1649E-01  0.8234E-01  0.8234E-01  0.8234E-01  0.0000E+00  0.0000E+00  0.0000E+00  0.0000E+00  0.0000E+00
      3.631  0.1567E-01  0.8101E-01  0.8101E-01  0.8101E-01  0.0000E+00  0.0000E+00  0.0000E+00  0.0000E+00  0.0000E+00
      3.723  0.1482E-01  0.8068E-01  0.8068E-01  0.8068E-01  0.0000E+00  0.0000E+00  0.0000E+00  0.0000E+00  0.0000E+00
      3.815  0.1377E-01  0.8012E-01  0.8012E-01  0.8012E-01  0.0000E+00  0.0000E+00  0.0000E+00  0.0000E+00  0.0000E+00
      3.907  0.1258E-01  0.7903E-01  0.7903E-01  0.7903E-01  0.0000E+00  0.0000E+00  0.0000E+00  0.0000E+00  0.0000E+00
      4.000  0.1172E-01  0.7829E-01  0.7829E-01  0.7829E-01  0.0000E+00  0.0000E+00  0.0000E+00  0.0000E+00  0.0000E+00
      4.092  0.1090E-01  0.7819E-01  0.7819E-01  0.7819E-01  0.0000E+00  0.0000E+00  0.0000E+00  0.0000E+00  0.0000E+00
      4.184  0.1001E-01  0.7780E-01  0.7780E-01  0.7780E-01  0.0000E+00  0.0000E+00  0.0000E+00  0.0000E+00  0.0000E+00
      4.277  0.9058E-02  0.7723E-01  0.7723E-01  0.7723E-01  0.0000E+00  0.0000E+00  0.0000E+00  0.0000E+00  0.0000E+00
      4.369  0.8156E-02  0.7650E-01  0.7650E-01  0.7650E-01  0.0000E+00  0.0000E+00  0.0000E+00  0.0000E+00  0.0000E+00
      4.461  0.7283E-02  0.7590E-01  0.7590E-01  0.7590E-01  0.0000E+00  0.0000E+00  0.0000E+00  0.0000E+00  0.0000E+00
      4.553  0.6549E-02  0.7576E-01  0.7576E-01  0.7576E-01  0.0000E+00  0.0000E+00  0.0000E+00  0.0000E+00  0.0000E+00
      4.646  0.5894E-02  0.6545E-01  0.6545E-01  0.6545E-01  0.0000E+00  0.0000E+00  0.0000E+00  0.0000E+00  0.0000E+00
      4.738  0.5312E-02  0.5198E-01  0.5198E-01  0.5198E-01  0.0000E+00  0.0000E+00  0.0000E+00  0.0000E+00  0.0000E+00
      4.830  0.4619E-02  0.4569E-01  0.4569E-01  0.4569E-01  0.0000E+00  0.0000E+00  0.0000E+00  0.0000E+00  0.0000E+00
      4.923  0.3956E-02  0.4046E-01  0.4046E-01  0.4046E-01  0.0000E+00  0.0000E+00  0.0000E+00  0.0000E+00  0.0000E+00
      5.015  0.3386E-02  0.3599E-01  0.3599E-01  0.3599E-01  0.0000E+00  0.0000E+00  0.0000E+00  0.0000E+00  0.0000E+00
      5.107  0.2857E-02  0.3178E-01  0.3178E-01  0.3178E-01  0.0000E+00  0.0000E+00  0.0000E+00  0.0000E+00  0.0000E+00
      5.200  0.2474E-02  0.2855E-01  0.2855E-01  0.2855E-01  0.0000E+00  0.0000E+00  0.0000E+00  0.0000E+00  0.0000E+00
      5.292  0.1994E-02  0.2514E-01  0.2514E-01  0.2514E-01  0.0000E+00  0.0000E+00  0.0000E+00  0.0000E+00  0.0000E+00
      5.384  0.1540E-02  0.2201E-01  0.2201E-01  0.2201E-01  0.0000E+00  0.0000E+00  0.0000E+00  0.0000E+00  0.0000E+00
      5.476  0.1167E-02  0.1909E-01  0.1909E-01  0.1909E-01  0.0000E+00  0.0000E+00  0.0000E+00  0.0000E+00  0.0000E+00
      5.569  0.8181E-03  0.1615E-01  0.1615E-01  0.1615E-01  0.0000E+00  0.0000E+00  0.0000E+00  0.0000E+00  0.0000E+00
      5.661  0.5739E-03  0.1273E-01  0.1273E-01  0.1273E-01  0.0000E+00  0.0000E+00  0.0000E+00  0.0000E+00  0.0000E+00
      5.753  0.2854E-03  0.9685E-02  0.9685E-02  0.9685E-02  0.0000E+00  0.0000E+00  0.0000E+00  0.0000E+00  0.0000E+00
      5.846  0.6316E-04  0.4596E-02  0.4596E-02  0.4596E-02  0.0000E+00  0.0000E+00  0.0000E+00  0.0000E+00  0.0000E+00
      5.938  0.0000E+00  0.0000E+00  0.0000E+00  0.0000E+00  0.0000E+00  0.0000E+00  0.0000E+00  0.0000E+00  0.0000E+00
      6.030  0.0000E+00  0.0000E+00  0.0000E+00  0.0000E+00  0.0000E+00  0.0000E+00  0.0000E+00  0.0000E+00  0.0000E+00
      6.122  0.0000E+00  0.0000E+00  0.0000E+00  0.0000E+00  0.0000E+00  0.0000E+00  0.0000E+00  0.0000E+00  0.0000E+00
      6.215  0.0000E+00  0.0000E+00  0.0000E+00  0.0000E+00  0.0000E+00  0.0000E+00  0.0000E+00  0.0000E+00  0.0000E+00
      6.307  0.0000E+00  0.0000E+00  0.0000E+00  0.0000E+00  0.0000E+00  0.0000E+00  0.0000E+00  0.0000E+00  0.0000E+00
      6.399  0.0000E+00  0.0000E+00  0.0000E+00  0.0000E+00  0.0000E+00  0.0000E+00  0.0000E+00  0.0000E+00  0.0000E+00
      6.492  0.0000E+00  0.0000E+00  0.0000E+00  0.0000E+00  0.0000E+00  0.0000E+00  0.0000E+00  0.0000E+00  0.0000E+00
      6.584  0.0000E+00  0.0000E+00  0.0000E+00  0.0000E+00  0.0000E+00  0.0000E+00  0.0000E+00  0.0000E+00  0.0000E+00
      6.676  0.4687E-03  0.1314E-03  0.1314E-03  0.1314E-03  0.0000E+00  0.0000E+00  0.0000E+00  0.0000E+00  0.0000E+00
      6.768  0.5846E-02  0.1701E-02  0.1701E-02  0.1701E-02  0.0000E+00  0.0000E+00  0.0000E+00  0.0000E+00  0.0000E+00
      6.861  0.9539E-02  0.2895E-02  0.2895E-02  0.2895E-02  0.0000E+00  0.0000E+00  0.0000E+00  0.0000E+00  0.0000E+00
      6.953  0.1375E-01  0.4295E-02  0.4295E-02  0.4295E-02  0.0000E+00  0.0000E+00  0.0000E+00  0.0000E+00  0.0000E+00
      7.045  0.1567E-01  0.5211E-02  0.5211E-02  0.5211E-02  0.0000E+00  0.0000E+00  0.0000E+00  0.0000E+00  0.0000E+00
      7.138  0.1765E-01  0.6194E-02  0.6194E-02  0.6194E-02  0.0000E+00  0.0000E+00  0.0000E+00  0.0000E+00  0.0000E+00
      7.230  0.1981E-01  0.7278E-02  0.7278E-02  0.7278E-02  0.0000E+00  0.0000E+00  0.0000E+00  0.0000E+00  0.0000E+00
      7.322  0.2203E-01  0.8456E-02  0.8456E-02  0.8456E-02  0.0000E+00  0.0000E+00  0.0000E+00  0.0000E+00  0.0000E+00
      7.415  0.2349E-01  0.9491E-02  0.9491E-02  0.9491E-02  0.0000E+00  0.0000E+00  0.0000E+00  0.0000E+00  0.0000E+00
      7.507  0.2498E-01  0.1057E-01  0.1057E-01  0.1057E-01  0.0000E+00  0.0000E+00  0.0000E+00  0.0000E+00  0.0000E+00
      7.599  0.2645E-01  0.1170E-01  0.1170E-01  0.1170E-01  0.0000E+00  0.0000E+00  0.0000E+00  0.0000E+00  0.0000E+00
      7.691  0.2796E-01  0.1288E-01  0.1288E-01  0.1288E-01  0.0000E+00  0.0000E+00  0.0000E+00  0.0000E+00  0.0000E+00
      7.784  0.2966E-01  0.1418E-01  0.1418E-01  0.1418E-01  0.0000E+00  0.0000E+00  0.0000E+00  0.0000E+00  0.0000E+00
      7.876  0.3182E-01  0.1561E-01  0.1561E-01  0.1561E-01  0.0000E+00  0.0000E+00  0.0000E+00  0.0000E+00  0.0000E+00
      7.968  0.4348E-01  0.1763E-01  0.1763E-01  0.1763E-01  0.0000E+00  0.0000E+00  0.0000E+00  0.0000E+00  0.0000E+00
      8.061  0.5169E-01  0.1960E-01  0.1960E-01  0.1960E-01  0.0000E+00  0.0000E+00  0.0000E+00  0.0000E+00  0.0000E+00
      8.153  0.5923E-01  0.2189E-01  0.2189E-01  0.2189E-01  0.0000E+00  0.0000E+00  0.0000E+00  0.0000E+00  0.0000E+00
      8.245  0.6763E-01  0.2451E-01  0.2451E-01  0.2451E-01  0.0000E+00  0.0000E+00  0.0000E+00  0.0000E+00  0.0000E+00
      8.337  0.7972E-01  0.2832E-01  0.2832E-01  0.2832E-01  0.0000E+00  0.0000E+00  0.0000E+00  0.0000E+00  0.0000E+00
      8.430  0.9937E-01  0.3378E-01  0.3378E-01  0.3378E-01  0.0000E+00  0.0000E+00  0.0000E+00  0.0000E+00  0.0000E+00
      8.522  0.1115E+00  0.3893E-01  0.3893E-01  0.3893E-01  0.0000E+00  0.0000E+00  0.0000E+00  0.0000E+00  0.0000E+00
      8.614  0.1016E+00  0.3983E-01  0.3983E-01  0.3983E-01  0.0000E+00  0.0000E+00  0.0000E+00  0.0000E+00  0.0000E+00
      8.707  0.9414E-01  0.4188E-01  0.4188E-01  0.4188E-01  0.0000E+00  0.0000E+00  0.0000E+00  0.0000E+00  0.0000E+00
      8.799  0.8294E-01  0.3945E-01  0.3945E-01  0.3945E-01  0.0000E+00  0.0000E+00  0.0000E+00  0.0000E+00  0.0000E+00
      8.891  0.6506E-01  0.3356E-01  0.3356E-01  0.3356E-01  0.0000E+00  0.0000E+00  0.0000E+00  0.0000E+00  0.0000E+00
      8.983  0.5714E-01  0.3203E-01  0.3203E-01  0.3203E-01  0.0000E+00  0.0000E+00  0.0000E+00  0.0000E+00  0.0000E+00
      9.076  0.5521E-01  0.3387E-01  0.3387E-01  0.3387E-01  0.0000E+00  0.0000E+00  0.0000E+00  0.0000E+00  0.0000E+00
      9.168  0.4752E-01  0.3238E-01  0.3238E-01  0.3238E-01  0.0000E+00  0.0000E+00  0.0000E+00  0.0000E+00  0.0000E+00
      9.260  0.4145E-01  0.3170E-01  0.3170E-01  0.3170E-01  0.0000E+00  0.0000E+00  0.0000E+00  0.0000E+00  0.0000E+00
      9.353  0.3543E-01  0.3345E-01  0.3345E-01  0.3345E-01  0.0000E+00  0.0000E+00  0.0000E+00  0.0000E+00  0.0000E+00
      9.445  0.4113E-01  0.6261E-01  0.6261E-01  0.6261E-01  0.0000E+00  0.0000E+00  0.0000E+00  0.0000E+00  0.0000E+00
      9.537  0.4854E-01  0.7509E-01  0.7509E-01  0.7509E-01  0.0000E+00  0.0000E+00  0.0000E+00  0.0000E+00  0.0000E+00
      9.630  0.4883E-01  0.6162E-01  0.6162E-01  0.6162E-01  0.0000E+00  0.0000E+00  0.0000E+00  0.0000E+00  0.0000E+00
      9.722  0.4882E-01  0.5444E-01  0.5444E-01  0.5444E-01  0.0000E+00  0.0000E+00  0.0000E+00  0.0000E+00  0.0000E+00
      9.814  0.4305E-01  0.5084E-01  0.5084E-01  0.5084E-01  0.0000E+00  0.0000E+00  0.0000E+00  0.0000E+00  0.0000E+00
      9.906  0.4305E-01  0.5221E-01  0.5221E-01  0.5221E-01  0.0000E+00  0.0000E+00  0.0000E+00  0.0000E+00  0.0000E+00
      9.999  0.4664E-01  0.5415E-01  0.5415E-01  0.5415E-01  0.0000E+00  0.0000E+00  0.0000E+00  0.0000E+00  0.0000E+00
     10.091  0.4572E-01  0.5007E-01  0.5007E-01  0.5007E-01  0.0000E+00  0.0000E+00  0.0000E+00  0.0000E+00  0.0000E+00
     10.183  0.5817E-01  0.5307E-01  0.5307E-01  0.5307E-01  0.0000E+00  0.0000E+00  0.0000E+00  0.0000E+00  0.0000E+00
     10.276  0.3533E-01  0.4370E-01  0.4370E-01  0.4370E-01  0.0000E+00  0.0000E+00  0.0000E+00  0.0000E+00  0.0000E+00
     10.368  0.2853E-01  0.3811E-01  0.3811E-01  0.3811E-01  0.0000E+00  0.0000E+00  0.0000E+00  0.0000E+00  0.0000E+00
     10.460  0.2598E-01  0.3569E-01  0.3569E-01  0.3569E-01  0.0000E+00  0.0000E+00  0.0000E+00  0.0000E+00  0.0000E+00
     10.552  0.2657E-01  0.3471E-01  0.3471E-01  0.3471E-01  0.0000E+00  0.0000E+00  0.0000E+00  0.0000E+00  0.0000E+00
     10.645  0.2911E-01  0.3580E-01  0.3580E-01  0.3580E-01  0.0000E+00  0.0000E+00  0.0000E+00  0.0000E+00  0.0000E+00
     10.737  0.3145E-01  0.3900E-01  0.3900E-01  0.3900E-01  0.0000E+00  0.0000E+00  0.0000E+00  0.0000E+00  0.0000E+00
     10.829  0.3746E-01  0.4382E-01  0.4382E-01  0.4382E-01  0.0000E+00  0.0000E+00  0.0000E+00  0.0000E+00  0.0000E+00
     10.922  0.3776E-01  0.3761E-01  0.3761E-01  0.3761E-01  0.0000E+00  0.0000E+00  0.0000E+00  0.0000E+00  0.0000E+00
     11.014  0.4078E-01  0.3778E-01  0.3778E-01  0.3778E-01  0.0000E+00  0.0000E+00  0.0000E+00  0.0000E+00  0.0000E+00
     11.106  0.4286E-01  0.3724E-01  0.3724E-01  0.3724E-01  0.0000E+00  0.0000E+00  0.0000E+00  0.0000E+00  0.0000E+00
     11.198  0.4287E-01  0.3916E-01  0.3916E-01  0.3916E-01  0.0000E+00  0.0000E+00  0.0000E+00  0.0000E+00  0.0000E+00
     11.291  0.4175E-01  0.3714E-01  0.3714E-01  0.3714E-01  0.0000E+00  0.0000E+00  0.0000E+00  0.0000E+00  0.0000E+00
     11.383  0.4411E-01  0.3987E-01  0.3987E-01  0.3987E-01  0.0000E+00  0.0000E+00  0.0000E+00  0.0000E+00  0.0000E+00
     11.475  0.4092E-01  0.3904E-01  0.3904E-01  0.3904E-01  0.0000E+00  0.0000E+00  0.0000E+00  0.0000E+00  0.0000E+00
     11.568  0.3883E-01  0.3715E-01  0.3715E-01  0.3715E-01  0.0000E+00  0.0000E+00  0.0000E+00  0.0000E+00  0.0000E+00
     11.660  0.3863E-01  0.3738E-01  0.3738E-01  0.3738E-01  0.0000E+00  0.0000E+00  0.0000E+00  0.0000E+00  0.0000E+00
     11.752  0.3816E-01  0.3741E-01  0.3741E-01  0.3741E-01  0.0000E+00  0.0000E+00  0.0000E+00  0.0000E+00  0.0000E+00
     11.845  0.3693E-01  0.3725E-01  0.3725E-01  0.3725E-01  0.0000E+00  0.0000E+00  0.0000E+00  0.0000E+00  0.0000E+00
     11.937  0.3583E-01  0.3681E-01  0.3681E-01  0.3681E-01  0.0000E+00  0.0000E+00  0.0000E+00  0.0000E+00  0.0000E+00
     12.029  0.3570E-01  0.3740E-01  0.3740E-01  0.3740E-01  0.0000E+00  0.0000E+00  0.0000E+00  0.0000E+00  0.0000E+00
     12.121  0.3262E-01  0.3572E-01  0.3572E-01  0.3572E-01  0.0000E+00  0.0000E+00  0.0000E+00  0.0000E+00  0.0000E+00
     12.214  0.2935E-01  0.3448E-01  0.3448E-01  0.3448E-01  0.0000E+00  0.0000E+00  0.0000E+00  0.0000E+00  0.0000E+00
     12.306  0.2819E-01  0.3486E-01  0.3486E-01  0.3486E-01  0.0000E+00  0.0000E+00  0.0000E+00  0.0000E+00  0.0000E+00
     12.398  0.2685E-01  0.3403E-01  0.3403E-01  0.3403E-01  0.0000E+00  0.0000E+00  0.0000E+00  0.0000E+00  0.0000E+00
     12.491  0.2541E-01  0.3386E-01  0.3386E-01  0.3386E-01  0.0000E+00  0.0000E+00  0.0000E+00  0.0000E+00  0.0000E+00
     12.583  0.2409E-01  0.3377E-01  0.3377E-01  0.3377E-01  0.0000E+00  0.0000E+00  0.0000E+00  0.0000E+00  0.0000E+00
     12.675  0.2305E-01  0.3522E-01  0.3522E-01  0.3522E-01  0.0000E+00  0.0000E+00  0.0000E+00  0.0000E+00  0.0000E+00
     12.767  0.1957E-01  0.3069E-01  0.3069E-01  0.3069E-01  0.0000E+00  0.0000E+00  0.0000E+00  0.0000E+00  0.0000E+00
     12.860  0.1903E-01  0.2981E-01  0.2981E-01  0.2981E-01  0.0000E+00  0.0000E+00  0.0000E+00  0.0000E+00  0.0000E+00
     12.952  0.1818E-01  0.2964E-01  0.2964E-01  0.2964E-01  0.0000E+00  0.0000E+00  0.0000E+00  0.0000E+00  0.0000E+00
     13.044  0.1882E-01  0.3116E-01  0.3116E-01  0.3116E-01  0.0000E+00  0.0000E+00  0.0000E+00  0.0000E+00  0.0000E+00
     13.137  0.1969E-01  0.3278E-01  0.3278E-01  0.3278E-01  0.0000E+00  0.0000E+00  0.0000E+00  0.0000E+00  0.0000E+00
     13.229  0.2015E-01  0.3387E-01  0.3387E-01  0.3387E-01  0.0000E+00  0.0000E+00  0.0000E+00  0.0000E+00  0.0000E+00
     13.321  0.2125E-01  0.3629E-01  0.3629E-01  0.3629E-01  0.0000E+00  0.0000E+00  0.0000E+00  0.0000E+00  0.0000E+00
     13.413  0.1645E-01  0.2980E-01  0.2980E-01  0.2980E-01  0.0000E+00  0.0000E+00  0.0000E+00  0.0000E+00  0.0000E+00
     13.506  0.1353E-01  0.2653E-01  0.2653E-01  0.2653E-01  0.0000E+00  0.0000E+00  0.0000E+00  0.0000E+00  0.0000E+00
     13.598  0.1219E-01  0.2536E-01  0.2536E-01  0.2536E-01  0.0000E+00  0.0000E+00  0.0000E+00  0.0000E+00  0.0000E+00
     13.690  0.1110E-01  0.2405E-01  0.2405E-01  0.2405E-01  0.0000E+00  0.0000E+00  0.0000E+00  0.0000E+00  0.0000E+00
     13.783  0.9963E-02  0.2245E-01  0.2245E-01  0.2245E-01  0.0000E+00  0.0000E+00  0.0000E+00  0.0000E+00  0.0000E+00
     13.875  0.9413E-02  0.2176E-01  0.2176E-01  0.2176E-01  0.0000E+00  0.0000E+00  0.0000E+00  0.0000E+00  0.0000E+00
     13.967  0.8894E-02  0.2114E-01  0.2114E-01  0.2114E-01  0.0000E+00  0.0000E+00  0.0000E+00  0.0000E+00  0.0000E+00
     14.060  0.8176E-02  0.2024E-01  0.2024E-01  0.2024E-01  0.0000E+00  0.0000E+00  0.0000E+00  0.0000E+00  0.0000E+00
     14.152  0.7303E-02  0.1940E-01  0.1940E-01  0.1940E-01  0.0000E+00  0.0000E+00  0.0000E+00  0.0000E+00  0.0000E+00
     14.244  0.7140E-02  0.1982E-01  0.1982E-01  0.1982E-01  0.0000E+00  0.0000E+00  0.0000E+00  0.0000E+00  0.0000E+00
     14.336  0.6346E-02  0.2015E-01  0.2015E-01  0.2015E-01  0.0000E+00  0.0000E+00  0.0000E+00  0.0000E+00  0.0000E+00
     14.429  0.5477E-02  0.1981E-01  0.1981E-01  0.1981E-01  0.0000E+00  0.0000E+00  0.0000E+00  0.0000E+00  0.0000E+00
     14.521  0.4817E-02  0.1757E-01  0.1757E-01  0.1757E-01  0.0000E+00  0.0000E+00  0.0000E+00  0.0000E+00  0.0000E+00
     14.613  0.4341E-02  0.1635E-01  0.1635E-01  0.1635E-01  0.0000E+00  0.0000E+00  0.0000E+00  0.0000E+00  0.0000E+00
     14.706  0.3673E-02  0.1259E-01  0.1259E-01  0.1259E-01  0.0000E+00  0.0000E+00  0.0000E+00  0.0000E+00  0.0000E+00
     14.798  0.3238E-02  0.1032E-01  0.1032E-01  0.1032E-01  0.0000E+00  0.0000E+00  0.0000E+00  0.0000E+00  0.0000E+00
     14.890  0.3010E-02  0.9819E-02  0.9819E-02  0.9819E-02  0.0000E+00  0.0000E+00  0.0000E+00  0.0000E+00  0.0000E+00
     14.982  0.2803E-02  0.9406E-02  0.9406E-02  0.9406E-02  0.0000E+00  0.0000E+00  0.0000E+00  0.0000E+00  0.0000E+00
     15.075  0.2461E-02  0.9004E-02  0.9004E-02  0.9004E-02  0.0000E+00  0.0000E+00  0.0000E+00  0.0000E+00  0.0000E+00
     15.167  0.2413E-02  0.9548E-02  0.9548E-02  0.9548E-02  0.0000E+00  0.0000E+00  0.0000E+00  0.0000E+00  0.0000E+00
     15.259  0.1842E-02  0.7795E-02  0.7795E-02  0.7795E-02  0.0000E+00  0.0000E+00  0.0000E+00  0.0000E+00  0.0000E+00
     15.352  0.1583E-02  0.6938E-02  0.6938E-02  0.6938E-02  0.0000E+00  0.0000E+00  0.0000E+00  0.0000E+00  0.0000E+00
     15.444  0.1406E-02  0.6371E-02  0.6371E-02  0.6371E-02  0.0000E+00  0.0000E+00  0.0000E+00  0.0000E+00  0.0000E+00
     15.536  0.1275E-02  0.5992E-02  0.5992E-02  0.5992E-02  0.0000E+00  0.0000E+00  0.0000E+00  0.0000E+00  0.0000E+00
     15.628  0.1188E-02  0.5807E-02  0.5807E-02  0.5807E-02  0.0000E+00  0.0000E+00  0.0000E+00  0.0000E+00  0.0000E+00
     15.721  0.1088E-02  0.5558E-02  0.5558E-02  0.5558E-02  0.0000E+00  0.0000E+00  0.0000E+00  0.0000E+00  0.0000E+00
     15.813  0.9378E-03  0.5149E-02  0.5149E-02  0.5149E-02  0.0000E+00  0.0000E+00  0.0000E+00  0.0000E+00  0.0000E+00
     15.905  0.7843E-03  0.4893E-02  0.4893E-02  0.4893E-02  0.0000E+00  0.0000E+00  0.0000E+00  0.0000E+00  0.0000E+00
     15.998  0.5067E-03  0.4105E-02  0.4105E-02  0.4105E-02  0.0000E+00  0.0000E+00  0.0000E+00  0.0000E+00  0.0000E+00
     16.090  0.4264E-03  0.3527E-02  0.3527E-02  0.3527E-02  0.0000E+00  0.0000E+00  0.0000E+00  0.0000E+00  0.0000E+00
     16.182  0.3539E-03  0.3033E-02  0.3033E-02  0.3033E-02  0.0000E+00  0.0000E+00  0.0000E+00  0.0000E+00  0.0000E+00
     16.275  0.2894E-03  0.2625E-02  0.2625E-02  0.2625E-02  0.0000E+00  0.0000E+00  0.0000E+00  0.0000E+00  0.0000E+00
     16.367  0.2396E-03  0.2375E-02  0.2375E-02  0.2375E-02  0.0000E+00  0.0000E+00  0.0000E+00  0.0000E+00  0.0000E+00
     16.459  0.1961E-03  0.2286E-02  0.2286E-02  0.2286E-02  0.0000E+00  0.0000E+00  0.0000E+00  0.0000E+00  0.0000E+00
     16.551  0.1622E-03  0.2345E-02  0.2345E-02  0.2345E-02  0.0000E+00  0.0000E+00  0.0000E+00  0.0000E+00  0.0000E+00
     16.644  0.3010E-03  0.4103E-02  0.4103E-02  0.4103E-02  0.0000E+00  0.0000E+00  0.0000E+00  0.0000E+00  0.0000E+00
     16.736  0.1851E-04  0.6117E-03  0.6117E-03  0.6117E-03  0.0000E+00  0.0000E+00  0.0000E+00  0.0000E+00  0.0000E+00
     16.828  0.6029E-05  0.1993E-03  0.1993E-03  0.1993E-03  0.0000E+00  0.0000E+00  0.0000E+00  0.0000E+00  0.0000E+00
     16.921  0.3704E-06  0.1224E-04  0.1224E-04  0.1224E-04  0.0000E+00  0.0000E+00  0.0000E+00  0.0000E+00  0.0000E+00
     17.013  0.0000E+00  0.0000E+00  0.0000E+00  0.0000E+00  0.0000E+00  0.0000E+00  0.0000E+00  0.0000E+00  0.0000E+00
     17.105  0.0000E+00  0.0000E+00  0.0000E+00  0.0000E+00  0.0000E+00  0.0000E+00  0.0000E+00  0.0000E+00  0.0000E+00
     17.197  0.0000E+00  0.0000E+00  0.0000E+00  0.0000E+00  0.0000E+00  0.0000E+00  0.0000E+00  0.0000E+00  0.0000E+00
     17.290  0.0000E+00  0.0000E+00  0.0000E+00  0.0000E+00  0.0000E+00  0.0000E+00  0.0000E+00  0.0000E+00  0.0000E+00
     17.382  0.0000E+00  0.0000E+00  0.0000E+00  0.0000E+00  0.0000E+00  0.0000E+00  0.0000E+00  0.0000E+00  0.0000E+00
     17.474  0.0000E+00  0.0000E+00  0.0000E+00  0.0000E+00  0.0000E+00  0.0000E+00  0.0000E+00  0.0000E+00  0.0000E+00
     17.567  0.0000E+00  0.0000E+00  0.0000E+00  0.0000E+00  0.0000E+00  0.0000E+00  0.0000E+00  0.0000E+00  0.0000E+00
     17.659  0.0000E+00  0.0000E+00  0.0000E+00  0.0000E+00  0.0000E+00  0.0000E+00  0.0000E+00  0.0000E+00  0.0000E+00
     17.751  0.0000E+00  0.0000E+00  0.0000E+00  0.0000E+00  0.0000E+00  0.0000E+00  0.0000E+00  0.0000E+00  0.0000E+00
     17.843  0.0000E+00  0.0000E+00  0.0000E+00  0.0000E+00  0.0000E+00  0.0000E+00  0.0000E+00  0.0000E+00  0.0000E+00
     17.936  0.0000E+00  0.0000E+00  0.0000E+00  0.0000E+00  0.0000E+00  0.0000E+00  0.0000E+00  0.0000E+00  0.0000E+00
     18.028  0.0000E+00  0.0000E+00  0.0000E+00  0.0000E+00  0.0000E+00  0.0000E+00  0.0000E+00  0.0000E+00  0.0000E+00
     18.120  0.0000E+00  0.0000E+00  0.0000E+00  0.0000E+00  0.0000E+00  0.0000E+00  0.0000E+00  0.0000E+00  0.0000E+00
     18.213  0.0000E+00  0.0000E+00  0.0000E+00  0.0000E+00  0.0000E+00  0.0000E+00  0.0000E+00  0.0000E+00  0.0000E+00
     18.305  0.0000E+00  0.0000E+00  0.0000E+00  0.0000E+00  0.0000E+00  0.0000E+00  0.0000E+00  0.0000E+00  0.0000E+00
     18.397  0.0000E+00  0.0000E+00  0.0000E+00  0.0000E+00  0.0000E+00  0.0000E+00  0.0000E+00  0.0000E+00  0.0000E+00
     18.490  0.0000E+00  0.0000E+00  0.0000E+00  0.0000E+00  0.0000E+00  0.0000E+00  0.0000E+00  0.0000E+00  0.0000E+00
     18.582  0.0000E+00  0.0000E+00  0.0000E+00  0.0000E+00  0.0000E+00  0.0000E+00  0.0000E+00  0.0000E+00  0.0000E+00
     18.674  0.0000E+00  0.0000E+00  0.0000E+00  0.0000E+00  0.0000E+00  0.0000E+00  0.0000E+00  0.0000E+00  0.0000E+00
     18.766  0.0000E+00  0.0000E+00  0.0000E+00  0.0000E+00  0.0000E+00  0.0000E+00  0.0000E+00  0.0000E+00  0.0000E+00
     18.859  0.0000E+00  0.0000E+00  0.0000E+00  0.0000E+00  0.0000E+00  0.0000E+00  0.0000E+00  0.0000E+00  0.0000E+00
     18.951  0.0000E+00  0.0000E+00  0.0000E+00  0.0000E+00  0.0000E+00  0.0000E+00  0.0000E+00  0.0000E+00  0.0000E+00
