   2   2   1   0
  0.1990395E+02  0.3832611E-09  0.3832611E-09  0.3832611E-09  0.5000000E-15
  1.000000000000000E-004
  CAR 
 Si                                      
     18.73404842     -8.77082603  301      5.79755342      1.00000000
     -8.771  0.0000E+00  0.0000E+00
     -8.679  0.0000E+00  0.0000E+00
     -8.587  0.0000E+00  0.0000E+00
     -8.496  0.0000E+00  0.0000E+00
     -8.404  0.0000E+00  0.0000E+00
     -8.312  0.0000E+00  0.0000E+00
     -8.221  0.0000E+00  0.0000E+00
     -8.129  0.0000E+00  0.0000E+00
     -8.037  0.0000E+00  0.0000E+00
     -7.946  0.0000E+00  0.0000E+00
     -7.854  0.0000E+00  0.0000E+00
     -7.762  0.0000E+00  0.0000E+00
     -7.671  0.0000E+00  0.0000E+00
     -7.579  0.0000E+00  0.0000E+00
     -7.487  0.0000E+00  0.0000E+00
     -7.396  0.0000E+00  0.0000E+00
     -7.304  0.0000E+00  0.0000E+00
     -7.212  0.0000E+00  0.0000E+00
     -7.121  0.0000E+00  0.0000E+00
     -7.029  0.0000E+00  0.0000E+00
     -6.937  0.0000E+00  0.0000E+00
     -6.845  0.0000E+00  0.0000E+00
     -6.754  0.3427E-01  0.1945E-03
     -6.662  0.1305E+00  0.6831E-02
     -6.570  0.1449E+00  0.1797E-01
     -6.479  0.1698E+00  0.3228E-01
     -6.387  0.1969E+00  0.4921E-01
     -6.295  0.2216E+00  0.6836E-01
     -6.204  0.2424E+00  0.8968E-01
     -6.112  0.2647E+00  0.1129E+00
     -6.020  0.2831E+00  0.1380E+00
     -5.929  0.3029E+00  0.1649E+00
     -5.837  0.3206E+00  0.1935E+00
     -5.745  0.3387E+00  0.2237E+00
     -5.654  0.3570E+00  0.2556E+00
     -5.562  0.3740E+00  0.2891E+00
     -5.470  0.3923E+00  0.3243E+00
     -5.379  0.4097E+00  0.3610E+00
     -5.287  0.4276E+00  0.3994E+00
     -5.195  0.4467E+00  0.4395E+00
     -5.104  0.4654E+00  0.4813E+00
     -5.012  0.4852E+00  0.5249E+00
     -4.920  0.5068E+00  0.5703E+00
     -4.828  0.5293E+00  0.6178E+00
     -4.737  0.5544E+00  0.6675E+00
     -4.645  0.5831E+00  0.7196E+00
     -4.553  0.6165E+00  0.7745E+00
     -4.462  0.6596E+00  0.8329E+00
     -4.370  0.7255E+00  0.8961E+00
     -4.278  0.8512E+00  0.9691E+00
     -4.187  0.8236E+00  0.1046E+01
     -4.095  0.7926E+00  0.1120E+01
     -4.003  0.7701E+00  0.1191E+01
     -3.912  0.7388E+00  0.1260E+01
     -3.820  0.7092E+00  0.1327E+01
     -3.728  0.6834E+00  0.1390E+01
     -3.637  0.6532E+00  0.1452E+01
     -3.545  0.6267E+00  0.1510E+01
     -3.453  0.5982E+00  0.1567E+01
     -3.362  0.5698E+00  0.1620E+01
     -3.270  0.5419E+00  0.1671E+01
     -3.178  0.5102E+00  0.1719E+01
     -3.086  0.4807E+00  0.1765E+01
     -2.995  0.4482E+00  0.1807E+01
     -2.903  0.4150E+00  0.1847E+01
     -2.811  0.3838E+00  0.1883E+01
     -2.720  0.3456E+00  0.1917E+01
     -2.628  0.3207E+00  0.1947E+01
     -2.536  0.2523E+00  0.1974E+01
     -2.445  0.1180E+00  0.1992E+01
     -2.353  0.3819E-01  0.1998E+01
     -2.261  0.3762E-01  0.2001E+01
     -2.170  0.9761E-01  0.2007E+01
     -2.078  0.1778E+00  0.2020E+01
     -1.986  0.2392E+00  0.2039E+01
     -1.895  0.2956E+00  0.2064E+01
     -1.803  0.3424E+00  0.2093E+01
     -1.711  0.3909E+00  0.2126E+01
     -1.620  0.4476E+00  0.2164E+01
     -1.528  0.5063E+00  0.2208E+01
     -1.436  0.7971E+00  0.2266E+01
     -1.345  0.1325E+01  0.2358E+01
     -1.253  0.1704E+01  0.2514E+01
     -1.161  0.1051E+01  0.2626E+01
     -1.069  0.8845E+00  0.2714E+01
     -0.978  0.7801E+00  0.2790E+01
     -0.886  0.7039E+00  0.2858E+01
     -0.794  0.6500E+00  0.2920E+01
     -0.703  0.6018E+00  0.2977E+01
     -0.611  0.5579E+00  0.3030E+01
     -0.519  0.5270E+00  0.3080E+01
     -0.428  0.4972E+00  0.3127E+01
     -0.336  0.4672E+00  0.3171E+01
     -0.244  0.4414E+00  0.3213E+01
     -0.153  0.4211E+00  0.3252E+01
     -0.061  0.4002E+00  0.3290E+01
      0.031  0.3777E+00  0.3325E+01
      0.122  0.3598E+00  0.3359E+01
      0.214  0.3450E+00  0.3391E+01
      0.306  0.3294E+00  0.3422E+01
      0.397  0.3123E+00  0.3452E+01
      0.489  0.2968E+00  0.3480E+01
      0.581  0.2854E+00  0.3506E+01
      0.673  0.2738E+00  0.3532E+01
      0.764  0.2608E+00  0.3557E+01
      0.856  0.2462E+00  0.3580E+01
      0.948  0.2369E+00  0.3602E+01
      1.039  0.2279E+00  0.3623E+01
      1.131  0.2182E+00  0.3644E+01
      1.223  0.4861E+00  0.3671E+01
      1.314  0.6846E+00  0.3725E+01
      1.406  0.9226E+00  0.3798E+01
      1.498  0.1222E+01  0.3900E+01
      1.589  0.1133E+01  0.4008E+01
      1.681  0.1061E+01  0.4108E+01
      1.773  0.9990E+00  0.4202E+01
      1.864  0.9679E+00  0.4292E+01
      1.956  0.9974E+00  0.4381E+01
      2.048  0.9801E+00  0.4471E+01
      2.139  0.9958E+00  0.4561E+01
      2.231  0.1027E+01  0.4653E+01
      2.323  0.1051E+01  0.4748E+01
      2.414  0.1065E+01  0.4845E+01
      2.506  0.1128E+01  0.4945E+01
      2.598  0.1176E+01  0.5051E+01
      2.690  0.1282E+01  0.5163E+01
      2.781  0.1517E+01  0.5289E+01
      2.873  0.1452E+01  0.5424E+01
      2.965  0.1444E+01  0.5556E+01
      3.056  0.1405E+01  0.5686E+01
      3.148  0.1382E+01  0.5814E+01
      3.240  0.1360E+01  0.5940E+01
      3.331  0.1335E+01  0.6064E+01
      3.423  0.1318E+01  0.6185E+01
      3.515  0.1289E+01  0.6305E+01
      3.606  0.1271E+01  0.6422E+01
      3.698  0.1253E+01  0.6538E+01
      3.790  0.1224E+01  0.6651E+01
      3.881  0.1199E+01  0.6762E+01
      3.973  0.1187E+01  0.6871E+01
      4.065  0.1172E+01  0.6980E+01
      4.156  0.1153E+01  0.7086E+01
      4.248  0.1130E+01  0.7191E+01
      4.340  0.1110E+01  0.7294E+01
      4.432  0.1103E+01  0.7395E+01
      4.523  0.9878E+00  0.7494E+01
      4.615  0.7765E+00  0.7573E+01
      4.707  0.6770E+00  0.7639E+01
      4.798  0.5965E+00  0.7697E+01
      4.890  0.5266E+00  0.7749E+01
      4.982  0.4642E+00  0.7794E+01
      5.073  0.4152E+00  0.7834E+01
      5.165  0.3642E+00  0.7870E+01
      5.257  0.3175E+00  0.7901E+01
      5.348  0.2743E+00  0.7928E+01
      5.440  0.2309E+00  0.7952E+01
      5.532  0.1838E+00  0.7971E+01
      5.623  0.1457E+00  0.7986E+01
      5.715  0.7802E-01  0.7997E+01
      5.807  0.0000E+00  0.8000E+01
      5.898  0.0000E+00  0.8000E+01
      5.990  0.0000E+00  0.8000E+01
      6.082  0.0000E+00  0.8000E+01
      6.173  0.0000E+00  0.8000E+01
      6.265  0.0000E+00  0.8000E+01
      6.357  0.0000E+00  0.8000E+01
      6.449  0.0000E+00  0.8000E+01
      6.540  0.0000E+00  0.8000E+01
      6.632  0.6867E-01  0.8002E+01
      6.724  0.1555E+00  0.8013E+01
      6.815  0.2378E+00  0.8030E+01
      6.907  0.2992E+00  0.8055E+01
      6.999  0.3465E+00  0.8085E+01
      7.090  0.3952E+00  0.8119E+01
      7.182  0.4487E+00  0.8158E+01
      7.274  0.4999E+00  0.8201E+01
      7.365  0.5341E+00  0.8249E+01
      7.457  0.5766E+00  0.8299E+01
      7.549  0.6184E+00  0.8354E+01
      7.640  0.6623E+00  0.8413E+01
      7.732  0.7187E+00  0.8476E+01
      7.824  0.8317E+00  0.8547E+01
      7.915  0.9110E+00  0.8627E+01
      8.007  0.9977E+00  0.8714E+01
      8.099  0.1096E+01  0.8810E+01
      8.191  0.1234E+01  0.8916E+01
      8.282  0.1439E+01  0.9038E+01
      8.374  0.1686E+01  0.9183E+01
      8.466  0.1576E+01  0.9330E+01
      8.557  0.1592E+01  0.9476E+01
      8.649  0.1485E+01  0.9618E+01
      8.741  0.1251E+01  0.9743E+01
      8.832  0.1164E+01  0.9854E+01
      8.924  0.1189E+01  0.9960E+01
      9.016  0.1158E+01  0.1007E+02
      9.107  0.1055E+01  0.1017E+02
      9.199  0.1008E+01  0.1026E+02
      9.291  0.1262E+01  0.1036E+02
      9.382  0.2429E+01  0.1054E+02
      9.474  0.2044E+01  0.1073E+02
      9.566  0.1669E+01  0.1090E+02
      9.657  0.1587E+01  0.1105E+02
      9.749  0.1525E+01  0.1119E+02
      9.841  0.1640E+01  0.1133E+02
      9.932  0.1596E+01  0.1148E+02
     10.024  0.1653E+01  0.1163E+02
     10.116  0.1322E+01  0.1177E+02
     10.208  0.1168E+01  0.1188E+02
     10.299  0.1081E+01  0.1198E+02
     10.391  0.1018E+01  0.1208E+02
     10.483  0.1086E+01  0.1217E+02
     10.574  0.1132E+01  0.1227E+02
     10.666  0.1271E+01  0.1238E+02
     10.758  0.1256E+01  0.1250E+02
     10.849  0.1141E+01  0.1261E+02
     10.941  0.1133E+01  0.1271E+02
     11.033  0.1151E+01  0.1282E+02
     11.124  0.1139E+01  0.1292E+02
     11.216  0.1203E+01  0.1303E+02
     11.308  0.1140E+01  0.1314E+02
     11.399  0.1107E+01  0.1324E+02
     11.491  0.1108E+01  0.1334E+02
     11.583  0.1099E+01  0.1344E+02
     11.674  0.1132E+01  0.1355E+02
     11.766  0.1079E+01  0.1365E+02
     11.858  0.1116E+01  0.1375E+02
     11.950  0.1058E+01  0.1385E+02
     12.041  0.1006E+01  0.1394E+02
     12.133  0.9967E+00  0.1403E+02
     12.225  0.9752E+00  0.1412E+02
     12.316  0.9708E+00  0.1421E+02
     12.408  0.9581E+00  0.1430E+02
     12.500  0.9790E+00  0.1439E+02
     12.591  0.8899E+00  0.1448E+02
     12.683  0.8107E+00  0.1455E+02
     12.775  0.8131E+00  0.1463E+02
     12.866  0.8388E+00  0.1470E+02
     12.958  0.8929E+00  0.1478E+02
     13.050  0.9239E+00  0.1487E+02
     13.141  0.9347E+00  0.1495E+02
     13.233  0.8329E+00  0.1503E+02
     13.325  0.7293E+00  0.1511E+02
     13.416  0.6877E+00  0.1517E+02
     13.508  0.6590E+00  0.1523E+02
     13.600  0.6009E+00  0.1529E+02
     13.691  0.5740E+00  0.1534E+02
     13.783  0.5559E+00  0.1540E+02
     13.875  0.5301E+00  0.1545E+02
     13.967  0.5003E+00  0.1549E+02
     14.058  0.5021E+00  0.1554E+02
     14.150  0.4855E+00  0.1558E+02
     14.242  0.6563E+00  0.1564E+02
     14.333  0.4748E+00  0.1568E+02
     14.425  0.4267E+00  0.1573E+02
     14.517  0.3745E+00  0.1576E+02
     14.608  0.2417E+00  0.1579E+02
     14.700  0.2176E+00  0.1581E+02
     14.792  0.2072E+00  0.1583E+02
     14.883  0.1940E+00  0.1585E+02
     14.975  0.1992E+00  0.1587E+02
     15.067  0.1645E+00  0.1588E+02
     15.158  0.1448E+00  0.1590E+02
     15.250  0.1313E+00  0.1591E+02
     15.342  0.1217E+00  0.1592E+02
     15.433  0.1159E+00  0.1593E+02
     15.525  0.1095E+00  0.1594E+02
     15.617  0.9999E-01  0.1595E+02
     15.709  0.9157E-01  0.1596E+02
     15.800  0.7604E-01  0.1597E+02
     15.892  0.6331E-01  0.1597E+02
     15.984  0.5340E-01  0.1598E+02
     16.075  0.4524E-01  0.1598E+02
     16.167  0.3970E-01  0.1599E+02
     16.259  0.3716E-01  0.1599E+02
     16.350  0.3661E-01  0.1599E+02
     16.442  0.4996E-01  0.1600E+02
     16.534  0.9104E-02  0.1600E+02
     16.625  0.2679E-02  0.1600E+02
     16.717  0.6571E-04  0.1600E+02
     16.809  0.0000E+00  0.1600E+02
     16.900  0.0000E+00  0.1600E+02
     16.992  0.0000E+00  0.1600E+02
     17.084  0.0000E+00  0.1600E+02
     17.175  0.0000E+00  0.1600E+02
     17.267  0.0000E+00  0.1600E+02
     17.359  0.0000E+00  0.1600E+02
     17.450  0.0000E+00  0.1600E+02
     17.542  0.0000E+00  0.1600E+02
     17.634  0.0000E+00  0.1600E+02
     17.726  0.0000E+00  0.1600E+02
     17.817  0.0000E+00  0.1600E+02
     17.909  0.0000E+00  0.1600E+02
     18.001  0.0000E+00  0.1600E+02
     18.092  0.0000E+00  0.1600E+02
     18.184  0.0000E+00  0.1600E+02
     18.276  0.0000E+00  0.1600E+02
     18.367  0.0000E+00  0.1600E+02
     18.459  0.0000E+00  0.1600E+02
     18.551  0.0000E+00  0.1600E+02
     18.642  0.0000E+00  0.1600E+02
     18.734  0.0000E+00  0.1600E+02
     18.73404842     -8.77082603  301      5.79755342      1.00000000
     -8.771  0.0000E+00  0.0000E+00  0.0000E+00  0.0000E+00  0.0000E+00  0.0000E+00  0.0000E+00  0.0000E+00  0.0000E+00
     -8.679  0.0000E+00  0.0000E+00  0.0000E+00  0.0000E+00  0.0000E+00  0.0000E+00  0.0000E+00  0.0000E+00  0.0000E+00
     -8.587  0.0000E+00  0.0000E+00  0.0000E+00  0.0000E+00  0.0000E+00  0.0000E+00  0.0000E+00  0.0000E+00  0.0000E+00
     -8.496  0.0000E+00  0.0000E+00  0.0000E+00  0.0000E+00  0.0000E+00  0.0000E+00  0.0000E+00  0.0000E+00  0.0000E+00
     -8.404  0.0000E+00  0.0000E+00  0.0000E+00  0.0000E+00  0.0000E+00  0.0000E+00  0.0000E+00  0.0000E+00  0.0000E+00
     -8.312  0.0000E+00  0.0000E+00  0.0000E+00  0.0000E+00  0.0000E+00  0.0000E+00  0.0000E+00  0.0000E+00  0.0000E+00
     -8.221  0.0000E+00  0.0000E+00  0.0000E+00  0.0000E+00  0.0000E+00  0.0000E+00  0.0000E+00  0.0000E+00  0.0000E+00
     -8.129  0.0000E+00  0.0000E+00  0.0000E+00  0.0000E+00  0.0000E+00  0.0000E+00  0.0000E+00  0.0000E+00  0.0000E+00
     -8.037  0.0000E+00  0.0000E+00  0.0000E+00  0.0000E+00  0.0000E+00  0.0000E+00  0.0000E+00  0.0000E+00  0.0000E+00
     -7.946  0.0000E+00  0.0000E+00  0.0000E+00  0.0000E+00  0.0000E+00  0.0000E+00  0.0000E+00  0.0000E+00  0.0000E+00
     -7.854  0.0000E+00  0.0000E+00  0.0000E+00  0.0000E+00  0.0000E+00  0.0000E+00  0.0000E+00  0.0000E+00  0.0000E+00
     -7.762  0.0000E+00  0.0000E+00  0.0000E+00  0.0000E+00  0.0000E+00  0.0000E+00  0.0000E+00  0.0000E+00  0.0000E+00
     -7.671  0.0000E+00  0.0000E+00  0.0000E+00  0.0000E+00  0.0000E+00  0.0000E+00  0.0000E+00  0.0000E+00  0.0000E+00
     -7.579  0.0000E+00  0.0000E+00  0.0000E+00  0.0000E+00  0.0000E+00  0.0000E+00  0.0000E+00  0.0000E+00  0.0000E+00
     -7.487  0.0000E+00  0.0000E+00  0.0000E+00  0.0000E+00  0.0000E+00  0.0000E+00  0.0000E+00  0.0000E+00  0.0000E+00
     -7.396  0.0000E+00  0.0000E+00  0.0000E+00  0.0000E+00  0.0000E+00  0.0000E+00  0.0000E+00  0.0000E+00  0.0000E+00
     -7.304  0.0000E+00  0.0000E+00  0.0000E+00  0.0000E+00  0.0000E+00  0.0000E+00  0.0000E+00  0.0000E+00  0.0000E+00
     -7.212  0.0000E+00  0.0000E+00  0.0000E+00  0.0000E+00  0.0000E+00  0.0000E+00  0.0000E+00  0.0000E+00  0.0000E+00
     -7.121  0.0000E+00  0.0000E+00  0.0000E+00  0.0000E+00  0.0000E+00  0.0000E+00  0.0000E+00  0.0000E+00  0.0000E+00
     -7.029  0.0000E+00  0.0000E+00  0.0000E+00  0.0000E+00  0.0000E+00  0.0000E+00  0.0000E+00  0.0000E+00  0.0000E+00
     -6.937  0.0000E+00  0.0000E+00  0.0000E+00  0.0000E+00  0.0000E+00  0.0000E+00  0.0000E+00  0.0000E+00  0.0000E+00
     -6.845  0.0000E+00  0.0000E+00  0.0000E+00  0.0000E+00  0.0000E+00  0.0000E+00  0.0000E+00  0.0000E+00  0.0000E+00
     -6.754  0.7387E-02  0.2130E-05  0.2130E-05  0.2130E-05  0.0000E+00  0.0000E+00  0.0000E+00  0.0000E+00  0.0000E+00
     -6.662  0.2808E-01  0.4608E-04  0.4608E-04  0.4608E-04  0.0000E+00  0.0000E+00  0.0000E+00  0.0000E+00  0.0000E+00
     -6.570  0.3109E-01  0.1051E-03  0.1051E-03  0.1051E-03  0.0000E+00  0.0000E+00  0.0000E+00  0.0000E+00  0.0000E+00
     -6.479  0.3635E-01  0.1813E-03  0.1813E-03  0.1813E-03  0.0000E+00  0.0000E+00  0.0000E+00  0.0000E+00  0.0000E+00
     -6.387  0.4207E-01  0.2726E-03  0.2726E-03  0.2726E-03  0.0000E+00  0.0000E+00  0.0000E+00  0.0000E+00  0.0000E+00
     -6.295  0.4725E-01  0.3738E-03  0.3738E-03  0.3738E-03  0.0000E+00  0.0000E+00  0.0000E+00  0.0000E+00  0.0000E+00
     -6.204  0.5158E-01  0.4904E-03  0.4904E-03  0.4904E-03  0.0000E+00  0.0000E+00  0.0000E+00  0.0000E+00  0.0000E+00
     -6.112  0.5623E-01  0.6099E-03  0.6099E-03  0.6099E-03  0.0000E+00  0.0000E+00  0.0000E+00  0.0000E+00  0.0000E+00
     -6.020  0.6002E-01  0.7463E-03  0.7463E-03  0.7463E-03  0.0000E+00  0.0000E+00  0.0000E+00  0.0000E+00  0.0000E+00
     -5.929  0.6413E-01  0.8845E-03  0.8845E-03  0.8845E-03  0.0000E+00  0.0000E+00  0.0000E+00  0.0000E+00  0.0000E+00
     -5.837  0.6775E-01  0.1037E-02  0.1037E-02  0.1037E-02  0.0000E+00  0.0000E+00  0.0000E+00  0.0000E+00  0.0000E+00
     -5.745  0.7149E-01  0.1194E-02  0.1194E-02  0.1194E-02  0.0000E+00  0.0000E+00  0.0000E+00  0.0000E+00  0.0000E+00
     -5.654  0.7525E-01  0.1358E-02  0.1358E-02  0.1358E-02  0.0000E+00  0.0000E+00  0.0000E+00  0.0000E+00  0.0000E+00
     -5.562  0.7874E-01  0.1536E-02  0.1536E-02  0.1536E-02  0.0000E+00  0.0000E+00  0.0000E+00  0.0000E+00  0.0000E+00
     -5.470  0.8252E-01  0.1713E-02  0.1713E-02  0.1713E-02  0.0000E+00  0.0000E+00  0.0000E+00  0.0000E+00  0.0000E+00
     -5.379  0.8612E-01  0.1906E-02  0.1906E-02  0.1906E-02  0.0000E+00  0.0000E+00  0.0000E+00  0.0000E+00  0.0000E+00
     -5.287  0.8982E-01  0.2105E-02  0.2105E-02  0.2105E-02  0.0000E+00  0.0000E+00  0.0000E+00  0.0000E+00  0.0000E+00
     -5.195  0.9379E-01  0.2306E-02  0.2306E-02  0.2306E-02  0.0000E+00  0.0000E+00  0.0000E+00  0.0000E+00  0.0000E+00
     -5.104  0.9770E-01  0.2527E-02  0.2527E-02  0.2527E-02  0.0000E+00  0.0000E+00  0.0000E+00  0.0000E+00  0.0000E+00
     -5.012  0.1019E+00  0.2755E-02  0.2755E-02  0.2755E-02  0.0000E+00  0.0000E+00  0.0000E+00  0.0000E+00  0.0000E+00
     -4.920  0.1065E+00  0.2987E-02  0.2987E-02  0.2987E-02  0.0000E+00  0.0000E+00  0.0000E+00  0.0000E+00  0.0000E+00
     -4.828  0.1113E+00  0.3245E-02  0.3245E-02  0.3245E-02  0.0000E+00  0.0000E+00  0.0000E+00  0.0000E+00  0.0000E+00
     -4.737  0.1167E+00  0.3517E-02  0.3517E-02  0.3517E-02  0.0000E+00  0.0000E+00  0.0000E+00  0.0000E+00  0.0000E+00
     -4.645  0.1229E+00  0.3805E-02  0.3805E-02  0.3805E-02  0.0000E+00  0.0000E+00  0.0000E+00  0.0000E+00  0.0000E+00
     -4.553  0.1302E+00  0.4130E-02  0.4130E-02  0.4130E-02  0.0000E+00  0.0000E+00  0.0000E+00  0.0000E+00  0.0000E+00
     -4.462  0.1398E+00  0.4517E-02  0.4517E-02  0.4517E-02  0.0000E+00  0.0000E+00  0.0000E+00  0.0000E+00  0.0000E+00
     -4.370  0.1545E+00  0.5016E-02  0.5016E-02  0.5016E-02  0.0000E+00  0.0000E+00  0.0000E+00  0.0000E+00  0.0000E+00
     -4.278  0.1827E+00  0.5829E-02  0.5829E-02  0.5829E-02  0.0000E+00  0.0000E+00  0.0000E+00  0.0000E+00  0.0000E+00
     -4.187  0.1765E+00  0.5940E-02  0.5940E-02  0.5940E-02  0.0000E+00  0.0000E+00  0.0000E+00  0.0000E+00  0.0000E+00
     -4.095  0.1695E+00  0.5974E-02  0.5974E-02  0.5974E-02  0.0000E+00  0.0000E+00  0.0000E+00  0.0000E+00  0.0000E+00
     -4.003  0.1644E+00  0.6043E-02  0.6043E-02  0.6043E-02  0.0000E+00  0.0000E+00  0.0000E+00  0.0000E+00  0.0000E+00
     -3.912  0.1574E+00  0.6075E-02  0.6075E-02  0.6075E-02  0.0000E+00  0.0000E+00  0.0000E+00  0.0000E+00  0.0000E+00
     -3.820  0.1507E+00  0.6068E-02  0.6068E-02  0.6068E-02  0.0000E+00  0.0000E+00  0.0000E+00  0.0000E+00  0.0000E+00
     -3.728  0.1450E+00  0.6071E-02  0.6071E-02  0.6071E-02  0.0000E+00  0.0000E+00  0.0000E+00  0.0000E+00  0.0000E+00
     -3.637  0.1383E+00  0.6045E-02  0.6045E-02  0.6045E-02  0.0000E+00  0.0000E+00  0.0000E+00  0.0000E+00  0.0000E+00
     -3.545  0.1324E+00  0.6005E-02  0.6005E-02  0.6005E-02  0.0000E+00  0.0000E+00  0.0000E+00  0.0000E+00  0.0000E+00
     -3.453  0.1261E+00  0.5936E-02  0.5936E-02  0.5936E-02  0.0000E+00  0.0000E+00  0.0000E+00  0.0000E+00  0.0000E+00
     -3.362  0.1199E+00  0.5862E-02  0.5862E-02  0.5862E-02  0.0000E+00  0.0000E+00  0.0000E+00  0.0000E+00  0.0000E+00
     -3.270  0.1137E+00  0.5757E-02  0.5757E-02  0.5757E-02  0.0000E+00  0.0000E+00  0.0000E+00  0.0000E+00  0.0000E+00
     -3.178  0.1068E+00  0.5611E-02  0.5611E-02  0.5611E-02  0.0000E+00  0.0000E+00  0.0000E+00  0.0000E+00  0.0000E+00
     -3.086  0.1003E+00  0.5460E-02  0.5460E-02  0.5460E-02  0.0000E+00  0.0000E+00  0.0000E+00  0.0000E+00  0.0000E+00
     -2.995  0.9323E-01  0.5263E-02  0.5263E-02  0.5263E-02  0.0000E+00  0.0000E+00  0.0000E+00  0.0000E+00  0.0000E+00
     -2.903  0.8605E-01  0.5034E-02  0.5034E-02  0.5034E-02  0.0000E+00  0.0000E+00  0.0000E+00  0.0000E+00  0.0000E+00
     -2.811  0.7929E-01  0.4800E-02  0.4800E-02  0.4800E-02  0.0000E+00  0.0000E+00  0.0000E+00  0.0000E+00  0.0000E+00
     -2.720  0.7100E-01  0.4487E-02  0.4487E-02  0.4487E-02  0.0000E+00  0.0000E+00  0.0000E+00  0.0000E+00  0.0000E+00
     -2.628  0.6540E-01  0.4321E-02  0.4321E-02  0.4321E-02  0.0000E+00  0.0000E+00  0.0000E+00  0.0000E+00  0.0000E+00
     -2.536  0.5106E-01  0.3516E-02  0.3516E-02  0.3516E-02  0.0000E+00  0.0000E+00  0.0000E+00  0.0000E+00  0.0000E+00
     -2.445  0.2379E-01  0.1689E-02  0.1689E-02  0.1689E-02  0.0000E+00  0.0000E+00  0.0000E+00  0.0000E+00  0.0000E+00
     -2.353  0.7756E-02  0.5456E-03  0.5456E-03  0.5456E-03  0.0000E+00  0.0000E+00  0.0000E+00  0.0000E+00  0.0000E+00
     -2.261  0.7329E-02  0.6052E-03  0.6052E-03  0.6052E-03  0.0000E+00  0.0000E+00  0.0000E+00  0.0000E+00  0.0000E+00
     -2.170  0.1890E-01  0.1613E-02  0.1613E-02  0.1613E-02  0.0000E+00  0.0000E+00  0.0000E+00  0.0000E+00  0.0000E+00
     -2.078  0.3446E-01  0.2966E-02  0.2966E-02  0.2966E-02  0.0000E+00  0.0000E+00  0.0000E+00  0.0000E+00  0.0000E+00
     -1.986  0.4632E-01  0.4061E-02  0.4061E-02  0.4061E-02  0.0000E+00  0.0000E+00  0.0000E+00  0.0000E+00  0.0000E+00
     -1.895  0.5685E-01  0.5167E-02  0.5167E-02  0.5167E-02  0.0000E+00  0.0000E+00  0.0000E+00  0.0000E+00  0.0000E+00
     -1.803  0.6543E-01  0.6144E-02  0.6144E-02  0.6144E-02  0.0000E+00  0.0000E+00  0.0000E+00  0.0000E+00  0.0000E+00
     -1.711  0.7405E-01  0.7219E-02  0.7219E-02  0.7219E-02  0.0000E+00  0.0000E+00  0.0000E+00  0.0000E+00  0.0000E+00
     -1.620  0.8376E-01  0.8549E-02  0.8549E-02  0.8549E-02  0.0000E+00  0.0000E+00  0.0000E+00  0.0000E+00  0.0000E+00
     -1.528  0.9346E-01  0.9992E-02  0.9992E-02  0.9992E-02  0.0000E+00  0.0000E+00  0.0000E+00  0.0000E+00  0.0000E+00
     -1.436  0.1280E+00  0.1877E-01  0.1877E-01  0.1877E-01  0.0000E+00  0.0000E+00  0.0000E+00  0.0000E+00  0.0000E+00
     -1.345  0.1937E+00  0.3432E-01  0.3432E-01  0.3432E-01  0.0000E+00  0.0000E+00  0.0000E+00  0.0000E+00  0.0000E+00
     -1.253  0.2462E+00  0.4501E-01  0.4501E-01  0.4501E-01  0.0000E+00  0.0000E+00  0.0000E+00  0.0000E+00  0.0000E+00
     -1.161  0.1557E+00  0.2745E-01  0.2745E-01  0.2745E-01  0.0000E+00  0.0000E+00  0.0000E+00  0.0000E+00  0.0000E+00
     -1.069  0.1319E+00  0.2321E-01  0.2321E-01  0.2321E-01  0.0000E+00  0.0000E+00  0.0000E+00  0.0000E+00  0.0000E+00
     -0.978  0.1164E+00  0.2065E-01  0.2065E-01  0.2065E-01  0.0000E+00  0.0000E+00  0.0000E+00  0.0000E+00  0.0000E+00
     -0.886  0.1049E+00  0.1883E-01  0.1883E-01  0.1883E-01  0.0000E+00  0.0000E+00  0.0000E+00  0.0000E+00  0.0000E+00
     -0.794  0.9678E-01  0.1757E-01  0.1757E-01  0.1757E-01  0.0000E+00  0.0000E+00  0.0000E+00  0.0000E+00  0.0000E+00
     -0.703  0.8929E-01  0.1647E-01  0.1647E-01  0.1647E-01  0.0000E+00  0.0000E+00  0.0000E+00  0.0000E+00  0.0000E+00
     -0.611  0.8235E-01  0.1547E-01  0.1547E-01  0.1547E-01  0.0000E+00  0.0000E+00  0.0000E+00  0.0000E+00  0.0000E+00
     -0.519  0.7752E-01  0.1478E-01  0.1478E-01  0.1478E-01  0.0000E+00  0.0000E+00  0.0000E+00  0.0000E+00  0.0000E+00
     -0.428  0.7276E-01  0.1413E-01  0.1413E-01  0.1413E-01  0.0000E+00  0.0000E+00  0.0000E+00  0.0000E+00  0.0000E+00
     -0.336  0.6794E-01  0.1346E-01  0.1346E-01  0.1346E-01  0.0000E+00  0.0000E+00  0.0000E+00  0.0000E+00  0.0000E+00
     -0.244  0.6379E-01  0.1289E-01  0.1289E-01  0.1289E-01  0.0000E+00  0.0000E+00  0.0000E+00  0.0000E+00  0.0000E+00
     -0.153  0.6051E-01  0.1245E-01  0.1245E-01  0.1245E-01  0.0000E+00  0.0000E+00  0.0000E+00  0.0000E+00  0.0000E+00
     -0.061  0.5712E-01  0.1199E-01  0.1199E-01  0.1199E-01  0.0000E+00  0.0000E+00  0.0000E+00  0.0000E+00  0.0000E+00
      0.031  0.5347E-01  0.1148E-01  0.1148E-01  0.1148E-01  0.0000E+00  0.0000E+00  0.0000E+00  0.0000E+00  0.0000E+00
      0.122  0.5058E-01  0.1108E-01  0.1108E-01  0.1108E-01  0.0000E+00  0.0000E+00  0.0000E+00  0.0000E+00  0.0000E+00
      0.214  0.4816E-01  0.1076E-01  0.1076E-01  0.1076E-01  0.0000E+00  0.0000E+00  0.0000E+00  0.0000E+00  0.0000E+00
      0.306  0.4563E-01  0.1041E-01  0.1041E-01  0.1041E-01  0.0000E+00  0.0000E+00  0.0000E+00  0.0000E+00  0.0000E+00
      0.397  0.4286E-01  0.1001E-01  0.1001E-01  0.1001E-01  0.0000E+00  0.0000E+00  0.0000E+00  0.0000E+00  0.0000E+00
      0.489  0.4038E-01  0.9640E-02  0.9640E-02  0.9640E-02  0.0000E+00  0.0000E+00  0.0000E+00  0.0000E+00  0.0000E+00
      0.581  0.3853E-01  0.9382E-02  0.9382E-02  0.9382E-02  0.0000E+00  0.0000E+00  0.0000E+00  0.0000E+00  0.0000E+00
      0.673  0.3665E-01  0.9113E-02  0.9113E-02  0.9113E-02  0.0000E+00  0.0000E+00  0.0000E+00  0.0000E+00  0.0000E+00
      0.764  0.3456E-01  0.8797E-02  0.8797E-02  0.8797E-02  0.0000E+00  0.0000E+00  0.0000E+00  0.0000E+00  0.0000E+00
      0.856  0.3226E-01  0.8425E-02  0.8425E-02  0.8425E-02  0.0000E+00  0.0000E+00  0.0000E+00  0.0000E+00  0.0000E+00
      0.948  0.3079E-01  0.8204E-02  0.8204E-02  0.8204E-02  0.0000E+00  0.0000E+00  0.0000E+00  0.0000E+00  0.0000E+00
      1.039  0.2935E-01  0.7987E-02  0.7987E-02  0.7987E-02  0.0000E+00  0.0000E+00  0.0000E+00  0.0000E+00  0.0000E+00
      1.131  0.2782E-01  0.7744E-02  0.7744E-02  0.7744E-02  0.0000E+00  0.0000E+00  0.0000E+00  0.0000E+00  0.0000E+00
      1.223  0.2730E-01  0.2206E-01  0.2206E-01  0.2206E-01  0.0000E+00  0.0000E+00  0.0000E+00  0.0000E+00  0.0000E+00
      1.314  0.2726E-01  0.3282E-01  0.3282E-01  0.3282E-01  0.0000E+00  0.0000E+00  0.0000E+00  0.0000E+00  0.0000E+00
      1.406  0.2854E-01  0.4565E-01  0.4565E-01  0.4565E-01  0.0000E+00  0.0000E+00  0.0000E+00  0.0000E+00  0.0000E+00
      1.498  0.3093E-01  0.6184E-01  0.6184E-01  0.6184E-01  0.0000E+00  0.0000E+00  0.0000E+00  0.0000E+00  0.0000E+00
      1.589  0.3094E-01  0.5746E-01  0.5746E-01  0.5746E-01  0.0000E+00  0.0000E+00  0.0000E+00  0.0000E+00  0.0000E+00
      1.681  0.3080E-01  0.5397E-01  0.5397E-01  0.5397E-01  0.0000E+00  0.0000E+00  0.0000E+00  0.0000E+00  0.0000E+00
      1.773  0.3020E-01  0.5105E-01  0.5105E-01  0.5105E-01  0.0000E+00  0.0000E+00  0.0000E+00  0.0000E+00  0.0000E+00
      1.864  0.3007E-01  0.4969E-01  0.4969E-01  0.4969E-01  0.0000E+00  0.0000E+00  0.0000E+00  0.0000E+00  0.0000E+00
      1.956  0.2999E-01  0.5181E-01  0.5181E-01  0.5181E-01  0.0000E+00  0.0000E+00  0.0000E+00  0.0000E+00  0.0000E+00
      2.048  0.2933E-01  0.5135E-01  0.5135E-01  0.5135E-01  0.0000E+00  0.0000E+00  0.0000E+00  0.0000E+00  0.0000E+00
      2.139  0.2862E-01  0.5276E-01  0.5276E-01  0.5276E-01  0.0000E+00  0.0000E+00  0.0000E+00  0.0000E+00  0.0000E+00
      2.231  0.2785E-01  0.5525E-01  0.5525E-01  0.5525E-01  0.0000E+00  0.0000E+00  0.0000E+00  0.0000E+00  0.0000E+00
      2.323  0.2734E-01  0.5721E-01  0.5721E-01  0.5721E-01  0.0000E+00  0.0000E+00  0.0000E+00  0.0000E+00  0.0000E+00
      2.414  0.2667E-01  0.5865E-01  0.5865E-01  0.5865E-01  0.0000E+00  0.0000E+00  0.0000E+00  0.0000E+00  0.0000E+00
      2.506  0.2601E-01  0.6324E-01  0.6324E-01  0.6324E-01  0.0000E+00  0.0000E+00  0.0000E+00  0.0000E+00  0.0000E+00
      2.598  0.2521E-01  0.6691E-01  0.6691E-01  0.6691E-01  0.0000E+00  0.0000E+00  0.0000E+00  0.0000E+00  0.0000E+00
      2.690  0.2422E-01  0.7453E-01  0.7453E-01  0.7453E-01  0.0000E+00  0.0000E+00  0.0000E+00  0.0000E+00  0.0000E+00
      2.781  0.2320E-01  0.9096E-01  0.9096E-01  0.9096E-01  0.0000E+00  0.0000E+00  0.0000E+00  0.0000E+00  0.0000E+00
      2.873  0.2233E-01  0.8741E-01  0.8741E-01  0.8741E-01  0.0000E+00  0.0000E+00  0.0000E+00  0.0000E+00  0.0000E+00
      2.965  0.2154E-01  0.8753E-01  0.8753E-01  0.8753E-01  0.0000E+00  0.0000E+00  0.0000E+00  0.0000E+00  0.0000E+00
      3.056  0.2062E-01  0.8572E-01  0.8572E-01  0.8572E-01  0.0000E+00  0.0000E+00  0.0000E+00  0.0000E+00  0.0000E+00
      3.148  0.1957E-01  0.8492E-01  0.8492E-01  0.8492E-01  0.0000E+00  0.0000E+00  0.0000E+00  0.0000E+00  0.0000E+00
      3.240  0.1839E-01  0.8436E-01  0.8436E-01  0.8436E-01  0.0000E+00  0.0000E+00  0.0000E+00  0.0000E+00  0.0000E+00
      3.331  0.1751E-01  0.8337E-01  0.8337E-01  0.8337E-01  0.0000E+00  0.0000E+00  0.0000E+00  0.0000E+00  0.0000E+00
      3.423  0.1671E-01  0.8297E-01  0.8297E-01  0.8297E-01  0.0000E+00  0.0000E+00  0.0000E+00  0.0000E+00  0.0000E+00
      3.515  0.1587E-01  0.8170E-01  0.8170E-01  0.8170E-01  0.0000E+00  0.0000E+00  0.0000E+00  0.0000E+00  0.0000E+00
      3.606  0.1502E-01  0.8118E-01  0.8118E-01  0.8118E-01  0.0000E+00  0.0000E+00  0.0000E+00  0.0000E+00  0.0000E+00
      3.698  0.1401E-01  0.8083E-01  0.8083E-01  0.8083E-01  0.0000E+00  0.0000E+00  0.0000E+00  0.0000E+00  0.0000E+00
      3.790  0.1282E-01  0.7966E-01  0.7966E-01  0.7966E-01  0.0000E+00  0.0000E+00  0.0000E+00  0.0000E+00  0.0000E+00
      3.881  0.1193E-01  0.7872E-01  0.7872E-01  0.7872E-01  0.0000E+00  0.0000E+00  0.0000E+00  0.0000E+00  0.0000E+00
      3.973  0.1111E-01  0.7862E-01  0.7862E-01  0.7862E-01  0.0000E+00  0.0000E+00  0.0000E+00  0.0000E+00  0.0000E+00
      4.065  0.1021E-01  0.7830E-01  0.7830E-01  0.7830E-01  0.0000E+00  0.0000E+00  0.0000E+00  0.0000E+00  0.0000E+00
      4.156  0.9264E-02  0.7778E-01  0.7778E-01  0.7778E-01  0.0000E+00  0.0000E+00  0.0000E+00  0.0000E+00  0.0000E+00
      4.248  0.8350E-02  0.7700E-01  0.7700E-01  0.7700E-01  0.0000E+00  0.0000E+00  0.0000E+00  0.0000E+00  0.0000E+00
      4.340  0.7447E-02  0.7635E-01  0.7635E-01  0.7635E-01  0.0000E+00  0.0000E+00  0.0000E+00  0.0000E+00  0.0000E+00
      4.432  0.6732E-02  0.7663E-01  0.7663E-01  0.7663E-01  0.0000E+00  0.0000E+00  0.0000E+00  0.0000E+00  0.0000E+00
      4.523  0.6034E-02  0.6890E-01  0.6890E-01  0.6890E-01  0.0000E+00  0.0000E+00  0.0000E+00  0.0000E+00  0.0000E+00
      4.615  0.5466E-02  0.5395E-01  0.5395E-01  0.5395E-01  0.0000E+00  0.0000E+00  0.0000E+00  0.0000E+00  0.0000E+00
      4.707  0.4792E-02  0.4712E-01  0.4712E-01  0.4712E-01  0.0000E+00  0.0000E+00  0.0000E+00  0.0000E+00  0.0000E+00
      4.798  0.4087E-02  0.4167E-01  0.4167E-01  0.4167E-01  0.0000E+00  0.0000E+00  0.0000E+00  0.0000E+00  0.0000E+00
      4.890  0.3474E-02  0.3692E-01  0.3692E-01  0.3692E-01  0.0000E+00  0.0000E+00  0.0000E+00  0.0000E+00  0.0000E+00
      4.982  0.2980E-02  0.3267E-01  0.3267E-01  0.3267E-01  0.0000E+00  0.0000E+00  0.0000E+00  0.0000E+00  0.0000E+00
      5.073  0.2557E-02  0.2931E-01  0.2931E-01  0.2931E-01  0.0000E+00  0.0000E+00  0.0000E+00  0.0000E+00  0.0000E+00
      5.165  0.2064E-02  0.2583E-01  0.2583E-01  0.2583E-01  0.0000E+00  0.0000E+00  0.0000E+00  0.0000E+00  0.0000E+00
      5.257  0.1619E-02  0.2262E-01  0.2262E-01  0.2262E-01  0.0000E+00  0.0000E+00  0.0000E+00  0.0000E+00  0.0000E+00
      5.348  0.1215E-02  0.1963E-01  0.1963E-01  0.1963E-01  0.0000E+00  0.0000E+00  0.0000E+00  0.0000E+00  0.0000E+00
      5.440  0.9088E-03  0.1658E-01  0.1658E-01  0.1658E-01  0.0000E+00  0.0000E+00  0.0000E+00  0.0000E+00  0.0000E+00
      5.532  0.6189E-03  0.1324E-01  0.1324E-01  0.1324E-01  0.0000E+00  0.0000E+00  0.0000E+00  0.0000E+00  0.0000E+00
      5.623  0.3180E-03  0.1054E-01  0.1054E-01  0.1054E-01  0.0000E+00  0.0000E+00  0.0000E+00  0.0000E+00  0.0000E+00
      5.715  0.9811E-04  0.5660E-02  0.5660E-02  0.5660E-02  0.0000E+00  0.0000E+00  0.0000E+00  0.0000E+00  0.0000E+00
      5.807  0.0000E+00  0.0000E+00  0.0000E+00  0.0000E+00  0.0000E+00  0.0000E+00  0.0000E+00  0.0000E+00  0.0000E+00
      5.898  0.0000E+00  0.0000E+00  0.0000E+00  0.0000E+00  0.0000E+00  0.0000E+00  0.0000E+00  0.0000E+00  0.0000E+00
      5.990  0.0000E+00  0.0000E+00  0.0000E+00  0.0000E+00  0.0000E+00  0.0000E+00  0.0000E+00  0.0000E+00  0.0000E+00
      6.082  0.0000E+00  0.0000E+00  0.0000E+00  0.0000E+00  0.0000E+00  0.0000E+00  0.0000E+00  0.0000E+00  0.0000E+00
      6.173  0.0000E+00  0.0000E+00  0.0000E+00  0.0000E+00  0.0000E+00  0.0000E+00  0.0000E+00  0.0000E+00  0.0000E+00
      6.265  0.0000E+00  0.0000E+00  0.0000E+00  0.0000E+00  0.0000E+00  0.0000E+00  0.0000E+00  0.0000E+00  0.0000E+00
      6.357  0.0000E+00  0.0000E+00  0.0000E+00  0.0000E+00  0.0000E+00  0.0000E+00  0.0000E+00  0.0000E+00  0.0000E+00
      6.449  0.0000E+00  0.0000E+00  0.0000E+00  0.0000E+00  0.0000E+00  0.0000E+00  0.0000E+00  0.0000E+00  0.0000E+00
      6.540  0.0000E+00  0.0000E+00  0.0000E+00  0.0000E+00  0.0000E+00  0.0000E+00  0.0000E+00  0.0000E+00  0.0000E+00
      6.632  0.3589E-02  0.1050E-02  0.1050E-02  0.1050E-02  0.0000E+00  0.0000E+00  0.0000E+00  0.0000E+00  0.0000E+00
      6.724  0.7954E-02  0.2422E-02  0.2422E-02  0.2422E-02  0.0000E+00  0.0000E+00  0.0000E+00  0.0000E+00  0.0000E+00
      6.815  0.1199E-01  0.3753E-02  0.3753E-02  0.3753E-02  0.0000E+00  0.0000E+00  0.0000E+00  0.0000E+00  0.0000E+00
      6.907  0.1480E-01  0.4888E-02  0.4888E-02  0.4888E-02  0.0000E+00  0.0000E+00  0.0000E+00  0.0000E+00  0.0000E+00
      6.999  0.1687E-01  0.5876E-02  0.5876E-02  0.5876E-02  0.0000E+00  0.0000E+00  0.0000E+00  0.0000E+00  0.0000E+00
      7.090  0.1893E-01  0.6927E-02  0.6927E-02  0.6927E-02  0.0000E+00  0.0000E+00  0.0000E+00  0.0000E+00  0.0000E+00
      7.182  0.2120E-01  0.8080E-02  0.8080E-02  0.8080E-02  0.0000E+00  0.0000E+00  0.0000E+00  0.0000E+00  0.0000E+00
      7.274  0.2323E-01  0.9305E-02  0.9305E-02  0.9305E-02  0.0000E+00  0.0000E+00  0.0000E+00  0.0000E+00  0.0000E+00
      7.365  0.2446E-01  0.1026E-01  0.1026E-01  0.1026E-01  0.0000E+00  0.0000E+00  0.0000E+00  0.0000E+00  0.0000E+00
      7.457  0.2603E-01  0.1142E-01  0.1142E-01  0.1142E-01  0.0000E+00  0.0000E+00  0.0000E+00  0.0000E+00  0.0000E+00
      7.549  0.2755E-01  0.1260E-01  0.1260E-01  0.1260E-01  0.0000E+00  0.0000E+00  0.0000E+00  0.0000E+00  0.0000E+00
      7.640  0.2918E-01  0.1386E-01  0.1386E-01  0.1386E-01  0.0000E+00  0.0000E+00  0.0000E+00  0.0000E+00  0.0000E+00
      7.732  0.3227E-01  0.1531E-01  0.1531E-01  0.1531E-01  0.0000E+00  0.0000E+00  0.0000E+00  0.0000E+00  0.0000E+00
      7.824  0.4491E-01  0.1742E-01  0.1742E-01  0.1742E-01  0.0000E+00  0.0000E+00  0.0000E+00  0.0000E+00  0.0000E+00
      7.915  0.5196E-01  0.1943E-01  0.1943E-01  0.1943E-01  0.0000E+00  0.0000E+00  0.0000E+00  0.0000E+00  0.0000E+00
      8.007  0.5948E-01  0.2166E-01  0.2166E-01  0.2166E-01  0.0000E+00  0.0000E+00  0.0000E+00  0.0000E+00  0.0000E+00
      8.099  0.6765E-01  0.2428E-01  0.2428E-01  0.2428E-01  0.0000E+00  0.0000E+00  0.0000E+00  0.0000E+00  0.0000E+00
      8.191  0.7908E-01  0.2802E-01  0.2802E-01  0.2802E-01  0.0000E+00  0.0000E+00  0.0000E+00  0.0000E+00  0.0000E+00
      8.282  0.9739E-01  0.3319E-01  0.3319E-01  0.3319E-01  0.0000E+00  0.0000E+00  0.0000E+00  0.0000E+00  0.0000E+00
      8.374  0.1181E+00  0.4008E-01  0.4008E-01  0.4008E-01  0.0000E+00  0.0000E+00  0.0000E+00  0.0000E+00  0.0000E+00
      8.466  0.1037E+00  0.3965E-01  0.3965E-01  0.3965E-01  0.0000E+00  0.0000E+00  0.0000E+00  0.0000E+00  0.0000E+00
      8.557  0.9882E-01  0.4249E-01  0.4249E-01  0.4249E-01  0.0000E+00  0.0000E+00  0.0000E+00  0.0000E+00  0.0000E+00
      8.649  0.8622E-01  0.4092E-01  0.4092E-01  0.4092E-01  0.0000E+00  0.0000E+00  0.0000E+00  0.0000E+00  0.0000E+00
      8.741  0.6831E-01  0.3419E-01  0.3419E-01  0.3419E-01  0.0000E+00  0.0000E+00  0.0000E+00  0.0000E+00  0.0000E+00
      8.832  0.5974E-01  0.3239E-01  0.3239E-01  0.3239E-01  0.0000E+00  0.0000E+00  0.0000E+00  0.0000E+00  0.0000E+00
      8.924  0.5732E-01  0.3417E-01  0.3417E-01  0.3417E-01  0.0000E+00  0.0000E+00  0.0000E+00  0.0000E+00  0.0000E+00
      9.016  0.5363E-01  0.3434E-01  0.3434E-01  0.3434E-01  0.0000E+00  0.0000E+00  0.0000E+00  0.0000E+00  0.0000E+00
      9.107  0.4461E-01  0.3258E-01  0.3258E-01  0.3258E-01  0.0000E+00  0.0000E+00  0.0000E+00  0.0000E+00  0.0000E+00
      9.199  0.3730E-01  0.3169E-01  0.3169E-01  0.3169E-01  0.0000E+00  0.0000E+00  0.0000E+00  0.0000E+00  0.0000E+00
      9.291  0.3576E-01  0.4038E-01  0.4038E-01  0.4038E-01  0.0000E+00  0.0000E+00  0.0000E+00  0.0000E+00  0.0000E+00
      9.382  0.4983E-01  0.8040E-01  0.8040E-01  0.8040E-01  0.0000E+00  0.0000E+00  0.0000E+00  0.0000E+00  0.0000E+00
      9.474  0.4939E-01  0.6862E-01  0.6862E-01  0.6862E-01  0.0000E+00  0.0000E+00  0.0000E+00  0.0000E+00  0.0000E+00
      9.566  0.4881E-01  0.5508E-01  0.5508E-01  0.5508E-01  0.0000E+00  0.0000E+00  0.0000E+00  0.0000E+00  0.0000E+00
      9.657  0.4503E-01  0.5232E-01  0.5232E-01  0.5232E-01  0.0000E+00  0.0000E+00  0.0000E+00  0.0000E+00  0.0000E+00
      9.749  0.4283E-01  0.5103E-01  0.5103E-01  0.5103E-01  0.0000E+00  0.0000E+00  0.0000E+00  0.0000E+00  0.0000E+00
      9.841  0.4623E-01  0.5436E-01  0.5436E-01  0.5436E-01  0.0000E+00  0.0000E+00  0.0000E+00  0.0000E+00  0.0000E+00
      9.932  0.4904E-01  0.5249E-01  0.5249E-01  0.5249E-01  0.0000E+00  0.0000E+00  0.0000E+00  0.0000E+00  0.0000E+00
     10.024  0.6216E-01  0.5414E-01  0.5414E-01  0.5414E-01  0.0000E+00  0.0000E+00  0.0000E+00  0.0000E+00  0.0000E+00
     10.116  0.3882E-01  0.4408E-01  0.4408E-01  0.4408E-01  0.0000E+00  0.0000E+00  0.0000E+00  0.0000E+00  0.0000E+00
     10.208  0.3115E-01  0.3968E-01  0.3968E-01  0.3968E-01  0.0000E+00  0.0000E+00  0.0000E+00  0.0000E+00  0.0000E+00
     10.299  0.2807E-01  0.3712E-01  0.3712E-01  0.3712E-01  0.0000E+00  0.0000E+00  0.0000E+00  0.0000E+00  0.0000E+00
     10.391  0.2656E-01  0.3508E-01  0.3508E-01  0.3508E-01  0.0000E+00  0.0000E+00  0.0000E+00  0.0000E+00  0.0000E+00
     10.483  0.2945E-01  0.3671E-01  0.3671E-01  0.3671E-01  0.0000E+00  0.0000E+00  0.0000E+00  0.0000E+00  0.0000E+00
     10.574  0.3116E-01  0.3820E-01  0.3820E-01  0.3820E-01  0.0000E+00  0.0000E+00  0.0000E+00  0.0000E+00  0.0000E+00
     10.666  0.3538E-01  0.4275E-01  0.4275E-01  0.4275E-01  0.0000E+00  0.0000E+00  0.0000E+00  0.0000E+00  0.0000E+00
     10.758  0.3871E-01  0.4230E-01  0.4230E-01  0.4230E-01  0.0000E+00  0.0000E+00  0.0000E+00  0.0000E+00  0.0000E+00
     10.849  0.4011E-01  0.3842E-01  0.3842E-01  0.3842E-01  0.0000E+00  0.0000E+00  0.0000E+00  0.0000E+00  0.0000E+00
     10.941  0.4158E-01  0.3813E-01  0.3813E-01  0.3813E-01  0.0000E+00  0.0000E+00  0.0000E+00  0.0000E+00  0.0000E+00
     11.033  0.4175E-01  0.3868E-01  0.3868E-01  0.3868E-01  0.0000E+00  0.0000E+00  0.0000E+00  0.0000E+00  0.0000E+00
     11.124  0.4194E-01  0.3843E-01  0.3843E-01  0.3843E-01  0.0000E+00  0.0000E+00  0.0000E+00  0.0000E+00  0.0000E+00
     11.216  0.4374E-01  0.4053E-01  0.4053E-01  0.4053E-01  0.0000E+00  0.0000E+00  0.0000E+00  0.0000E+00  0.0000E+00
     11.308  0.4064E-01  0.3859E-01  0.3859E-01  0.3859E-01  0.0000E+00  0.0000E+00  0.0000E+00  0.0000E+00  0.0000E+00
     11.399  0.3882E-01  0.3769E-01  0.3769E-01  0.3769E-01  0.0000E+00  0.0000E+00  0.0000E+00  0.0000E+00  0.0000E+00
     11.491  0.3833E-01  0.3786E-01  0.3786E-01  0.3786E-01  0.0000E+00  0.0000E+00  0.0000E+00  0.0000E+00  0.0000E+00
     11.583  0.3768E-01  0.3763E-01  0.3763E-01  0.3763E-01  0.0000E+00  0.0000E+00  0.0000E+00  0.0000E+00  0.0000E+00
     11.674  0.3820E-01  0.3898E-01  0.3898E-01  0.3898E-01  0.0000E+00  0.0000E+00  0.0000E+00  0.0000E+00  0.0000E+00
     11.766  0.3608E-01  0.3714E-01  0.3714E-01  0.3714E-01  0.0000E+00  0.0000E+00  0.0000E+00  0.0000E+00  0.0000E+00
     11.858  0.3653E-01  0.3843E-01  0.3843E-01  0.3843E-01  0.0000E+00  0.0000E+00  0.0000E+00  0.0000E+00  0.0000E+00
     11.950  0.3324E-01  0.3680E-01  0.3680E-01  0.3680E-01  0.0000E+00  0.0000E+00  0.0000E+00  0.0000E+00  0.0000E+00
     12.041  0.3043E-01  0.3534E-01  0.3534E-01  0.3534E-01  0.0000E+00  0.0000E+00  0.0000E+00  0.0000E+00  0.0000E+00
     12.133  0.2893E-01  0.3525E-01  0.3525E-01  0.3525E-01  0.0000E+00  0.0000E+00  0.0000E+00  0.0000E+00  0.0000E+00
     12.225  0.2782E-01  0.3470E-01  0.3470E-01  0.3470E-01  0.0000E+00  0.0000E+00  0.0000E+00  0.0000E+00  0.0000E+00
     12.316  0.2651E-01  0.3473E-01  0.3473E-01  0.3473E-01  0.0000E+00  0.0000E+00  0.0000E+00  0.0000E+00  0.0000E+00
     12.408  0.2486E-01  0.3433E-01  0.3433E-01  0.3433E-01  0.0000E+00  0.0000E+00  0.0000E+00  0.0000E+00  0.0000E+00
     12.500  0.2382E-01  0.3516E-01  0.3516E-01  0.3516E-01  0.0000E+00  0.0000E+00  0.0000E+00  0.0000E+00  0.0000E+00
     12.591  0.2109E-01  0.3275E-01  0.3275E-01  0.3275E-01  0.0000E+00  0.0000E+00  0.0000E+00  0.0000E+00  0.0000E+00
     12.683  0.1953E-01  0.3024E-01  0.3024E-01  0.3024E-01  0.0000E+00  0.0000E+00  0.0000E+00  0.0000E+00  0.0000E+00
     12.775  0.1891E-01  0.3026E-01  0.3026E-01  0.3026E-01  0.0000E+00  0.0000E+00  0.0000E+00  0.0000E+00  0.0000E+00
     12.866  0.1894E-01  0.3107E-01  0.3107E-01  0.3107E-01  0.0000E+00  0.0000E+00  0.0000E+00  0.0000E+00  0.0000E+00
     12.958  0.2000E-01  0.3308E-01  0.3308E-01  0.3308E-01  0.0000E+00  0.0000E+00  0.0000E+00  0.0000E+00  0.0000E+00
     13.050  0.2067E-01  0.3447E-01  0.3447E-01  0.3447E-01  0.0000E+00  0.0000E+00  0.0000E+00  0.0000E+00  0.0000E+00
     13.141  0.2067E-01  0.3519E-01  0.3519E-01  0.3519E-01  0.0000E+00  0.0000E+00  0.0000E+00  0.0000E+00  0.0000E+00
     13.233  0.1763E-01  0.3153E-01  0.3153E-01  0.3153E-01  0.0000E+00  0.0000E+00  0.0000E+00  0.0000E+00  0.0000E+00
     13.325  0.1428E-01  0.2755E-01  0.2755E-01  0.2755E-01  0.0000E+00  0.0000E+00  0.0000E+00  0.0000E+00  0.0000E+00
     13.416  0.1269E-01  0.2613E-01  0.2613E-01  0.2613E-01  0.0000E+00  0.0000E+00  0.0000E+00  0.0000E+00  0.0000E+00
     13.508  0.1174E-01  0.2517E-01  0.2517E-01  0.2517E-01  0.0000E+00  0.0000E+00  0.0000E+00  0.0000E+00  0.0000E+00
     13.600  0.1039E-01  0.2326E-01  0.2326E-01  0.2326E-01  0.0000E+00  0.0000E+00  0.0000E+00  0.0000E+00  0.0000E+00
     13.691  0.9694E-02  0.2237E-01  0.2237E-01  0.2237E-01  0.0000E+00  0.0000E+00  0.0000E+00  0.0000E+00  0.0000E+00
     13.783  0.9172E-02  0.2177E-01  0.2177E-01  0.2177E-01  0.0000E+00  0.0000E+00  0.0000E+00  0.0000E+00  0.0000E+00
     13.875  0.8503E-02  0.2096E-01  0.2096E-01  0.2096E-01  0.0000E+00  0.0000E+00  0.0000E+00  0.0000E+00  0.0000E+00
     13.967  0.7560E-02  0.1999E-01  0.1999E-01  0.1999E-01  0.0000E+00  0.0000E+00  0.0000E+00  0.0000E+00  0.0000E+00
     14.058  0.7352E-02  0.2025E-01  0.2025E-01  0.2025E-01  0.0000E+00  0.0000E+00  0.0000E+00  0.0000E+00  0.0000E+00
     14.150  0.6395E-02  0.1946E-01  0.1946E-01  0.1946E-01  0.0000E+00  0.0000E+00  0.0000E+00  0.0000E+00  0.0000E+00
     14.242  0.6204E-02  0.2296E-01  0.2296E-01  0.2296E-01  0.0000E+00  0.0000E+00  0.0000E+00  0.0000E+00  0.0000E+00
     14.333  0.5142E-02  0.1849E-01  0.1849E-01  0.1849E-01  0.0000E+00  0.0000E+00  0.0000E+00  0.0000E+00  0.0000E+00
     14.425  0.4640E-02  0.1732E-01  0.1732E-01  0.1732E-01  0.0000E+00  0.0000E+00  0.0000E+00  0.0000E+00  0.0000E+00
     14.517  0.4082E-02  0.1603E-01  0.1603E-01  0.1603E-01  0.0000E+00  0.0000E+00  0.0000E+00  0.0000E+00  0.0000E+00
     14.608  0.3457E-02  0.1114E-01  0.1114E-01  0.1114E-01  0.0000E+00  0.0000E+00  0.0000E+00  0.0000E+00  0.0000E+00
     14.700  0.3173E-02  0.1024E-01  0.1024E-01  0.1024E-01  0.0000E+00  0.0000E+00  0.0000E+00  0.0000E+00  0.0000E+00
     14.792  0.2974E-02  0.9835E-02  0.9835E-02  0.9835E-02  0.0000E+00  0.0000E+00  0.0000E+00  0.0000E+00  0.0000E+00
     14.883  0.2601E-02  0.9387E-02  0.9387E-02  0.9387E-02  0.0000E+00  0.0000E+00  0.0000E+00  0.0000E+00  0.0000E+00
     14.975  0.2515E-02  0.9937E-02  0.9937E-02  0.9937E-02  0.0000E+00  0.0000E+00  0.0000E+00  0.0000E+00  0.0000E+00
     15.067  0.1929E-02  0.8225E-02  0.8225E-02  0.8225E-02  0.0000E+00  0.0000E+00  0.0000E+00  0.0000E+00  0.0000E+00
     15.158  0.1649E-02  0.7280E-02  0.7280E-02  0.7280E-02  0.0000E+00  0.0000E+00  0.0000E+00  0.0000E+00  0.0000E+00
     15.250  0.1460E-02  0.6664E-02  0.6664E-02  0.6664E-02  0.0000E+00  0.0000E+00  0.0000E+00  0.0000E+00  0.0000E+00
     15.342  0.1322E-02  0.6252E-02  0.6252E-02  0.6252E-02  0.0000E+00  0.0000E+00  0.0000E+00  0.0000E+00  0.0000E+00
     15.433  0.1227E-02  0.6032E-02  0.6032E-02  0.6032E-02  0.0000E+00  0.0000E+00  0.0000E+00  0.0000E+00  0.0000E+00
     15.525  0.1131E-02  0.5793E-02  0.5793E-02  0.5793E-02  0.0000E+00  0.0000E+00  0.0000E+00  0.0000E+00  0.0000E+00
     15.617  0.9839E-03  0.5410E-02  0.5410E-02  0.5410E-02  0.0000E+00  0.0000E+00  0.0000E+00  0.0000E+00  0.0000E+00
     15.709  0.8218E-03  0.5133E-02  0.5133E-02  0.5133E-02  0.0000E+00  0.0000E+00  0.0000E+00  0.0000E+00  0.0000E+00
     15.800  0.5586E-03  0.4391E-02  0.4391E-02  0.4391E-02  0.0000E+00  0.0000E+00  0.0000E+00  0.0000E+00  0.0000E+00
     15.892  0.4463E-03  0.3713E-02  0.3713E-02  0.3713E-02  0.0000E+00  0.0000E+00  0.0000E+00  0.0000E+00  0.0000E+00
     15.984  0.3690E-03  0.3182E-02  0.3182E-02  0.3182E-02  0.0000E+00  0.0000E+00  0.0000E+00  0.0000E+00  0.0000E+00
     16.075  0.3003E-03  0.2745E-02  0.2745E-02  0.2745E-02  0.0000E+00  0.0000E+00  0.0000E+00  0.0000E+00  0.0000E+00
     16.167  0.2470E-03  0.2470E-02  0.2470E-02  0.2470E-02  0.0000E+00  0.0000E+00  0.0000E+00  0.0000E+00  0.0000E+00
     16.259  0.2008E-03  0.2372E-02  0.2372E-02  0.2372E-02  0.0000E+00  0.0000E+00  0.0000E+00  0.0000E+00  0.0000E+00
     16.350  0.1639E-03  0.2418E-02  0.2418E-02  0.2418E-02  0.0000E+00  0.0000E+00  0.0000E+00  0.0000E+00  0.0000E+00
     16.442  0.2289E-03  0.3426E-02  0.3426E-02  0.3426E-02  0.0000E+00  0.0000E+00  0.0000E+00  0.0000E+00  0.0000E+00
     16.534  0.1862E-04  0.6273E-03  0.6273E-03  0.6273E-03  0.0000E+00  0.0000E+00  0.0000E+00  0.0000E+00  0.0000E+00
     16.625  0.5478E-05  0.1846E-03  0.1846E-03  0.1846E-03  0.0000E+00  0.0000E+00  0.0000E+00  0.0000E+00  0.0000E+00
     16.717  0.1344E-06  0.4528E-05  0.4528E-05  0.4528E-05  0.0000E+00  0.0000E+00  0.0000E+00  0.0000E+00  0.0000E+00
     16.809  0.0000E+00  0.0000E+00  0.0000E+00  0.0000E+00  0.0000E+00  0.0000E+00  0.0000E+00  0.0000E+00  0.0000E+00
     16.900  0.0000E+00  0.0000E+00  0.0000E+00  0.0000E+00  0.0000E+00  0.0000E+00  0.0000E+00  0.0000E+00  0.0000E+00
     16.992  0.0000E+00  0.0000E+00  0.0000E+00  0.0000E+00  0.0000E+00  0.0000E+00  0.0000E+00  0.0000E+00  0.0000E+00
     17.084  0.0000E+00  0.0000E+00  0.0000E+00  0.0000E+00  0.0000E+00  0.0000E+00  0.0000E+00  0.0000E+00  0.0000E+00
     17.175  0.0000E+00  0.0000E+00  0.0000E+00  0.0000E+00  0.0000E+00  0.0000E+00  0.0000E+00  0.0000E+00  0.0000E+00
     17.267  0.0000E+00  0.0000E+00  0.0000E+00  0.0000E+00  0.0000E+00  0.0000E+00  0.0000E+00  0.0000E+00  0.0000E+00
     17.359  0.0000E+00  0.0000E+00  0.0000E+00  0.0000E+00  0.0000E+00  0.0000E+00  0.0000E+00  0.0000E+00  0.0000E+00
     17.450  0.0000E+00  0.0000E+00  0.0000E+00  0.0000E+00  0.0000E+00  0.0000E+00  0.0000E+00  0.0000E+00  0.0000E+00
     17.542  0.0000E+00  0.0000E+00  0.0000E+00  0.0000E+00  0.0000E+00  0.0000E+00  0.0000E+00  0.0000E+00  0.0000E+00
     17.634  0.0000E+00  0.0000E+00  0.0000E+00  0.0000E+00  0.0000E+00  0.0000E+00  0.0000E+00  0.0000E+00  0.0000E+00
     17.726  0.0000E+00  0.0000E+00  0.0000E+00  0.0000E+00  0.0000E+00  0.0000E+00  0.0000E+00  0.0000E+00  0.0000E+00
     17.817  0.0000E+00  0.0000E+00  0.0000E+00  0.0000E+00  0.0000E+00  0.0000E+00  0.0000E+00  0.0000E+00  0.0000E+00
     17.909  0.0000E+00  0.0000E+00  0.0000E+00  0.0000E+00  0.0000E+00  0.0000E+00  0.0000E+00  0.0000E+00  0.0000E+00
     18.001  0.0000E+00  0.0000E+00  0.0000E+00  0.0000E+00  0.0000E+00  0.0000E+00  0.0000E+00  0.0000E+00  0.0000E+00
     18.092  0.0000E+00  0.0000E+00  0.0000E+00  0.0000E+00  0.0000E+00  0.0000E+00  0.0000E+00  0.0000E+00  0.0000E+00
     18.184  0.0000E+00  0.0000E+00  0.0000E+00  0.0000E+00  0.0000E+00  0.0000E+00  0.0000E+00  0.0000E+00  0.0000E+00
     18.276  0.0000E+00  0.0000E+00  0.0000E+00  0.0000E+00  0.0000E+00  0.0000E+00  0.0000E+00  0.0000E+00  0.0000E+00
     18.367  0.0000E+00  0.0000E+00  0.0000E+00  0.0000E+00  0.0000E+00  0.0000E+00  0.0000E+00  0.0000E+00  0.0000E+00
     18.459  0.0000E+00  0.0000E+00  0.0000E+00  0.0000E+00  0.0000E+00  0.0000E+00  0.0000E+00  0.0000E+00  0.0000E+00
     18.551  0.0000E+00  0.0000E+00  0.0000E+00  0.0000E+00  0.0000E+00  0.0000E+00  0.0000E+00  0.0000E+00  0.0000E+00
     18.642  0.0000E+00  0.0000E+00  0.0000E+00  0.0000E+00  0.0000E+00  0.0000E+00  0.0000E+00  0.0000E+00  0.0000E+00
     18.734  0.0000E+00  0.0000E+00  0.0000E+00  0.0000E+00  0.0000E+00  0.0000E+00  0.0000E+00  0.0000E+00  0.0000E+00
     18.73404842     -8.77082603  301      5.79755342      1.00000000
     -8.771  0.0000E+00  0.0000E+00  0.0000E+00  0.0000E+00  0.0000E+00  0.0000E+00  0.0000E+00  0.0000E+00  0.0000E+00
     -8.679  0.0000E+00  0.0000E+00  0.0000E+00  0.0000E+00  0.0000E+00  0.0000E+00  0.0000E+00  0.0000E+00  0.0000E+00
     -8.587  0.0000E+00  0.0000E+00  0.0000E+00  0.0000E+00  0.0000E+00  0.0000E+00  0.0000E+00  0.0000E+00  0.0000E+00
     -8.496  0.0000E+00  0.0000E+00  0.0000E+00  0.0000E+00  0.0000E+00  0.0000E+00  0.0000E+00  0.0000E+00  0.0000E+00
     -8.404  0.0000E+00  0.0000E+00  0.0000E+00  0.0000E+00  0.0000E+00  0.0000E+00  0.0000E+00  0.0000E+00  0.0000E+00
     -8.312  0.0000E+00  0.0000E+00  0.0000E+00  0.0000E+00  0.0000E+00  0.0000E+00  0.0000E+00  0.0000E+00  0.0000E+00
     -8.221  0.0000E+00  0.0000E+00  0.0000E+00  0.0000E+00  0.0000E+00  0.0000E+00  0.0000E+00  0.0000E+00  0.0000E+00
     -8.129  0.0000E+00  0.0000E+00  0.0000E+00  0.0000E+00  0.0000E+00  0.0000E+00  0.0000E+00  0.0000E+00  0.0000E+00
     -8.037  0.0000E+00  0.0000E+00  0.0000E+00  0.0000E+00  0.0000E+00  0.0000E+00  0.0000E+00  0.0000E+00  0.0000E+00
     -7.946  0.0000E+00  0.0000E+00  0.0000E+00  0.0000E+00  0.0000E+00  0.0000E+00  0.0000E+00  0.0000E+00  0.0000E+00
     -7.854  0.0000E+00  0.0000E+00  0.0000E+00  0.0000E+00  0.0000E+00  0.0000E+00  0.0000E+00  0.0000E+00  0.0000E+00
     -7.762  0.0000E+00  0.0000E+00  0.0000E+00  0.0000E+00  0.0000E+00  0.0000E+00  0.0000E+00  0.0000E+00  0.0000E+00
     -7.671  0.0000E+00  0.0000E+00  0.0000E+00  0.0000E+00  0.0000E+00  0.0000E+00  0.0000E+00  0.0000E+00  0.0000E+00
     -7.579  0.0000E+00  0.0000E+00  0.0000E+00  0.0000E+00  0.0000E+00  0.0000E+00  0.0000E+00  0.0000E+00  0.0000E+00
     -7.487  0.0000E+00  0.0000E+00  0.0000E+00  0.0000E+00  0.0000E+00  0.0000E+00  0.0000E+00  0.0000E+00  0.0000E+00
     -7.396  0.0000E+00  0.0000E+00  0.0000E+00  0.0000E+00  0.0000E+00  0.0000E+00  0.0000E+00  0.0000E+00  0.0000E+00
     -7.304  0.0000E+00  0.0000E+00  0.0000E+00  0.0000E+00  0.0000E+00  0.0000E+00  0.0000E+00  0.0000E+00  0.0000E+00
     -7.212  0.0000E+00  0.0000E+00  0.0000E+00  0.0000E+00  0.0000E+00  0.0000E+00  0.0000E+00  0.0000E+00  0.0000E+00
     -7.121  0.0000E+00  0.0000E+00  0.0000E+00  0.0000E+00  0.0000E+00  0.0000E+00  0.0000E+00  0.0000E+00  0.0000E+00
     -7.029  0.0000E+00  0.0000E+00  0.0000E+00  0.0000E+00  0.0000E+00  0.0000E+00  0.0000E+00  0.0000E+00  0.0000E+00
     -6.937  0.0000E+00  0.0000E+00  0.0000E+00  0.0000E+00  0.0000E+00  0.0000E+00  0.0000E+00  0.0000E+00  0.0000E+00
     -6.845  0.0000E+00  0.0000E+00  0.0000E+00  0.0000E+00  0.0000E+00  0.0000E+00  0.0000E+00  0.0000E+00  0.0000E+00
     -6.754  0.7387E-02  0.2130E-05  0.2130E-05  0.2130E-05  0.0000E+00  0.0000E+00  0.0000E+00  0.0000E+00  0.0000E+00
     -6.662  0.2808E-01  0.4608E-04  0.4608E-04  0.4608E-04  0.0000E+00  0.0000E+00  0.0000E+00  0.0000E+00  0.0000E+00
     -6.570  0.3109E-01  0.1051E-03  0.1051E-03  0.1051E-03  0.0000E+00  0.0000E+00  0.0000E+00  0.0000E+00  0.0000E+00
     -6.479  0.3635E-01  0.1813E-03  0.1813E-03  0.1813E-03  0.0000E+00  0.0000E+00  0.0000E+00  0.0000E+00  0.0000E+00
     -6.387  0.4207E-01  0.2726E-03  0.2726E-03  0.2726E-03  0.0000E+00  0.0000E+00  0.0000E+00  0.0000E+00  0.0000E+00
     -6.295  0.4725E-01  0.3738E-03  0.3738E-03  0.3738E-03  0.0000E+00  0.0000E+00  0.0000E+00  0.0000E+00  0.0000E+00
     -6.204  0.5158E-01  0.4904E-03  0.4904E-03  0.4904E-03  0.0000E+00  0.0000E+00  0.0000E+00  0.0000E+00  0.0000E+00
     -6.112  0.5623E-01  0.6099E-03  0.6099E-03  0.6099E-03  0.0000E+00  0.0000E+00  0.0000E+00  0.0000E+00  0.0000E+00
     -6.020  0.6002E-01  0.7463E-03  0.7463E-03  0.7463E-03  0.0000E+00  0.0000E+00  0.0000E+00  0.0000E+00  0.0000E+00
     -5.929  0.6413E-01  0.8845E-03  0.8845E-03  0.8845E-03  0.0000E+00  0.0000E+00  0.0000E+00  0.0000E+00  0.0000E+00
     -5.837  0.6775E-01  0.1037E-02  0.1037E-02  0.1037E-02  0.0000E+00  0.0000E+00  0.0000E+00  0.0000E+00  0.0000E+00
     -5.745  0.7149E-01  0.1194E-02  0.1194E-02  0.1194E-02  0.0000E+00  0.0000E+00  0.0000E+00  0.0000E+00  0.0000E+00
     -5.654  0.7525E-01  0.1358E-02  0.1358E-02  0.1358E-02  0.0000E+00  0.0000E+00  0.0000E+00  0.0000E+00  0.0000E+00
     -5.562  0.7874E-01  0.1536E-02  0.1536E-02  0.1536E-02  0.0000E+00  0.0000E+00  0.0000E+00  0.0000E+00  0.0000E+00
     -5.470  0.8252E-01  0.1713E-02  0.1713E-02  0.1713E-02  0.0000E+00  0.0000E+00  0.0000E+00  0.0000E+00  0.0000E+00
     -5.379  0.8612E-01  0.1906E-02  0.1906E-02  0.1906E-02  0.0000E+00  0.0000E+00  0.0000E+00  0.0000E+00  0.0000E+00
     -5.287  0.8982E-01  0.2105E-02  0.2105E-02  0.2105E-02  0.0000E+00  0.0000E+00  0.0000E+00  0.0000E+00  0.0000E+00
     -5.195  0.9379E-01  0.2306E-02  0.2306E-02  0.2306E-02  0.0000E+00  0.0000E+00  0.0000E+00  0.0000E+00  0.0000E+00
     -5.104  0.9770E-01  0.2527E-02  0.2527E-02  0.2527E-02  0.0000E+00  0.0000E+00  0.0000E+00  0.0000E+00  0.0000E+00
     -5.012  0.1019E+00  0.2755E-02  0.2755E-02  0.2755E-02  0.0000E+00  0.0000E+00  0.0000E+00  0.0000E+00  0.0000E+00
     -4.920  0.1065E+00  0.2987E-02  0.2987E-02  0.2987E-02  0.0000E+00  0.0000E+00  0.0000E+00  0.0000E+00  0.0000E+00
     -4.828  0.1113E+00  0.3245E-02  0.3245E-02  0.3245E-02  0.0000E+00  0.0000E+00  0.0000E+00  0.0000E+00  0.0000E+00
     -4.737  0.1167E+00  0.3517E-02  0.3517E-02  0.3517E-02  0.0000E+00  0.0000E+00  0.0000E+00  0.0000E+00  0.0000E+00
     -4.645  0.1229E+00  0.3805E-02  0.3805E-02  0.3805E-02  0.0000E+00  0.0000E+00  0.0000E+00  0.0000E+00  0.0000E+00
     -4.553  0.1302E+00  0.4130E-02  0.4130E-02  0.4130E-02  0.0000E+00  0.0000E+00  0.0000E+00  0.0000E+00  0.0000E+00
     -4.462  0.1398E+00  0.4517E-02  0.4517E-02  0.4517E-02  0.0000E+00  0.0000E+00  0.0000E+00  0.0000E+00  0.0000E+00
     -4.370  0.1545E+00  0.5016E-02  0.5016E-02  0.5016E-02  0.0000E+00  0.0000E+00  0.0000E+00  0.0000E+00  0.0000E+00
     -4.278  0.1827E+00  0.5829E-02  0.5829E-02  0.5829E-02  0.0000E+00  0.0000E+00  0.0000E+00  0.0000E+00  0.0000E+00
     -4.187  0.1765E+00  0.5940E-02  0.5940E-02  0.5940E-02  0.0000E+00  0.0000E+00  0.0000E+00  0.0000E+00  0.0000E+00
     -4.095  0.1695E+00  0.5974E-02  0.5974E-02  0.5974E-02  0.0000E+00  0.0000E+00  0.0000E+00  0.0000E+00  0.0000E+00
     -4.003  0.1644E+00  0.6043E-02  0.6043E-02  0.6043E-02  0.0000E+00  0.0000E+00  0.0000E+00  0.0000E+00  0.0000E+00
     -3.912  0.1574E+00  0.6075E-02  0.6075E-02  0.6075E-02  0.0000E+00  0.0000E+00  0.0000E+00  0.0000E+00  0.0000E+00
     -3.820  0.1507E+00  0.6068E-02  0.6068E-02  0.6068E-02  0.0000E+00  0.0000E+00  0.0000E+00  0.0000E+00  0.0000E+00
     -3.728  0.1450E+00  0.6071E-02  0.6071E-02  0.6071E-02  0.0000E+00  0.0000E+00  0.0000E+00  0.0000E+00  0.0000E+00
     -3.637  0.1383E+00  0.6045E-02  0.6045E-02  0.6045E-02  0.0000E+00  0.0000E+00  0.0000E+00  0.0000E+00  0.0000E+00
     -3.545  0.1324E+00  0.6005E-02  0.6005E-02  0.6005E-02  0.0000E+00  0.0000E+00  0.0000E+00  0.0000E+00  0.0000E+00
     -3.453  0.1261E+00  0.5936E-02  0.5936E-02  0.5936E-02  0.0000E+00  0.0000E+00  0.0000E+00  0.0000E+00  0.0000E+00
     -3.362  0.1199E+00  0.5862E-02  0.5862E-02  0.5862E-02  0.0000E+00  0.0000E+00  0.0000E+00  0.0000E+00  0.0000E+00
     -3.270  0.1137E+00  0.5757E-02  0.5757E-02  0.5757E-02  0.0000E+00  0.0000E+00  0.0000E+00  0.0000E+00  0.0000E+00
     -3.178  0.1068E+00  0.5611E-02  0.5611E-02  0.5611E-02  0.0000E+00  0.0000E+00  0.0000E+00  0.0000E+00  0.0000E+00
     -3.086  0.1003E+00  0.5460E-02  0.5460E-02  0.5460E-02  0.0000E+00  0.0000E+00  0.0000E+00  0.0000E+00  0.0000E+00
     -2.995  0.9323E-01  0.5263E-02  0.5263E-02  0.5263E-02  0.0000E+00  0.0000E+00  0.0000E+00  0.0000E+00  0.0000E+00
     -2.903  0.8605E-01  0.5034E-02  0.5034E-02  0.5034E-02  0.0000E+00  0.0000E+00  0.0000E+00  0.0000E+00  0.0000E+00
     -2.811  0.7929E-01  0.4800E-02  0.4800E-02  0.4800E-02  0.0000E+00  0.0000E+00  0.0000E+00  0.0000E+00  0.0000E+00
     -2.720  0.7100E-01  0.4487E-02  0.4487E-02  0.4487E-02  0.0000E+00  0.0000E+00  0.0000E+00  0.0000E+00  0.0000E+00
     -2.628  0.6540E-01  0.4321E-02  0.4321E-02  0.4321E-02  0.0000E+00  0.0000E+00  0.0000E+00  0.0000E+00  0.0000E+00
     -2.536  0.5106E-01  0.3516E-02  0.3516E-02  0.3516E-02  0.0000E+00  0.0000E+00  0.0000E+00  0.0000E+00  0.0000E+00
     -2.445  0.2379E-01  0.1689E-02  0.1689E-02  0.1689E-02  0.0000E+00  0.0000E+00  0.0000E+00  0.0000E+00  0.0000E+00
     -2.353  0.7756E-02  0.5456E-03  0.5456E-03  0.5456E-03  0.0000E+00  0.0000E+00  0.0000E+00  0.0000E+00  0.0000E+00
     -2.261  0.7329E-02  0.6052E-03  0.6052E-03  0.6052E-03  0.0000E+00  0.0000E+00  0.0000E+00  0.0000E+00  0.0000E+00
     -2.170  0.1890E-01  0.1613E-02  0.1613E-02  0.1613E-02  0.0000E+00  0.0000E+00  0.0000E+00  0.0000E+00  0.0000E+00
     -2.078  0.3446E-01  0.2966E-02  0.2966E-02  0.2966E-02  0.0000E+00  0.0000E+00  0.0000E+00  0.0000E+00  0.0000E+00
     -1.986  0.4632E-01  0.4061E-02  0.4061E-02  0.4061E-02  0.0000E+00  0.0000E+00  0.0000E+00  0.0000E+00  0.0000E+00
     -1.895  0.5685E-01  0.5167E-02  0.5167E-02  0.5167E-02  0.0000E+00  0.0000E+00  0.0000E+00  0.0000E+00  0.0000E+00
     -1.803  0.6543E-01  0.6144E-02  0.6144E-02  0.6144E-02  0.0000E+00  0.0000E+00  0.0000E+00  0.0000E+00  0.0000E+00
     -1.711  0.7405E-01  0.7219E-02  0.7219E-02  0.7219E-02  0.0000E+00  0.0000E+00  0.0000E+00  0.0000E+00  0.0000E+00
     -1.620  0.8376E-01  0.8549E-02  0.8549E-02  0.8549E-02  0.0000E+00  0.0000E+00  0.0000E+00  0.0000E+00  0.0000E+00
     -1.528  0.9346E-01  0.9992E-02  0.9992E-02  0.9992E-02  0.0000E+00  0.0000E+00  0.0000E+00  0.0000E+00  0.0000E+00
     -1.436  0.1280E+00  0.1877E-01  0.1877E-01  0.1877E-01  0.0000E+00  0.0000E+00  0.0000E+00  0.0000E+00  0.0000E+00
     -1.345  0.1937E+00  0.3432E-01  0.3432E-01  0.3432E-01  0.0000E+00  0.0000E+00  0.0000E+00  0.0000E+00  0.0000E+00
     -1.253  0.2462E+00  0.4501E-01  0.4501E-01  0.4501E-01  0.0000E+00  0.0000E+00  0.0000E+00  0.0000E+00  0.0000E+00
     -1.161  0.1557E+00  0.2745E-01  0.2745E-01  0.2745E-01  0.0000E+00  0.0000E+00  0.0000E+00  0.0000E+00  0.0000E+00
     -1.069  0.1319E+00  0.2321E-01  0.2321E-01  0.2321E-01  0.0000E+00  0.0000E+00  0.0000E+00  0.0000E+00  0.0000E+00
     -0.978  0.1164E+00  0.2065E-01  0.2065E-01  0.2065E-01  0.0000E+00  0.0000E+00  0.0000E+00  0.0000E+00  0.0000E+00
     -0.886  0.1049E+00  0.1883E-01  0.1883E-01  0.1883E-01  0.0000E+00  0.0000E+00  0.0000E+00  0.0000E+00  0.0000E+00
     -0.794  0.9678E-01  0.1757E-01  0.1757E-01  0.1757E-01  0.0000E+00  0.0000E+00  0.0000E+00  0.0000E+00  0.0000E+00
     -0.703  0.8929E-01  0.1647E-01  0.1647E-01  0.1647E-01  0.0000E+00  0.0000E+00  0.0000E+00  0.0000E+00  0.0000E+00
     -0.611  0.8235E-01  0.1547E-01  0.1547E-01  0.1547E-01  0.0000E+00  0.0000E+00  0.0000E+00  0.0000E+00  0.0000E+00
     -0.519  0.7752E-01  0.1478E-01  0.1478E-01  0.1478E-01  0.0000E+00  0.0000E+00  0.0000E+00  0.0000E+00  0.0000E+00
     -0.428  0.7276E-01  0.1413E-01  0.1413E-01  0.1413E-01  0.0000E+00  0.0000E+00  0.0000E+00  0.0000E+00  0.0000E+00
     -0.336  0.6794E-01  0.1346E-01  0.1346E-01  0.1346E-01  0.0000E+00  0.0000E+00  0.0000E+00  0.0000E+00  0.0000E+00
     -0.244  0.6379E-01  0.1289E-01  0.1289E-01  0.1289E-01  0.0000E+00  0.0000E+00  0.0000E+00  0.0000E+00  0.0000E+00
     -0.153  0.6051E-01  0.1245E-01  0.1245E-01  0.1245E-01  0.0000E+00  0.0000E+00  0.0000E+00  0.0000E+00  0.0000E+00
     -0.061  0.5712E-01  0.1199E-01  0.1199E-01  0.1199E-01  0.0000E+00  0.0000E+00  0.0000E+00  0.0000E+00  0.0000E+00
      0.031  0.5347E-01  0.1148E-01  0.1148E-01  0.1148E-01  0.0000E+00  0.0000E+00  0.0000E+00  0.0000E+00  0.0000E+00
      0.122  0.5058E-01  0.1108E-01  0.1108E-01  0.1108E-01  0.0000E+00  0.0000E+00  0.0000E+00  0.0000E+00  0.0000E+00
      0.214  0.4816E-01  0.1076E-01  0.1076E-01  0.1076E-01  0.0000E+00  0.0000E+00  0.0000E+00  0.0000E+00  0.0000E+00
      0.306  0.4563E-01  0.1041E-01  0.1041E-01  0.1041E-01  0.0000E+00  0.0000E+00  0.0000E+00  0.0000E+00  0.0000E+00
      0.397  0.4286E-01  0.1001E-01  0.1001E-01  0.1001E-01  0.0000E+00  0.0000E+00  0.0000E+00  0.0000E+00  0.0000E+00
      0.489  0.4038E-01  0.9640E-02  0.9640E-02  0.9640E-02  0.0000E+00  0.0000E+00  0.0000E+00  0.0000E+00  0.0000E+00
      0.581  0.3853E-01  0.9382E-02  0.9382E-02  0.9382E-02  0.0000E+00  0.0000E+00  0.0000E+00  0.0000E+00  0.0000E+00
      0.673  0.3665E-01  0.9113E-02  0.9113E-02  0.9113E-02  0.0000E+00  0.0000E+00  0.0000E+00  0.0000E+00  0.0000E+00
      0.764  0.3456E-01  0.8797E-02  0.8797E-02  0.8797E-02  0.0000E+00  0.0000E+00  0.0000E+00  0.0000E+00  0.0000E+00
      0.856  0.3226E-01  0.8425E-02  0.8425E-02  0.8425E-02  0.0000E+00  0.0000E+00  0.0000E+00  0.0000E+00  0.0000E+00
      0.948  0.3079E-01  0.8204E-02  0.8204E-02  0.8204E-02  0.0000E+00  0.0000E+00  0.0000E+00  0.0000E+00  0.0000E+00
      1.039  0.2935E-01  0.7987E-02  0.7987E-02  0.7987E-02  0.0000E+00  0.0000E+00  0.0000E+00  0.0000E+00  0.0000E+00
      1.131  0.2782E-01  0.7744E-02  0.7744E-02  0.7744E-02  0.0000E+00  0.0000E+00  0.0000E+00  0.0000E+00  0.0000E+00
      1.223  0.2730E-01  0.2206E-01  0.2206E-01  0.2206E-01  0.0000E+00  0.0000E+00  0.0000E+00  0.0000E+00  0.0000E+00
      1.314  0.2726E-01  0.3282E-01  0.3282E-01  0.3282E-01  0.0000E+00  0.0000E+00  0.0000E+00  0.0000E+00  0.0000E+00
      1.406  0.2854E-01  0.4565E-01  0.4565E-01  0.4565E-01  0.0000E+00  0.0000E+00  0.0000E+00  0.0000E+00  0.0000E+00
      1.498  0.3093E-01  0.6184E-01  0.6184E-01  0.6184E-01  0.0000E+00  0.0000E+00  0.0000E+00  0.0000E+00  0.0000E+00
      1.589  0.3094E-01  0.5746E-01  0.5746E-01  0.5746E-01  0.0000E+00  0.0000E+00  0.0000E+00  0.0000E+00  0.0000E+00
      1.681  0.3080E-01  0.5397E-01  0.5397E-01  0.5397E-01  0.0000E+00  0.0000E+00  0.0000E+00  0.0000E+00  0.0000E+00
      1.773  0.3020E-01  0.5105E-01  0.5105E-01  0.5105E-01  0.0000E+00  0.0000E+00  0.0000E+00  0.0000E+00  0.0000E+00
      1.864  0.3007E-01  0.4969E-01  0.4969E-01  0.4969E-01  0.0000E+00  0.0000E+00  0.0000E+00  0.0000E+00  0.0000E+00
      1.956  0.2999E-01  0.5181E-01  0.5181E-01  0.5181E-01  0.0000E+00  0.0000E+00  0.0000E+00  0.0000E+00  0.0000E+00
      2.048  0.2933E-01  0.5135E-01  0.5135E-01  0.5135E-01  0.0000E+00  0.0000E+00  0.0000E+00  0.0000E+00  0.0000E+00
      2.139  0.2862E-01  0.5276E-01  0.5276E-01  0.5276E-01  0.0000E+00  0.0000E+00  0.0000E+00  0.0000E+00  0.0000E+00
      2.231  0.2785E-01  0.5525E-01  0.5525E-01  0.5525E-01  0.0000E+00  0.0000E+00  0.0000E+00  0.0000E+00  0.0000E+00
      2.323  0.2734E-01  0.5721E-01  0.5721E-01  0.5721E-01  0.0000E+00  0.0000E+00  0.0000E+00  0.0000E+00  0.0000E+00
      2.414  0.2667E-01  0.5865E-01  0.5865E-01  0.5865E-01  0.0000E+00  0.0000E+00  0.0000E+00  0.0000E+00  0.0000E+00
      2.506  0.2601E-01  0.6324E-01  0.6324E-01  0.6324E-01  0.0000E+00  0.0000E+00  0.0000E+00  0.0000E+00  0.0000E+00
      2.598  0.2521E-01  0.6691E-01  0.6691E-01  0.6691E-01  0.0000E+00  0.0000E+00  0.0000E+00  0.0000E+00  0.0000E+00
      2.690  0.2422E-01  0.7453E-01  0.7453E-01  0.7453E-01  0.0000E+00  0.0000E+00  0.0000E+00  0.0000E+00  0.0000E+00
      2.781  0.2320E-01  0.9096E-01  0.9096E-01  0.9096E-01  0.0000E+00  0.0000E+00  0.0000E+00  0.0000E+00  0.0000E+00
      2.873  0.2233E-01  0.8741E-01  0.8741E-01  0.8741E-01  0.0000E+00  0.0000E+00  0.0000E+00  0.0000E+00  0.0000E+00
      2.965  0.2154E-01  0.8753E-01  0.8753E-01  0.8753E-01  0.0000E+00  0.0000E+00  0.0000E+00  0.0000E+00  0.0000E+00
      3.056  0.2062E-01  0.8572E-01  0.8572E-01  0.8572E-01  0.0000E+00  0.0000E+00  0.0000E+00  0.0000E+00  0.0000E+00
      3.148  0.1957E-01  0.8492E-01  0.8492E-01  0.8492E-01  0.0000E+00  0.0000E+00  0.0000E+00  0.0000E+00  0.0000E+00
      3.240  0.1839E-01  0.8436E-01  0.8436E-01  0.8436E-01  0.0000E+00  0.0000E+00  0.0000E+00  0.0000E+00  0.0000E+00
      3.331  0.1751E-01  0.8337E-01  0.8337E-01  0.8337E-01  0.0000E+00  0.0000E+00  0.0000E+00  0.0000E+00  0.0000E+00
      3.423  0.1671E-01  0.8297E-01  0.8297E-01  0.8297E-01  0.0000E+00  0.0000E+00  0.0000E+00  0.0000E+00  0.0000E+00
      3.515  0.1587E-01  0.8170E-01  0.8170E-01  0.8170E-01  0.0000E+00  0.0000E+00  0.0000E+00  0.0000E+00  0.0000E+00
      3.606  0.1502E-01  0.8118E-01  0.8118E-01  0.8118E-01  0.0000E+00  0.0000E+00  0.0000E+00  0.0000E+00  0.0000E+00
      3.698  0.1401E-01  0.8083E-01  0.8083E-01  0.8083E-01  0.0000E+00  0.0000E+00  0.0000E+00  0.0000E+00  0.0000E+00
      3.790  0.1282E-01  0.7966E-01  0.7966E-01  0.7966E-01  0.0000E+00  0.0000E+00  0.0000E+00  0.0000E+00  0.0000E+00
      3.881  0.1193E-01  0.7872E-01  0.7872E-01  0.7872E-01  0.0000E+00  0.0000E+00  0.0000E+00  0.0000E+00  0.0000E+00
      3.973  0.1111E-01  0.7862E-01  0.7862E-01  0.7862E-01  0.0000E+00  0.0000E+00  0.0000E+00  0.0000E+00  0.0000E+00
      4.065  0.1021E-01  0.7830E-01  0.7830E-01  0.7830E-01  0.0000E+00  0.0000E+00  0.0000E+00  0.0000E+00  0.0000E+00
      4.156  0.9264E-02  0.7778E-01  0.7778E-01  0.7778E-01  0.0000E+00  0.0000E+00  0.0000E+00  0.0000E+00  0.0000E+00
      4.248  0.8350E-02  0.7700E-01  0.7700E-01  0.7700E-01  0.0000E+00  0.0000E+00  0.0000E+00  0.0000E+00  0.0000E+00
      4.340  0.7447E-02  0.7635E-01  0.7635E-01  0.7635E-01  0.0000E+00  0.0000E+00  0.0000E+00  0.0000E+00  0.0000E+00
      4.432  0.6732E-02  0.7663E-01  0.7663E-01  0.7663E-01  0.0000E+00  0.0000E+00  0.0000E+00  0.0000E+00  0.0000E+00
      4.523  0.6034E-02  0.6890E-01  0.6890E-01  0.6890E-01  0.0000E+00  0.0000E+00  0.0000E+00  0.0000E+00  0.0000E+00
      4.615  0.5466E-02  0.5395E-01  0.5395E-01  0.5395E-01  0.0000E+00  0.0000E+00  0.0000E+00  0.0000E+00  0.0000E+00
      4.707  0.4792E-02  0.4712E-01  0.4712E-01  0.4712E-01  0.0000E+00  0.0000E+00  0.0000E+00  0.0000E+00  0.0000E+00
      4.798  0.4087E-02  0.4167E-01  0.4167E-01  0.4167E-01  0.0000E+00  0.0000E+00  0.0000E+00  0.0000E+00  0.0000E+00
      4.890  0.3474E-02  0.3692E-01  0.3692E-01  0.3692E-01  0.0000E+00  0.0000E+00  0.0000E+00  0.0000E+00  0.0000E+00
      4.982  0.2980E-02  0.3267E-01  0.3267E-01  0.3267E-01  0.0000E+00  0.0000E+00  0.0000E+00  0.0000E+00  0.0000E+00
      5.073  0.2557E-02  0.2931E-01  0.2931E-01  0.2931E-01  0.0000E+00  0.0000E+00  0.0000E+00  0.0000E+00  0.0000E+00
      5.165  0.2064E-02  0.2583E-01  0.2583E-01  0.2583E-01  0.0000E+00  0.0000E+00  0.0000E+00  0.0000E+00  0.0000E+00
      5.257  0.1619E-02  0.2262E-01  0.2262E-01  0.2262E-01  0.0000E+00  0.0000E+00  0.0000E+00  0.0000E+00  0.0000E+00
      5.348  0.1215E-02  0.1963E-01  0.1963E-01  0.1963E-01  0.0000E+00  0.0000E+00  0.0000E+00  0.0000E+00  0.0000E+00
      5.440  0.9088E-03  0.1658E-01  0.1658E-01  0.1658E-01  0.0000E+00  0.0000E+00  0.0000E+00  0.0000E+00  0.0000E+00
      5.532  0.6189E-03  0.1324E-01  0.1324E-01  0.1324E-01  0.0000E+00  0.0000E+00  0.0000E+00  0.0000E+00  0.0000E+00
      5.623  0.3180E-03  0.1054E-01  0.1054E-01  0.1054E-01  0.0000E+00  0.0000E+00  0.0000E+00  0.0000E+00  0.0000E+00
      5.715  0.9811E-04  0.5660E-02  0.5660E-02  0.5660E-02  0.0000E+00  0.0000E+00  0.0000E+00  0.0000E+00  0.0000E+00
      5.807  0.0000E+00  0.0000E+00  0.0000E+00  0.0000E+00  0.0000E+00  0.0000E+00  0.0000E+00  0.0000E+00  0.0000E+00
      5.898  0.0000E+00  0.0000E+00  0.0000E+00  0.0000E+00  0.0000E+00  0.0000E+00  0.0000E+00  0.0000E+00  0.0000E+00
      5.990  0.0000E+00  0.0000E+00  0.0000E+00  0.0000E+00  0.0000E+00  0.0000E+00  0.0000E+00  0.0000E+00  0.0000E+00
      6.082  0.0000E+00  0.0000E+00  0.0000E+00  0.0000E+00  0.0000E+00  0.0000E+00  0.0000E+00  0.0000E+00  0.0000E+00
      6.173  0.0000E+00  0.0000E+00  0.0000E+00  0.0000E+00  0.0000E+00  0.0000E+00  0.0000E+00  0.0000E+00  0.0000E+00
      6.265  0.0000E+00  0.0000E+00  0.0000E+00  0.0000E+00  0.0000E+00  0.0000E+00  0.0000E+00  0.0000E+00  0.0000E+00
      6.357  0.0000E+00  0.0000E+00  0.0000E+00  0.0000E+00  0.0000E+00  0.0000E+00  0.0000E+00  0.0000E+00  0.0000E+00
      6.449  0.0000E+00  0.0000E+00  0.0000E+00  0.0000E+00  0.0000E+00  0.0000E+00  0.0000E+00  0.0000E+00  0.0000E+00
      6.540  0.0000E+00  0.0000E+00  0.0000E+00  0.0000E+00  0.0000E+00  0.0000E+00  0.0000E+00  0.0000E+00  0.0000E+00
      6.632  0.3589E-02  0.1050E-02  0.1050E-02  0.1050E-02  0.0000E+00  0.0000E+00  0.0000E+00  0.0000E+00  0.0000E+00
      6.724  0.7954E-02  0.2422E-02  0.2422E-02  0.2422E-02  0.0000E+00  0.0000E+00  0.0000E+00  0.0000E+00  0.0000E+00
      6.815  0.1199E-01  0.3753E-02  0.3753E-02  0.3753E-02  0.0000E+00  0.0000E+00  0.0000E+00  0.0000E+00  0.0000E+00
      6.907  0.1480E-01  0.4888E-02  0.4888E-02  0.4888E-02  0.0000E+00  0.0000E+00  0.0000E+00  0.0000E+00  0.0000E+00
      6.999  0.1687E-01  0.5876E-02  0.5876E-02  0.5876E-02  0.0000E+00  0.0000E+00  0.0000E+00  0.0000E+00  0.0000E+00
      7.090  0.1893E-01  0.6927E-02  0.6927E-02  0.6927E-02  0.0000E+00  0.0000E+00  0.0000E+00  0.0000E+00  0.0000E+00
      7.182  0.2120E-01  0.8080E-02  0.8080E-02  0.8080E-02  0.0000E+00  0.0000E+00  0.0000E+00  0.0000E+00  0.0000E+00
      7.274  0.2323E-01  0.9305E-02  0.9305E-02  0.9305E-02  0.0000E+00  0.0000E+00  0.0000E+00  0.0000E+00  0.0000E+00
      7.365  0.2446E-01  0.1026E-01  0.1026E-01  0.1026E-01  0.0000E+00  0.0000E+00  0.0000E+00  0.0000E+00  0.0000E+00
      7.457  0.2603E-01  0.1142E-01  0.1142E-01  0.1142E-01  0.0000E+00  0.0000E+00  0.0000E+00  0.0000E+00  0.0000E+00
      7.549  0.2755E-01  0.1260E-01  0.1260E-01  0.1260E-01  0.0000E+00  0.0000E+00  0.0000E+00  0.0000E+00  0.0000E+00
      7.640  0.2918E-01  0.1386E-01  0.1386E-01  0.1386E-01  0.0000E+00  0.0000E+00  0.0000E+00  0.0000E+00  0.0000E+00
      7.732  0.3227E-01  0.1531E-01  0.1531E-01  0.1531E-01  0.0000E+00  0.0000E+00  0.0000E+00  0.0000E+00  0.0000E+00
      7.824  0.4491E-01  0.1742E-01  0.1742E-01  0.1742E-01  0.0000E+00  0.0000E+00  0.0000E+00  0.0000E+00  0.0000E+00
      7.915  0.5196E-01  0.1943E-01  0.1943E-01  0.1943E-01  0.0000E+00  0.0000E+00  0.0000E+00  0.0000E+00  0.0000E+00
      8.007  0.5948E-01  0.2166E-01  0.2166E-01  0.2166E-01  0.0000E+00  0.0000E+00  0.0000E+00  0.0000E+00  0.0000E+00
      8.099  0.6765E-01  0.2428E-01  0.2428E-01  0.2428E-01  0.0000E+00  0.0000E+00  0.0000E+00  0.0000E+00  0.0000E+00
      8.191  0.7908E-01  0.2802E-01  0.2802E-01  0.2802E-01  0.0000E+00  0.0000E+00  0.0000E+00  0.0000E+00  0.0000E+00
      8.282  0.9739E-01  0.3319E-01  0.3319E-01  0.3319E-01  0.0000E+00  0.0000E+00  0.0000E+00  0.0000E+00  0.0000E+00
      8.374  0.1181E+00  0.4008E-01  0.4008E-01  0.4008E-01  0.0000E+00  0.0000E+00  0.0000E+00  0.0000E+00  0.0000E+00
      8.466  0.1037E+00  0.3965E-01  0.3965E-01  0.3965E-01  0.0000E+00  0.0000E+00  0.0000E+00  0.0000E+00  0.0000E+00
      8.557  0.9882E-01  0.4249E-01  0.4249E-01  0.4249E-01  0.0000E+00  0.0000E+00  0.0000E+00  0.0000E+00  0.0000E+00
      8.649  0.8622E-01  0.4092E-01  0.4092E-01  0.4092E-01  0.0000E+00  0.0000E+00  0.0000E+00  0.0000E+00  0.0000E+00
      8.741  0.6831E-01  0.3419E-01  0.3419E-01  0.3419E-01  0.0000E+00  0.0000E+00  0.0000E+00  0.0000E+00  0.0000E+00
      8.832  0.5974E-01  0.3239E-01  0.3239E-01  0.3239E-01  0.0000E+00  0.0000E+00  0.0000E+00  0.0000E+00  0.0000E+00
      8.924  0.5732E-01  0.3417E-01  0.3417E-01  0.3417E-01  0.0000E+00  0.0000E+00  0.0000E+00  0.0000E+00  0.0000E+00
      9.016  0.5363E-01  0.3434E-01  0.3434E-01  0.3434E-01  0.0000E+00  0.0000E+00  0.0000E+00  0.0000E+00  0.0000E+00
      9.107  0.4461E-01  0.3258E-01  0.3258E-01  0.3258E-01  0.0000E+00  0.0000E+00  0.0000E+00  0.0000E+00  0.0000E+00
      9.199  0.3730E-01  0.3169E-01  0.3169E-01  0.3169E-01  0.0000E+00  0.0000E+00  0.0000E+00  0.0000E+00  0.0000E+00
      9.291  0.3576E-01  0.4038E-01  0.4038E-01  0.4038E-01  0.0000E+00  0.0000E+00  0.0000E+00  0.0000E+00  0.0000E+00
      9.382  0.4983E-01  0.8040E-01  0.8040E-01  0.8040E-01  0.0000E+00  0.0000E+00  0.0000E+00  0.0000E+00  0.0000E+00
      9.474  0.4939E-01  0.6862E-01  0.6862E-01  0.6862E-01  0.0000E+00  0.0000E+00  0.0000E+00  0.0000E+00  0.0000E+00
      9.566  0.4881E-01  0.5508E-01  0.5508E-01  0.5508E-01  0.0000E+00  0.0000E+00  0.0000E+00  0.0000E+00  0.0000E+00
      9.657  0.4503E-01  0.5232E-01  0.5232E-01  0.5232E-01  0.0000E+00  0.0000E+00  0.0000E+00  0.0000E+00  0.0000E+00
      9.749  0.4283E-01  0.5103E-01  0.5103E-01  0.5103E-01  0.0000E+00  0.0000E+00  0.0000E+00  0.0000E+00  0.0000E+00
      9.841  0.4623E-01  0.5436E-01  0.5436E-01  0.5436E-01  0.0000E+00  0.0000E+00  0.0000E+00  0.0000E+00  0.0000E+00
      9.932  0.4904E-01  0.5249E-01  0.5249E-01  0.5249E-01  0.0000E+00  0.0000E+00  0.0000E+00  0.0000E+00  0.0000E+00
     10.024  0.6216E-01  0.5414E-01  0.5414E-01  0.5414E-01  0.0000E+00  0.0000E+00  0.0000E+00  0.0000E+00  0.0000E+00
     10.116  0.3882E-01  0.4408E-01  0.4408E-01  0.4408E-01  0.0000E+00  0.0000E+00  0.0000E+00  0.0000E+00  0.0000E+00
     10.208  0.3115E-01  0.3968E-01  0.3968E-01  0.3968E-01  0.0000E+00  0.0000E+00  0.0000E+00  0.0000E+00  0.0000E+00
     10.299  0.2807E-01  0.3712E-01  0.3712E-01  0.3712E-01  0.0000E+00  0.0000E+00  0.0000E+00  0.0000E+00  0.0000E+00
     10.391  0.2656E-01  0.3508E-01  0.3508E-01  0.3508E-01  0.0000E+00  0.0000E+00  0.0000E+00  0.0000E+00  0.0000E+00
     10.483  0.2945E-01  0.3671E-01  0.3671E-01  0.3671E-01  0.0000E+00  0.0000E+00  0.0000E+00  0.0000E+00  0.0000E+00
     10.574  0.3116E-01  0.3820E-01  0.3820E-01  0.3820E-01  0.0000E+00  0.0000E+00  0.0000E+00  0.0000E+00  0.0000E+00
     10.666  0.3538E-01  0.4275E-01  0.4275E-01  0.4275E-01  0.0000E+00  0.0000E+00  0.0000E+00  0.0000E+00  0.0000E+00
     10.758  0.3871E-01  0.4230E-01  0.4230E-01  0.4230E-01  0.0000E+00  0.0000E+00  0.0000E+00  0.0000E+00  0.0000E+00
     10.849  0.4011E-01  0.3842E-01  0.3842E-01  0.3842E-01  0.0000E+00  0.0000E+00  0.0000E+00  0.0000E+00  0.0000E+00
     10.941  0.4158E-01  0.3813E-01  0.3813E-01  0.3813E-01  0.0000E+00  0.0000E+00  0.0000E+00  0.0000E+00  0.0000E+00
     11.033  0.4175E-01  0.3868E-01  0.3868E-01  0.3868E-01  0.0000E+00  0.0000E+00  0.0000E+00  0.0000E+00  0.0000E+00
     11.124  0.4194E-01  0.3843E-01  0.3843E-01  0.3843E-01  0.0000E+00  0.0000E+00  0.0000E+00  0.0000E+00  0.0000E+00
     11.216  0.4374E-01  0.4053E-01  0.4053E-01  0.4053E-01  0.0000E+00  0.0000E+00  0.0000E+00  0.0000E+00  0.0000E+00
     11.308  0.4064E-01  0.3859E-01  0.3859E-01  0.3859E-01  0.0000E+00  0.0000E+00  0.0000E+00  0.0000E+00  0.0000E+00
     11.399  0.3882E-01  0.3769E-01  0.3769E-01  0.3769E-01  0.0000E+00  0.0000E+00  0.0000E+00  0.0000E+00  0.0000E+00
     11.491  0.3833E-01  0.3786E-01  0.3786E-01  0.3786E-01  0.0000E+00  0.0000E+00  0.0000E+00  0.0000E+00  0.0000E+00
     11.583  0.3768E-01  0.3763E-01  0.3763E-01  0.3763E-01  0.0000E+00  0.0000E+00  0.0000E+00  0.0000E+00  0.0000E+00
     11.674  0.3820E-01  0.3898E-01  0.3898E-01  0.3898E-01  0.0000E+00  0.0000E+00  0.0000E+00  0.0000E+00  0.0000E+00
     11.766  0.3608E-01  0.3714E-01  0.3714E-01  0.3714E-01  0.0000E+00  0.0000E+00  0.0000E+00  0.0000E+00  0.0000E+00
     11.858  0.3653E-01  0.3843E-01  0.3843E-01  0.3843E-01  0.0000E+00  0.0000E+00  0.0000E+00  0.0000E+00  0.0000E+00
     11.950  0.3324E-01  0.3680E-01  0.3680E-01  0.3680E-01  0.0000E+00  0.0000E+00  0.0000E+00  0.0000E+00  0.0000E+00
     12.041  0.3043E-01  0.3534E-01  0.3534E-01  0.3534E-01  0.0000E+00  0.0000E+00  0.0000E+00  0.0000E+00  0.0000E+00
     12.133  0.2893E-01  0.3525E-01  0.3525E-01  0.3525E-01  0.0000E+00  0.0000E+00  0.0000E+00  0.0000E+00  0.0000E+00
     12.225  0.2782E-01  0.3470E-01  0.3470E-01  0.3470E-01  0.0000E+00  0.0000E+00  0.0000E+00  0.0000E+00  0.0000E+00
     12.316  0.2651E-01  0.3473E-01  0.3473E-01  0.3473E-01  0.0000E+00  0.0000E+00  0.0000E+00  0.0000E+00  0.0000E+00
     12.408  0.2486E-01  0.3433E-01  0.3433E-01  0.3433E-01  0.0000E+00  0.0000E+00  0.0000E+00  0.0000E+00  0.0000E+00
     12.500  0.2382E-01  0.3516E-01  0.3516E-01  0.3516E-01  0.0000E+00  0.0000E+00  0.0000E+00  0.0000E+00  0.0000E+00
     12.591  0.2109E-01  0.3275E-01  0.3275E-01  0.3275E-01  0.0000E+00  0.0000E+00  0.0000E+00  0.0000E+00  0.0000E+00
     12.683  0.1953E-01  0.3024E-01  0.3024E-01  0.3024E-01  0.0000E+00  0.0000E+00  0.0000E+00  0.0000E+00  0.0000E+00
     12.775  0.1891E-01  0.3026E-01  0.3026E-01  0.3026E-01  0.0000E+00  0.0000E+00  0.0000E+00  0.0000E+00  0.0000E+00
     12.866  0.1894E-01  0.3107E-01  0.3107E-01  0.3107E-01  0.0000E+00  0.0000E+00  0.0000E+00  0.0000E+00  0.0000E+00
     12.958  0.2000E-01  0.3308E-01  0.3308E-01  0.3308E-01  0.0000E+00  0.0000E+00  0.0000E+00  0.0000E+00  0.0000E+00
     13.050  0.2067E-01  0.3447E-01  0.3447E-01  0.3447E-01  0.0000E+00  0.0000E+00  0.0000E+00  0.0000E+00  0.0000E+00
     13.141  0.2067E-01  0.3519E-01  0.3519E-01  0.3519E-01  0.0000E+00  0.0000E+00  0.0000E+00  0.0000E+00  0.0000E+00
     13.233  0.1763E-01  0.3153E-01  0.3153E-01  0.3153E-01  0.0000E+00  0.0000E+00  0.0000E+00  0.0000E+00  0.0000E+00
     13.325  0.1428E-01  0.2755E-01  0.2755E-01  0.2755E-01  0.0000E+00  0.0000E+00  0.0000E+00  0.0000E+00  0.0000E+00
     13.416  0.1269E-01  0.2613E-01  0.2613E-01  0.2613E-01  0.0000E+00  0.0000E+00  0.0000E+00  0.0000E+00  0.0000E+00
     13.508  0.1174E-01  0.2517E-01  0.2517E-01  0.2517E-01  0.0000E+00  0.0000E+00  0.0000E+00  0.0000E+00  0.0000E+00
     13.600  0.1039E-01  0.2326E-01  0.2326E-01  0.2326E-01  0.0000E+00  0.0000E+00  0.0000E+00  0.0000E+00  0.0000E+00
     13.691  0.9694E-02  0.2237E-01  0.2237E-01  0.2237E-01  0.0000E+00  0.0000E+00  0.0000E+00  0.0000E+00  0.0000E+00
     13.783  0.9172E-02  0.2177E-01  0.2177E-01  0.2177E-01  0.0000E+00  0.0000E+00  0.0000E+00  0.0000E+00  0.0000E+00
     13.875  0.8503E-02  0.2096E-01  0.2096E-01  0.2096E-01  0.0000E+00  0.0000E+00  0.0000E+00  0.0000E+00  0.0000E+00
     13.967  0.7560E-02  0.1999E-01  0.1999E-01  0.1999E-01  0.0000E+00  0.0000E+00  0.0000E+00  0.0000E+00  0.0000E+00
     14.058  0.7352E-02  0.2025E-01  0.2025E-01  0.2025E-01  0.0000E+00  0.0000E+00  0.0000E+00  0.0000E+00  0.0000E+00
     14.150  0.6395E-02  0.1946E-01  0.1946E-01  0.1946E-01  0.0000E+00  0.0000E+00  0.0000E+00  0.0000E+00  0.0000E+00
     14.242  0.6204E-02  0.2296E-01  0.2296E-01  0.2296E-01  0.0000E+00  0.0000E+00  0.0000E+00  0.0000E+00  0.0000E+00
     14.333  0.5142E-02  0.1849E-01  0.1849E-01  0.1849E-01  0.0000E+00  0.0000E+00  0.0000E+00  0.0000E+00  0.0000E+00
     14.425  0.4640E-02  0.1732E-01  0.1732E-01  0.1732E-01  0.0000E+00  0.0000E+00  0.0000E+00  0.0000E+00  0.0000E+00
     14.517  0.4082E-02  0.1603E-01  0.1603E-01  0.1603E-01  0.0000E+00  0.0000E+00  0.0000E+00  0.0000E+00  0.0000E+00
     14.608  0.3457E-02  0.1114E-01  0.1114E-01  0.1114E-01  0.0000E+00  0.0000E+00  0.0000E+00  0.0000E+00  0.0000E+00
     14.700  0.3173E-02  0.1024E-01  0.1024E-01  0.1024E-01  0.0000E+00  0.0000E+00  0.0000E+00  0.0000E+00  0.0000E+00
     14.792  0.2974E-02  0.9835E-02  0.9835E-02  0.9835E-02  0.0000E+00  0.0000E+00  0.0000E+00  0.0000E+00  0.0000E+00
     14.883  0.2601E-02  0.9387E-02  0.9387E-02  0.9387E-02  0.0000E+00  0.0000E+00  0.0000E+00  0.0000E+00  0.0000E+00
     14.975  0.2515E-02  0.9937E-02  0.9937E-02  0.9937E-02  0.0000E+00  0.0000E+00  0.0000E+00  0.0000E+00  0.0000E+00
     15.067  0.1929E-02  0.8225E-02  0.8225E-02  0.8225E-02  0.0000E+00  0.0000E+00  0.0000E+00  0.0000E+00  0.0000E+00
     15.158  0.1649E-02  0.7280E-02  0.7280E-02  0.7280E-02  0.0000E+00  0.0000E+00  0.0000E+00  0.0000E+00  0.0000E+00
     15.250  0.1460E-02  0.6664E-02  0.6664E-02  0.6664E-02  0.0000E+00  0.0000E+00  0.0000E+00  0.0000E+00  0.0000E+00
     15.342  0.1322E-02  0.6252E-02  0.6252E-02  0.6252E-02  0.0000E+00  0.0000E+00  0.0000E+00  0.0000E+00  0.0000E+00
     15.433  0.1227E-02  0.6032E-02  0.6032E-02  0.6032E-02  0.0000E+00  0.0000E+00  0.0000E+00  0.0000E+00  0.0000E+00
     15.525  0.1131E-02  0.5793E-02  0.5793E-02  0.5793E-02  0.0000E+00  0.0000E+00  0.0000E+00  0.0000E+00  0.0000E+00
     15.617  0.9839E-03  0.5410E-02  0.5410E-02  0.5410E-02  0.0000E+00  0.0000E+00  0.0000E+00  0.0000E+00  0.0000E+00
     15.709  0.8218E-03  0.5133E-02  0.5133E-02  0.5133E-02  0.0000E+00  0.0000E+00  0.0000E+00  0.0000E+00  0.0000E+00
     15.800  0.5586E-03  0.4391E-02  0.4391E-02  0.4391E-02  0.0000E+00  0.0000E+00  0.0000E+00  0.0000E+00  0.0000E+00
     15.892  0.4463E-03  0.3713E-02  0.3713E-02  0.3713E-02  0.0000E+00  0.0000E+00  0.0000E+00  0.0000E+00  0.0000E+00
     15.984  0.3690E-03  0.3182E-02  0.3182E-02  0.3182E-02  0.0000E+00  0.0000E+00  0.0000E+00  0.0000E+00  0.0000E+00
     16.075  0.3003E-03  0.2745E-02  0.2745E-02  0.2745E-02  0.0000E+00  0.0000E+00  0.0000E+00  0.0000E+00  0.0000E+00
     16.167  0.2470E-03  0.2470E-02  0.2470E-02  0.2470E-02  0.0000E+00  0.0000E+00  0.0000E+00  0.0000E+00  0.0000E+00
     16.259  0.2008E-03  0.2372E-02  0.2372E-02  0.2372E-02  0.0000E+00  0.0000E+00  0.0000E+00  0.0000E+00  0.0000E+00
     16.350  0.1639E-03  0.2418E-02  0.2418E-02  0.2418E-02  0.0000E+00  0.0000E+00  0.0000E+00  0.0000E+00  0.0000E+00
     16.442  0.2289E-03  0.3426E-02  0.3426E-02  0.3426E-02  0.0000E+00  0.0000E+00  0.0000E+00  0.0000E+00  0.0000E+00
     16.534  0.1862E-04  0.6273E-03  0.6273E-03  0.6273E-03  0.0000E+00  0.0000E+00  0.0000E+00  0.0000E+00  0.0000E+00
     16.625  0.5478E-05  0.1846E-03  0.1846E-03  0.1846E-03  0.0000E+00  0.0000E+00  0.0000E+00  0.0000E+00  0.0000E+00
     16.717  0.1344E-06  0.4528E-05  0.4528E-05  0.4528E-05  0.0000E+00  0.0000E+00  0.0000E+00  0.0000E+00  0.0000E+00
     16.809  0.0000E+00  0.0000E+00  0.0000E+00  0.0000E+00  0.0000E+00  0.0000E+00  0.0000E+00  0.0000E+00  0.0000E+00
     16.900  0.0000E+00  0.0000E+00  0.0000E+00  0.0000E+00  0.0000E+00  0.0000E+00  0.0000E+00  0.0000E+00  0.0000E+00
     16.992  0.0000E+00  0.0000E+00  0.0000E+00  0.0000E+00  0.0000E+00  0.0000E+00  0.0000E+00  0.0000E+00  0.0000E+00
     17.084  0.0000E+00  0.0000E+00  0.0000E+00  0.0000E+00  0.0000E+00  0.0000E+00  0.0000E+00  0.0000E+00  0.0000E+00
     17.175  0.0000E+00  0.0000E+00  0.0000E+00  0.0000E+00  0.0000E+00  0.0000E+00  0.0000E+00  0.0000E+00  0.0000E+00
     17.267  0.0000E+00  0.0000E+00  0.0000E+00  0.0000E+00  0.0000E+00  0.0000E+00  0.0000E+00  0.0000E+00  0.0000E+00
     17.359  0.0000E+00  0.0000E+00  0.0000E+00  0.0000E+00  0.0000E+00  0.0000E+00  0.0000E+00  0.0000E+00  0.0000E+00
     17.450  0.0000E+00  0.0000E+00  0.0000E+00  0.0000E+00  0.0000E+00  0.0000E+00  0.0000E+00  0.0000E+00  0.0000E+00
     17.542  0.0000E+00  0.0000E+00  0.0000E+00  0.0000E+00  0.0000E+00  0.0000E+00  0.0000E+00  0.0000E+00  0.0000E+00
     17.634  0.0000E+00  0.0000E+00  0.0000E+00  0.0000E+00  0.0000E+00  0.0000E+00  0.0000E+00  0.0000E+00  0.0000E+00
     17.726  0.0000E+00  0.0000E+00  0.0000E+00  0.0000E+00  0.0000E+00  0.0000E+00  0.0000E+00  0.0000E+00  0.0000E+00
     17.817  0.0000E+00  0.0000E+00  0.0000E+00  0.0000E+00  0.0000E+00  0.0000E+00  0.0000E+00  0.0000E+00  0.0000E+00
     17.909  0.0000E+00  0.0000E+00  0.0000E+00  0.0000E+00  0.0000E+00  0.0000E+00  0.0000E+00  0.0000E+00  0.0000E+00
     18.001  0.0000E+00  0.0000E+00  0.0000E+00  0.0000E+00  0.0000E+00  0.0000E+00  0.0000E+00  0.0000E+00  0.0000E+00
     18.092  0.0000E+00  0.0000E+00  0.0000E+00  0.0000E+00  0.0000E+00  0.0000E+00  0.0000E+00  0.0000E+00  0.0000E+00
     18.184  0.0000E+00  0.0000E+00  0.0000E+00  0.0000E+00  0.0000E+00  0.0000E+00  0.0000E+00  0.0000E+00  0.0000E+00
     18.276  0.0000E+00  0.0000E+00  0.0000E+00  0.0000E+00  0.0000E+00  0.0000E+00  0.0000E+00  0.0000E+00  0.0000E+00
     18.367  0.0000E+00  0.0000E+00  0.0000E+00  0.0000E+00  0.0000E+00  0.0000E+00  0.0000E+00  0.0000E+00  0.0000E+00
     18.459  0.0000E+00  0.0000E+00  0.0000E+00  0.0000E+00  0.0000E+00  0.0000E+00  0.0000E+00  0.0000E+00  0.0000E+00
     18.551  0.0000E+00  0.0000E+00  0.0000E+00  0.0000E+00  0.0000E+00  0.0000E+00  0.0000E+00  0.0000E+00  0.0000E+00
     18.642  0.0000E+00  0.0000E+00  0.0000E+00  0.0000E+00  0.0000E+00  0.0000E+00  0.0000E+00  0.0000E+00  0.0000E+00
     18.734  0.0000E+00  0.0000E+00  0.0000E+00  0.0000E+00  0.0000E+00  0.0000E+00  0.0000E+00  0.0000E+00  0.0000E+00
