   2   2   1   0
  0.2001432E+02  0.3839683E-09  0.3839683E-09  0.3839683E-09  0.5000000E-15
  1.000000000000000E-004
  CAR 
 Si                                      
     18.62652695     -8.78781627  301      5.74072947      1.00000000
     -8.788  0.0000E+00  0.0000E+00
     -8.696  0.0000E+00  0.0000E+00
     -8.605  0.0000E+00  0.0000E+00
     -8.514  0.0000E+00  0.0000E+00
     -8.422  0.0000E+00  0.0000E+00
     -8.331  0.0000E+00  0.0000E+00
     -8.240  0.0000E+00  0.0000E+00
     -8.148  0.0000E+00  0.0000E+00
     -8.057  0.0000E+00  0.0000E+00
     -7.965  0.0000E+00  0.0000E+00
     -7.874  0.0000E+00  0.0000E+00
     -7.783  0.0000E+00  0.0000E+00
     -7.691  0.0000E+00  0.0000E+00
     -7.600  0.0000E+00  0.0000E+00
     -7.508  0.0000E+00  0.0000E+00
     -7.417  0.0000E+00  0.0000E+00
     -7.326  0.0000E+00  0.0000E+00
     -7.234  0.0000E+00  0.0000E+00
     -7.143  0.0000E+00  0.0000E+00
     -7.052  0.0000E+00  0.0000E+00
     -6.960  0.0000E+00  0.0000E+00
     -6.869  0.0000E+00  0.0000E+00
     -6.777  0.1293E-01  0.4477E-04
     -6.686  0.1271E+00  0.6192E-02
     -6.595  0.1427E+00  0.1709E-01
     -6.503  0.1687E+00  0.3123E-01
     -6.412  0.1965E+00  0.4801E-01
     -6.321  0.2210E+00  0.6705E-01
     -6.229  0.2423E+00  0.8828E-01
     -6.138  0.2646E+00  0.1114E+00
     -6.046  0.2833E+00  0.1365E+00
     -5.955  0.3032E+00  0.1633E+00
     -5.864  0.3212E+00  0.1918E+00
     -5.772  0.3394E+00  0.2220E+00
     -5.681  0.3579E+00  0.2539E+00
     -5.589  0.3749E+00  0.2874E+00
     -5.498  0.3933E+00  0.3225E+00
     -5.407  0.4110E+00  0.3592E+00
     -5.315  0.4290E+00  0.3976E+00
     -5.224  0.4482E+00  0.4377E+00
     -5.133  0.4671E+00  0.4795E+00
     -5.041  0.4871E+00  0.5231E+00
     -4.950  0.5088E+00  0.5686E+00
     -4.858  0.5315E+00  0.6161E+00
     -4.767  0.5567E+00  0.6658E+00
     -4.676  0.5856E+00  0.7179E+00
     -4.584  0.6193E+00  0.7729E+00
     -4.493  0.6627E+00  0.8314E+00
     -4.402  0.7289E+00  0.8947E+00
     -4.310  0.8558E+00  0.9678E+00
     -4.219  0.8283E+00  0.1045E+01
     -4.127  0.7970E+00  0.1119E+01
     -4.036  0.7742E+00  0.1190E+01
     -3.945  0.7427E+00  0.1259E+01
     -3.853  0.7129E+00  0.1326E+01
     -3.762  0.6870E+00  0.1390E+01
     -3.670  0.6566E+00  0.1451E+01
     -3.579  0.6299E+00  0.1510E+01
     -3.488  0.6011E+00  0.1566E+01
     -3.396  0.5726E+00  0.1620E+01
     -3.305  0.5445E+00  0.1671E+01
     -3.214  0.5125E+00  0.1719E+01
     -3.122  0.4828E+00  0.1765E+01
     -3.031  0.4500E+00  0.1808E+01
     -2.939  0.4167E+00  0.1847E+01
     -2.848  0.3852E+00  0.1884E+01
     -2.757  0.3470E+00  0.1917E+01
     -2.665  0.3211E+00  0.1948E+01
     -2.574  0.2528E+00  0.1974E+01
     -2.483  0.1176E+00  0.1992E+01
     -2.391  0.3783E-01  0.1998E+01
     -2.300  0.3761E-01  0.2001E+01
     -2.208  0.9865E-01  0.2007E+01
     -2.117  0.1793E+00  0.2020E+01
     -2.026  0.2410E+00  0.2039E+01
     -1.934  0.2971E+00  0.2064E+01
     -1.843  0.3440E+00  0.2093E+01
     -1.751  0.3928E+00  0.2127E+01
     -1.660  0.4490E+00  0.2165E+01
     -1.569  0.5073E+00  0.2208E+01
     -1.477  0.7787E+00  0.2264E+01
     -1.386  0.1290E+01  0.2353E+01
     -1.295  0.1714E+01  0.2508E+01
     -1.203  0.1068E+01  0.2622E+01
     -1.112  0.8947E+00  0.2711E+01
     -1.020  0.7874E+00  0.2788E+01
     -0.929  0.7096E+00  0.2856E+01
     -0.838  0.6547E+00  0.2918E+01
     -0.746  0.6059E+00  0.2975E+01
     -0.655  0.5614E+00  0.3029E+01
     -0.564  0.5301E+00  0.3079E+01
     -0.472  0.5000E+00  0.3126E+01
     -0.381  0.4698E+00  0.3170E+01
     -0.289  0.4437E+00  0.3212E+01
     -0.198  0.4232E+00  0.3251E+01
     -0.107  0.4022E+00  0.3289E+01
     -0.015  0.3796E+00  0.3325E+01
      0.076  0.3616E+00  0.3358E+01
      0.168  0.3466E+00  0.3391E+01
      0.259  0.3309E+00  0.3422E+01
      0.350  0.3138E+00  0.3451E+01
      0.442  0.2982E+00  0.3479E+01
      0.533  0.2867E+00  0.3506E+01
      0.624  0.2750E+00  0.3532E+01
      0.716  0.2619E+00  0.3556E+01
      0.807  0.2473E+00  0.3579E+01
      0.899  0.2379E+00  0.3602E+01
      0.990  0.2289E+00  0.3623E+01
      1.081  0.2191E+00  0.3643E+01
      1.173  0.4524E+00  0.3666E+01
      1.264  0.6799E+00  0.3716E+01
      1.355  0.8735E+00  0.3785E+01
      1.447  0.1267E+01  0.3880E+01
      1.538  0.1185E+01  0.3990E+01
      1.630  0.1078E+01  0.4091E+01
      1.721  0.1020E+01  0.4187E+01
      1.812  0.9745E+00  0.4278E+01
      1.904  0.9784E+00  0.4367E+01
      1.995  0.9889E+00  0.4457E+01
      2.087  0.9917E+00  0.4547E+01
      2.178  0.1038E+01  0.4639E+01
      2.269  0.1046E+01  0.4733E+01
      2.361  0.1067E+01  0.4831E+01
      2.452  0.1133E+01  0.4930E+01
      2.543  0.1174E+01  0.5036E+01
      2.635  0.1240E+01  0.5146E+01
      2.726  0.1459E+01  0.5269E+01
      2.818  0.1461E+01  0.5405E+01
      2.909  0.1450E+01  0.5537E+01
      3.000  0.1416E+01  0.5668E+01
      3.092  0.1394E+01  0.5797E+01
      3.183  0.1371E+01  0.5923E+01
      3.274  0.1346E+01  0.6047E+01
      3.366  0.1327E+01  0.6169E+01
      3.457  0.1300E+01  0.6289E+01
      3.549  0.1280E+01  0.6407E+01
      3.640  0.1263E+01  0.6523E+01
      3.731  0.1234E+01  0.6637E+01
      3.823  0.1209E+01  0.6749E+01
      3.914  0.1195E+01  0.6858E+01
      4.006  0.1180E+01  0.6967E+01
      4.097  0.1161E+01  0.7074E+01
      4.188  0.1139E+01  0.7179E+01
      4.280  0.1119E+01  0.7282E+01
      4.371  0.1113E+01  0.7384E+01
      4.462  0.1045E+01  0.7484E+01
      4.554  0.7952E+00  0.7565E+01
      4.645  0.6906E+00  0.7633E+01
      4.737  0.6075E+00  0.7692E+01
      4.828  0.5350E+00  0.7744E+01
      4.919  0.4727E+00  0.7790E+01
      5.011  0.4222E+00  0.7831E+01
      5.102  0.3705E+00  0.7867E+01
      5.193  0.3230E+00  0.7898E+01
      5.285  0.2793E+00  0.7926E+01
      5.376  0.2356E+00  0.7950E+01
      5.468  0.1885E+00  0.7969E+01
      5.559  0.1527E+00  0.7985E+01
      5.650  0.9073E-01  0.7996E+01
      5.742  0.0000E+00  0.8000E+01
      5.833  0.0000E+00  0.8000E+01
      5.925  0.0000E+00  0.8000E+01
      6.016  0.0000E+00  0.8000E+01
      6.107  0.0000E+00  0.8000E+01
      6.199  0.0000E+00  0.8000E+01
      6.290  0.0000E+00  0.8000E+01
      6.381  0.0000E+00  0.8000E+01
      6.473  0.0000E+00  0.8000E+01
      6.564  0.4342E-01  0.8001E+01
      6.656  0.1435E+00  0.8010E+01
      6.747  0.2176E+00  0.8026E+01
      6.838  0.2896E+00  0.8049E+01
      6.930  0.3384E+00  0.8078E+01
      7.021  0.3856E+00  0.8111E+01
      7.113  0.4388E+00  0.8149E+01
      7.204  0.4941E+00  0.8191E+01
      7.295  0.5283E+00  0.8238E+01
      7.387  0.5709E+00  0.8288E+01
      7.478  0.6129E+00  0.8342E+01
      7.569  0.6562E+00  0.8400E+01
      7.661  0.7150E+00  0.8463E+01
      7.752  0.8288E+00  0.8533E+01
      7.844  0.9099E+00  0.8613E+01
      7.935  0.9943E+00  0.8699E+01
      8.026  0.1092E+01  0.8795E+01
      8.118  0.1227E+01  0.8900E+01
      8.209  0.1427E+01  0.9021E+01
      8.300  0.1697E+01  0.9164E+01
      8.392  0.1584E+01  0.9312E+01
      8.483  0.1617E+01  0.9458E+01
      8.575  0.1510E+01  0.9600E+01
      8.666  0.1269E+01  0.9727E+01
      8.757  0.1174E+01  0.9838E+01
      8.849  0.1178E+01  0.9944E+01
      8.940  0.1173E+01  0.1005E+02
      9.032  0.1056E+01  0.1015E+02
      9.123  0.1005E+01  0.1025E+02
      9.214  0.1145E+01  0.1034E+02
      9.306  0.2400E+01  0.1050E+02
      9.397  0.2114E+01  0.1069E+02
      9.488  0.1714E+01  0.1087E+02
      9.580  0.1592E+01  0.1102E+02
      9.671  0.1539E+01  0.1116E+02
      9.763  0.1654E+01  0.1131E+02
      9.854  0.1635E+01  0.1146E+02
      9.945  0.1677E+01  0.1161E+02
     10.037  0.1351E+01  0.1175E+02
     10.128  0.1201E+01  0.1186E+02
     10.219  0.1100E+01  0.1197E+02
     10.311  0.1029E+01  0.1206E+02
     10.402  0.1048E+01  0.1216E+02
     10.494  0.1108E+01  0.1226E+02
     10.585  0.1252E+01  0.1236E+02
     10.676  0.1321E+01  0.1249E+02
     10.768  0.1134E+01  0.1259E+02
     10.859  0.1139E+01  0.1270E+02
     10.951  0.1130E+01  0.1280E+02
     11.042  0.1144E+01  0.1291E+02
     11.133  0.1182E+01  0.1301E+02
     11.225  0.1141E+01  0.1312E+02
     11.316  0.1122E+01  0.1323E+02
     11.407  0.1119E+01  0.1333E+02
     11.499  0.1105E+01  0.1343E+02
     11.590  0.1136E+01  0.1353E+02
     11.682  0.1083E+01  0.1363E+02
     11.773  0.1123E+01  0.1373E+02
     11.864  0.1070E+01  0.1383E+02
     11.956  0.1015E+01  0.1393E+02
     12.047  0.9971E+00  0.1402E+02
     12.138  0.9829E+00  0.1411E+02
     12.230  0.9741E+00  0.1420E+02
     12.321  0.9598E+00  0.1429E+02
     12.413  0.9644E+00  0.1438E+02
     12.504  0.9335E+00  0.1447E+02
     12.595  0.8143E+00  0.1454E+02
     12.687  0.8172E+00  0.1462E+02
     12.778  0.8301E+00  0.1469E+02
     12.870  0.8907E+00  0.1477E+02
     12.961  0.9270E+00  0.1486E+02
     13.052  0.9412E+00  0.1494E+02
     13.144  0.8463E+00  0.1502E+02
     13.235  0.7396E+00  0.1510E+02
     13.326  0.6949E+00  0.1516E+02
     13.418  0.6685E+00  0.1522E+02
     13.509  0.6099E+00  0.1528E+02
     13.601  0.5793E+00  0.1534E+02
     13.692  0.5612E+00  0.1539E+02
     13.783  0.5370E+00  0.1544E+02
     13.875  0.5046E+00  0.1549E+02
     13.966  0.5033E+00  0.1553E+02
     14.057  0.4860E+00  0.1558E+02
     14.149  0.6301E+00  0.1562E+02
     14.240  0.4947E+00  0.1568E+02
     14.332  0.4396E+00  0.1572E+02
     14.423  0.3937E+00  0.1576E+02
     14.514  0.2523E+00  0.1579E+02
     14.606  0.2198E+00  0.1581E+02
     14.697  0.2093E+00  0.1583E+02
     14.789  0.1954E+00  0.1585E+02
     14.880  0.2005E+00  0.1586E+02
     14.971  0.1673E+00  0.1588E+02
     15.063  0.1468E+00  0.1590E+02
     15.154  0.1330E+00  0.1591E+02
     15.245  0.1231E+00  0.1592E+02
     15.337  0.1169E+00  0.1593E+02
     15.428  0.1106E+00  0.1594E+02
     15.520  0.1014E+00  0.1595E+02
     15.611  0.9275E-01  0.1596E+02
     15.702  0.7774E-01  0.1597E+02
     15.794  0.6440E-01  0.1597E+02
     15.885  0.5423E-01  0.1598E+02
     15.976  0.4588E-01  0.1598E+02
     16.068  0.4018E-01  0.1599E+02
     16.159  0.3755E-01  0.1599E+02
     16.251  0.3689E-01  0.1599E+02
     16.342  0.3795E-01  0.1600E+02
     16.433  0.9093E-02  0.1600E+02
     16.525  0.2524E-02  0.1600E+02
     16.616  0.2629E-04  0.1600E+02
     16.708  0.0000E+00  0.1600E+02
     16.799  0.0000E+00  0.1600E+02
     16.890  0.0000E+00  0.1600E+02
     16.982  0.0000E+00  0.1600E+02
     17.073  0.0000E+00  0.1600E+02
     17.164  0.0000E+00  0.1600E+02
     17.256  0.0000E+00  0.1600E+02
     17.347  0.0000E+00  0.1600E+02
     17.439  0.0000E+00  0.1600E+02
     17.530  0.0000E+00  0.1600E+02
     17.621  0.0000E+00  0.1600E+02
     17.713  0.0000E+00  0.1600E+02
     17.804  0.0000E+00  0.1600E+02
     17.895  0.0000E+00  0.1600E+02
     17.987  0.0000E+00  0.1600E+02
     18.078  0.0000E+00  0.1600E+02
     18.170  0.0000E+00  0.1600E+02
     18.261  0.0000E+00  0.1600E+02
     18.352  0.0000E+00  0.1600E+02
     18.444  0.0000E+00  0.1600E+02
     18.535  0.0000E+00  0.1600E+02
     18.627  0.0000E+00  0.1600E+02
     18.62652695     -8.78781627  301      5.74072947      1.00000000
     -8.788  0.0000E+00  0.0000E+00  0.0000E+00  0.0000E+00  0.0000E+00  0.0000E+00  0.0000E+00  0.0000E+00  0.0000E+00
     -8.696  0.0000E+00  0.0000E+00  0.0000E+00  0.0000E+00  0.0000E+00  0.0000E+00  0.0000E+00  0.0000E+00  0.0000E+00
     -8.605  0.0000E+00  0.0000E+00  0.0000E+00  0.0000E+00  0.0000E+00  0.0000E+00  0.0000E+00  0.0000E+00  0.0000E+00
     -8.514  0.0000E+00  0.0000E+00  0.0000E+00  0.0000E+00  0.0000E+00  0.0000E+00  0.0000E+00  0.0000E+00  0.0000E+00
     -8.422  0.0000E+00  0.0000E+00  0.0000E+00  0.0000E+00  0.0000E+00  0.0000E+00  0.0000E+00  0.0000E+00  0.0000E+00
     -8.331  0.0000E+00  0.0000E+00  0.0000E+00  0.0000E+00  0.0000E+00  0.0000E+00  0.0000E+00  0.0000E+00  0.0000E+00
     -8.240  0.0000E+00  0.0000E+00  0.0000E+00  0.0000E+00  0.0000E+00  0.0000E+00  0.0000E+00  0.0000E+00  0.0000E+00
     -8.148  0.0000E+00  0.0000E+00  0.0000E+00  0.0000E+00  0.0000E+00  0.0000E+00  0.0000E+00  0.0000E+00  0.0000E+00
     -8.057  0.0000E+00  0.0000E+00  0.0000E+00  0.0000E+00  0.0000E+00  0.0000E+00  0.0000E+00  0.0000E+00  0.0000E+00
     -7.965  0.0000E+00  0.0000E+00  0.0000E+00  0.0000E+00  0.0000E+00  0.0000E+00  0.0000E+00  0.0000E+00  0.0000E+00
     -7.874  0.0000E+00  0.0000E+00  0.0000E+00  0.0000E+00  0.0000E+00  0.0000E+00  0.0000E+00  0.0000E+00  0.0000E+00
     -7.783  0.0000E+00  0.0000E+00  0.0000E+00  0.0000E+00  0.0000E+00  0.0000E+00  0.0000E+00  0.0000E+00  0.0000E+00
     -7.691  0.0000E+00  0.0000E+00  0.0000E+00  0.0000E+00  0.0000E+00  0.0000E+00  0.0000E+00  0.0000E+00  0.0000E+00
     -7.600  0.0000E+00  0.0000E+00  0.0000E+00  0.0000E+00  0.0000E+00  0.0000E+00  0.0000E+00  0.0000E+00  0.0000E+00
     -7.508  0.0000E+00  0.0000E+00  0.0000E+00  0.0000E+00  0.0000E+00  0.0000E+00  0.0000E+00  0.0000E+00  0.0000E+00
     -7.417  0.0000E+00  0.0000E+00  0.0000E+00  0.0000E+00  0.0000E+00  0.0000E+00  0.0000E+00  0.0000E+00  0.0000E+00
     -7.326  0.0000E+00  0.0000E+00  0.0000E+00  0.0000E+00  0.0000E+00  0.0000E+00  0.0000E+00  0.0000E+00  0.0000E+00
     -7.234  0.0000E+00  0.0000E+00  0.0000E+00  0.0000E+00  0.0000E+00  0.0000E+00  0.0000E+00  0.0000E+00  0.0000E+00
     -7.143  0.0000E+00  0.0000E+00  0.0000E+00  0.0000E+00  0.0000E+00  0.0000E+00  0.0000E+00  0.0000E+00  0.0000E+00
     -7.052  0.0000E+00  0.0000E+00  0.0000E+00  0.0000E+00  0.0000E+00  0.0000E+00  0.0000E+00  0.0000E+00  0.0000E+00
     -6.960  0.0000E+00  0.0000E+00  0.0000E+00  0.0000E+00  0.0000E+00  0.0000E+00  0.0000E+00  0.0000E+00  0.0000E+00
     -6.869  0.0000E+00  0.0000E+00  0.0000E+00  0.0000E+00  0.0000E+00  0.0000E+00  0.0000E+00  0.0000E+00  0.0000E+00
     -6.777  0.2782E-02  0.7964E-06  0.7964E-06  0.7964E-06  0.0000E+00  0.0000E+00  0.0000E+00  0.0000E+00  0.0000E+00
     -6.686  0.2729E-01  0.4254E-04  0.4254E-04  0.4254E-04  0.0000E+00  0.0000E+00  0.0000E+00  0.0000E+00  0.0000E+00
     -6.595  0.3056E-01  0.1002E-03  0.1002E-03  0.1002E-03  0.0000E+00  0.0000E+00  0.0000E+00  0.0000E+00  0.0000E+00
     -6.503  0.3606E-01  0.1748E-03  0.1748E-03  0.1748E-03  0.0000E+00  0.0000E+00  0.0000E+00  0.0000E+00  0.0000E+00
     -6.412  0.4191E-01  0.2645E-03  0.2645E-03  0.2645E-03  0.0000E+00  0.0000E+00  0.0000E+00  0.0000E+00  0.0000E+00
     -6.321  0.4703E-01  0.3656E-03  0.3656E-03  0.3656E-03  0.0000E+00  0.0000E+00  0.0000E+00  0.0000E+00  0.0000E+00
     -6.229  0.5147E-01  0.4806E-03  0.4806E-03  0.4806E-03  0.0000E+00  0.0000E+00  0.0000E+00  0.0000E+00  0.0000E+00
     -6.138  0.5611E-01  0.5998E-03  0.5998E-03  0.5998E-03  0.0000E+00  0.0000E+00  0.0000E+00  0.0000E+00  0.0000E+00
     -6.046  0.5998E-01  0.7349E-03  0.7349E-03  0.7349E-03  0.0000E+00  0.0000E+00  0.0000E+00  0.0000E+00  0.0000E+00
     -5.955  0.6409E-01  0.8726E-03  0.8726E-03  0.8726E-03  0.0000E+00  0.0000E+00  0.0000E+00  0.0000E+00  0.0000E+00
     -5.864  0.6778E-01  0.1024E-02  0.1024E-02  0.1024E-02  0.0000E+00  0.0000E+00  0.0000E+00  0.0000E+00  0.0000E+00
     -5.772  0.7152E-01  0.1181E-02  0.1181E-02  0.1181E-02  0.0000E+00  0.0000E+00  0.0000E+00  0.0000E+00  0.0000E+00
     -5.681  0.7534E-01  0.1343E-02  0.1343E-02  0.1343E-02  0.0000E+00  0.0000E+00  0.0000E+00  0.0000E+00  0.0000E+00
     -5.589  0.7883E-01  0.1520E-02  0.1520E-02  0.1520E-02  0.0000E+00  0.0000E+00  0.0000E+00  0.0000E+00  0.0000E+00
     -5.498  0.8263E-01  0.1697E-02  0.1697E-02  0.1697E-02  0.0000E+00  0.0000E+00  0.0000E+00  0.0000E+00  0.0000E+00
     -5.407  0.8628E-01  0.1888E-02  0.1888E-02  0.1888E-02  0.0000E+00  0.0000E+00  0.0000E+00  0.0000E+00  0.0000E+00
     -5.315  0.8999E-01  0.2087E-02  0.2087E-02  0.2087E-02  0.0000E+00  0.0000E+00  0.0000E+00  0.0000E+00  0.0000E+00
     -5.224  0.9399E-01  0.2288E-02  0.2288E-02  0.2288E-02  0.0000E+00  0.0000E+00  0.0000E+00  0.0000E+00  0.0000E+00
     -5.133  0.9793E-01  0.2508E-02  0.2508E-02  0.2508E-02  0.0000E+00  0.0000E+00  0.0000E+00  0.0000E+00  0.0000E+00
     -5.041  0.1021E+00  0.2735E-02  0.2735E-02  0.2735E-02  0.0000E+00  0.0000E+00  0.0000E+00  0.0000E+00  0.0000E+00
     -4.950  0.1067E+00  0.2967E-02  0.2967E-02  0.2967E-02  0.0000E+00  0.0000E+00  0.0000E+00  0.0000E+00  0.0000E+00
     -4.858  0.1116E+00  0.3223E-02  0.3223E-02  0.3223E-02  0.0000E+00  0.0000E+00  0.0000E+00  0.0000E+00  0.0000E+00
     -4.767  0.1170E+00  0.3496E-02  0.3496E-02  0.3496E-02  0.0000E+00  0.0000E+00  0.0000E+00  0.0000E+00  0.0000E+00
     -4.676  0.1233E+00  0.3782E-02  0.3782E-02  0.3782E-02  0.0000E+00  0.0000E+00  0.0000E+00  0.0000E+00  0.0000E+00
     -4.584  0.1306E+00  0.4107E-02  0.4107E-02  0.4107E-02  0.0000E+00  0.0000E+00  0.0000E+00  0.0000E+00  0.0000E+00
     -4.493  0.1402E+00  0.4493E-02  0.4493E-02  0.4493E-02  0.0000E+00  0.0000E+00  0.0000E+00  0.0000E+00  0.0000E+00
     -4.402  0.1550E+00  0.4991E-02  0.4991E-02  0.4991E-02  0.0000E+00  0.0000E+00  0.0000E+00  0.0000E+00  0.0000E+00
     -4.310  0.1835E+00  0.5805E-02  0.5805E-02  0.5805E-02  0.0000E+00  0.0000E+00  0.0000E+00  0.0000E+00  0.0000E+00
     -4.219  0.1772E+00  0.5917E-02  0.5917E-02  0.5917E-02  0.0000E+00  0.0000E+00  0.0000E+00  0.0000E+00  0.0000E+00
     -4.127  0.1702E+00  0.5952E-02  0.5952E-02  0.5952E-02  0.0000E+00  0.0000E+00  0.0000E+00  0.0000E+00  0.0000E+00
     -4.036  0.1651E+00  0.6019E-02  0.6019E-02  0.6019E-02  0.0000E+00  0.0000E+00  0.0000E+00  0.0000E+00  0.0000E+00
     -3.945  0.1580E+00  0.6052E-02  0.6052E-02  0.6052E-02  0.0000E+00  0.0000E+00  0.0000E+00  0.0000E+00  0.0000E+00
     -3.853  0.1514E+00  0.6045E-02  0.6045E-02  0.6045E-02  0.0000E+00  0.0000E+00  0.0000E+00  0.0000E+00  0.0000E+00
     -3.762  0.1456E+00  0.6048E-02  0.6048E-02  0.6048E-02  0.0000E+00  0.0000E+00  0.0000E+00  0.0000E+00  0.0000E+00
     -3.670  0.1388E+00  0.6023E-02  0.6023E-02  0.6023E-02  0.0000E+00  0.0000E+00  0.0000E+00  0.0000E+00  0.0000E+00
     -3.579  0.1329E+00  0.5983E-02  0.5983E-02  0.5983E-02  0.0000E+00  0.0000E+00  0.0000E+00  0.0000E+00  0.0000E+00
     -3.488  0.1266E+00  0.5914E-02  0.5914E-02  0.5914E-02  0.0000E+00  0.0000E+00  0.0000E+00  0.0000E+00  0.0000E+00
     -3.396  0.1203E+00  0.5840E-02  0.5840E-02  0.5840E-02  0.0000E+00  0.0000E+00  0.0000E+00  0.0000E+00  0.0000E+00
     -3.305  0.1141E+00  0.5734E-02  0.5734E-02  0.5734E-02  0.0000E+00  0.0000E+00  0.0000E+00  0.0000E+00  0.0000E+00
     -3.214  0.1071E+00  0.5589E-02  0.5589E-02  0.5589E-02  0.0000E+00  0.0000E+00  0.0000E+00  0.0000E+00  0.0000E+00
     -3.122  0.1007E+00  0.5438E-02  0.5438E-02  0.5438E-02  0.0000E+00  0.0000E+00  0.0000E+00  0.0000E+00  0.0000E+00
     -3.031  0.9352E-01  0.5241E-02  0.5241E-02  0.5241E-02  0.0000E+00  0.0000E+00  0.0000E+00  0.0000E+00  0.0000E+00
     -2.939  0.8631E-01  0.5012E-02  0.5012E-02  0.5012E-02  0.0000E+00  0.0000E+00  0.0000E+00  0.0000E+00  0.0000E+00
     -2.848  0.7951E-01  0.4777E-02  0.4777E-02  0.4777E-02  0.0000E+00  0.0000E+00  0.0000E+00  0.0000E+00  0.0000E+00
     -2.757  0.7123E-01  0.4468E-02  0.4468E-02  0.4468E-02  0.0000E+00  0.0000E+00  0.0000E+00  0.0000E+00  0.0000E+00
     -2.665  0.6541E-01  0.4290E-02  0.4290E-02  0.4290E-02  0.0000E+00  0.0000E+00  0.0000E+00  0.0000E+00  0.0000E+00
     -2.574  0.5113E-01  0.3494E-02  0.3494E-02  0.3494E-02  0.0000E+00  0.0000E+00  0.0000E+00  0.0000E+00  0.0000E+00
     -2.483  0.2368E-01  0.1668E-02  0.1668E-02  0.1668E-02  0.0000E+00  0.0000E+00  0.0000E+00  0.0000E+00  0.0000E+00
     -2.391  0.7676E-02  0.5359E-03  0.5359E-03  0.5359E-03  0.0000E+00  0.0000E+00  0.0000E+00  0.0000E+00  0.0000E+00
     -2.300  0.7322E-02  0.6004E-03  0.6004E-03  0.6004E-03  0.0000E+00  0.0000E+00  0.0000E+00  0.0000E+00  0.0000E+00
     -2.208  0.1910E-01  0.1616E-02  0.1616E-02  0.1616E-02  0.0000E+00  0.0000E+00  0.0000E+00  0.0000E+00  0.0000E+00
     -2.117  0.3476E-01  0.2967E-02  0.2967E-02  0.2967E-02  0.0000E+00  0.0000E+00  0.0000E+00  0.0000E+00  0.0000E+00
     -2.026  0.4667E-01  0.4057E-02  0.4057E-02  0.4057E-02  0.0000E+00  0.0000E+00  0.0000E+00  0.0000E+00  0.0000E+00
     -1.934  0.5713E-01  0.5150E-02  0.5150E-02  0.5150E-02  0.0000E+00  0.0000E+00  0.0000E+00  0.0000E+00  0.0000E+00
     -1.843  0.6573E-01  0.6121E-02  0.6121E-02  0.6121E-02  0.0000E+00  0.0000E+00  0.0000E+00  0.0000E+00  0.0000E+00
     -1.751  0.7438E-01  0.7194E-02  0.7194E-02  0.7194E-02  0.0000E+00  0.0000E+00  0.0000E+00  0.0000E+00  0.0000E+00
     -1.660  0.8403E-01  0.8504E-02  0.8504E-02  0.8504E-02  0.0000E+00  0.0000E+00  0.0000E+00  0.0000E+00  0.0000E+00
     -1.569  0.9366E-01  0.9925E-02  0.9925E-02  0.9925E-02  0.0000E+00  0.0000E+00  0.0000E+00  0.0000E+00  0.0000E+00
     -1.477  0.1261E+00  0.1805E-01  0.1805E-01  0.1805E-01  0.0000E+00  0.0000E+00  0.0000E+00  0.0000E+00  0.0000E+00
     -1.386  0.1892E+00  0.3310E-01  0.3310E-01  0.3310E-01  0.0000E+00  0.0000E+00  0.0000E+00  0.0000E+00  0.0000E+00
     -1.295  0.2484E+00  0.4487E-01  0.4487E-01  0.4487E-01  0.0000E+00  0.0000E+00  0.0000E+00  0.0000E+00  0.0000E+00
     -1.203  0.1582E+00  0.2771E-01  0.2771E-01  0.2771E-01  0.0000E+00  0.0000E+00  0.0000E+00  0.0000E+00  0.0000E+00
     -1.112  0.1335E+00  0.2331E-01  0.2331E-01  0.2331E-01  0.0000E+00  0.0000E+00  0.0000E+00  0.0000E+00  0.0000E+00
     -1.020  0.1176E+00  0.2069E-01  0.2069E-01  0.2069E-01  0.0000E+00  0.0000E+00  0.0000E+00  0.0000E+00  0.0000E+00
     -0.929  0.1059E+00  0.1884E-01  0.1884E-01  0.1884E-01  0.0000E+00  0.0000E+00  0.0000E+00  0.0000E+00  0.0000E+00
     -0.838  0.9762E-01  0.1756E-01  0.1756E-01  0.1756E-01  0.0000E+00  0.0000E+00  0.0000E+00  0.0000E+00  0.0000E+00
     -0.746  0.9003E-01  0.1645E-01  0.1645E-01  0.1645E-01  0.0000E+00  0.0000E+00  0.0000E+00  0.0000E+00  0.0000E+00
     -0.655  0.8301E-01  0.1545E-01  0.1545E-01  0.1545E-01  0.0000E+00  0.0000E+00  0.0000E+00  0.0000E+00  0.0000E+00
     -0.564  0.7811E-01  0.1476E-01  0.1476E-01  0.1476E-01  0.0000E+00  0.0000E+00  0.0000E+00  0.0000E+00  0.0000E+00
     -0.472  0.7331E-01  0.1410E-01  0.1410E-01  0.1410E-01  0.0000E+00  0.0000E+00  0.0000E+00  0.0000E+00  0.0000E+00
     -0.381  0.6845E-01  0.1343E-01  0.1343E-01  0.1343E-01  0.0000E+00  0.0000E+00  0.0000E+00  0.0000E+00  0.0000E+00
     -0.289  0.6426E-01  0.1286E-01  0.1286E-01  0.1286E-01  0.0000E+00  0.0000E+00  0.0000E+00  0.0000E+00  0.0000E+00
     -0.198  0.6096E-01  0.1242E-01  0.1242E-01  0.1242E-01  0.0000E+00  0.0000E+00  0.0000E+00  0.0000E+00  0.0000E+00
     -0.107  0.5753E-01  0.1196E-01  0.1196E-01  0.1196E-01  0.0000E+00  0.0000E+00  0.0000E+00  0.0000E+00  0.0000E+00
     -0.015  0.5387E-01  0.1145E-01  0.1145E-01  0.1145E-01  0.0000E+00  0.0000E+00  0.0000E+00  0.0000E+00  0.0000E+00
      0.076  0.5095E-01  0.1105E-01  0.1105E-01  0.1105E-01  0.0000E+00  0.0000E+00  0.0000E+00  0.0000E+00  0.0000E+00
      0.168  0.4851E-01  0.1072E-01  0.1072E-01  0.1072E-01  0.0000E+00  0.0000E+00  0.0000E+00  0.0000E+00  0.0000E+00
      0.259  0.4596E-01  0.1037E-01  0.1037E-01  0.1037E-01  0.0000E+00  0.0000E+00  0.0000E+00  0.0000E+00  0.0000E+00
      0.350  0.4318E-01  0.9975E-02  0.9975E-02  0.9975E-02  0.0000E+00  0.0000E+00  0.0000E+00  0.0000E+00  0.0000E+00
      0.442  0.4068E-01  0.9609E-02  0.9609E-02  0.9609E-02  0.0000E+00  0.0000E+00  0.0000E+00  0.0000E+00  0.0000E+00
      0.533  0.3882E-01  0.9351E-02  0.9351E-02  0.9351E-02  0.0000E+00  0.0000E+00  0.0000E+00  0.0000E+00  0.0000E+00
      0.624  0.3693E-01  0.9083E-02  0.9083E-02  0.9083E-02  0.0000E+00  0.0000E+00  0.0000E+00  0.0000E+00  0.0000E+00
      0.716  0.3482E-01  0.8768E-02  0.8768E-02  0.8768E-02  0.0000E+00  0.0000E+00  0.0000E+00  0.0000E+00  0.0000E+00
      0.807  0.3252E-01  0.8398E-02  0.8398E-02  0.8398E-02  0.0000E+00  0.0000E+00  0.0000E+00  0.0000E+00  0.0000E+00
      0.899  0.3103E-01  0.8176E-02  0.8176E-02  0.8176E-02  0.0000E+00  0.0000E+00  0.0000E+00  0.0000E+00  0.0000E+00
      0.990  0.2958E-01  0.7959E-02  0.7959E-02  0.7959E-02  0.0000E+00  0.0000E+00  0.0000E+00  0.0000E+00  0.0000E+00
      1.081  0.2804E-01  0.7717E-02  0.7717E-02  0.7717E-02  0.0000E+00  0.0000E+00  0.0000E+00  0.0000E+00  0.0000E+00
      1.173  0.2721E-01  0.2019E-01  0.2019E-01  0.2019E-01  0.0000E+00  0.0000E+00  0.0000E+00  0.0000E+00  0.0000E+00
      1.264  0.2714E-01  0.3242E-01  0.3242E-01  0.3242E-01  0.0000E+00  0.0000E+00  0.0000E+00  0.0000E+00  0.0000E+00
      1.355  0.2806E-01  0.4287E-01  0.4287E-01  0.4287E-01  0.0000E+00  0.0000E+00  0.0000E+00  0.0000E+00  0.0000E+00
      1.447  0.3094E-01  0.6398E-01  0.6398E-01  0.6398E-01  0.0000E+00  0.0000E+00  0.0000E+00  0.0000E+00  0.0000E+00
      1.538  0.3097E-01  0.5999E-01  0.5999E-01  0.5999E-01  0.0000E+00  0.0000E+00  0.0000E+00  0.0000E+00  0.0000E+00
      1.630  0.3068E-01  0.5465E-01  0.5465E-01  0.5465E-01  0.0000E+00  0.0000E+00  0.0000E+00  0.0000E+00  0.0000E+00
      1.721  0.3018E-01  0.5200E-01  0.5200E-01  0.5200E-01  0.0000E+00  0.0000E+00  0.0000E+00  0.0000E+00  0.0000E+00
      1.812  0.3004E-01  0.4985E-01  0.4985E-01  0.4985E-01  0.0000E+00  0.0000E+00  0.0000E+00  0.0000E+00  0.0000E+00
      1.904  0.2989E-01  0.5048E-01  0.5048E-01  0.5048E-01  0.0000E+00  0.0000E+00  0.0000E+00  0.0000E+00  0.0000E+00
      1.995  0.2938E-01  0.5161E-01  0.5161E-01  0.5161E-01  0.0000E+00  0.0000E+00  0.0000E+00  0.0000E+00  0.0000E+00
      2.087  0.2865E-01  0.5228E-01  0.5228E-01  0.5228E-01  0.0000E+00  0.0000E+00  0.0000E+00  0.0000E+00  0.0000E+00
      2.178  0.2792E-01  0.5558E-01  0.5558E-01  0.5558E-01  0.0000E+00  0.0000E+00  0.0000E+00  0.0000E+00  0.0000E+00
      2.269  0.2738E-01  0.5665E-01  0.5665E-01  0.5665E-01  0.0000E+00  0.0000E+00  0.0000E+00  0.0000E+00  0.0000E+00
      2.361  0.2674E-01  0.5847E-01  0.5847E-01  0.5847E-01  0.0000E+00  0.0000E+00  0.0000E+00  0.0000E+00  0.0000E+00
      2.452  0.2609E-01  0.6320E-01  0.6320E-01  0.6320E-01  0.0000E+00  0.0000E+00  0.0000E+00  0.0000E+00  0.0000E+00
      2.543  0.2528E-01  0.6643E-01  0.6643E-01  0.6643E-01  0.0000E+00  0.0000E+00  0.0000E+00  0.0000E+00  0.0000E+00
      2.635  0.2429E-01  0.7141E-01  0.7141E-01  0.7141E-01  0.0000E+00  0.0000E+00  0.0000E+00  0.0000E+00  0.0000E+00
      2.726  0.2332E-01  0.8666E-01  0.8666E-01  0.8666E-01  0.0000E+00  0.0000E+00  0.0000E+00  0.0000E+00  0.0000E+00
      2.818  0.2244E-01  0.8762E-01  0.8762E-01  0.8762E-01  0.0000E+00  0.0000E+00  0.0000E+00  0.0000E+00  0.0000E+00
      2.909  0.2164E-01  0.8754E-01  0.8754E-01  0.8754E-01  0.0000E+00  0.0000E+00  0.0000E+00  0.0000E+00  0.0000E+00
      3.000  0.2073E-01  0.8609E-01  0.8609E-01  0.8609E-01  0.0000E+00  0.0000E+00  0.0000E+00  0.0000E+00  0.0000E+00
      3.092  0.1969E-01  0.8532E-01  0.8532E-01  0.8532E-01  0.0000E+00  0.0000E+00  0.0000E+00  0.0000E+00  0.0000E+00
      3.183  0.1852E-01  0.8469E-01  0.8469E-01  0.8469E-01  0.0000E+00  0.0000E+00  0.0000E+00  0.0000E+00  0.0000E+00
      3.274  0.1762E-01  0.8375E-01  0.8375E-01  0.8375E-01  0.0000E+00  0.0000E+00  0.0000E+00  0.0000E+00  0.0000E+00
      3.366  0.1682E-01  0.8321E-01  0.8321E-01  0.8321E-01  0.0000E+00  0.0000E+00  0.0000E+00  0.0000E+00  0.0000E+00
      3.457  0.1598E-01  0.8212E-01  0.8212E-01  0.8212E-01  0.0000E+00  0.0000E+00  0.0000E+00  0.0000E+00  0.0000E+00
      3.549  0.1513E-01  0.8143E-01  0.8143E-01  0.8143E-01  0.0000E+00  0.0000E+00  0.0000E+00  0.0000E+00  0.0000E+00
      3.640  0.1412E-01  0.8114E-01  0.8114E-01  0.8114E-01  0.0000E+00  0.0000E+00  0.0000E+00  0.0000E+00  0.0000E+00
      3.731  0.1298E-01  0.7996E-01  0.7996E-01  0.7996E-01  0.0000E+00  0.0000E+00  0.0000E+00  0.0000E+00  0.0000E+00
      3.823  0.1215E-01  0.7896E-01  0.7896E-01  0.7896E-01  0.0000E+00  0.0000E+00  0.0000E+00  0.0000E+00  0.0000E+00
      3.914  0.1136E-01  0.7880E-01  0.7880E-01  0.7880E-01  0.0000E+00  0.0000E+00  0.0000E+00  0.0000E+00  0.0000E+00
      4.006  0.1040E-01  0.7853E-01  0.7853E-01  0.7853E-01  0.0000E+00  0.0000E+00  0.0000E+00  0.0000E+00  0.0000E+00
      4.097  0.9378E-02  0.7804E-01  0.7804E-01  0.7804E-01  0.0000E+00  0.0000E+00  0.0000E+00  0.0000E+00  0.0000E+00
      4.188  0.8395E-02  0.7728E-01  0.7728E-01  0.7728E-01  0.0000E+00  0.0000E+00  0.0000E+00  0.0000E+00  0.0000E+00
      4.280  0.7429E-02  0.7668E-01  0.7668E-01  0.7668E-01  0.0000E+00  0.0000E+00  0.0000E+00  0.0000E+00  0.0000E+00
      4.371  0.6708E-02  0.7703E-01  0.7703E-01  0.7703E-01  0.0000E+00  0.0000E+00  0.0000E+00  0.0000E+00  0.0000E+00
      4.462  0.6014E-02  0.7280E-01  0.7280E-01  0.7280E-01  0.0000E+00  0.0000E+00  0.0000E+00  0.0000E+00  0.0000E+00
      4.554  0.5509E-02  0.5508E-01  0.5508E-01  0.5508E-01  0.0000E+00  0.0000E+00  0.0000E+00  0.0000E+00  0.0000E+00
      4.645  0.4886E-02  0.4790E-01  0.4790E-01  0.4790E-01  0.0000E+00  0.0000E+00  0.0000E+00  0.0000E+00  0.0000E+00
      4.737  0.4150E-02  0.4229E-01  0.4229E-01  0.4229E-01  0.0000E+00  0.0000E+00  0.0000E+00  0.0000E+00  0.0000E+00
      4.828  0.3520E-02  0.3738E-01  0.3738E-01  0.3738E-01  0.0000E+00  0.0000E+00  0.0000E+00  0.0000E+00  0.0000E+00
      4.919  0.3055E-02  0.3314E-01  0.3314E-01  0.3314E-01  0.0000E+00  0.0000E+00  0.0000E+00  0.0000E+00  0.0000E+00
      5.011  0.2597E-02  0.2970E-01  0.2970E-01  0.2970E-01  0.0000E+00  0.0000E+00  0.0000E+00  0.0000E+00  0.0000E+00
      5.102  0.2099E-02  0.2619E-01  0.2619E-01  0.2619E-01  0.0000E+00  0.0000E+00  0.0000E+00  0.0000E+00  0.0000E+00
      5.193  0.1658E-02  0.2292E-01  0.2292E-01  0.2292E-01  0.0000E+00  0.0000E+00  0.0000E+00  0.0000E+00  0.0000E+00
      5.285  0.1240E-02  0.1992E-01  0.1992E-01  0.1992E-01  0.0000E+00  0.0000E+00  0.0000E+00  0.0000E+00  0.0000E+00
      5.376  0.9451E-03  0.1685E-01  0.1685E-01  0.1685E-01  0.0000E+00  0.0000E+00  0.0000E+00  0.0000E+00  0.0000E+00
      5.468  0.6392E-03  0.1353E-01  0.1353E-01  0.1353E-01  0.0000E+00  0.0000E+00  0.0000E+00  0.0000E+00  0.0000E+00
      5.559  0.3380E-03  0.1102E-01  0.1102E-01  0.1102E-01  0.0000E+00  0.0000E+00  0.0000E+00  0.0000E+00  0.0000E+00
      5.650  0.1222E-03  0.6565E-02  0.6565E-02  0.6565E-02  0.0000E+00  0.0000E+00  0.0000E+00  0.0000E+00  0.0000E+00
      5.742  0.0000E+00  0.0000E+00  0.0000E+00  0.0000E+00  0.0000E+00  0.0000E+00  0.0000E+00  0.0000E+00  0.0000E+00
      5.833  0.0000E+00  0.0000E+00  0.0000E+00  0.0000E+00  0.0000E+00  0.0000E+00  0.0000E+00  0.0000E+00  0.0000E+00
      5.925  0.0000E+00  0.0000E+00  0.0000E+00  0.0000E+00  0.0000E+00  0.0000E+00  0.0000E+00  0.0000E+00  0.0000E+00
      6.016  0.0000E+00  0.0000E+00  0.0000E+00  0.0000E+00  0.0000E+00  0.0000E+00  0.0000E+00  0.0000E+00  0.0000E+00
      6.107  0.0000E+00  0.0000E+00  0.0000E+00  0.0000E+00  0.0000E+00  0.0000E+00  0.0000E+00  0.0000E+00  0.0000E+00
      6.199  0.0000E+00  0.0000E+00  0.0000E+00  0.0000E+00  0.0000E+00  0.0000E+00  0.0000E+00  0.0000E+00  0.0000E+00
      6.290  0.0000E+00  0.0000E+00  0.0000E+00  0.0000E+00  0.0000E+00  0.0000E+00  0.0000E+00  0.0000E+00  0.0000E+00
      6.381  0.0000E+00  0.0000E+00  0.0000E+00  0.0000E+00  0.0000E+00  0.0000E+00  0.0000E+00  0.0000E+00  0.0000E+00
      6.473  0.0000E+00  0.0000E+00  0.0000E+00  0.0000E+00  0.0000E+00  0.0000E+00  0.0000E+00  0.0000E+00  0.0000E+00
      6.564  0.2271E-02  0.6627E-03  0.6627E-03  0.6627E-03  0.0000E+00  0.0000E+00  0.0000E+00  0.0000E+00  0.0000E+00
      6.656  0.7354E-02  0.2229E-02  0.2229E-02  0.2229E-02  0.0000E+00  0.0000E+00  0.0000E+00  0.0000E+00  0.0000E+00
      6.747  0.1096E-01  0.3450E-02  0.3450E-02  0.3450E-02  0.0000E+00  0.0000E+00  0.0000E+00  0.0000E+00  0.0000E+00
      6.838  0.1433E-01  0.4717E-02  0.4717E-02  0.4717E-02  0.0000E+00  0.0000E+00  0.0000E+00  0.0000E+00  0.0000E+00
      6.930  0.1649E-01  0.5716E-02  0.5716E-02  0.5716E-02  0.0000E+00  0.0000E+00  0.0000E+00  0.0000E+00  0.0000E+00
      7.021  0.1848E-01  0.6749E-02  0.6749E-02  0.6749E-02  0.0000E+00  0.0000E+00  0.0000E+00  0.0000E+00  0.0000E+00
      7.113  0.2074E-01  0.7893E-02  0.7893E-02  0.7893E-02  0.0000E+00  0.0000E+00  0.0000E+00  0.0000E+00  0.0000E+00
      7.204  0.2298E-01  0.9168E-02  0.9168E-02  0.9168E-02  0.0000E+00  0.0000E+00  0.0000E+00  0.0000E+00  0.0000E+00
      7.295  0.2422E-01  0.1013E-01  0.1013E-01  0.1013E-01  0.0000E+00  0.0000E+00  0.0000E+00  0.0000E+00  0.0000E+00
      7.387  0.2581E-01  0.1127E-01  0.1127E-01  0.1127E-01  0.0000E+00  0.0000E+00  0.0000E+00  0.0000E+00  0.0000E+00
      7.478  0.2734E-01  0.1246E-01  0.1246E-01  0.1246E-01  0.0000E+00  0.0000E+00  0.0000E+00  0.0000E+00  0.0000E+00
      7.569  0.2895E-01  0.1370E-01  0.1370E-01  0.1370E-01  0.0000E+00  0.0000E+00  0.0000E+00  0.0000E+00  0.0000E+00
      7.661  0.3253E-01  0.1517E-01  0.1517E-01  0.1517E-01  0.0000E+00  0.0000E+00  0.0000E+00  0.0000E+00  0.0000E+00
      7.752  0.4553E-01  0.1727E-01  0.1727E-01  0.1727E-01  0.0000E+00  0.0000E+00  0.0000E+00  0.0000E+00  0.0000E+00
      7.844  0.5214E-01  0.1936E-01  0.1936E-01  0.1936E-01  0.0000E+00  0.0000E+00  0.0000E+00  0.0000E+00  0.0000E+00
      7.935  0.5957E-01  0.2155E-01  0.2155E-01  0.2155E-01  0.0000E+00  0.0000E+00  0.0000E+00  0.0000E+00  0.0000E+00
      8.026  0.6770E-01  0.2419E-01  0.2419E-01  0.2419E-01  0.0000E+00  0.0000E+00  0.0000E+00  0.0000E+00  0.0000E+00
      8.118  0.7874E-01  0.2786E-01  0.2786E-01  0.2786E-01  0.0000E+00  0.0000E+00  0.0000E+00  0.0000E+00  0.0000E+00
      8.209  0.9652E-01  0.3294E-01  0.3294E-01  0.3294E-01  0.0000E+00  0.0000E+00  0.0000E+00  0.0000E+00  0.0000E+00
      8.300  0.1195E+00  0.4017E-01  0.4017E-01  0.4017E-01  0.0000E+00  0.0000E+00  0.0000E+00  0.0000E+00  0.0000E+00
      8.392  0.1050E+00  0.3977E-01  0.3977E-01  0.3977E-01  0.0000E+00  0.0000E+00  0.0000E+00  0.0000E+00  0.0000E+00
      8.483  0.1019E+00  0.4305E-01  0.4305E-01  0.4305E-01  0.0000E+00  0.0000E+00  0.0000E+00  0.0000E+00  0.0000E+00
      8.575  0.8843E-01  0.4176E-01  0.4176E-01  0.4176E-01  0.0000E+00  0.0000E+00  0.0000E+00  0.0000E+00  0.0000E+00
      8.666  0.7021E-01  0.3462E-01  0.3462E-01  0.3462E-01  0.0000E+00  0.0000E+00  0.0000E+00  0.0000E+00  0.0000E+00
      8.757  0.6111E-01  0.3266E-01  0.3266E-01  0.3266E-01  0.0000E+00  0.0000E+00  0.0000E+00  0.0000E+00  0.0000E+00
      8.849  0.5772E-01  0.3376E-01  0.3376E-01  0.3376E-01  0.0000E+00  0.0000E+00  0.0000E+00  0.0000E+00  0.0000E+00
      8.940  0.5526E-01  0.3473E-01  0.3473E-01  0.3473E-01  0.0000E+00  0.0000E+00  0.0000E+00  0.0000E+00  0.0000E+00
      9.032  0.4597E-01  0.3241E-01  0.3241E-01  0.3241E-01  0.0000E+00  0.0000E+00  0.0000E+00  0.0000E+00  0.0000E+00
      9.123  0.3846E-01  0.3154E-01  0.3154E-01  0.3154E-01  0.0000E+00  0.0000E+00  0.0000E+00  0.0000E+00  0.0000E+00
      9.214  0.3508E-01  0.3687E-01  0.3687E-01  0.3687E-01  0.0000E+00  0.0000E+00  0.0000E+00  0.0000E+00  0.0000E+00
      9.306  0.4840E-01  0.7829E-01  0.7829E-01  0.7829E-01  0.0000E+00  0.0000E+00  0.0000E+00  0.0000E+00  0.0000E+00
      9.397  0.4980E-01  0.7108E-01  0.7108E-01  0.7108E-01  0.0000E+00  0.0000E+00  0.0000E+00  0.0000E+00  0.0000E+00
      9.488  0.4921E-01  0.5677E-01  0.5677E-01  0.5677E-01  0.0000E+00  0.0000E+00  0.0000E+00  0.0000E+00  0.0000E+00
      9.580  0.4561E-01  0.5252E-01  0.5252E-01  0.5252E-01  0.0000E+00  0.0000E+00  0.0000E+00  0.0000E+00  0.0000E+00
      9.671  0.4355E-01  0.5148E-01  0.5148E-01  0.5148E-01  0.0000E+00  0.0000E+00  0.0000E+00  0.0000E+00  0.0000E+00
      9.763  0.4660E-01  0.5484E-01  0.5484E-01  0.5484E-01  0.0000E+00  0.0000E+00  0.0000E+00  0.0000E+00  0.0000E+00
      9.854  0.5167E-01  0.5369E-01  0.5369E-01  0.5369E-01  0.0000E+00  0.0000E+00  0.0000E+00  0.0000E+00  0.0000E+00
      9.945  0.6395E-01  0.5499E-01  0.5499E-01  0.5499E-01  0.0000E+00  0.0000E+00  0.0000E+00  0.0000E+00  0.0000E+00
     10.037  0.4082E-01  0.4501E-01  0.4501E-01  0.4501E-01  0.0000E+00  0.0000E+00  0.0000E+00  0.0000E+00  0.0000E+00
     10.128  0.3250E-01  0.4077E-01  0.4077E-01  0.4077E-01  0.0000E+00  0.0000E+00  0.0000E+00  0.0000E+00  0.0000E+00
     10.219  0.2892E-01  0.3784E-01  0.3784E-01  0.3784E-01  0.0000E+00  0.0000E+00  0.0000E+00  0.0000E+00  0.0000E+00
     10.311  0.2692E-01  0.3552E-01  0.3552E-01  0.3552E-01  0.0000E+00  0.0000E+00  0.0000E+00  0.0000E+00  0.0000E+00
     10.402  0.2875E-01  0.3572E-01  0.3572E-01  0.3572E-01  0.0000E+00  0.0000E+00  0.0000E+00  0.0000E+00  0.0000E+00
     10.494  0.3093E-01  0.3752E-01  0.3752E-01  0.3752E-01  0.0000E+00  0.0000E+00  0.0000E+00  0.0000E+00  0.0000E+00
     10.585  0.3465E-01  0.4216E-01  0.4216E-01  0.4216E-01  0.0000E+00  0.0000E+00  0.0000E+00  0.0000E+00  0.0000E+00
     10.676  0.3984E-01  0.4462E-01  0.4462E-01  0.4462E-01  0.0000E+00  0.0000E+00  0.0000E+00  0.0000E+00  0.0000E+00
     10.768  0.3971E-01  0.3824E-01  0.3824E-01  0.3824E-01  0.0000E+00  0.0000E+00  0.0000E+00  0.0000E+00  0.0000E+00
     10.859  0.4059E-01  0.3851E-01  0.3851E-01  0.3851E-01  0.0000E+00  0.0000E+00  0.0000E+00  0.0000E+00  0.0000E+00
     10.951  0.4120E-01  0.3826E-01  0.3826E-01  0.3826E-01  0.0000E+00  0.0000E+00  0.0000E+00  0.0000E+00  0.0000E+00
     11.042  0.4167E-01  0.3873E-01  0.3873E-01  0.3873E-01  0.0000E+00  0.0000E+00  0.0000E+00  0.0000E+00  0.0000E+00
     11.133  0.4270E-01  0.3998E-01  0.3998E-01  0.3998E-01  0.0000E+00  0.0000E+00  0.0000E+00  0.0000E+00  0.0000E+00
     11.225  0.4076E-01  0.3880E-01  0.3880E-01  0.3880E-01  0.0000E+00  0.0000E+00  0.0000E+00  0.0000E+00  0.0000E+00
     11.316  0.3904E-01  0.3834E-01  0.3834E-01  0.3834E-01  0.0000E+00  0.0000E+00  0.0000E+00  0.0000E+00  0.0000E+00
     11.407  0.3818E-01  0.3836E-01  0.3836E-01  0.3836E-01  0.0000E+00  0.0000E+00  0.0000E+00  0.0000E+00  0.0000E+00
     11.499  0.3741E-01  0.3802E-01  0.3802E-01  0.3802E-01  0.0000E+00  0.0000E+00  0.0000E+00  0.0000E+00  0.0000E+00
     11.590  0.3829E-01  0.3931E-01  0.3931E-01  0.3931E-01  0.0000E+00  0.0000E+00  0.0000E+00  0.0000E+00  0.0000E+00
     11.682  0.3610E-01  0.3748E-01  0.3748E-01  0.3748E-01  0.0000E+00  0.0000E+00  0.0000E+00  0.0000E+00  0.0000E+00
     11.773  0.3660E-01  0.3884E-01  0.3884E-01  0.3884E-01  0.0000E+00  0.0000E+00  0.0000E+00  0.0000E+00  0.0000E+00
     11.864  0.3333E-01  0.3735E-01  0.3735E-01  0.3735E-01  0.0000E+00  0.0000E+00  0.0000E+00  0.0000E+00  0.0000E+00
     11.956  0.3068E-01  0.3580E-01  0.3580E-01  0.3580E-01  0.0000E+00  0.0000E+00  0.0000E+00  0.0000E+00  0.0000E+00
     12.047  0.2909E-01  0.3543E-01  0.3543E-01  0.3543E-01  0.0000E+00  0.0000E+00  0.0000E+00  0.0000E+00  0.0000E+00
     12.138  0.2816E-01  0.3515E-01  0.3515E-01  0.3515E-01  0.0000E+00  0.0000E+00  0.0000E+00  0.0000E+00  0.0000E+00
     12.230  0.2689E-01  0.3508E-01  0.3508E-01  0.3508E-01  0.0000E+00  0.0000E+00  0.0000E+00  0.0000E+00  0.0000E+00
     12.321  0.2521E-01  0.3466E-01  0.3466E-01  0.3466E-01  0.0000E+00  0.0000E+00  0.0000E+00  0.0000E+00  0.0000E+00
     12.413  0.2398E-01  0.3496E-01  0.3496E-01  0.3496E-01  0.0000E+00  0.0000E+00  0.0000E+00  0.0000E+00  0.0000E+00
     12.504  0.2229E-01  0.3441E-01  0.3441E-01  0.3441E-01  0.0000E+00  0.0000E+00  0.0000E+00  0.0000E+00  0.0000E+00
     12.595  0.1986E-01  0.3063E-01  0.3063E-01  0.3063E-01  0.0000E+00  0.0000E+00  0.0000E+00  0.0000E+00  0.0000E+00
     12.687  0.1941E-01  0.3070E-01  0.3070E-01  0.3070E-01  0.0000E+00  0.0000E+00  0.0000E+00  0.0000E+00  0.0000E+00
     12.778  0.1908E-01  0.3107E-01  0.3107E-01  0.3107E-01  0.0000E+00  0.0000E+00  0.0000E+00  0.0000E+00  0.0000E+00
     12.870  0.2017E-01  0.3322E-01  0.3322E-01  0.3322E-01  0.0000E+00  0.0000E+00  0.0000E+00  0.0000E+00  0.0000E+00
     12.961  0.2095E-01  0.3477E-01  0.3477E-01  0.3477E-01  0.0000E+00  0.0000E+00  0.0000E+00  0.0000E+00  0.0000E+00
     13.052  0.2099E-01  0.3557E-01  0.3557E-01  0.3557E-01  0.0000E+00  0.0000E+00  0.0000E+00  0.0000E+00  0.0000E+00
     13.144  0.1808E-01  0.3218E-01  0.3218E-01  0.3218E-01  0.0000E+00  0.0000E+00  0.0000E+00  0.0000E+00  0.0000E+00
     13.235  0.1462E-01  0.2804E-01  0.2804E-01  0.2804E-01  0.0000E+00  0.0000E+00  0.0000E+00  0.0000E+00  0.0000E+00
     13.326  0.1291E-01  0.2648E-01  0.2648E-01  0.2648E-01  0.0000E+00  0.0000E+00  0.0000E+00  0.0000E+00  0.0000E+00
     13.418  0.1194E-01  0.2557E-01  0.2557E-01  0.2557E-01  0.0000E+00  0.0000E+00  0.0000E+00  0.0000E+00  0.0000E+00
     13.509  0.1057E-01  0.2364E-01  0.2364E-01  0.2364E-01  0.0000E+00  0.0000E+00  0.0000E+00  0.0000E+00  0.0000E+00
     13.601  0.9804E-02  0.2263E-01  0.2263E-01  0.2263E-01  0.0000E+00  0.0000E+00  0.0000E+00  0.0000E+00  0.0000E+00
     13.692  0.9278E-02  0.2204E-01  0.2204E-01  0.2204E-01  0.0000E+00  0.0000E+00  0.0000E+00  0.0000E+00  0.0000E+00
     13.783  0.8642E-02  0.2128E-01  0.2128E-01  0.2128E-01  0.0000E+00  0.0000E+00  0.0000E+00  0.0000E+00  0.0000E+00
     13.875  0.7659E-02  0.2022E-01  0.2022E-01  0.2022E-01  0.0000E+00  0.0000E+00  0.0000E+00  0.0000E+00  0.0000E+00
     13.966  0.7417E-02  0.2038E-01  0.2038E-01  0.2038E-01  0.0000E+00  0.0000E+00  0.0000E+00  0.0000E+00  0.0000E+00
     14.057  0.6528E-02  0.1962E-01  0.1962E-01  0.1962E-01  0.0000E+00  0.0000E+00  0.0000E+00  0.0000E+00  0.0000E+00
     14.149  0.6227E-02  0.2234E-01  0.2234E-01  0.2234E-01  0.0000E+00  0.0000E+00  0.0000E+00  0.0000E+00  0.0000E+00
     14.240  0.5253E-02  0.1909E-01  0.1909E-01  0.1909E-01  0.0000E+00  0.0000E+00  0.0000E+00  0.0000E+00  0.0000E+00
     14.332  0.4745E-02  0.1774E-01  0.1774E-01  0.1774E-01  0.0000E+00  0.0000E+00  0.0000E+00  0.0000E+00  0.0000E+00
     14.423  0.4172E-02  0.1669E-01  0.1669E-01  0.1669E-01  0.0000E+00  0.0000E+00  0.0000E+00  0.0000E+00  0.0000E+00
     14.514  0.3509E-02  0.1156E-01  0.1156E-01  0.1156E-01  0.0000E+00  0.0000E+00  0.0000E+00  0.0000E+00  0.0000E+00
     14.606  0.3186E-02  0.1035E-01  0.1035E-01  0.1035E-01  0.0000E+00  0.0000E+00  0.0000E+00  0.0000E+00  0.0000E+00
     14.697  0.2987E-02  0.9943E-02  0.9943E-02  0.9943E-02  0.0000E+00  0.0000E+00  0.0000E+00  0.0000E+00  0.0000E+00
     14.789  0.2597E-02  0.9457E-02  0.9457E-02  0.9457E-02  0.0000E+00  0.0000E+00  0.0000E+00  0.0000E+00  0.0000E+00
     14.880  0.2551E-02  0.1008E-01  0.1008E-01  0.1008E-01  0.0000E+00  0.0000E+00  0.0000E+00  0.0000E+00  0.0000E+00
     14.971  0.1973E-02  0.8448E-02  0.8448E-02  0.8448E-02  0.0000E+00  0.0000E+00  0.0000E+00  0.0000E+00  0.0000E+00
     15.063  0.1682E-02  0.7458E-02  0.7458E-02  0.7458E-02  0.0000E+00  0.0000E+00  0.0000E+00  0.0000E+00  0.0000E+00
     15.154  0.1488E-02  0.6817E-02  0.6817E-02  0.6817E-02  0.0000E+00  0.0000E+00  0.0000E+00  0.0000E+00  0.0000E+00
     15.245  0.1347E-02  0.6388E-02  0.6388E-02  0.6388E-02  0.0000E+00  0.0000E+00  0.0000E+00  0.0000E+00  0.0000E+00
     15.337  0.1247E-02  0.6146E-02  0.6146E-02  0.6146E-02  0.0000E+00  0.0000E+00  0.0000E+00  0.0000E+00  0.0000E+00
     15.428  0.1152E-02  0.5916E-02  0.5916E-02  0.5916E-02  0.0000E+00  0.0000E+00  0.0000E+00  0.0000E+00  0.0000E+00
     15.520  0.1007E-02  0.5543E-02  0.5543E-02  0.5543E-02  0.0000E+00  0.0000E+00  0.0000E+00  0.0000E+00  0.0000E+00
     15.611  0.8418E-03  0.5252E-02  0.5252E-02  0.5252E-02  0.0000E+00  0.0000E+00  0.0000E+00  0.0000E+00  0.0000E+00
     15.702  0.5804E-03  0.4524E-02  0.4524E-02  0.4524E-02  0.0000E+00  0.0000E+00  0.0000E+00  0.0000E+00  0.0000E+00
     15.794  0.4560E-03  0.3806E-02  0.3806E-02  0.3806E-02  0.0000E+00  0.0000E+00  0.0000E+00  0.0000E+00  0.0000E+00
     15.885  0.3763E-03  0.3256E-02  0.3256E-02  0.3256E-02  0.0000E+00  0.0000E+00  0.0000E+00  0.0000E+00  0.0000E+00
     15.976  0.3056E-03  0.2804E-02  0.2804E-02  0.2804E-02  0.0000E+00  0.0000E+00  0.0000E+00  0.0000E+00  0.0000E+00
     16.068  0.2506E-03  0.2518E-02  0.2518E-02  0.2518E-02  0.0000E+00  0.0000E+00  0.0000E+00  0.0000E+00  0.0000E+00
     16.159  0.2030E-03  0.2416E-02  0.2416E-02  0.2416E-02  0.0000E+00  0.0000E+00  0.0000E+00  0.0000E+00  0.0000E+00
     16.251  0.1646E-03  0.2455E-02  0.2455E-02  0.2455E-02  0.0000E+00  0.0000E+00  0.0000E+00  0.0000E+00  0.0000E+00
     16.342  0.1542E-03  0.2622E-02  0.2622E-02  0.2622E-02  0.0000E+00  0.0000E+00  0.0000E+00  0.0000E+00  0.0000E+00
     16.433  0.1855E-04  0.6312E-03  0.6312E-03  0.6312E-03  0.0000E+00  0.0000E+00  0.0000E+00  0.0000E+00  0.0000E+00
     16.525  0.5150E-05  0.1752E-03  0.1752E-03  0.1752E-03  0.0000E+00  0.0000E+00  0.0000E+00  0.0000E+00  0.0000E+00
     16.616  0.5363E-07  0.1825E-05  0.1825E-05  0.1825E-05  0.0000E+00  0.0000E+00  0.0000E+00  0.0000E+00  0.0000E+00
     16.708  0.0000E+00  0.0000E+00  0.0000E+00  0.0000E+00  0.0000E+00  0.0000E+00  0.0000E+00  0.0000E+00  0.0000E+00
     16.799  0.0000E+00  0.0000E+00  0.0000E+00  0.0000E+00  0.0000E+00  0.0000E+00  0.0000E+00  0.0000E+00  0.0000E+00
     16.890  0.0000E+00  0.0000E+00  0.0000E+00  0.0000E+00  0.0000E+00  0.0000E+00  0.0000E+00  0.0000E+00  0.0000E+00
     16.982  0.0000E+00  0.0000E+00  0.0000E+00  0.0000E+00  0.0000E+00  0.0000E+00  0.0000E+00  0.0000E+00  0.0000E+00
     17.073  0.0000E+00  0.0000E+00  0.0000E+00  0.0000E+00  0.0000E+00  0.0000E+00  0.0000E+00  0.0000E+00  0.0000E+00
     17.164  0.0000E+00  0.0000E+00  0.0000E+00  0.0000E+00  0.0000E+00  0.0000E+00  0.0000E+00  0.0000E+00  0.0000E+00
     17.256  0.0000E+00  0.0000E+00  0.0000E+00  0.0000E+00  0.0000E+00  0.0000E+00  0.0000E+00  0.0000E+00  0.0000E+00
     17.347  0.0000E+00  0.0000E+00  0.0000E+00  0.0000E+00  0.0000E+00  0.0000E+00  0.0000E+00  0.0000E+00  0.0000E+00
     17.439  0.0000E+00  0.0000E+00  0.0000E+00  0.0000E+00  0.0000E+00  0.0000E+00  0.0000E+00  0.0000E+00  0.0000E+00
     17.530  0.0000E+00  0.0000E+00  0.0000E+00  0.0000E+00  0.0000E+00  0.0000E+00  0.0000E+00  0.0000E+00  0.0000E+00
     17.621  0.0000E+00  0.0000E+00  0.0000E+00  0.0000E+00  0.0000E+00  0.0000E+00  0.0000E+00  0.0000E+00  0.0000E+00
     17.713  0.0000E+00  0.0000E+00  0.0000E+00  0.0000E+00  0.0000E+00  0.0000E+00  0.0000E+00  0.0000E+00  0.0000E+00
     17.804  0.0000E+00  0.0000E+00  0.0000E+00  0.0000E+00  0.0000E+00  0.0000E+00  0.0000E+00  0.0000E+00  0.0000E+00
     17.895  0.0000E+00  0.0000E+00  0.0000E+00  0.0000E+00  0.0000E+00  0.0000E+00  0.0000E+00  0.0000E+00  0.0000E+00
     17.987  0.0000E+00  0.0000E+00  0.0000E+00  0.0000E+00  0.0000E+00  0.0000E+00  0.0000E+00  0.0000E+00  0.0000E+00
     18.078  0.0000E+00  0.0000E+00  0.0000E+00  0.0000E+00  0.0000E+00  0.0000E+00  0.0000E+00  0.0000E+00  0.0000E+00
     18.170  0.0000E+00  0.0000E+00  0.0000E+00  0.0000E+00  0.0000E+00  0.0000E+00  0.0000E+00  0.0000E+00  0.0000E+00
     18.261  0.0000E+00  0.0000E+00  0.0000E+00  0.0000E+00  0.0000E+00  0.0000E+00  0.0000E+00  0.0000E+00  0.0000E+00
     18.352  0.0000E+00  0.0000E+00  0.0000E+00  0.0000E+00  0.0000E+00  0.0000E+00  0.0000E+00  0.0000E+00  0.0000E+00
     18.444  0.0000E+00  0.0000E+00  0.0000E+00  0.0000E+00  0.0000E+00  0.0000E+00  0.0000E+00  0.0000E+00  0.0000E+00
     18.535  0.0000E+00  0.0000E+00  0.0000E+00  0.0000E+00  0.0000E+00  0.0000E+00  0.0000E+00  0.0000E+00  0.0000E+00
     18.627  0.0000E+00  0.0000E+00  0.0000E+00  0.0000E+00  0.0000E+00  0.0000E+00  0.0000E+00  0.0000E+00  0.0000E+00
     18.62652695     -8.78781627  301      5.74072947      1.00000000
     -8.788  0.0000E+00  0.0000E+00  0.0000E+00  0.0000E+00  0.0000E+00  0.0000E+00  0.0000E+00  0.0000E+00  0.0000E+00
     -8.696  0.0000E+00  0.0000E+00  0.0000E+00  0.0000E+00  0.0000E+00  0.0000E+00  0.0000E+00  0.0000E+00  0.0000E+00
     -8.605  0.0000E+00  0.0000E+00  0.0000E+00  0.0000E+00  0.0000E+00  0.0000E+00  0.0000E+00  0.0000E+00  0.0000E+00
     -8.514  0.0000E+00  0.0000E+00  0.0000E+00  0.0000E+00  0.0000E+00  0.0000E+00  0.0000E+00  0.0000E+00  0.0000E+00
     -8.422  0.0000E+00  0.0000E+00  0.0000E+00  0.0000E+00  0.0000E+00  0.0000E+00  0.0000E+00  0.0000E+00  0.0000E+00
     -8.331  0.0000E+00  0.0000E+00  0.0000E+00  0.0000E+00  0.0000E+00  0.0000E+00  0.0000E+00  0.0000E+00  0.0000E+00
     -8.240  0.0000E+00  0.0000E+00  0.0000E+00  0.0000E+00  0.0000E+00  0.0000E+00  0.0000E+00  0.0000E+00  0.0000E+00
     -8.148  0.0000E+00  0.0000E+00  0.0000E+00  0.0000E+00  0.0000E+00  0.0000E+00  0.0000E+00  0.0000E+00  0.0000E+00
     -8.057  0.0000E+00  0.0000E+00  0.0000E+00  0.0000E+00  0.0000E+00  0.0000E+00  0.0000E+00  0.0000E+00  0.0000E+00
     -7.965  0.0000E+00  0.0000E+00  0.0000E+00  0.0000E+00  0.0000E+00  0.0000E+00  0.0000E+00  0.0000E+00  0.0000E+00
     -7.874  0.0000E+00  0.0000E+00  0.0000E+00  0.0000E+00  0.0000E+00  0.0000E+00  0.0000E+00  0.0000E+00  0.0000E+00
     -7.783  0.0000E+00  0.0000E+00  0.0000E+00  0.0000E+00  0.0000E+00  0.0000E+00  0.0000E+00  0.0000E+00  0.0000E+00
     -7.691  0.0000E+00  0.0000E+00  0.0000E+00  0.0000E+00  0.0000E+00  0.0000E+00  0.0000E+00  0.0000E+00  0.0000E+00
     -7.600  0.0000E+00  0.0000E+00  0.0000E+00  0.0000E+00  0.0000E+00  0.0000E+00  0.0000E+00  0.0000E+00  0.0000E+00
     -7.508  0.0000E+00  0.0000E+00  0.0000E+00  0.0000E+00  0.0000E+00  0.0000E+00  0.0000E+00  0.0000E+00  0.0000E+00
     -7.417  0.0000E+00  0.0000E+00  0.0000E+00  0.0000E+00  0.0000E+00  0.0000E+00  0.0000E+00  0.0000E+00  0.0000E+00
     -7.326  0.0000E+00  0.0000E+00  0.0000E+00  0.0000E+00  0.0000E+00  0.0000E+00  0.0000E+00  0.0000E+00  0.0000E+00
     -7.234  0.0000E+00  0.0000E+00  0.0000E+00  0.0000E+00  0.0000E+00  0.0000E+00  0.0000E+00  0.0000E+00  0.0000E+00
     -7.143  0.0000E+00  0.0000E+00  0.0000E+00  0.0000E+00  0.0000E+00  0.0000E+00  0.0000E+00  0.0000E+00  0.0000E+00
     -7.052  0.0000E+00  0.0000E+00  0.0000E+00  0.0000E+00  0.0000E+00  0.0000E+00  0.0000E+00  0.0000E+00  0.0000E+00
     -6.960  0.0000E+00  0.0000E+00  0.0000E+00  0.0000E+00  0.0000E+00  0.0000E+00  0.0000E+00  0.0000E+00  0.0000E+00
     -6.869  0.0000E+00  0.0000E+00  0.0000E+00  0.0000E+00  0.0000E+00  0.0000E+00  0.0000E+00  0.0000E+00  0.0000E+00
     -6.777  0.2782E-02  0.7964E-06  0.7964E-06  0.7964E-06  0.0000E+00  0.0000E+00  0.0000E+00  0.0000E+00  0.0000E+00
     -6.686  0.2729E-01  0.4254E-04  0.4254E-04  0.4254E-04  0.0000E+00  0.0000E+00  0.0000E+00  0.0000E+00  0.0000E+00
     -6.595  0.3056E-01  0.1002E-03  0.1002E-03  0.1002E-03  0.0000E+00  0.0000E+00  0.0000E+00  0.0000E+00  0.0000E+00
     -6.503  0.3606E-01  0.1748E-03  0.1748E-03  0.1748E-03  0.0000E+00  0.0000E+00  0.0000E+00  0.0000E+00  0.0000E+00
     -6.412  0.4191E-01  0.2645E-03  0.2645E-03  0.2645E-03  0.0000E+00  0.0000E+00  0.0000E+00  0.0000E+00  0.0000E+00
     -6.321  0.4703E-01  0.3656E-03  0.3656E-03  0.3656E-03  0.0000E+00  0.0000E+00  0.0000E+00  0.0000E+00  0.0000E+00
     -6.229  0.5147E-01  0.4806E-03  0.4806E-03  0.4806E-03  0.0000E+00  0.0000E+00  0.0000E+00  0.0000E+00  0.0000E+00
     -6.138  0.5611E-01  0.5998E-03  0.5998E-03  0.5998E-03  0.0000E+00  0.0000E+00  0.0000E+00  0.0000E+00  0.0000E+00
     -6.046  0.5998E-01  0.7349E-03  0.7349E-03  0.7349E-03  0.0000E+00  0.0000E+00  0.0000E+00  0.0000E+00  0.0000E+00
     -5.955  0.6409E-01  0.8726E-03  0.8726E-03  0.8726E-03  0.0000E+00  0.0000E+00  0.0000E+00  0.0000E+00  0.0000E+00
     -5.864  0.6778E-01  0.1024E-02  0.1024E-02  0.1024E-02  0.0000E+00  0.0000E+00  0.0000E+00  0.0000E+00  0.0000E+00
     -5.772  0.7152E-01  0.1181E-02  0.1181E-02  0.1181E-02  0.0000E+00  0.0000E+00  0.0000E+00  0.0000E+00  0.0000E+00
     -5.681  0.7534E-01  0.1343E-02  0.1343E-02  0.1343E-02  0.0000E+00  0.0000E+00  0.0000E+00  0.0000E+00  0.0000E+00
     -5.589  0.7883E-01  0.1520E-02  0.1520E-02  0.1520E-02  0.0000E+00  0.0000E+00  0.0000E+00  0.0000E+00  0.0000E+00
     -5.498  0.8263E-01  0.1697E-02  0.1697E-02  0.1697E-02  0.0000E+00  0.0000E+00  0.0000E+00  0.0000E+00  0.0000E+00
     -5.407  0.8628E-01  0.1888E-02  0.1888E-02  0.1888E-02  0.0000E+00  0.0000E+00  0.0000E+00  0.0000E+00  0.0000E+00
     -5.315  0.8999E-01  0.2087E-02  0.2087E-02  0.2087E-02  0.0000E+00  0.0000E+00  0.0000E+00  0.0000E+00  0.0000E+00
     -5.224  0.9399E-01  0.2288E-02  0.2288E-02  0.2288E-02  0.0000E+00  0.0000E+00  0.0000E+00  0.0000E+00  0.0000E+00
     -5.133  0.9793E-01  0.2508E-02  0.2508E-02  0.2508E-02  0.0000E+00  0.0000E+00  0.0000E+00  0.0000E+00  0.0000E+00
     -5.041  0.1021E+00  0.2735E-02  0.2735E-02  0.2735E-02  0.0000E+00  0.0000E+00  0.0000E+00  0.0000E+00  0.0000E+00
     -4.950  0.1067E+00  0.2967E-02  0.2967E-02  0.2967E-02  0.0000E+00  0.0000E+00  0.0000E+00  0.0000E+00  0.0000E+00
     -4.858  0.1116E+00  0.3223E-02  0.3223E-02  0.3223E-02  0.0000E+00  0.0000E+00  0.0000E+00  0.0000E+00  0.0000E+00
     -4.767  0.1170E+00  0.3496E-02  0.3496E-02  0.3496E-02  0.0000E+00  0.0000E+00  0.0000E+00  0.0000E+00  0.0000E+00
     -4.676  0.1233E+00  0.3782E-02  0.3782E-02  0.3782E-02  0.0000E+00  0.0000E+00  0.0000E+00  0.0000E+00  0.0000E+00
     -4.584  0.1306E+00  0.4107E-02  0.4107E-02  0.4107E-02  0.0000E+00  0.0000E+00  0.0000E+00  0.0000E+00  0.0000E+00
     -4.493  0.1402E+00  0.4493E-02  0.4493E-02  0.4493E-02  0.0000E+00  0.0000E+00  0.0000E+00  0.0000E+00  0.0000E+00
     -4.402  0.1550E+00  0.4991E-02  0.4991E-02  0.4991E-02  0.0000E+00  0.0000E+00  0.0000E+00  0.0000E+00  0.0000E+00
     -4.310  0.1835E+00  0.5805E-02  0.5805E-02  0.5805E-02  0.0000E+00  0.0000E+00  0.0000E+00  0.0000E+00  0.0000E+00
     -4.219  0.1772E+00  0.5917E-02  0.5917E-02  0.5917E-02  0.0000E+00  0.0000E+00  0.0000E+00  0.0000E+00  0.0000E+00
     -4.127  0.1702E+00  0.5952E-02  0.5952E-02  0.5952E-02  0.0000E+00  0.0000E+00  0.0000E+00  0.0000E+00  0.0000E+00
     -4.036  0.1651E+00  0.6019E-02  0.6019E-02  0.6019E-02  0.0000E+00  0.0000E+00  0.0000E+00  0.0000E+00  0.0000E+00
     -3.945  0.1580E+00  0.6052E-02  0.6052E-02  0.6052E-02  0.0000E+00  0.0000E+00  0.0000E+00  0.0000E+00  0.0000E+00
     -3.853  0.1514E+00  0.6045E-02  0.6045E-02  0.6045E-02  0.0000E+00  0.0000E+00  0.0000E+00  0.0000E+00  0.0000E+00
     -3.762  0.1456E+00  0.6048E-02  0.6048E-02  0.6048E-02  0.0000E+00  0.0000E+00  0.0000E+00  0.0000E+00  0.0000E+00
     -3.670  0.1388E+00  0.6023E-02  0.6023E-02  0.6023E-02  0.0000E+00  0.0000E+00  0.0000E+00  0.0000E+00  0.0000E+00
     -3.579  0.1329E+00  0.5983E-02  0.5983E-02  0.5983E-02  0.0000E+00  0.0000E+00  0.0000E+00  0.0000E+00  0.0000E+00
     -3.488  0.1266E+00  0.5914E-02  0.5914E-02  0.5914E-02  0.0000E+00  0.0000E+00  0.0000E+00  0.0000E+00  0.0000E+00
     -3.396  0.1203E+00  0.5840E-02  0.5840E-02  0.5840E-02  0.0000E+00  0.0000E+00  0.0000E+00  0.0000E+00  0.0000E+00
     -3.305  0.1141E+00  0.5734E-02  0.5734E-02  0.5734E-02  0.0000E+00  0.0000E+00  0.0000E+00  0.0000E+00  0.0000E+00
     -3.214  0.1071E+00  0.5589E-02  0.5589E-02  0.5589E-02  0.0000E+00  0.0000E+00  0.0000E+00  0.0000E+00  0.0000E+00
     -3.122  0.1007E+00  0.5438E-02  0.5438E-02  0.5438E-02  0.0000E+00  0.0000E+00  0.0000E+00  0.0000E+00  0.0000E+00
     -3.031  0.9352E-01  0.5241E-02  0.5241E-02  0.5241E-02  0.0000E+00  0.0000E+00  0.0000E+00  0.0000E+00  0.0000E+00
     -2.939  0.8631E-01  0.5012E-02  0.5012E-02  0.5012E-02  0.0000E+00  0.0000E+00  0.0000E+00  0.0000E+00  0.0000E+00
     -2.848  0.7951E-01  0.4777E-02  0.4777E-02  0.4777E-02  0.0000E+00  0.0000E+00  0.0000E+00  0.0000E+00  0.0000E+00
     -2.757  0.7123E-01  0.4468E-02  0.4468E-02  0.4468E-02  0.0000E+00  0.0000E+00  0.0000E+00  0.0000E+00  0.0000E+00
     -2.665  0.6541E-01  0.4290E-02  0.4290E-02  0.4290E-02  0.0000E+00  0.0000E+00  0.0000E+00  0.0000E+00  0.0000E+00
     -2.574  0.5113E-01  0.3494E-02  0.3494E-02  0.3494E-02  0.0000E+00  0.0000E+00  0.0000E+00  0.0000E+00  0.0000E+00
     -2.483  0.2368E-01  0.1668E-02  0.1668E-02  0.1668E-02  0.0000E+00  0.0000E+00  0.0000E+00  0.0000E+00  0.0000E+00
     -2.391  0.7676E-02  0.5359E-03  0.5359E-03  0.5359E-03  0.0000E+00  0.0000E+00  0.0000E+00  0.0000E+00  0.0000E+00
     -2.300  0.7322E-02  0.6004E-03  0.6004E-03  0.6004E-03  0.0000E+00  0.0000E+00  0.0000E+00  0.0000E+00  0.0000E+00
     -2.208  0.1910E-01  0.1616E-02  0.1616E-02  0.1616E-02  0.0000E+00  0.0000E+00  0.0000E+00  0.0000E+00  0.0000E+00
     -2.117  0.3476E-01  0.2967E-02  0.2967E-02  0.2967E-02  0.0000E+00  0.0000E+00  0.0000E+00  0.0000E+00  0.0000E+00
     -2.026  0.4667E-01  0.4057E-02  0.4057E-02  0.4057E-02  0.0000E+00  0.0000E+00  0.0000E+00  0.0000E+00  0.0000E+00
     -1.934  0.5713E-01  0.5150E-02  0.5150E-02  0.5150E-02  0.0000E+00  0.0000E+00  0.0000E+00  0.0000E+00  0.0000E+00
     -1.843  0.6573E-01  0.6121E-02  0.6121E-02  0.6121E-02  0.0000E+00  0.0000E+00  0.0000E+00  0.0000E+00  0.0000E+00
     -1.751  0.7438E-01  0.7194E-02  0.7194E-02  0.7194E-02  0.0000E+00  0.0000E+00  0.0000E+00  0.0000E+00  0.0000E+00
     -1.660  0.8403E-01  0.8504E-02  0.8504E-02  0.8504E-02  0.0000E+00  0.0000E+00  0.0000E+00  0.0000E+00  0.0000E+00
     -1.569  0.9366E-01  0.9925E-02  0.9925E-02  0.9925E-02  0.0000E+00  0.0000E+00  0.0000E+00  0.0000E+00  0.0000E+00
     -1.477  0.1261E+00  0.1805E-01  0.1805E-01  0.1805E-01  0.0000E+00  0.0000E+00  0.0000E+00  0.0000E+00  0.0000E+00
     -1.386  0.1892E+00  0.3310E-01  0.3310E-01  0.3310E-01  0.0000E+00  0.0000E+00  0.0000E+00  0.0000E+00  0.0000E+00
     -1.295  0.2484E+00  0.4487E-01  0.4487E-01  0.4487E-01  0.0000E+00  0.0000E+00  0.0000E+00  0.0000E+00  0.0000E+00
     -1.203  0.1582E+00  0.2771E-01  0.2771E-01  0.2771E-01  0.0000E+00  0.0000E+00  0.0000E+00  0.0000E+00  0.0000E+00
     -1.112  0.1335E+00  0.2331E-01  0.2331E-01  0.2331E-01  0.0000E+00  0.0000E+00  0.0000E+00  0.0000E+00  0.0000E+00
     -1.020  0.1176E+00  0.2069E-01  0.2069E-01  0.2069E-01  0.0000E+00  0.0000E+00  0.0000E+00  0.0000E+00  0.0000E+00
     -0.929  0.1059E+00  0.1884E-01  0.1884E-01  0.1884E-01  0.0000E+00  0.0000E+00  0.0000E+00  0.0000E+00  0.0000E+00
     -0.838  0.9762E-01  0.1756E-01  0.1756E-01  0.1756E-01  0.0000E+00  0.0000E+00  0.0000E+00  0.0000E+00  0.0000E+00
     -0.746  0.9003E-01  0.1645E-01  0.1645E-01  0.1645E-01  0.0000E+00  0.0000E+00  0.0000E+00  0.0000E+00  0.0000E+00
     -0.655  0.8301E-01  0.1545E-01  0.1545E-01  0.1545E-01  0.0000E+00  0.0000E+00  0.0000E+00  0.0000E+00  0.0000E+00
     -0.564  0.7811E-01  0.1476E-01  0.1476E-01  0.1476E-01  0.0000E+00  0.0000E+00  0.0000E+00  0.0000E+00  0.0000E+00
     -0.472  0.7331E-01  0.1410E-01  0.1410E-01  0.1410E-01  0.0000E+00  0.0000E+00  0.0000E+00  0.0000E+00  0.0000E+00
     -0.381  0.6845E-01  0.1343E-01  0.1343E-01  0.1343E-01  0.0000E+00  0.0000E+00  0.0000E+00  0.0000E+00  0.0000E+00
     -0.289  0.6426E-01  0.1286E-01  0.1286E-01  0.1286E-01  0.0000E+00  0.0000E+00  0.0000E+00  0.0000E+00  0.0000E+00
     -0.198  0.6096E-01  0.1242E-01  0.1242E-01  0.1242E-01  0.0000E+00  0.0000E+00  0.0000E+00  0.0000E+00  0.0000E+00
     -0.107  0.5753E-01  0.1196E-01  0.1196E-01  0.1196E-01  0.0000E+00  0.0000E+00  0.0000E+00  0.0000E+00  0.0000E+00
     -0.015  0.5387E-01  0.1145E-01  0.1145E-01  0.1145E-01  0.0000E+00  0.0000E+00  0.0000E+00  0.0000E+00  0.0000E+00
      0.076  0.5095E-01  0.1105E-01  0.1105E-01  0.1105E-01  0.0000E+00  0.0000E+00  0.0000E+00  0.0000E+00  0.0000E+00
      0.168  0.4851E-01  0.1072E-01  0.1072E-01  0.1072E-01  0.0000E+00  0.0000E+00  0.0000E+00  0.0000E+00  0.0000E+00
      0.259  0.4596E-01  0.1037E-01  0.1037E-01  0.1037E-01  0.0000E+00  0.0000E+00  0.0000E+00  0.0000E+00  0.0000E+00
      0.350  0.4318E-01  0.9975E-02  0.9975E-02  0.9975E-02  0.0000E+00  0.0000E+00  0.0000E+00  0.0000E+00  0.0000E+00
      0.442  0.4068E-01  0.9609E-02  0.9609E-02  0.9609E-02  0.0000E+00  0.0000E+00  0.0000E+00  0.0000E+00  0.0000E+00
      0.533  0.3882E-01  0.9351E-02  0.9351E-02  0.9351E-02  0.0000E+00  0.0000E+00  0.0000E+00  0.0000E+00  0.0000E+00
      0.624  0.3693E-01  0.9083E-02  0.9083E-02  0.9083E-02  0.0000E+00  0.0000E+00  0.0000E+00  0.0000E+00  0.0000E+00
      0.716  0.3482E-01  0.8768E-02  0.8768E-02  0.8768E-02  0.0000E+00  0.0000E+00  0.0000E+00  0.0000E+00  0.0000E+00
      0.807  0.3252E-01  0.8398E-02  0.8398E-02  0.8398E-02  0.0000E+00  0.0000E+00  0.0000E+00  0.0000E+00  0.0000E+00
      0.899  0.3103E-01  0.8176E-02  0.8176E-02  0.8176E-02  0.0000E+00  0.0000E+00  0.0000E+00  0.0000E+00  0.0000E+00
      0.990  0.2958E-01  0.7959E-02  0.7959E-02  0.7959E-02  0.0000E+00  0.0000E+00  0.0000E+00  0.0000E+00  0.0000E+00
      1.081  0.2804E-01  0.7717E-02  0.7717E-02  0.7717E-02  0.0000E+00  0.0000E+00  0.0000E+00  0.0000E+00  0.0000E+00
      1.173  0.2721E-01  0.2019E-01  0.2019E-01  0.2019E-01  0.0000E+00  0.0000E+00  0.0000E+00  0.0000E+00  0.0000E+00
      1.264  0.2714E-01  0.3242E-01  0.3242E-01  0.3242E-01  0.0000E+00  0.0000E+00  0.0000E+00  0.0000E+00  0.0000E+00
      1.355  0.2806E-01  0.4287E-01  0.4287E-01  0.4287E-01  0.0000E+00  0.0000E+00  0.0000E+00  0.0000E+00  0.0000E+00
      1.447  0.3094E-01  0.6398E-01  0.6398E-01  0.6398E-01  0.0000E+00  0.0000E+00  0.0000E+00  0.0000E+00  0.0000E+00
      1.538  0.3097E-01  0.5999E-01  0.5999E-01  0.5999E-01  0.0000E+00  0.0000E+00  0.0000E+00  0.0000E+00  0.0000E+00
      1.630  0.3068E-01  0.5465E-01  0.5465E-01  0.5465E-01  0.0000E+00  0.0000E+00  0.0000E+00  0.0000E+00  0.0000E+00
      1.721  0.3018E-01  0.5200E-01  0.5200E-01  0.5200E-01  0.0000E+00  0.0000E+00  0.0000E+00  0.0000E+00  0.0000E+00
      1.812  0.3004E-01  0.4985E-01  0.4985E-01  0.4985E-01  0.0000E+00  0.0000E+00  0.0000E+00  0.0000E+00  0.0000E+00
      1.904  0.2989E-01  0.5048E-01  0.5048E-01  0.5048E-01  0.0000E+00  0.0000E+00  0.0000E+00  0.0000E+00  0.0000E+00
      1.995  0.2938E-01  0.5161E-01  0.5161E-01  0.5161E-01  0.0000E+00  0.0000E+00  0.0000E+00  0.0000E+00  0.0000E+00
      2.087  0.2865E-01  0.5228E-01  0.5228E-01  0.5228E-01  0.0000E+00  0.0000E+00  0.0000E+00  0.0000E+00  0.0000E+00
      2.178  0.2792E-01  0.5558E-01  0.5558E-01  0.5558E-01  0.0000E+00  0.0000E+00  0.0000E+00  0.0000E+00  0.0000E+00
      2.269  0.2738E-01  0.5665E-01  0.5665E-01  0.5665E-01  0.0000E+00  0.0000E+00  0.0000E+00  0.0000E+00  0.0000E+00
      2.361  0.2674E-01  0.5847E-01  0.5847E-01  0.5847E-01  0.0000E+00  0.0000E+00  0.0000E+00  0.0000E+00  0.0000E+00
      2.452  0.2609E-01  0.6320E-01  0.6320E-01  0.6320E-01  0.0000E+00  0.0000E+00  0.0000E+00  0.0000E+00  0.0000E+00
      2.543  0.2528E-01  0.6643E-01  0.6643E-01  0.6643E-01  0.0000E+00  0.0000E+00  0.0000E+00  0.0000E+00  0.0000E+00
      2.635  0.2429E-01  0.7141E-01  0.7141E-01  0.7141E-01  0.0000E+00  0.0000E+00  0.0000E+00  0.0000E+00  0.0000E+00
      2.726  0.2332E-01  0.8666E-01  0.8666E-01  0.8666E-01  0.0000E+00  0.0000E+00  0.0000E+00  0.0000E+00  0.0000E+00
      2.818  0.2244E-01  0.8762E-01  0.8762E-01  0.8762E-01  0.0000E+00  0.0000E+00  0.0000E+00  0.0000E+00  0.0000E+00
      2.909  0.2164E-01  0.8754E-01  0.8754E-01  0.8754E-01  0.0000E+00  0.0000E+00  0.0000E+00  0.0000E+00  0.0000E+00
      3.000  0.2073E-01  0.8609E-01  0.8609E-01  0.8609E-01  0.0000E+00  0.0000E+00  0.0000E+00  0.0000E+00  0.0000E+00
      3.092  0.1969E-01  0.8532E-01  0.8532E-01  0.8532E-01  0.0000E+00  0.0000E+00  0.0000E+00  0.0000E+00  0.0000E+00
      3.183  0.1852E-01  0.8469E-01  0.8469E-01  0.8469E-01  0.0000E+00  0.0000E+00  0.0000E+00  0.0000E+00  0.0000E+00
      3.274  0.1762E-01  0.8375E-01  0.8375E-01  0.8375E-01  0.0000E+00  0.0000E+00  0.0000E+00  0.0000E+00  0.0000E+00
      3.366  0.1682E-01  0.8321E-01  0.8321E-01  0.8321E-01  0.0000E+00  0.0000E+00  0.0000E+00  0.0000E+00  0.0000E+00
      3.457  0.1598E-01  0.8212E-01  0.8212E-01  0.8212E-01  0.0000E+00  0.0000E+00  0.0000E+00  0.0000E+00  0.0000E+00
      3.549  0.1513E-01  0.8143E-01  0.8143E-01  0.8143E-01  0.0000E+00  0.0000E+00  0.0000E+00  0.0000E+00  0.0000E+00
      3.640  0.1412E-01  0.8114E-01  0.8114E-01  0.8114E-01  0.0000E+00  0.0000E+00  0.0000E+00  0.0000E+00  0.0000E+00
      3.731  0.1298E-01  0.7996E-01  0.7996E-01  0.7996E-01  0.0000E+00  0.0000E+00  0.0000E+00  0.0000E+00  0.0000E+00
      3.823  0.1215E-01  0.7896E-01  0.7896E-01  0.7896E-01  0.0000E+00  0.0000E+00  0.0000E+00  0.0000E+00  0.0000E+00
      3.914  0.1136E-01  0.7880E-01  0.7880E-01  0.7880E-01  0.0000E+00  0.0000E+00  0.0000E+00  0.0000E+00  0.0000E+00
      4.006  0.1040E-01  0.7853E-01  0.7853E-01  0.7853E-01  0.0000E+00  0.0000E+00  0.0000E+00  0.0000E+00  0.0000E+00
      4.097  0.9378E-02  0.7804E-01  0.7804E-01  0.7804E-01  0.0000E+00  0.0000E+00  0.0000E+00  0.0000E+00  0.0000E+00
      4.188  0.8395E-02  0.7728E-01  0.7728E-01  0.7728E-01  0.0000E+00  0.0000E+00  0.0000E+00  0.0000E+00  0.0000E+00
      4.280  0.7429E-02  0.7668E-01  0.7668E-01  0.7668E-01  0.0000E+00  0.0000E+00  0.0000E+00  0.0000E+00  0.0000E+00
      4.371  0.6708E-02  0.7703E-01  0.7703E-01  0.7703E-01  0.0000E+00  0.0000E+00  0.0000E+00  0.0000E+00  0.0000E+00
      4.462  0.6014E-02  0.7280E-01  0.7280E-01  0.7280E-01  0.0000E+00  0.0000E+00  0.0000E+00  0.0000E+00  0.0000E+00
      4.554  0.5509E-02  0.5508E-01  0.5508E-01  0.5508E-01  0.0000E+00  0.0000E+00  0.0000E+00  0.0000E+00  0.0000E+00
      4.645  0.4886E-02  0.4790E-01  0.4790E-01  0.4790E-01  0.0000E+00  0.0000E+00  0.0000E+00  0.0000E+00  0.0000E+00
      4.737  0.4150E-02  0.4229E-01  0.4229E-01  0.4229E-01  0.0000E+00  0.0000E+00  0.0000E+00  0.0000E+00  0.0000E+00
      4.828  0.3520E-02  0.3738E-01  0.3738E-01  0.3738E-01  0.0000E+00  0.0000E+00  0.0000E+00  0.0000E+00  0.0000E+00
      4.919  0.3055E-02  0.3314E-01  0.3314E-01  0.3314E-01  0.0000E+00  0.0000E+00  0.0000E+00  0.0000E+00  0.0000E+00
      5.011  0.2597E-02  0.2970E-01  0.2970E-01  0.2970E-01  0.0000E+00  0.0000E+00  0.0000E+00  0.0000E+00  0.0000E+00
      5.102  0.2099E-02  0.2619E-01  0.2619E-01  0.2619E-01  0.0000E+00  0.0000E+00  0.0000E+00  0.0000E+00  0.0000E+00
      5.193  0.1658E-02  0.2292E-01  0.2292E-01  0.2292E-01  0.0000E+00  0.0000E+00  0.0000E+00  0.0000E+00  0.0000E+00
      5.285  0.1240E-02  0.1992E-01  0.1992E-01  0.1992E-01  0.0000E+00  0.0000E+00  0.0000E+00  0.0000E+00  0.0000E+00
      5.376  0.9451E-03  0.1685E-01  0.1685E-01  0.1685E-01  0.0000E+00  0.0000E+00  0.0000E+00  0.0000E+00  0.0000E+00
      5.468  0.6392E-03  0.1353E-01  0.1353E-01  0.1353E-01  0.0000E+00  0.0000E+00  0.0000E+00  0.0000E+00  0.0000E+00
      5.559  0.3380E-03  0.1102E-01  0.1102E-01  0.1102E-01  0.0000E+00  0.0000E+00  0.0000E+00  0.0000E+00  0.0000E+00
      5.650  0.1222E-03  0.6565E-02  0.6565E-02  0.6565E-02  0.0000E+00  0.0000E+00  0.0000E+00  0.0000E+00  0.0000E+00
      5.742  0.0000E+00  0.0000E+00  0.0000E+00  0.0000E+00  0.0000E+00  0.0000E+00  0.0000E+00  0.0000E+00  0.0000E+00
      5.833  0.0000E+00  0.0000E+00  0.0000E+00  0.0000E+00  0.0000E+00  0.0000E+00  0.0000E+00  0.0000E+00  0.0000E+00
      5.925  0.0000E+00  0.0000E+00  0.0000E+00  0.0000E+00  0.0000E+00  0.0000E+00  0.0000E+00  0.0000E+00  0.0000E+00
      6.016  0.0000E+00  0.0000E+00  0.0000E+00  0.0000E+00  0.0000E+00  0.0000E+00  0.0000E+00  0.0000E+00  0.0000E+00
      6.107  0.0000E+00  0.0000E+00  0.0000E+00  0.0000E+00  0.0000E+00  0.0000E+00  0.0000E+00  0.0000E+00  0.0000E+00
      6.199  0.0000E+00  0.0000E+00  0.0000E+00  0.0000E+00  0.0000E+00  0.0000E+00  0.0000E+00  0.0000E+00  0.0000E+00
      6.290  0.0000E+00  0.0000E+00  0.0000E+00  0.0000E+00  0.0000E+00  0.0000E+00  0.0000E+00  0.0000E+00  0.0000E+00
      6.381  0.0000E+00  0.0000E+00  0.0000E+00  0.0000E+00  0.0000E+00  0.0000E+00  0.0000E+00  0.0000E+00  0.0000E+00
      6.473  0.0000E+00  0.0000E+00  0.0000E+00  0.0000E+00  0.0000E+00  0.0000E+00  0.0000E+00  0.0000E+00  0.0000E+00
      6.564  0.2271E-02  0.6627E-03  0.6627E-03  0.6627E-03  0.0000E+00  0.0000E+00  0.0000E+00  0.0000E+00  0.0000E+00
      6.656  0.7354E-02  0.2229E-02  0.2229E-02  0.2229E-02  0.0000E+00  0.0000E+00  0.0000E+00  0.0000E+00  0.0000E+00
      6.747  0.1096E-01  0.3450E-02  0.3450E-02  0.3450E-02  0.0000E+00  0.0000E+00  0.0000E+00  0.0000E+00  0.0000E+00
      6.838  0.1433E-01  0.4717E-02  0.4717E-02  0.4717E-02  0.0000E+00  0.0000E+00  0.0000E+00  0.0000E+00  0.0000E+00
      6.930  0.1649E-01  0.5716E-02  0.5716E-02  0.5716E-02  0.0000E+00  0.0000E+00  0.0000E+00  0.0000E+00  0.0000E+00
      7.021  0.1848E-01  0.6749E-02  0.6749E-02  0.6749E-02  0.0000E+00  0.0000E+00  0.0000E+00  0.0000E+00  0.0000E+00
      7.113  0.2074E-01  0.7893E-02  0.7893E-02  0.7893E-02  0.0000E+00  0.0000E+00  0.0000E+00  0.0000E+00  0.0000E+00
      7.204  0.2298E-01  0.9168E-02  0.9168E-02  0.9168E-02  0.0000E+00  0.0000E+00  0.0000E+00  0.0000E+00  0.0000E+00
      7.295  0.2422E-01  0.1013E-01  0.1013E-01  0.1013E-01  0.0000E+00  0.0000E+00  0.0000E+00  0.0000E+00  0.0000E+00
      7.387  0.2581E-01  0.1127E-01  0.1127E-01  0.1127E-01  0.0000E+00  0.0000E+00  0.0000E+00  0.0000E+00  0.0000E+00
      7.478  0.2734E-01  0.1246E-01  0.1246E-01  0.1246E-01  0.0000E+00  0.0000E+00  0.0000E+00  0.0000E+00  0.0000E+00
      7.569  0.2895E-01  0.1370E-01  0.1370E-01  0.1370E-01  0.0000E+00  0.0000E+00  0.0000E+00  0.0000E+00  0.0000E+00
      7.661  0.3253E-01  0.1517E-01  0.1517E-01  0.1517E-01  0.0000E+00  0.0000E+00  0.0000E+00  0.0000E+00  0.0000E+00
      7.752  0.4553E-01  0.1727E-01  0.1727E-01  0.1727E-01  0.0000E+00  0.0000E+00  0.0000E+00  0.0000E+00  0.0000E+00
      7.844  0.5214E-01  0.1936E-01  0.1936E-01  0.1936E-01  0.0000E+00  0.0000E+00  0.0000E+00  0.0000E+00  0.0000E+00
      7.935  0.5957E-01  0.2155E-01  0.2155E-01  0.2155E-01  0.0000E+00  0.0000E+00  0.0000E+00  0.0000E+00  0.0000E+00
      8.026  0.6770E-01  0.2419E-01  0.2419E-01  0.2419E-01  0.0000E+00  0.0000E+00  0.0000E+00  0.0000E+00  0.0000E+00
      8.118  0.7874E-01  0.2786E-01  0.2786E-01  0.2786E-01  0.0000E+00  0.0000E+00  0.0000E+00  0.0000E+00  0.0000E+00
      8.209  0.9652E-01  0.3294E-01  0.3294E-01  0.3294E-01  0.0000E+00  0.0000E+00  0.0000E+00  0.0000E+00  0.0000E+00
      8.300  0.1195E+00  0.4017E-01  0.4017E-01  0.4017E-01  0.0000E+00  0.0000E+00  0.0000E+00  0.0000E+00  0.0000E+00
      8.392  0.1050E+00  0.3977E-01  0.3977E-01  0.3977E-01  0.0000E+00  0.0000E+00  0.0000E+00  0.0000E+00  0.0000E+00
      8.483  0.1019E+00  0.4305E-01  0.4305E-01  0.4305E-01  0.0000E+00  0.0000E+00  0.0000E+00  0.0000E+00  0.0000E+00
      8.575  0.8843E-01  0.4176E-01  0.4176E-01  0.4176E-01  0.0000E+00  0.0000E+00  0.0000E+00  0.0000E+00  0.0000E+00
      8.666  0.7021E-01  0.3462E-01  0.3462E-01  0.3462E-01  0.0000E+00  0.0000E+00  0.0000E+00  0.0000E+00  0.0000E+00
      8.757  0.6111E-01  0.3266E-01  0.3266E-01  0.3266E-01  0.0000E+00  0.0000E+00  0.0000E+00  0.0000E+00  0.0000E+00
      8.849  0.5772E-01  0.3376E-01  0.3376E-01  0.3376E-01  0.0000E+00  0.0000E+00  0.0000E+00  0.0000E+00  0.0000E+00
      8.940  0.5526E-01  0.3473E-01  0.3473E-01  0.3473E-01  0.0000E+00  0.0000E+00  0.0000E+00  0.0000E+00  0.0000E+00
      9.032  0.4597E-01  0.3241E-01  0.3241E-01  0.3241E-01  0.0000E+00  0.0000E+00  0.0000E+00  0.0000E+00  0.0000E+00
      9.123  0.3846E-01  0.3154E-01  0.3154E-01  0.3154E-01  0.0000E+00  0.0000E+00  0.0000E+00  0.0000E+00  0.0000E+00
      9.214  0.3508E-01  0.3687E-01  0.3687E-01  0.3687E-01  0.0000E+00  0.0000E+00  0.0000E+00  0.0000E+00  0.0000E+00
      9.306  0.4840E-01  0.7829E-01  0.7829E-01  0.7829E-01  0.0000E+00  0.0000E+00  0.0000E+00  0.0000E+00  0.0000E+00
      9.397  0.4980E-01  0.7108E-01  0.7108E-01  0.7108E-01  0.0000E+00  0.0000E+00  0.0000E+00  0.0000E+00  0.0000E+00
      9.488  0.4921E-01  0.5677E-01  0.5677E-01  0.5677E-01  0.0000E+00  0.0000E+00  0.0000E+00  0.0000E+00  0.0000E+00
      9.580  0.4561E-01  0.5252E-01  0.5252E-01  0.5252E-01  0.0000E+00  0.0000E+00  0.0000E+00  0.0000E+00  0.0000E+00
      9.671  0.4355E-01  0.5148E-01  0.5148E-01  0.5148E-01  0.0000E+00  0.0000E+00  0.0000E+00  0.0000E+00  0.0000E+00
      9.763  0.4660E-01  0.5484E-01  0.5484E-01  0.5484E-01  0.0000E+00  0.0000E+00  0.0000E+00  0.0000E+00  0.0000E+00
      9.854  0.5167E-01  0.5369E-01  0.5369E-01  0.5369E-01  0.0000E+00  0.0000E+00  0.0000E+00  0.0000E+00  0.0000E+00
      9.945  0.6395E-01  0.5499E-01  0.5499E-01  0.5499E-01  0.0000E+00  0.0000E+00  0.0000E+00  0.0000E+00  0.0000E+00
     10.037  0.4082E-01  0.4501E-01  0.4501E-01  0.4501E-01  0.0000E+00  0.0000E+00  0.0000E+00  0.0000E+00  0.0000E+00
     10.128  0.3250E-01  0.4077E-01  0.4077E-01  0.4077E-01  0.0000E+00  0.0000E+00  0.0000E+00  0.0000E+00  0.0000E+00
     10.219  0.2892E-01  0.3784E-01  0.3784E-01  0.3784E-01  0.0000E+00  0.0000E+00  0.0000E+00  0.0000E+00  0.0000E+00
     10.311  0.2692E-01  0.3552E-01  0.3552E-01  0.3552E-01  0.0000E+00  0.0000E+00  0.0000E+00  0.0000E+00  0.0000E+00
     10.402  0.2875E-01  0.3572E-01  0.3572E-01  0.3572E-01  0.0000E+00  0.0000E+00  0.0000E+00  0.0000E+00  0.0000E+00
     10.494  0.3093E-01  0.3752E-01  0.3752E-01  0.3752E-01  0.0000E+00  0.0000E+00  0.0000E+00  0.0000E+00  0.0000E+00
     10.585  0.3465E-01  0.4216E-01  0.4216E-01  0.4216E-01  0.0000E+00  0.0000E+00  0.0000E+00  0.0000E+00  0.0000E+00
     10.676  0.3984E-01  0.4462E-01  0.4462E-01  0.4462E-01  0.0000E+00  0.0000E+00  0.0000E+00  0.0000E+00  0.0000E+00
     10.768  0.3971E-01  0.3824E-01  0.3824E-01  0.3824E-01  0.0000E+00  0.0000E+00  0.0000E+00  0.0000E+00  0.0000E+00
     10.859  0.4059E-01  0.3851E-01  0.3851E-01  0.3851E-01  0.0000E+00  0.0000E+00  0.0000E+00  0.0000E+00  0.0000E+00
     10.951  0.4120E-01  0.3826E-01  0.3826E-01  0.3826E-01  0.0000E+00  0.0000E+00  0.0000E+00  0.0000E+00  0.0000E+00
     11.042  0.4167E-01  0.3873E-01  0.3873E-01  0.3873E-01  0.0000E+00  0.0000E+00  0.0000E+00  0.0000E+00  0.0000E+00
     11.133  0.4270E-01  0.3998E-01  0.3998E-01  0.3998E-01  0.0000E+00  0.0000E+00  0.0000E+00  0.0000E+00  0.0000E+00
     11.225  0.4076E-01  0.3880E-01  0.3880E-01  0.3880E-01  0.0000E+00  0.0000E+00  0.0000E+00  0.0000E+00  0.0000E+00
     11.316  0.3904E-01  0.3834E-01  0.3834E-01  0.3834E-01  0.0000E+00  0.0000E+00  0.0000E+00  0.0000E+00  0.0000E+00
     11.407  0.3818E-01  0.3836E-01  0.3836E-01  0.3836E-01  0.0000E+00  0.0000E+00  0.0000E+00  0.0000E+00  0.0000E+00
     11.499  0.3741E-01  0.3802E-01  0.3802E-01  0.3802E-01  0.0000E+00  0.0000E+00  0.0000E+00  0.0000E+00  0.0000E+00
     11.590  0.3829E-01  0.3931E-01  0.3931E-01  0.3931E-01  0.0000E+00  0.0000E+00  0.0000E+00  0.0000E+00  0.0000E+00
     11.682  0.3610E-01  0.3748E-01  0.3748E-01  0.3748E-01  0.0000E+00  0.0000E+00  0.0000E+00  0.0000E+00  0.0000E+00
     11.773  0.3660E-01  0.3884E-01  0.3884E-01  0.3884E-01  0.0000E+00  0.0000E+00  0.0000E+00  0.0000E+00  0.0000E+00
     11.864  0.3333E-01  0.3735E-01  0.3735E-01  0.3735E-01  0.0000E+00  0.0000E+00  0.0000E+00  0.0000E+00  0.0000E+00
     11.956  0.3068E-01  0.3580E-01  0.3580E-01  0.3580E-01  0.0000E+00  0.0000E+00  0.0000E+00  0.0000E+00  0.0000E+00
     12.047  0.2909E-01  0.3543E-01  0.3543E-01  0.3543E-01  0.0000E+00  0.0000E+00  0.0000E+00  0.0000E+00  0.0000E+00
     12.138  0.2816E-01  0.3515E-01  0.3515E-01  0.3515E-01  0.0000E+00  0.0000E+00  0.0000E+00  0.0000E+00  0.0000E+00
     12.230  0.2689E-01  0.3508E-01  0.3508E-01  0.3508E-01  0.0000E+00  0.0000E+00  0.0000E+00  0.0000E+00  0.0000E+00
     12.321  0.2521E-01  0.3466E-01  0.3466E-01  0.3466E-01  0.0000E+00  0.0000E+00  0.0000E+00  0.0000E+00  0.0000E+00
     12.413  0.2398E-01  0.3496E-01  0.3496E-01  0.3496E-01  0.0000E+00  0.0000E+00  0.0000E+00  0.0000E+00  0.0000E+00
     12.504  0.2229E-01  0.3441E-01  0.3441E-01  0.3441E-01  0.0000E+00  0.0000E+00  0.0000E+00  0.0000E+00  0.0000E+00
     12.595  0.1986E-01  0.3063E-01  0.3063E-01  0.3063E-01  0.0000E+00  0.0000E+00  0.0000E+00  0.0000E+00  0.0000E+00
     12.687  0.1941E-01  0.3070E-01  0.3070E-01  0.3070E-01  0.0000E+00  0.0000E+00  0.0000E+00  0.0000E+00  0.0000E+00
     12.778  0.1908E-01  0.3107E-01  0.3107E-01  0.3107E-01  0.0000E+00  0.0000E+00  0.0000E+00  0.0000E+00  0.0000E+00
     12.870  0.2017E-01  0.3322E-01  0.3322E-01  0.3322E-01  0.0000E+00  0.0000E+00  0.0000E+00  0.0000E+00  0.0000E+00
     12.961  0.2095E-01  0.3477E-01  0.3477E-01  0.3477E-01  0.0000E+00  0.0000E+00  0.0000E+00  0.0000E+00  0.0000E+00
     13.052  0.2099E-01  0.3557E-01  0.3557E-01  0.3557E-01  0.0000E+00  0.0000E+00  0.0000E+00  0.0000E+00  0.0000E+00
     13.144  0.1808E-01  0.3218E-01  0.3218E-01  0.3218E-01  0.0000E+00  0.0000E+00  0.0000E+00  0.0000E+00  0.0000E+00
     13.235  0.1462E-01  0.2804E-01  0.2804E-01  0.2804E-01  0.0000E+00  0.0000E+00  0.0000E+00  0.0000E+00  0.0000E+00
     13.326  0.1291E-01  0.2648E-01  0.2648E-01  0.2648E-01  0.0000E+00  0.0000E+00  0.0000E+00  0.0000E+00  0.0000E+00
     13.418  0.1194E-01  0.2557E-01  0.2557E-01  0.2557E-01  0.0000E+00  0.0000E+00  0.0000E+00  0.0000E+00  0.0000E+00
     13.509  0.1057E-01  0.2364E-01  0.2364E-01  0.2364E-01  0.0000E+00  0.0000E+00  0.0000E+00  0.0000E+00  0.0000E+00
     13.601  0.9804E-02  0.2263E-01  0.2263E-01  0.2263E-01  0.0000E+00  0.0000E+00  0.0000E+00  0.0000E+00  0.0000E+00
     13.692  0.9278E-02  0.2204E-01  0.2204E-01  0.2204E-01  0.0000E+00  0.0000E+00  0.0000E+00  0.0000E+00  0.0000E+00
     13.783  0.8642E-02  0.2128E-01  0.2128E-01  0.2128E-01  0.0000E+00  0.0000E+00  0.0000E+00  0.0000E+00  0.0000E+00
     13.875  0.7659E-02  0.2022E-01  0.2022E-01  0.2022E-01  0.0000E+00  0.0000E+00  0.0000E+00  0.0000E+00  0.0000E+00
     13.966  0.7417E-02  0.2038E-01  0.2038E-01  0.2038E-01  0.0000E+00  0.0000E+00  0.0000E+00  0.0000E+00  0.0000E+00
     14.057  0.6528E-02  0.1962E-01  0.1962E-01  0.1962E-01  0.0000E+00  0.0000E+00  0.0000E+00  0.0000E+00  0.0000E+00
     14.149  0.6227E-02  0.2234E-01  0.2234E-01  0.2234E-01  0.0000E+00  0.0000E+00  0.0000E+00  0.0000E+00  0.0000E+00
     14.240  0.5253E-02  0.1909E-01  0.1909E-01  0.1909E-01  0.0000E+00  0.0000E+00  0.0000E+00  0.0000E+00  0.0000E+00
     14.332  0.4745E-02  0.1774E-01  0.1774E-01  0.1774E-01  0.0000E+00  0.0000E+00  0.0000E+00  0.0000E+00  0.0000E+00
     14.423  0.4172E-02  0.1669E-01  0.1669E-01  0.1669E-01  0.0000E+00  0.0000E+00  0.0000E+00  0.0000E+00  0.0000E+00
     14.514  0.3509E-02  0.1156E-01  0.1156E-01  0.1156E-01  0.0000E+00  0.0000E+00  0.0000E+00  0.0000E+00  0.0000E+00
     14.606  0.3186E-02  0.1035E-01  0.1035E-01  0.1035E-01  0.0000E+00  0.0000E+00  0.0000E+00  0.0000E+00  0.0000E+00
     14.697  0.2987E-02  0.9943E-02  0.9943E-02  0.9943E-02  0.0000E+00  0.0000E+00  0.0000E+00  0.0000E+00  0.0000E+00
     14.789  0.2597E-02  0.9457E-02  0.9457E-02  0.9457E-02  0.0000E+00  0.0000E+00  0.0000E+00  0.0000E+00  0.0000E+00
     14.880  0.2551E-02  0.1008E-01  0.1008E-01  0.1008E-01  0.0000E+00  0.0000E+00  0.0000E+00  0.0000E+00  0.0000E+00
     14.971  0.1973E-02  0.8448E-02  0.8448E-02  0.8448E-02  0.0000E+00  0.0000E+00  0.0000E+00  0.0000E+00  0.0000E+00
     15.063  0.1682E-02  0.7458E-02  0.7458E-02  0.7458E-02  0.0000E+00  0.0000E+00  0.0000E+00  0.0000E+00  0.0000E+00
     15.154  0.1488E-02  0.6817E-02  0.6817E-02  0.6817E-02  0.0000E+00  0.0000E+00  0.0000E+00  0.0000E+00  0.0000E+00
     15.245  0.1347E-02  0.6388E-02  0.6388E-02  0.6388E-02  0.0000E+00  0.0000E+00  0.0000E+00  0.0000E+00  0.0000E+00
     15.337  0.1247E-02  0.6146E-02  0.6146E-02  0.6146E-02  0.0000E+00  0.0000E+00  0.0000E+00  0.0000E+00  0.0000E+00
     15.428  0.1152E-02  0.5916E-02  0.5916E-02  0.5916E-02  0.0000E+00  0.0000E+00  0.0000E+00  0.0000E+00  0.0000E+00
     15.520  0.1007E-02  0.5543E-02  0.5543E-02  0.5543E-02  0.0000E+00  0.0000E+00  0.0000E+00  0.0000E+00  0.0000E+00
     15.611  0.8418E-03  0.5252E-02  0.5252E-02  0.5252E-02  0.0000E+00  0.0000E+00  0.0000E+00  0.0000E+00  0.0000E+00
     15.702  0.5804E-03  0.4524E-02  0.4524E-02  0.4524E-02  0.0000E+00  0.0000E+00  0.0000E+00  0.0000E+00  0.0000E+00
     15.794  0.4560E-03  0.3806E-02  0.3806E-02  0.3806E-02  0.0000E+00  0.0000E+00  0.0000E+00  0.0000E+00  0.0000E+00
     15.885  0.3763E-03  0.3256E-02  0.3256E-02  0.3256E-02  0.0000E+00  0.0000E+00  0.0000E+00  0.0000E+00  0.0000E+00
     15.976  0.3056E-03  0.2804E-02  0.2804E-02  0.2804E-02  0.0000E+00  0.0000E+00  0.0000E+00  0.0000E+00  0.0000E+00
     16.068  0.2506E-03  0.2518E-02  0.2518E-02  0.2518E-02  0.0000E+00  0.0000E+00  0.0000E+00  0.0000E+00  0.0000E+00
     16.159  0.2030E-03  0.2416E-02  0.2416E-02  0.2416E-02  0.0000E+00  0.0000E+00  0.0000E+00  0.0000E+00  0.0000E+00
     16.251  0.1646E-03  0.2455E-02  0.2455E-02  0.2455E-02  0.0000E+00  0.0000E+00  0.0000E+00  0.0000E+00  0.0000E+00
     16.342  0.1542E-03  0.2622E-02  0.2622E-02  0.2622E-02  0.0000E+00  0.0000E+00  0.0000E+00  0.0000E+00  0.0000E+00
     16.433  0.1855E-04  0.6312E-03  0.6312E-03  0.6312E-03  0.0000E+00  0.0000E+00  0.0000E+00  0.0000E+00  0.0000E+00
     16.525  0.5150E-05  0.1752E-03  0.1752E-03  0.1752E-03  0.0000E+00  0.0000E+00  0.0000E+00  0.0000E+00  0.0000E+00
     16.616  0.5363E-07  0.1825E-05  0.1825E-05  0.1825E-05  0.0000E+00  0.0000E+00  0.0000E+00  0.0000E+00  0.0000E+00
     16.708  0.0000E+00  0.0000E+00  0.0000E+00  0.0000E+00  0.0000E+00  0.0000E+00  0.0000E+00  0.0000E+00  0.0000E+00
     16.799  0.0000E+00  0.0000E+00  0.0000E+00  0.0000E+00  0.0000E+00  0.0000E+00  0.0000E+00  0.0000E+00  0.0000E+00
     16.890  0.0000E+00  0.0000E+00  0.0000E+00  0.0000E+00  0.0000E+00  0.0000E+00  0.0000E+00  0.0000E+00  0.0000E+00
     16.982  0.0000E+00  0.0000E+00  0.0000E+00  0.0000E+00  0.0000E+00  0.0000E+00  0.0000E+00  0.0000E+00  0.0000E+00
     17.073  0.0000E+00  0.0000E+00  0.0000E+00  0.0000E+00  0.0000E+00  0.0000E+00  0.0000E+00  0.0000E+00  0.0000E+00
     17.164  0.0000E+00  0.0000E+00  0.0000E+00  0.0000E+00  0.0000E+00  0.0000E+00  0.0000E+00  0.0000E+00  0.0000E+00
     17.256  0.0000E+00  0.0000E+00  0.0000E+00  0.0000E+00  0.0000E+00  0.0000E+00  0.0000E+00  0.0000E+00  0.0000E+00
     17.347  0.0000E+00  0.0000E+00  0.0000E+00  0.0000E+00  0.0000E+00  0.0000E+00  0.0000E+00  0.0000E+00  0.0000E+00
     17.439  0.0000E+00  0.0000E+00  0.0000E+00  0.0000E+00  0.0000E+00  0.0000E+00  0.0000E+00  0.0000E+00  0.0000E+00
     17.530  0.0000E+00  0.0000E+00  0.0000E+00  0.0000E+00  0.0000E+00  0.0000E+00  0.0000E+00  0.0000E+00  0.0000E+00
     17.621  0.0000E+00  0.0000E+00  0.0000E+00  0.0000E+00  0.0000E+00  0.0000E+00  0.0000E+00  0.0000E+00  0.0000E+00
     17.713  0.0000E+00  0.0000E+00  0.0000E+00  0.0000E+00  0.0000E+00  0.0000E+00  0.0000E+00  0.0000E+00  0.0000E+00
     17.804  0.0000E+00  0.0000E+00  0.0000E+00  0.0000E+00  0.0000E+00  0.0000E+00  0.0000E+00  0.0000E+00  0.0000E+00
     17.895  0.0000E+00  0.0000E+00  0.0000E+00  0.0000E+00  0.0000E+00  0.0000E+00  0.0000E+00  0.0000E+00  0.0000E+00
     17.987  0.0000E+00  0.0000E+00  0.0000E+00  0.0000E+00  0.0000E+00  0.0000E+00  0.0000E+00  0.0000E+00  0.0000E+00
     18.078  0.0000E+00  0.0000E+00  0.0000E+00  0.0000E+00  0.0000E+00  0.0000E+00  0.0000E+00  0.0000E+00  0.0000E+00
     18.170  0.0000E+00  0.0000E+00  0.0000E+00  0.0000E+00  0.0000E+00  0.0000E+00  0.0000E+00  0.0000E+00  0.0000E+00
     18.261  0.0000E+00  0.0000E+00  0.0000E+00  0.0000E+00  0.0000E+00  0.0000E+00  0.0000E+00  0.0000E+00  0.0000E+00
     18.352  0.0000E+00  0.0000E+00  0.0000E+00  0.0000E+00  0.0000E+00  0.0000E+00  0.0000E+00  0.0000E+00  0.0000E+00
     18.444  0.0000E+00  0.0000E+00  0.0000E+00  0.0000E+00  0.0000E+00  0.0000E+00  0.0000E+00  0.0000E+00  0.0000E+00
     18.535  0.0000E+00  0.0000E+00  0.0000E+00  0.0000E+00  0.0000E+00  0.0000E+00  0.0000E+00  0.0000E+00  0.0000E+00
     18.627  0.0000E+00  0.0000E+00  0.0000E+00  0.0000E+00  0.0000E+00  0.0000E+00  0.0000E+00  0.0000E+00  0.0000E+00
