   2   2   1   0
  0.1850730E+02  0.3740785E-09  0.3740785E-09  0.3740785E-09  0.5000000E-15
  1.000000000000000E-004
  CAR 
 Si                                      
     20.18833723     -8.53850234  301      6.56801301      1.00000000
     -8.539  0.0000E+00  0.0000E+00
     -8.443  0.0000E+00  0.0000E+00
     -8.347  0.0000E+00  0.0000E+00
     -8.251  0.0000E+00  0.0000E+00
     -8.155  0.0000E+00  0.0000E+00
     -8.060  0.0000E+00  0.0000E+00
     -7.964  0.0000E+00  0.0000E+00
     -7.868  0.0000E+00  0.0000E+00
     -7.772  0.0000E+00  0.0000E+00
     -7.677  0.0000E+00  0.0000E+00
     -7.581  0.0000E+00  0.0000E+00
     -7.485  0.0000E+00  0.0000E+00
     -7.389  0.0000E+00  0.0000E+00
     -7.294  0.0000E+00  0.0000E+00
     -7.198  0.0000E+00  0.0000E+00
     -7.102  0.0000E+00  0.0000E+00
     -7.006  0.0000E+00  0.0000E+00
     -6.911  0.0000E+00  0.0000E+00
     -6.815  0.0000E+00  0.0000E+00
     -6.719  0.0000E+00  0.0000E+00
     -6.623  0.0000E+00  0.0000E+00
     -6.528  0.1166E-01  0.4229E-04
     -6.432  0.1185E+00  0.6009E-02
     -6.336  0.1321E+00  0.1660E-01
     -6.240  0.1563E+00  0.3033E-01
     -6.145  0.1823E+00  0.4661E-01
     -6.049  0.2042E+00  0.6508E-01
     -5.953  0.2244E+00  0.8567E-01
     -5.857  0.2443E+00  0.1081E+00
     -5.762  0.2618E+00  0.1324E+00
     -5.666  0.2796E+00  0.1583E+00
     -5.570  0.2965E+00  0.1859E+00
     -5.474  0.3126E+00  0.2150E+00
     -5.379  0.3299E+00  0.2458E+00
     -5.283  0.3449E+00  0.2781E+00
     -5.187  0.3611E+00  0.3119E+00
     -5.091  0.3773E+00  0.3473E+00
     -4.996  0.3929E+00  0.3841E+00
     -4.900  0.4095E+00  0.4225E+00
     -4.804  0.4264E+00  0.4626E+00
     -4.708  0.4433E+00  0.5042E+00
     -4.613  0.4616E+00  0.5475E+00
     -4.517  0.4810E+00  0.5926E+00
     -4.421  0.5014E+00  0.6397E+00
     -4.325  0.5243E+00  0.6887E+00
     -4.229  0.5504E+00  0.7402E+00
     -4.134  0.5806E+00  0.7943E+00
     -4.038  0.6198E+00  0.8516E+00
     -3.942  0.6800E+00  0.9136E+00
     -3.846  0.7922E+00  0.9849E+00
     -3.751  0.7671E+00  0.1059E+01
     -3.655  0.7382E+00  0.1131E+01
     -3.559  0.7194E+00  0.1201E+01
     -3.463  0.6890E+00  0.1268E+01
     -3.368  0.6629E+00  0.1333E+01
     -3.272  0.6383E+00  0.1395E+01
     -3.176  0.6111E+00  0.1455E+01
     -3.080  0.5861E+00  0.1512E+01
     -2.985  0.5614E+00  0.1567E+01
     -2.889  0.5346E+00  0.1620E+01
     -2.793  0.5094E+00  0.1670E+01
     -2.697  0.4801E+00  0.1717E+01
     -2.602  0.4536E+00  0.1762E+01
     -2.506  0.4257E+00  0.1804E+01
     -2.410  0.3945E+00  0.1843E+01
     -2.314  0.3660E+00  0.1879E+01
     -2.219  0.3300E+00  0.1913E+01
     -2.123  0.3183E+00  0.1944E+01
     -2.027  0.2480E+00  0.1971E+01
     -1.931  0.1266E+00  0.1990E+01
     -1.836  0.4323E-01  0.1997E+01
     -1.740  0.3851E-01  0.2001E+01
     -1.644  0.8457E-01  0.2006E+01
     -1.548  0.1581E+00  0.2018E+01
     -1.453  0.2175E+00  0.2036E+01
     -1.357  0.2770E+00  0.2060E+01
     -1.261  0.3221E+00  0.2088E+01
     -1.165  0.3690E+00  0.2121E+01
     -1.070  0.5402E+00  0.2160E+01
     -0.974  0.8054E+00  0.2224E+01
     -0.878  0.1123E+01  0.2312E+01
     -0.782  0.1951E+01  0.2454E+01
     -0.686  0.1068E+01  0.2579E+01
     -0.591  0.8798E+00  0.2671E+01
     -0.495  0.7735E+00  0.2750E+01
     -0.399  0.6964E+00  0.2820E+01
     -0.303  0.6369E+00  0.2884E+01
     -0.208  0.5935E+00  0.2943E+01
     -0.112  0.5526E+00  0.2997E+01
     -0.016  0.5146E+00  0.3048E+01
      0.080  0.4882E+00  0.3096E+01
      0.175  0.4621E+00  0.3142E+01
      0.271  0.4348E+00  0.3185E+01
      0.367  0.4119E+00  0.3225E+01
      0.463  0.3939E+00  0.3264E+01
      0.558  0.3748E+00  0.3301E+01
      0.654  0.3536E+00  0.3336E+01
      0.750  0.3379E+00  0.3369E+01
      0.846  0.3245E+00  0.3400E+01
      0.941  0.3100E+00  0.3431E+01
      1.037  0.2938E+00  0.3460E+01
      1.133  0.2798E+00  0.3487E+01
      1.229  0.2694E+00  0.3513E+01
      1.324  0.2587E+00  0.3539E+01
      1.420  0.2461E+00  0.3563E+01
      1.516  0.2321E+00  0.3586E+01
      1.612  0.4432E+00  0.3612E+01
      1.707  0.6202E+00  0.3661E+01
      1.803  0.7952E+00  0.3728E+01
      1.899  0.1116E+01  0.3817E+01
      1.995  0.1078E+01  0.3922E+01
      2.090  0.9909E+00  0.4020E+01
      2.186  0.9570E+00  0.4114E+01
      2.282  0.9071E+00  0.4203E+01
      2.378  0.9018E+00  0.4289E+01
      2.473  0.9155E+00  0.4376E+01
      2.569  0.9191E+00  0.4464E+01
      2.665  0.9322E+00  0.4553E+01
      2.761  0.9659E+00  0.4644E+01
      2.856  0.1002E+01  0.4738E+01
      2.952  0.1001E+01  0.4833E+01
      3.048  0.1067E+01  0.4932E+01
      3.144  0.1106E+01  0.5035E+01
      3.240  0.1164E+01  0.5144E+01
      3.335  0.1389E+01  0.5266E+01
      3.431  0.1353E+01  0.5398E+01
      3.527  0.1350E+01  0.5528E+01
      3.623  0.1317E+01  0.5655E+01
      3.718  0.1298E+01  0.5781E+01
      3.814  0.1280E+01  0.5904E+01
      3.910  0.1255E+01  0.6026E+01
      4.006  0.1234E+01  0.6144E+01
      4.101  0.1210E+01  0.6262E+01
      4.197  0.1192E+01  0.6376E+01
      4.293  0.1177E+01  0.6490E+01
      4.389  0.1151E+01  0.6601E+01
      4.484  0.1127E+01  0.6710E+01
      4.580  0.1113E+01  0.6817E+01
      4.676  0.1097E+01  0.6923E+01
      4.772  0.1080E+01  0.7027E+01
      4.867  0.1061E+01  0.7130E+01
      4.963  0.1046E+01  0.7231E+01
      5.059  0.1024E+01  0.7330E+01
      5.155  0.1010E+01  0.7428E+01
      5.250  0.8632E+00  0.7519E+01
      5.346  0.6976E+00  0.7592E+01
      5.442  0.6135E+00  0.7654E+01
      5.538  0.5424E+00  0.7710E+01
      5.633  0.4813E+00  0.7759E+01
      5.729  0.4262E+00  0.7802E+01
      5.825  0.3818E+00  0.7841E+01
      5.921  0.3358E+00  0.7875E+01
      6.016  0.2940E+00  0.7905E+01
      6.112  0.2563E+00  0.7932E+01
      6.208  0.2153E+00  0.7954E+01
      6.304  0.1717E+00  0.7973E+01
      6.399  0.1314E+00  0.7988E+01
      6.495  0.6522E-01  0.7998E+01
      6.591  0.0000E+00  0.8000E+01
      6.687  0.0000E+00  0.8000E+01
      6.782  0.0000E+00  0.8000E+01
      6.878  0.0000E+00  0.8000E+01
      6.974  0.0000E+00  0.8000E+01
      7.070  0.0000E+00  0.8000E+01
      7.166  0.0000E+00  0.8000E+01
      7.261  0.5584E-01  0.8001E+01
      7.357  0.1446E+00  0.8012E+01
      7.453  0.2211E+00  0.8029E+01
      7.549  0.2768E+00  0.8053E+01
      7.644  0.3203E+00  0.8082E+01
      7.740  0.3651E+00  0.8114E+01
      7.836  0.4132E+00  0.8152E+01
      7.932  0.4626E+00  0.8194E+01
      8.027  0.4928E+00  0.8239E+01
      8.123  0.5304E+00  0.8288E+01
      8.219  0.5679E+00  0.8341E+01
      8.315  0.6077E+00  0.8397E+01
      8.410  0.6503E+00  0.8457E+01
      8.506  0.6949E+00  0.8522E+01
      8.602  0.7370E+00  0.8590E+01
      8.698  0.7757E+00  0.8663E+01
      8.793  0.8317E+00  0.8739E+01
      8.889  0.9518E+00  0.8824E+01
      8.985  0.1042E+01  0.8919E+01
      9.081  0.1155E+01  0.9024E+01
      9.176  0.1358E+01  0.9142E+01
      9.272  0.1550E+01  0.9285E+01
      9.368  0.1534E+01  0.9433E+01
      9.464  0.1513E+01  0.9581E+01
      9.559  0.1446E+01  0.9725E+01
      9.655  0.1212E+01  0.9851E+01
      9.751  0.1184E+01  0.9965E+01
      9.847  0.1069E+01  0.1007E+02
      9.942  0.1071E+01  0.1017E+02
     10.038  0.1580E+01  0.1028E+02
     10.134  0.1720E+01  0.1044E+02
     10.230  0.1864E+01  0.1061E+02
     10.325  0.1655E+01  0.1078E+02
     10.421  0.1569E+01  0.1093E+02
     10.517  0.1520E+01  0.1108E+02
     10.613  0.1554E+01  0.1122E+02
     10.708  0.1528E+01  0.1137E+02
     10.804  0.1403E+01  0.1151E+02
     10.900  0.1385E+01  0.1164E+02
     10.996  0.1382E+01  0.1178E+02
     11.092  0.1187E+01  0.1190E+02
     11.187  0.1004E+01  0.1200E+02
     11.283  0.9627E+00  0.1210E+02
     11.379  0.9948E+00  0.1219E+02
     11.475  0.1071E+01  0.1229E+02
     11.570  0.1067E+01  0.1239E+02
     11.666  0.1062E+01  0.1249E+02
     11.762  0.1043E+01  0.1259E+02
     11.858  0.1023E+01  0.1269E+02
     11.953  0.1059E+01  0.1279E+02
     12.049  0.1048E+01  0.1289E+02
     12.145  0.1115E+01  0.1300E+02
     12.241  0.1145E+01  0.1310E+02
     12.336  0.1070E+01  0.1321E+02
     12.432  0.1064E+01  0.1331E+02
     12.528  0.1068E+01  0.1341E+02
     12.624  0.1096E+01  0.1352E+02
     12.719  0.1055E+01  0.1362E+02
     12.815  0.1101E+01  0.1372E+02
     12.911  0.1024E+01  0.1383E+02
     13.007  0.1013E+01  0.1392E+02
     13.102  0.1005E+01  0.1402E+02
     13.198  0.9642E+00  0.1411E+02
     13.294  0.9482E+00  0.1420E+02
     13.390  0.9330E+00  0.1429E+02
     13.485  0.9156E+00  0.1438E+02
     13.581  0.8044E+00  0.1446E+02
     13.677  0.7636E+00  0.1454E+02
     13.773  0.7917E+00  0.1461E+02
     13.868  0.8082E+00  0.1469E+02
     13.964  0.8223E+00  0.1477E+02
     14.060  0.8525E+00  0.1485E+02
     14.156  0.8584E+00  0.1493E+02
     14.251  0.8393E+00  0.1501E+02
     14.347  0.7650E+00  0.1509E+02
     14.443  0.6750E+00  0.1516E+02
     14.539  0.6384E+00  0.1522E+02
     14.634  0.5762E+00  0.1528E+02
     14.730  0.5516E+00  0.1533E+02
     14.826  0.5340E+00  0.1538E+02
     14.922  0.5084E+00  0.1543E+02
     15.018  0.4890E+00  0.1548E+02
     15.113  0.5537E+00  0.1553E+02
     15.209  0.5933E+00  0.1559E+02
     15.305  0.4757E+00  0.1564E+02
     15.401  0.4169E+00  0.1568E+02
     15.496  0.3661E+00  0.1572E+02
     15.592  0.2934E+00  0.1575E+02
     15.688  0.2242E+00  0.1578E+02
     15.784  0.2103E+00  0.1580E+02
     15.879  0.1992E+00  0.1582E+02
     15.975  0.1864E+00  0.1583E+02
     16.071  0.1752E+00  0.1585E+02
     16.167  0.1850E+00  0.1587E+02
     16.262  0.1524E+00  0.1588E+02
     16.358  0.1333E+00  0.1590E+02
     16.454  0.1208E+00  0.1591E+02
     16.550  0.1122E+00  0.1592E+02
     16.645  0.1073E+00  0.1593E+02
     16.741  0.1010E+00  0.1594E+02
     16.837  0.9102E-01  0.1595E+02
     16.933  0.7965E-01  0.1596E+02
     17.028  0.6748E-01  0.1597E+02
     17.124  0.5697E-01  0.1597E+02
     17.220  0.4917E-01  0.1598E+02
     17.316  0.4243E-01  0.1598E+02
     17.411  0.3675E-01  0.1599E+02
     17.507  0.3409E-01  0.1599E+02
     17.603  0.3402E-01  0.1599E+02
     17.699  0.3211E-01  0.1600E+02
     17.794  0.2574E-01  0.1600E+02
     17.890  0.6758E-02  0.1600E+02
     17.986  0.3108E-02  0.1600E+02
     18.082  0.8623E-03  0.1600E+02
     18.177  0.8893E-05  0.1600E+02
     18.273  0.0000E+00  0.1600E+02
     18.369  0.0000E+00  0.1600E+02
     18.465  0.0000E+00  0.1600E+02
     18.560  0.0000E+00  0.1600E+02
     18.656  0.0000E+00  0.1600E+02
     18.752  0.0000E+00  0.1600E+02
     18.848  0.0000E+00  0.1600E+02
     18.944  0.0000E+00  0.1600E+02
     19.039  0.0000E+00  0.1600E+02
     19.135  0.0000E+00  0.1600E+02
     19.231  0.0000E+00  0.1600E+02
     19.327  0.0000E+00  0.1600E+02
     19.422  0.0000E+00  0.1600E+02
     19.518  0.0000E+00  0.1600E+02
     19.614  0.0000E+00  0.1600E+02
     19.710  0.0000E+00  0.1600E+02
     19.805  0.0000E+00  0.1600E+02
     19.901  0.0000E+00  0.1600E+02
     19.997  0.0000E+00  0.1600E+02
     20.093  0.0000E+00  0.1600E+02
     20.188  0.0000E+00  0.1600E+02
     20.18833723     -8.53850234  301      6.56801301      1.00000000
     -8.539  0.0000E+00  0.0000E+00  0.0000E+00  0.0000E+00  0.0000E+00  0.0000E+00  0.0000E+00  0.0000E+00  0.0000E+00
     -8.443  0.0000E+00  0.0000E+00  0.0000E+00  0.0000E+00  0.0000E+00  0.0000E+00  0.0000E+00  0.0000E+00  0.0000E+00
     -8.347  0.0000E+00  0.0000E+00  0.0000E+00  0.0000E+00  0.0000E+00  0.0000E+00  0.0000E+00  0.0000E+00  0.0000E+00
     -8.251  0.0000E+00  0.0000E+00  0.0000E+00  0.0000E+00  0.0000E+00  0.0000E+00  0.0000E+00  0.0000E+00  0.0000E+00
     -8.155  0.0000E+00  0.0000E+00  0.0000E+00  0.0000E+00  0.0000E+00  0.0000E+00  0.0000E+00  0.0000E+00  0.0000E+00
     -8.060  0.0000E+00  0.0000E+00  0.0000E+00  0.0000E+00  0.0000E+00  0.0000E+00  0.0000E+00  0.0000E+00  0.0000E+00
     -7.964  0.0000E+00  0.0000E+00  0.0000E+00  0.0000E+00  0.0000E+00  0.0000E+00  0.0000E+00  0.0000E+00  0.0000E+00
     -7.868  0.0000E+00  0.0000E+00  0.0000E+00  0.0000E+00  0.0000E+00  0.0000E+00  0.0000E+00  0.0000E+00  0.0000E+00
     -7.772  0.0000E+00  0.0000E+00  0.0000E+00  0.0000E+00  0.0000E+00  0.0000E+00  0.0000E+00  0.0000E+00  0.0000E+00
     -7.677  0.0000E+00  0.0000E+00  0.0000E+00  0.0000E+00  0.0000E+00  0.0000E+00  0.0000E+00  0.0000E+00  0.0000E+00
     -7.581  0.0000E+00  0.0000E+00  0.0000E+00  0.0000E+00  0.0000E+00  0.0000E+00  0.0000E+00  0.0000E+00  0.0000E+00
     -7.485  0.0000E+00  0.0000E+00  0.0000E+00  0.0000E+00  0.0000E+00  0.0000E+00  0.0000E+00  0.0000E+00  0.0000E+00
     -7.389  0.0000E+00  0.0000E+00  0.0000E+00  0.0000E+00  0.0000E+00  0.0000E+00  0.0000E+00  0.0000E+00  0.0000E+00
     -7.294  0.0000E+00  0.0000E+00  0.0000E+00  0.0000E+00  0.0000E+00  0.0000E+00  0.0000E+00  0.0000E+00  0.0000E+00
     -7.198  0.0000E+00  0.0000E+00  0.0000E+00  0.0000E+00  0.0000E+00  0.0000E+00  0.0000E+00  0.0000E+00  0.0000E+00
     -7.102  0.0000E+00  0.0000E+00  0.0000E+00  0.0000E+00  0.0000E+00  0.0000E+00  0.0000E+00  0.0000E+00  0.0000E+00
     -7.006  0.0000E+00  0.0000E+00  0.0000E+00  0.0000E+00  0.0000E+00  0.0000E+00  0.0000E+00  0.0000E+00  0.0000E+00
     -6.911  0.0000E+00  0.0000E+00  0.0000E+00  0.0000E+00  0.0000E+00  0.0000E+00  0.0000E+00  0.0000E+00  0.0000E+00
     -6.815  0.0000E+00  0.0000E+00  0.0000E+00  0.0000E+00  0.0000E+00  0.0000E+00  0.0000E+00  0.0000E+00  0.0000E+00
     -6.719  0.0000E+00  0.0000E+00  0.0000E+00  0.0000E+00  0.0000E+00  0.0000E+00  0.0000E+00  0.0000E+00  0.0000E+00
     -6.623  0.0000E+00  0.0000E+00  0.0000E+00  0.0000E+00  0.0000E+00  0.0000E+00  0.0000E+00  0.0000E+00  0.0000E+00
     -6.528  0.2583E-02  0.8166E-06  0.8166E-06  0.8166E-06  0.0000E+00  0.0000E+00  0.0000E+00  0.0000E+00  0.0000E+00
     -6.432  0.2617E-01  0.4438E-04  0.4438E-04  0.4438E-04  0.0000E+00  0.0000E+00  0.0000E+00  0.0000E+00  0.0000E+00
     -6.336  0.2910E-01  0.1040E-03  0.1040E-03  0.1040E-03  0.0000E+00  0.0000E+00  0.0000E+00  0.0000E+00  0.0000E+00
     -6.240  0.3434E-01  0.1809E-03  0.1809E-03  0.1809E-03  0.0000E+00  0.0000E+00  0.0000E+00  0.0000E+00  0.0000E+00
     -6.145  0.3995E-01  0.2730E-03  0.2730E-03  0.2730E-03  0.0000E+00  0.0000E+00  0.0000E+00  0.0000E+00  0.0000E+00
     -6.049  0.4463E-01  0.3784E-03  0.3784E-03  0.3784E-03  0.0000E+00  0.0000E+00  0.0000E+00  0.0000E+00  0.0000E+00
     -5.953  0.4892E-01  0.4960E-03  0.4960E-03  0.4960E-03  0.0000E+00  0.0000E+00  0.0000E+00  0.0000E+00  0.0000E+00
     -5.857  0.5314E-01  0.6200E-03  0.6200E-03  0.6200E-03  0.0000E+00  0.0000E+00  0.0000E+00  0.0000E+00  0.0000E+00
     -5.762  0.5682E-01  0.7580E-03  0.7580E-03  0.7580E-03  0.0000E+00  0.0000E+00  0.0000E+00  0.0000E+00  0.0000E+00
     -5.666  0.6056E-01  0.9008E-03  0.9008E-03  0.9008E-03  0.0000E+00  0.0000E+00  0.0000E+00  0.0000E+00  0.0000E+00
     -5.570  0.6410E-01  0.1054E-02  0.1054E-02  0.1054E-02  0.0000E+00  0.0000E+00  0.0000E+00  0.0000E+00  0.0000E+00
     -5.474  0.6745E-01  0.1216E-02  0.1216E-02  0.1216E-02  0.0000E+00  0.0000E+00  0.0000E+00  0.0000E+00  0.0000E+00
     -5.379  0.7106E-01  0.1379E-02  0.1379E-02  0.1379E-02  0.0000E+00  0.0000E+00  0.0000E+00  0.0000E+00  0.0000E+00
     -5.283  0.7416E-01  0.1562E-02  0.1562E-02  0.1562E-02  0.0000E+00  0.0000E+00  0.0000E+00  0.0000E+00  0.0000E+00
     -5.187  0.7753E-01  0.1744E-02  0.1744E-02  0.1744E-02  0.0000E+00  0.0000E+00  0.0000E+00  0.0000E+00  0.0000E+00
     -5.091  0.8092E-01  0.1934E-02  0.1934E-02  0.1934E-02  0.0000E+00  0.0000E+00  0.0000E+00  0.0000E+00  0.0000E+00
     -4.996  0.8416E-01  0.2138E-02  0.2138E-02  0.2138E-02  0.0000E+00  0.0000E+00  0.0000E+00  0.0000E+00  0.0000E+00
     -4.900  0.8765E-01  0.2343E-02  0.2343E-02  0.2343E-02  0.0000E+00  0.0000E+00  0.0000E+00  0.0000E+00  0.0000E+00
     -4.804  0.9120E-01  0.2558E-02  0.2558E-02  0.2558E-02  0.0000E+00  0.0000E+00  0.0000E+00  0.0000E+00  0.0000E+00
     -4.708  0.9478E-01  0.2788E-02  0.2788E-02  0.2788E-02  0.0000E+00  0.0000E+00  0.0000E+00  0.0000E+00  0.0000E+00
     -4.613  0.9868E-01  0.3021E-02  0.3021E-02  0.3021E-02  0.0000E+00  0.0000E+00  0.0000E+00  0.0000E+00  0.0000E+00
     -4.517  0.1028E+00  0.3264E-02  0.3264E-02  0.3264E-02  0.0000E+00  0.0000E+00  0.0000E+00  0.0000E+00  0.0000E+00
     -4.421  0.1073E+00  0.3531E-02  0.3531E-02  0.3531E-02  0.0000E+00  0.0000E+00  0.0000E+00  0.0000E+00  0.0000E+00
     -4.325  0.1123E+00  0.3808E-02  0.3808E-02  0.3808E-02  0.0000E+00  0.0000E+00  0.0000E+00  0.0000E+00  0.0000E+00
     -4.229  0.1180E+00  0.4098E-02  0.4098E-02  0.4098E-02  0.0000E+00  0.0000E+00  0.0000E+00  0.0000E+00  0.0000E+00
     -4.134  0.1248E+00  0.4440E-02  0.4440E-02  0.4440E-02  0.0000E+00  0.0000E+00  0.0000E+00  0.0000E+00  0.0000E+00
     -4.038  0.1337E+00  0.4829E-02  0.4829E-02  0.4829E-02  0.0000E+00  0.0000E+00  0.0000E+00  0.0000E+00  0.0000E+00
     -3.942  0.1474E+00  0.5333E-02  0.5333E-02  0.5333E-02  0.0000E+00  0.0000E+00  0.0000E+00  0.0000E+00  0.0000E+00
     -3.846  0.1732E+00  0.6150E-02  0.6150E-02  0.6150E-02  0.0000E+00  0.0000E+00  0.0000E+00  0.0000E+00  0.0000E+00
     -3.751  0.1674E+00  0.6256E-02  0.6256E-02  0.6256E-02  0.0000E+00  0.0000E+00  0.0000E+00  0.0000E+00  0.0000E+00
     -3.655  0.1607E+00  0.6282E-02  0.6282E-02  0.6282E-02  0.0000E+00  0.0000E+00  0.0000E+00  0.0000E+00  0.0000E+00
     -3.559  0.1563E+00  0.6371E-02  0.6371E-02  0.6371E-02  0.0000E+00  0.0000E+00  0.0000E+00  0.0000E+00  0.0000E+00
     -3.463  0.1493E+00  0.6383E-02  0.6383E-02  0.6383E-02  0.0000E+00  0.0000E+00  0.0000E+00  0.0000E+00  0.0000E+00
     -3.368  0.1433E+00  0.6379E-02  0.6379E-02  0.6379E-02  0.0000E+00  0.0000E+00  0.0000E+00  0.0000E+00  0.0000E+00
     -3.272  0.1377E+00  0.6374E-02  0.6374E-02  0.6374E-02  0.0000E+00  0.0000E+00  0.0000E+00  0.0000E+00  0.0000E+00
     -3.176  0.1315E+00  0.6349E-02  0.6349E-02  0.6349E-02  0.0000E+00  0.0000E+00  0.0000E+00  0.0000E+00  0.0000E+00
     -3.080  0.1258E+00  0.6303E-02  0.6303E-02  0.6303E-02  0.0000E+00  0.0000E+00  0.0000E+00  0.0000E+00  0.0000E+00
     -2.985  0.1202E+00  0.6240E-02  0.6240E-02  0.6240E-02  0.0000E+00  0.0000E+00  0.0000E+00  0.0000E+00  0.0000E+00
     -2.889  0.1142E+00  0.6159E-02  0.6159E-02  0.6159E-02  0.0000E+00  0.0000E+00  0.0000E+00  0.0000E+00  0.0000E+00
     -2.793  0.1085E+00  0.6054E-02  0.6054E-02  0.6054E-02  0.0000E+00  0.0000E+00  0.0000E+00  0.0000E+00  0.0000E+00
     -2.697  0.1020E+00  0.5904E-02  0.5904E-02  0.5904E-02  0.0000E+00  0.0000E+00  0.0000E+00  0.0000E+00  0.0000E+00
     -2.602  0.9606E-01  0.5756E-02  0.5756E-02  0.5756E-02  0.0000E+00  0.0000E+00  0.0000E+00  0.0000E+00  0.0000E+00
     -2.506  0.8986E-01  0.5569E-02  0.5569E-02  0.5569E-02  0.0000E+00  0.0000E+00  0.0000E+00  0.0000E+00  0.0000E+00
     -2.410  0.8295E-01  0.5336E-02  0.5336E-02  0.5336E-02  0.0000E+00  0.0000E+00  0.0000E+00  0.0000E+00  0.0000E+00
     -2.314  0.7665E-01  0.5102E-02  0.5102E-02  0.5102E-02  0.0000E+00  0.0000E+00  0.0000E+00  0.0000E+00  0.0000E+00
     -2.219  0.6867E-01  0.4768E-02  0.4768E-02  0.4768E-02  0.0000E+00  0.0000E+00  0.0000E+00  0.0000E+00  0.0000E+00
     -2.123  0.6574E-01  0.4773E-02  0.4773E-02  0.4773E-02  0.0000E+00  0.0000E+00  0.0000E+00  0.0000E+00  0.0000E+00
     -2.027  0.5075E-01  0.3847E-02  0.3847E-02  0.3847E-02  0.0000E+00  0.0000E+00  0.0000E+00  0.0000E+00  0.0000E+00
     -1.931  0.2580E-01  0.2020E-02  0.2020E-02  0.2020E-02  0.0000E+00  0.0000E+00  0.0000E+00  0.0000E+00  0.0000E+00
     -1.836  0.8880E-02  0.6889E-03  0.6889E-03  0.6889E-03  0.0000E+00  0.0000E+00  0.0000E+00  0.0000E+00  0.0000E+00
     -1.740  0.7584E-02  0.6835E-03  0.6835E-03  0.6835E-03  0.0000E+00  0.0000E+00  0.0000E+00  0.0000E+00  0.0000E+00
     -1.644  0.1640E-01  0.1567E-02  0.1567E-02  0.1567E-02  0.0000E+00  0.0000E+00  0.0000E+00  0.0000E+00  0.0000E+00
     -1.548  0.3074E-01  0.2951E-02  0.2951E-02  0.2951E-02  0.0000E+00  0.0000E+00  0.0000E+00  0.0000E+00  0.0000E+00
     -1.453  0.4226E-01  0.4124E-02  0.4124E-02  0.4124E-02  0.0000E+00  0.0000E+00  0.0000E+00  0.0000E+00  0.0000E+00
     -1.357  0.5350E-01  0.5393E-02  0.5393E-02  0.5393E-02  0.0000E+00  0.0000E+00  0.0000E+00  0.0000E+00  0.0000E+00
     -1.261  0.6173E-01  0.6438E-02  0.6438E-02  0.6438E-02  0.0000E+00  0.0000E+00  0.0000E+00  0.0000E+00  0.0000E+00
     -1.165  0.7006E-01  0.7578E-02  0.7578E-02  0.7578E-02  0.0000E+00  0.0000E+00  0.0000E+00  0.0000E+00  0.0000E+00
     -1.070  0.9081E-01  0.1304E-01  0.1304E-01  0.1304E-01  0.0000E+00  0.0000E+00  0.0000E+00  0.0000E+00  0.0000E+00
     -0.974  0.1217E+00  0.2170E-01  0.2170E-01  0.2170E-01  0.0000E+00  0.0000E+00  0.0000E+00  0.0000E+00  0.0000E+00
     -0.878  0.1645E+00  0.3138E-01  0.3138E-01  0.3138E-01  0.0000E+00  0.0000E+00  0.0000E+00  0.0000E+00  0.0000E+00
     -0.782  0.2807E+00  0.5578E-01  0.5578E-01  0.5578E-01  0.0000E+00  0.0000E+00  0.0000E+00  0.0000E+00  0.0000E+00
     -0.686  0.1567E+00  0.3034E-01  0.3034E-01  0.3034E-01  0.0000E+00  0.0000E+00  0.0000E+00  0.0000E+00  0.0000E+00
     -0.591  0.1297E+00  0.2516E-01  0.2516E-01  0.2516E-01  0.0000E+00  0.0000E+00  0.0000E+00  0.0000E+00  0.0000E+00
     -0.495  0.1141E+00  0.2230E-01  0.2230E-01  0.2230E-01  0.0000E+00  0.0000E+00  0.0000E+00  0.0000E+00  0.0000E+00
     -0.399  0.1025E+00  0.2029E-01  0.2029E-01  0.2029E-01  0.0000E+00  0.0000E+00  0.0000E+00  0.0000E+00  0.0000E+00
     -0.303  0.9347E-01  0.1878E-01  0.1878E-01  0.1878E-01  0.0000E+00  0.0000E+00  0.0000E+00  0.0000E+00  0.0000E+00
     -0.208  0.8685E-01  0.1769E-01  0.1769E-01  0.1769E-01  0.0000E+00  0.0000E+00  0.0000E+00  0.0000E+00  0.0000E+00
     -0.112  0.8044E-01  0.1669E-01  0.1669E-01  0.1669E-01  0.0000E+00  0.0000E+00  0.0000E+00  0.0000E+00  0.0000E+00
     -0.016  0.7441E-01  0.1575E-01  0.1575E-01  0.1575E-01  0.0000E+00  0.0000E+00  0.0000E+00  0.0000E+00  0.0000E+00
      0.080  0.7027E-01  0.1512E-01  0.1512E-01  0.1512E-01  0.0000E+00  0.0000E+00  0.0000E+00  0.0000E+00  0.0000E+00
      0.175  0.6608E-01  0.1450E-01  0.1450E-01  0.1450E-01  0.0000E+00  0.0000E+00  0.0000E+00  0.0000E+00  0.0000E+00
      0.271  0.6167E-01  0.1383E-01  0.1383E-01  0.1383E-01  0.0000E+00  0.0000E+00  0.0000E+00  0.0000E+00  0.0000E+00
      0.367  0.5801E-01  0.1328E-01  0.1328E-01  0.1328E-01  0.0000E+00  0.0000E+00  0.0000E+00  0.0000E+00  0.0000E+00
      0.463  0.5509E-01  0.1286E-01  0.1286E-01  0.1286E-01  0.0000E+00  0.0000E+00  0.0000E+00  0.0000E+00  0.0000E+00
      0.558  0.5199E-01  0.1240E-01  0.1240E-01  0.1240E-01  0.0000E+00  0.0000E+00  0.0000E+00  0.0000E+00  0.0000E+00
      0.654  0.4856E-01  0.1187E-01  0.1187E-01  0.1187E-01  0.0000E+00  0.0000E+00  0.0000E+00  0.0000E+00  0.0000E+00
      0.750  0.4603E-01  0.1148E-01  0.1148E-01  0.1148E-01  0.0000E+00  0.0000E+00  0.0000E+00  0.0000E+00  0.0000E+00
      0.846  0.4385E-01  0.1117E-01  0.1117E-01  0.1117E-01  0.0000E+00  0.0000E+00  0.0000E+00  0.0000E+00  0.0000E+00
      0.941  0.4150E-01  0.1081E-01  0.1081E-01  0.1081E-01  0.0000E+00  0.0000E+00  0.0000E+00  0.0000E+00  0.0000E+00
      1.037  0.3889E-01  0.1039E-01  0.1039E-01  0.1039E-01  0.0000E+00  0.0000E+00  0.0000E+00  0.0000E+00  0.0000E+00
      1.133  0.3668E-01  0.1002E-01  0.1002E-01  0.1002E-01  0.0000E+00  0.0000E+00  0.0000E+00  0.0000E+00  0.0000E+00
      1.229  0.3499E-01  0.9764E-02  0.9764E-02  0.9764E-02  0.0000E+00  0.0000E+00  0.0000E+00  0.0000E+00  0.0000E+00
      1.324  0.3328E-01  0.9497E-02  0.9497E-02  0.9497E-02  0.0000E+00  0.0000E+00  0.0000E+00  0.0000E+00  0.0000E+00
      1.420  0.3128E-01  0.9156E-02  0.9156E-02  0.9156E-02  0.0000E+00  0.0000E+00  0.0000E+00  0.0000E+00  0.0000E+00
      1.516  0.2912E-01  0.8758E-02  0.8758E-02  0.8758E-02  0.0000E+00  0.0000E+00  0.0000E+00  0.0000E+00  0.0000E+00
      1.612  0.2882E-01  0.2043E-01  0.2043E-01  0.2043E-01  0.0000E+00  0.0000E+00  0.0000E+00  0.0000E+00  0.0000E+00
      1.707  0.2911E-01  0.3029E-01  0.3029E-01  0.3029E-01  0.0000E+00  0.0000E+00  0.0000E+00  0.0000E+00  0.0000E+00
      1.803  0.2969E-01  0.4013E-01  0.4013E-01  0.4013E-01  0.0000E+00  0.0000E+00  0.0000E+00  0.0000E+00  0.0000E+00
      1.899  0.3179E-01  0.5810E-01  0.5810E-01  0.5810E-01  0.0000E+00  0.0000E+00  0.0000E+00  0.0000E+00  0.0000E+00
      1.995  0.3195E-01  0.5636E-01  0.5636E-01  0.5636E-01  0.0000E+00  0.0000E+00  0.0000E+00  0.0000E+00  0.0000E+00
      2.090  0.3196E-01  0.5182E-01  0.5182E-01  0.5182E-01  0.0000E+00  0.0000E+00  0.0000E+00  0.0000E+00  0.0000E+00
      2.186  0.3210E-01  0.5025E-01  0.5025E-01  0.5025E-01  0.0000E+00  0.0000E+00  0.0000E+00  0.0000E+00  0.0000E+00
      2.282  0.3160E-01  0.4783E-01  0.4783E-01  0.4783E-01  0.0000E+00  0.0000E+00  0.0000E+00  0.0000E+00  0.0000E+00
      2.378  0.3103E-01  0.4796E-01  0.4796E-01  0.4796E-01  0.0000E+00  0.0000E+00  0.0000E+00  0.0000E+00  0.0000E+00
      2.473  0.3042E-01  0.4928E-01  0.4928E-01  0.4928E-01  0.0000E+00  0.0000E+00  0.0000E+00  0.0000E+00  0.0000E+00
      2.569  0.2998E-01  0.4993E-01  0.4993E-01  0.4993E-01  0.0000E+00  0.0000E+00  0.0000E+00  0.0000E+00  0.0000E+00
      2.665  0.2946E-01  0.5118E-01  0.5118E-01  0.5118E-01  0.0000E+00  0.0000E+00  0.0000E+00  0.0000E+00  0.0000E+00
      2.761  0.2894E-01  0.5382E-01  0.5382E-01  0.5382E-01  0.0000E+00  0.0000E+00  0.0000E+00  0.0000E+00  0.0000E+00
      2.856  0.2812E-01  0.5665E-01  0.5665E-01  0.5665E-01  0.0000E+00  0.0000E+00  0.0000E+00  0.0000E+00  0.0000E+00
      2.952  0.2703E-01  0.5721E-01  0.5721E-01  0.5721E-01  0.0000E+00  0.0000E+00  0.0000E+00  0.0000E+00  0.0000E+00
      3.048  0.2645E-01  0.6213E-01  0.6213E-01  0.6213E-01  0.0000E+00  0.0000E+00  0.0000E+00  0.0000E+00  0.0000E+00
      3.144  0.2581E-01  0.6537E-01  0.6537E-01  0.6537E-01  0.0000E+00  0.0000E+00  0.0000E+00  0.0000E+00  0.0000E+00
      3.240  0.2506E-01  0.6985E-01  0.6985E-01  0.6985E-01  0.0000E+00  0.0000E+00  0.0000E+00  0.0000E+00  0.0000E+00
      3.335  0.2406E-01  0.8626E-01  0.8626E-01  0.8626E-01  0.0000E+00  0.0000E+00  0.0000E+00  0.0000E+00  0.0000E+00
      3.431  0.2270E-01  0.8463E-01  0.8463E-01  0.8463E-01  0.0000E+00  0.0000E+00  0.0000E+00  0.0000E+00  0.0000E+00
      3.527  0.2185E-01  0.8511E-01  0.8511E-01  0.8511E-01  0.0000E+00  0.0000E+00  0.0000E+00  0.0000E+00  0.0000E+00
      3.623  0.2099E-01  0.8351E-01  0.8351E-01  0.8351E-01  0.0000E+00  0.0000E+00  0.0000E+00  0.0000E+00  0.0000E+00
      3.718  0.2013E-01  0.8292E-01  0.8292E-01  0.8292E-01  0.0000E+00  0.0000E+00  0.0000E+00  0.0000E+00  0.0000E+00
      3.814  0.1923E-01  0.8240E-01  0.8240E-01  0.8240E-01  0.0000E+00  0.0000E+00  0.0000E+00  0.0000E+00  0.0000E+00
      3.910  0.1806E-01  0.8141E-01  0.8141E-01  0.8141E-01  0.0000E+00  0.0000E+00  0.0000E+00  0.0000E+00  0.0000E+00
      4.006  0.1692E-01  0.8072E-01  0.8072E-01  0.8072E-01  0.0000E+00  0.0000E+00  0.0000E+00  0.0000E+00  0.0000E+00
      4.101  0.1616E-01  0.7970E-01  0.7970E-01  0.7970E-01  0.0000E+00  0.0000E+00  0.0000E+00  0.0000E+00  0.0000E+00
      4.197  0.1543E-01  0.7907E-01  0.7907E-01  0.7907E-01  0.0000E+00  0.0000E+00  0.0000E+00  0.0000E+00  0.0000E+00
      4.293  0.1460E-01  0.7873E-01  0.7873E-01  0.7873E-01  0.0000E+00  0.0000E+00  0.0000E+00  0.0000E+00  0.0000E+00
      4.389  0.1356E-01  0.7771E-01  0.7771E-01  0.7771E-01  0.0000E+00  0.0000E+00  0.0000E+00  0.0000E+00  0.0000E+00
      4.484  0.1241E-01  0.7675E-01  0.7675E-01  0.7675E-01  0.0000E+00  0.0000E+00  0.0000E+00  0.0000E+00  0.0000E+00
      4.580  0.1146E-01  0.7651E-01  0.7651E-01  0.7651E-01  0.0000E+00  0.0000E+00  0.0000E+00  0.0000E+00  0.0000E+00
      4.676  0.1066E-01  0.7608E-01  0.7608E-01  0.7608E-01  0.0000E+00  0.0000E+00  0.0000E+00  0.0000E+00  0.0000E+00
      4.772  0.9830E-02  0.7558E-01  0.7558E-01  0.7558E-01  0.0000E+00  0.0000E+00  0.0000E+00  0.0000E+00  0.0000E+00
      4.867  0.8943E-02  0.7498E-01  0.7498E-01  0.7498E-01  0.0000E+00  0.0000E+00  0.0000E+00  0.0000E+00  0.0000E+00
      4.963  0.8043E-02  0.7461E-01  0.7461E-01  0.7461E-01  0.0000E+00  0.0000E+00  0.0000E+00  0.0000E+00  0.0000E+00
      5.059  0.7134E-02  0.7371E-01  0.7371E-01  0.7371E-01  0.0000E+00  0.0000E+00  0.0000E+00  0.0000E+00  0.0000E+00
      5.155  0.6348E-02  0.7348E-01  0.7348E-01  0.7348E-01  0.0000E+00  0.0000E+00  0.0000E+00  0.0000E+00  0.0000E+00
      5.250  0.5734E-02  0.6287E-01  0.6287E-01  0.6287E-01  0.0000E+00  0.0000E+00  0.0000E+00  0.0000E+00  0.0000E+00
      5.346  0.5214E-02  0.5061E-01  0.5061E-01  0.5061E-01  0.0000E+00  0.0000E+00  0.0000E+00  0.0000E+00  0.0000E+00
      5.442  0.4630E-02  0.4460E-01  0.4460E-01  0.4460E-01  0.0000E+00  0.0000E+00  0.0000E+00  0.0000E+00  0.0000E+00
      5.538  0.3959E-02  0.3956E-01  0.3956E-01  0.3956E-01  0.0000E+00  0.0000E+00  0.0000E+00  0.0000E+00  0.0000E+00
      5.633  0.3351E-02  0.3524E-01  0.3524E-01  0.3524E-01  0.0000E+00  0.0000E+00  0.0000E+00  0.0000E+00  0.0000E+00
      5.729  0.2836E-02  0.3132E-01  0.3132E-01  0.3132E-01  0.0000E+00  0.0000E+00  0.0000E+00  0.0000E+00  0.0000E+00
      5.825  0.2461E-02  0.2813E-01  0.2813E-01  0.2813E-01  0.0000E+00  0.0000E+00  0.0000E+00  0.0000E+00  0.0000E+00
      5.921  0.1992E-02  0.2485E-01  0.2485E-01  0.2485E-01  0.0000E+00  0.0000E+00  0.0000E+00  0.0000E+00  0.0000E+00
      6.016  0.1559E-02  0.2184E-01  0.2184E-01  0.2184E-01  0.0000E+00  0.0000E+00  0.0000E+00  0.0000E+00  0.0000E+00
      6.112  0.1180E-02  0.1912E-01  0.1912E-01  0.1912E-01  0.0000E+00  0.0000E+00  0.0000E+00  0.0000E+00  0.0000E+00
      6.208  0.8409E-03  0.1613E-01  0.1613E-01  0.1613E-01  0.0000E+00  0.0000E+00  0.0000E+00  0.0000E+00  0.0000E+00
      6.304  0.5843E-03  0.1288E-01  0.1288E-01  0.1288E-01  0.0000E+00  0.0000E+00  0.0000E+00  0.0000E+00  0.0000E+00
      6.399  0.2948E-03  0.9891E-02  0.9891E-02  0.9891E-02  0.0000E+00  0.0000E+00  0.0000E+00  0.0000E+00  0.0000E+00
      6.495  0.7334E-04  0.4917E-02  0.4917E-02  0.4917E-02  0.0000E+00  0.0000E+00  0.0000E+00  0.0000E+00  0.0000E+00
      6.591  0.0000E+00  0.0000E+00  0.0000E+00  0.0000E+00  0.0000E+00  0.0000E+00  0.0000E+00  0.0000E+00  0.0000E+00
      6.687  0.0000E+00  0.0000E+00  0.0000E+00  0.0000E+00  0.0000E+00  0.0000E+00  0.0000E+00  0.0000E+00  0.0000E+00
      6.782  0.0000E+00  0.0000E+00  0.0000E+00  0.0000E+00  0.0000E+00  0.0000E+00  0.0000E+00  0.0000E+00  0.0000E+00
      6.878  0.0000E+00  0.0000E+00  0.0000E+00  0.0000E+00  0.0000E+00  0.0000E+00  0.0000E+00  0.0000E+00  0.0000E+00
      6.974  0.0000E+00  0.0000E+00  0.0000E+00  0.0000E+00  0.0000E+00  0.0000E+00  0.0000E+00  0.0000E+00  0.0000E+00
      7.070  0.0000E+00  0.0000E+00  0.0000E+00  0.0000E+00  0.0000E+00  0.0000E+00  0.0000E+00  0.0000E+00  0.0000E+00
      7.166  0.0000E+00  0.0000E+00  0.0000E+00  0.0000E+00  0.0000E+00  0.0000E+00  0.0000E+00  0.0000E+00  0.0000E+00
      7.261  0.3079E-02  0.7753E-03  0.7753E-03  0.7753E-03  0.0000E+00  0.0000E+00  0.0000E+00  0.0000E+00  0.0000E+00
      7.357  0.7785E-02  0.2056E-02  0.2056E-02  0.2056E-02  0.0000E+00  0.0000E+00  0.0000E+00  0.0000E+00  0.0000E+00
      7.453  0.1169E-01  0.3201E-02  0.3201E-02  0.3201E-02  0.0000E+00  0.0000E+00  0.0000E+00  0.0000E+00  0.0000E+00
      7.549  0.1431E-01  0.4180E-02  0.4180E-02  0.4180E-02  0.0000E+00  0.0000E+00  0.0000E+00  0.0000E+00  0.0000E+00
      7.644  0.1628E-01  0.5046E-02  0.5046E-02  0.5046E-02  0.0000E+00  0.0000E+00  0.0000E+00  0.0000E+00  0.0000E+00
      7.740  0.1819E-01  0.5978E-02  0.5978E-02  0.5978E-02  0.0000E+00  0.0000E+00  0.0000E+00  0.0000E+00  0.0000E+00
      7.836  0.2024E-01  0.6983E-02  0.6983E-02  0.6983E-02  0.0000E+00  0.0000E+00  0.0000E+00  0.0000E+00  0.0000E+00
      7.932  0.2223E-01  0.8100E-02  0.8100E-02  0.8100E-02  0.0000E+00  0.0000E+00  0.0000E+00  0.0000E+00  0.0000E+00
      8.027  0.2324E-01  0.8946E-02  0.8946E-02  0.8946E-02  0.0000E+00  0.0000E+00  0.0000E+00  0.0000E+00  0.0000E+00
      8.123  0.2458E-01  0.9950E-02  0.9950E-02  0.9950E-02  0.0000E+00  0.0000E+00  0.0000E+00  0.0000E+00  0.0000E+00
      8.219  0.2587E-01  0.1099E-01  0.1099E-01  0.1099E-01  0.0000E+00  0.0000E+00  0.0000E+00  0.0000E+00  0.0000E+00
      8.315  0.2722E-01  0.1211E-01  0.1211E-01  0.1211E-01  0.0000E+00  0.0000E+00  0.0000E+00  0.0000E+00  0.0000E+00
      8.410  0.2869E-01  0.1330E-01  0.1330E-01  0.1330E-01  0.0000E+00  0.0000E+00  0.0000E+00  0.0000E+00  0.0000E+00
      8.506  0.3015E-01  0.1462E-01  0.1462E-01  0.1462E-01  0.0000E+00  0.0000E+00  0.0000E+00  0.0000E+00  0.0000E+00
      8.602  0.3148E-01  0.1596E-01  0.1596E-01  0.1596E-01  0.0000E+00  0.0000E+00  0.0000E+00  0.0000E+00  0.0000E+00
      8.698  0.3272E-01  0.1725E-01  0.1725E-01  0.1725E-01  0.0000E+00  0.0000E+00  0.0000E+00  0.0000E+00  0.0000E+00
      8.793  0.3632E-01  0.1877E-01  0.1877E-01  0.1877E-01  0.0000E+00  0.0000E+00  0.0000E+00  0.0000E+00  0.0000E+00
      8.889  0.5082E-01  0.2091E-01  0.2091E-01  0.2091E-01  0.0000E+00  0.0000E+00  0.0000E+00  0.0000E+00  0.0000E+00
      8.985  0.5812E-01  0.2332E-01  0.2332E-01  0.2332E-01  0.0000E+00  0.0000E+00  0.0000E+00  0.0000E+00  0.0000E+00
      9.081  0.6809E-01  0.2615E-01  0.2615E-01  0.2615E-01  0.0000E+00  0.0000E+00  0.0000E+00  0.0000E+00  0.0000E+00
      9.176  0.8646E-01  0.3103E-01  0.3103E-01  0.3103E-01  0.0000E+00  0.0000E+00  0.0000E+00  0.0000E+00  0.0000E+00
      9.272  0.1031E+00  0.3619E-01  0.3619E-01  0.3619E-01  0.0000E+00  0.0000E+00  0.0000E+00  0.0000E+00  0.0000E+00
      9.368  0.9404E-01  0.3869E-01  0.3869E-01  0.3869E-01  0.0000E+00  0.0000E+00  0.0000E+00  0.0000E+00  0.0000E+00
      9.464  0.8817E-01  0.3999E-01  0.3999E-01  0.3999E-01  0.0000E+00  0.0000E+00  0.0000E+00  0.0000E+00  0.0000E+00
      9.559  0.7882E-01  0.3899E-01  0.3899E-01  0.3899E-01  0.0000E+00  0.0000E+00  0.0000E+00  0.0000E+00  0.0000E+00
      9.655  0.5776E-01  0.3316E-01  0.3316E-01  0.3316E-01  0.0000E+00  0.0000E+00  0.0000E+00  0.0000E+00  0.0000E+00
      9.751  0.5055E-01  0.3325E-01  0.3325E-01  0.3325E-01  0.0000E+00  0.0000E+00  0.0000E+00  0.0000E+00  0.0000E+00
      9.847  0.4224E-01  0.3096E-01  0.3096E-01  0.3096E-01  0.0000E+00  0.0000E+00  0.0000E+00  0.0000E+00  0.0000E+00
      9.942  0.3811E-01  0.3248E-01  0.3248E-01  0.3248E-01  0.0000E+00  0.0000E+00  0.0000E+00  0.0000E+00  0.0000E+00
     10.038  0.4181E-01  0.4776E-01  0.4776E-01  0.4776E-01  0.0000E+00  0.0000E+00  0.0000E+00  0.0000E+00  0.0000E+00
     10.134  0.4156E-01  0.5405E-01  0.5405E-01  0.5405E-01  0.0000E+00  0.0000E+00  0.0000E+00  0.0000E+00  0.0000E+00
     10.230  0.4527E-01  0.6195E-01  0.6195E-01  0.6195E-01  0.0000E+00  0.0000E+00  0.0000E+00  0.0000E+00  0.0000E+00
     10.325  0.4628E-01  0.5429E-01  0.5429E-01  0.5429E-01  0.0000E+00  0.0000E+00  0.0000E+00  0.0000E+00  0.0000E+00
     10.421  0.4571E-01  0.5081E-01  0.5081E-01  0.5081E-01  0.0000E+00  0.0000E+00  0.0000E+00  0.0000E+00  0.0000E+00
     10.517  0.4357E-01  0.4960E-01  0.4960E-01  0.4960E-01  0.0000E+00  0.0000E+00  0.0000E+00  0.0000E+00  0.0000E+00
     10.613  0.4061E-01  0.5070E-01  0.5070E-01  0.5070E-01  0.0000E+00  0.0000E+00  0.0000E+00  0.0000E+00  0.0000E+00
     10.708  0.3976E-01  0.5004E-01  0.5004E-01  0.5004E-01  0.0000E+00  0.0000E+00  0.0000E+00  0.0000E+00  0.0000E+00
     10.804  0.3754E-01  0.4619E-01  0.4619E-01  0.4619E-01  0.0000E+00  0.0000E+00  0.0000E+00  0.0000E+00  0.0000E+00
     10.900  0.3784E-01  0.4551E-01  0.4551E-01  0.4551E-01  0.0000E+00  0.0000E+00  0.0000E+00  0.0000E+00  0.0000E+00
     10.996  0.3945E-01  0.4542E-01  0.4542E-01  0.4542E-01  0.0000E+00  0.0000E+00  0.0000E+00  0.0000E+00  0.0000E+00
     11.092  0.3085E-01  0.3960E-01  0.3960E-01  0.3960E-01  0.0000E+00  0.0000E+00  0.0000E+00  0.0000E+00  0.0000E+00
     11.187  0.2113E-01  0.3412E-01  0.3412E-01  0.3412E-01  0.0000E+00  0.0000E+00  0.0000E+00  0.0000E+00  0.0000E+00
     11.283  0.1995E-01  0.3255E-01  0.3255E-01  0.3255E-01  0.0000E+00  0.0000E+00  0.0000E+00  0.0000E+00  0.0000E+00
     11.379  0.2240E-01  0.3302E-01  0.3302E-01  0.3302E-01  0.0000E+00  0.0000E+00  0.0000E+00  0.0000E+00  0.0000E+00
     11.475  0.2688E-01  0.3509E-01  0.3509E-01  0.3509E-01  0.0000E+00  0.0000E+00  0.0000E+00  0.0000E+00  0.0000E+00
     11.570  0.2881E-01  0.3496E-01  0.3496E-01  0.3496E-01  0.0000E+00  0.0000E+00  0.0000E+00  0.0000E+00  0.0000E+00
     11.666  0.3486E-01  0.3455E-01  0.3455E-01  0.3455E-01  0.0000E+00  0.0000E+00  0.0000E+00  0.0000E+00  0.0000E+00
     11.762  0.3412E-01  0.3395E-01  0.3395E-01  0.3395E-01  0.0000E+00  0.0000E+00  0.0000E+00  0.0000E+00  0.0000E+00
     11.858  0.3440E-01  0.3340E-01  0.3340E-01  0.3340E-01  0.0000E+00  0.0000E+00  0.0000E+00  0.0000E+00  0.0000E+00
     11.953  0.3624E-01  0.3414E-01  0.3414E-01  0.3414E-01  0.0000E+00  0.0000E+00  0.0000E+00  0.0000E+00  0.0000E+00
     12.049  0.3763E-01  0.3363E-01  0.3363E-01  0.3363E-01  0.0000E+00  0.0000E+00  0.0000E+00  0.0000E+00  0.0000E+00
     12.145  0.4163E-01  0.3554E-01  0.3554E-01  0.3554E-01  0.0000E+00  0.0000E+00  0.0000E+00  0.0000E+00  0.0000E+00
     12.241  0.4513E-01  0.3612E-01  0.3612E-01  0.3612E-01  0.0000E+00  0.0000E+00  0.0000E+00  0.0000E+00  0.0000E+00
     12.336  0.4026E-01  0.3393E-01  0.3393E-01  0.3393E-01  0.0000E+00  0.0000E+00  0.0000E+00  0.0000E+00  0.0000E+00
     12.432  0.4030E-01  0.3375E-01  0.3375E-01  0.3375E-01  0.0000E+00  0.0000E+00  0.0000E+00  0.0000E+00  0.0000E+00
     12.528  0.3828E-01  0.3381E-01  0.3381E-01  0.3381E-01  0.0000E+00  0.0000E+00  0.0000E+00  0.0000E+00  0.0000E+00
     12.624  0.3781E-01  0.3468E-01  0.3468E-01  0.3468E-01  0.0000E+00  0.0000E+00  0.0000E+00  0.0000E+00  0.0000E+00
     12.719  0.3591E-01  0.3324E-01  0.3324E-01  0.3324E-01  0.0000E+00  0.0000E+00  0.0000E+00  0.0000E+00  0.0000E+00
     12.815  0.3650E-01  0.3454E-01  0.3454E-01  0.3454E-01  0.0000E+00  0.0000E+00  0.0000E+00  0.0000E+00  0.0000E+00
     12.911  0.3127E-01  0.3203E-01  0.3203E-01  0.3203E-01  0.0000E+00  0.0000E+00  0.0000E+00  0.0000E+00  0.0000E+00
     13.007  0.2972E-01  0.3176E-01  0.3176E-01  0.3176E-01  0.0000E+00  0.0000E+00  0.0000E+00  0.0000E+00  0.0000E+00
     13.102  0.2819E-01  0.3193E-01  0.3193E-01  0.3193E-01  0.0000E+00  0.0000E+00  0.0000E+00  0.0000E+00  0.0000E+00
     13.198  0.2529E-01  0.3091E-01  0.3091E-01  0.3091E-01  0.0000E+00  0.0000E+00  0.0000E+00  0.0000E+00  0.0000E+00
     13.294  0.2269E-01  0.3064E-01  0.3064E-01  0.3064E-01  0.0000E+00  0.0000E+00  0.0000E+00  0.0000E+00  0.0000E+00
     13.390  0.2154E-01  0.3047E-01  0.3047E-01  0.3047E-01  0.0000E+00  0.0000E+00  0.0000E+00  0.0000E+00  0.0000E+00
     13.485  0.2060E-01  0.3067E-01  0.3067E-01  0.3067E-01  0.0000E+00  0.0000E+00  0.0000E+00  0.0000E+00  0.0000E+00
     13.581  0.1866E-01  0.2814E-01  0.2814E-01  0.2814E-01  0.0000E+00  0.0000E+00  0.0000E+00  0.0000E+00  0.0000E+00
     13.677  0.1737E-01  0.2695E-01  0.2695E-01  0.2695E-01  0.0000E+00  0.0000E+00  0.0000E+00  0.0000E+00  0.0000E+00
     13.773  0.1802E-01  0.2820E-01  0.2820E-01  0.2820E-01  0.0000E+00  0.0000E+00  0.0000E+00  0.0000E+00  0.0000E+00
     13.868  0.1792E-01  0.2888E-01  0.2888E-01  0.2888E-01  0.0000E+00  0.0000E+00  0.0000E+00  0.0000E+00  0.0000E+00
     13.964  0.1796E-01  0.2949E-01  0.2949E-01  0.2949E-01  0.0000E+00  0.0000E+00  0.0000E+00  0.0000E+00  0.0000E+00
     14.060  0.1896E-01  0.3084E-01  0.3084E-01  0.3084E-01  0.0000E+00  0.0000E+00  0.0000E+00  0.0000E+00  0.0000E+00
     14.156  0.1924E-01  0.3132E-01  0.3132E-01  0.3132E-01  0.0000E+00  0.0000E+00  0.0000E+00  0.0000E+00  0.0000E+00
     14.251  0.1883E-01  0.3081E-01  0.3081E-01  0.3081E-01  0.0000E+00  0.0000E+00  0.0000E+00  0.0000E+00  0.0000E+00
     14.347  0.1659E-01  0.2804E-01  0.2804E-01  0.2804E-01  0.0000E+00  0.0000E+00  0.0000E+00  0.0000E+00  0.0000E+00
     14.443  0.1324E-01  0.2448E-01  0.2448E-01  0.2448E-01  0.0000E+00  0.0000E+00  0.0000E+00  0.0000E+00  0.0000E+00
     14.539  0.1167E-01  0.2315E-01  0.2315E-01  0.2315E-01  0.0000E+00  0.0000E+00  0.0000E+00  0.0000E+00  0.0000E+00
     14.634  0.9828E-02  0.2107E-01  0.2107E-01  0.2107E-01  0.0000E+00  0.0000E+00  0.0000E+00  0.0000E+00  0.0000E+00
     14.730  0.9123E-02  0.2016E-01  0.2016E-01  0.2016E-01  0.0000E+00  0.0000E+00  0.0000E+00  0.0000E+00  0.0000E+00
     14.826  0.8603E-02  0.1950E-01  0.1950E-01  0.1950E-01  0.0000E+00  0.0000E+00  0.0000E+00  0.0000E+00  0.0000E+00
     14.922  0.7910E-02  0.1861E-01  0.1861E-01  0.1861E-01  0.0000E+00  0.0000E+00  0.0000E+00  0.0000E+00  0.0000E+00
     15.018  0.7235E-02  0.1792E-01  0.1792E-01  0.1792E-01  0.0000E+00  0.0000E+00  0.0000E+00  0.0000E+00  0.0000E+00
     15.113  0.6991E-02  0.1892E-01  0.1892E-01  0.1892E-01  0.0000E+00  0.0000E+00  0.0000E+00  0.0000E+00  0.0000E+00
     15.209  0.6889E-02  0.1998E-01  0.1998E-01  0.1998E-01  0.0000E+00  0.0000E+00  0.0000E+00  0.0000E+00  0.0000E+00
     15.305  0.5530E-02  0.1695E-01  0.1695E-01  0.1695E-01  0.0000E+00  0.0000E+00  0.0000E+00  0.0000E+00  0.0000E+00
     15.401  0.4450E-02  0.1523E-01  0.1523E-01  0.1523E-01  0.0000E+00  0.0000E+00  0.0000E+00  0.0000E+00  0.0000E+00
     15.496  0.3927E-02  0.1380E-01  0.1380E-01  0.1380E-01  0.0000E+00  0.0000E+00  0.0000E+00  0.0000E+00  0.0000E+00
     15.592  0.3478E-02  0.1148E-01  0.1148E-01  0.1148E-01  0.0000E+00  0.0000E+00  0.0000E+00  0.0000E+00  0.0000E+00
     15.688  0.3067E-02  0.9048E-02  0.9048E-02  0.9048E-02  0.0000E+00  0.0000E+00  0.0000E+00  0.0000E+00  0.0000E+00
     15.784  0.2837E-02  0.8526E-02  0.8526E-02  0.8526E-02  0.0000E+00  0.0000E+00  0.0000E+00  0.0000E+00  0.0000E+00
     15.879  0.2635E-02  0.8127E-02  0.8127E-02  0.8127E-02  0.0000E+00  0.0000E+00  0.0000E+00  0.0000E+00  0.0000E+00
     15.975  0.2398E-02  0.7645E-02  0.7645E-02  0.7645E-02  0.0000E+00  0.0000E+00  0.0000E+00  0.0000E+00  0.0000E+00
     16.071  0.2145E-02  0.7222E-02  0.7222E-02  0.7222E-02  0.0000E+00  0.0000E+00  0.0000E+00  0.0000E+00  0.0000E+00
     16.167  0.2141E-02  0.7699E-02  0.7699E-02  0.7699E-02  0.0000E+00  0.0000E+00  0.0000E+00  0.0000E+00  0.0000E+00
     16.262  0.1651E-02  0.6494E-02  0.6494E-02  0.6494E-02  0.0000E+00  0.0000E+00  0.0000E+00  0.0000E+00  0.0000E+00
     16.358  0.1385E-02  0.5708E-02  0.5708E-02  0.5708E-02  0.0000E+00  0.0000E+00  0.0000E+00  0.0000E+00  0.0000E+00
     16.454  0.1212E-02  0.5203E-02  0.5203E-02  0.5203E-02  0.0000E+00  0.0000E+00  0.0000E+00  0.0000E+00  0.0000E+00
     16.550  0.1090E-02  0.4873E-02  0.4873E-02  0.4873E-02  0.0000E+00  0.0000E+00  0.0000E+00  0.0000E+00  0.0000E+00
     16.645  0.1006E-02  0.4699E-02  0.4699E-02  0.4699E-02  0.0000E+00  0.0000E+00  0.0000E+00  0.0000E+00  0.0000E+00
     16.741  0.9160E-03  0.4476E-02  0.4476E-02  0.4476E-02  0.0000E+00  0.0000E+00  0.0000E+00  0.0000E+00  0.0000E+00
     16.837  0.7799E-03  0.4124E-02  0.4124E-02  0.4124E-02  0.0000E+00  0.0000E+00  0.0000E+00  0.0000E+00  0.0000E+00
     16.933  0.6256E-03  0.3730E-02  0.3730E-02  0.3730E-02  0.0000E+00  0.0000E+00  0.0000E+00  0.0000E+00  0.0000E+00
     17.028  0.4616E-03  0.3299E-02  0.3299E-02  0.3299E-02  0.0000E+00  0.0000E+00  0.0000E+00  0.0000E+00  0.0000E+00
     17.124  0.3609E-03  0.2871E-02  0.2871E-02  0.2871E-02  0.0000E+00  0.0000E+00  0.0000E+00  0.0000E+00  0.0000E+00
     17.220  0.3096E-03  0.2509E-02  0.2509E-02  0.2509E-02  0.0000E+00  0.0000E+00  0.0000E+00  0.0000E+00  0.0000E+00
     17.316  0.2626E-03  0.2194E-02  0.2194E-02  0.2194E-02  0.0000E+00  0.0000E+00  0.0000E+00  0.0000E+00  0.0000E+00
     17.411  0.2200E-03  0.1928E-02  0.1928E-02  0.1928E-02  0.0000E+00  0.0000E+00  0.0000E+00  0.0000E+00  0.0000E+00
     17.507  0.1904E-03  0.1837E-02  0.1837E-02  0.1837E-02  0.0000E+00  0.0000E+00  0.0000E+00  0.0000E+00  0.0000E+00
     17.603  0.1661E-03  0.1860E-02  0.1860E-02  0.1860E-02  0.0000E+00  0.0000E+00  0.0000E+00  0.0000E+00  0.0000E+00
     17.699  0.1400E-03  0.1793E-02  0.1793E-02  0.1793E-02  0.0000E+00  0.0000E+00  0.0000E+00  0.0000E+00  0.0000E+00
     17.794  0.1127E-03  0.1465E-02  0.1465E-02  0.1465E-02  0.0000E+00  0.0000E+00  0.0000E+00  0.0000E+00  0.0000E+00
     17.890  0.1365E-04  0.3992E-03  0.3992E-03  0.3992E-03  0.0000E+00  0.0000E+00  0.0000E+00  0.0000E+00  0.0000E+00
     17.986  0.6255E-05  0.1836E-03  0.1836E-03  0.1836E-03  0.0000E+00  0.0000E+00  0.0000E+00  0.0000E+00  0.0000E+00
     18.082  0.1736E-05  0.5094E-04  0.5094E-04  0.5094E-04  0.0000E+00  0.0000E+00  0.0000E+00  0.0000E+00  0.0000E+00
     18.177  0.1799E-07  0.5254E-06  0.5254E-06  0.5254E-06  0.0000E+00  0.0000E+00  0.0000E+00  0.0000E+00  0.0000E+00
     18.273  0.0000E+00  0.0000E+00  0.0000E+00  0.0000E+00  0.0000E+00  0.0000E+00  0.0000E+00  0.0000E+00  0.0000E+00
     18.369  0.0000E+00  0.0000E+00  0.0000E+00  0.0000E+00  0.0000E+00  0.0000E+00  0.0000E+00  0.0000E+00  0.0000E+00
     18.465  0.0000E+00  0.0000E+00  0.0000E+00  0.0000E+00  0.0000E+00  0.0000E+00  0.0000E+00  0.0000E+00  0.0000E+00
     18.560  0.0000E+00  0.0000E+00  0.0000E+00  0.0000E+00  0.0000E+00  0.0000E+00  0.0000E+00  0.0000E+00  0.0000E+00
     18.656  0.0000E+00  0.0000E+00  0.0000E+00  0.0000E+00  0.0000E+00  0.0000E+00  0.0000E+00  0.0000E+00  0.0000E+00
     18.752  0.0000E+00  0.0000E+00  0.0000E+00  0.0000E+00  0.0000E+00  0.0000E+00  0.0000E+00  0.0000E+00  0.0000E+00
     18.848  0.0000E+00  0.0000E+00  0.0000E+00  0.0000E+00  0.0000E+00  0.0000E+00  0.0000E+00  0.0000E+00  0.0000E+00
     18.944  0.0000E+00  0.0000E+00  0.0000E+00  0.0000E+00  0.0000E+00  0.0000E+00  0.0000E+00  0.0000E+00  0.0000E+00
     19.039  0.0000E+00  0.0000E+00  0.0000E+00  0.0000E+00  0.0000E+00  0.0000E+00  0.0000E+00  0.0000E+00  0.0000E+00
     19.135  0.0000E+00  0.0000E+00  0.0000E+00  0.0000E+00  0.0000E+00  0.0000E+00  0.0000E+00  0.0000E+00  0.0000E+00
     19.231  0.0000E+00  0.0000E+00  0.0000E+00  0.0000E+00  0.0000E+00  0.0000E+00  0.0000E+00  0.0000E+00  0.0000E+00
     19.327  0.0000E+00  0.0000E+00  0.0000E+00  0.0000E+00  0.0000E+00  0.0000E+00  0.0000E+00  0.0000E+00  0.0000E+00
     19.422  0.0000E+00  0.0000E+00  0.0000E+00  0.0000E+00  0.0000E+00  0.0000E+00  0.0000E+00  0.0000E+00  0.0000E+00
     19.518  0.0000E+00  0.0000E+00  0.0000E+00  0.0000E+00  0.0000E+00  0.0000E+00  0.0000E+00  0.0000E+00  0.0000E+00
     19.614  0.0000E+00  0.0000E+00  0.0000E+00  0.0000E+00  0.0000E+00  0.0000E+00  0.0000E+00  0.0000E+00  0.0000E+00
     19.710  0.0000E+00  0.0000E+00  0.0000E+00  0.0000E+00  0.0000E+00  0.0000E+00  0.0000E+00  0.0000E+00  0.0000E+00
     19.805  0.0000E+00  0.0000E+00  0.0000E+00  0.0000E+00  0.0000E+00  0.0000E+00  0.0000E+00  0.0000E+00  0.0000E+00
     19.901  0.0000E+00  0.0000E+00  0.0000E+00  0.0000E+00  0.0000E+00  0.0000E+00  0.0000E+00  0.0000E+00  0.0000E+00
     19.997  0.0000E+00  0.0000E+00  0.0000E+00  0.0000E+00  0.0000E+00  0.0000E+00  0.0000E+00  0.0000E+00  0.0000E+00
     20.093  0.0000E+00  0.0000E+00  0.0000E+00  0.0000E+00  0.0000E+00  0.0000E+00  0.0000E+00  0.0000E+00  0.0000E+00
     20.188  0.0000E+00  0.0000E+00  0.0000E+00  0.0000E+00  0.0000E+00  0.0000E+00  0.0000E+00  0.0000E+00  0.0000E+00
     20.18833723     -8.53850234  301      6.56801301      1.00000000
     -8.539  0.0000E+00  0.0000E+00  0.0000E+00  0.0000E+00  0.0000E+00  0.0000E+00  0.0000E+00  0.0000E+00  0.0000E+00
     -8.443  0.0000E+00  0.0000E+00  0.0000E+00  0.0000E+00  0.0000E+00  0.0000E+00  0.0000E+00  0.0000E+00  0.0000E+00
     -8.347  0.0000E+00  0.0000E+00  0.0000E+00  0.0000E+00  0.0000E+00  0.0000E+00  0.0000E+00  0.0000E+00  0.0000E+00
     -8.251  0.0000E+00  0.0000E+00  0.0000E+00  0.0000E+00  0.0000E+00  0.0000E+00  0.0000E+00  0.0000E+00  0.0000E+00
     -8.155  0.0000E+00  0.0000E+00  0.0000E+00  0.0000E+00  0.0000E+00  0.0000E+00  0.0000E+00  0.0000E+00  0.0000E+00
     -8.060  0.0000E+00  0.0000E+00  0.0000E+00  0.0000E+00  0.0000E+00  0.0000E+00  0.0000E+00  0.0000E+00  0.0000E+00
     -7.964  0.0000E+00  0.0000E+00  0.0000E+00  0.0000E+00  0.0000E+00  0.0000E+00  0.0000E+00  0.0000E+00  0.0000E+00
     -7.868  0.0000E+00  0.0000E+00  0.0000E+00  0.0000E+00  0.0000E+00  0.0000E+00  0.0000E+00  0.0000E+00  0.0000E+00
     -7.772  0.0000E+00  0.0000E+00  0.0000E+00  0.0000E+00  0.0000E+00  0.0000E+00  0.0000E+00  0.0000E+00  0.0000E+00
     -7.677  0.0000E+00  0.0000E+00  0.0000E+00  0.0000E+00  0.0000E+00  0.0000E+00  0.0000E+00  0.0000E+00  0.0000E+00
     -7.581  0.0000E+00  0.0000E+00  0.0000E+00  0.0000E+00  0.0000E+00  0.0000E+00  0.0000E+00  0.0000E+00  0.0000E+00
     -7.485  0.0000E+00  0.0000E+00  0.0000E+00  0.0000E+00  0.0000E+00  0.0000E+00  0.0000E+00  0.0000E+00  0.0000E+00
     -7.389  0.0000E+00  0.0000E+00  0.0000E+00  0.0000E+00  0.0000E+00  0.0000E+00  0.0000E+00  0.0000E+00  0.0000E+00
     -7.294  0.0000E+00  0.0000E+00  0.0000E+00  0.0000E+00  0.0000E+00  0.0000E+00  0.0000E+00  0.0000E+00  0.0000E+00
     -7.198  0.0000E+00  0.0000E+00  0.0000E+00  0.0000E+00  0.0000E+00  0.0000E+00  0.0000E+00  0.0000E+00  0.0000E+00
     -7.102  0.0000E+00  0.0000E+00  0.0000E+00  0.0000E+00  0.0000E+00  0.0000E+00  0.0000E+00  0.0000E+00  0.0000E+00
     -7.006  0.0000E+00  0.0000E+00  0.0000E+00  0.0000E+00  0.0000E+00  0.0000E+00  0.0000E+00  0.0000E+00  0.0000E+00
     -6.911  0.0000E+00  0.0000E+00  0.0000E+00  0.0000E+00  0.0000E+00  0.0000E+00  0.0000E+00  0.0000E+00  0.0000E+00
     -6.815  0.0000E+00  0.0000E+00  0.0000E+00  0.0000E+00  0.0000E+00  0.0000E+00  0.0000E+00  0.0000E+00  0.0000E+00
     -6.719  0.0000E+00  0.0000E+00  0.0000E+00  0.0000E+00  0.0000E+00  0.0000E+00  0.0000E+00  0.0000E+00  0.0000E+00
     -6.623  0.0000E+00  0.0000E+00  0.0000E+00  0.0000E+00  0.0000E+00  0.0000E+00  0.0000E+00  0.0000E+00  0.0000E+00
     -6.528  0.2583E-02  0.8166E-06  0.8166E-06  0.8166E-06  0.0000E+00  0.0000E+00  0.0000E+00  0.0000E+00  0.0000E+00
     -6.432  0.2617E-01  0.4438E-04  0.4438E-04  0.4438E-04  0.0000E+00  0.0000E+00  0.0000E+00  0.0000E+00  0.0000E+00
     -6.336  0.2910E-01  0.1040E-03  0.1040E-03  0.1040E-03  0.0000E+00  0.0000E+00  0.0000E+00  0.0000E+00  0.0000E+00
     -6.240  0.3434E-01  0.1809E-03  0.1809E-03  0.1809E-03  0.0000E+00  0.0000E+00  0.0000E+00  0.0000E+00  0.0000E+00
     -6.145  0.3995E-01  0.2730E-03  0.2730E-03  0.2730E-03  0.0000E+00  0.0000E+00  0.0000E+00  0.0000E+00  0.0000E+00
     -6.049  0.4463E-01  0.3784E-03  0.3784E-03  0.3784E-03  0.0000E+00  0.0000E+00  0.0000E+00  0.0000E+00  0.0000E+00
     -5.953  0.4892E-01  0.4960E-03  0.4960E-03  0.4960E-03  0.0000E+00  0.0000E+00  0.0000E+00  0.0000E+00  0.0000E+00
     -5.857  0.5314E-01  0.6200E-03  0.6200E-03  0.6200E-03  0.0000E+00  0.0000E+00  0.0000E+00  0.0000E+00  0.0000E+00
     -5.762  0.5682E-01  0.7580E-03  0.7580E-03  0.7580E-03  0.0000E+00  0.0000E+00  0.0000E+00  0.0000E+00  0.0000E+00
     -5.666  0.6056E-01  0.9008E-03  0.9008E-03  0.9008E-03  0.0000E+00  0.0000E+00  0.0000E+00  0.0000E+00  0.0000E+00
     -5.570  0.6410E-01  0.1054E-02  0.1054E-02  0.1054E-02  0.0000E+00  0.0000E+00  0.0000E+00  0.0000E+00  0.0000E+00
     -5.474  0.6745E-01  0.1216E-02  0.1216E-02  0.1216E-02  0.0000E+00  0.0000E+00  0.0000E+00  0.0000E+00  0.0000E+00
     -5.379  0.7106E-01  0.1379E-02  0.1379E-02  0.1379E-02  0.0000E+00  0.0000E+00  0.0000E+00  0.0000E+00  0.0000E+00
     -5.283  0.7416E-01  0.1562E-02  0.1562E-02  0.1562E-02  0.0000E+00  0.0000E+00  0.0000E+00  0.0000E+00  0.0000E+00
     -5.187  0.7753E-01  0.1744E-02  0.1744E-02  0.1744E-02  0.0000E+00  0.0000E+00  0.0000E+00  0.0000E+00  0.0000E+00
     -5.091  0.8092E-01  0.1934E-02  0.1934E-02  0.1934E-02  0.0000E+00  0.0000E+00  0.0000E+00  0.0000E+00  0.0000E+00
     -4.996  0.8416E-01  0.2138E-02  0.2138E-02  0.2138E-02  0.0000E+00  0.0000E+00  0.0000E+00  0.0000E+00  0.0000E+00
     -4.900  0.8765E-01  0.2343E-02  0.2343E-02  0.2343E-02  0.0000E+00  0.0000E+00  0.0000E+00  0.0000E+00  0.0000E+00
     -4.804  0.9120E-01  0.2558E-02  0.2558E-02  0.2558E-02  0.0000E+00  0.0000E+00  0.0000E+00  0.0000E+00  0.0000E+00
     -4.708  0.9478E-01  0.2788E-02  0.2788E-02  0.2788E-02  0.0000E+00  0.0000E+00  0.0000E+00  0.0000E+00  0.0000E+00
     -4.613  0.9868E-01  0.3021E-02  0.3021E-02  0.3021E-02  0.0000E+00  0.0000E+00  0.0000E+00  0.0000E+00  0.0000E+00
     -4.517  0.1028E+00  0.3264E-02  0.3264E-02  0.3264E-02  0.0000E+00  0.0000E+00  0.0000E+00  0.0000E+00  0.0000E+00
     -4.421  0.1073E+00  0.3531E-02  0.3531E-02  0.3531E-02  0.0000E+00  0.0000E+00  0.0000E+00  0.0000E+00  0.0000E+00
     -4.325  0.1123E+00  0.3808E-02  0.3808E-02  0.3808E-02  0.0000E+00  0.0000E+00  0.0000E+00  0.0000E+00  0.0000E+00
     -4.229  0.1180E+00  0.4098E-02  0.4098E-02  0.4098E-02  0.0000E+00  0.0000E+00  0.0000E+00  0.0000E+00  0.0000E+00
     -4.134  0.1248E+00  0.4440E-02  0.4440E-02  0.4440E-02  0.0000E+00  0.0000E+00  0.0000E+00  0.0000E+00  0.0000E+00
     -4.038  0.1337E+00  0.4829E-02  0.4829E-02  0.4829E-02  0.0000E+00  0.0000E+00  0.0000E+00  0.0000E+00  0.0000E+00
     -3.942  0.1474E+00  0.5333E-02  0.5333E-02  0.5333E-02  0.0000E+00  0.0000E+00  0.0000E+00  0.0000E+00  0.0000E+00
     -3.846  0.1732E+00  0.6150E-02  0.6150E-02  0.6150E-02  0.0000E+00  0.0000E+00  0.0000E+00  0.0000E+00  0.0000E+00
     -3.751  0.1674E+00  0.6256E-02  0.6256E-02  0.6256E-02  0.0000E+00  0.0000E+00  0.0000E+00  0.0000E+00  0.0000E+00
     -3.655  0.1607E+00  0.6282E-02  0.6282E-02  0.6282E-02  0.0000E+00  0.0000E+00  0.0000E+00  0.0000E+00  0.0000E+00
     -3.559  0.1563E+00  0.6371E-02  0.6371E-02  0.6371E-02  0.0000E+00  0.0000E+00  0.0000E+00  0.0000E+00  0.0000E+00
     -3.463  0.1493E+00  0.6383E-02  0.6383E-02  0.6383E-02  0.0000E+00  0.0000E+00  0.0000E+00  0.0000E+00  0.0000E+00
     -3.368  0.1433E+00  0.6379E-02  0.6379E-02  0.6379E-02  0.0000E+00  0.0000E+00  0.0000E+00  0.0000E+00  0.0000E+00
     -3.272  0.1377E+00  0.6374E-02  0.6374E-02  0.6374E-02  0.0000E+00  0.0000E+00  0.0000E+00  0.0000E+00  0.0000E+00
     -3.176  0.1315E+00  0.6349E-02  0.6349E-02  0.6349E-02  0.0000E+00  0.0000E+00  0.0000E+00  0.0000E+00  0.0000E+00
     -3.080  0.1258E+00  0.6303E-02  0.6303E-02  0.6303E-02  0.0000E+00  0.0000E+00  0.0000E+00  0.0000E+00  0.0000E+00
     -2.985  0.1202E+00  0.6240E-02  0.6240E-02  0.6240E-02  0.0000E+00  0.0000E+00  0.0000E+00  0.0000E+00  0.0000E+00
     -2.889  0.1142E+00  0.6159E-02  0.6159E-02  0.6159E-02  0.0000E+00  0.0000E+00  0.0000E+00  0.0000E+00  0.0000E+00
     -2.793  0.1085E+00  0.6054E-02  0.6054E-02  0.6054E-02  0.0000E+00  0.0000E+00  0.0000E+00  0.0000E+00  0.0000E+00
     -2.697  0.1020E+00  0.5904E-02  0.5904E-02  0.5904E-02  0.0000E+00  0.0000E+00  0.0000E+00  0.0000E+00  0.0000E+00
     -2.602  0.9606E-01  0.5756E-02  0.5756E-02  0.5756E-02  0.0000E+00  0.0000E+00  0.0000E+00  0.0000E+00  0.0000E+00
     -2.506  0.8986E-01  0.5569E-02  0.5569E-02  0.5569E-02  0.0000E+00  0.0000E+00  0.0000E+00  0.0000E+00  0.0000E+00
     -2.410  0.8295E-01  0.5336E-02  0.5336E-02  0.5336E-02  0.0000E+00  0.0000E+00  0.0000E+00  0.0000E+00  0.0000E+00
     -2.314  0.7665E-01  0.5102E-02  0.5102E-02  0.5102E-02  0.0000E+00  0.0000E+00  0.0000E+00  0.0000E+00  0.0000E+00
     -2.219  0.6867E-01  0.4768E-02  0.4768E-02  0.4768E-02  0.0000E+00  0.0000E+00  0.0000E+00  0.0000E+00  0.0000E+00
     -2.123  0.6574E-01  0.4773E-02  0.4773E-02  0.4773E-02  0.0000E+00  0.0000E+00  0.0000E+00  0.0000E+00  0.0000E+00
     -2.027  0.5075E-01  0.3847E-02  0.3847E-02  0.3847E-02  0.0000E+00  0.0000E+00  0.0000E+00  0.0000E+00  0.0000E+00
     -1.931  0.2580E-01  0.2020E-02  0.2020E-02  0.2020E-02  0.0000E+00  0.0000E+00  0.0000E+00  0.0000E+00  0.0000E+00
     -1.836  0.8880E-02  0.6889E-03  0.6889E-03  0.6889E-03  0.0000E+00  0.0000E+00  0.0000E+00  0.0000E+00  0.0000E+00
     -1.740  0.7584E-02  0.6835E-03  0.6835E-03  0.6835E-03  0.0000E+00  0.0000E+00  0.0000E+00  0.0000E+00  0.0000E+00
     -1.644  0.1640E-01  0.1567E-02  0.1567E-02  0.1567E-02  0.0000E+00  0.0000E+00  0.0000E+00  0.0000E+00  0.0000E+00
     -1.548  0.3074E-01  0.2951E-02  0.2951E-02  0.2951E-02  0.0000E+00  0.0000E+00  0.0000E+00  0.0000E+00  0.0000E+00
     -1.453  0.4226E-01  0.4124E-02  0.4124E-02  0.4124E-02  0.0000E+00  0.0000E+00  0.0000E+00  0.0000E+00  0.0000E+00
     -1.357  0.5350E-01  0.5393E-02  0.5393E-02  0.5393E-02  0.0000E+00  0.0000E+00  0.0000E+00  0.0000E+00  0.0000E+00
     -1.261  0.6173E-01  0.6438E-02  0.6438E-02  0.6438E-02  0.0000E+00  0.0000E+00  0.0000E+00  0.0000E+00  0.0000E+00
     -1.165  0.7006E-01  0.7578E-02  0.7578E-02  0.7578E-02  0.0000E+00  0.0000E+00  0.0000E+00  0.0000E+00  0.0000E+00
     -1.070  0.9081E-01  0.1304E-01  0.1304E-01  0.1304E-01  0.0000E+00  0.0000E+00  0.0000E+00  0.0000E+00  0.0000E+00
     -0.974  0.1217E+00  0.2170E-01  0.2170E-01  0.2170E-01  0.0000E+00  0.0000E+00  0.0000E+00  0.0000E+00  0.0000E+00
     -0.878  0.1645E+00  0.3138E-01  0.3138E-01  0.3138E-01  0.0000E+00  0.0000E+00  0.0000E+00  0.0000E+00  0.0000E+00
     -0.782  0.2807E+00  0.5578E-01  0.5578E-01  0.5578E-01  0.0000E+00  0.0000E+00  0.0000E+00  0.0000E+00  0.0000E+00
     -0.686  0.1567E+00  0.3034E-01  0.3034E-01  0.3034E-01  0.0000E+00  0.0000E+00  0.0000E+00  0.0000E+00  0.0000E+00
     -0.591  0.1297E+00  0.2516E-01  0.2516E-01  0.2516E-01  0.0000E+00  0.0000E+00  0.0000E+00  0.0000E+00  0.0000E+00
     -0.495  0.1141E+00  0.2230E-01  0.2230E-01  0.2230E-01  0.0000E+00  0.0000E+00  0.0000E+00  0.0000E+00  0.0000E+00
     -0.399  0.1025E+00  0.2029E-01  0.2029E-01  0.2029E-01  0.0000E+00  0.0000E+00  0.0000E+00  0.0000E+00  0.0000E+00
     -0.303  0.9347E-01  0.1878E-01  0.1878E-01  0.1878E-01  0.0000E+00  0.0000E+00  0.0000E+00  0.0000E+00  0.0000E+00
     -0.208  0.8685E-01  0.1769E-01  0.1769E-01  0.1769E-01  0.0000E+00  0.0000E+00  0.0000E+00  0.0000E+00  0.0000E+00
     -0.112  0.8044E-01  0.1669E-01  0.1669E-01  0.1669E-01  0.0000E+00  0.0000E+00  0.0000E+00  0.0000E+00  0.0000E+00
     -0.016  0.7441E-01  0.1575E-01  0.1575E-01  0.1575E-01  0.0000E+00  0.0000E+00  0.0000E+00  0.0000E+00  0.0000E+00
      0.080  0.7027E-01  0.1512E-01  0.1512E-01  0.1512E-01  0.0000E+00  0.0000E+00  0.0000E+00  0.0000E+00  0.0000E+00
      0.175  0.6608E-01  0.1450E-01  0.1450E-01  0.1450E-01  0.0000E+00  0.0000E+00  0.0000E+00  0.0000E+00  0.0000E+00
      0.271  0.6167E-01  0.1383E-01  0.1383E-01  0.1383E-01  0.0000E+00  0.0000E+00  0.0000E+00  0.0000E+00  0.0000E+00
      0.367  0.5801E-01  0.1328E-01  0.1328E-01  0.1328E-01  0.0000E+00  0.0000E+00  0.0000E+00  0.0000E+00  0.0000E+00
      0.463  0.5509E-01  0.1286E-01  0.1286E-01  0.1286E-01  0.0000E+00  0.0000E+00  0.0000E+00  0.0000E+00  0.0000E+00
      0.558  0.5199E-01  0.1240E-01  0.1240E-01  0.1240E-01  0.0000E+00  0.0000E+00  0.0000E+00  0.0000E+00  0.0000E+00
      0.654  0.4856E-01  0.1187E-01  0.1187E-01  0.1187E-01  0.0000E+00  0.0000E+00  0.0000E+00  0.0000E+00  0.0000E+00
      0.750  0.4603E-01  0.1148E-01  0.1148E-01  0.1148E-01  0.0000E+00  0.0000E+00  0.0000E+00  0.0000E+00  0.0000E+00
      0.846  0.4385E-01  0.1117E-01  0.1117E-01  0.1117E-01  0.0000E+00  0.0000E+00  0.0000E+00  0.0000E+00  0.0000E+00
      0.941  0.4150E-01  0.1081E-01  0.1081E-01  0.1081E-01  0.0000E+00  0.0000E+00  0.0000E+00  0.0000E+00  0.0000E+00
      1.037  0.3889E-01  0.1039E-01  0.1039E-01  0.1039E-01  0.0000E+00  0.0000E+00  0.0000E+00  0.0000E+00  0.0000E+00
      1.133  0.3668E-01  0.1002E-01  0.1002E-01  0.1002E-01  0.0000E+00  0.0000E+00  0.0000E+00  0.0000E+00  0.0000E+00
      1.229  0.3499E-01  0.9764E-02  0.9764E-02  0.9764E-02  0.0000E+00  0.0000E+00  0.0000E+00  0.0000E+00  0.0000E+00
      1.324  0.3328E-01  0.9497E-02  0.9497E-02  0.9497E-02  0.0000E+00  0.0000E+00  0.0000E+00  0.0000E+00  0.0000E+00
      1.420  0.3128E-01  0.9156E-02  0.9156E-02  0.9156E-02  0.0000E+00  0.0000E+00  0.0000E+00  0.0000E+00  0.0000E+00
      1.516  0.2912E-01  0.8758E-02  0.8758E-02  0.8758E-02  0.0000E+00  0.0000E+00  0.0000E+00  0.0000E+00  0.0000E+00
      1.612  0.2882E-01  0.2043E-01  0.2043E-01  0.2043E-01  0.0000E+00  0.0000E+00  0.0000E+00  0.0000E+00  0.0000E+00
      1.707  0.2911E-01  0.3029E-01  0.3029E-01  0.3029E-01  0.0000E+00  0.0000E+00  0.0000E+00  0.0000E+00  0.0000E+00
      1.803  0.2969E-01  0.4013E-01  0.4013E-01  0.4013E-01  0.0000E+00  0.0000E+00  0.0000E+00  0.0000E+00  0.0000E+00
      1.899  0.3179E-01  0.5810E-01  0.5810E-01  0.5810E-01  0.0000E+00  0.0000E+00  0.0000E+00  0.0000E+00  0.0000E+00
      1.995  0.3195E-01  0.5636E-01  0.5636E-01  0.5636E-01  0.0000E+00  0.0000E+00  0.0000E+00  0.0000E+00  0.0000E+00
      2.090  0.3196E-01  0.5182E-01  0.5182E-01  0.5182E-01  0.0000E+00  0.0000E+00  0.0000E+00  0.0000E+00  0.0000E+00
      2.186  0.3210E-01  0.5025E-01  0.5025E-01  0.5025E-01  0.0000E+00  0.0000E+00  0.0000E+00  0.0000E+00  0.0000E+00
      2.282  0.3160E-01  0.4783E-01  0.4783E-01  0.4783E-01  0.0000E+00  0.0000E+00  0.0000E+00  0.0000E+00  0.0000E+00
      2.378  0.3103E-01  0.4796E-01  0.4796E-01  0.4796E-01  0.0000E+00  0.0000E+00  0.0000E+00  0.0000E+00  0.0000E+00
      2.473  0.3042E-01  0.4928E-01  0.4928E-01  0.4928E-01  0.0000E+00  0.0000E+00  0.0000E+00  0.0000E+00  0.0000E+00
      2.569  0.2998E-01  0.4993E-01  0.4993E-01  0.4993E-01  0.0000E+00  0.0000E+00  0.0000E+00  0.0000E+00  0.0000E+00
      2.665  0.2946E-01  0.5118E-01  0.5118E-01  0.5118E-01  0.0000E+00  0.0000E+00  0.0000E+00  0.0000E+00  0.0000E+00
      2.761  0.2894E-01  0.5382E-01  0.5382E-01  0.5382E-01  0.0000E+00  0.0000E+00  0.0000E+00  0.0000E+00  0.0000E+00
      2.856  0.2812E-01  0.5665E-01  0.5665E-01  0.5665E-01  0.0000E+00  0.0000E+00  0.0000E+00  0.0000E+00  0.0000E+00
      2.952  0.2703E-01  0.5721E-01  0.5721E-01  0.5721E-01  0.0000E+00  0.0000E+00  0.0000E+00  0.0000E+00  0.0000E+00
      3.048  0.2645E-01  0.6213E-01  0.6213E-01  0.6213E-01  0.0000E+00  0.0000E+00  0.0000E+00  0.0000E+00  0.0000E+00
      3.144  0.2581E-01  0.6537E-01  0.6537E-01  0.6537E-01  0.0000E+00  0.0000E+00  0.0000E+00  0.0000E+00  0.0000E+00
      3.240  0.2506E-01  0.6985E-01  0.6985E-01  0.6985E-01  0.0000E+00  0.0000E+00  0.0000E+00  0.0000E+00  0.0000E+00
      3.335  0.2406E-01  0.8626E-01  0.8626E-01  0.8626E-01  0.0000E+00  0.0000E+00  0.0000E+00  0.0000E+00  0.0000E+00
      3.431  0.2270E-01  0.8463E-01  0.8463E-01  0.8463E-01  0.0000E+00  0.0000E+00  0.0000E+00  0.0000E+00  0.0000E+00
      3.527  0.2185E-01  0.8511E-01  0.8511E-01  0.8511E-01  0.0000E+00  0.0000E+00  0.0000E+00  0.0000E+00  0.0000E+00
      3.623  0.2099E-01  0.8351E-01  0.8351E-01  0.8351E-01  0.0000E+00  0.0000E+00  0.0000E+00  0.0000E+00  0.0000E+00
      3.718  0.2013E-01  0.8292E-01  0.8292E-01  0.8292E-01  0.0000E+00  0.0000E+00  0.0000E+00  0.0000E+00  0.0000E+00
      3.814  0.1923E-01  0.8240E-01  0.8240E-01  0.8240E-01  0.0000E+00  0.0000E+00  0.0000E+00  0.0000E+00  0.0000E+00
      3.910  0.1806E-01  0.8141E-01  0.8141E-01  0.8141E-01  0.0000E+00  0.0000E+00  0.0000E+00  0.0000E+00  0.0000E+00
      4.006  0.1692E-01  0.8072E-01  0.8072E-01  0.8072E-01  0.0000E+00  0.0000E+00  0.0000E+00  0.0000E+00  0.0000E+00
      4.101  0.1616E-01  0.7970E-01  0.7970E-01  0.7970E-01  0.0000E+00  0.0000E+00  0.0000E+00  0.0000E+00  0.0000E+00
      4.197  0.1543E-01  0.7907E-01  0.7907E-01  0.7907E-01  0.0000E+00  0.0000E+00  0.0000E+00  0.0000E+00  0.0000E+00
      4.293  0.1460E-01  0.7873E-01  0.7873E-01  0.7873E-01  0.0000E+00  0.0000E+00  0.0000E+00  0.0000E+00  0.0000E+00
      4.389  0.1356E-01  0.7771E-01  0.7771E-01  0.7771E-01  0.0000E+00  0.0000E+00  0.0000E+00  0.0000E+00  0.0000E+00
      4.484  0.1241E-01  0.7675E-01  0.7675E-01  0.7675E-01  0.0000E+00  0.0000E+00  0.0000E+00  0.0000E+00  0.0000E+00
      4.580  0.1146E-01  0.7651E-01  0.7651E-01  0.7651E-01  0.0000E+00  0.0000E+00  0.0000E+00  0.0000E+00  0.0000E+00
      4.676  0.1066E-01  0.7608E-01  0.7608E-01  0.7608E-01  0.0000E+00  0.0000E+00  0.0000E+00  0.0000E+00  0.0000E+00
      4.772  0.9830E-02  0.7558E-01  0.7558E-01  0.7558E-01  0.0000E+00  0.0000E+00  0.0000E+00  0.0000E+00  0.0000E+00
      4.867  0.8943E-02  0.7498E-01  0.7498E-01  0.7498E-01  0.0000E+00  0.0000E+00  0.0000E+00  0.0000E+00  0.0000E+00
      4.963  0.8043E-02  0.7461E-01  0.7461E-01  0.7461E-01  0.0000E+00  0.0000E+00  0.0000E+00  0.0000E+00  0.0000E+00
      5.059  0.7134E-02  0.7371E-01  0.7371E-01  0.7371E-01  0.0000E+00  0.0000E+00  0.0000E+00  0.0000E+00  0.0000E+00
      5.155  0.6348E-02  0.7348E-01  0.7348E-01  0.7348E-01  0.0000E+00  0.0000E+00  0.0000E+00  0.0000E+00  0.0000E+00
      5.250  0.5734E-02  0.6287E-01  0.6287E-01  0.6287E-01  0.0000E+00  0.0000E+00  0.0000E+00  0.0000E+00  0.0000E+00
      5.346  0.5214E-02  0.5061E-01  0.5061E-01  0.5061E-01  0.0000E+00  0.0000E+00  0.0000E+00  0.0000E+00  0.0000E+00
      5.442  0.4630E-02  0.4460E-01  0.4460E-01  0.4460E-01  0.0000E+00  0.0000E+00  0.0000E+00  0.0000E+00  0.0000E+00
      5.538  0.3959E-02  0.3956E-01  0.3956E-01  0.3956E-01  0.0000E+00  0.0000E+00  0.0000E+00  0.0000E+00  0.0000E+00
      5.633  0.3351E-02  0.3524E-01  0.3524E-01  0.3524E-01  0.0000E+00  0.0000E+00  0.0000E+00  0.0000E+00  0.0000E+00
      5.729  0.2836E-02  0.3132E-01  0.3132E-01  0.3132E-01  0.0000E+00  0.0000E+00  0.0000E+00  0.0000E+00  0.0000E+00
      5.825  0.2461E-02  0.2813E-01  0.2813E-01  0.2813E-01  0.0000E+00  0.0000E+00  0.0000E+00  0.0000E+00  0.0000E+00
      5.921  0.1992E-02  0.2485E-01  0.2485E-01  0.2485E-01  0.0000E+00  0.0000E+00  0.0000E+00  0.0000E+00  0.0000E+00
      6.016  0.1559E-02  0.2184E-01  0.2184E-01  0.2184E-01  0.0000E+00  0.0000E+00  0.0000E+00  0.0000E+00  0.0000E+00
      6.112  0.1180E-02  0.1912E-01  0.1912E-01  0.1912E-01  0.0000E+00  0.0000E+00  0.0000E+00  0.0000E+00  0.0000E+00
      6.208  0.8409E-03  0.1613E-01  0.1613E-01  0.1613E-01  0.0000E+00  0.0000E+00  0.0000E+00  0.0000E+00  0.0000E+00
      6.304  0.5843E-03  0.1288E-01  0.1288E-01  0.1288E-01  0.0000E+00  0.0000E+00  0.0000E+00  0.0000E+00  0.0000E+00
      6.399  0.2948E-03  0.9891E-02  0.9891E-02  0.9891E-02  0.0000E+00  0.0000E+00  0.0000E+00  0.0000E+00  0.0000E+00
      6.495  0.7334E-04  0.4917E-02  0.4917E-02  0.4917E-02  0.0000E+00  0.0000E+00  0.0000E+00  0.0000E+00  0.0000E+00
      6.591  0.0000E+00  0.0000E+00  0.0000E+00  0.0000E+00  0.0000E+00  0.0000E+00  0.0000E+00  0.0000E+00  0.0000E+00
      6.687  0.0000E+00  0.0000E+00  0.0000E+00  0.0000E+00  0.0000E+00  0.0000E+00  0.0000E+00  0.0000E+00  0.0000E+00
      6.782  0.0000E+00  0.0000E+00  0.0000E+00  0.0000E+00  0.0000E+00  0.0000E+00  0.0000E+00  0.0000E+00  0.0000E+00
      6.878  0.0000E+00  0.0000E+00  0.0000E+00  0.0000E+00  0.0000E+00  0.0000E+00  0.0000E+00  0.0000E+00  0.0000E+00
      6.974  0.0000E+00  0.0000E+00  0.0000E+00  0.0000E+00  0.0000E+00  0.0000E+00  0.0000E+00  0.0000E+00  0.0000E+00
      7.070  0.0000E+00  0.0000E+00  0.0000E+00  0.0000E+00  0.0000E+00  0.0000E+00  0.0000E+00  0.0000E+00  0.0000E+00
      7.166  0.0000E+00  0.0000E+00  0.0000E+00  0.0000E+00  0.0000E+00  0.0000E+00  0.0000E+00  0.0000E+00  0.0000E+00
      7.261  0.3079E-02  0.7753E-03  0.7753E-03  0.7753E-03  0.0000E+00  0.0000E+00  0.0000E+00  0.0000E+00  0.0000E+00
      7.357  0.7785E-02  0.2056E-02  0.2056E-02  0.2056E-02  0.0000E+00  0.0000E+00  0.0000E+00  0.0000E+00  0.0000E+00
      7.453  0.1169E-01  0.3201E-02  0.3201E-02  0.3201E-02  0.0000E+00  0.0000E+00  0.0000E+00  0.0000E+00  0.0000E+00
      7.549  0.1431E-01  0.4180E-02  0.4180E-02  0.4180E-02  0.0000E+00  0.0000E+00  0.0000E+00  0.0000E+00  0.0000E+00
      7.644  0.1628E-01  0.5046E-02  0.5046E-02  0.5046E-02  0.0000E+00  0.0000E+00  0.0000E+00  0.0000E+00  0.0000E+00
      7.740  0.1819E-01  0.5978E-02  0.5978E-02  0.5978E-02  0.0000E+00  0.0000E+00  0.0000E+00  0.0000E+00  0.0000E+00
      7.836  0.2024E-01  0.6983E-02  0.6983E-02  0.6983E-02  0.0000E+00  0.0000E+00  0.0000E+00  0.0000E+00  0.0000E+00
      7.932  0.2223E-01  0.8100E-02  0.8100E-02  0.8100E-02  0.0000E+00  0.0000E+00  0.0000E+00  0.0000E+00  0.0000E+00
      8.027  0.2324E-01  0.8946E-02  0.8946E-02  0.8946E-02  0.0000E+00  0.0000E+00  0.0000E+00  0.0000E+00  0.0000E+00
      8.123  0.2458E-01  0.9950E-02  0.9950E-02  0.9950E-02  0.0000E+00  0.0000E+00  0.0000E+00  0.0000E+00  0.0000E+00
      8.219  0.2587E-01  0.1099E-01  0.1099E-01  0.1099E-01  0.0000E+00  0.0000E+00  0.0000E+00  0.0000E+00  0.0000E+00
      8.315  0.2722E-01  0.1211E-01  0.1211E-01  0.1211E-01  0.0000E+00  0.0000E+00  0.0000E+00  0.0000E+00  0.0000E+00
      8.410  0.2869E-01  0.1330E-01  0.1330E-01  0.1330E-01  0.0000E+00  0.0000E+00  0.0000E+00  0.0000E+00  0.0000E+00
      8.506  0.3015E-01  0.1462E-01  0.1462E-01  0.1462E-01  0.0000E+00  0.0000E+00  0.0000E+00  0.0000E+00  0.0000E+00
      8.602  0.3148E-01  0.1596E-01  0.1596E-01  0.1596E-01  0.0000E+00  0.0000E+00  0.0000E+00  0.0000E+00  0.0000E+00
      8.698  0.3272E-01  0.1725E-01  0.1725E-01  0.1725E-01  0.0000E+00  0.0000E+00  0.0000E+00  0.0000E+00  0.0000E+00
      8.793  0.3632E-01  0.1877E-01  0.1877E-01  0.1877E-01  0.0000E+00  0.0000E+00  0.0000E+00  0.0000E+00  0.0000E+00
      8.889  0.5082E-01  0.2091E-01  0.2091E-01  0.2091E-01  0.0000E+00  0.0000E+00  0.0000E+00  0.0000E+00  0.0000E+00
      8.985  0.5812E-01  0.2332E-01  0.2332E-01  0.2332E-01  0.0000E+00  0.0000E+00  0.0000E+00  0.0000E+00  0.0000E+00
      9.081  0.6809E-01  0.2615E-01  0.2615E-01  0.2615E-01  0.0000E+00  0.0000E+00  0.0000E+00  0.0000E+00  0.0000E+00
      9.176  0.8646E-01  0.3103E-01  0.3103E-01  0.3103E-01  0.0000E+00  0.0000E+00  0.0000E+00  0.0000E+00  0.0000E+00
      9.272  0.1031E+00  0.3619E-01  0.3619E-01  0.3619E-01  0.0000E+00  0.0000E+00  0.0000E+00  0.0000E+00  0.0000E+00
      9.368  0.9404E-01  0.3869E-01  0.3869E-01  0.3869E-01  0.0000E+00  0.0000E+00  0.0000E+00  0.0000E+00  0.0000E+00
      9.464  0.8817E-01  0.3999E-01  0.3999E-01  0.3999E-01  0.0000E+00  0.0000E+00  0.0000E+00  0.0000E+00  0.0000E+00
      9.559  0.7882E-01  0.3899E-01  0.3899E-01  0.3899E-01  0.0000E+00  0.0000E+00  0.0000E+00  0.0000E+00  0.0000E+00
      9.655  0.5776E-01  0.3316E-01  0.3316E-01  0.3316E-01  0.0000E+00  0.0000E+00  0.0000E+00  0.0000E+00  0.0000E+00
      9.751  0.5055E-01  0.3325E-01  0.3325E-01  0.3325E-01  0.0000E+00  0.0000E+00  0.0000E+00  0.0000E+00  0.0000E+00
      9.847  0.4224E-01  0.3096E-01  0.3096E-01  0.3096E-01  0.0000E+00  0.0000E+00  0.0000E+00  0.0000E+00  0.0000E+00
      9.942  0.3811E-01  0.3248E-01  0.3248E-01  0.3248E-01  0.0000E+00  0.0000E+00  0.0000E+00  0.0000E+00  0.0000E+00
     10.038  0.4181E-01  0.4776E-01  0.4776E-01  0.4776E-01  0.0000E+00  0.0000E+00  0.0000E+00  0.0000E+00  0.0000E+00
     10.134  0.4156E-01  0.5405E-01  0.5405E-01  0.5405E-01  0.0000E+00  0.0000E+00  0.0000E+00  0.0000E+00  0.0000E+00
     10.230  0.4527E-01  0.6195E-01  0.6195E-01  0.6195E-01  0.0000E+00  0.0000E+00  0.0000E+00  0.0000E+00  0.0000E+00
     10.325  0.4628E-01  0.5429E-01  0.5429E-01  0.5429E-01  0.0000E+00  0.0000E+00  0.0000E+00  0.0000E+00  0.0000E+00
     10.421  0.4571E-01  0.5081E-01  0.5081E-01  0.5081E-01  0.0000E+00  0.0000E+00  0.0000E+00  0.0000E+00  0.0000E+00
     10.517  0.4357E-01  0.4960E-01  0.4960E-01  0.4960E-01  0.0000E+00  0.0000E+00  0.0000E+00  0.0000E+00  0.0000E+00
     10.613  0.4061E-01  0.5070E-01  0.5070E-01  0.5070E-01  0.0000E+00  0.0000E+00  0.0000E+00  0.0000E+00  0.0000E+00
     10.708  0.3976E-01  0.5004E-01  0.5004E-01  0.5004E-01  0.0000E+00  0.0000E+00  0.0000E+00  0.0000E+00  0.0000E+00
     10.804  0.3754E-01  0.4619E-01  0.4619E-01  0.4619E-01  0.0000E+00  0.0000E+00  0.0000E+00  0.0000E+00  0.0000E+00
     10.900  0.3784E-01  0.4551E-01  0.4551E-01  0.4551E-01  0.0000E+00  0.0000E+00  0.0000E+00  0.0000E+00  0.0000E+00
     10.996  0.3945E-01  0.4542E-01  0.4542E-01  0.4542E-01  0.0000E+00  0.0000E+00  0.0000E+00  0.0000E+00  0.0000E+00
     11.092  0.3085E-01  0.3960E-01  0.3960E-01  0.3960E-01  0.0000E+00  0.0000E+00  0.0000E+00  0.0000E+00  0.0000E+00
     11.187  0.2113E-01  0.3412E-01  0.3412E-01  0.3412E-01  0.0000E+00  0.0000E+00  0.0000E+00  0.0000E+00  0.0000E+00
     11.283  0.1995E-01  0.3255E-01  0.3255E-01  0.3255E-01  0.0000E+00  0.0000E+00  0.0000E+00  0.0000E+00  0.0000E+00
     11.379  0.2240E-01  0.3302E-01  0.3302E-01  0.3302E-01  0.0000E+00  0.0000E+00  0.0000E+00  0.0000E+00  0.0000E+00
     11.475  0.2688E-01  0.3509E-01  0.3509E-01  0.3509E-01  0.0000E+00  0.0000E+00  0.0000E+00  0.0000E+00  0.0000E+00
     11.570  0.2881E-01  0.3496E-01  0.3496E-01  0.3496E-01  0.0000E+00  0.0000E+00  0.0000E+00  0.0000E+00  0.0000E+00
     11.666  0.3486E-01  0.3455E-01  0.3455E-01  0.3455E-01  0.0000E+00  0.0000E+00  0.0000E+00  0.0000E+00  0.0000E+00
     11.762  0.3412E-01  0.3395E-01  0.3395E-01  0.3395E-01  0.0000E+00  0.0000E+00  0.0000E+00  0.0000E+00  0.0000E+00
     11.858  0.3440E-01  0.3340E-01  0.3340E-01  0.3340E-01  0.0000E+00  0.0000E+00  0.0000E+00  0.0000E+00  0.0000E+00
     11.953  0.3624E-01  0.3414E-01  0.3414E-01  0.3414E-01  0.0000E+00  0.0000E+00  0.0000E+00  0.0000E+00  0.0000E+00
     12.049  0.3763E-01  0.3363E-01  0.3363E-01  0.3363E-01  0.0000E+00  0.0000E+00  0.0000E+00  0.0000E+00  0.0000E+00
     12.145  0.4163E-01  0.3554E-01  0.3554E-01  0.3554E-01  0.0000E+00  0.0000E+00  0.0000E+00  0.0000E+00  0.0000E+00
     12.241  0.4513E-01  0.3612E-01  0.3612E-01  0.3612E-01  0.0000E+00  0.0000E+00  0.0000E+00  0.0000E+00  0.0000E+00
     12.336  0.4026E-01  0.3393E-01  0.3393E-01  0.3393E-01  0.0000E+00  0.0000E+00  0.0000E+00  0.0000E+00  0.0000E+00
     12.432  0.4030E-01  0.3375E-01  0.3375E-01  0.3375E-01  0.0000E+00  0.0000E+00  0.0000E+00  0.0000E+00  0.0000E+00
     12.528  0.3828E-01  0.3381E-01  0.3381E-01  0.3381E-01  0.0000E+00  0.0000E+00  0.0000E+00  0.0000E+00  0.0000E+00
     12.624  0.3781E-01  0.3468E-01  0.3468E-01  0.3468E-01  0.0000E+00  0.0000E+00  0.0000E+00  0.0000E+00  0.0000E+00
     12.719  0.3591E-01  0.3324E-01  0.3324E-01  0.3324E-01  0.0000E+00  0.0000E+00  0.0000E+00  0.0000E+00  0.0000E+00
     12.815  0.3650E-01  0.3454E-01  0.3454E-01  0.3454E-01  0.0000E+00  0.0000E+00  0.0000E+00  0.0000E+00  0.0000E+00
     12.911  0.3127E-01  0.3203E-01  0.3203E-01  0.3203E-01  0.0000E+00  0.0000E+00  0.0000E+00  0.0000E+00  0.0000E+00
     13.007  0.2972E-01  0.3176E-01  0.3176E-01  0.3176E-01  0.0000E+00  0.0000E+00  0.0000E+00  0.0000E+00  0.0000E+00
     13.102  0.2819E-01  0.3193E-01  0.3193E-01  0.3193E-01  0.0000E+00  0.0000E+00  0.0000E+00  0.0000E+00  0.0000E+00
     13.198  0.2529E-01  0.3091E-01  0.3091E-01  0.3091E-01  0.0000E+00  0.0000E+00  0.0000E+00  0.0000E+00  0.0000E+00
     13.294  0.2269E-01  0.3064E-01  0.3064E-01  0.3064E-01  0.0000E+00  0.0000E+00  0.0000E+00  0.0000E+00  0.0000E+00
     13.390  0.2154E-01  0.3047E-01  0.3047E-01  0.3047E-01  0.0000E+00  0.0000E+00  0.0000E+00  0.0000E+00  0.0000E+00
     13.485  0.2060E-01  0.3067E-01  0.3067E-01  0.3067E-01  0.0000E+00  0.0000E+00  0.0000E+00  0.0000E+00  0.0000E+00
     13.581  0.1866E-01  0.2814E-01  0.2814E-01  0.2814E-01  0.0000E+00  0.0000E+00  0.0000E+00  0.0000E+00  0.0000E+00
     13.677  0.1737E-01  0.2695E-01  0.2695E-01  0.2695E-01  0.0000E+00  0.0000E+00  0.0000E+00  0.0000E+00  0.0000E+00
     13.773  0.1802E-01  0.2820E-01  0.2820E-01  0.2820E-01  0.0000E+00  0.0000E+00  0.0000E+00  0.0000E+00  0.0000E+00
     13.868  0.1792E-01  0.2888E-01  0.2888E-01  0.2888E-01  0.0000E+00  0.0000E+00  0.0000E+00  0.0000E+00  0.0000E+00
     13.964  0.1796E-01  0.2949E-01  0.2949E-01  0.2949E-01  0.0000E+00  0.0000E+00  0.0000E+00  0.0000E+00  0.0000E+00
     14.060  0.1896E-01  0.3084E-01  0.3084E-01  0.3084E-01  0.0000E+00  0.0000E+00  0.0000E+00  0.0000E+00  0.0000E+00
     14.156  0.1924E-01  0.3132E-01  0.3132E-01  0.3132E-01  0.0000E+00  0.0000E+00  0.0000E+00  0.0000E+00  0.0000E+00
     14.251  0.1883E-01  0.3081E-01  0.3081E-01  0.3081E-01  0.0000E+00  0.0000E+00  0.0000E+00  0.0000E+00  0.0000E+00
     14.347  0.1659E-01  0.2804E-01  0.2804E-01  0.2804E-01  0.0000E+00  0.0000E+00  0.0000E+00  0.0000E+00  0.0000E+00
     14.443  0.1324E-01  0.2448E-01  0.2448E-01  0.2448E-01  0.0000E+00  0.0000E+00  0.0000E+00  0.0000E+00  0.0000E+00
     14.539  0.1167E-01  0.2315E-01  0.2315E-01  0.2315E-01  0.0000E+00  0.0000E+00  0.0000E+00  0.0000E+00  0.0000E+00
     14.634  0.9828E-02  0.2107E-01  0.2107E-01  0.2107E-01  0.0000E+00  0.0000E+00  0.0000E+00  0.0000E+00  0.0000E+00
     14.730  0.9123E-02  0.2016E-01  0.2016E-01  0.2016E-01  0.0000E+00  0.0000E+00  0.0000E+00  0.0000E+00  0.0000E+00
     14.826  0.8603E-02  0.1950E-01  0.1950E-01  0.1950E-01  0.0000E+00  0.0000E+00  0.0000E+00  0.0000E+00  0.0000E+00
     14.922  0.7910E-02  0.1861E-01  0.1861E-01  0.1861E-01  0.0000E+00  0.0000E+00  0.0000E+00  0.0000E+00  0.0000E+00
     15.018  0.7235E-02  0.1792E-01  0.1792E-01  0.1792E-01  0.0000E+00  0.0000E+00  0.0000E+00  0.0000E+00  0.0000E+00
     15.113  0.6991E-02  0.1892E-01  0.1892E-01  0.1892E-01  0.0000E+00  0.0000E+00  0.0000E+00  0.0000E+00  0.0000E+00
     15.209  0.6889E-02  0.1998E-01  0.1998E-01  0.1998E-01  0.0000E+00  0.0000E+00  0.0000E+00  0.0000E+00  0.0000E+00
     15.305  0.5530E-02  0.1695E-01  0.1695E-01  0.1695E-01  0.0000E+00  0.0000E+00  0.0000E+00  0.0000E+00  0.0000E+00
     15.401  0.4450E-02  0.1523E-01  0.1523E-01  0.1523E-01  0.0000E+00  0.0000E+00  0.0000E+00  0.0000E+00  0.0000E+00
     15.496  0.3927E-02  0.1380E-01  0.1380E-01  0.1380E-01  0.0000E+00  0.0000E+00  0.0000E+00  0.0000E+00  0.0000E+00
     15.592  0.3478E-02  0.1148E-01  0.1148E-01  0.1148E-01  0.0000E+00  0.0000E+00  0.0000E+00  0.0000E+00  0.0000E+00
     15.688  0.3067E-02  0.9048E-02  0.9048E-02  0.9048E-02  0.0000E+00  0.0000E+00  0.0000E+00  0.0000E+00  0.0000E+00
     15.784  0.2837E-02  0.8526E-02  0.8526E-02  0.8526E-02  0.0000E+00  0.0000E+00  0.0000E+00  0.0000E+00  0.0000E+00
     15.879  0.2635E-02  0.8127E-02  0.8127E-02  0.8127E-02  0.0000E+00  0.0000E+00  0.0000E+00  0.0000E+00  0.0000E+00
     15.975  0.2398E-02  0.7645E-02  0.7645E-02  0.7645E-02  0.0000E+00  0.0000E+00  0.0000E+00  0.0000E+00  0.0000E+00
     16.071  0.2145E-02  0.7222E-02  0.7222E-02  0.7222E-02  0.0000E+00  0.0000E+00  0.0000E+00  0.0000E+00  0.0000E+00
     16.167  0.2141E-02  0.7699E-02  0.7699E-02  0.7699E-02  0.0000E+00  0.0000E+00  0.0000E+00  0.0000E+00  0.0000E+00
     16.262  0.1651E-02  0.6494E-02  0.6494E-02  0.6494E-02  0.0000E+00  0.0000E+00  0.0000E+00  0.0000E+00  0.0000E+00
     16.358  0.1385E-02  0.5708E-02  0.5708E-02  0.5708E-02  0.0000E+00  0.0000E+00  0.0000E+00  0.0000E+00  0.0000E+00
     16.454  0.1212E-02  0.5203E-02  0.5203E-02  0.5203E-02  0.0000E+00  0.0000E+00  0.0000E+00  0.0000E+00  0.0000E+00
     16.550  0.1090E-02  0.4873E-02  0.4873E-02  0.4873E-02  0.0000E+00  0.0000E+00  0.0000E+00  0.0000E+00  0.0000E+00
     16.645  0.1006E-02  0.4699E-02  0.4699E-02  0.4699E-02  0.0000E+00  0.0000E+00  0.0000E+00  0.0000E+00  0.0000E+00
     16.741  0.9160E-03  0.4476E-02  0.4476E-02  0.4476E-02  0.0000E+00  0.0000E+00  0.0000E+00  0.0000E+00  0.0000E+00
     16.837  0.7799E-03  0.4124E-02  0.4124E-02  0.4124E-02  0.0000E+00  0.0000E+00  0.0000E+00  0.0000E+00  0.0000E+00
     16.933  0.6256E-03  0.3730E-02  0.3730E-02  0.3730E-02  0.0000E+00  0.0000E+00  0.0000E+00  0.0000E+00  0.0000E+00
     17.028  0.4616E-03  0.3299E-02  0.3299E-02  0.3299E-02  0.0000E+00  0.0000E+00  0.0000E+00  0.0000E+00  0.0000E+00
     17.124  0.3609E-03  0.2871E-02  0.2871E-02  0.2871E-02  0.0000E+00  0.0000E+00  0.0000E+00  0.0000E+00  0.0000E+00
     17.220  0.3096E-03  0.2509E-02  0.2509E-02  0.2509E-02  0.0000E+00  0.0000E+00  0.0000E+00  0.0000E+00  0.0000E+00
     17.316  0.2626E-03  0.2194E-02  0.2194E-02  0.2194E-02  0.0000E+00  0.0000E+00  0.0000E+00  0.0000E+00  0.0000E+00
     17.411  0.2200E-03  0.1928E-02  0.1928E-02  0.1928E-02  0.0000E+00  0.0000E+00  0.0000E+00  0.0000E+00  0.0000E+00
     17.507  0.1904E-03  0.1837E-02  0.1837E-02  0.1837E-02  0.0000E+00  0.0000E+00  0.0000E+00  0.0000E+00  0.0000E+00
     17.603  0.1661E-03  0.1860E-02  0.1860E-02  0.1860E-02  0.0000E+00  0.0000E+00  0.0000E+00  0.0000E+00  0.0000E+00
     17.699  0.1400E-03  0.1793E-02  0.1793E-02  0.1793E-02  0.0000E+00  0.0000E+00  0.0000E+00  0.0000E+00  0.0000E+00
     17.794  0.1127E-03  0.1465E-02  0.1465E-02  0.1465E-02  0.0000E+00  0.0000E+00  0.0000E+00  0.0000E+00  0.0000E+00
     17.890  0.1365E-04  0.3992E-03  0.3992E-03  0.3992E-03  0.0000E+00  0.0000E+00  0.0000E+00  0.0000E+00  0.0000E+00
     17.986  0.6255E-05  0.1836E-03  0.1836E-03  0.1836E-03  0.0000E+00  0.0000E+00  0.0000E+00  0.0000E+00  0.0000E+00
     18.082  0.1736E-05  0.5094E-04  0.5094E-04  0.5094E-04  0.0000E+00  0.0000E+00  0.0000E+00  0.0000E+00  0.0000E+00
     18.177  0.1799E-07  0.5254E-06  0.5254E-06  0.5254E-06  0.0000E+00  0.0000E+00  0.0000E+00  0.0000E+00  0.0000E+00
     18.273  0.0000E+00  0.0000E+00  0.0000E+00  0.0000E+00  0.0000E+00  0.0000E+00  0.0000E+00  0.0000E+00  0.0000E+00
     18.369  0.0000E+00  0.0000E+00  0.0000E+00  0.0000E+00  0.0000E+00  0.0000E+00  0.0000E+00  0.0000E+00  0.0000E+00
     18.465  0.0000E+00  0.0000E+00  0.0000E+00  0.0000E+00  0.0000E+00  0.0000E+00  0.0000E+00  0.0000E+00  0.0000E+00
     18.560  0.0000E+00  0.0000E+00  0.0000E+00  0.0000E+00  0.0000E+00  0.0000E+00  0.0000E+00  0.0000E+00  0.0000E+00
     18.656  0.0000E+00  0.0000E+00  0.0000E+00  0.0000E+00  0.0000E+00  0.0000E+00  0.0000E+00  0.0000E+00  0.0000E+00
     18.752  0.0000E+00  0.0000E+00  0.0000E+00  0.0000E+00  0.0000E+00  0.0000E+00  0.0000E+00  0.0000E+00  0.0000E+00
     18.848  0.0000E+00  0.0000E+00  0.0000E+00  0.0000E+00  0.0000E+00  0.0000E+00  0.0000E+00  0.0000E+00  0.0000E+00
     18.944  0.0000E+00  0.0000E+00  0.0000E+00  0.0000E+00  0.0000E+00  0.0000E+00  0.0000E+00  0.0000E+00  0.0000E+00
     19.039  0.0000E+00  0.0000E+00  0.0000E+00  0.0000E+00  0.0000E+00  0.0000E+00  0.0000E+00  0.0000E+00  0.0000E+00
     19.135  0.0000E+00  0.0000E+00  0.0000E+00  0.0000E+00  0.0000E+00  0.0000E+00  0.0000E+00  0.0000E+00  0.0000E+00
     19.231  0.0000E+00  0.0000E+00  0.0000E+00  0.0000E+00  0.0000E+00  0.0000E+00  0.0000E+00  0.0000E+00  0.0000E+00
     19.327  0.0000E+00  0.0000E+00  0.0000E+00  0.0000E+00  0.0000E+00  0.0000E+00  0.0000E+00  0.0000E+00  0.0000E+00
     19.422  0.0000E+00  0.0000E+00  0.0000E+00  0.0000E+00  0.0000E+00  0.0000E+00  0.0000E+00  0.0000E+00  0.0000E+00
     19.518  0.0000E+00  0.0000E+00  0.0000E+00  0.0000E+00  0.0000E+00  0.0000E+00  0.0000E+00  0.0000E+00  0.0000E+00
     19.614  0.0000E+00  0.0000E+00  0.0000E+00  0.0000E+00  0.0000E+00  0.0000E+00  0.0000E+00  0.0000E+00  0.0000E+00
     19.710  0.0000E+00  0.0000E+00  0.0000E+00  0.0000E+00  0.0000E+00  0.0000E+00  0.0000E+00  0.0000E+00  0.0000E+00
     19.805  0.0000E+00  0.0000E+00  0.0000E+00  0.0000E+00  0.0000E+00  0.0000E+00  0.0000E+00  0.0000E+00  0.0000E+00
     19.901  0.0000E+00  0.0000E+00  0.0000E+00  0.0000E+00  0.0000E+00  0.0000E+00  0.0000E+00  0.0000E+00  0.0000E+00
     19.997  0.0000E+00  0.0000E+00  0.0000E+00  0.0000E+00  0.0000E+00  0.0000E+00  0.0000E+00  0.0000E+00  0.0000E+00
     20.093  0.0000E+00  0.0000E+00  0.0000E+00  0.0000E+00  0.0000E+00  0.0000E+00  0.0000E+00  0.0000E+00  0.0000E+00
     20.188  0.0000E+00  0.0000E+00  0.0000E+00  0.0000E+00  0.0000E+00  0.0000E+00  0.0000E+00  0.0000E+00  0.0000E+00
