   2   2   1   0
  0.1497789E+02  0.3486036E-09  0.3486036E-09  0.3486036E-09  0.5000000E-15
  1.000000000000000E-004
  CAR 
 Si                                      
     23.74668314     -7.75725808  301      9.22961162      1.00000000
     -7.757  0.0000E+00  0.0000E+00
     -7.652  0.0000E+00  0.0000E+00
     -7.547  0.0000E+00  0.0000E+00
     -7.442  0.0000E+00  0.0000E+00
     -7.337  0.0000E+00  0.0000E+00
     -7.232  0.0000E+00  0.0000E+00
     -7.127  0.0000E+00  0.0000E+00
     -7.022  0.0000E+00  0.0000E+00
     -6.917  0.0000E+00  0.0000E+00
     -6.812  0.0000E+00  0.0000E+00
     -6.707  0.0000E+00  0.0000E+00
     -6.602  0.0000E+00  0.0000E+00
     -6.497  0.0000E+00  0.0000E+00
     -6.392  0.0000E+00  0.0000E+00
     -6.287  0.0000E+00  0.0000E+00
     -6.182  0.0000E+00  0.0000E+00
     -6.077  0.0000E+00  0.0000E+00
     -5.972  0.0000E+00  0.0000E+00
     -5.867  0.0000E+00  0.0000E+00
     -5.762  0.0000E+00  0.0000E+00
     -5.657  0.9097E-01  0.4203E-02
     -5.552  0.1023E+00  0.1309E-01
     -5.447  0.1229E+00  0.2487E-01
     -5.342  0.1437E+00  0.3896E-01
     -5.237  0.1623E+00  0.5499E-01
     -5.132  0.1777E+00  0.7288E-01
     -5.027  0.1945E+00  0.9242E-01
     -4.922  0.2075E+00  0.1135E+00
     -4.817  0.2222E+00  0.1361E+00
     -4.712  0.2344E+00  0.1600E+00
     -4.607  0.2474E+00  0.1853E+00
     -4.502  0.2596E+00  0.2120E+00
     -4.397  0.2714E+00  0.2398E+00
     -4.292  0.2840E+00  0.2690E+00
     -4.187  0.2949E+00  0.2994E+00
     -4.082  0.3065E+00  0.3310E+00
     -3.977  0.3185E+00  0.3638E+00
     -3.872  0.3295E+00  0.3978E+00
     -3.767  0.3411E+00  0.4330E+00
     -3.662  0.3533E+00  0.4695E+00
     -3.557  0.3648E+00  0.5072E+00
     -3.452  0.3771E+00  0.5461E+00
     -3.347  0.3901E+00  0.5864E+00
     -3.242  0.4031E+00  0.6280E+00
     -3.137  0.4171E+00  0.6711E+00
     -3.032  0.4324E+00  0.7157E+00
     -2.927  0.4492E+00  0.7620E+00
     -2.822  0.4679E+00  0.8101E+00
     -2.717  0.4906E+00  0.8604E+00
     -2.612  0.5194E+00  0.9133E+00
     -2.507  0.5634E+00  0.9700E+00
     -2.402  0.6457E+00  0.1034E+01
     -2.297  0.6338E+00  0.1101E+01
     -2.192  0.5968E+00  0.1165E+01
     -2.087  0.5856E+00  0.1228E+01
     -1.982  0.5643E+00  0.1288E+01
     -1.877  0.5431E+00  0.1346E+01
     -1.772  0.5289E+00  0.1402E+01
     -1.666  0.5065E+00  0.1457E+01
     -1.561  0.4884E+00  0.1509E+01
     -1.456  0.4680E+00  0.1559E+01
     -1.351  0.4503E+00  0.1607E+01
     -1.246  0.4281E+00  0.1653E+01
     -1.141  0.4098E+00  0.1697E+01
     -1.036  0.3903E+00  0.1739E+01
     -0.931  0.3681E+00  0.1779E+01
     -0.826  0.3484E+00  0.1817E+01
     -0.721  0.3257E+00  0.1852E+01
     -0.616  0.3049E+00  0.1885E+01
     -0.511  0.2861E+00  0.1916E+01
     -0.406  0.2763E+00  0.1946E+01
     -0.301  0.2063E+00  0.1972E+01
     -0.196  0.1107E+00  0.1989E+01
     -0.091  0.5458E-01  0.1997E+01
      0.014  0.5417E-01  0.2002E+01
      0.119  0.8275E-01  0.2009E+01
      0.224  0.2244E+00  0.2024E+01
      0.329  0.3838E+00  0.2055E+01
      0.434  0.4737E+00  0.2098E+01
      0.539  0.5777E+00  0.2153E+01
      0.644  0.7043E+00  0.2221E+01
      0.749  0.9029E+00  0.2303E+01
      0.854  0.1406E+01  0.2420E+01
      0.959  0.9536E+00  0.2542E+01
      1.064  0.7688E+00  0.2630E+01
      1.169  0.6825E+00  0.2706E+01
      1.274  0.6135E+00  0.2774E+01
      1.379  0.5705E+00  0.2836E+01
      1.484  0.5335E+00  0.2894E+01
      1.589  0.4932E+00  0.2948E+01
      1.694  0.4694E+00  0.2999E+01
      1.799  0.4457E+00  0.3047E+01
      1.904  0.4168E+00  0.3092E+01
      2.009  0.3987E+00  0.3135E+01
      2.114  0.3822E+00  0.3176E+01
      2.219  0.3627E+00  0.3215E+01
      2.324  0.3429E+00  0.3252E+01
      2.429  0.3311E+00  0.3287E+01
      2.534  0.3178E+00  0.3322E+01
      2.639  0.2997E+00  0.3354E+01
      2.744  0.2872E+00  0.3385E+01
      2.849  0.2780E+00  0.3414E+01
      2.954  0.4025E+00  0.3447E+01
      3.059  0.5130E+00  0.3495E+01
      3.164  0.6100E+00  0.3553E+01
      3.269  0.7319E+00  0.3623E+01
      3.374  0.8771E+00  0.3710E+01
      3.479  0.8229E+00  0.3798E+01
      3.584  0.7878E+00  0.3883E+01
      3.689  0.7556E+00  0.3963E+01
      3.794  0.7626E+00  0.4043E+01
      3.899  0.7449E+00  0.4121E+01
      4.004  0.7484E+00  0.4200E+01
      4.109  0.7769E+00  0.4280E+01
      4.214  0.7714E+00  0.4361E+01
      4.319  0.7831E+00  0.4443E+01
      4.424  0.7948E+00  0.4525E+01
      4.529  0.8218E+00  0.4610E+01
      4.634  0.8314E+00  0.4697E+01
      4.739  0.8542E+00  0.4786E+01
      4.844  0.8932E+00  0.4877E+01
      4.949  0.9240E+00  0.4972E+01
      5.054  0.9483E+00  0.5071E+01
      5.159  0.1069E+01  0.5174E+01
      5.264  0.1149E+01  0.5291E+01
      5.369  0.1130E+01  0.5411E+01
      5.474  0.1109E+01  0.5529E+01
      5.579  0.1093E+01  0.5644E+01
      5.684  0.1075E+01  0.5758E+01
      5.789  0.1059E+01  0.5870E+01
      5.894  0.1042E+01  0.5981E+01
      5.999  0.1018E+01  0.6089E+01
      6.104  0.1002E+01  0.6195E+01
      6.209  0.9916E+00  0.6300E+01
      6.315  0.9690E+00  0.6403E+01
      6.420  0.9522E+00  0.6503E+01
      6.525  0.9429E+00  0.6603E+01
      6.630  0.9228E+00  0.6701E+01
      6.735  0.9080E+00  0.6797E+01
      6.840  0.8908E+00  0.6892E+01
      6.945  0.8812E+00  0.6985E+01
      7.050  0.8626E+00  0.7076E+01
      7.155  0.8441E+00  0.7166E+01
      7.260  0.8290E+00  0.7254E+01
      7.365  0.8136E+00  0.7340E+01
      7.470  0.8098E+00  0.7425E+01
      7.575  0.7534E+00  0.7508E+01
      7.680  0.5964E+00  0.7577E+01
      7.785  0.5296E+00  0.7636E+01
      7.890  0.4744E+00  0.7688E+01
      7.995  0.4271E+00  0.7736E+01
      8.100  0.3824E+00  0.7778E+01
      8.205  0.3468E+00  0.7816E+01
      8.310  0.3112E+00  0.7851E+01
      8.415  0.2782E+00  0.7882E+01
      8.520  0.2470E+00  0.7909E+01
      8.625  0.2185E+00  0.7934E+01
      8.730  0.1856E+00  0.7955E+01
      8.835  0.1567E+00  0.7973E+01
      8.940  0.1236E+00  0.7988E+01
      9.045  0.6616E-01  0.7998E+01
      9.150  0.0000E+00  0.8000E+01
      9.255  0.1428E-01  0.8000E+01
      9.360  0.1016E+00  0.8007E+01
      9.465  0.1720E+00  0.8021E+01
      9.570  0.2131E+00  0.8041E+01
      9.675  0.2481E+00  0.8066E+01
      9.780  0.2862E+00  0.8094E+01
      9.885  0.3237E+00  0.8126E+01
      9.990  0.3635E+00  0.8162E+01
     10.095  0.3865E+00  0.8201E+01
     10.200  0.4147E+00  0.8243E+01
     10.305  0.4463E+00  0.8288E+01
     10.410  0.4755E+00  0.8337E+01
     10.515  0.5077E+00  0.8388E+01
     10.620  0.5445E+00  0.8443E+01
     10.725  0.5707E+00  0.8502E+01
     10.830  0.5983E+00  0.8563E+01
     10.935  0.6289E+00  0.8628E+01
     11.040  0.6601E+00  0.8696E+01
     11.145  0.6947E+00  0.8767E+01
     11.250  0.7300E+00  0.8841E+01
     11.355  0.7664E+00  0.8920E+01
     11.460  0.8113E+00  0.9003E+01
     11.565  0.8497E+00  0.9090E+01
     11.670  0.8948E+00  0.9182E+01
     11.775  0.9496E+00  0.9278E+01
     11.880  0.1019E+01  0.9381E+01
     11.985  0.1151E+01  0.9495E+01
     12.090  0.1320E+01  0.9624E+01
     12.195  0.1418E+01  0.9769E+01
     12.300  0.1340E+01  0.9915E+01
     12.405  0.1345E+01  0.1005E+02
     12.510  0.1356E+01  0.1019E+02
     12.615  0.1262E+01  0.1032E+02
     12.720  0.1222E+01  0.1045E+02
     12.825  0.1258E+01  0.1058E+02
     12.930  0.1220E+01  0.1072E+02
     13.035  0.1242E+01  0.1084E+02
     13.140  0.1499E+01  0.1098E+02
     13.245  0.1497E+01  0.1114E+02
     13.350  0.1402E+01  0.1130E+02
     13.455  0.1307E+01  0.1144E+02
     13.560  0.1273E+01  0.1157E+02
     13.665  0.1168E+01  0.1170E+02
     13.770  0.1153E+01  0.1182E+02
     13.875  0.1006E+01  0.1193E+02
     13.980  0.8573E+00  0.1203E+02
     14.085  0.7385E+00  0.1211E+02
     14.190  0.6975E+00  0.1219E+02
     14.296  0.8142E+00  0.1227E+02
     14.401  0.8600E+00  0.1236E+02
     14.506  0.9103E+00  0.1245E+02
     14.611  0.9708E+00  0.1255E+02
     14.716  0.9559E+00  0.1265E+02
     14.821  0.9209E+00  0.1275E+02
     14.926  0.9481E+00  0.1285E+02
     15.031  0.9402E+00  0.1295E+02
     15.136  0.9568E+00  0.1305E+02
     15.241  0.1009E+01  0.1315E+02
     15.346  0.1026E+01  0.1326E+02
     15.451  0.9931E+00  0.1337E+02
     15.556  0.9560E+00  0.1347E+02
     15.661  0.9450E+00  0.1357E+02
     15.766  0.9165E+00  0.1366E+02
     15.871  0.9047E+00  0.1376E+02
     15.976  0.9075E+00  0.1386E+02
     16.081  0.9031E+00  0.1395E+02
     16.186  0.8570E+00  0.1404E+02
     16.291  0.8019E+00  0.1413E+02
     16.396  0.6709E+00  0.1421E+02
     16.501  0.6518E+00  0.1428E+02
     16.606  0.6321E+00  0.1434E+02
     16.711  0.6367E+00  0.1441E+02
     16.816  0.6582E+00  0.1448E+02
     16.921  0.6708E+00  0.1455E+02
     17.026  0.6904E+00  0.1462E+02
     17.131  0.7212E+00  0.1469E+02
     17.236  0.6977E+00  0.1477E+02
     17.341  0.6951E+00  0.1484E+02
     17.446  0.6921E+00  0.1491E+02
     17.551  0.6969E+00  0.1498E+02
     17.656  0.7106E+00  0.1506E+02
     17.761  0.7607E+00  0.1514E+02
     17.866  0.6730E+00  0.1521E+02
     17.971  0.6111E+00  0.1528E+02
     18.076  0.6500E+00  0.1534E+02
     18.181  0.5758E+00  0.1541E+02
     18.286  0.5133E+00  0.1547E+02
     18.391  0.4920E+00  0.1552E+02
     18.496  0.4403E+00  0.1557E+02
     18.601  0.3882E+00  0.1561E+02
     18.706  0.3558E+00  0.1565E+02
     18.811  0.3002E+00  0.1569E+02
     18.916  0.2610E+00  0.1572E+02
     19.021  0.2352E+00  0.1574E+02
     19.126  0.2164E+00  0.1577E+02
     19.231  0.2002E+00  0.1579E+02
     19.336  0.1851E+00  0.1581E+02
     19.441  0.1727E+00  0.1583E+02
     19.546  0.1583E+00  0.1584E+02
     19.651  0.1480E+00  0.1586E+02
     19.756  0.1385E+00  0.1587E+02
     19.861  0.1313E+00  0.1589E+02
     19.966  0.1245E+00  0.1590E+02
     20.071  0.1142E+00  0.1591E+02
     20.176  0.1043E+00  0.1593E+02
     20.281  0.9445E-01  0.1594E+02
     20.386  0.8576E-01  0.1595E+02
     20.491  0.7780E-01  0.1595E+02
     20.596  0.6889E-01  0.1596E+02
     20.701  0.6135E-01  0.1597E+02
     20.806  0.5346E-01  0.1598E+02
     20.911  0.4687E-01  0.1598E+02
     21.016  0.3949E-01  0.1598E+02
     21.121  0.3331E-01  0.1599E+02
     21.226  0.2980E-01  0.1599E+02
     21.331  0.2764E-01  0.1600E+02
     21.436  0.2262E-01  0.1600E+02
     21.541  0.8839E-02  0.1600E+02
     21.646  0.2109E-02  0.1600E+02
     21.751  0.0000E+00  0.1600E+02
     21.856  0.0000E+00  0.1600E+02
     21.961  0.0000E+00  0.1600E+02
     22.066  0.0000E+00  0.1600E+02
     22.171  0.0000E+00  0.1600E+02
     22.276  0.0000E+00  0.1600E+02
     22.382  0.0000E+00  0.1600E+02
     22.487  0.0000E+00  0.1600E+02
     22.592  0.0000E+00  0.1600E+02
     22.697  0.0000E+00  0.1600E+02
     22.802  0.0000E+00  0.1600E+02
     22.907  0.0000E+00  0.1600E+02
     23.012  0.0000E+00  0.1600E+02
     23.117  0.0000E+00  0.1600E+02
     23.222  0.0000E+00  0.1600E+02
     23.327  0.0000E+00  0.1600E+02
     23.432  0.0000E+00  0.1600E+02
     23.537  0.0000E+00  0.1600E+02
     23.642  0.0000E+00  0.1600E+02
     23.747  0.0000E+00  0.1600E+02
     23.74668314     -7.75725808  301      9.22961162      1.00000000
     -7.757  0.0000E+00  0.0000E+00  0.0000E+00  0.0000E+00  0.0000E+00  0.0000E+00  0.0000E+00  0.0000E+00  0.0000E+00
     -7.652  0.0000E+00  0.0000E+00  0.0000E+00  0.0000E+00  0.0000E+00  0.0000E+00  0.0000E+00  0.0000E+00  0.0000E+00
     -7.547  0.0000E+00  0.0000E+00  0.0000E+00  0.0000E+00  0.0000E+00  0.0000E+00  0.0000E+00  0.0000E+00  0.0000E+00
     -7.442  0.0000E+00  0.0000E+00  0.0000E+00  0.0000E+00  0.0000E+00  0.0000E+00  0.0000E+00  0.0000E+00  0.0000E+00
     -7.337  0.0000E+00  0.0000E+00  0.0000E+00  0.0000E+00  0.0000E+00  0.0000E+00  0.0000E+00  0.0000E+00  0.0000E+00
     -7.232  0.0000E+00  0.0000E+00  0.0000E+00  0.0000E+00  0.0000E+00  0.0000E+00  0.0000E+00  0.0000E+00  0.0000E+00
     -7.127  0.0000E+00  0.0000E+00  0.0000E+00  0.0000E+00  0.0000E+00  0.0000E+00  0.0000E+00  0.0000E+00  0.0000E+00
     -7.022  0.0000E+00  0.0000E+00  0.0000E+00  0.0000E+00  0.0000E+00  0.0000E+00  0.0000E+00  0.0000E+00  0.0000E+00
     -6.917  0.0000E+00  0.0000E+00  0.0000E+00  0.0000E+00  0.0000E+00  0.0000E+00  0.0000E+00  0.0000E+00  0.0000E+00
     -6.812  0.0000E+00  0.0000E+00  0.0000E+00  0.0000E+00  0.0000E+00  0.0000E+00  0.0000E+00  0.0000E+00  0.0000E+00
     -6.707  0.0000E+00  0.0000E+00  0.0000E+00  0.0000E+00  0.0000E+00  0.0000E+00  0.0000E+00  0.0000E+00  0.0000E+00
     -6.602  0.0000E+00  0.0000E+00  0.0000E+00  0.0000E+00  0.0000E+00  0.0000E+00  0.0000E+00  0.0000E+00  0.0000E+00
     -6.497  0.0000E+00  0.0000E+00  0.0000E+00  0.0000E+00  0.0000E+00  0.0000E+00  0.0000E+00  0.0000E+00  0.0000E+00
     -6.392  0.0000E+00  0.0000E+00  0.0000E+00  0.0000E+00  0.0000E+00  0.0000E+00  0.0000E+00  0.0000E+00  0.0000E+00
     -6.287  0.0000E+00  0.0000E+00  0.0000E+00  0.0000E+00  0.0000E+00  0.0000E+00  0.0000E+00  0.0000E+00  0.0000E+00
     -6.182  0.0000E+00  0.0000E+00  0.0000E+00  0.0000E+00  0.0000E+00  0.0000E+00  0.0000E+00  0.0000E+00  0.0000E+00
     -6.077  0.0000E+00  0.0000E+00  0.0000E+00  0.0000E+00  0.0000E+00  0.0000E+00  0.0000E+00  0.0000E+00  0.0000E+00
     -5.972  0.0000E+00  0.0000E+00  0.0000E+00  0.0000E+00  0.0000E+00  0.0000E+00  0.0000E+00  0.0000E+00  0.0000E+00
     -5.867  0.0000E+00  0.0000E+00  0.0000E+00  0.0000E+00  0.0000E+00  0.0000E+00  0.0000E+00  0.0000E+00  0.0000E+00
     -5.762  0.0000E+00  0.0000E+00  0.0000E+00  0.0000E+00  0.0000E+00  0.0000E+00  0.0000E+00  0.0000E+00  0.0000E+00
     -5.657  0.2210E-01  0.3798E-04  0.3798E-04  0.3798E-04  0.0000E+00  0.0000E+00  0.0000E+00  0.0000E+00  0.0000E+00
     -5.552  0.2475E-01  0.9735E-04  0.9735E-04  0.9735E-04  0.0000E+00  0.0000E+00  0.0000E+00  0.0000E+00  0.0000E+00
     -5.447  0.2961E-01  0.1759E-03  0.1759E-03  0.1759E-03  0.0000E+00  0.0000E+00  0.0000E+00  0.0000E+00  0.0000E+00
     -5.342  0.3449E-01  0.2711E-03  0.2711E-03  0.2711E-03  0.0000E+00  0.0000E+00  0.0000E+00  0.0000E+00  0.0000E+00
     -5.237  0.3881E-01  0.3777E-03  0.3777E-03  0.3777E-03  0.0000E+00  0.0000E+00  0.0000E+00  0.0000E+00  0.0000E+00
     -5.132  0.4233E-01  0.5003E-03  0.5003E-03  0.5003E-03  0.0000E+00  0.0000E+00  0.0000E+00  0.0000E+00  0.0000E+00
     -5.027  0.4617E-01  0.6255E-03  0.6255E-03  0.6255E-03  0.0000E+00  0.0000E+00  0.0000E+00  0.0000E+00  0.0000E+00
     -4.922  0.4907E-01  0.7695E-03  0.7695E-03  0.7695E-03  0.0000E+00  0.0000E+00  0.0000E+00  0.0000E+00  0.0000E+00
     -4.817  0.5238E-01  0.9132E-03  0.9132E-03  0.9132E-03  0.0000E+00  0.0000E+00  0.0000E+00  0.0000E+00  0.0000E+00
     -4.712  0.5503E-01  0.1074E-02  0.1074E-02  0.1074E-02  0.0000E+00  0.0000E+00  0.0000E+00  0.0000E+00  0.0000E+00
     -4.607  0.5792E-01  0.1236E-02  0.1236E-02  0.1236E-02  0.0000E+00  0.0000E+00  0.0000E+00  0.0000E+00  0.0000E+00
     -4.502  0.6057E-01  0.1409E-02  0.1409E-02  0.1409E-02  0.0000E+00  0.0000E+00  0.0000E+00  0.0000E+00  0.0000E+00
     -4.397  0.6314E-01  0.1589E-02  0.1589E-02  0.1589E-02  0.0000E+00  0.0000E+00  0.0000E+00  0.0000E+00  0.0000E+00
     -4.292  0.6588E-01  0.1770E-02  0.1770E-02  0.1770E-02  0.0000E+00  0.0000E+00  0.0000E+00  0.0000E+00  0.0000E+00
     -4.187  0.6821E-01  0.1968E-02  0.1968E-02  0.1968E-02  0.0000E+00  0.0000E+00  0.0000E+00  0.0000E+00  0.0000E+00
     -4.082  0.7071E-01  0.2166E-02  0.2166E-02  0.2166E-02  0.0000E+00  0.0000E+00  0.0000E+00  0.0000E+00  0.0000E+00
     -3.977  0.7329E-01  0.2368E-02  0.2368E-02  0.2368E-02  0.0000E+00  0.0000E+00  0.0000E+00  0.0000E+00  0.0000E+00
     -3.872  0.7563E-01  0.2585E-02  0.2585E-02  0.2585E-02  0.0000E+00  0.0000E+00  0.0000E+00  0.0000E+00  0.0000E+00
     -3.767  0.7815E-01  0.2802E-02  0.2802E-02  0.2802E-02  0.0000E+00  0.0000E+00  0.0000E+00  0.0000E+00  0.0000E+00
     -3.662  0.8079E-01  0.3022E-02  0.3022E-02  0.3022E-02  0.0000E+00  0.0000E+00  0.0000E+00  0.0000E+00  0.0000E+00
     -3.557  0.8327E-01  0.3260E-02  0.3260E-02  0.3260E-02  0.0000E+00  0.0000E+00  0.0000E+00  0.0000E+00  0.0000E+00
     -3.452  0.8596E-01  0.3499E-02  0.3499E-02  0.3499E-02  0.0000E+00  0.0000E+00  0.0000E+00  0.0000E+00  0.0000E+00
     -3.347  0.8885E-01  0.3739E-02  0.3739E-02  0.3739E-02  0.0000E+00  0.0000E+00  0.0000E+00  0.0000E+00  0.0000E+00
     -3.242  0.9173E-01  0.4000E-02  0.4000E-02  0.4000E-02  0.0000E+00  0.0000E+00  0.0000E+00  0.0000E+00  0.0000E+00
     -3.137  0.9489E-01  0.4267E-02  0.4267E-02  0.4267E-02  0.0000E+00  0.0000E+00  0.0000E+00  0.0000E+00  0.0000E+00
     -3.032  0.9840E-01  0.4538E-02  0.4538E-02  0.4538E-02  0.0000E+00  0.0000E+00  0.0000E+00  0.0000E+00  0.0000E+00
     -2.927  0.1023E+00  0.4827E-02  0.4827E-02  0.4827E-02  0.0000E+00  0.0000E+00  0.0000E+00  0.0000E+00  0.0000E+00
     -2.822  0.1067E+00  0.5144E-02  0.5144E-02  0.5144E-02  0.0000E+00  0.0000E+00  0.0000E+00  0.0000E+00  0.0000E+00
     -2.717  0.1121E+00  0.5483E-02  0.5483E-02  0.5483E-02  0.0000E+00  0.0000E+00  0.0000E+00  0.0000E+00  0.0000E+00
     -2.612  0.1192E+00  0.5862E-02  0.5862E-02  0.5862E-02  0.0000E+00  0.0000E+00  0.0000E+00  0.0000E+00  0.0000E+00
     -2.507  0.1301E+00  0.6376E-02  0.6376E-02  0.6376E-02  0.0000E+00  0.0000E+00  0.0000E+00  0.0000E+00  0.0000E+00
     -2.402  0.1508E+00  0.7178E-02  0.7178E-02  0.7178E-02  0.0000E+00  0.0000E+00  0.0000E+00  0.0000E+00  0.0000E+00
     -2.297  0.1477E+00  0.7306E-02  0.7306E-02  0.7306E-02  0.0000E+00  0.0000E+00  0.0000E+00  0.0000E+00  0.0000E+00
     -2.192  0.1383E+00  0.7204E-02  0.7204E-02  0.7204E-02  0.0000E+00  0.0000E+00  0.0000E+00  0.0000E+00  0.0000E+00
     -2.087  0.1355E+00  0.7331E-02  0.7331E-02  0.7331E-02  0.0000E+00  0.0000E+00  0.0000E+00  0.0000E+00  0.0000E+00
     -1.982  0.1301E+00  0.7320E-02  0.7320E-02  0.7320E-02  0.0000E+00  0.0000E+00  0.0000E+00  0.0000E+00  0.0000E+00
     -1.877  0.1248E+00  0.7294E-02  0.7294E-02  0.7294E-02  0.0000E+00  0.0000E+00  0.0000E+00  0.0000E+00  0.0000E+00
     -1.772  0.1212E+00  0.7340E-02  0.7340E-02  0.7340E-02  0.0000E+00  0.0000E+00  0.0000E+00  0.0000E+00  0.0000E+00
     -1.666  0.1157E+00  0.7274E-02  0.7274E-02  0.7274E-02  0.0000E+00  0.0000E+00  0.0000E+00  0.0000E+00  0.0000E+00
     -1.561  0.1112E+00  0.7226E-02  0.7226E-02  0.7226E-02  0.0000E+00  0.0000E+00  0.0000E+00  0.0000E+00  0.0000E+00
     -1.456  0.1062E+00  0.7153E-02  0.7153E-02  0.7153E-02  0.0000E+00  0.0000E+00  0.0000E+00  0.0000E+00  0.0000E+00
     -1.351  0.1019E+00  0.7085E-02  0.7085E-02  0.7085E-02  0.0000E+00  0.0000E+00  0.0000E+00  0.0000E+00  0.0000E+00
     -1.246  0.9654E-01  0.6947E-02  0.6947E-02  0.6947E-02  0.0000E+00  0.0000E+00  0.0000E+00  0.0000E+00  0.0000E+00
     -1.141  0.9213E-01  0.6834E-02  0.6834E-02  0.6834E-02  0.0000E+00  0.0000E+00  0.0000E+00  0.0000E+00  0.0000E+00
     -1.036  0.8746E-01  0.6696E-02  0.6696E-02  0.6696E-02  0.0000E+00  0.0000E+00  0.0000E+00  0.0000E+00  0.0000E+00
     -0.931  0.8215E-01  0.6503E-02  0.6503E-02  0.6503E-02  0.0000E+00  0.0000E+00  0.0000E+00  0.0000E+00  0.0000E+00
     -0.826  0.7748E-01  0.6316E-02  0.6316E-02  0.6316E-02  0.0000E+00  0.0000E+00  0.0000E+00  0.0000E+00  0.0000E+00
     -0.721  0.7209E-01  0.6084E-02  0.6084E-02  0.6084E-02  0.0000E+00  0.0000E+00  0.0000E+00  0.0000E+00  0.0000E+00
     -0.616  0.6715E-01  0.5854E-02  0.5854E-02  0.5854E-02  0.0000E+00  0.0000E+00  0.0000E+00  0.0000E+00  0.0000E+00
     -0.511  0.6260E-01  0.5655E-02  0.5655E-02  0.5655E-02  0.0000E+00  0.0000E+00  0.0000E+00  0.0000E+00  0.0000E+00
     -0.406  0.5973E-01  0.5685E-02  0.5685E-02  0.5685E-02  0.0000E+00  0.0000E+00  0.0000E+00  0.0000E+00  0.0000E+00
     -0.301  0.4418E-01  0.4366E-02  0.4366E-02  0.4366E-02  0.0000E+00  0.0000E+00  0.0000E+00  0.0000E+00  0.0000E+00
     -0.196  0.2390E-01  0.2350E-02  0.2350E-02  0.2350E-02  0.0000E+00  0.0000E+00  0.0000E+00  0.0000E+00  0.0000E+00
     -0.091  0.1163E-01  0.1208E-02  0.1208E-02  0.1208E-02  0.0000E+00  0.0000E+00  0.0000E+00  0.0000E+00  0.0000E+00
      0.014  0.1097E-01  0.1311E-02  0.1311E-02  0.1311E-02  0.0000E+00  0.0000E+00  0.0000E+00  0.0000E+00  0.0000E+00
      0.119  0.1635E-01  0.2095E-02  0.2095E-02  0.2095E-02  0.0000E+00  0.0000E+00  0.0000E+00  0.0000E+00  0.0000E+00
      0.224  0.3357E-01  0.7494E-02  0.7494E-02  0.7494E-02  0.0000E+00  0.0000E+00  0.0000E+00  0.0000E+00  0.0000E+00
      0.329  0.5387E-01  0.1349E-01  0.1349E-01  0.1349E-01  0.0000E+00  0.0000E+00  0.0000E+00  0.0000E+00  0.0000E+00
      0.434  0.6717E-01  0.1668E-01  0.1668E-01  0.1668E-01  0.0000E+00  0.0000E+00  0.0000E+00  0.0000E+00  0.0000E+00
      0.539  0.8209E-01  0.2048E-01  0.2048E-01  0.2048E-01  0.0000E+00  0.0000E+00  0.0000E+00  0.0000E+00  0.0000E+00
      0.644  0.1010E+00  0.2504E-01  0.2504E-01  0.2504E-01  0.0000E+00  0.0000E+00  0.0000E+00  0.0000E+00  0.0000E+00
      0.749  0.1306E+00  0.3219E-01  0.3219E-01  0.3219E-01  0.0000E+00  0.0000E+00  0.0000E+00  0.0000E+00  0.0000E+00
      0.854  0.2077E+00  0.4992E-01  0.4992E-01  0.4992E-01  0.0000E+00  0.0000E+00  0.0000E+00  0.0000E+00  0.0000E+00
      0.959  0.1404E+00  0.3420E-01  0.3420E-01  0.3420E-01  0.0000E+00  0.0000E+00  0.0000E+00  0.0000E+00  0.0000E+00
      1.064  0.1128E+00  0.2787E-01  0.2787E-01  0.2787E-01  0.0000E+00  0.0000E+00  0.0000E+00  0.0000E+00  0.0000E+00
      1.169  0.9986E-01  0.2498E-01  0.2498E-01  0.2498E-01  0.0000E+00  0.0000E+00  0.0000E+00  0.0000E+00  0.0000E+00
      1.274  0.8913E-01  0.2275E-01  0.2275E-01  0.2275E-01  0.0000E+00  0.0000E+00  0.0000E+00  0.0000E+00  0.0000E+00
      1.379  0.8256E-01  0.2137E-01  0.2137E-01  0.2137E-01  0.0000E+00  0.0000E+00  0.0000E+00  0.0000E+00  0.0000E+00
      1.484  0.7677E-01  0.2021E-01  0.2021E-01  0.2021E-01  0.0000E+00  0.0000E+00  0.0000E+00  0.0000E+00  0.0000E+00
      1.589  0.7027E-01  0.1895E-01  0.1895E-01  0.1895E-01  0.0000E+00  0.0000E+00  0.0000E+00  0.0000E+00  0.0000E+00
      1.694  0.6651E-01  0.1823E-01  0.1823E-01  0.1823E-01  0.0000E+00  0.0000E+00  0.0000E+00  0.0000E+00  0.0000E+00
      1.799  0.6265E-01  0.1751E-01  0.1751E-01  0.1751E-01  0.0000E+00  0.0000E+00  0.0000E+00  0.0000E+00  0.0000E+00
      1.904  0.5792E-01  0.1661E-01  0.1661E-01  0.1661E-01  0.0000E+00  0.0000E+00  0.0000E+00  0.0000E+00  0.0000E+00
      2.009  0.5499E-01  0.1607E-01  0.1607E-01  0.1607E-01  0.0000E+00  0.0000E+00  0.0000E+00  0.0000E+00  0.0000E+00
      2.114  0.5225E-01  0.1559E-01  0.1559E-01  0.1559E-01  0.0000E+00  0.0000E+00  0.0000E+00  0.0000E+00  0.0000E+00
      2.219  0.4902E-01  0.1499E-01  0.1499E-01  0.1499E-01  0.0000E+00  0.0000E+00  0.0000E+00  0.0000E+00  0.0000E+00
      2.324  0.4582E-01  0.1436E-01  0.1436E-01  0.1436E-01  0.0000E+00  0.0000E+00  0.0000E+00  0.0000E+00  0.0000E+00
      2.429  0.4384E-01  0.1402E-01  0.1402E-01  0.1402E-01  0.0000E+00  0.0000E+00  0.0000E+00  0.0000E+00  0.0000E+00
      2.534  0.4162E-01  0.1362E-01  0.1362E-01  0.1362E-01  0.0000E+00  0.0000E+00  0.0000E+00  0.0000E+00  0.0000E+00
      2.639  0.3869E-01  0.1302E-01  0.1302E-01  0.1302E-01  0.0000E+00  0.0000E+00  0.0000E+00  0.0000E+00  0.0000E+00
      2.744  0.3667E-01  0.1263E-01  0.1263E-01  0.1263E-01  0.0000E+00  0.0000E+00  0.0000E+00  0.0000E+00  0.0000E+00
      2.849  0.3512E-01  0.1236E-01  0.1236E-01  0.1236E-01  0.0000E+00  0.0000E+00  0.0000E+00  0.0000E+00  0.0000E+00
      2.954  0.3430E-01  0.2019E-01  0.2019E-01  0.2019E-01  0.0000E+00  0.0000E+00  0.0000E+00  0.0000E+00  0.0000E+00
      3.059  0.3344E-01  0.2725E-01  0.2725E-01  0.2725E-01  0.0000E+00  0.0000E+00  0.0000E+00  0.0000E+00  0.0000E+00
      3.164  0.3368E-01  0.3341E-01  0.3341E-01  0.3341E-01  0.0000E+00  0.0000E+00  0.0000E+00  0.0000E+00  0.0000E+00
      3.269  0.3488E-01  0.4105E-01  0.4105E-01  0.4105E-01  0.0000E+00  0.0000E+00  0.0000E+00  0.0000E+00  0.0000E+00
      3.374  0.3676E-01  0.5017E-01  0.5017E-01  0.5017E-01  0.0000E+00  0.0000E+00  0.0000E+00  0.0000E+00  0.0000E+00
      3.479  0.3614E-01  0.4716E-01  0.4716E-01  0.4716E-01  0.0000E+00  0.0000E+00  0.0000E+00  0.0000E+00  0.0000E+00
      3.584  0.3576E-01  0.4530E-01  0.4530E-01  0.4530E-01  0.0000E+00  0.0000E+00  0.0000E+00  0.0000E+00  0.0000E+00
      3.689  0.3576E-01  0.4355E-01  0.4355E-01  0.4355E-01  0.0000E+00  0.0000E+00  0.0000E+00  0.0000E+00  0.0000E+00
      3.794  0.3566E-01  0.4434E-01  0.4434E-01  0.4434E-01  0.0000E+00  0.0000E+00  0.0000E+00  0.0000E+00  0.0000E+00
      3.899  0.3493E-01  0.4358E-01  0.4358E-01  0.4358E-01  0.0000E+00  0.0000E+00  0.0000E+00  0.0000E+00  0.0000E+00
      4.004  0.3386E-01  0.4425E-01  0.4425E-01  0.4425E-01  0.0000E+00  0.0000E+00  0.0000E+00  0.0000E+00  0.0000E+00
      4.109  0.3380E-01  0.4651E-01  0.4651E-01  0.4651E-01  0.0000E+00  0.0000E+00  0.0000E+00  0.0000E+00  0.0000E+00
      4.214  0.3320E-01  0.4656E-01  0.4656E-01  0.4656E-01  0.0000E+00  0.0000E+00  0.0000E+00  0.0000E+00  0.0000E+00
      4.319  0.3253E-01  0.4776E-01  0.4776E-01  0.4776E-01  0.0000E+00  0.0000E+00  0.0000E+00  0.0000E+00  0.0000E+00
      4.424  0.3161E-01  0.4905E-01  0.4905E-01  0.4905E-01  0.0000E+00  0.0000E+00  0.0000E+00  0.0000E+00  0.0000E+00
      4.529  0.3085E-01  0.5148E-01  0.5148E-01  0.5148E-01  0.0000E+00  0.0000E+00  0.0000E+00  0.0000E+00  0.0000E+00
      4.634  0.3024E-01  0.5262E-01  0.5262E-01  0.5262E-01  0.0000E+00  0.0000E+00  0.0000E+00  0.0000E+00  0.0000E+00
      4.739  0.2954E-01  0.5479E-01  0.5479E-01  0.5479E-01  0.0000E+00  0.0000E+00  0.0000E+00  0.0000E+00  0.0000E+00
      4.844  0.2884E-01  0.5823E-01  0.5823E-01  0.5823E-01  0.0000E+00  0.0000E+00  0.0000E+00  0.0000E+00  0.0000E+00
      4.949  0.2766E-01  0.6119E-01  0.6119E-01  0.6119E-01  0.0000E+00  0.0000E+00  0.0000E+00  0.0000E+00  0.0000E+00
      5.054  0.2676E-01  0.6372E-01  0.6372E-01  0.6372E-01  0.0000E+00  0.0000E+00  0.0000E+00  0.0000E+00  0.0000E+00
      5.159  0.2608E-01  0.7385E-01  0.7385E-01  0.7385E-01  0.0000E+00  0.0000E+00  0.0000E+00  0.0000E+00  0.0000E+00
      5.264  0.2519E-01  0.8102E-01  0.8102E-01  0.8102E-01  0.0000E+00  0.0000E+00  0.0000E+00  0.0000E+00  0.0000E+00
      5.369  0.2412E-01  0.8008E-01  0.8008E-01  0.8008E-01  0.0000E+00  0.0000E+00  0.0000E+00  0.0000E+00  0.0000E+00
      5.474  0.2274E-01  0.7925E-01  0.7925E-01  0.7925E-01  0.0000E+00  0.0000E+00  0.0000E+00  0.0000E+00  0.0000E+00
      5.579  0.2184E-01  0.7855E-01  0.7855E-01  0.7855E-01  0.0000E+00  0.0000E+00  0.0000E+00  0.0000E+00  0.0000E+00
      5.684  0.2099E-01  0.7769E-01  0.7769E-01  0.7769E-01  0.0000E+00  0.0000E+00  0.0000E+00  0.0000E+00  0.0000E+00
      5.789  0.2007E-01  0.7706E-01  0.7706E-01  0.7706E-01  0.0000E+00  0.0000E+00  0.0000E+00  0.0000E+00  0.0000E+00
      5.894  0.1910E-01  0.7639E-01  0.7639E-01  0.7639E-01  0.0000E+00  0.0000E+00  0.0000E+00  0.0000E+00  0.0000E+00
      5.999  0.1795E-01  0.7511E-01  0.7511E-01  0.7511E-01  0.0000E+00  0.0000E+00  0.0000E+00  0.0000E+00  0.0000E+00
      6.104  0.1708E-01  0.7440E-01  0.7440E-01  0.7440E-01  0.0000E+00  0.0000E+00  0.0000E+00  0.0000E+00  0.0000E+00
      6.209  0.1627E-01  0.7424E-01  0.7424E-01  0.7424E-01  0.0000E+00  0.0000E+00  0.0000E+00  0.0000E+00  0.0000E+00
      6.315  0.1543E-01  0.7303E-01  0.7303E-01  0.7303E-01  0.0000E+00  0.0000E+00  0.0000E+00  0.0000E+00  0.0000E+00
      6.420  0.1448E-01  0.7231E-01  0.7231E-01  0.7231E-01  0.0000E+00  0.0000E+00  0.0000E+00  0.0000E+00  0.0000E+00
      6.525  0.1349E-01  0.7224E-01  0.7224E-01  0.7224E-01  0.0000E+00  0.0000E+00  0.0000E+00  0.0000E+00  0.0000E+00
      6.630  0.1249E-01  0.7128E-01  0.7128E-01  0.7128E-01  0.0000E+00  0.0000E+00  0.0000E+00  0.0000E+00  0.0000E+00
      6.735  0.1166E-01  0.7072E-01  0.7072E-01  0.7072E-01  0.0000E+00  0.0000E+00  0.0000E+00  0.0000E+00  0.0000E+00
      6.840  0.1095E-01  0.6997E-01  0.6997E-01  0.6997E-01  0.0000E+00  0.0000E+00  0.0000E+00  0.0000E+00  0.0000E+00
      6.945  0.1027E-01  0.6975E-01  0.6975E-01  0.6975E-01  0.0000E+00  0.0000E+00  0.0000E+00  0.0000E+00  0.0000E+00
      7.050  0.9442E-02  0.6888E-01  0.6888E-01  0.6888E-01  0.0000E+00  0.0000E+00  0.0000E+00  0.0000E+00  0.0000E+00
      7.155  0.8529E-02  0.6809E-01  0.6809E-01  0.6809E-01  0.0000E+00  0.0000E+00  0.0000E+00  0.0000E+00  0.0000E+00
      7.260  0.7879E-02  0.6747E-01  0.6747E-01  0.6747E-01  0.0000E+00  0.0000E+00  0.0000E+00  0.0000E+00  0.0000E+00
      7.365  0.7276E-02  0.6678E-01  0.6678E-01  0.6678E-01  0.0000E+00  0.0000E+00  0.0000E+00  0.0000E+00  0.0000E+00
      7.470  0.6645E-02  0.6717E-01  0.6717E-01  0.6717E-01  0.0000E+00  0.0000E+00  0.0000E+00  0.0000E+00  0.0000E+00
      7.575  0.5917E-02  0.6288E-01  0.6288E-01  0.6288E-01  0.0000E+00  0.0000E+00  0.0000E+00  0.0000E+00  0.0000E+00
      7.680  0.5196E-02  0.4950E-01  0.4950E-01  0.4950E-01  0.0000E+00  0.0000E+00  0.0000E+00  0.0000E+00  0.0000E+00
      7.785  0.4650E-02  0.4398E-01  0.4398E-01  0.4398E-01  0.0000E+00  0.0000E+00  0.0000E+00  0.0000E+00  0.0000E+00
      7.890  0.4149E-02  0.3946E-01  0.3946E-01  0.3946E-01  0.0000E+00  0.0000E+00  0.0000E+00  0.0000E+00  0.0000E+00
      7.995  0.3648E-02  0.3561E-01  0.3561E-01  0.3561E-01  0.0000E+00  0.0000E+00  0.0000E+00  0.0000E+00  0.0000E+00
      8.100  0.3111E-02  0.3198E-01  0.3198E-01  0.3198E-01  0.0000E+00  0.0000E+00  0.0000E+00  0.0000E+00  0.0000E+00
      8.205  0.2659E-02  0.2909E-01  0.2909E-01  0.2909E-01  0.0000E+00  0.0000E+00  0.0000E+00  0.0000E+00  0.0000E+00
      8.310  0.2287E-02  0.2617E-01  0.2617E-01  0.2617E-01  0.0000E+00  0.0000E+00  0.0000E+00  0.0000E+00  0.0000E+00
      8.415  0.1925E-02  0.2345E-01  0.2345E-01  0.2345E-01  0.0000E+00  0.0000E+00  0.0000E+00  0.0000E+00  0.0000E+00
      8.520  0.1565E-02  0.2087E-01  0.2087E-01  0.2087E-01  0.0000E+00  0.0000E+00  0.0000E+00  0.0000E+00  0.0000E+00
      8.625  0.1145E-02  0.1853E-01  0.1853E-01  0.1853E-01  0.0000E+00  0.0000E+00  0.0000E+00  0.0000E+00  0.0000E+00
      8.730  0.8702E-03  0.1576E-01  0.1576E-01  0.1576E-01  0.0000E+00  0.0000E+00  0.0000E+00  0.0000E+00  0.0000E+00
      8.835  0.5845E-03  0.1332E-01  0.1332E-01  0.1332E-01  0.0000E+00  0.0000E+00  0.0000E+00  0.0000E+00  0.0000E+00
      8.940  0.3201E-03  0.1052E-01  0.1052E-01  0.1052E-01  0.0000E+00  0.0000E+00  0.0000E+00  0.0000E+00  0.0000E+00
      9.045  0.1142E-03  0.5607E-02  0.5607E-02  0.5607E-02  0.0000E+00  0.0000E+00  0.0000E+00  0.0000E+00  0.0000E+00
      9.150  0.0000E+00  0.0000E+00  0.0000E+00  0.0000E+00  0.0000E+00  0.0000E+00  0.0000E+00  0.0000E+00  0.0000E+00
      9.255  0.9353E-03  0.1394E-03  0.1394E-03  0.1394E-03  0.0000E+00  0.0000E+00  0.0000E+00  0.0000E+00  0.0000E+00
      9.360  0.6478E-02  0.1051E-02  0.1051E-02  0.1051E-02  0.0000E+00  0.0000E+00  0.0000E+00  0.0000E+00  0.0000E+00
      9.465  0.1069E-01  0.1865E-02  0.1865E-02  0.1865E-02  0.0000E+00  0.0000E+00  0.0000E+00  0.0000E+00  0.0000E+00
      9.570  0.1291E-01  0.2487E-02  0.2487E-02  0.2487E-02  0.0000E+00  0.0000E+00  0.0000E+00  0.0000E+00  0.0000E+00
      9.675  0.1465E-01  0.3104E-02  0.3104E-02  0.3104E-02  0.0000E+00  0.0000E+00  0.0000E+00  0.0000E+00  0.0000E+00
      9.780  0.1654E-01  0.3778E-02  0.3778E-02  0.3778E-02  0.0000E+00  0.0000E+00  0.0000E+00  0.0000E+00  0.0000E+00
      9.885  0.1825E-01  0.4508E-02  0.4508E-02  0.4508E-02  0.0000E+00  0.0000E+00  0.0000E+00  0.0000E+00  0.0000E+00
      9.990  0.1998E-01  0.5330E-02  0.5330E-02  0.5330E-02  0.0000E+00  0.0000E+00  0.0000E+00  0.0000E+00  0.0000E+00
     10.095  0.2069E-01  0.5973E-02  0.5973E-02  0.5973E-02  0.0000E+00  0.0000E+00  0.0000E+00  0.0000E+00  0.0000E+00
     10.200  0.2168E-01  0.6702E-02  0.6702E-02  0.6702E-02  0.0000E+00  0.0000E+00  0.0000E+00  0.0000E+00  0.0000E+00
     10.305  0.2277E-01  0.7485E-02  0.7485E-02  0.7485E-02  0.0000E+00  0.0000E+00  0.0000E+00  0.0000E+00  0.0000E+00
     10.410  0.2363E-01  0.8327E-02  0.8327E-02  0.8327E-02  0.0000E+00  0.0000E+00  0.0000E+00  0.0000E+00  0.0000E+00
     10.515  0.2465E-01  0.9200E-02  0.9200E-02  0.9200E-02  0.0000E+00  0.0000E+00  0.0000E+00  0.0000E+00  0.0000E+00
     10.620  0.2572E-01  0.1022E-01  0.1022E-01  0.1022E-01  0.0000E+00  0.0000E+00  0.0000E+00  0.0000E+00  0.0000E+00
     10.725  0.2614E-01  0.1115E-01  0.1115E-01  0.1115E-01  0.0000E+00  0.0000E+00  0.0000E+00  0.0000E+00  0.0000E+00
     10.830  0.2670E-01  0.1207E-01  0.1207E-01  0.1207E-01  0.0000E+00  0.0000E+00  0.0000E+00  0.0000E+00  0.0000E+00
     10.935  0.2737E-01  0.1305E-01  0.1305E-01  0.1305E-01  0.0000E+00  0.0000E+00  0.0000E+00  0.0000E+00  0.0000E+00
     11.040  0.2780E-01  0.1417E-01  0.1417E-01  0.1417E-01  0.0000E+00  0.0000E+00  0.0000E+00  0.0000E+00  0.0000E+00
     11.145  0.2840E-01  0.1534E-01  0.1534E-01  0.1534E-01  0.0000E+00  0.0000E+00  0.0000E+00  0.0000E+00  0.0000E+00
     11.250  0.2902E-01  0.1653E-01  0.1653E-01  0.1653E-01  0.0000E+00  0.0000E+00  0.0000E+00  0.0000E+00  0.0000E+00
     11.355  0.2944E-01  0.1790E-01  0.1790E-01  0.1790E-01  0.0000E+00  0.0000E+00  0.0000E+00  0.0000E+00  0.0000E+00
     11.460  0.2999E-01  0.1954E-01  0.1954E-01  0.1954E-01  0.0000E+00  0.0000E+00  0.0000E+00  0.0000E+00  0.0000E+00
     11.565  0.3030E-01  0.2098E-01  0.2098E-01  0.2098E-01  0.0000E+00  0.0000E+00  0.0000E+00  0.0000E+00  0.0000E+00
     11.670  0.3070E-01  0.2269E-01  0.2269E-01  0.2269E-01  0.0000E+00  0.0000E+00  0.0000E+00  0.0000E+00  0.0000E+00
     11.775  0.3105E-01  0.2485E-01  0.2485E-01  0.2485E-01  0.0000E+00  0.0000E+00  0.0000E+00  0.0000E+00  0.0000E+00
     11.880  0.3167E-01  0.2745E-01  0.2745E-01  0.2745E-01  0.0000E+00  0.0000E+00  0.0000E+00  0.0000E+00  0.0000E+00
     11.985  0.3307E-01  0.3227E-01  0.3227E-01  0.3227E-01  0.0000E+00  0.0000E+00  0.0000E+00  0.0000E+00  0.0000E+00
     12.090  0.3775E-01  0.3695E-01  0.3695E-01  0.3695E-01  0.0000E+00  0.0000E+00  0.0000E+00  0.0000E+00  0.0000E+00
     12.195  0.6041E-01  0.3725E-01  0.3725E-01  0.3725E-01  0.0000E+00  0.0000E+00  0.0000E+00  0.0000E+00  0.0000E+00
     12.300  0.5237E-01  0.3722E-01  0.3722E-01  0.3722E-01  0.0000E+00  0.0000E+00  0.0000E+00  0.0000E+00  0.0000E+00
     12.405  0.4768E-01  0.3867E-01  0.3867E-01  0.3867E-01  0.0000E+00  0.0000E+00  0.0000E+00  0.0000E+00  0.0000E+00
     12.510  0.4747E-01  0.4009E-01  0.4009E-01  0.4009E-01  0.0000E+00  0.0000E+00  0.0000E+00  0.0000E+00  0.0000E+00
     12.615  0.4067E-01  0.3714E-01  0.3714E-01  0.3714E-01  0.0000E+00  0.0000E+00  0.0000E+00  0.0000E+00  0.0000E+00
     12.720  0.3866E-01  0.3653E-01  0.3653E-01  0.3653E-01  0.0000E+00  0.0000E+00  0.0000E+00  0.0000E+00  0.0000E+00
     12.825  0.4201E-01  0.3839E-01  0.3839E-01  0.3839E-01  0.0000E+00  0.0000E+00  0.0000E+00  0.0000E+00  0.0000E+00
     12.930  0.3998E-01  0.3831E-01  0.3831E-01  0.3831E-01  0.0000E+00  0.0000E+00  0.0000E+00  0.0000E+00  0.0000E+00
     13.035  0.4178E-01  0.3818E-01  0.3818E-01  0.3818E-01  0.0000E+00  0.0000E+00  0.0000E+00  0.0000E+00  0.0000E+00
     13.140  0.4887E-01  0.4710E-01  0.4710E-01  0.4710E-01  0.0000E+00  0.0000E+00  0.0000E+00  0.0000E+00  0.0000E+00
     13.245  0.4550E-01  0.4847E-01  0.4847E-01  0.4847E-01  0.0000E+00  0.0000E+00  0.0000E+00  0.0000E+00  0.0000E+00
     13.350  0.3991E-01  0.4590E-01  0.4590E-01  0.4590E-01  0.0000E+00  0.0000E+00  0.0000E+00  0.0000E+00  0.0000E+00
     13.455  0.3551E-01  0.4304E-01  0.4304E-01  0.4304E-01  0.0000E+00  0.0000E+00  0.0000E+00  0.0000E+00  0.0000E+00
     13.560  0.3427E-01  0.4162E-01  0.4162E-01  0.4162E-01  0.0000E+00  0.0000E+00  0.0000E+00  0.0000E+00  0.0000E+00
     13.665  0.2960E-01  0.3827E-01  0.3827E-01  0.3827E-01  0.0000E+00  0.0000E+00  0.0000E+00  0.0000E+00  0.0000E+00
     13.770  0.2781E-01  0.3775E-01  0.3775E-01  0.3775E-01  0.0000E+00  0.0000E+00  0.0000E+00  0.0000E+00  0.0000E+00
     13.875  0.2339E-01  0.3373E-01  0.3373E-01  0.3373E-01  0.0000E+00  0.0000E+00  0.0000E+00  0.0000E+00  0.0000E+00
     13.980  0.1966E-01  0.2923E-01  0.2923E-01  0.2923E-01  0.0000E+00  0.0000E+00  0.0000E+00  0.0000E+00  0.0000E+00
     14.085  0.1699E-01  0.2548E-01  0.2548E-01  0.2548E-01  0.0000E+00  0.0000E+00  0.0000E+00  0.0000E+00  0.0000E+00
     14.190  0.1647E-01  0.2413E-01  0.2413E-01  0.2413E-01  0.0000E+00  0.0000E+00  0.0000E+00  0.0000E+00  0.0000E+00
     14.296  0.2363E-01  0.2645E-01  0.2645E-01  0.2645E-01  0.0000E+00  0.0000E+00  0.0000E+00  0.0000E+00  0.0000E+00
     14.401  0.2601E-01  0.2643E-01  0.2643E-01  0.2643E-01  0.0000E+00  0.0000E+00  0.0000E+00  0.0000E+00  0.0000E+00
     14.506  0.2697E-01  0.2778E-01  0.2778E-01  0.2778E-01  0.0000E+00  0.0000E+00  0.0000E+00  0.0000E+00  0.0000E+00
     14.611  0.2764E-01  0.2945E-01  0.2945E-01  0.2945E-01  0.0000E+00  0.0000E+00  0.0000E+00  0.0000E+00  0.0000E+00
     14.716  0.2606E-01  0.2898E-01  0.2898E-01  0.2898E-01  0.0000E+00  0.0000E+00  0.0000E+00  0.0000E+00  0.0000E+00
     14.821  0.2514E-01  0.2744E-01  0.2744E-01  0.2744E-01  0.0000E+00  0.0000E+00  0.0000E+00  0.0000E+00  0.0000E+00
     14.926  0.2659E-01  0.2769E-01  0.2769E-01  0.2769E-01  0.0000E+00  0.0000E+00  0.0000E+00  0.0000E+00  0.0000E+00
     15.031  0.2550E-01  0.2676E-01  0.2676E-01  0.2676E-01  0.0000E+00  0.0000E+00  0.0000E+00  0.0000E+00  0.0000E+00
     15.136  0.2502E-01  0.2653E-01  0.2653E-01  0.2653E-01  0.0000E+00  0.0000E+00  0.0000E+00  0.0000E+00  0.0000E+00
     15.241  0.2527E-01  0.2744E-01  0.2744E-01  0.2744E-01  0.0000E+00  0.0000E+00  0.0000E+00  0.0000E+00  0.0000E+00
     15.346  0.2621E-01  0.2778E-01  0.2778E-01  0.2778E-01  0.0000E+00  0.0000E+00  0.0000E+00  0.0000E+00  0.0000E+00
     15.451  0.2423E-01  0.2705E-01  0.2705E-01  0.2705E-01  0.0000E+00  0.0000E+00  0.0000E+00  0.0000E+00  0.0000E+00
     15.556  0.2212E-01  0.2618E-01  0.2618E-01  0.2618E-01  0.0000E+00  0.0000E+00  0.0000E+00  0.0000E+00  0.0000E+00
     15.661  0.2118E-01  0.2611E-01  0.2611E-01  0.2611E-01  0.0000E+00  0.0000E+00  0.0000E+00  0.0000E+00  0.0000E+00
     15.766  0.1983E-01  0.2542E-01  0.2542E-01  0.2542E-01  0.0000E+00  0.0000E+00  0.0000E+00  0.0000E+00  0.0000E+00
     15.871  0.1907E-01  0.2518E-01  0.2518E-01  0.2518E-01  0.0000E+00  0.0000E+00  0.0000E+00  0.0000E+00  0.0000E+00
     15.976  0.1911E-01  0.2531E-01  0.2531E-01  0.2531E-01  0.0000E+00  0.0000E+00  0.0000E+00  0.0000E+00  0.0000E+00
     16.081  0.1839E-01  0.2541E-01  0.2541E-01  0.2541E-01  0.0000E+00  0.0000E+00  0.0000E+00  0.0000E+00  0.0000E+00
     16.186  0.1665E-01  0.2442E-01  0.2442E-01  0.2442E-01  0.0000E+00  0.0000E+00  0.0000E+00  0.0000E+00  0.0000E+00
     16.291  0.1563E-01  0.2343E-01  0.2343E-01  0.2343E-01  0.0000E+00  0.0000E+00  0.0000E+00  0.0000E+00  0.0000E+00
     16.396  0.1483E-01  0.2097E-01  0.2097E-01  0.2097E-01  0.0000E+00  0.0000E+00  0.0000E+00  0.0000E+00  0.0000E+00
     16.501  0.1485E-01  0.2095E-01  0.2095E-01  0.2095E-01  0.0000E+00  0.0000E+00  0.0000E+00  0.0000E+00  0.0000E+00
     16.606  0.1493E-01  0.2083E-01  0.2083E-01  0.2083E-01  0.0000E+00  0.0000E+00  0.0000E+00  0.0000E+00  0.0000E+00
     16.711  0.1518E-01  0.2123E-01  0.2123E-01  0.2123E-01  0.0000E+00  0.0000E+00  0.0000E+00  0.0000E+00  0.0000E+00
     16.816  0.1567E-01  0.2213E-01  0.2213E-01  0.2213E-01  0.0000E+00  0.0000E+00  0.0000E+00  0.0000E+00  0.0000E+00
     16.921  0.1613E-01  0.2258E-01  0.2258E-01  0.2258E-01  0.0000E+00  0.0000E+00  0.0000E+00  0.0000E+00  0.0000E+00
     17.026  0.1953E-01  0.2277E-01  0.2277E-01  0.2277E-01  0.0000E+00  0.0000E+00  0.0000E+00  0.0000E+00  0.0000E+00
     17.131  0.1553E-01  0.2441E-01  0.2441E-01  0.2441E-01  0.0000E+00  0.0000E+00  0.0000E+00  0.0000E+00  0.0000E+00
     17.236  0.1525E-01  0.2365E-01  0.2365E-01  0.2365E-01  0.0000E+00  0.0000E+00  0.0000E+00  0.0000E+00  0.0000E+00
     17.341  0.1538E-01  0.2365E-01  0.2365E-01  0.2365E-01  0.0000E+00  0.0000E+00  0.0000E+00  0.0000E+00  0.0000E+00
     17.446  0.1546E-01  0.2352E-01  0.2352E-01  0.2352E-01  0.0000E+00  0.0000E+00  0.0000E+00  0.0000E+00  0.0000E+00
     17.551  0.1540E-01  0.2360E-01  0.2360E-01  0.2360E-01  0.0000E+00  0.0000E+00  0.0000E+00  0.0000E+00  0.0000E+00
     17.656  0.1541E-01  0.2393E-01  0.2393E-01  0.2393E-01  0.0000E+00  0.0000E+00  0.0000E+00  0.0000E+00  0.0000E+00
     17.761  0.1680E-01  0.2543E-01  0.2543E-01  0.2543E-01  0.0000E+00  0.0000E+00  0.0000E+00  0.0000E+00  0.0000E+00
     17.866  0.1374E-01  0.2203E-01  0.2203E-01  0.2203E-01  0.0000E+00  0.0000E+00  0.0000E+00  0.0000E+00  0.0000E+00
     17.971  0.1085E-01  0.1910E-01  0.1910E-01  0.1910E-01  0.0000E+00  0.0000E+00  0.0000E+00  0.0000E+00  0.0000E+00
     18.076  0.1033E-01  0.1934E-01  0.1934E-01  0.1934E-01  0.0000E+00  0.0000E+00  0.0000E+00  0.0000E+00  0.0000E+00
     18.181  0.8996E-02  0.1743E-01  0.1743E-01  0.1743E-01  0.0000E+00  0.0000E+00  0.0000E+00  0.0000E+00  0.0000E+00
     18.286  0.7689E-02  0.1585E-01  0.1585E-01  0.1585E-01  0.0000E+00  0.0000E+00  0.0000E+00  0.0000E+00  0.0000E+00
     18.391  0.6970E-02  0.1522E-01  0.1522E-01  0.1522E-01  0.0000E+00  0.0000E+00  0.0000E+00  0.0000E+00  0.0000E+00
     18.496  0.5685E-02  0.1365E-01  0.1365E-01  0.1365E-01  0.0000E+00  0.0000E+00  0.0000E+00  0.0000E+00  0.0000E+00
     18.601  0.4743E-02  0.1213E-01  0.1213E-01  0.1213E-01  0.0000E+00  0.0000E+00  0.0000E+00  0.0000E+00  0.0000E+00
     18.706  0.4171E-02  0.1110E-01  0.1110E-01  0.1110E-01  0.0000E+00  0.0000E+00  0.0000E+00  0.0000E+00  0.0000E+00
     18.811  0.3637E-02  0.9464E-02  0.9464E-02  0.9464E-02  0.0000E+00  0.0000E+00  0.0000E+00  0.0000E+00  0.0000E+00
     18.916  0.3246E-02  0.8202E-02  0.8202E-02  0.8202E-02  0.0000E+00  0.0000E+00  0.0000E+00  0.0000E+00  0.0000E+00
     19.021  0.2931E-02  0.7331E-02  0.7331E-02  0.7331E-02  0.0000E+00  0.0000E+00  0.0000E+00  0.0000E+00  0.0000E+00
     19.126  0.2548E-02  0.6680E-02  0.6680E-02  0.6680E-02  0.0000E+00  0.0000E+00  0.0000E+00  0.0000E+00  0.0000E+00
     19.231  0.2219E-02  0.6074E-02  0.6074E-02  0.6074E-02  0.0000E+00  0.0000E+00  0.0000E+00  0.0000E+00  0.0000E+00
     19.336  0.1956E-02  0.5553E-02  0.5553E-02  0.5553E-02  0.0000E+00  0.0000E+00  0.0000E+00  0.0000E+00  0.0000E+00
     19.441  0.1747E-02  0.5112E-02  0.5112E-02  0.5112E-02  0.0000E+00  0.0000E+00  0.0000E+00  0.0000E+00  0.0000E+00
     19.546  0.1543E-02  0.4624E-02  0.4624E-02  0.4624E-02  0.0000E+00  0.0000E+00  0.0000E+00  0.0000E+00  0.0000E+00
     19.651  0.1392E-02  0.4267E-02  0.4267E-02  0.4267E-02  0.0000E+00  0.0000E+00  0.0000E+00  0.0000E+00  0.0000E+00
     19.756  0.1249E-02  0.3935E-02  0.3935E-02  0.3935E-02  0.0000E+00  0.0000E+00  0.0000E+00  0.0000E+00  0.0000E+00
     19.861  0.1128E-02  0.3662E-02  0.3662E-02  0.3662E-02  0.0000E+00  0.0000E+00  0.0000E+00  0.0000E+00  0.0000E+00
     19.966  0.1023E-02  0.3408E-02  0.3408E-02  0.3408E-02  0.0000E+00  0.0000E+00  0.0000E+00  0.0000E+00  0.0000E+00
     20.071  0.8797E-03  0.3079E-02  0.3079E-02  0.3079E-02  0.0000E+00  0.0000E+00  0.0000E+00  0.0000E+00  0.0000E+00
     20.176  0.7315E-03  0.2782E-02  0.2782E-02  0.2782E-02  0.0000E+00  0.0000E+00  0.0000E+00  0.0000E+00  0.0000E+00
     20.281  0.5940E-03  0.2460E-02  0.2460E-02  0.2460E-02  0.0000E+00  0.0000E+00  0.0000E+00  0.0000E+00  0.0000E+00
     20.386  0.5293E-03  0.2202E-02  0.2202E-02  0.2202E-02  0.0000E+00  0.0000E+00  0.0000E+00  0.0000E+00  0.0000E+00
     20.491  0.4464E-03  0.1935E-02  0.1935E-02  0.1935E-02  0.0000E+00  0.0000E+00  0.0000E+00  0.0000E+00  0.0000E+00
     20.596  0.3607E-03  0.1653E-02  0.1653E-02  0.1653E-02  0.0000E+00  0.0000E+00  0.0000E+00  0.0000E+00  0.0000E+00
     20.701  0.2889E-03  0.1402E-02  0.1402E-02  0.1402E-02  0.0000E+00  0.0000E+00  0.0000E+00  0.0000E+00  0.0000E+00
     20.806  0.2343E-03  0.1164E-02  0.1164E-02  0.1164E-02  0.0000E+00  0.0000E+00  0.0000E+00  0.0000E+00  0.0000E+00
     20.911  0.1921E-03  0.9638E-03  0.9638E-03  0.9638E-03  0.0000E+00  0.0000E+00  0.0000E+00  0.0000E+00  0.0000E+00
     21.016  0.1513E-03  0.7792E-03  0.7792E-03  0.7792E-03  0.0000E+00  0.0000E+00  0.0000E+00  0.0000E+00  0.0000E+00
     21.121  0.1166E-03  0.6181E-03  0.6181E-03  0.6181E-03  0.0000E+00  0.0000E+00  0.0000E+00  0.0000E+00  0.0000E+00
     21.226  0.8997E-04  0.4968E-03  0.4968E-03  0.4968E-03  0.0000E+00  0.0000E+00  0.0000E+00  0.0000E+00  0.0000E+00
     21.331  0.6495E-04  0.4138E-03  0.4138E-03  0.4138E-03  0.0000E+00  0.0000E+00  0.0000E+00  0.0000E+00  0.0000E+00
     21.436  0.4192E-04  0.3091E-03  0.3091E-03  0.3091E-03  0.0000E+00  0.0000E+00  0.0000E+00  0.0000E+00  0.0000E+00
     21.541  0.9375E-05  0.1095E-03  0.1095E-03  0.1095E-03  0.0000E+00  0.0000E+00  0.0000E+00  0.0000E+00  0.0000E+00
     21.646  0.2236E-05  0.2613E-04  0.2613E-04  0.2613E-04  0.0000E+00  0.0000E+00  0.0000E+00  0.0000E+00  0.0000E+00
     21.751  0.0000E+00  0.0000E+00  0.0000E+00  0.0000E+00  0.0000E+00  0.0000E+00  0.0000E+00  0.0000E+00  0.0000E+00
     21.856  0.0000E+00  0.0000E+00  0.0000E+00  0.0000E+00  0.0000E+00  0.0000E+00  0.0000E+00  0.0000E+00  0.0000E+00
     21.961  0.0000E+00  0.0000E+00  0.0000E+00  0.0000E+00  0.0000E+00  0.0000E+00  0.0000E+00  0.0000E+00  0.0000E+00
     22.066  0.0000E+00  0.0000E+00  0.0000E+00  0.0000E+00  0.0000E+00  0.0000E+00  0.0000E+00  0.0000E+00  0.0000E+00
     22.171  0.0000E+00  0.0000E+00  0.0000E+00  0.0000E+00  0.0000E+00  0.0000E+00  0.0000E+00  0.0000E+00  0.0000E+00
     22.276  0.0000E+00  0.0000E+00  0.0000E+00  0.0000E+00  0.0000E+00  0.0000E+00  0.0000E+00  0.0000E+00  0.0000E+00
     22.382  0.0000E+00  0.0000E+00  0.0000E+00  0.0000E+00  0.0000E+00  0.0000E+00  0.0000E+00  0.0000E+00  0.0000E+00
     22.487  0.0000E+00  0.0000E+00  0.0000E+00  0.0000E+00  0.0000E+00  0.0000E+00  0.0000E+00  0.0000E+00  0.0000E+00
     22.592  0.0000E+00  0.0000E+00  0.0000E+00  0.0000E+00  0.0000E+00  0.0000E+00  0.0000E+00  0.0000E+00  0.0000E+00
     22.697  0.0000E+00  0.0000E+00  0.0000E+00  0.0000E+00  0.0000E+00  0.0000E+00  0.0000E+00  0.0000E+00  0.0000E+00
     22.802  0.0000E+00  0.0000E+00  0.0000E+00  0.0000E+00  0.0000E+00  0.0000E+00  0.0000E+00  0.0000E+00  0.0000E+00
     22.907  0.0000E+00  0.0000E+00  0.0000E+00  0.0000E+00  0.0000E+00  0.0000E+00  0.0000E+00  0.0000E+00  0.0000E+00
     23.012  0.0000E+00  0.0000E+00  0.0000E+00  0.0000E+00  0.0000E+00  0.0000E+00  0.0000E+00  0.0000E+00  0.0000E+00
     23.117  0.0000E+00  0.0000E+00  0.0000E+00  0.0000E+00  0.0000E+00  0.0000E+00  0.0000E+00  0.0000E+00  0.0000E+00
     23.222  0.0000E+00  0.0000E+00  0.0000E+00  0.0000E+00  0.0000E+00  0.0000E+00  0.0000E+00  0.0000E+00  0.0000E+00
     23.327  0.0000E+00  0.0000E+00  0.0000E+00  0.0000E+00  0.0000E+00  0.0000E+00  0.0000E+00  0.0000E+00  0.0000E+00
     23.432  0.0000E+00  0.0000E+00  0.0000E+00  0.0000E+00  0.0000E+00  0.0000E+00  0.0000E+00  0.0000E+00  0.0000E+00
     23.537  0.0000E+00  0.0000E+00  0.0000E+00  0.0000E+00  0.0000E+00  0.0000E+00  0.0000E+00  0.0000E+00  0.0000E+00
     23.642  0.0000E+00  0.0000E+00  0.0000E+00  0.0000E+00  0.0000E+00  0.0000E+00  0.0000E+00  0.0000E+00  0.0000E+00
     23.747  0.0000E+00  0.0000E+00  0.0000E+00  0.0000E+00  0.0000E+00  0.0000E+00  0.0000E+00  0.0000E+00  0.0000E+00
     23.74668314     -7.75725808  301      9.22961162      1.00000000
     -7.757  0.0000E+00  0.0000E+00  0.0000E+00  0.0000E+00  0.0000E+00  0.0000E+00  0.0000E+00  0.0000E+00  0.0000E+00
     -7.652  0.0000E+00  0.0000E+00  0.0000E+00  0.0000E+00  0.0000E+00  0.0000E+00  0.0000E+00  0.0000E+00  0.0000E+00
     -7.547  0.0000E+00  0.0000E+00  0.0000E+00  0.0000E+00  0.0000E+00  0.0000E+00  0.0000E+00  0.0000E+00  0.0000E+00
     -7.442  0.0000E+00  0.0000E+00  0.0000E+00  0.0000E+00  0.0000E+00  0.0000E+00  0.0000E+00  0.0000E+00  0.0000E+00
     -7.337  0.0000E+00  0.0000E+00  0.0000E+00  0.0000E+00  0.0000E+00  0.0000E+00  0.0000E+00  0.0000E+00  0.0000E+00
     -7.232  0.0000E+00  0.0000E+00  0.0000E+00  0.0000E+00  0.0000E+00  0.0000E+00  0.0000E+00  0.0000E+00  0.0000E+00
     -7.127  0.0000E+00  0.0000E+00  0.0000E+00  0.0000E+00  0.0000E+00  0.0000E+00  0.0000E+00  0.0000E+00  0.0000E+00
     -7.022  0.0000E+00  0.0000E+00  0.0000E+00  0.0000E+00  0.0000E+00  0.0000E+00  0.0000E+00  0.0000E+00  0.0000E+00
     -6.917  0.0000E+00  0.0000E+00  0.0000E+00  0.0000E+00  0.0000E+00  0.0000E+00  0.0000E+00  0.0000E+00  0.0000E+00
     -6.812  0.0000E+00  0.0000E+00  0.0000E+00  0.0000E+00  0.0000E+00  0.0000E+00  0.0000E+00  0.0000E+00  0.0000E+00
     -6.707  0.0000E+00  0.0000E+00  0.0000E+00  0.0000E+00  0.0000E+00  0.0000E+00  0.0000E+00  0.0000E+00  0.0000E+00
     -6.602  0.0000E+00  0.0000E+00  0.0000E+00  0.0000E+00  0.0000E+00  0.0000E+00  0.0000E+00  0.0000E+00  0.0000E+00
     -6.497  0.0000E+00  0.0000E+00  0.0000E+00  0.0000E+00  0.0000E+00  0.0000E+00  0.0000E+00  0.0000E+00  0.0000E+00
     -6.392  0.0000E+00  0.0000E+00  0.0000E+00  0.0000E+00  0.0000E+00  0.0000E+00  0.0000E+00  0.0000E+00  0.0000E+00
     -6.287  0.0000E+00  0.0000E+00  0.0000E+00  0.0000E+00  0.0000E+00  0.0000E+00  0.0000E+00  0.0000E+00  0.0000E+00
     -6.182  0.0000E+00  0.0000E+00  0.0000E+00  0.0000E+00  0.0000E+00  0.0000E+00  0.0000E+00  0.0000E+00  0.0000E+00
     -6.077  0.0000E+00  0.0000E+00  0.0000E+00  0.0000E+00  0.0000E+00  0.0000E+00  0.0000E+00  0.0000E+00  0.0000E+00
     -5.972  0.0000E+00  0.0000E+00  0.0000E+00  0.0000E+00  0.0000E+00  0.0000E+00  0.0000E+00  0.0000E+00  0.0000E+00
     -5.867  0.0000E+00  0.0000E+00  0.0000E+00  0.0000E+00  0.0000E+00  0.0000E+00  0.0000E+00  0.0000E+00  0.0000E+00
     -5.762  0.0000E+00  0.0000E+00  0.0000E+00  0.0000E+00  0.0000E+00  0.0000E+00  0.0000E+00  0.0000E+00  0.0000E+00
     -5.657  0.2210E-01  0.3798E-04  0.3798E-04  0.3798E-04  0.0000E+00  0.0000E+00  0.0000E+00  0.0000E+00  0.0000E+00
     -5.552  0.2475E-01  0.9735E-04  0.9735E-04  0.9735E-04  0.0000E+00  0.0000E+00  0.0000E+00  0.0000E+00  0.0000E+00
     -5.447  0.2961E-01  0.1759E-03  0.1759E-03  0.1759E-03  0.0000E+00  0.0000E+00  0.0000E+00  0.0000E+00  0.0000E+00
     -5.342  0.3449E-01  0.2711E-03  0.2711E-03  0.2711E-03  0.0000E+00  0.0000E+00  0.0000E+00  0.0000E+00  0.0000E+00
     -5.237  0.3881E-01  0.3777E-03  0.3777E-03  0.3777E-03  0.0000E+00  0.0000E+00  0.0000E+00  0.0000E+00  0.0000E+00
     -5.132  0.4233E-01  0.5003E-03  0.5003E-03  0.5003E-03  0.0000E+00  0.0000E+00  0.0000E+00  0.0000E+00  0.0000E+00
     -5.027  0.4617E-01  0.6255E-03  0.6255E-03  0.6255E-03  0.0000E+00  0.0000E+00  0.0000E+00  0.0000E+00  0.0000E+00
     -4.922  0.4907E-01  0.7695E-03  0.7695E-03  0.7695E-03  0.0000E+00  0.0000E+00  0.0000E+00  0.0000E+00  0.0000E+00
     -4.817  0.5238E-01  0.9132E-03  0.9132E-03  0.9132E-03  0.0000E+00  0.0000E+00  0.0000E+00  0.0000E+00  0.0000E+00
     -4.712  0.5503E-01  0.1074E-02  0.1074E-02  0.1074E-02  0.0000E+00  0.0000E+00  0.0000E+00  0.0000E+00  0.0000E+00
     -4.607  0.5792E-01  0.1236E-02  0.1236E-02  0.1236E-02  0.0000E+00  0.0000E+00  0.0000E+00  0.0000E+00  0.0000E+00
     -4.502  0.6057E-01  0.1409E-02  0.1409E-02  0.1409E-02  0.0000E+00  0.0000E+00  0.0000E+00  0.0000E+00  0.0000E+00
     -4.397  0.6314E-01  0.1589E-02  0.1589E-02  0.1589E-02  0.0000E+00  0.0000E+00  0.0000E+00  0.0000E+00  0.0000E+00
     -4.292  0.6588E-01  0.1770E-02  0.1770E-02  0.1770E-02  0.0000E+00  0.0000E+00  0.0000E+00  0.0000E+00  0.0000E+00
     -4.187  0.6821E-01  0.1968E-02  0.1968E-02  0.1968E-02  0.0000E+00  0.0000E+00  0.0000E+00  0.0000E+00  0.0000E+00
     -4.082  0.7071E-01  0.2166E-02  0.2166E-02  0.2166E-02  0.0000E+00  0.0000E+00  0.0000E+00  0.0000E+00  0.0000E+00
     -3.977  0.7329E-01  0.2368E-02  0.2368E-02  0.2368E-02  0.0000E+00  0.0000E+00  0.0000E+00  0.0000E+00  0.0000E+00
     -3.872  0.7563E-01  0.2585E-02  0.2585E-02  0.2585E-02  0.0000E+00  0.0000E+00  0.0000E+00  0.0000E+00  0.0000E+00
     -3.767  0.7815E-01  0.2802E-02  0.2802E-02  0.2802E-02  0.0000E+00  0.0000E+00  0.0000E+00  0.0000E+00  0.0000E+00
     -3.662  0.8079E-01  0.3022E-02  0.3022E-02  0.3022E-02  0.0000E+00  0.0000E+00  0.0000E+00  0.0000E+00  0.0000E+00
     -3.557  0.8327E-01  0.3260E-02  0.3260E-02  0.3260E-02  0.0000E+00  0.0000E+00  0.0000E+00  0.0000E+00  0.0000E+00
     -3.452  0.8596E-01  0.3499E-02  0.3499E-02  0.3499E-02  0.0000E+00  0.0000E+00  0.0000E+00  0.0000E+00  0.0000E+00
     -3.347  0.8885E-01  0.3739E-02  0.3739E-02  0.3739E-02  0.0000E+00  0.0000E+00  0.0000E+00  0.0000E+00  0.0000E+00
     -3.242  0.9173E-01  0.4000E-02  0.4000E-02  0.4000E-02  0.0000E+00  0.0000E+00  0.0000E+00  0.0000E+00  0.0000E+00
     -3.137  0.9489E-01  0.4267E-02  0.4267E-02  0.4267E-02  0.0000E+00  0.0000E+00  0.0000E+00  0.0000E+00  0.0000E+00
     -3.032  0.9840E-01  0.4538E-02  0.4538E-02  0.4538E-02  0.0000E+00  0.0000E+00  0.0000E+00  0.0000E+00  0.0000E+00
     -2.927  0.1023E+00  0.4827E-02  0.4827E-02  0.4827E-02  0.0000E+00  0.0000E+00  0.0000E+00  0.0000E+00  0.0000E+00
     -2.822  0.1067E+00  0.5144E-02  0.5144E-02  0.5144E-02  0.0000E+00  0.0000E+00  0.0000E+00  0.0000E+00  0.0000E+00
     -2.717  0.1121E+00  0.5483E-02  0.5483E-02  0.5483E-02  0.0000E+00  0.0000E+00  0.0000E+00  0.0000E+00  0.0000E+00
     -2.612  0.1192E+00  0.5862E-02  0.5862E-02  0.5862E-02  0.0000E+00  0.0000E+00  0.0000E+00  0.0000E+00  0.0000E+00
     -2.507  0.1301E+00  0.6376E-02  0.6376E-02  0.6376E-02  0.0000E+00  0.0000E+00  0.0000E+00  0.0000E+00  0.0000E+00
     -2.402  0.1508E+00  0.7178E-02  0.7178E-02  0.7178E-02  0.0000E+00  0.0000E+00  0.0000E+00  0.0000E+00  0.0000E+00
     -2.297  0.1477E+00  0.7306E-02  0.7306E-02  0.7306E-02  0.0000E+00  0.0000E+00  0.0000E+00  0.0000E+00  0.0000E+00
     -2.192  0.1383E+00  0.7204E-02  0.7204E-02  0.7204E-02  0.0000E+00  0.0000E+00  0.0000E+00  0.0000E+00  0.0000E+00
     -2.087  0.1355E+00  0.7331E-02  0.7331E-02  0.7331E-02  0.0000E+00  0.0000E+00  0.0000E+00  0.0000E+00  0.0000E+00
     -1.982  0.1301E+00  0.7320E-02  0.7320E-02  0.7320E-02  0.0000E+00  0.0000E+00  0.0000E+00  0.0000E+00  0.0000E+00
     -1.877  0.1248E+00  0.7294E-02  0.7294E-02  0.7294E-02  0.0000E+00  0.0000E+00  0.0000E+00  0.0000E+00  0.0000E+00
     -1.772  0.1212E+00  0.7340E-02  0.7340E-02  0.7340E-02  0.0000E+00  0.0000E+00  0.0000E+00  0.0000E+00  0.0000E+00
     -1.666  0.1157E+00  0.7274E-02  0.7274E-02  0.7274E-02  0.0000E+00  0.0000E+00  0.0000E+00  0.0000E+00  0.0000E+00
     -1.561  0.1112E+00  0.7226E-02  0.7226E-02  0.7226E-02  0.0000E+00  0.0000E+00  0.0000E+00  0.0000E+00  0.0000E+00
     -1.456  0.1062E+00  0.7153E-02  0.7153E-02  0.7153E-02  0.0000E+00  0.0000E+00  0.0000E+00  0.0000E+00  0.0000E+00
     -1.351  0.1019E+00  0.7085E-02  0.7085E-02  0.7085E-02  0.0000E+00  0.0000E+00  0.0000E+00  0.0000E+00  0.0000E+00
     -1.246  0.9654E-01  0.6947E-02  0.6947E-02  0.6947E-02  0.0000E+00  0.0000E+00  0.0000E+00  0.0000E+00  0.0000E+00
     -1.141  0.9213E-01  0.6834E-02  0.6834E-02  0.6834E-02  0.0000E+00  0.0000E+00  0.0000E+00  0.0000E+00  0.0000E+00
     -1.036  0.8746E-01  0.6696E-02  0.6696E-02  0.6696E-02  0.0000E+00  0.0000E+00  0.0000E+00  0.0000E+00  0.0000E+00
     -0.931  0.8215E-01  0.6503E-02  0.6503E-02  0.6503E-02  0.0000E+00  0.0000E+00  0.0000E+00  0.0000E+00  0.0000E+00
     -0.826  0.7748E-01  0.6316E-02  0.6316E-02  0.6316E-02  0.0000E+00  0.0000E+00  0.0000E+00  0.0000E+00  0.0000E+00
     -0.721  0.7209E-01  0.6084E-02  0.6084E-02  0.6084E-02  0.0000E+00  0.0000E+00  0.0000E+00  0.0000E+00  0.0000E+00
     -0.616  0.6715E-01  0.5854E-02  0.5854E-02  0.5854E-02  0.0000E+00  0.0000E+00  0.0000E+00  0.0000E+00  0.0000E+00
     -0.511  0.6260E-01  0.5655E-02  0.5655E-02  0.5655E-02  0.0000E+00  0.0000E+00  0.0000E+00  0.0000E+00  0.0000E+00
     -0.406  0.5973E-01  0.5685E-02  0.5685E-02  0.5685E-02  0.0000E+00  0.0000E+00  0.0000E+00  0.0000E+00  0.0000E+00
     -0.301  0.4418E-01  0.4366E-02  0.4366E-02  0.4366E-02  0.0000E+00  0.0000E+00  0.0000E+00  0.0000E+00  0.0000E+00
     -0.196  0.2390E-01  0.2350E-02  0.2350E-02  0.2350E-02  0.0000E+00  0.0000E+00  0.0000E+00  0.0000E+00  0.0000E+00
     -0.091  0.1163E-01  0.1208E-02  0.1208E-02  0.1208E-02  0.0000E+00  0.0000E+00  0.0000E+00  0.0000E+00  0.0000E+00
      0.014  0.1097E-01  0.1311E-02  0.1311E-02  0.1311E-02  0.0000E+00  0.0000E+00  0.0000E+00  0.0000E+00  0.0000E+00
      0.119  0.1635E-01  0.2095E-02  0.2095E-02  0.2095E-02  0.0000E+00  0.0000E+00  0.0000E+00  0.0000E+00  0.0000E+00
      0.224  0.3357E-01  0.7494E-02  0.7494E-02  0.7494E-02  0.0000E+00  0.0000E+00  0.0000E+00  0.0000E+00  0.0000E+00
      0.329  0.5387E-01  0.1349E-01  0.1349E-01  0.1349E-01  0.0000E+00  0.0000E+00  0.0000E+00  0.0000E+00  0.0000E+00
      0.434  0.6717E-01  0.1668E-01  0.1668E-01  0.1668E-01  0.0000E+00  0.0000E+00  0.0000E+00  0.0000E+00  0.0000E+00
      0.539  0.8209E-01  0.2048E-01  0.2048E-01  0.2048E-01  0.0000E+00  0.0000E+00  0.0000E+00  0.0000E+00  0.0000E+00
      0.644  0.1010E+00  0.2504E-01  0.2504E-01  0.2504E-01  0.0000E+00  0.0000E+00  0.0000E+00  0.0000E+00  0.0000E+00
      0.749  0.1306E+00  0.3219E-01  0.3219E-01  0.3219E-01  0.0000E+00  0.0000E+00  0.0000E+00  0.0000E+00  0.0000E+00
      0.854  0.2077E+00  0.4992E-01  0.4992E-01  0.4992E-01  0.0000E+00  0.0000E+00  0.0000E+00  0.0000E+00  0.0000E+00
      0.959  0.1404E+00  0.3420E-01  0.3420E-01  0.3420E-01  0.0000E+00  0.0000E+00  0.0000E+00  0.0000E+00  0.0000E+00
      1.064  0.1128E+00  0.2787E-01  0.2787E-01  0.2787E-01  0.0000E+00  0.0000E+00  0.0000E+00  0.0000E+00  0.0000E+00
      1.169  0.9986E-01  0.2498E-01  0.2498E-01  0.2498E-01  0.0000E+00  0.0000E+00  0.0000E+00  0.0000E+00  0.0000E+00
      1.274  0.8913E-01  0.2275E-01  0.2275E-01  0.2275E-01  0.0000E+00  0.0000E+00  0.0000E+00  0.0000E+00  0.0000E+00
      1.379  0.8256E-01  0.2137E-01  0.2137E-01  0.2137E-01  0.0000E+00  0.0000E+00  0.0000E+00  0.0000E+00  0.0000E+00
      1.484  0.7677E-01  0.2021E-01  0.2021E-01  0.2021E-01  0.0000E+00  0.0000E+00  0.0000E+00  0.0000E+00  0.0000E+00
      1.589  0.7027E-01  0.1895E-01  0.1895E-01  0.1895E-01  0.0000E+00  0.0000E+00  0.0000E+00  0.0000E+00  0.0000E+00
      1.694  0.6651E-01  0.1823E-01  0.1823E-01  0.1823E-01  0.0000E+00  0.0000E+00  0.0000E+00  0.0000E+00  0.0000E+00
      1.799  0.6265E-01  0.1751E-01  0.1751E-01  0.1751E-01  0.0000E+00  0.0000E+00  0.0000E+00  0.0000E+00  0.0000E+00
      1.904  0.5792E-01  0.1661E-01  0.1661E-01  0.1661E-01  0.0000E+00  0.0000E+00  0.0000E+00  0.0000E+00  0.0000E+00
      2.009  0.5499E-01  0.1607E-01  0.1607E-01  0.1607E-01  0.0000E+00  0.0000E+00  0.0000E+00  0.0000E+00  0.0000E+00
      2.114  0.5225E-01  0.1559E-01  0.1559E-01  0.1559E-01  0.0000E+00  0.0000E+00  0.0000E+00  0.0000E+00  0.0000E+00
      2.219  0.4902E-01  0.1499E-01  0.1499E-01  0.1499E-01  0.0000E+00  0.0000E+00  0.0000E+00  0.0000E+00  0.0000E+00
      2.324  0.4582E-01  0.1436E-01  0.1436E-01  0.1436E-01  0.0000E+00  0.0000E+00  0.0000E+00  0.0000E+00  0.0000E+00
      2.429  0.4384E-01  0.1402E-01  0.1402E-01  0.1402E-01  0.0000E+00  0.0000E+00  0.0000E+00  0.0000E+00  0.0000E+00
      2.534  0.4162E-01  0.1362E-01  0.1362E-01  0.1362E-01  0.0000E+00  0.0000E+00  0.0000E+00  0.0000E+00  0.0000E+00
      2.639  0.3869E-01  0.1302E-01  0.1302E-01  0.1302E-01  0.0000E+00  0.0000E+00  0.0000E+00  0.0000E+00  0.0000E+00
      2.744  0.3667E-01  0.1263E-01  0.1263E-01  0.1263E-01  0.0000E+00  0.0000E+00  0.0000E+00  0.0000E+00  0.0000E+00
      2.849  0.3512E-01  0.1236E-01  0.1236E-01  0.1236E-01  0.0000E+00  0.0000E+00  0.0000E+00  0.0000E+00  0.0000E+00
      2.954  0.3430E-01  0.2019E-01  0.2019E-01  0.2019E-01  0.0000E+00  0.0000E+00  0.0000E+00  0.0000E+00  0.0000E+00
      3.059  0.3344E-01  0.2725E-01  0.2725E-01  0.2725E-01  0.0000E+00  0.0000E+00  0.0000E+00  0.0000E+00  0.0000E+00
      3.164  0.3368E-01  0.3341E-01  0.3341E-01  0.3341E-01  0.0000E+00  0.0000E+00  0.0000E+00  0.0000E+00  0.0000E+00
      3.269  0.3488E-01  0.4105E-01  0.4105E-01  0.4105E-01  0.0000E+00  0.0000E+00  0.0000E+00  0.0000E+00  0.0000E+00
      3.374  0.3676E-01  0.5017E-01  0.5017E-01  0.5017E-01  0.0000E+00  0.0000E+00  0.0000E+00  0.0000E+00  0.0000E+00
      3.479  0.3614E-01  0.4716E-01  0.4716E-01  0.4716E-01  0.0000E+00  0.0000E+00  0.0000E+00  0.0000E+00  0.0000E+00
      3.584  0.3576E-01  0.4530E-01  0.4530E-01  0.4530E-01  0.0000E+00  0.0000E+00  0.0000E+00  0.0000E+00  0.0000E+00
      3.689  0.3576E-01  0.4355E-01  0.4355E-01  0.4355E-01  0.0000E+00  0.0000E+00  0.0000E+00  0.0000E+00  0.0000E+00
      3.794  0.3566E-01  0.4434E-01  0.4434E-01  0.4434E-01  0.0000E+00  0.0000E+00  0.0000E+00  0.0000E+00  0.0000E+00
      3.899  0.3493E-01  0.4358E-01  0.4358E-01  0.4358E-01  0.0000E+00  0.0000E+00  0.0000E+00  0.0000E+00  0.0000E+00
      4.004  0.3386E-01  0.4425E-01  0.4425E-01  0.4425E-01  0.0000E+00  0.0000E+00  0.0000E+00  0.0000E+00  0.0000E+00
      4.109  0.3380E-01  0.4651E-01  0.4651E-01  0.4651E-01  0.0000E+00  0.0000E+00  0.0000E+00  0.0000E+00  0.0000E+00
      4.214  0.3320E-01  0.4656E-01  0.4656E-01  0.4656E-01  0.0000E+00  0.0000E+00  0.0000E+00  0.0000E+00  0.0000E+00
      4.319  0.3253E-01  0.4776E-01  0.4776E-01  0.4776E-01  0.0000E+00  0.0000E+00  0.0000E+00  0.0000E+00  0.0000E+00
      4.424  0.3161E-01  0.4905E-01  0.4905E-01  0.4905E-01  0.0000E+00  0.0000E+00  0.0000E+00  0.0000E+00  0.0000E+00
      4.529  0.3085E-01  0.5148E-01  0.5148E-01  0.5148E-01  0.0000E+00  0.0000E+00  0.0000E+00  0.0000E+00  0.0000E+00
      4.634  0.3024E-01  0.5262E-01  0.5262E-01  0.5262E-01  0.0000E+00  0.0000E+00  0.0000E+00  0.0000E+00  0.0000E+00
      4.739  0.2954E-01  0.5479E-01  0.5479E-01  0.5479E-01  0.0000E+00  0.0000E+00  0.0000E+00  0.0000E+00  0.0000E+00
      4.844  0.2884E-01  0.5823E-01  0.5823E-01  0.5823E-01  0.0000E+00  0.0000E+00  0.0000E+00  0.0000E+00  0.0000E+00
      4.949  0.2766E-01  0.6119E-01  0.6119E-01  0.6119E-01  0.0000E+00  0.0000E+00  0.0000E+00  0.0000E+00  0.0000E+00
      5.054  0.2676E-01  0.6372E-01  0.6372E-01  0.6372E-01  0.0000E+00  0.0000E+00  0.0000E+00  0.0000E+00  0.0000E+00
      5.159  0.2608E-01  0.7385E-01  0.7385E-01  0.7385E-01  0.0000E+00  0.0000E+00  0.0000E+00  0.0000E+00  0.0000E+00
      5.264  0.2519E-01  0.8102E-01  0.8102E-01  0.8102E-01  0.0000E+00  0.0000E+00  0.0000E+00  0.0000E+00  0.0000E+00
      5.369  0.2412E-01  0.8008E-01  0.8008E-01  0.8008E-01  0.0000E+00  0.0000E+00  0.0000E+00  0.0000E+00  0.0000E+00
      5.474  0.2274E-01  0.7925E-01  0.7925E-01  0.7925E-01  0.0000E+00  0.0000E+00  0.0000E+00  0.0000E+00  0.0000E+00
      5.579  0.2184E-01  0.7855E-01  0.7855E-01  0.7855E-01  0.0000E+00  0.0000E+00  0.0000E+00  0.0000E+00  0.0000E+00
      5.684  0.2099E-01  0.7769E-01  0.7769E-01  0.7769E-01  0.0000E+00  0.0000E+00  0.0000E+00  0.0000E+00  0.0000E+00
      5.789  0.2007E-01  0.7706E-01  0.7706E-01  0.7706E-01  0.0000E+00  0.0000E+00  0.0000E+00  0.0000E+00  0.0000E+00
      5.894  0.1910E-01  0.7639E-01  0.7639E-01  0.7639E-01  0.0000E+00  0.0000E+00  0.0000E+00  0.0000E+00  0.0000E+00
      5.999  0.1795E-01  0.7511E-01  0.7511E-01  0.7511E-01  0.0000E+00  0.0000E+00  0.0000E+00  0.0000E+00  0.0000E+00
      6.104  0.1708E-01  0.7440E-01  0.7440E-01  0.7440E-01  0.0000E+00  0.0000E+00  0.0000E+00  0.0000E+00  0.0000E+00
      6.209  0.1627E-01  0.7424E-01  0.7424E-01  0.7424E-01  0.0000E+00  0.0000E+00  0.0000E+00  0.0000E+00  0.0000E+00
      6.315  0.1543E-01  0.7303E-01  0.7303E-01  0.7303E-01  0.0000E+00  0.0000E+00  0.0000E+00  0.0000E+00  0.0000E+00
      6.420  0.1448E-01  0.7231E-01  0.7231E-01  0.7231E-01  0.0000E+00  0.0000E+00  0.0000E+00  0.0000E+00  0.0000E+00
      6.525  0.1349E-01  0.7224E-01  0.7224E-01  0.7224E-01  0.0000E+00  0.0000E+00  0.0000E+00  0.0000E+00  0.0000E+00
      6.630  0.1249E-01  0.7128E-01  0.7128E-01  0.7128E-01  0.0000E+00  0.0000E+00  0.0000E+00  0.0000E+00  0.0000E+00
      6.735  0.1166E-01  0.7072E-01  0.7072E-01  0.7072E-01  0.0000E+00  0.0000E+00  0.0000E+00  0.0000E+00  0.0000E+00
      6.840  0.1095E-01  0.6997E-01  0.6997E-01  0.6997E-01  0.0000E+00  0.0000E+00  0.0000E+00  0.0000E+00  0.0000E+00
      6.945  0.1027E-01  0.6975E-01  0.6975E-01  0.6975E-01  0.0000E+00  0.0000E+00  0.0000E+00  0.0000E+00  0.0000E+00
      7.050  0.9442E-02  0.6888E-01  0.6888E-01  0.6888E-01  0.0000E+00  0.0000E+00  0.0000E+00  0.0000E+00  0.0000E+00
      7.155  0.8529E-02  0.6809E-01  0.6809E-01  0.6809E-01  0.0000E+00  0.0000E+00  0.0000E+00  0.0000E+00  0.0000E+00
      7.260  0.7879E-02  0.6747E-01  0.6747E-01  0.6747E-01  0.0000E+00  0.0000E+00  0.0000E+00  0.0000E+00  0.0000E+00
      7.365  0.7276E-02  0.6678E-01  0.6678E-01  0.6678E-01  0.0000E+00  0.0000E+00  0.0000E+00  0.0000E+00  0.0000E+00
      7.470  0.6645E-02  0.6717E-01  0.6717E-01  0.6717E-01  0.0000E+00  0.0000E+00  0.0000E+00  0.0000E+00  0.0000E+00
      7.575  0.5917E-02  0.6288E-01  0.6288E-01  0.6288E-01  0.0000E+00  0.0000E+00  0.0000E+00  0.0000E+00  0.0000E+00
      7.680  0.5196E-02  0.4950E-01  0.4950E-01  0.4950E-01  0.0000E+00  0.0000E+00  0.0000E+00  0.0000E+00  0.0000E+00
      7.785  0.4650E-02  0.4398E-01  0.4398E-01  0.4398E-01  0.0000E+00  0.0000E+00  0.0000E+00  0.0000E+00  0.0000E+00
      7.890  0.4149E-02  0.3946E-01  0.3946E-01  0.3946E-01  0.0000E+00  0.0000E+00  0.0000E+00  0.0000E+00  0.0000E+00
      7.995  0.3648E-02  0.3561E-01  0.3561E-01  0.3561E-01  0.0000E+00  0.0000E+00  0.0000E+00  0.0000E+00  0.0000E+00
      8.100  0.3111E-02  0.3198E-01  0.3198E-01  0.3198E-01  0.0000E+00  0.0000E+00  0.0000E+00  0.0000E+00  0.0000E+00
      8.205  0.2659E-02  0.2909E-01  0.2909E-01  0.2909E-01  0.0000E+00  0.0000E+00  0.0000E+00  0.0000E+00  0.0000E+00
      8.310  0.2287E-02  0.2617E-01  0.2617E-01  0.2617E-01  0.0000E+00  0.0000E+00  0.0000E+00  0.0000E+00  0.0000E+00
      8.415  0.1925E-02  0.2345E-01  0.2345E-01  0.2345E-01  0.0000E+00  0.0000E+00  0.0000E+00  0.0000E+00  0.0000E+00
      8.520  0.1565E-02  0.2087E-01  0.2087E-01  0.2087E-01  0.0000E+00  0.0000E+00  0.0000E+00  0.0000E+00  0.0000E+00
      8.625  0.1145E-02  0.1853E-01  0.1853E-01  0.1853E-01  0.0000E+00  0.0000E+00  0.0000E+00  0.0000E+00  0.0000E+00
      8.730  0.8702E-03  0.1576E-01  0.1576E-01  0.1576E-01  0.0000E+00  0.0000E+00  0.0000E+00  0.0000E+00  0.0000E+00
      8.835  0.5845E-03  0.1332E-01  0.1332E-01  0.1332E-01  0.0000E+00  0.0000E+00  0.0000E+00  0.0000E+00  0.0000E+00
      8.940  0.3201E-03  0.1052E-01  0.1052E-01  0.1052E-01  0.0000E+00  0.0000E+00  0.0000E+00  0.0000E+00  0.0000E+00
      9.045  0.1142E-03  0.5607E-02  0.5607E-02  0.5607E-02  0.0000E+00  0.0000E+00  0.0000E+00  0.0000E+00  0.0000E+00
      9.150  0.0000E+00  0.0000E+00  0.0000E+00  0.0000E+00  0.0000E+00  0.0000E+00  0.0000E+00  0.0000E+00  0.0000E+00
      9.255  0.9353E-03  0.1394E-03  0.1394E-03  0.1394E-03  0.0000E+00  0.0000E+00  0.0000E+00  0.0000E+00  0.0000E+00
      9.360  0.6478E-02  0.1051E-02  0.1051E-02  0.1051E-02  0.0000E+00  0.0000E+00  0.0000E+00  0.0000E+00  0.0000E+00
      9.465  0.1069E-01  0.1865E-02  0.1865E-02  0.1865E-02  0.0000E+00  0.0000E+00  0.0000E+00  0.0000E+00  0.0000E+00
      9.570  0.1291E-01  0.2487E-02  0.2487E-02  0.2487E-02  0.0000E+00  0.0000E+00  0.0000E+00  0.0000E+00  0.0000E+00
      9.675  0.1465E-01  0.3104E-02  0.3104E-02  0.3104E-02  0.0000E+00  0.0000E+00  0.0000E+00  0.0000E+00  0.0000E+00
      9.780  0.1654E-01  0.3778E-02  0.3778E-02  0.3778E-02  0.0000E+00  0.0000E+00  0.0000E+00  0.0000E+00  0.0000E+00
      9.885  0.1825E-01  0.4508E-02  0.4508E-02  0.4508E-02  0.0000E+00  0.0000E+00  0.0000E+00  0.0000E+00  0.0000E+00
      9.990  0.1998E-01  0.5330E-02  0.5330E-02  0.5330E-02  0.0000E+00  0.0000E+00  0.0000E+00  0.0000E+00  0.0000E+00
     10.095  0.2069E-01  0.5973E-02  0.5973E-02  0.5973E-02  0.0000E+00  0.0000E+00  0.0000E+00  0.0000E+00  0.0000E+00
     10.200  0.2168E-01  0.6702E-02  0.6702E-02  0.6702E-02  0.0000E+00  0.0000E+00  0.0000E+00  0.0000E+00  0.0000E+00
     10.305  0.2277E-01  0.7485E-02  0.7485E-02  0.7485E-02  0.0000E+00  0.0000E+00  0.0000E+00  0.0000E+00  0.0000E+00
     10.410  0.2363E-01  0.8327E-02  0.8327E-02  0.8327E-02  0.0000E+00  0.0000E+00  0.0000E+00  0.0000E+00  0.0000E+00
     10.515  0.2465E-01  0.9200E-02  0.9200E-02  0.9200E-02  0.0000E+00  0.0000E+00  0.0000E+00  0.0000E+00  0.0000E+00
     10.620  0.2572E-01  0.1022E-01  0.1022E-01  0.1022E-01  0.0000E+00  0.0000E+00  0.0000E+00  0.0000E+00  0.0000E+00
     10.725  0.2614E-01  0.1115E-01  0.1115E-01  0.1115E-01  0.0000E+00  0.0000E+00  0.0000E+00  0.0000E+00  0.0000E+00
     10.830  0.2670E-01  0.1207E-01  0.1207E-01  0.1207E-01  0.0000E+00  0.0000E+00  0.0000E+00  0.0000E+00  0.0000E+00
     10.935  0.2737E-01  0.1305E-01  0.1305E-01  0.1305E-01  0.0000E+00  0.0000E+00  0.0000E+00  0.0000E+00  0.0000E+00
     11.040  0.2780E-01  0.1417E-01  0.1417E-01  0.1417E-01  0.0000E+00  0.0000E+00  0.0000E+00  0.0000E+00  0.0000E+00
     11.145  0.2840E-01  0.1534E-01  0.1534E-01  0.1534E-01  0.0000E+00  0.0000E+00  0.0000E+00  0.0000E+00  0.0000E+00
     11.250  0.2902E-01  0.1653E-01  0.1653E-01  0.1653E-01  0.0000E+00  0.0000E+00  0.0000E+00  0.0000E+00  0.0000E+00
     11.355  0.2944E-01  0.1790E-01  0.1790E-01  0.1790E-01  0.0000E+00  0.0000E+00  0.0000E+00  0.0000E+00  0.0000E+00
     11.460  0.2999E-01  0.1954E-01  0.1954E-01  0.1954E-01  0.0000E+00  0.0000E+00  0.0000E+00  0.0000E+00  0.0000E+00
     11.565  0.3030E-01  0.2098E-01  0.2098E-01  0.2098E-01  0.0000E+00  0.0000E+00  0.0000E+00  0.0000E+00  0.0000E+00
     11.670  0.3070E-01  0.2269E-01  0.2269E-01  0.2269E-01  0.0000E+00  0.0000E+00  0.0000E+00  0.0000E+00  0.0000E+00
     11.775  0.3105E-01  0.2485E-01  0.2485E-01  0.2485E-01  0.0000E+00  0.0000E+00  0.0000E+00  0.0000E+00  0.0000E+00
     11.880  0.3167E-01  0.2745E-01  0.2745E-01  0.2745E-01  0.0000E+00  0.0000E+00  0.0000E+00  0.0000E+00  0.0000E+00
     11.985  0.3307E-01  0.3227E-01  0.3227E-01  0.3227E-01  0.0000E+00  0.0000E+00  0.0000E+00  0.0000E+00  0.0000E+00
     12.090  0.3775E-01  0.3695E-01  0.3695E-01  0.3695E-01  0.0000E+00  0.0000E+00  0.0000E+00  0.0000E+00  0.0000E+00
     12.195  0.6041E-01  0.3725E-01  0.3725E-01  0.3725E-01  0.0000E+00  0.0000E+00  0.0000E+00  0.0000E+00  0.0000E+00
     12.300  0.5237E-01  0.3722E-01  0.3722E-01  0.3722E-01  0.0000E+00  0.0000E+00  0.0000E+00  0.0000E+00  0.0000E+00
     12.405  0.4768E-01  0.3867E-01  0.3867E-01  0.3867E-01  0.0000E+00  0.0000E+00  0.0000E+00  0.0000E+00  0.0000E+00
     12.510  0.4747E-01  0.4009E-01  0.4009E-01  0.4009E-01  0.0000E+00  0.0000E+00  0.0000E+00  0.0000E+00  0.0000E+00
     12.615  0.4067E-01  0.3714E-01  0.3714E-01  0.3714E-01  0.0000E+00  0.0000E+00  0.0000E+00  0.0000E+00  0.0000E+00
     12.720  0.3866E-01  0.3653E-01  0.3653E-01  0.3653E-01  0.0000E+00  0.0000E+00  0.0000E+00  0.0000E+00  0.0000E+00
     12.825  0.4201E-01  0.3839E-01  0.3839E-01  0.3839E-01  0.0000E+00  0.0000E+00  0.0000E+00  0.0000E+00  0.0000E+00
     12.930  0.3998E-01  0.3831E-01  0.3831E-01  0.3831E-01  0.0000E+00  0.0000E+00  0.0000E+00  0.0000E+00  0.0000E+00
     13.035  0.4178E-01  0.3818E-01  0.3818E-01  0.3818E-01  0.0000E+00  0.0000E+00  0.0000E+00  0.0000E+00  0.0000E+00
     13.140  0.4887E-01  0.4710E-01  0.4710E-01  0.4710E-01  0.0000E+00  0.0000E+00  0.0000E+00  0.0000E+00  0.0000E+00
     13.245  0.4550E-01  0.4847E-01  0.4847E-01  0.4847E-01  0.0000E+00  0.0000E+00  0.0000E+00  0.0000E+00  0.0000E+00
     13.350  0.3991E-01  0.4590E-01  0.4590E-01  0.4590E-01  0.0000E+00  0.0000E+00  0.0000E+00  0.0000E+00  0.0000E+00
     13.455  0.3551E-01  0.4304E-01  0.4304E-01  0.4304E-01  0.0000E+00  0.0000E+00  0.0000E+00  0.0000E+00  0.0000E+00
     13.560  0.3427E-01  0.4162E-01  0.4162E-01  0.4162E-01  0.0000E+00  0.0000E+00  0.0000E+00  0.0000E+00  0.0000E+00
     13.665  0.2960E-01  0.3827E-01  0.3827E-01  0.3827E-01  0.0000E+00  0.0000E+00  0.0000E+00  0.0000E+00  0.0000E+00
     13.770  0.2781E-01  0.3775E-01  0.3775E-01  0.3775E-01  0.0000E+00  0.0000E+00  0.0000E+00  0.0000E+00  0.0000E+00
     13.875  0.2339E-01  0.3373E-01  0.3373E-01  0.3373E-01  0.0000E+00  0.0000E+00  0.0000E+00  0.0000E+00  0.0000E+00
     13.980  0.1966E-01  0.2923E-01  0.2923E-01  0.2923E-01  0.0000E+00  0.0000E+00  0.0000E+00  0.0000E+00  0.0000E+00
     14.085  0.1699E-01  0.2548E-01  0.2548E-01  0.2548E-01  0.0000E+00  0.0000E+00  0.0000E+00  0.0000E+00  0.0000E+00
     14.190  0.1647E-01  0.2413E-01  0.2413E-01  0.2413E-01  0.0000E+00  0.0000E+00  0.0000E+00  0.0000E+00  0.0000E+00
     14.296  0.2363E-01  0.2645E-01  0.2645E-01  0.2645E-01  0.0000E+00  0.0000E+00  0.0000E+00  0.0000E+00  0.0000E+00
     14.401  0.2601E-01  0.2643E-01  0.2643E-01  0.2643E-01  0.0000E+00  0.0000E+00  0.0000E+00  0.0000E+00  0.0000E+00
     14.506  0.2697E-01  0.2778E-01  0.2778E-01  0.2778E-01  0.0000E+00  0.0000E+00  0.0000E+00  0.0000E+00  0.0000E+00
     14.611  0.2764E-01  0.2945E-01  0.2945E-01  0.2945E-01  0.0000E+00  0.0000E+00  0.0000E+00  0.0000E+00  0.0000E+00
     14.716  0.2606E-01  0.2898E-01  0.2898E-01  0.2898E-01  0.0000E+00  0.0000E+00  0.0000E+00  0.0000E+00  0.0000E+00
     14.821  0.2514E-01  0.2744E-01  0.2744E-01  0.2744E-01  0.0000E+00  0.0000E+00  0.0000E+00  0.0000E+00  0.0000E+00
     14.926  0.2659E-01  0.2769E-01  0.2769E-01  0.2769E-01  0.0000E+00  0.0000E+00  0.0000E+00  0.0000E+00  0.0000E+00
     15.031  0.2550E-01  0.2676E-01  0.2676E-01  0.2676E-01  0.0000E+00  0.0000E+00  0.0000E+00  0.0000E+00  0.0000E+00
     15.136  0.2502E-01  0.2653E-01  0.2653E-01  0.2653E-01  0.0000E+00  0.0000E+00  0.0000E+00  0.0000E+00  0.0000E+00
     15.241  0.2527E-01  0.2744E-01  0.2744E-01  0.2744E-01  0.0000E+00  0.0000E+00  0.0000E+00  0.0000E+00  0.0000E+00
     15.346  0.2621E-01  0.2778E-01  0.2778E-01  0.2778E-01  0.0000E+00  0.0000E+00  0.0000E+00  0.0000E+00  0.0000E+00
     15.451  0.2423E-01  0.2705E-01  0.2705E-01  0.2705E-01  0.0000E+00  0.0000E+00  0.0000E+00  0.0000E+00  0.0000E+00
     15.556  0.2212E-01  0.2618E-01  0.2618E-01  0.2618E-01  0.0000E+00  0.0000E+00  0.0000E+00  0.0000E+00  0.0000E+00
     15.661  0.2118E-01  0.2611E-01  0.2611E-01  0.2611E-01  0.0000E+00  0.0000E+00  0.0000E+00  0.0000E+00  0.0000E+00
     15.766  0.1983E-01  0.2542E-01  0.2542E-01  0.2542E-01  0.0000E+00  0.0000E+00  0.0000E+00  0.0000E+00  0.0000E+00
     15.871  0.1907E-01  0.2518E-01  0.2518E-01  0.2518E-01  0.0000E+00  0.0000E+00  0.0000E+00  0.0000E+00  0.0000E+00
     15.976  0.1911E-01  0.2531E-01  0.2531E-01  0.2531E-01  0.0000E+00  0.0000E+00  0.0000E+00  0.0000E+00  0.0000E+00
     16.081  0.1839E-01  0.2541E-01  0.2541E-01  0.2541E-01  0.0000E+00  0.0000E+00  0.0000E+00  0.0000E+00  0.0000E+00
     16.186  0.1665E-01  0.2442E-01  0.2442E-01  0.2442E-01  0.0000E+00  0.0000E+00  0.0000E+00  0.0000E+00  0.0000E+00
     16.291  0.1563E-01  0.2343E-01  0.2343E-01  0.2343E-01  0.0000E+00  0.0000E+00  0.0000E+00  0.0000E+00  0.0000E+00
     16.396  0.1483E-01  0.2097E-01  0.2097E-01  0.2097E-01  0.0000E+00  0.0000E+00  0.0000E+00  0.0000E+00  0.0000E+00
     16.501  0.1485E-01  0.2095E-01  0.2095E-01  0.2095E-01  0.0000E+00  0.0000E+00  0.0000E+00  0.0000E+00  0.0000E+00
     16.606  0.1493E-01  0.2083E-01  0.2083E-01  0.2083E-01  0.0000E+00  0.0000E+00  0.0000E+00  0.0000E+00  0.0000E+00
     16.711  0.1518E-01  0.2123E-01  0.2123E-01  0.2123E-01  0.0000E+00  0.0000E+00  0.0000E+00  0.0000E+00  0.0000E+00
     16.816  0.1567E-01  0.2213E-01  0.2213E-01  0.2213E-01  0.0000E+00  0.0000E+00  0.0000E+00  0.0000E+00  0.0000E+00
     16.921  0.1613E-01  0.2258E-01  0.2258E-01  0.2258E-01  0.0000E+00  0.0000E+00  0.0000E+00  0.0000E+00  0.0000E+00
     17.026  0.1953E-01  0.2277E-01  0.2277E-01  0.2277E-01  0.0000E+00  0.0000E+00  0.0000E+00  0.0000E+00  0.0000E+00
     17.131  0.1553E-01  0.2441E-01  0.2441E-01  0.2441E-01  0.0000E+00  0.0000E+00  0.0000E+00  0.0000E+00  0.0000E+00
     17.236  0.1525E-01  0.2365E-01  0.2365E-01  0.2365E-01  0.0000E+00  0.0000E+00  0.0000E+00  0.0000E+00  0.0000E+00
     17.341  0.1538E-01  0.2365E-01  0.2365E-01  0.2365E-01  0.0000E+00  0.0000E+00  0.0000E+00  0.0000E+00  0.0000E+00
     17.446  0.1546E-01  0.2352E-01  0.2352E-01  0.2352E-01  0.0000E+00  0.0000E+00  0.0000E+00  0.0000E+00  0.0000E+00
     17.551  0.1540E-01  0.2360E-01  0.2360E-01  0.2360E-01  0.0000E+00  0.0000E+00  0.0000E+00  0.0000E+00  0.0000E+00
     17.656  0.1541E-01  0.2393E-01  0.2393E-01  0.2393E-01  0.0000E+00  0.0000E+00  0.0000E+00  0.0000E+00  0.0000E+00
     17.761  0.1680E-01  0.2543E-01  0.2543E-01  0.2543E-01  0.0000E+00  0.0000E+00  0.0000E+00  0.0000E+00  0.0000E+00
     17.866  0.1374E-01  0.2203E-01  0.2203E-01  0.2203E-01  0.0000E+00  0.0000E+00  0.0000E+00  0.0000E+00  0.0000E+00
     17.971  0.1085E-01  0.1910E-01  0.1910E-01  0.1910E-01  0.0000E+00  0.0000E+00  0.0000E+00  0.0000E+00  0.0000E+00
     18.076  0.1033E-01  0.1934E-01  0.1934E-01  0.1934E-01  0.0000E+00  0.0000E+00  0.0000E+00  0.0000E+00  0.0000E+00
     18.181  0.8996E-02  0.1743E-01  0.1743E-01  0.1743E-01  0.0000E+00  0.0000E+00  0.0000E+00  0.0000E+00  0.0000E+00
     18.286  0.7689E-02  0.1585E-01  0.1585E-01  0.1585E-01  0.0000E+00  0.0000E+00  0.0000E+00  0.0000E+00  0.0000E+00
     18.391  0.6970E-02  0.1522E-01  0.1522E-01  0.1522E-01  0.0000E+00  0.0000E+00  0.0000E+00  0.0000E+00  0.0000E+00
     18.496  0.5685E-02  0.1365E-01  0.1365E-01  0.1365E-01  0.0000E+00  0.0000E+00  0.0000E+00  0.0000E+00  0.0000E+00
     18.601  0.4743E-02  0.1213E-01  0.1213E-01  0.1213E-01  0.0000E+00  0.0000E+00  0.0000E+00  0.0000E+00  0.0000E+00
     18.706  0.4171E-02  0.1110E-01  0.1110E-01  0.1110E-01  0.0000E+00  0.0000E+00  0.0000E+00  0.0000E+00  0.0000E+00
     18.811  0.3637E-02  0.9464E-02  0.9464E-02  0.9464E-02  0.0000E+00  0.0000E+00  0.0000E+00  0.0000E+00  0.0000E+00
     18.916  0.3246E-02  0.8202E-02  0.8202E-02  0.8202E-02  0.0000E+00  0.0000E+00  0.0000E+00  0.0000E+00  0.0000E+00
     19.021  0.2931E-02  0.7331E-02  0.7331E-02  0.7331E-02  0.0000E+00  0.0000E+00  0.0000E+00  0.0000E+00  0.0000E+00
     19.126  0.2548E-02  0.6680E-02  0.6680E-02  0.6680E-02  0.0000E+00  0.0000E+00  0.0000E+00  0.0000E+00  0.0000E+00
     19.231  0.2219E-02  0.6074E-02  0.6074E-02  0.6074E-02  0.0000E+00  0.0000E+00  0.0000E+00  0.0000E+00  0.0000E+00
     19.336  0.1956E-02  0.5553E-02  0.5553E-02  0.5553E-02  0.0000E+00  0.0000E+00  0.0000E+00  0.0000E+00  0.0000E+00
     19.441  0.1747E-02  0.5112E-02  0.5112E-02  0.5112E-02  0.0000E+00  0.0000E+00  0.0000E+00  0.0000E+00  0.0000E+00
     19.546  0.1543E-02  0.4624E-02  0.4624E-02  0.4624E-02  0.0000E+00  0.0000E+00  0.0000E+00  0.0000E+00  0.0000E+00
     19.651  0.1392E-02  0.4267E-02  0.4267E-02  0.4267E-02  0.0000E+00  0.0000E+00  0.0000E+00  0.0000E+00  0.0000E+00
     19.756  0.1249E-02  0.3935E-02  0.3935E-02  0.3935E-02  0.0000E+00  0.0000E+00  0.0000E+00  0.0000E+00  0.0000E+00
     19.861  0.1128E-02  0.3662E-02  0.3662E-02  0.3662E-02  0.0000E+00  0.0000E+00  0.0000E+00  0.0000E+00  0.0000E+00
     19.966  0.1023E-02  0.3408E-02  0.3408E-02  0.3408E-02  0.0000E+00  0.0000E+00  0.0000E+00  0.0000E+00  0.0000E+00
     20.071  0.8797E-03  0.3079E-02  0.3079E-02  0.3079E-02  0.0000E+00  0.0000E+00  0.0000E+00  0.0000E+00  0.0000E+00
     20.176  0.7315E-03  0.2782E-02  0.2782E-02  0.2782E-02  0.0000E+00  0.0000E+00  0.0000E+00  0.0000E+00  0.0000E+00
     20.281  0.5940E-03  0.2460E-02  0.2460E-02  0.2460E-02  0.0000E+00  0.0000E+00  0.0000E+00  0.0000E+00  0.0000E+00
     20.386  0.5293E-03  0.2202E-02  0.2202E-02  0.2202E-02  0.0000E+00  0.0000E+00  0.0000E+00  0.0000E+00  0.0000E+00
     20.491  0.4464E-03  0.1935E-02  0.1935E-02  0.1935E-02  0.0000E+00  0.0000E+00  0.0000E+00  0.0000E+00  0.0000E+00
     20.596  0.3607E-03  0.1653E-02  0.1653E-02  0.1653E-02  0.0000E+00  0.0000E+00  0.0000E+00  0.0000E+00  0.0000E+00
     20.701  0.2889E-03  0.1402E-02  0.1402E-02  0.1402E-02  0.0000E+00  0.0000E+00  0.0000E+00  0.0000E+00  0.0000E+00
     20.806  0.2343E-03  0.1164E-02  0.1164E-02  0.1164E-02  0.0000E+00  0.0000E+00  0.0000E+00  0.0000E+00  0.0000E+00
     20.911  0.1921E-03  0.9638E-03  0.9638E-03  0.9638E-03  0.0000E+00  0.0000E+00  0.0000E+00  0.0000E+00  0.0000E+00
     21.016  0.1513E-03  0.7792E-03  0.7792E-03  0.7792E-03  0.0000E+00  0.0000E+00  0.0000E+00  0.0000E+00  0.0000E+00
     21.121  0.1166E-03  0.6181E-03  0.6181E-03  0.6181E-03  0.0000E+00  0.0000E+00  0.0000E+00  0.0000E+00  0.0000E+00
     21.226  0.8997E-04  0.4968E-03  0.4968E-03  0.4968E-03  0.0000E+00  0.0000E+00  0.0000E+00  0.0000E+00  0.0000E+00
     21.331  0.6495E-04  0.4138E-03  0.4138E-03  0.4138E-03  0.0000E+00  0.0000E+00  0.0000E+00  0.0000E+00  0.0000E+00
     21.436  0.4192E-04  0.3091E-03  0.3091E-03  0.3091E-03  0.0000E+00  0.0000E+00  0.0000E+00  0.0000E+00  0.0000E+00
     21.541  0.9375E-05  0.1095E-03  0.1095E-03  0.1095E-03  0.0000E+00  0.0000E+00  0.0000E+00  0.0000E+00  0.0000E+00
     21.646  0.2236E-05  0.2613E-04  0.2613E-04  0.2613E-04  0.0000E+00  0.0000E+00  0.0000E+00  0.0000E+00  0.0000E+00
     21.751  0.0000E+00  0.0000E+00  0.0000E+00  0.0000E+00  0.0000E+00  0.0000E+00  0.0000E+00  0.0000E+00  0.0000E+00
     21.856  0.0000E+00  0.0000E+00  0.0000E+00  0.0000E+00  0.0000E+00  0.0000E+00  0.0000E+00  0.0000E+00  0.0000E+00
     21.961  0.0000E+00  0.0000E+00  0.0000E+00  0.0000E+00  0.0000E+00  0.0000E+00  0.0000E+00  0.0000E+00  0.0000E+00
     22.066  0.0000E+00  0.0000E+00  0.0000E+00  0.0000E+00  0.0000E+00  0.0000E+00  0.0000E+00  0.0000E+00  0.0000E+00
     22.171  0.0000E+00  0.0000E+00  0.0000E+00  0.0000E+00  0.0000E+00  0.0000E+00  0.0000E+00  0.0000E+00  0.0000E+00
     22.276  0.0000E+00  0.0000E+00  0.0000E+00  0.0000E+00  0.0000E+00  0.0000E+00  0.0000E+00  0.0000E+00  0.0000E+00
     22.382  0.0000E+00  0.0000E+00  0.0000E+00  0.0000E+00  0.0000E+00  0.0000E+00  0.0000E+00  0.0000E+00  0.0000E+00
     22.487  0.0000E+00  0.0000E+00  0.0000E+00  0.0000E+00  0.0000E+00  0.0000E+00  0.0000E+00  0.0000E+00  0.0000E+00
     22.592  0.0000E+00  0.0000E+00  0.0000E+00  0.0000E+00  0.0000E+00  0.0000E+00  0.0000E+00  0.0000E+00  0.0000E+00
     22.697  0.0000E+00  0.0000E+00  0.0000E+00  0.0000E+00  0.0000E+00  0.0000E+00  0.0000E+00  0.0000E+00  0.0000E+00
     22.802  0.0000E+00  0.0000E+00  0.0000E+00  0.0000E+00  0.0000E+00  0.0000E+00  0.0000E+00  0.0000E+00  0.0000E+00
     22.907  0.0000E+00  0.0000E+00  0.0000E+00  0.0000E+00  0.0000E+00  0.0000E+00  0.0000E+00  0.0000E+00  0.0000E+00
     23.012  0.0000E+00  0.0000E+00  0.0000E+00  0.0000E+00  0.0000E+00  0.0000E+00  0.0000E+00  0.0000E+00  0.0000E+00
     23.117  0.0000E+00  0.0000E+00  0.0000E+00  0.0000E+00  0.0000E+00  0.0000E+00  0.0000E+00  0.0000E+00  0.0000E+00
     23.222  0.0000E+00  0.0000E+00  0.0000E+00  0.0000E+00  0.0000E+00  0.0000E+00  0.0000E+00  0.0000E+00  0.0000E+00
     23.327  0.0000E+00  0.0000E+00  0.0000E+00  0.0000E+00  0.0000E+00  0.0000E+00  0.0000E+00  0.0000E+00  0.0000E+00
     23.432  0.0000E+00  0.0000E+00  0.0000E+00  0.0000E+00  0.0000E+00  0.0000E+00  0.0000E+00  0.0000E+00  0.0000E+00
     23.537  0.0000E+00  0.0000E+00  0.0000E+00  0.0000E+00  0.0000E+00  0.0000E+00  0.0000E+00  0.0000E+00  0.0000E+00
     23.642  0.0000E+00  0.0000E+00  0.0000E+00  0.0000E+00  0.0000E+00  0.0000E+00  0.0000E+00  0.0000E+00  0.0000E+00
     23.747  0.0000E+00  0.0000E+00  0.0000E+00  0.0000E+00  0.0000E+00  0.0000E+00  0.0000E+00  0.0000E+00  0.0000E+00
