   2   2   1   0
  0.1892743E+02  0.3768879E-09  0.3768879E-09  0.3768879E-09  0.5000000E-15
  1.000000000000000E-004
  CAR 
 Si                                      
     19.73163259     -8.61196781  301      6.32465589      1.00000000
     -8.612  0.0000E+00  0.0000E+00
     -8.517  0.0000E+00  0.0000E+00
     -8.423  0.0000E+00  0.0000E+00
     -8.329  0.0000E+00  0.0000E+00
     -8.234  0.0000E+00  0.0000E+00
     -8.140  0.0000E+00  0.0000E+00
     -8.045  0.0000E+00  0.0000E+00
     -7.951  0.0000E+00  0.0000E+00
     -7.856  0.0000E+00  0.0000E+00
     -7.762  0.0000E+00  0.0000E+00
     -7.667  0.0000E+00  0.0000E+00
     -7.573  0.0000E+00  0.0000E+00
     -7.478  0.0000E+00  0.0000E+00
     -7.384  0.0000E+00  0.0000E+00
     -7.289  0.0000E+00  0.0000E+00
     -7.195  0.0000E+00  0.0000E+00
     -7.100  0.0000E+00  0.0000E+00
     -7.006  0.0000E+00  0.0000E+00
     -6.911  0.0000E+00  0.0000E+00
     -6.817  0.0000E+00  0.0000E+00
     -6.722  0.0000E+00  0.0000E+00
     -6.628  0.0000E+00  0.0000E+00
     -6.533  0.1027E+00  0.3799E-02
     -6.439  0.1204E+00  0.1340E-01
     -6.344  0.1523E+00  0.2641E-01
     -6.250  0.1809E+00  0.4210E-01
     -6.156  0.2021E+00  0.6014E-01
     -6.061  0.2241E+00  0.8034E-01
     -5.967  0.2438E+00  0.1024E+00
     -5.872  0.2628E+00  0.1264E+00
     -5.778  0.2807E+00  0.1521E+00
     -5.683  0.2988E+00  0.1795E+00
     -5.589  0.3151E+00  0.2085E+00
     -5.494  0.3328E+00  0.2391E+00
     -5.400  0.3486E+00  0.2713E+00
     -5.305  0.3651E+00  0.3050E+00
     -5.211  0.3822E+00  0.3403E+00
     -5.116  0.3980E+00  0.3771E+00
     -5.022  0.4151E+00  0.4155E+00
     -4.927  0.4327E+00  0.4556E+00
     -4.833  0.4501E+00  0.4973E+00
     -4.738  0.4688E+00  0.5407E+00
     -4.644  0.4890E+00  0.5859E+00
     -4.549  0.5100E+00  0.6331E+00
     -4.455  0.5335E+00  0.6824E+00
     -4.360  0.5604E+00  0.7340E+00
     -4.266  0.5916E+00  0.7884E+00
     -4.171  0.6320E+00  0.8461E+00
     -4.077  0.6942E+00  0.9085E+00
     -3.983  0.8099E+00  0.9803E+00
     -3.888  0.7836E+00  0.1055E+01
     -3.794  0.7543E+00  0.1128E+01
     -3.699  0.7345E+00  0.1198E+01
     -3.605  0.7039E+00  0.1266E+01
     -3.510  0.6767E+00  0.1331E+01
     -3.416  0.6518E+00  0.1394E+01
     -3.321  0.6237E+00  0.1454E+01
     -3.227  0.5983E+00  0.1512E+01
     -3.132  0.5724E+00  0.1567E+01
     -3.038  0.5452E+00  0.1620E+01
     -2.943  0.5192E+00  0.1670E+01
     -2.849  0.4892E+00  0.1718E+01
     -2.754  0.4617E+00  0.1763E+01
     -2.660  0.4326E+00  0.1805E+01
     -2.565  0.4007E+00  0.1844E+01
     -2.471  0.3714E+00  0.1881E+01
     -2.376  0.3341E+00  0.1914E+01
     -2.282  0.3186E+00  0.1945E+01
     -2.187  0.2489E+00  0.1972E+01
     -2.093  0.1232E+00  0.1991E+01
     -1.998  0.4163E-01  0.1998E+01
     -1.904  0.3810E-01  0.2001E+01
     -1.810  0.8846E-01  0.2006E+01
     -1.715  0.1640E+00  0.2018E+01
     -1.621  0.2233E+00  0.2037E+01
     -1.526  0.2826E+00  0.2061E+01
     -1.432  0.3282E+00  0.2090E+01
     -1.337  0.3754E+00  0.2123E+01
     -1.243  0.4361E+00  0.2161E+01
     -1.148  0.7345E+00  0.2213E+01
     -1.054  0.1064E+01  0.2294E+01
     -0.959  0.1953E+01  0.2416E+01
     -0.865  0.1182E+01  0.2562E+01
     -0.770  0.9240E+00  0.2658E+01
     -0.676  0.8040E+00  0.2739E+01
     -0.581  0.7202E+00  0.2811E+01
     -0.487  0.6562E+00  0.2876E+01
     -0.392  0.6100E+00  0.2936E+01
     -0.298  0.5671E+00  0.2991E+01
     -0.203  0.5274E+00  0.3043E+01
     -0.109  0.4997E+00  0.3091E+01
     -0.014  0.4725E+00  0.3137E+01
      0.080  0.4445E+00  0.3181E+01
      0.175  0.4208E+00  0.3221E+01
      0.269  0.4020E+00  0.3260E+01
      0.364  0.3824E+00  0.3297E+01
      0.458  0.3609E+00  0.3332E+01
      0.552  0.3445E+00  0.3366E+01
      0.647  0.3307E+00  0.3397E+01
      0.741  0.3159E+00  0.3428E+01
      0.836  0.2994E+00  0.3457E+01
      0.930  0.2849E+00  0.3485E+01
      1.025  0.2742E+00  0.3511E+01
      1.119  0.2633E+00  0.3536E+01
      1.214  0.2506E+00  0.3561E+01
      1.308  0.2364E+00  0.3584E+01
      1.403  0.2280E+00  0.3606E+01
      1.497  0.4704E+00  0.3634E+01
      1.592  0.6505E+00  0.3687E+01
      1.686  0.8465E+00  0.3757E+01
      1.781  0.1167E+01  0.3852E+01
      1.875  0.1083E+01  0.3957E+01
      1.970  0.1009E+01  0.4056E+01
      2.064  0.9689E+00  0.4149E+01
      2.159  0.9215E+00  0.4238E+01
      2.253  0.9225E+00  0.4325E+01
      2.348  0.9369E+00  0.4413E+01
      2.442  0.9399E+00  0.4502E+01
      2.537  0.9565E+00  0.4592E+01
      2.631  0.9950E+00  0.4684E+01
      2.725  0.1008E+01  0.4779E+01
      2.820  0.1040E+01  0.4875E+01
      2.914  0.1113E+01  0.4977E+01
      3.009  0.1168E+01  0.5084E+01
      3.103  0.1293E+01  0.5197E+01
      3.198  0.1406E+01  0.5327E+01
      3.292  0.1394E+01  0.5458E+01
      3.387  0.1367E+01  0.5588E+01
      3.481  0.1335E+01  0.5715E+01
      3.576  0.1315E+01  0.5841E+01
      3.670  0.1295E+01  0.5964E+01
      3.765  0.1266E+01  0.6085E+01
      3.859  0.1251E+01  0.6204E+01
      3.954  0.1222E+01  0.6321E+01
      4.048  0.1208E+01  0.6436E+01
      4.143  0.1190E+01  0.6549E+01
      4.237  0.1164E+01  0.6660E+01
      4.332  0.1141E+01  0.6769E+01
      4.426  0.1129E+01  0.6877E+01
      4.521  0.1113E+01  0.6982E+01
      4.615  0.1095E+01  0.7087E+01
      4.710  0.1074E+01  0.7189E+01
      4.804  0.1055E+01  0.7290E+01
      4.898  0.1048E+01  0.7389E+01
      4.993  0.9861E+00  0.7487E+01
      5.087  0.7542E+00  0.7566E+01
      5.182  0.6591E+00  0.7632E+01
      5.276  0.5801E+00  0.7690E+01
      5.371  0.5113E+00  0.7742E+01
      5.465  0.4538E+00  0.7787E+01
      5.560  0.4059E+00  0.7828E+01
      5.654  0.3575E+00  0.7864E+01
      5.749  0.3137E+00  0.7896E+01
      5.843  0.2727E+00  0.7923E+01
      5.938  0.2306E+00  0.7947E+01
      6.032  0.1869E+00  0.7967E+01
      6.127  0.1557E+00  0.7983E+01
      6.221  0.1017E+00  0.7995E+01
      6.316  0.1370E-02  0.8000E+01
      6.410  0.0000E+00  0.8000E+01
      6.505  0.0000E+00  0.8000E+01
      6.599  0.0000E+00  0.8000E+01
      6.694  0.0000E+00  0.8000E+01
      6.788  0.0000E+00  0.8000E+01
      6.883  0.0000E+00  0.8000E+01
      6.977  0.0000E+00  0.8000E+01
      7.071  0.6825E-01  0.8002E+01
      7.166  0.1523E+00  0.8013E+01
      7.260  0.2330E+00  0.8031E+01
      7.355  0.2868E+00  0.8056E+01
      7.449  0.3320E+00  0.8085E+01
      7.544  0.3779E+00  0.8119E+01
      7.638  0.4278E+00  0.8157E+01
      7.733  0.4760E+00  0.8199E+01
      7.827  0.5077E+00  0.8246E+01
      7.922  0.5470E+00  0.8296E+01
      8.016  0.5857E+00  0.8349E+01
      8.111  0.6269E+00  0.8406E+01
      8.205  0.6716E+00  0.8468E+01
      8.300  0.7193E+00  0.8533E+01
      8.394  0.7600E+00  0.8603E+01
      8.489  0.8280E+00  0.8678E+01
      8.583  0.9366E+00  0.8761E+01
      8.678  0.1028E+01  0.8854E+01
      8.772  0.1137E+01  0.8956E+01
      8.867  0.1288E+01  0.9070E+01
      8.961  0.1571E+01  0.9206E+01
      9.056  0.1539E+01  0.9354E+01
      9.150  0.1623E+01  0.9502E+01
      9.245  0.1512E+01  0.9647E+01
      9.339  0.1272E+01  0.9779E+01
      9.433  0.1170E+01  0.9893E+01
      9.528  0.1161E+01  0.1000E+02
      9.622  0.1068E+01  0.1011E+02
      9.717  0.1089E+01  0.1021E+02
      9.811  0.1522E+01  0.1032E+02
      9.906  0.1869E+01  0.1048E+02
     10.000  0.1936E+01  0.1066E+02
     10.095  0.1622E+01  0.1082E+02
     10.189  0.1635E+01  0.1097E+02
     10.284  0.1490E+01  0.1112E+02
     10.378  0.1586E+01  0.1127E+02
     10.473  0.1518E+01  0.1141E+02
     10.567  0.1418E+01  0.1155E+02
     10.662  0.1489E+01  0.1169E+02
     10.756  0.1315E+01  0.1182E+02
     10.851  0.1077E+01  0.1193E+02
     10.945  0.9998E+00  0.1203E+02
     11.040  0.9716E+00  0.1212E+02
     11.134  0.1042E+01  0.1222E+02
     11.229  0.1094E+01  0.1232E+02
     11.323  0.1186E+01  0.1243E+02
     11.418  0.1059E+01  0.1253E+02
     11.512  0.1046E+01  0.1264E+02
     11.606  0.1062E+01  0.1273E+02
     11.701  0.1115E+01  0.1284E+02
     11.795  0.1112E+01  0.1294E+02
     11.890  0.1158E+01  0.1305E+02
     11.984  0.1124E+01  0.1316E+02
     12.079  0.1076E+01  0.1326E+02
     12.173  0.1066E+01  0.1336E+02
     12.268  0.1087E+01  0.1346E+02
     12.362  0.1075E+01  0.1357E+02
     12.457  0.1070E+01  0.1367E+02
     12.551  0.1070E+01  0.1377E+02
     12.646  0.1020E+01  0.1387E+02
     12.740  0.1015E+01  0.1396E+02
     12.835  0.9821E+00  0.1406E+02
     12.929  0.9600E+00  0.1415E+02
     13.024  0.9553E+00  0.1424E+02
     13.118  0.9440E+00  0.1433E+02
     13.213  0.9171E+00  0.1442E+02
     13.307  0.7946E+00  0.1450E+02
     13.402  0.7874E+00  0.1457E+02
     13.496  0.8034E+00  0.1465E+02
     13.591  0.8183E+00  0.1472E+02
     13.685  0.8595E+00  0.1480E+02
     13.779  0.8755E+00  0.1489E+02
     13.874  0.8836E+00  0.1497E+02
     13.968  0.8128E+00  0.1505E+02
     14.063  0.7051E+00  0.1512E+02
     14.157  0.6643E+00  0.1519E+02
     14.252  0.6221E+00  0.1525E+02
     14.346  0.5679E+00  0.1530E+02
     14.441  0.5505E+00  0.1536E+02
     14.535  0.5317E+00  0.1541E+02
     14.630  0.5042E+00  0.1546E+02
     14.724  0.4830E+00  0.1550E+02
     14.819  0.5488E+00  0.1555E+02
     14.913  0.5952E+00  0.1561E+02
     15.008  0.4631E+00  0.1566E+02
     15.102  0.4141E+00  0.1570E+02
     15.197  0.3642E+00  0.1573E+02
     15.291  0.2617E+00  0.1576E+02
     15.386  0.2202E+00  0.1579E+02
     15.480  0.2085E+00  0.1581E+02
     15.575  0.1970E+00  0.1583E+02
     15.669  0.1819E+00  0.1584E+02
     15.764  0.1828E+00  0.1586E+02
     15.858  0.1662E+00  0.1588E+02
     15.952  0.1424E+00  0.1589E+02
     16.047  0.1275E+00  0.1591E+02
     16.141  0.1177E+00  0.1592E+02
     16.236  0.1108E+00  0.1593E+02
     16.330  0.1055E+00  0.1594E+02
     16.425  0.9816E-01  0.1595E+02
     16.519  0.8606E-01  0.1596E+02
     16.614  0.7574E-01  0.1596E+02
     16.708  0.6236E-01  0.1597E+02
     16.803  0.5345E-01  0.1598E+02
     16.897  0.4579E-01  0.1598E+02
     16.992  0.3936E-01  0.1598E+02
     17.086  0.3569E-01  0.1599E+02
     17.181  0.3461E-01  0.1599E+02
     17.275  0.3474E-01  0.1599E+02
     17.370  0.3534E-01  0.1600E+02
     17.464  0.7833E-02  0.1600E+02
     17.559  0.3277E-02  0.1600E+02
     17.653  0.6752E-03  0.1600E+02
     17.748  0.0000E+00  0.1600E+02
     17.842  0.0000E+00  0.1600E+02
     17.937  0.0000E+00  0.1600E+02
     18.031  0.0000E+00  0.1600E+02
     18.125  0.0000E+00  0.1600E+02
     18.220  0.0000E+00  0.1600E+02
     18.314  0.0000E+00  0.1600E+02
     18.409  0.0000E+00  0.1600E+02
     18.503  0.0000E+00  0.1600E+02
     18.598  0.0000E+00  0.1600E+02
     18.692  0.0000E+00  0.1600E+02
     18.787  0.0000E+00  0.1600E+02
     18.881  0.0000E+00  0.1600E+02
     18.976  0.0000E+00  0.1600E+02
     19.070  0.0000E+00  0.1600E+02
     19.165  0.0000E+00  0.1600E+02
     19.259  0.0000E+00  0.1600E+02
     19.354  0.0000E+00  0.1600E+02
     19.448  0.0000E+00  0.1600E+02
     19.543  0.0000E+00  0.1600E+02
     19.637  0.0000E+00  0.1600E+02
     19.732  0.0000E+00  0.1600E+02
     19.73163259     -8.61196781  301      6.32465589      1.00000000
     -8.612  0.0000E+00  0.0000E+00  0.0000E+00  0.0000E+00  0.0000E+00  0.0000E+00  0.0000E+00  0.0000E+00  0.0000E+00
     -8.517  0.0000E+00  0.0000E+00  0.0000E+00  0.0000E+00  0.0000E+00  0.0000E+00  0.0000E+00  0.0000E+00  0.0000E+00
     -8.423  0.0000E+00  0.0000E+00  0.0000E+00  0.0000E+00  0.0000E+00  0.0000E+00  0.0000E+00  0.0000E+00  0.0000E+00
     -8.329  0.0000E+00  0.0000E+00  0.0000E+00  0.0000E+00  0.0000E+00  0.0000E+00  0.0000E+00  0.0000E+00  0.0000E+00
     -8.234  0.0000E+00  0.0000E+00  0.0000E+00  0.0000E+00  0.0000E+00  0.0000E+00  0.0000E+00  0.0000E+00  0.0000E+00
     -8.140  0.0000E+00  0.0000E+00  0.0000E+00  0.0000E+00  0.0000E+00  0.0000E+00  0.0000E+00  0.0000E+00  0.0000E+00
     -8.045  0.0000E+00  0.0000E+00  0.0000E+00  0.0000E+00  0.0000E+00  0.0000E+00  0.0000E+00  0.0000E+00  0.0000E+00
     -7.951  0.0000E+00  0.0000E+00  0.0000E+00  0.0000E+00  0.0000E+00  0.0000E+00  0.0000E+00  0.0000E+00  0.0000E+00
     -7.856  0.0000E+00  0.0000E+00  0.0000E+00  0.0000E+00  0.0000E+00  0.0000E+00  0.0000E+00  0.0000E+00  0.0000E+00
     -7.762  0.0000E+00  0.0000E+00  0.0000E+00  0.0000E+00  0.0000E+00  0.0000E+00  0.0000E+00  0.0000E+00  0.0000E+00
     -7.667  0.0000E+00  0.0000E+00  0.0000E+00  0.0000E+00  0.0000E+00  0.0000E+00  0.0000E+00  0.0000E+00  0.0000E+00
     -7.573  0.0000E+00  0.0000E+00  0.0000E+00  0.0000E+00  0.0000E+00  0.0000E+00  0.0000E+00  0.0000E+00  0.0000E+00
     -7.478  0.0000E+00  0.0000E+00  0.0000E+00  0.0000E+00  0.0000E+00  0.0000E+00  0.0000E+00  0.0000E+00  0.0000E+00
     -7.384  0.0000E+00  0.0000E+00  0.0000E+00  0.0000E+00  0.0000E+00  0.0000E+00  0.0000E+00  0.0000E+00  0.0000E+00
     -7.289  0.0000E+00  0.0000E+00  0.0000E+00  0.0000E+00  0.0000E+00  0.0000E+00  0.0000E+00  0.0000E+00  0.0000E+00
     -7.195  0.0000E+00  0.0000E+00  0.0000E+00  0.0000E+00  0.0000E+00  0.0000E+00  0.0000E+00  0.0000E+00  0.0000E+00
     -7.100  0.0000E+00  0.0000E+00  0.0000E+00  0.0000E+00  0.0000E+00  0.0000E+00  0.0000E+00  0.0000E+00  0.0000E+00
     -7.006  0.0000E+00  0.0000E+00  0.0000E+00  0.0000E+00  0.0000E+00  0.0000E+00  0.0000E+00  0.0000E+00  0.0000E+00
     -6.911  0.0000E+00  0.0000E+00  0.0000E+00  0.0000E+00  0.0000E+00  0.0000E+00  0.0000E+00  0.0000E+00  0.0000E+00
     -6.817  0.0000E+00  0.0000E+00  0.0000E+00  0.0000E+00  0.0000E+00  0.0000E+00  0.0000E+00  0.0000E+00  0.0000E+00
     -6.722  0.0000E+00  0.0000E+00  0.0000E+00  0.0000E+00  0.0000E+00  0.0000E+00  0.0000E+00  0.0000E+00  0.0000E+00
     -6.628  0.0000E+00  0.0000E+00  0.0000E+00  0.0000E+00  0.0000E+00  0.0000E+00  0.0000E+00  0.0000E+00  0.0000E+00
     -6.533  0.2251E-01  0.2871E-04  0.2871E-04  0.2871E-04  0.0000E+00  0.0000E+00  0.0000E+00  0.0000E+00  0.0000E+00
     -6.439  0.2631E-01  0.8113E-04  0.8113E-04  0.8113E-04  0.0000E+00  0.0000E+00  0.0000E+00  0.0000E+00  0.0000E+00
     -6.344  0.3321E-01  0.1552E-03  0.1552E-03  0.1552E-03  0.0000E+00  0.0000E+00  0.0000E+00  0.0000E+00  0.0000E+00
     -6.250  0.3936E-01  0.2408E-03  0.2408E-03  0.2408E-03  0.0000E+00  0.0000E+00  0.0000E+00  0.0000E+00  0.0000E+00
     -6.156  0.4385E-01  0.3450E-03  0.3450E-03  0.3450E-03  0.0000E+00  0.0000E+00  0.0000E+00  0.0000E+00  0.0000E+00
     -6.061  0.4852E-01  0.4566E-03  0.4566E-03  0.4566E-03  0.0000E+00  0.0000E+00  0.0000E+00  0.0000E+00  0.0000E+00
     -5.967  0.5267E-01  0.5793E-03  0.5793E-03  0.5793E-03  0.0000E+00  0.0000E+00  0.0000E+00  0.0000E+00  0.0000E+00
     -5.872  0.5666E-01  0.7114E-03  0.7114E-03  0.7114E-03  0.0000E+00  0.0000E+00  0.0000E+00  0.0000E+00  0.0000E+00
     -5.778  0.6037E-01  0.8527E-03  0.8527E-03  0.8527E-03  0.0000E+00  0.0000E+00  0.0000E+00  0.0000E+00  0.0000E+00
     -5.683  0.6416E-01  0.9999E-03  0.9999E-03  0.9999E-03  0.0000E+00  0.0000E+00  0.0000E+00  0.0000E+00  0.0000E+00
     -5.589  0.6755E-01  0.1160E-02  0.1160E-02  0.1160E-02  0.0000E+00  0.0000E+00  0.0000E+00  0.0000E+00  0.0000E+00
     -5.494  0.7122E-01  0.1321E-02  0.1321E-02  0.1321E-02  0.0000E+00  0.0000E+00  0.0000E+00  0.0000E+00  0.0000E+00
     -5.400  0.7449E-01  0.1498E-02  0.1498E-02  0.1498E-02  0.0000E+00  0.0000E+00  0.0000E+00  0.0000E+00  0.0000E+00
     -5.305  0.7790E-01  0.1679E-02  0.1679E-02  0.1679E-02  0.0000E+00  0.0000E+00  0.0000E+00  0.0000E+00  0.0000E+00
     -5.211  0.8147E-01  0.1863E-02  0.1863E-02  0.1863E-02  0.0000E+00  0.0000E+00  0.0000E+00  0.0000E+00  0.0000E+00
     -5.116  0.8475E-01  0.2065E-02  0.2065E-02  0.2065E-02  0.0000E+00  0.0000E+00  0.0000E+00  0.0000E+00  0.0000E+00
     -5.022  0.8831E-01  0.2268E-02  0.2268E-02  0.2268E-02  0.0000E+00  0.0000E+00  0.0000E+00  0.0000E+00  0.0000E+00
     -4.927  0.9201E-01  0.2478E-02  0.2478E-02  0.2478E-02  0.0000E+00  0.0000E+00  0.0000E+00  0.0000E+00  0.0000E+00
     -4.833  0.9567E-01  0.2707E-02  0.2707E-02  0.2707E-02  0.0000E+00  0.0000E+00  0.0000E+00  0.0000E+00  0.0000E+00
     -4.738  0.9965E-01  0.2938E-02  0.2938E-02  0.2938E-02  0.0000E+00  0.0000E+00  0.0000E+00  0.0000E+00  0.0000E+00
     -4.644  0.1040E+00  0.3175E-02  0.3175E-02  0.3175E-02  0.0000E+00  0.0000E+00  0.0000E+00  0.0000E+00  0.0000E+00
     -4.549  0.1085E+00  0.3442E-02  0.3442E-02  0.3442E-02  0.0000E+00  0.0000E+00  0.0000E+00  0.0000E+00  0.0000E+00
     -4.455  0.1136E+00  0.3718E-02  0.3718E-02  0.3718E-02  0.0000E+00  0.0000E+00  0.0000E+00  0.0000E+00  0.0000E+00
     -4.360  0.1195E+00  0.4007E-02  0.4007E-02  0.4007E-02  0.0000E+00  0.0000E+00  0.0000E+00  0.0000E+00  0.0000E+00
     -4.266  0.1264E+00  0.4345E-02  0.4345E-02  0.4345E-02  0.0000E+00  0.0000E+00  0.0000E+00  0.0000E+00  0.0000E+00
     -4.171  0.1355E+00  0.4733E-02  0.4733E-02  0.4733E-02  0.0000E+00  0.0000E+00  0.0000E+00  0.0000E+00  0.0000E+00
     -4.077  0.1496E+00  0.5237E-02  0.5237E-02  0.5237E-02  0.0000E+00  0.0000E+00  0.0000E+00  0.0000E+00  0.0000E+00
     -3.983  0.1761E+00  0.6051E-02  0.6051E-02  0.6051E-02  0.0000E+00  0.0000E+00  0.0000E+00  0.0000E+00  0.0000E+00
     -3.888  0.1700E+00  0.6156E-02  0.6156E-02  0.6156E-02  0.0000E+00  0.0000E+00  0.0000E+00  0.0000E+00  0.0000E+00
     -3.794  0.1633E+00  0.6186E-02  0.6186E-02  0.6186E-02  0.0000E+00  0.0000E+00  0.0000E+00  0.0000E+00  0.0000E+00
     -3.699  0.1587E+00  0.6267E-02  0.6267E-02  0.6267E-02  0.0000E+00  0.0000E+00  0.0000E+00  0.0000E+00  0.0000E+00
     -3.605  0.1517E+00  0.6287E-02  0.6287E-02  0.6287E-02  0.0000E+00  0.0000E+00  0.0000E+00  0.0000E+00  0.0000E+00
     -3.510  0.1455E+00  0.6282E-02  0.6282E-02  0.6282E-02  0.0000E+00  0.0000E+00  0.0000E+00  0.0000E+00  0.0000E+00
     -3.416  0.1398E+00  0.6280E-02  0.6280E-02  0.6280E-02  0.0000E+00  0.0000E+00  0.0000E+00  0.0000E+00  0.0000E+00
     -3.321  0.1335E+00  0.6255E-02  0.6255E-02  0.6255E-02  0.0000E+00  0.0000E+00  0.0000E+00  0.0000E+00  0.0000E+00
     -3.227  0.1278E+00  0.6210E-02  0.6210E-02  0.6210E-02  0.0000E+00  0.0000E+00  0.0000E+00  0.0000E+00  0.0000E+00
     -3.132  0.1220E+00  0.6146E-02  0.6146E-02  0.6146E-02  0.0000E+00  0.0000E+00  0.0000E+00  0.0000E+00  0.0000E+00
     -3.038  0.1159E+00  0.6067E-02  0.6067E-02  0.6067E-02  0.0000E+00  0.0000E+00  0.0000E+00  0.0000E+00  0.0000E+00
     -2.943  0.1101E+00  0.5962E-02  0.5962E-02  0.5962E-02  0.0000E+00  0.0000E+00  0.0000E+00  0.0000E+00  0.0000E+00
     -2.849  0.1034E+00  0.5813E-02  0.5813E-02  0.5813E-02  0.0000E+00  0.0000E+00  0.0000E+00  0.0000E+00  0.0000E+00
     -2.754  0.9732E-01  0.5664E-02  0.5664E-02  0.5664E-02  0.0000E+00  0.0000E+00  0.0000E+00  0.0000E+00  0.0000E+00
     -2.660  0.9089E-01  0.5474E-02  0.5474E-02  0.5474E-02  0.0000E+00  0.0000E+00  0.0000E+00  0.0000E+00  0.0000E+00
     -2.565  0.8386E-01  0.5242E-02  0.5242E-02  0.5242E-02  0.0000E+00  0.0000E+00  0.0000E+00  0.0000E+00  0.0000E+00
     -2.471  0.7742E-01  0.5008E-02  0.5008E-02  0.5008E-02  0.0000E+00  0.0000E+00  0.0000E+00  0.0000E+00  0.0000E+00
     -2.376  0.6923E-01  0.4674E-02  0.4674E-02  0.4674E-02  0.0000E+00  0.0000E+00  0.0000E+00  0.0000E+00  0.0000E+00
     -2.282  0.6551E-01  0.4623E-02  0.4623E-02  0.4623E-02  0.0000E+00  0.0000E+00  0.0000E+00  0.0000E+00  0.0000E+00
     -2.187  0.5074E-01  0.3736E-02  0.3736E-02  0.3736E-02  0.0000E+00  0.0000E+00  0.0000E+00  0.0000E+00  0.0000E+00
     -2.093  0.2501E-01  0.1903E-02  0.1903E-02  0.1903E-02  0.0000E+00  0.0000E+00  0.0000E+00  0.0000E+00  0.0000E+00
     -1.998  0.8518E-02  0.6415E-03  0.6415E-03  0.6415E-03  0.0000E+00  0.0000E+00  0.0000E+00  0.0000E+00  0.0000E+00
     -1.904  0.7475E-02  0.6564E-03  0.6564E-03  0.6564E-03  0.0000E+00  0.0000E+00  0.0000E+00  0.0000E+00  0.0000E+00
     -1.810  0.1714E-01  0.1582E-02  0.1582E-02  0.1582E-02  0.0000E+00  0.0000E+00  0.0000E+00  0.0000E+00  0.0000E+00
     -1.715  0.3186E-01  0.2958E-02  0.2958E-02  0.2958E-02  0.0000E+00  0.0000E+00  0.0000E+00  0.0000E+00  0.0000E+00
     -1.621  0.4333E-01  0.4094E-02  0.4094E-02  0.4094E-02  0.0000E+00  0.0000E+00  0.0000E+00  0.0000E+00  0.0000E+00
     -1.526  0.5449E-01  0.5323E-02  0.5323E-02  0.5323E-02  0.0000E+00  0.0000E+00  0.0000E+00  0.0000E+00  0.0000E+00
     -1.432  0.6282E-01  0.6347E-02  0.6347E-02  0.6347E-02  0.0000E+00  0.0000E+00  0.0000E+00  0.0000E+00  0.0000E+00
     -1.337  0.7122E-01  0.7463E-02  0.7463E-02  0.7463E-02  0.0000E+00  0.0000E+00  0.0000E+00  0.0000E+00  0.0000E+00
     -1.243  0.8157E-01  0.8981E-02  0.8981E-02  0.8981E-02  0.0000E+00  0.0000E+00  0.0000E+00  0.0000E+00  0.0000E+00
     -1.148  0.1147E+00  0.1871E-01  0.1871E-01  0.1871E-01  0.0000E+00  0.0000E+00  0.0000E+00  0.0000E+00  0.0000E+00
     -1.054  0.1566E+00  0.2882E-01  0.2882E-01  0.2882E-01  0.0000E+00  0.0000E+00  0.0000E+00  0.0000E+00  0.0000E+00
     -0.959  0.2800E+00  0.5454E-01  0.5454E-01  0.5454E-01  0.0000E+00  0.0000E+00  0.0000E+00  0.0000E+00  0.0000E+00
     -0.865  0.1733E+00  0.3274E-01  0.3274E-01  0.3274E-01  0.0000E+00  0.0000E+00  0.0000E+00  0.0000E+00  0.0000E+00
     -0.770  0.1364E+00  0.2569E-01  0.2569E-01  0.2569E-01  0.0000E+00  0.0000E+00  0.0000E+00  0.0000E+00  0.0000E+00
     -0.676  0.1190E+00  0.2252E-01  0.2252E-01  0.2252E-01  0.0000E+00  0.0000E+00  0.0000E+00  0.0000E+00  0.0000E+00
     -0.581  0.1065E+00  0.2038E-01  0.2038E-01  0.2038E-01  0.0000E+00  0.0000E+00  0.0000E+00  0.0000E+00  0.0000E+00
     -0.487  0.9675E-01  0.1878E-01  0.1878E-01  0.1878E-01  0.0000E+00  0.0000E+00  0.0000E+00  0.0000E+00  0.0000E+00
     -0.392  0.8971E-01  0.1765E-01  0.1765E-01  0.1765E-01  0.0000E+00  0.0000E+00  0.0000E+00  0.0000E+00  0.0000E+00
     -0.298  0.8301E-01  0.1662E-01  0.1662E-01  0.1662E-01  0.0000E+00  0.0000E+00  0.0000E+00  0.0000E+00  0.0000E+00
     -0.203  0.7672E-01  0.1567E-01  0.1567E-01  0.1567E-01  0.0000E+00  0.0000E+00  0.0000E+00  0.0000E+00  0.0000E+00
     -0.109  0.7238E-01  0.1502E-01  0.1502E-01  0.1502E-01  0.0000E+00  0.0000E+00  0.0000E+00  0.0000E+00  0.0000E+00
     -0.014  0.6804E-01  0.1439E-01  0.1439E-01  0.1439E-01  0.0000E+00  0.0000E+00  0.0000E+00  0.0000E+00  0.0000E+00
      0.080  0.6351E-01  0.1372E-01  0.1372E-01  0.1372E-01  0.0000E+00  0.0000E+00  0.0000E+00  0.0000E+00  0.0000E+00
      0.175  0.5970E-01  0.1316E-01  0.1316E-01  0.1316E-01  0.0000E+00  0.0000E+00  0.0000E+00  0.0000E+00  0.0000E+00
      0.269  0.5668E-01  0.1273E-01  0.1273E-01  0.1273E-01  0.0000E+00  0.0000E+00  0.0000E+00  0.0000E+00  0.0000E+00
      0.364  0.5350E-01  0.1228E-01  0.1228E-01  0.1228E-01  0.0000E+00  0.0000E+00  0.0000E+00  0.0000E+00  0.0000E+00
      0.458  0.5000E-01  0.1175E-01  0.1175E-01  0.1175E-01  0.0000E+00  0.0000E+00  0.0000E+00  0.0000E+00  0.0000E+00
      0.552  0.4736E-01  0.1136E-01  0.1136E-01  0.1136E-01  0.0000E+00  0.0000E+00  0.0000E+00  0.0000E+00  0.0000E+00
      0.647  0.4512E-01  0.1104E-01  0.1104E-01  0.1104E-01  0.0000E+00  0.0000E+00  0.0000E+00  0.0000E+00  0.0000E+00
      0.741  0.4272E-01  0.1069E-01  0.1069E-01  0.1069E-01  0.0000E+00  0.0000E+00  0.0000E+00  0.0000E+00  0.0000E+00
      0.836  0.4006E-01  0.1027E-01  0.1027E-01  0.1027E-01  0.0000E+00  0.0000E+00  0.0000E+00  0.0000E+00  0.0000E+00
      0.930  0.3777E-01  0.9909E-02  0.9909E-02  0.9909E-02  0.0000E+00  0.0000E+00  0.0000E+00  0.0000E+00  0.0000E+00
      1.025  0.3603E-01  0.9650E-02  0.9650E-02  0.9650E-02  0.0000E+00  0.0000E+00  0.0000E+00  0.0000E+00  0.0000E+00
      1.119  0.3427E-01  0.9382E-02  0.9382E-02  0.9382E-02  0.0000E+00  0.0000E+00  0.0000E+00  0.0000E+00  0.0000E+00
      1.214  0.3224E-01  0.9049E-02  0.9049E-02  0.9049E-02  0.0000E+00  0.0000E+00  0.0000E+00  0.0000E+00  0.0000E+00
      1.308  0.3004E-01  0.8659E-02  0.8659E-02  0.8659E-02  0.0000E+00  0.0000E+00  0.0000E+00  0.0000E+00  0.0000E+00
      1.403  0.2871E-01  0.8448E-02  0.8448E-02  0.8448E-02  0.0000E+00  0.0000E+00  0.0000E+00  0.0000E+00  0.0000E+00
      1.497  0.2857E-01  0.2167E-01  0.2167E-01  0.2167E-01  0.0000E+00  0.0000E+00  0.0000E+00  0.0000E+00  0.0000E+00
      1.592  0.2870E-01  0.3165E-01  0.3165E-01  0.3165E-01  0.0000E+00  0.0000E+00  0.0000E+00  0.0000E+00  0.0000E+00
      1.686  0.2924E-01  0.4257E-01  0.4257E-01  0.4257E-01  0.0000E+00  0.0000E+00  0.0000E+00  0.0000E+00  0.0000E+00
      1.781  0.3144E-01  0.6035E-01  0.6035E-01  0.6035E-01  0.0000E+00  0.0000E+00  0.0000E+00  0.0000E+00  0.0000E+00
      1.875  0.3169E-01  0.5607E-01  0.5607E-01  0.5607E-01  0.0000E+00  0.0000E+00  0.0000E+00  0.0000E+00  0.0000E+00
      1.970  0.3175E-01  0.5228E-01  0.5228E-01  0.5228E-01  0.0000E+00  0.0000E+00  0.0000E+00  0.0000E+00  0.0000E+00
      2.064  0.3163E-01  0.5045E-01  0.5045E-01  0.5045E-01  0.0000E+00  0.0000E+00  0.0000E+00  0.0000E+00  0.0000E+00
      2.159  0.3096E-01  0.4822E-01  0.4822E-01  0.4822E-01  0.0000E+00  0.0000E+00  0.0000E+00  0.0000E+00  0.0000E+00
      2.253  0.3036E-01  0.4874E-01  0.4874E-01  0.4874E-01  0.0000E+00  0.0000E+00  0.0000E+00  0.0000E+00  0.0000E+00
      2.348  0.3017E-01  0.5003E-01  0.5003E-01  0.5003E-01  0.0000E+00  0.0000E+00  0.0000E+00  0.0000E+00  0.0000E+00
      2.442  0.2961E-01  0.5068E-01  0.5068E-01  0.5068E-01  0.0000E+00  0.0000E+00  0.0000E+00  0.0000E+00  0.0000E+00
      2.537  0.2902E-01  0.5217E-01  0.5217E-01  0.5217E-01  0.0000E+00  0.0000E+00  0.0000E+00  0.0000E+00  0.0000E+00
      2.631  0.2833E-01  0.5512E-01  0.5512E-01  0.5512E-01  0.0000E+00  0.0000E+00  0.0000E+00  0.0000E+00  0.0000E+00
      2.725  0.2732E-01  0.5652E-01  0.5652E-01  0.5652E-01  0.0000E+00  0.0000E+00  0.0000E+00  0.0000E+00  0.0000E+00
      2.820  0.2665E-01  0.5915E-01  0.5915E-01  0.5915E-01  0.0000E+00  0.0000E+00  0.0000E+00  0.0000E+00  0.0000E+00
      2.914  0.2611E-01  0.6451E-01  0.6451E-01  0.6451E-01  0.0000E+00  0.0000E+00  0.0000E+00  0.0000E+00  0.0000E+00
      3.009  0.2542E-01  0.6873E-01  0.6873E-01  0.6873E-01  0.0000E+00  0.0000E+00  0.0000E+00  0.0000E+00  0.0000E+00
      3.103  0.2446E-01  0.7799E-01  0.7799E-01  0.7799E-01  0.0000E+00  0.0000E+00  0.0000E+00  0.0000E+00  0.0000E+00
      3.198  0.2317E-01  0.8660E-01  0.8660E-01  0.8660E-01  0.0000E+00  0.0000E+00  0.0000E+00  0.0000E+00  0.0000E+00
      3.292  0.2223E-01  0.8649E-01  0.8649E-01  0.8649E-01  0.0000E+00  0.0000E+00  0.0000E+00  0.0000E+00  0.0000E+00
      3.387  0.2145E-01  0.8530E-01  0.8530E-01  0.8530E-01  0.0000E+00  0.0000E+00  0.0000E+00  0.0000E+00  0.0000E+00
      3.481  0.2053E-01  0.8389E-01  0.8389E-01  0.8389E-01  0.0000E+00  0.0000E+00  0.0000E+00  0.0000E+00  0.0000E+00
      3.576  0.1964E-01  0.8321E-01  0.8321E-01  0.8321E-01  0.0000E+00  0.0000E+00  0.0000E+00  0.0000E+00  0.0000E+00
      3.670  0.1853E-01  0.8265E-01  0.8265E-01  0.8265E-01  0.0000E+00  0.0000E+00  0.0000E+00  0.0000E+00  0.0000E+00
      3.765  0.1735E-01  0.8138E-01  0.8138E-01  0.8138E-01  0.0000E+00  0.0000E+00  0.0000E+00  0.0000E+00  0.0000E+00
      3.859  0.1655E-01  0.8110E-01  0.8110E-01  0.8110E-01  0.0000E+00  0.0000E+00  0.0000E+00  0.0000E+00  0.0000E+00
      3.954  0.1578E-01  0.7978E-01  0.7978E-01  0.7978E-01  0.0000E+00  0.0000E+00  0.0000E+00  0.0000E+00  0.0000E+00
      4.048  0.1499E-01  0.7947E-01  0.7947E-01  0.7947E-01  0.0000E+00  0.0000E+00  0.0000E+00  0.0000E+00  0.0000E+00
      4.143  0.1401E-01  0.7897E-01  0.7897E-01  0.7897E-01  0.0000E+00  0.0000E+00  0.0000E+00  0.0000E+00  0.0000E+00
      4.237  0.1288E-01  0.7792E-01  0.7792E-01  0.7792E-01  0.0000E+00  0.0000E+00  0.0000E+00  0.0000E+00  0.0000E+00
      4.332  0.1182E-01  0.7709E-01  0.7709E-01  0.7709E-01  0.0000E+00  0.0000E+00  0.0000E+00  0.0000E+00  0.0000E+00
      4.426  0.1103E-01  0.7695E-01  0.7695E-01  0.7695E-01  0.0000E+00  0.0000E+00  0.0000E+00  0.0000E+00  0.0000E+00
      4.521  0.1020E-01  0.7654E-01  0.7654E-01  0.7654E-01  0.0000E+00  0.0000E+00  0.0000E+00  0.0000E+00  0.0000E+00
      4.615  0.9318E-02  0.7608E-01  0.7608E-01  0.7608E-01  0.0000E+00  0.0000E+00  0.0000E+00  0.0000E+00  0.0000E+00
      4.710  0.8396E-02  0.7532E-01  0.7532E-01  0.7532E-01  0.0000E+00  0.0000E+00  0.0000E+00  0.0000E+00  0.0000E+00
      4.804  0.7482E-02  0.7469E-01  0.7469E-01  0.7469E-01  0.0000E+00  0.0000E+00  0.0000E+00  0.0000E+00  0.0000E+00
      4.898  0.6692E-02  0.7497E-01  0.7497E-01  0.7497E-01  0.0000E+00  0.0000E+00  0.0000E+00  0.0000E+00  0.0000E+00
      4.993  0.5984E-02  0.7103E-01  0.7103E-01  0.7103E-01  0.0000E+00  0.0000E+00  0.0000E+00  0.0000E+00  0.0000E+00
      5.087  0.5468E-02  0.5400E-01  0.5400E-01  0.5400E-01  0.0000E+00  0.0000E+00  0.0000E+00  0.0000E+00  0.0000E+00
      5.182  0.4924E-02  0.4722E-01  0.4722E-01  0.4722E-01  0.0000E+00  0.0000E+00  0.0000E+00  0.0000E+00  0.0000E+00
      5.276  0.4193E-02  0.4171E-01  0.4171E-01  0.4171E-01  0.0000E+00  0.0000E+00  0.0000E+00  0.0000E+00  0.0000E+00
      5.371  0.3509E-02  0.3691E-01  0.3691E-01  0.3691E-01  0.0000E+00  0.0000E+00  0.0000E+00  0.0000E+00  0.0000E+00
      5.465  0.3065E-02  0.3286E-01  0.3286E-01  0.3286E-01  0.0000E+00  0.0000E+00  0.0000E+00  0.0000E+00  0.0000E+00
      5.560  0.2604E-02  0.2949E-01  0.2949E-01  0.2949E-01  0.0000E+00  0.0000E+00  0.0000E+00  0.0000E+00  0.0000E+00
      5.654  0.2122E-02  0.2609E-01  0.2609E-01  0.2609E-01  0.0000E+00  0.0000E+00  0.0000E+00  0.0000E+00  0.0000E+00
      5.749  0.1712E-02  0.2297E-01  0.2297E-01  0.2297E-01  0.0000E+00  0.0000E+00  0.0000E+00  0.0000E+00  0.0000E+00
      5.843  0.1262E-02  0.2008E-01  0.2008E-01  0.2008E-01  0.0000E+00  0.0000E+00  0.0000E+00  0.0000E+00  0.0000E+00
      5.938  0.9828E-03  0.1702E-01  0.1702E-01  0.1702E-01  0.0000E+00  0.0000E+00  0.0000E+00  0.0000E+00  0.0000E+00
      6.032  0.6610E-03  0.1384E-01  0.1384E-01  0.1384E-01  0.0000E+00  0.0000E+00  0.0000E+00  0.0000E+00  0.0000E+00
      6.127  0.3681E-03  0.1158E-01  0.1158E-01  0.1158E-01  0.0000E+00  0.0000E+00  0.0000E+00  0.0000E+00  0.0000E+00
      6.221  0.1562E-03  0.7581E-02  0.7581E-02  0.7581E-02  0.0000E+00  0.0000E+00  0.0000E+00  0.0000E+00  0.0000E+00
      6.316  0.1259E-06  0.1023E-03  0.1023E-03  0.1023E-03  0.0000E+00  0.0000E+00  0.0000E+00  0.0000E+00  0.0000E+00
      6.410  0.0000E+00  0.0000E+00  0.0000E+00  0.0000E+00  0.0000E+00  0.0000E+00  0.0000E+00  0.0000E+00  0.0000E+00
      6.505  0.0000E+00  0.0000E+00  0.0000E+00  0.0000E+00  0.0000E+00  0.0000E+00  0.0000E+00  0.0000E+00  0.0000E+00
      6.599  0.0000E+00  0.0000E+00  0.0000E+00  0.0000E+00  0.0000E+00  0.0000E+00  0.0000E+00  0.0000E+00  0.0000E+00
      6.694  0.0000E+00  0.0000E+00  0.0000E+00  0.0000E+00  0.0000E+00  0.0000E+00  0.0000E+00  0.0000E+00  0.0000E+00
      6.788  0.0000E+00  0.0000E+00  0.0000E+00  0.0000E+00  0.0000E+00  0.0000E+00  0.0000E+00  0.0000E+00  0.0000E+00
      6.883  0.0000E+00  0.0000E+00  0.0000E+00  0.0000E+00  0.0000E+00  0.0000E+00  0.0000E+00  0.0000E+00  0.0000E+00
      6.977  0.0000E+00  0.0000E+00  0.0000E+00  0.0000E+00  0.0000E+00  0.0000E+00  0.0000E+00  0.0000E+00  0.0000E+00
      7.071  0.3693E-02  0.9806E-03  0.9806E-03  0.9806E-03  0.0000E+00  0.0000E+00  0.0000E+00  0.0000E+00  0.0000E+00
      7.166  0.8053E-02  0.2237E-02  0.2237E-02  0.2237E-02  0.0000E+00  0.0000E+00  0.0000E+00  0.0000E+00  0.0000E+00
      7.260  0.1212E-01  0.3469E-02  0.3469E-02  0.3469E-02  0.0000E+00  0.0000E+00  0.0000E+00  0.0000E+00  0.0000E+00
      7.355  0.1461E-01  0.4455E-02  0.4455E-02  0.4455E-02  0.0000E+00  0.0000E+00  0.0000E+00  0.0000E+00  0.0000E+00
      7.449  0.1663E-01  0.5362E-02  0.5362E-02  0.5362E-02  0.0000E+00  0.0000E+00  0.0000E+00  0.0000E+00  0.0000E+00
      7.544  0.1857E-01  0.6334E-02  0.6334E-02  0.6334E-02  0.0000E+00  0.0000E+00  0.0000E+00  0.0000E+00  0.0000E+00
      7.638  0.2069E-01  0.7388E-02  0.7388E-02  0.7388E-02  0.0000E+00  0.0000E+00  0.0000E+00  0.0000E+00  0.0000E+00
      7.733  0.2260E-01  0.8517E-02  0.8517E-02  0.8517E-02  0.0000E+00  0.0000E+00  0.0000E+00  0.0000E+00  0.0000E+00
      7.827  0.2368E-01  0.9403E-02  0.9403E-02  0.9403E-02  0.0000E+00  0.0000E+00  0.0000E+00  0.0000E+00  0.0000E+00
      7.922  0.2510E-01  0.1045E-01  0.1045E-01  0.1045E-01  0.0000E+00  0.0000E+00  0.0000E+00  0.0000E+00  0.0000E+00
      8.016  0.2644E-01  0.1154E-01  0.1154E-01  0.1154E-01  0.0000E+00  0.0000E+00  0.0000E+00  0.0000E+00  0.0000E+00
      8.111  0.2788E-01  0.1270E-01  0.1270E-01  0.1270E-01  0.0000E+00  0.0000E+00  0.0000E+00  0.0000E+00  0.0000E+00
      8.205  0.2947E-01  0.1395E-01  0.1395E-01  0.1395E-01  0.0000E+00  0.0000E+00  0.0000E+00  0.0000E+00  0.0000E+00
      8.300  0.3107E-01  0.1538E-01  0.1538E-01  0.1538E-01  0.0000E+00  0.0000E+00  0.0000E+00  0.0000E+00  0.0000E+00
      8.394  0.3241E-01  0.1671E-01  0.1671E-01  0.1671E-01  0.0000E+00  0.0000E+00  0.0000E+00  0.0000E+00  0.0000E+00
      8.489  0.3858E-01  0.1826E-01  0.1826E-01  0.1826E-01  0.0000E+00  0.0000E+00  0.0000E+00  0.0000E+00  0.0000E+00
      8.583  0.5082E-01  0.2040E-01  0.2040E-01  0.2040E-01  0.0000E+00  0.0000E+00  0.0000E+00  0.0000E+00  0.0000E+00
      8.678  0.5853E-01  0.2277E-01  0.2277E-01  0.2277E-01  0.0000E+00  0.0000E+00  0.0000E+00  0.0000E+00  0.0000E+00
      8.772  0.6823E-01  0.2554E-01  0.2554E-01  0.2554E-01  0.0000E+00  0.0000E+00  0.0000E+00  0.0000E+00  0.0000E+00
      8.867  0.8116E-01  0.2944E-01  0.2944E-01  0.2944E-01  0.0000E+00  0.0000E+00  0.0000E+00  0.0000E+00  0.0000E+00
      8.961  0.1071E+00  0.3631E-01  0.3631E-01  0.3631E-01  0.0000E+00  0.0000E+00  0.0000E+00  0.0000E+00  0.0000E+00
      9.056  0.9849E-01  0.3793E-01  0.3793E-01  0.3793E-01  0.0000E+00  0.0000E+00  0.0000E+00  0.0000E+00  0.0000E+00
      9.150  0.9925E-01  0.4287E-01  0.4287E-01  0.4287E-01  0.0000E+00  0.0000E+00  0.0000E+00  0.0000E+00  0.0000E+00
      9.245  0.8650E-01  0.4126E-01  0.4126E-01  0.4126E-01  0.0000E+00  0.0000E+00  0.0000E+00  0.0000E+00  0.0000E+00
      9.339  0.6577E-01  0.3449E-01  0.3449E-01  0.3449E-01  0.0000E+00  0.0000E+00  0.0000E+00  0.0000E+00  0.0000E+00
      9.433  0.5496E-01  0.3238E-01  0.3238E-01  0.3238E-01  0.0000E+00  0.0000E+00  0.0000E+00  0.0000E+00  0.0000E+00
      9.528  0.4983E-01  0.3309E-01  0.3309E-01  0.3309E-01  0.0000E+00  0.0000E+00  0.0000E+00  0.0000E+00  0.0000E+00
      9.622  0.4359E-01  0.3144E-01  0.3144E-01  0.3144E-01  0.0000E+00  0.0000E+00  0.0000E+00  0.0000E+00  0.0000E+00
      9.717  0.3962E-01  0.3357E-01  0.3357E-01  0.3357E-01  0.0000E+00  0.0000E+00  0.0000E+00  0.0000E+00  0.0000E+00
      9.811  0.3930E-01  0.4682E-01  0.4682E-01  0.4682E-01  0.0000E+00  0.0000E+00  0.0000E+00  0.0000E+00  0.0000E+00
      9.906  0.4254E-01  0.6000E-01  0.6000E-01  0.6000E-01  0.0000E+00  0.0000E+00  0.0000E+00  0.0000E+00  0.0000E+00
     10.000  0.4684E-01  0.6508E-01  0.6508E-01  0.6508E-01  0.0000E+00  0.0000E+00  0.0000E+00  0.0000E+00  0.0000E+00
     10.095  0.4625E-01  0.5291E-01  0.5291E-01  0.5291E-01  0.0000E+00  0.0000E+00  0.0000E+00  0.0000E+00  0.0000E+00
     10.189  0.4828E-01  0.5321E-01  0.5321E-01  0.5321E-01  0.0000E+00  0.0000E+00  0.0000E+00  0.0000E+00  0.0000E+00
     10.284  0.4167E-01  0.4904E-01  0.4904E-01  0.4904E-01  0.0000E+00  0.0000E+00  0.0000E+00  0.0000E+00  0.0000E+00
     10.378  0.4164E-01  0.5193E-01  0.5193E-01  0.5193E-01  0.0000E+00  0.0000E+00  0.0000E+00  0.0000E+00  0.0000E+00
     10.473  0.4088E-01  0.4991E-01  0.4991E-01  0.4991E-01  0.0000E+00  0.0000E+00  0.0000E+00  0.0000E+00  0.0000E+00
     10.567  0.3972E-01  0.4676E-01  0.4676E-01  0.4676E-01  0.0000E+00  0.0000E+00  0.0000E+00  0.0000E+00  0.0000E+00
     10.662  0.4424E-01  0.4872E-01  0.4872E-01  0.4872E-01  0.0000E+00  0.0000E+00  0.0000E+00  0.0000E+00  0.0000E+00
     10.756  0.3763E-01  0.4363E-01  0.4363E-01  0.4363E-01  0.0000E+00  0.0000E+00  0.0000E+00  0.0000E+00  0.0000E+00
     10.851  0.2400E-01  0.3656E-01  0.3656E-01  0.3656E-01  0.0000E+00  0.0000E+00  0.0000E+00  0.0000E+00  0.0000E+00
     10.945  0.2077E-01  0.3418E-01  0.3418E-01  0.3418E-01  0.0000E+00  0.0000E+00  0.0000E+00  0.0000E+00  0.0000E+00
     11.040  0.2027E-01  0.3294E-01  0.3294E-01  0.3294E-01  0.0000E+00  0.0000E+00  0.0000E+00  0.0000E+00  0.0000E+00
     11.134  0.2669E-01  0.3451E-01  0.3451E-01  0.3451E-01  0.0000E+00  0.0000E+00  0.0000E+00  0.0000E+00  0.0000E+00
     11.229  0.2882E-01  0.3622E-01  0.3622E-01  0.3622E-01  0.0000E+00  0.0000E+00  0.0000E+00  0.0000E+00  0.0000E+00
     11.323  0.3579E-01  0.3918E-01  0.3918E-01  0.3918E-01  0.0000E+00  0.0000E+00  0.0000E+00  0.0000E+00  0.0000E+00
     11.418  0.3566E-01  0.3467E-01  0.3467E-01  0.3467E-01  0.0000E+00  0.0000E+00  0.0000E+00  0.0000E+00  0.0000E+00
     11.512  0.3609E-01  0.3437E-01  0.3437E-01  0.3437E-01  0.0000E+00  0.0000E+00  0.0000E+00  0.0000E+00  0.0000E+00
     11.606  0.3758E-01  0.3476E-01  0.3476E-01  0.3476E-01  0.0000E+00  0.0000E+00  0.0000E+00  0.0000E+00  0.0000E+00
     11.701  0.4091E-01  0.3620E-01  0.3620E-01  0.3620E-01  0.0000E+00  0.0000E+00  0.0000E+00  0.0000E+00  0.0000E+00
     11.795  0.4573E-01  0.3576E-01  0.3576E-01  0.3576E-01  0.0000E+00  0.0000E+00  0.0000E+00  0.0000E+00  0.0000E+00
     11.890  0.4534E-01  0.3725E-01  0.3725E-01  0.3725E-01  0.0000E+00  0.0000E+00  0.0000E+00  0.0000E+00  0.0000E+00
     11.984  0.4229E-01  0.3630E-01  0.3630E-01  0.3630E-01  0.0000E+00  0.0000E+00  0.0000E+00  0.0000E+00  0.0000E+00
     12.079  0.4013E-01  0.3490E-01  0.3490E-01  0.3490E-01  0.0000E+00  0.0000E+00  0.0000E+00  0.0000E+00  0.0000E+00
     12.173  0.3829E-01  0.3471E-01  0.3471E-01  0.3471E-01  0.0000E+00  0.0000E+00  0.0000E+00  0.0000E+00  0.0000E+00
     12.268  0.3843E-01  0.3547E-01  0.3547E-01  0.3547E-01  0.0000E+00  0.0000E+00  0.0000E+00  0.0000E+00  0.0000E+00
     12.362  0.3730E-01  0.3512E-01  0.3512E-01  0.3512E-01  0.0000E+00  0.0000E+00  0.0000E+00  0.0000E+00  0.0000E+00
     12.457  0.3603E-01  0.3489E-01  0.3489E-01  0.3489E-01  0.0000E+00  0.0000E+00  0.0000E+00  0.0000E+00  0.0000E+00
     12.551  0.3424E-01  0.3485E-01  0.3485E-01  0.3485E-01  0.0000E+00  0.0000E+00  0.0000E+00  0.0000E+00  0.0000E+00
     12.646  0.3213E-01  0.3334E-01  0.3334E-01  0.3334E-01  0.0000E+00  0.0000E+00  0.0000E+00  0.0000E+00  0.0000E+00
     12.740  0.3075E-01  0.3321E-01  0.3321E-01  0.3321E-01  0.0000E+00  0.0000E+00  0.0000E+00  0.0000E+00  0.0000E+00
     12.835  0.2671E-01  0.3227E-01  0.3227E-01  0.3227E-01  0.0000E+00  0.0000E+00  0.0000E+00  0.0000E+00  0.0000E+00
     12.929  0.2467E-01  0.3175E-01  0.3175E-01  0.3175E-01  0.0000E+00  0.0000E+00  0.0000E+00  0.0000E+00  0.0000E+00
     13.024  0.2342E-01  0.3171E-01  0.3171E-01  0.3171E-01  0.0000E+00  0.0000E+00  0.0000E+00  0.0000E+00  0.0000E+00
     13.118  0.2227E-01  0.3160E-01  0.3160E-01  0.3160E-01  0.0000E+00  0.0000E+00  0.0000E+00  0.0000E+00  0.0000E+00
     13.213  0.2071E-01  0.3141E-01  0.3141E-01  0.3141E-01  0.0000E+00  0.0000E+00  0.0000E+00  0.0000E+00  0.0000E+00
     13.307  0.1783E-01  0.2809E-01  0.2809E-01  0.2809E-01  0.0000E+00  0.0000E+00  0.0000E+00  0.0000E+00  0.0000E+00
     13.402  0.1774E-01  0.2812E-01  0.2812E-01  0.2812E-01  0.0000E+00  0.0000E+00  0.0000E+00  0.0000E+00  0.0000E+00
     13.496  0.1792E-01  0.2886E-01  0.2886E-01  0.2886E-01  0.0000E+00  0.0000E+00  0.0000E+00  0.0000E+00  0.0000E+00
     13.591  0.1757E-01  0.2928E-01  0.2928E-01  0.2928E-01  0.0000E+00  0.0000E+00  0.0000E+00  0.0000E+00  0.0000E+00
     13.685  0.1879E-01  0.3104E-01  0.3104E-01  0.3104E-01  0.0000E+00  0.0000E+00  0.0000E+00  0.0000E+00  0.0000E+00
     13.779  0.1927E-01  0.3189E-01  0.3189E-01  0.3189E-01  0.0000E+00  0.0000E+00  0.0000E+00  0.0000E+00  0.0000E+00
     13.874  0.1958E-01  0.3251E-01  0.3251E-01  0.3251E-01  0.0000E+00  0.0000E+00  0.0000E+00  0.0000E+00  0.0000E+00
     13.968  0.1769E-01  0.3002E-01  0.3002E-01  0.3002E-01  0.0000E+00  0.0000E+00  0.0000E+00  0.0000E+00  0.0000E+00
     14.063  0.1398E-01  0.2588E-01  0.2588E-01  0.2588E-01  0.0000E+00  0.0000E+00  0.0000E+00  0.0000E+00  0.0000E+00
     14.157  0.1227E-01  0.2434E-01  0.2434E-01  0.2434E-01  0.0000E+00  0.0000E+00  0.0000E+00  0.0000E+00  0.0000E+00
     14.252  0.1095E-01  0.2297E-01  0.2297E-01  0.2297E-01  0.0000E+00  0.0000E+00  0.0000E+00  0.0000E+00  0.0000E+00
     14.346  0.9613E-02  0.2115E-01  0.2115E-01  0.2115E-01  0.0000E+00  0.0000E+00  0.0000E+00  0.0000E+00  0.0000E+00
     14.441  0.9096E-02  0.2051E-01  0.2051E-01  0.2051E-01  0.0000E+00  0.0000E+00  0.0000E+00  0.0000E+00  0.0000E+00
     14.535  0.8562E-02  0.1984E-01  0.1984E-01  0.1984E-01  0.0000E+00  0.0000E+00  0.0000E+00  0.0000E+00  0.0000E+00
     14.630  0.7826E-02  0.1892E-01  0.1892E-01  0.1892E-01  0.0000E+00  0.0000E+00  0.0000E+00  0.0000E+00  0.0000E+00
     14.724  0.7008E-02  0.1814E-01  0.1814E-01  0.1814E-01  0.0000E+00  0.0000E+00  0.0000E+00  0.0000E+00  0.0000E+00
     14.819  0.7068E-02  0.1950E-01  0.1950E-01  0.1950E-01  0.0000E+00  0.0000E+00  0.0000E+00  0.0000E+00  0.0000E+00
     14.913  0.6658E-02  0.2049E-01  0.2049E-01  0.2049E-01  0.0000E+00  0.0000E+00  0.0000E+00  0.0000E+00  0.0000E+00
     15.008  0.5026E-02  0.1691E-01  0.1691E-01  0.1691E-01  0.0000E+00  0.0000E+00  0.0000E+00  0.0000E+00  0.0000E+00
     15.102  0.4430E-02  0.1559E-01  0.1559E-01  0.1559E-01  0.0000E+00  0.0000E+00  0.0000E+00  0.0000E+00  0.0000E+00
     15.197  0.3927E-02  0.1425E-01  0.1425E-01  0.1425E-01  0.0000E+00  0.0000E+00  0.0000E+00  0.0000E+00  0.0000E+00
     15.291  0.3396E-02  0.1077E-01  0.1077E-01  0.1077E-01  0.0000E+00  0.0000E+00  0.0000E+00  0.0000E+00  0.0000E+00
     15.386  0.3081E-02  0.9283E-02  0.9283E-02  0.9283E-02  0.0000E+00  0.0000E+00  0.0000E+00  0.0000E+00  0.0000E+00
     15.480  0.2863E-02  0.8850E-02  0.8850E-02  0.8850E-02  0.0000E+00  0.0000E+00  0.0000E+00  0.0000E+00  0.0000E+00
     15.575  0.2655E-02  0.8428E-02  0.8428E-02  0.8428E-02  0.0000E+00  0.0000E+00  0.0000E+00  0.0000E+00  0.0000E+00
     15.669  0.2346E-02  0.7837E-02  0.7837E-02  0.7837E-02  0.0000E+00  0.0000E+00  0.0000E+00  0.0000E+00  0.0000E+00
     15.764  0.2217E-02  0.8003E-02  0.8003E-02  0.8003E-02  0.0000E+00  0.0000E+00  0.0000E+00  0.0000E+00  0.0000E+00
     15.858  0.1893E-02  0.7463E-02  0.7463E-02  0.7463E-02  0.0000E+00  0.0000E+00  0.0000E+00  0.0000E+00  0.0000E+00
     15.952  0.1563E-02  0.6440E-02  0.6440E-02  0.6440E-02  0.0000E+00  0.0000E+00  0.0000E+00  0.0000E+00  0.0000E+00
     16.047  0.1353E-02  0.5795E-02  0.5795E-02  0.5795E-02  0.0000E+00  0.0000E+00  0.0000E+00  0.0000E+00  0.0000E+00
     16.141  0.1215E-02  0.5396E-02  0.5396E-02  0.5396E-02  0.0000E+00  0.0000E+00  0.0000E+00  0.0000E+00  0.0000E+00
     16.236  0.1110E-02  0.5135E-02  0.5135E-02  0.5135E-02  0.0000E+00  0.0000E+00  0.0000E+00  0.0000E+00  0.0000E+00
     16.330  0.1034E-02  0.4948E-02  0.4948E-02  0.4948E-02  0.0000E+00  0.0000E+00  0.0000E+00  0.0000E+00  0.0000E+00
     16.425  0.9179E-03  0.4692E-02  0.4692E-02  0.4692E-02  0.0000E+00  0.0000E+00  0.0000E+00  0.0000E+00  0.0000E+00
     16.519  0.7541E-03  0.4234E-02  0.4234E-02  0.4234E-02  0.0000E+00  0.0000E+00  0.0000E+00  0.0000E+00  0.0000E+00
     16.614  0.5884E-03  0.3866E-02  0.3866E-02  0.3866E-02  0.0000E+00  0.0000E+00  0.0000E+00  0.0000E+00  0.0000E+00
     16.708  0.4146E-03  0.3314E-02  0.3314E-02  0.3314E-02  0.0000E+00  0.0000E+00  0.0000E+00  0.0000E+00  0.0000E+00
     16.803  0.3535E-03  0.2884E-02  0.2884E-02  0.2884E-02  0.0000E+00  0.0000E+00  0.0000E+00  0.0000E+00  0.0000E+00
     16.897  0.2978E-03  0.2513E-02  0.2513E-02  0.2513E-02  0.0000E+00  0.0000E+00  0.0000E+00  0.0000E+00  0.0000E+00
     16.992  0.2475E-03  0.2200E-02  0.2200E-02  0.2200E-02  0.0000E+00  0.0000E+00  0.0000E+00  0.0000E+00  0.0000E+00
     17.086  0.2106E-03  0.2052E-02  0.2052E-02  0.2052E-02  0.0000E+00  0.0000E+00  0.0000E+00  0.0000E+00  0.0000E+00
     17.181  0.1791E-03  0.2027E-02  0.2027E-02  0.2027E-02  0.0000E+00  0.0000E+00  0.0000E+00  0.0000E+00  0.0000E+00
     17.275  0.1529E-03  0.2097E-02  0.2097E-02  0.2097E-02  0.0000E+00  0.0000E+00  0.0000E+00  0.0000E+00  0.0000E+00
     17.370  0.1644E-03  0.2231E-02  0.2231E-02  0.2231E-02  0.0000E+00  0.0000E+00  0.0000E+00  0.0000E+00  0.0000E+00
     17.464  0.1603E-04  0.4916E-03  0.4916E-03  0.4916E-03  0.0000E+00  0.0000E+00  0.0000E+00  0.0000E+00  0.0000E+00
     17.559  0.6704E-05  0.2057E-03  0.2057E-03  0.2057E-03  0.0000E+00  0.0000E+00  0.0000E+00  0.0000E+00  0.0000E+00
     17.653  0.1381E-05  0.4238E-04  0.4238E-04  0.4238E-04  0.0000E+00  0.0000E+00  0.0000E+00  0.0000E+00  0.0000E+00
     17.748  0.0000E+00  0.0000E+00  0.0000E+00  0.0000E+00  0.0000E+00  0.0000E+00  0.0000E+00  0.0000E+00  0.0000E+00
     17.842  0.0000E+00  0.0000E+00  0.0000E+00  0.0000E+00  0.0000E+00  0.0000E+00  0.0000E+00  0.0000E+00  0.0000E+00
     17.937  0.0000E+00  0.0000E+00  0.0000E+00  0.0000E+00  0.0000E+00  0.0000E+00  0.0000E+00  0.0000E+00  0.0000E+00
     18.031  0.0000E+00  0.0000E+00  0.0000E+00  0.0000E+00  0.0000E+00  0.0000E+00  0.0000E+00  0.0000E+00  0.0000E+00
     18.125  0.0000E+00  0.0000E+00  0.0000E+00  0.0000E+00  0.0000E+00  0.0000E+00  0.0000E+00  0.0000E+00  0.0000E+00
     18.220  0.0000E+00  0.0000E+00  0.0000E+00  0.0000E+00  0.0000E+00  0.0000E+00  0.0000E+00  0.0000E+00  0.0000E+00
     18.314  0.0000E+00  0.0000E+00  0.0000E+00  0.0000E+00  0.0000E+00  0.0000E+00  0.0000E+00  0.0000E+00  0.0000E+00
     18.409  0.0000E+00  0.0000E+00  0.0000E+00  0.0000E+00  0.0000E+00  0.0000E+00  0.0000E+00  0.0000E+00  0.0000E+00
     18.503  0.0000E+00  0.0000E+00  0.0000E+00  0.0000E+00  0.0000E+00  0.0000E+00  0.0000E+00  0.0000E+00  0.0000E+00
     18.598  0.0000E+00  0.0000E+00  0.0000E+00  0.0000E+00  0.0000E+00  0.0000E+00  0.0000E+00  0.0000E+00  0.0000E+00
     18.692  0.0000E+00  0.0000E+00  0.0000E+00  0.0000E+00  0.0000E+00  0.0000E+00  0.0000E+00  0.0000E+00  0.0000E+00
     18.787  0.0000E+00  0.0000E+00  0.0000E+00  0.0000E+00  0.0000E+00  0.0000E+00  0.0000E+00  0.0000E+00  0.0000E+00
     18.881  0.0000E+00  0.0000E+00  0.0000E+00  0.0000E+00  0.0000E+00  0.0000E+00  0.0000E+00  0.0000E+00  0.0000E+00
     18.976  0.0000E+00  0.0000E+00  0.0000E+00  0.0000E+00  0.0000E+00  0.0000E+00  0.0000E+00  0.0000E+00  0.0000E+00
     19.070  0.0000E+00  0.0000E+00  0.0000E+00  0.0000E+00  0.0000E+00  0.0000E+00  0.0000E+00  0.0000E+00  0.0000E+00
     19.165  0.0000E+00  0.0000E+00  0.0000E+00  0.0000E+00  0.0000E+00  0.0000E+00  0.0000E+00  0.0000E+00  0.0000E+00
     19.259  0.0000E+00  0.0000E+00  0.0000E+00  0.0000E+00  0.0000E+00  0.0000E+00  0.0000E+00  0.0000E+00  0.0000E+00
     19.354  0.0000E+00  0.0000E+00  0.0000E+00  0.0000E+00  0.0000E+00  0.0000E+00  0.0000E+00  0.0000E+00  0.0000E+00
     19.448  0.0000E+00  0.0000E+00  0.0000E+00  0.0000E+00  0.0000E+00  0.0000E+00  0.0000E+00  0.0000E+00  0.0000E+00
     19.543  0.0000E+00  0.0000E+00  0.0000E+00  0.0000E+00  0.0000E+00  0.0000E+00  0.0000E+00  0.0000E+00  0.0000E+00
     19.637  0.0000E+00  0.0000E+00  0.0000E+00  0.0000E+00  0.0000E+00  0.0000E+00  0.0000E+00  0.0000E+00  0.0000E+00
     19.732  0.0000E+00  0.0000E+00  0.0000E+00  0.0000E+00  0.0000E+00  0.0000E+00  0.0000E+00  0.0000E+00  0.0000E+00
     19.73163259     -8.61196781  301      6.32465589      1.00000000
     -8.612  0.0000E+00  0.0000E+00  0.0000E+00  0.0000E+00  0.0000E+00  0.0000E+00  0.0000E+00  0.0000E+00  0.0000E+00
     -8.517  0.0000E+00  0.0000E+00  0.0000E+00  0.0000E+00  0.0000E+00  0.0000E+00  0.0000E+00  0.0000E+00  0.0000E+00
     -8.423  0.0000E+00  0.0000E+00  0.0000E+00  0.0000E+00  0.0000E+00  0.0000E+00  0.0000E+00  0.0000E+00  0.0000E+00
     -8.329  0.0000E+00  0.0000E+00  0.0000E+00  0.0000E+00  0.0000E+00  0.0000E+00  0.0000E+00  0.0000E+00  0.0000E+00
     -8.234  0.0000E+00  0.0000E+00  0.0000E+00  0.0000E+00  0.0000E+00  0.0000E+00  0.0000E+00  0.0000E+00  0.0000E+00
     -8.140  0.0000E+00  0.0000E+00  0.0000E+00  0.0000E+00  0.0000E+00  0.0000E+00  0.0000E+00  0.0000E+00  0.0000E+00
     -8.045  0.0000E+00  0.0000E+00  0.0000E+00  0.0000E+00  0.0000E+00  0.0000E+00  0.0000E+00  0.0000E+00  0.0000E+00
     -7.951  0.0000E+00  0.0000E+00  0.0000E+00  0.0000E+00  0.0000E+00  0.0000E+00  0.0000E+00  0.0000E+00  0.0000E+00
     -7.856  0.0000E+00  0.0000E+00  0.0000E+00  0.0000E+00  0.0000E+00  0.0000E+00  0.0000E+00  0.0000E+00  0.0000E+00
     -7.762  0.0000E+00  0.0000E+00  0.0000E+00  0.0000E+00  0.0000E+00  0.0000E+00  0.0000E+00  0.0000E+00  0.0000E+00
     -7.667  0.0000E+00  0.0000E+00  0.0000E+00  0.0000E+00  0.0000E+00  0.0000E+00  0.0000E+00  0.0000E+00  0.0000E+00
     -7.573  0.0000E+00  0.0000E+00  0.0000E+00  0.0000E+00  0.0000E+00  0.0000E+00  0.0000E+00  0.0000E+00  0.0000E+00
     -7.478  0.0000E+00  0.0000E+00  0.0000E+00  0.0000E+00  0.0000E+00  0.0000E+00  0.0000E+00  0.0000E+00  0.0000E+00
     -7.384  0.0000E+00  0.0000E+00  0.0000E+00  0.0000E+00  0.0000E+00  0.0000E+00  0.0000E+00  0.0000E+00  0.0000E+00
     -7.289  0.0000E+00  0.0000E+00  0.0000E+00  0.0000E+00  0.0000E+00  0.0000E+00  0.0000E+00  0.0000E+00  0.0000E+00
     -7.195  0.0000E+00  0.0000E+00  0.0000E+00  0.0000E+00  0.0000E+00  0.0000E+00  0.0000E+00  0.0000E+00  0.0000E+00
     -7.100  0.0000E+00  0.0000E+00  0.0000E+00  0.0000E+00  0.0000E+00  0.0000E+00  0.0000E+00  0.0000E+00  0.0000E+00
     -7.006  0.0000E+00  0.0000E+00  0.0000E+00  0.0000E+00  0.0000E+00  0.0000E+00  0.0000E+00  0.0000E+00  0.0000E+00
     -6.911  0.0000E+00  0.0000E+00  0.0000E+00  0.0000E+00  0.0000E+00  0.0000E+00  0.0000E+00  0.0000E+00  0.0000E+00
     -6.817  0.0000E+00  0.0000E+00  0.0000E+00  0.0000E+00  0.0000E+00  0.0000E+00  0.0000E+00  0.0000E+00  0.0000E+00
     -6.722  0.0000E+00  0.0000E+00  0.0000E+00  0.0000E+00  0.0000E+00  0.0000E+00  0.0000E+00  0.0000E+00  0.0000E+00
     -6.628  0.0000E+00  0.0000E+00  0.0000E+00  0.0000E+00  0.0000E+00  0.0000E+00  0.0000E+00  0.0000E+00  0.0000E+00
     -6.533  0.2251E-01  0.2871E-04  0.2871E-04  0.2871E-04  0.0000E+00  0.0000E+00  0.0000E+00  0.0000E+00  0.0000E+00
     -6.439  0.2631E-01  0.8113E-04  0.8113E-04  0.8113E-04  0.0000E+00  0.0000E+00  0.0000E+00  0.0000E+00  0.0000E+00
     -6.344  0.3321E-01  0.1552E-03  0.1552E-03  0.1552E-03  0.0000E+00  0.0000E+00  0.0000E+00  0.0000E+00  0.0000E+00
     -6.250  0.3936E-01  0.2408E-03  0.2408E-03  0.2408E-03  0.0000E+00  0.0000E+00  0.0000E+00  0.0000E+00  0.0000E+00
     -6.156  0.4385E-01  0.3450E-03  0.3450E-03  0.3450E-03  0.0000E+00  0.0000E+00  0.0000E+00  0.0000E+00  0.0000E+00
     -6.061  0.4852E-01  0.4566E-03  0.4566E-03  0.4566E-03  0.0000E+00  0.0000E+00  0.0000E+00  0.0000E+00  0.0000E+00
     -5.967  0.5267E-01  0.5793E-03  0.5793E-03  0.5793E-03  0.0000E+00  0.0000E+00  0.0000E+00  0.0000E+00  0.0000E+00
     -5.872  0.5666E-01  0.7114E-03  0.7114E-03  0.7114E-03  0.0000E+00  0.0000E+00  0.0000E+00  0.0000E+00  0.0000E+00
     -5.778  0.6037E-01  0.8527E-03  0.8527E-03  0.8527E-03  0.0000E+00  0.0000E+00  0.0000E+00  0.0000E+00  0.0000E+00
     -5.683  0.6416E-01  0.9999E-03  0.9999E-03  0.9999E-03  0.0000E+00  0.0000E+00  0.0000E+00  0.0000E+00  0.0000E+00
     -5.589  0.6755E-01  0.1160E-02  0.1160E-02  0.1160E-02  0.0000E+00  0.0000E+00  0.0000E+00  0.0000E+00  0.0000E+00
     -5.494  0.7122E-01  0.1321E-02  0.1321E-02  0.1321E-02  0.0000E+00  0.0000E+00  0.0000E+00  0.0000E+00  0.0000E+00
     -5.400  0.7449E-01  0.1498E-02  0.1498E-02  0.1498E-02  0.0000E+00  0.0000E+00  0.0000E+00  0.0000E+00  0.0000E+00
     -5.305  0.7790E-01  0.1679E-02  0.1679E-02  0.1679E-02  0.0000E+00  0.0000E+00  0.0000E+00  0.0000E+00  0.0000E+00
     -5.211  0.8147E-01  0.1863E-02  0.1863E-02  0.1863E-02  0.0000E+00  0.0000E+00  0.0000E+00  0.0000E+00  0.0000E+00
     -5.116  0.8475E-01  0.2065E-02  0.2065E-02  0.2065E-02  0.0000E+00  0.0000E+00  0.0000E+00  0.0000E+00  0.0000E+00
     -5.022  0.8831E-01  0.2268E-02  0.2268E-02  0.2268E-02  0.0000E+00  0.0000E+00  0.0000E+00  0.0000E+00  0.0000E+00
     -4.927  0.9201E-01  0.2478E-02  0.2478E-02  0.2478E-02  0.0000E+00  0.0000E+00  0.0000E+00  0.0000E+00  0.0000E+00
     -4.833  0.9567E-01  0.2707E-02  0.2707E-02  0.2707E-02  0.0000E+00  0.0000E+00  0.0000E+00  0.0000E+00  0.0000E+00
     -4.738  0.9965E-01  0.2938E-02  0.2938E-02  0.2938E-02  0.0000E+00  0.0000E+00  0.0000E+00  0.0000E+00  0.0000E+00
     -4.644  0.1040E+00  0.3175E-02  0.3175E-02  0.3175E-02  0.0000E+00  0.0000E+00  0.0000E+00  0.0000E+00  0.0000E+00
     -4.549  0.1085E+00  0.3442E-02  0.3442E-02  0.3442E-02  0.0000E+00  0.0000E+00  0.0000E+00  0.0000E+00  0.0000E+00
     -4.455  0.1136E+00  0.3718E-02  0.3718E-02  0.3718E-02  0.0000E+00  0.0000E+00  0.0000E+00  0.0000E+00  0.0000E+00
     -4.360  0.1195E+00  0.4007E-02  0.4007E-02  0.4007E-02  0.0000E+00  0.0000E+00  0.0000E+00  0.0000E+00  0.0000E+00
     -4.266  0.1264E+00  0.4345E-02  0.4345E-02  0.4345E-02  0.0000E+00  0.0000E+00  0.0000E+00  0.0000E+00  0.0000E+00
     -4.171  0.1355E+00  0.4733E-02  0.4733E-02  0.4733E-02  0.0000E+00  0.0000E+00  0.0000E+00  0.0000E+00  0.0000E+00
     -4.077  0.1496E+00  0.5237E-02  0.5237E-02  0.5237E-02  0.0000E+00  0.0000E+00  0.0000E+00  0.0000E+00  0.0000E+00
     -3.983  0.1761E+00  0.6051E-02  0.6051E-02  0.6051E-02  0.0000E+00  0.0000E+00  0.0000E+00  0.0000E+00  0.0000E+00
     -3.888  0.1700E+00  0.6156E-02  0.6156E-02  0.6156E-02  0.0000E+00  0.0000E+00  0.0000E+00  0.0000E+00  0.0000E+00
     -3.794  0.1633E+00  0.6186E-02  0.6186E-02  0.6186E-02  0.0000E+00  0.0000E+00  0.0000E+00  0.0000E+00  0.0000E+00
     -3.699  0.1587E+00  0.6267E-02  0.6267E-02  0.6267E-02  0.0000E+00  0.0000E+00  0.0000E+00  0.0000E+00  0.0000E+00
     -3.605  0.1517E+00  0.6287E-02  0.6287E-02  0.6287E-02  0.0000E+00  0.0000E+00  0.0000E+00  0.0000E+00  0.0000E+00
     -3.510  0.1455E+00  0.6282E-02  0.6282E-02  0.6282E-02  0.0000E+00  0.0000E+00  0.0000E+00  0.0000E+00  0.0000E+00
     -3.416  0.1398E+00  0.6280E-02  0.6280E-02  0.6280E-02  0.0000E+00  0.0000E+00  0.0000E+00  0.0000E+00  0.0000E+00
     -3.321  0.1335E+00  0.6255E-02  0.6255E-02  0.6255E-02  0.0000E+00  0.0000E+00  0.0000E+00  0.0000E+00  0.0000E+00
     -3.227  0.1278E+00  0.6210E-02  0.6210E-02  0.6210E-02  0.0000E+00  0.0000E+00  0.0000E+00  0.0000E+00  0.0000E+00
     -3.132  0.1220E+00  0.6146E-02  0.6146E-02  0.6146E-02  0.0000E+00  0.0000E+00  0.0000E+00  0.0000E+00  0.0000E+00
     -3.038  0.1159E+00  0.6067E-02  0.6067E-02  0.6067E-02  0.0000E+00  0.0000E+00  0.0000E+00  0.0000E+00  0.0000E+00
     -2.943  0.1101E+00  0.5962E-02  0.5962E-02  0.5962E-02  0.0000E+00  0.0000E+00  0.0000E+00  0.0000E+00  0.0000E+00
     -2.849  0.1034E+00  0.5813E-02  0.5813E-02  0.5813E-02  0.0000E+00  0.0000E+00  0.0000E+00  0.0000E+00  0.0000E+00
     -2.754  0.9732E-01  0.5664E-02  0.5664E-02  0.5664E-02  0.0000E+00  0.0000E+00  0.0000E+00  0.0000E+00  0.0000E+00
     -2.660  0.9089E-01  0.5474E-02  0.5474E-02  0.5474E-02  0.0000E+00  0.0000E+00  0.0000E+00  0.0000E+00  0.0000E+00
     -2.565  0.8386E-01  0.5242E-02  0.5242E-02  0.5242E-02  0.0000E+00  0.0000E+00  0.0000E+00  0.0000E+00  0.0000E+00
     -2.471  0.7742E-01  0.5008E-02  0.5008E-02  0.5008E-02  0.0000E+00  0.0000E+00  0.0000E+00  0.0000E+00  0.0000E+00
     -2.376  0.6923E-01  0.4674E-02  0.4674E-02  0.4674E-02  0.0000E+00  0.0000E+00  0.0000E+00  0.0000E+00  0.0000E+00
     -2.282  0.6551E-01  0.4623E-02  0.4623E-02  0.4623E-02  0.0000E+00  0.0000E+00  0.0000E+00  0.0000E+00  0.0000E+00
     -2.187  0.5074E-01  0.3736E-02  0.3736E-02  0.3736E-02  0.0000E+00  0.0000E+00  0.0000E+00  0.0000E+00  0.0000E+00
     -2.093  0.2501E-01  0.1903E-02  0.1903E-02  0.1903E-02  0.0000E+00  0.0000E+00  0.0000E+00  0.0000E+00  0.0000E+00
     -1.998  0.8518E-02  0.6415E-03  0.6415E-03  0.6415E-03  0.0000E+00  0.0000E+00  0.0000E+00  0.0000E+00  0.0000E+00
     -1.904  0.7475E-02  0.6564E-03  0.6564E-03  0.6564E-03  0.0000E+00  0.0000E+00  0.0000E+00  0.0000E+00  0.0000E+00
     -1.810  0.1714E-01  0.1582E-02  0.1582E-02  0.1582E-02  0.0000E+00  0.0000E+00  0.0000E+00  0.0000E+00  0.0000E+00
     -1.715  0.3186E-01  0.2958E-02  0.2958E-02  0.2958E-02  0.0000E+00  0.0000E+00  0.0000E+00  0.0000E+00  0.0000E+00
     -1.621  0.4333E-01  0.4094E-02  0.4094E-02  0.4094E-02  0.0000E+00  0.0000E+00  0.0000E+00  0.0000E+00  0.0000E+00
     -1.526  0.5449E-01  0.5323E-02  0.5323E-02  0.5323E-02  0.0000E+00  0.0000E+00  0.0000E+00  0.0000E+00  0.0000E+00
     -1.432  0.6282E-01  0.6347E-02  0.6347E-02  0.6347E-02  0.0000E+00  0.0000E+00  0.0000E+00  0.0000E+00  0.0000E+00
     -1.337  0.7122E-01  0.7463E-02  0.7463E-02  0.7463E-02  0.0000E+00  0.0000E+00  0.0000E+00  0.0000E+00  0.0000E+00
     -1.243  0.8157E-01  0.8981E-02  0.8981E-02  0.8981E-02  0.0000E+00  0.0000E+00  0.0000E+00  0.0000E+00  0.0000E+00
     -1.148  0.1147E+00  0.1871E-01  0.1871E-01  0.1871E-01  0.0000E+00  0.0000E+00  0.0000E+00  0.0000E+00  0.0000E+00
     -1.054  0.1566E+00  0.2882E-01  0.2882E-01  0.2882E-01  0.0000E+00  0.0000E+00  0.0000E+00  0.0000E+00  0.0000E+00
     -0.959  0.2800E+00  0.5454E-01  0.5454E-01  0.5454E-01  0.0000E+00  0.0000E+00  0.0000E+00  0.0000E+00  0.0000E+00
     -0.865  0.1733E+00  0.3274E-01  0.3274E-01  0.3274E-01  0.0000E+00  0.0000E+00  0.0000E+00  0.0000E+00  0.0000E+00
     -0.770  0.1364E+00  0.2569E-01  0.2569E-01  0.2569E-01  0.0000E+00  0.0000E+00  0.0000E+00  0.0000E+00  0.0000E+00
     -0.676  0.1190E+00  0.2252E-01  0.2252E-01  0.2252E-01  0.0000E+00  0.0000E+00  0.0000E+00  0.0000E+00  0.0000E+00
     -0.581  0.1065E+00  0.2038E-01  0.2038E-01  0.2038E-01  0.0000E+00  0.0000E+00  0.0000E+00  0.0000E+00  0.0000E+00
     -0.487  0.9675E-01  0.1878E-01  0.1878E-01  0.1878E-01  0.0000E+00  0.0000E+00  0.0000E+00  0.0000E+00  0.0000E+00
     -0.392  0.8971E-01  0.1765E-01  0.1765E-01  0.1765E-01  0.0000E+00  0.0000E+00  0.0000E+00  0.0000E+00  0.0000E+00
     -0.298  0.8301E-01  0.1662E-01  0.1662E-01  0.1662E-01  0.0000E+00  0.0000E+00  0.0000E+00  0.0000E+00  0.0000E+00
     -0.203  0.7672E-01  0.1567E-01  0.1567E-01  0.1567E-01  0.0000E+00  0.0000E+00  0.0000E+00  0.0000E+00  0.0000E+00
     -0.109  0.7238E-01  0.1502E-01  0.1502E-01  0.1502E-01  0.0000E+00  0.0000E+00  0.0000E+00  0.0000E+00  0.0000E+00
     -0.014  0.6804E-01  0.1439E-01  0.1439E-01  0.1439E-01  0.0000E+00  0.0000E+00  0.0000E+00  0.0000E+00  0.0000E+00
      0.080  0.6351E-01  0.1372E-01  0.1372E-01  0.1372E-01  0.0000E+00  0.0000E+00  0.0000E+00  0.0000E+00  0.0000E+00
      0.175  0.5970E-01  0.1316E-01  0.1316E-01  0.1316E-01  0.0000E+00  0.0000E+00  0.0000E+00  0.0000E+00  0.0000E+00
      0.269  0.5668E-01  0.1273E-01  0.1273E-01  0.1273E-01  0.0000E+00  0.0000E+00  0.0000E+00  0.0000E+00  0.0000E+00
      0.364  0.5350E-01  0.1228E-01  0.1228E-01  0.1228E-01  0.0000E+00  0.0000E+00  0.0000E+00  0.0000E+00  0.0000E+00
      0.458  0.5000E-01  0.1175E-01  0.1175E-01  0.1175E-01  0.0000E+00  0.0000E+00  0.0000E+00  0.0000E+00  0.0000E+00
      0.552  0.4736E-01  0.1136E-01  0.1136E-01  0.1136E-01  0.0000E+00  0.0000E+00  0.0000E+00  0.0000E+00  0.0000E+00
      0.647  0.4512E-01  0.1104E-01  0.1104E-01  0.1104E-01  0.0000E+00  0.0000E+00  0.0000E+00  0.0000E+00  0.0000E+00
      0.741  0.4272E-01  0.1069E-01  0.1069E-01  0.1069E-01  0.0000E+00  0.0000E+00  0.0000E+00  0.0000E+00  0.0000E+00
      0.836  0.4006E-01  0.1027E-01  0.1027E-01  0.1027E-01  0.0000E+00  0.0000E+00  0.0000E+00  0.0000E+00  0.0000E+00
      0.930  0.3777E-01  0.9909E-02  0.9909E-02  0.9909E-02  0.0000E+00  0.0000E+00  0.0000E+00  0.0000E+00  0.0000E+00
      1.025  0.3603E-01  0.9650E-02  0.9650E-02  0.9650E-02  0.0000E+00  0.0000E+00  0.0000E+00  0.0000E+00  0.0000E+00
      1.119  0.3427E-01  0.9382E-02  0.9382E-02  0.9382E-02  0.0000E+00  0.0000E+00  0.0000E+00  0.0000E+00  0.0000E+00
      1.214  0.3224E-01  0.9049E-02  0.9049E-02  0.9049E-02  0.0000E+00  0.0000E+00  0.0000E+00  0.0000E+00  0.0000E+00
      1.308  0.3004E-01  0.8659E-02  0.8659E-02  0.8659E-02  0.0000E+00  0.0000E+00  0.0000E+00  0.0000E+00  0.0000E+00
      1.403  0.2871E-01  0.8448E-02  0.8448E-02  0.8448E-02  0.0000E+00  0.0000E+00  0.0000E+00  0.0000E+00  0.0000E+00
      1.497  0.2857E-01  0.2167E-01  0.2167E-01  0.2167E-01  0.0000E+00  0.0000E+00  0.0000E+00  0.0000E+00  0.0000E+00
      1.592  0.2870E-01  0.3165E-01  0.3165E-01  0.3165E-01  0.0000E+00  0.0000E+00  0.0000E+00  0.0000E+00  0.0000E+00
      1.686  0.2924E-01  0.4257E-01  0.4257E-01  0.4257E-01  0.0000E+00  0.0000E+00  0.0000E+00  0.0000E+00  0.0000E+00
      1.781  0.3144E-01  0.6035E-01  0.6035E-01  0.6035E-01  0.0000E+00  0.0000E+00  0.0000E+00  0.0000E+00  0.0000E+00
      1.875  0.3169E-01  0.5607E-01  0.5607E-01  0.5607E-01  0.0000E+00  0.0000E+00  0.0000E+00  0.0000E+00  0.0000E+00
      1.970  0.3175E-01  0.5228E-01  0.5228E-01  0.5228E-01  0.0000E+00  0.0000E+00  0.0000E+00  0.0000E+00  0.0000E+00
      2.064  0.3163E-01  0.5045E-01  0.5045E-01  0.5045E-01  0.0000E+00  0.0000E+00  0.0000E+00  0.0000E+00  0.0000E+00
      2.159  0.3096E-01  0.4822E-01  0.4822E-01  0.4822E-01  0.0000E+00  0.0000E+00  0.0000E+00  0.0000E+00  0.0000E+00
      2.253  0.3036E-01  0.4874E-01  0.4874E-01  0.4874E-01  0.0000E+00  0.0000E+00  0.0000E+00  0.0000E+00  0.0000E+00
      2.348  0.3017E-01  0.5003E-01  0.5003E-01  0.5003E-01  0.0000E+00  0.0000E+00  0.0000E+00  0.0000E+00  0.0000E+00
      2.442  0.2961E-01  0.5068E-01  0.5068E-01  0.5068E-01  0.0000E+00  0.0000E+00  0.0000E+00  0.0000E+00  0.0000E+00
      2.537  0.2902E-01  0.5217E-01  0.5217E-01  0.5217E-01  0.0000E+00  0.0000E+00  0.0000E+00  0.0000E+00  0.0000E+00
      2.631  0.2833E-01  0.5512E-01  0.5512E-01  0.5512E-01  0.0000E+00  0.0000E+00  0.0000E+00  0.0000E+00  0.0000E+00
      2.725  0.2732E-01  0.5652E-01  0.5652E-01  0.5652E-01  0.0000E+00  0.0000E+00  0.0000E+00  0.0000E+00  0.0000E+00
      2.820  0.2665E-01  0.5915E-01  0.5915E-01  0.5915E-01  0.0000E+00  0.0000E+00  0.0000E+00  0.0000E+00  0.0000E+00
      2.914  0.2611E-01  0.6451E-01  0.6451E-01  0.6451E-01  0.0000E+00  0.0000E+00  0.0000E+00  0.0000E+00  0.0000E+00
      3.009  0.2542E-01  0.6873E-01  0.6873E-01  0.6873E-01  0.0000E+00  0.0000E+00  0.0000E+00  0.0000E+00  0.0000E+00
      3.103  0.2446E-01  0.7799E-01  0.7799E-01  0.7799E-01  0.0000E+00  0.0000E+00  0.0000E+00  0.0000E+00  0.0000E+00
      3.198  0.2317E-01  0.8660E-01  0.8660E-01  0.8660E-01  0.0000E+00  0.0000E+00  0.0000E+00  0.0000E+00  0.0000E+00
      3.292  0.2223E-01  0.8649E-01  0.8649E-01  0.8649E-01  0.0000E+00  0.0000E+00  0.0000E+00  0.0000E+00  0.0000E+00
      3.387  0.2145E-01  0.8530E-01  0.8530E-01  0.8530E-01  0.0000E+00  0.0000E+00  0.0000E+00  0.0000E+00  0.0000E+00
      3.481  0.2053E-01  0.8389E-01  0.8389E-01  0.8389E-01  0.0000E+00  0.0000E+00  0.0000E+00  0.0000E+00  0.0000E+00
      3.576  0.1964E-01  0.8321E-01  0.8321E-01  0.8321E-01  0.0000E+00  0.0000E+00  0.0000E+00  0.0000E+00  0.0000E+00
      3.670  0.1853E-01  0.8265E-01  0.8265E-01  0.8265E-01  0.0000E+00  0.0000E+00  0.0000E+00  0.0000E+00  0.0000E+00
      3.765  0.1735E-01  0.8138E-01  0.8138E-01  0.8138E-01  0.0000E+00  0.0000E+00  0.0000E+00  0.0000E+00  0.0000E+00
      3.859  0.1655E-01  0.8110E-01  0.8110E-01  0.8110E-01  0.0000E+00  0.0000E+00  0.0000E+00  0.0000E+00  0.0000E+00
      3.954  0.1578E-01  0.7978E-01  0.7978E-01  0.7978E-01  0.0000E+00  0.0000E+00  0.0000E+00  0.0000E+00  0.0000E+00
      4.048  0.1499E-01  0.7947E-01  0.7947E-01  0.7947E-01  0.0000E+00  0.0000E+00  0.0000E+00  0.0000E+00  0.0000E+00
      4.143  0.1401E-01  0.7897E-01  0.7897E-01  0.7897E-01  0.0000E+00  0.0000E+00  0.0000E+00  0.0000E+00  0.0000E+00
      4.237  0.1288E-01  0.7792E-01  0.7792E-01  0.7792E-01  0.0000E+00  0.0000E+00  0.0000E+00  0.0000E+00  0.0000E+00
      4.332  0.1182E-01  0.7709E-01  0.7709E-01  0.7709E-01  0.0000E+00  0.0000E+00  0.0000E+00  0.0000E+00  0.0000E+00
      4.426  0.1103E-01  0.7695E-01  0.7695E-01  0.7695E-01  0.0000E+00  0.0000E+00  0.0000E+00  0.0000E+00  0.0000E+00
      4.521  0.1020E-01  0.7654E-01  0.7654E-01  0.7654E-01  0.0000E+00  0.0000E+00  0.0000E+00  0.0000E+00  0.0000E+00
      4.615  0.9318E-02  0.7608E-01  0.7608E-01  0.7608E-01  0.0000E+00  0.0000E+00  0.0000E+00  0.0000E+00  0.0000E+00
      4.710  0.8396E-02  0.7532E-01  0.7532E-01  0.7532E-01  0.0000E+00  0.0000E+00  0.0000E+00  0.0000E+00  0.0000E+00
      4.804  0.7482E-02  0.7469E-01  0.7469E-01  0.7469E-01  0.0000E+00  0.0000E+00  0.0000E+00  0.0000E+00  0.0000E+00
      4.898  0.6692E-02  0.7497E-01  0.7497E-01  0.7497E-01  0.0000E+00  0.0000E+00  0.0000E+00  0.0000E+00  0.0000E+00
      4.993  0.5984E-02  0.7103E-01  0.7103E-01  0.7103E-01  0.0000E+00  0.0000E+00  0.0000E+00  0.0000E+00  0.0000E+00
      5.087  0.5468E-02  0.5400E-01  0.5400E-01  0.5400E-01  0.0000E+00  0.0000E+00  0.0000E+00  0.0000E+00  0.0000E+00
      5.182  0.4924E-02  0.4722E-01  0.4722E-01  0.4722E-01  0.0000E+00  0.0000E+00  0.0000E+00  0.0000E+00  0.0000E+00
      5.276  0.4193E-02  0.4171E-01  0.4171E-01  0.4171E-01  0.0000E+00  0.0000E+00  0.0000E+00  0.0000E+00  0.0000E+00
      5.371  0.3509E-02  0.3691E-01  0.3691E-01  0.3691E-01  0.0000E+00  0.0000E+00  0.0000E+00  0.0000E+00  0.0000E+00
      5.465  0.3065E-02  0.3286E-01  0.3286E-01  0.3286E-01  0.0000E+00  0.0000E+00  0.0000E+00  0.0000E+00  0.0000E+00
      5.560  0.2604E-02  0.2949E-01  0.2949E-01  0.2949E-01  0.0000E+00  0.0000E+00  0.0000E+00  0.0000E+00  0.0000E+00
      5.654  0.2122E-02  0.2609E-01  0.2609E-01  0.2609E-01  0.0000E+00  0.0000E+00  0.0000E+00  0.0000E+00  0.0000E+00
      5.749  0.1712E-02  0.2297E-01  0.2297E-01  0.2297E-01  0.0000E+00  0.0000E+00  0.0000E+00  0.0000E+00  0.0000E+00
      5.843  0.1262E-02  0.2008E-01  0.2008E-01  0.2008E-01  0.0000E+00  0.0000E+00  0.0000E+00  0.0000E+00  0.0000E+00
      5.938  0.9828E-03  0.1702E-01  0.1702E-01  0.1702E-01  0.0000E+00  0.0000E+00  0.0000E+00  0.0000E+00  0.0000E+00
      6.032  0.6610E-03  0.1384E-01  0.1384E-01  0.1384E-01  0.0000E+00  0.0000E+00  0.0000E+00  0.0000E+00  0.0000E+00
      6.127  0.3681E-03  0.1158E-01  0.1158E-01  0.1158E-01  0.0000E+00  0.0000E+00  0.0000E+00  0.0000E+00  0.0000E+00
      6.221  0.1562E-03  0.7581E-02  0.7581E-02  0.7581E-02  0.0000E+00  0.0000E+00  0.0000E+00  0.0000E+00  0.0000E+00
      6.316  0.1259E-06  0.1023E-03  0.1023E-03  0.1023E-03  0.0000E+00  0.0000E+00  0.0000E+00  0.0000E+00  0.0000E+00
      6.410  0.0000E+00  0.0000E+00  0.0000E+00  0.0000E+00  0.0000E+00  0.0000E+00  0.0000E+00  0.0000E+00  0.0000E+00
      6.505  0.0000E+00  0.0000E+00  0.0000E+00  0.0000E+00  0.0000E+00  0.0000E+00  0.0000E+00  0.0000E+00  0.0000E+00
      6.599  0.0000E+00  0.0000E+00  0.0000E+00  0.0000E+00  0.0000E+00  0.0000E+00  0.0000E+00  0.0000E+00  0.0000E+00
      6.694  0.0000E+00  0.0000E+00  0.0000E+00  0.0000E+00  0.0000E+00  0.0000E+00  0.0000E+00  0.0000E+00  0.0000E+00
      6.788  0.0000E+00  0.0000E+00  0.0000E+00  0.0000E+00  0.0000E+00  0.0000E+00  0.0000E+00  0.0000E+00  0.0000E+00
      6.883  0.0000E+00  0.0000E+00  0.0000E+00  0.0000E+00  0.0000E+00  0.0000E+00  0.0000E+00  0.0000E+00  0.0000E+00
      6.977  0.0000E+00  0.0000E+00  0.0000E+00  0.0000E+00  0.0000E+00  0.0000E+00  0.0000E+00  0.0000E+00  0.0000E+00
      7.071  0.3693E-02  0.9806E-03  0.9806E-03  0.9806E-03  0.0000E+00  0.0000E+00  0.0000E+00  0.0000E+00  0.0000E+00
      7.166  0.8053E-02  0.2237E-02  0.2237E-02  0.2237E-02  0.0000E+00  0.0000E+00  0.0000E+00  0.0000E+00  0.0000E+00
      7.260  0.1212E-01  0.3469E-02  0.3469E-02  0.3469E-02  0.0000E+00  0.0000E+00  0.0000E+00  0.0000E+00  0.0000E+00
      7.355  0.1461E-01  0.4455E-02  0.4455E-02  0.4455E-02  0.0000E+00  0.0000E+00  0.0000E+00  0.0000E+00  0.0000E+00
      7.449  0.1663E-01  0.5362E-02  0.5362E-02  0.5362E-02  0.0000E+00  0.0000E+00  0.0000E+00  0.0000E+00  0.0000E+00
      7.544  0.1857E-01  0.6334E-02  0.6334E-02  0.6334E-02  0.0000E+00  0.0000E+00  0.0000E+00  0.0000E+00  0.0000E+00
      7.638  0.2069E-01  0.7388E-02  0.7388E-02  0.7388E-02  0.0000E+00  0.0000E+00  0.0000E+00  0.0000E+00  0.0000E+00
      7.733  0.2260E-01  0.8517E-02  0.8517E-02  0.8517E-02  0.0000E+00  0.0000E+00  0.0000E+00  0.0000E+00  0.0000E+00
      7.827  0.2368E-01  0.9403E-02  0.9403E-02  0.9403E-02  0.0000E+00  0.0000E+00  0.0000E+00  0.0000E+00  0.0000E+00
      7.922  0.2510E-01  0.1045E-01  0.1045E-01  0.1045E-01  0.0000E+00  0.0000E+00  0.0000E+00  0.0000E+00  0.0000E+00
      8.016  0.2644E-01  0.1154E-01  0.1154E-01  0.1154E-01  0.0000E+00  0.0000E+00  0.0000E+00  0.0000E+00  0.0000E+00
      8.111  0.2788E-01  0.1270E-01  0.1270E-01  0.1270E-01  0.0000E+00  0.0000E+00  0.0000E+00  0.0000E+00  0.0000E+00
      8.205  0.2947E-01  0.1395E-01  0.1395E-01  0.1395E-01  0.0000E+00  0.0000E+00  0.0000E+00  0.0000E+00  0.0000E+00
      8.300  0.3107E-01  0.1538E-01  0.1538E-01  0.1538E-01  0.0000E+00  0.0000E+00  0.0000E+00  0.0000E+00  0.0000E+00
      8.394  0.3241E-01  0.1671E-01  0.1671E-01  0.1671E-01  0.0000E+00  0.0000E+00  0.0000E+00  0.0000E+00  0.0000E+00
      8.489  0.3858E-01  0.1826E-01  0.1826E-01  0.1826E-01  0.0000E+00  0.0000E+00  0.0000E+00  0.0000E+00  0.0000E+00
      8.583  0.5082E-01  0.2040E-01  0.2040E-01  0.2040E-01  0.0000E+00  0.0000E+00  0.0000E+00  0.0000E+00  0.0000E+00
      8.678  0.5853E-01  0.2277E-01  0.2277E-01  0.2277E-01  0.0000E+00  0.0000E+00  0.0000E+00  0.0000E+00  0.0000E+00
      8.772  0.6823E-01  0.2554E-01  0.2554E-01  0.2554E-01  0.0000E+00  0.0000E+00  0.0000E+00  0.0000E+00  0.0000E+00
      8.867  0.8116E-01  0.2944E-01  0.2944E-01  0.2944E-01  0.0000E+00  0.0000E+00  0.0000E+00  0.0000E+00  0.0000E+00
      8.961  0.1071E+00  0.3631E-01  0.3631E-01  0.3631E-01  0.0000E+00  0.0000E+00  0.0000E+00  0.0000E+00  0.0000E+00
      9.056  0.9849E-01  0.3793E-01  0.3793E-01  0.3793E-01  0.0000E+00  0.0000E+00  0.0000E+00  0.0000E+00  0.0000E+00
      9.150  0.9925E-01  0.4287E-01  0.4287E-01  0.4287E-01  0.0000E+00  0.0000E+00  0.0000E+00  0.0000E+00  0.0000E+00
      9.245  0.8650E-01  0.4126E-01  0.4126E-01  0.4126E-01  0.0000E+00  0.0000E+00  0.0000E+00  0.0000E+00  0.0000E+00
      9.339  0.6577E-01  0.3449E-01  0.3449E-01  0.3449E-01  0.0000E+00  0.0000E+00  0.0000E+00  0.0000E+00  0.0000E+00
      9.433  0.5496E-01  0.3238E-01  0.3238E-01  0.3238E-01  0.0000E+00  0.0000E+00  0.0000E+00  0.0000E+00  0.0000E+00
      9.528  0.4983E-01  0.3309E-01  0.3309E-01  0.3309E-01  0.0000E+00  0.0000E+00  0.0000E+00  0.0000E+00  0.0000E+00
      9.622  0.4359E-01  0.3144E-01  0.3144E-01  0.3144E-01  0.0000E+00  0.0000E+00  0.0000E+00  0.0000E+00  0.0000E+00
      9.717  0.3962E-01  0.3357E-01  0.3357E-01  0.3357E-01  0.0000E+00  0.0000E+00  0.0000E+00  0.0000E+00  0.0000E+00
      9.811  0.3930E-01  0.4682E-01  0.4682E-01  0.4682E-01  0.0000E+00  0.0000E+00  0.0000E+00  0.0000E+00  0.0000E+00
      9.906  0.4254E-01  0.6000E-01  0.6000E-01  0.6000E-01  0.0000E+00  0.0000E+00  0.0000E+00  0.0000E+00  0.0000E+00
     10.000  0.4684E-01  0.6508E-01  0.6508E-01  0.6508E-01  0.0000E+00  0.0000E+00  0.0000E+00  0.0000E+00  0.0000E+00
     10.095  0.4625E-01  0.5291E-01  0.5291E-01  0.5291E-01  0.0000E+00  0.0000E+00  0.0000E+00  0.0000E+00  0.0000E+00
     10.189  0.4828E-01  0.5321E-01  0.5321E-01  0.5321E-01  0.0000E+00  0.0000E+00  0.0000E+00  0.0000E+00  0.0000E+00
     10.284  0.4167E-01  0.4904E-01  0.4904E-01  0.4904E-01  0.0000E+00  0.0000E+00  0.0000E+00  0.0000E+00  0.0000E+00
     10.378  0.4164E-01  0.5193E-01  0.5193E-01  0.5193E-01  0.0000E+00  0.0000E+00  0.0000E+00  0.0000E+00  0.0000E+00
     10.473  0.4088E-01  0.4991E-01  0.4991E-01  0.4991E-01  0.0000E+00  0.0000E+00  0.0000E+00  0.0000E+00  0.0000E+00
     10.567  0.3972E-01  0.4676E-01  0.4676E-01  0.4676E-01  0.0000E+00  0.0000E+00  0.0000E+00  0.0000E+00  0.0000E+00
     10.662  0.4424E-01  0.4872E-01  0.4872E-01  0.4872E-01  0.0000E+00  0.0000E+00  0.0000E+00  0.0000E+00  0.0000E+00
     10.756  0.3763E-01  0.4363E-01  0.4363E-01  0.4363E-01  0.0000E+00  0.0000E+00  0.0000E+00  0.0000E+00  0.0000E+00
     10.851  0.2400E-01  0.3656E-01  0.3656E-01  0.3656E-01  0.0000E+00  0.0000E+00  0.0000E+00  0.0000E+00  0.0000E+00
     10.945  0.2077E-01  0.3418E-01  0.3418E-01  0.3418E-01  0.0000E+00  0.0000E+00  0.0000E+00  0.0000E+00  0.0000E+00
     11.040  0.2027E-01  0.3294E-01  0.3294E-01  0.3294E-01  0.0000E+00  0.0000E+00  0.0000E+00  0.0000E+00  0.0000E+00
     11.134  0.2669E-01  0.3451E-01  0.3451E-01  0.3451E-01  0.0000E+00  0.0000E+00  0.0000E+00  0.0000E+00  0.0000E+00
     11.229  0.2882E-01  0.3622E-01  0.3622E-01  0.3622E-01  0.0000E+00  0.0000E+00  0.0000E+00  0.0000E+00  0.0000E+00
     11.323  0.3579E-01  0.3918E-01  0.3918E-01  0.3918E-01  0.0000E+00  0.0000E+00  0.0000E+00  0.0000E+00  0.0000E+00
     11.418  0.3566E-01  0.3467E-01  0.3467E-01  0.3467E-01  0.0000E+00  0.0000E+00  0.0000E+00  0.0000E+00  0.0000E+00
     11.512  0.3609E-01  0.3437E-01  0.3437E-01  0.3437E-01  0.0000E+00  0.0000E+00  0.0000E+00  0.0000E+00  0.0000E+00
     11.606  0.3758E-01  0.3476E-01  0.3476E-01  0.3476E-01  0.0000E+00  0.0000E+00  0.0000E+00  0.0000E+00  0.0000E+00
     11.701  0.4091E-01  0.3620E-01  0.3620E-01  0.3620E-01  0.0000E+00  0.0000E+00  0.0000E+00  0.0000E+00  0.0000E+00
     11.795  0.4573E-01  0.3576E-01  0.3576E-01  0.3576E-01  0.0000E+00  0.0000E+00  0.0000E+00  0.0000E+00  0.0000E+00
     11.890  0.4534E-01  0.3725E-01  0.3725E-01  0.3725E-01  0.0000E+00  0.0000E+00  0.0000E+00  0.0000E+00  0.0000E+00
     11.984  0.4229E-01  0.3630E-01  0.3630E-01  0.3630E-01  0.0000E+00  0.0000E+00  0.0000E+00  0.0000E+00  0.0000E+00
     12.079  0.4013E-01  0.3490E-01  0.3490E-01  0.3490E-01  0.0000E+00  0.0000E+00  0.0000E+00  0.0000E+00  0.0000E+00
     12.173  0.3829E-01  0.3471E-01  0.3471E-01  0.3471E-01  0.0000E+00  0.0000E+00  0.0000E+00  0.0000E+00  0.0000E+00
     12.268  0.3843E-01  0.3547E-01  0.3547E-01  0.3547E-01  0.0000E+00  0.0000E+00  0.0000E+00  0.0000E+00  0.0000E+00
     12.362  0.3730E-01  0.3512E-01  0.3512E-01  0.3512E-01  0.0000E+00  0.0000E+00  0.0000E+00  0.0000E+00  0.0000E+00
     12.457  0.3603E-01  0.3489E-01  0.3489E-01  0.3489E-01  0.0000E+00  0.0000E+00  0.0000E+00  0.0000E+00  0.0000E+00
     12.551  0.3424E-01  0.3485E-01  0.3485E-01  0.3485E-01  0.0000E+00  0.0000E+00  0.0000E+00  0.0000E+00  0.0000E+00
     12.646  0.3213E-01  0.3334E-01  0.3334E-01  0.3334E-01  0.0000E+00  0.0000E+00  0.0000E+00  0.0000E+00  0.0000E+00
     12.740  0.3075E-01  0.3321E-01  0.3321E-01  0.3321E-01  0.0000E+00  0.0000E+00  0.0000E+00  0.0000E+00  0.0000E+00
     12.835  0.2671E-01  0.3227E-01  0.3227E-01  0.3227E-01  0.0000E+00  0.0000E+00  0.0000E+00  0.0000E+00  0.0000E+00
     12.929  0.2467E-01  0.3175E-01  0.3175E-01  0.3175E-01  0.0000E+00  0.0000E+00  0.0000E+00  0.0000E+00  0.0000E+00
     13.024  0.2342E-01  0.3171E-01  0.3171E-01  0.3171E-01  0.0000E+00  0.0000E+00  0.0000E+00  0.0000E+00  0.0000E+00
     13.118  0.2227E-01  0.3160E-01  0.3160E-01  0.3160E-01  0.0000E+00  0.0000E+00  0.0000E+00  0.0000E+00  0.0000E+00
     13.213  0.2071E-01  0.3141E-01  0.3141E-01  0.3141E-01  0.0000E+00  0.0000E+00  0.0000E+00  0.0000E+00  0.0000E+00
     13.307  0.1783E-01  0.2809E-01  0.2809E-01  0.2809E-01  0.0000E+00  0.0000E+00  0.0000E+00  0.0000E+00  0.0000E+00
     13.402  0.1774E-01  0.2812E-01  0.2812E-01  0.2812E-01  0.0000E+00  0.0000E+00  0.0000E+00  0.0000E+00  0.0000E+00
     13.496  0.1792E-01  0.2886E-01  0.2886E-01  0.2886E-01  0.0000E+00  0.0000E+00  0.0000E+00  0.0000E+00  0.0000E+00
     13.591  0.1757E-01  0.2928E-01  0.2928E-01  0.2928E-01  0.0000E+00  0.0000E+00  0.0000E+00  0.0000E+00  0.0000E+00
     13.685  0.1879E-01  0.3104E-01  0.3104E-01  0.3104E-01  0.0000E+00  0.0000E+00  0.0000E+00  0.0000E+00  0.0000E+00
     13.779  0.1927E-01  0.3189E-01  0.3189E-01  0.3189E-01  0.0000E+00  0.0000E+00  0.0000E+00  0.0000E+00  0.0000E+00
     13.874  0.1958E-01  0.3251E-01  0.3251E-01  0.3251E-01  0.0000E+00  0.0000E+00  0.0000E+00  0.0000E+00  0.0000E+00
     13.968  0.1769E-01  0.3002E-01  0.3002E-01  0.3002E-01  0.0000E+00  0.0000E+00  0.0000E+00  0.0000E+00  0.0000E+00
     14.063  0.1398E-01  0.2588E-01  0.2588E-01  0.2588E-01  0.0000E+00  0.0000E+00  0.0000E+00  0.0000E+00  0.0000E+00
     14.157  0.1227E-01  0.2434E-01  0.2434E-01  0.2434E-01  0.0000E+00  0.0000E+00  0.0000E+00  0.0000E+00  0.0000E+00
     14.252  0.1095E-01  0.2297E-01  0.2297E-01  0.2297E-01  0.0000E+00  0.0000E+00  0.0000E+00  0.0000E+00  0.0000E+00
     14.346  0.9613E-02  0.2115E-01  0.2115E-01  0.2115E-01  0.0000E+00  0.0000E+00  0.0000E+00  0.0000E+00  0.0000E+00
     14.441  0.9096E-02  0.2051E-01  0.2051E-01  0.2051E-01  0.0000E+00  0.0000E+00  0.0000E+00  0.0000E+00  0.0000E+00
     14.535  0.8562E-02  0.1984E-01  0.1984E-01  0.1984E-01  0.0000E+00  0.0000E+00  0.0000E+00  0.0000E+00  0.0000E+00
     14.630  0.7826E-02  0.1892E-01  0.1892E-01  0.1892E-01  0.0000E+00  0.0000E+00  0.0000E+00  0.0000E+00  0.0000E+00
     14.724  0.7008E-02  0.1814E-01  0.1814E-01  0.1814E-01  0.0000E+00  0.0000E+00  0.0000E+00  0.0000E+00  0.0000E+00
     14.819  0.7068E-02  0.1950E-01  0.1950E-01  0.1950E-01  0.0000E+00  0.0000E+00  0.0000E+00  0.0000E+00  0.0000E+00
     14.913  0.6658E-02  0.2049E-01  0.2049E-01  0.2049E-01  0.0000E+00  0.0000E+00  0.0000E+00  0.0000E+00  0.0000E+00
     15.008  0.5026E-02  0.1691E-01  0.1691E-01  0.1691E-01  0.0000E+00  0.0000E+00  0.0000E+00  0.0000E+00  0.0000E+00
     15.102  0.4430E-02  0.1559E-01  0.1559E-01  0.1559E-01  0.0000E+00  0.0000E+00  0.0000E+00  0.0000E+00  0.0000E+00
     15.197  0.3927E-02  0.1425E-01  0.1425E-01  0.1425E-01  0.0000E+00  0.0000E+00  0.0000E+00  0.0000E+00  0.0000E+00
     15.291  0.3396E-02  0.1077E-01  0.1077E-01  0.1077E-01  0.0000E+00  0.0000E+00  0.0000E+00  0.0000E+00  0.0000E+00
     15.386  0.3081E-02  0.9283E-02  0.9283E-02  0.9283E-02  0.0000E+00  0.0000E+00  0.0000E+00  0.0000E+00  0.0000E+00
     15.480  0.2863E-02  0.8850E-02  0.8850E-02  0.8850E-02  0.0000E+00  0.0000E+00  0.0000E+00  0.0000E+00  0.0000E+00
     15.575  0.2655E-02  0.8428E-02  0.8428E-02  0.8428E-02  0.0000E+00  0.0000E+00  0.0000E+00  0.0000E+00  0.0000E+00
     15.669  0.2346E-02  0.7837E-02  0.7837E-02  0.7837E-02  0.0000E+00  0.0000E+00  0.0000E+00  0.0000E+00  0.0000E+00
     15.764  0.2217E-02  0.8003E-02  0.8003E-02  0.8003E-02  0.0000E+00  0.0000E+00  0.0000E+00  0.0000E+00  0.0000E+00
     15.858  0.1893E-02  0.7463E-02  0.7463E-02  0.7463E-02  0.0000E+00  0.0000E+00  0.0000E+00  0.0000E+00  0.0000E+00
     15.952  0.1563E-02  0.6440E-02  0.6440E-02  0.6440E-02  0.0000E+00  0.0000E+00  0.0000E+00  0.0000E+00  0.0000E+00
     16.047  0.1353E-02  0.5795E-02  0.5795E-02  0.5795E-02  0.0000E+00  0.0000E+00  0.0000E+00  0.0000E+00  0.0000E+00
     16.141  0.1215E-02  0.5396E-02  0.5396E-02  0.5396E-02  0.0000E+00  0.0000E+00  0.0000E+00  0.0000E+00  0.0000E+00
     16.236  0.1110E-02  0.5135E-02  0.5135E-02  0.5135E-02  0.0000E+00  0.0000E+00  0.0000E+00  0.0000E+00  0.0000E+00
     16.330  0.1034E-02  0.4948E-02  0.4948E-02  0.4948E-02  0.0000E+00  0.0000E+00  0.0000E+00  0.0000E+00  0.0000E+00
     16.425  0.9179E-03  0.4692E-02  0.4692E-02  0.4692E-02  0.0000E+00  0.0000E+00  0.0000E+00  0.0000E+00  0.0000E+00
     16.519  0.7541E-03  0.4234E-02  0.4234E-02  0.4234E-02  0.0000E+00  0.0000E+00  0.0000E+00  0.0000E+00  0.0000E+00
     16.614  0.5884E-03  0.3866E-02  0.3866E-02  0.3866E-02  0.0000E+00  0.0000E+00  0.0000E+00  0.0000E+00  0.0000E+00
     16.708  0.4146E-03  0.3314E-02  0.3314E-02  0.3314E-02  0.0000E+00  0.0000E+00  0.0000E+00  0.0000E+00  0.0000E+00
     16.803  0.3535E-03  0.2884E-02  0.2884E-02  0.2884E-02  0.0000E+00  0.0000E+00  0.0000E+00  0.0000E+00  0.0000E+00
     16.897  0.2978E-03  0.2513E-02  0.2513E-02  0.2513E-02  0.0000E+00  0.0000E+00  0.0000E+00  0.0000E+00  0.0000E+00
     16.992  0.2475E-03  0.2200E-02  0.2200E-02  0.2200E-02  0.0000E+00  0.0000E+00  0.0000E+00  0.0000E+00  0.0000E+00
     17.086  0.2106E-03  0.2052E-02  0.2052E-02  0.2052E-02  0.0000E+00  0.0000E+00  0.0000E+00  0.0000E+00  0.0000E+00
     17.181  0.1791E-03  0.2027E-02  0.2027E-02  0.2027E-02  0.0000E+00  0.0000E+00  0.0000E+00  0.0000E+00  0.0000E+00
     17.275  0.1529E-03  0.2097E-02  0.2097E-02  0.2097E-02  0.0000E+00  0.0000E+00  0.0000E+00  0.0000E+00  0.0000E+00
     17.370  0.1644E-03  0.2231E-02  0.2231E-02  0.2231E-02  0.0000E+00  0.0000E+00  0.0000E+00  0.0000E+00  0.0000E+00
     17.464  0.1603E-04  0.4916E-03  0.4916E-03  0.4916E-03  0.0000E+00  0.0000E+00  0.0000E+00  0.0000E+00  0.0000E+00
     17.559  0.6704E-05  0.2057E-03  0.2057E-03  0.2057E-03  0.0000E+00  0.0000E+00  0.0000E+00  0.0000E+00  0.0000E+00
     17.653  0.1381E-05  0.4238E-04  0.4238E-04  0.4238E-04  0.0000E+00  0.0000E+00  0.0000E+00  0.0000E+00  0.0000E+00
     17.748  0.0000E+00  0.0000E+00  0.0000E+00  0.0000E+00  0.0000E+00  0.0000E+00  0.0000E+00  0.0000E+00  0.0000E+00
     17.842  0.0000E+00  0.0000E+00  0.0000E+00  0.0000E+00  0.0000E+00  0.0000E+00  0.0000E+00  0.0000E+00  0.0000E+00
     17.937  0.0000E+00  0.0000E+00  0.0000E+00  0.0000E+00  0.0000E+00  0.0000E+00  0.0000E+00  0.0000E+00  0.0000E+00
     18.031  0.0000E+00  0.0000E+00  0.0000E+00  0.0000E+00  0.0000E+00  0.0000E+00  0.0000E+00  0.0000E+00  0.0000E+00
     18.125  0.0000E+00  0.0000E+00  0.0000E+00  0.0000E+00  0.0000E+00  0.0000E+00  0.0000E+00  0.0000E+00  0.0000E+00
     18.220  0.0000E+00  0.0000E+00  0.0000E+00  0.0000E+00  0.0000E+00  0.0000E+00  0.0000E+00  0.0000E+00  0.0000E+00
     18.314  0.0000E+00  0.0000E+00  0.0000E+00  0.0000E+00  0.0000E+00  0.0000E+00  0.0000E+00  0.0000E+00  0.0000E+00
     18.409  0.0000E+00  0.0000E+00  0.0000E+00  0.0000E+00  0.0000E+00  0.0000E+00  0.0000E+00  0.0000E+00  0.0000E+00
     18.503  0.0000E+00  0.0000E+00  0.0000E+00  0.0000E+00  0.0000E+00  0.0000E+00  0.0000E+00  0.0000E+00  0.0000E+00
     18.598  0.0000E+00  0.0000E+00  0.0000E+00  0.0000E+00  0.0000E+00  0.0000E+00  0.0000E+00  0.0000E+00  0.0000E+00
     18.692  0.0000E+00  0.0000E+00  0.0000E+00  0.0000E+00  0.0000E+00  0.0000E+00  0.0000E+00  0.0000E+00  0.0000E+00
     18.787  0.0000E+00  0.0000E+00  0.0000E+00  0.0000E+00  0.0000E+00  0.0000E+00  0.0000E+00  0.0000E+00  0.0000E+00
     18.881  0.0000E+00  0.0000E+00  0.0000E+00  0.0000E+00  0.0000E+00  0.0000E+00  0.0000E+00  0.0000E+00  0.0000E+00
     18.976  0.0000E+00  0.0000E+00  0.0000E+00  0.0000E+00  0.0000E+00  0.0000E+00  0.0000E+00  0.0000E+00  0.0000E+00
     19.070  0.0000E+00  0.0000E+00  0.0000E+00  0.0000E+00  0.0000E+00  0.0000E+00  0.0000E+00  0.0000E+00  0.0000E+00
     19.165  0.0000E+00  0.0000E+00  0.0000E+00  0.0000E+00  0.0000E+00  0.0000E+00  0.0000E+00  0.0000E+00  0.0000E+00
     19.259  0.0000E+00  0.0000E+00  0.0000E+00  0.0000E+00  0.0000E+00  0.0000E+00  0.0000E+00  0.0000E+00  0.0000E+00
     19.354  0.0000E+00  0.0000E+00  0.0000E+00  0.0000E+00  0.0000E+00  0.0000E+00  0.0000E+00  0.0000E+00  0.0000E+00
     19.448  0.0000E+00  0.0000E+00  0.0000E+00  0.0000E+00  0.0000E+00  0.0000E+00  0.0000E+00  0.0000E+00  0.0000E+00
     19.543  0.0000E+00  0.0000E+00  0.0000E+00  0.0000E+00  0.0000E+00  0.0000E+00  0.0000E+00  0.0000E+00  0.0000E+00
     19.637  0.0000E+00  0.0000E+00  0.0000E+00  0.0000E+00  0.0000E+00  0.0000E+00  0.0000E+00  0.0000E+00  0.0000E+00
     19.732  0.0000E+00  0.0000E+00  0.0000E+00  0.0000E+00  0.0000E+00  0.0000E+00  0.0000E+00  0.0000E+00  0.0000E+00
