   2   2   1   0
  0.1747750E+02  0.3670074E-09  0.3670074E-09  0.3670074E-09  0.5000000E-15
  1.000000000000000E-004
  CAR 
 Si                                      
     21.16487539     -8.34349277  301      7.71810416      1.00000000
     -8.343  0.0000E+00  0.0000E+00
     -8.245  0.0000E+00  0.0000E+00
     -8.147  0.0000E+00  0.0000E+00
     -8.048  0.0000E+00  0.0000E+00
     -7.950  0.0000E+00  0.0000E+00
     -7.852  0.0000E+00  0.0000E+00
     -7.753  0.0000E+00  0.0000E+00
     -7.655  0.0000E+00  0.0000E+00
     -7.557  0.0000E+00  0.0000E+00
     -7.458  0.0000E+00  0.0000E+00
     -7.360  0.0000E+00  0.0000E+00
     -7.262  0.0000E+00  0.0000E+00
     -7.163  0.0000E+00  0.0000E+00
     -7.065  0.0000E+00  0.0000E+00
     -6.966  0.0000E+00  0.0000E+00
     -6.868  0.0000E+00  0.0000E+00
     -6.770  0.0000E+00  0.0000E+00
     -6.671  0.0000E+00  0.0000E+00
     -6.573  0.0000E+00  0.0000E+00
     -6.475  0.0000E+00  0.0000E+00
     -6.376  0.0000E+00  0.0000E+00
     -6.278  0.7612E-01  0.2540E-02
     -6.180  0.1105E+00  0.1116E-01
     -6.081  0.1365E+00  0.2321E-01
     -5.983  0.1630E+00  0.3790E-01
     -5.884  0.1832E+00  0.5488E-01
     -5.786  0.2033E+00  0.7396E-01
     -5.688  0.2221E+00  0.9485E-01
     -5.589  0.2390E+00  0.1176E+00
     -5.491  0.2559E+00  0.1419E+00
     -5.393  0.2718E+00  0.1679E+00
     -5.294  0.2870E+00  0.1954E+00
     -5.196  0.3029E+00  0.2244E+00
     -5.098  0.3169E+00  0.2549E+00
     -4.999  0.3321E+00  0.2868E+00
     -4.901  0.3466E+00  0.3202E+00
     -4.802  0.3609E+00  0.3550E+00
     -4.704  0.3762E+00  0.3912E+00
     -4.606  0.3907E+00  0.4289E+00
     -4.507  0.4058E+00  0.4681E+00
     -4.409  0.4220E+00  0.5088E+00
     -4.311  0.4380E+00  0.5511E+00
     -4.212  0.4552E+00  0.5950E+00
     -4.114  0.4739E+00  0.6407E+00
     -4.016  0.4939E+00  0.6883E+00
     -3.917  0.5164E+00  0.7380E+00
     -3.819  0.5427E+00  0.7900E+00
     -3.721  0.5750E+00  0.8449E+00
     -3.622  0.6199E+00  0.9035E+00
     -3.524  0.7264E+00  0.9684E+00
     -3.425  0.7507E+00  0.1042E+01
     -3.327  0.7176E+00  0.1112E+01
     -3.229  0.6857E+00  0.1181E+01
     -3.130  0.6584E+00  0.1247E+01
     -3.032  0.6408E+00  0.1311E+01
     -2.934  0.6149E+00  0.1373E+01
     -2.835  0.5906E+00  0.1432E+01
     -2.737  0.5683E+00  0.1489E+01
     -2.639  0.5429E+00  0.1544E+01
     -2.540  0.5193E+00  0.1596E+01
     -2.442  0.4965E+00  0.1646E+01
     -2.343  0.4696E+00  0.1693E+01
     -2.245  0.4461E+00  0.1739E+01
     -2.147  0.4186E+00  0.1781E+01
     -2.048  0.3929E+00  0.1821E+01
     -1.950  0.3661E+00  0.1858E+01
     -1.852  0.3374E+00  0.1893E+01
     -1.753  0.3074E+00  0.1925E+01
     -1.655  0.2879E+00  0.1954E+01
     -1.557  0.2013E+00  0.1980E+01
     -1.458  0.9758E-01  0.1994E+01
     -1.360  0.2211E-01  0.2000E+01
     -1.261  0.4345E-01  0.2003E+01
     -1.163  0.9940E-01  0.2010E+01
     -1.065  0.1705E+00  0.2023E+01
     -0.966  0.2455E+00  0.2044E+01
     -0.868  0.2764E+00  0.2069E+01
     -0.770  0.3251E+00  0.2098E+01
     -0.671  0.6212E+00  0.2145E+01
     -0.573  0.7718E+00  0.2211E+01
     -0.475  0.1010E+01  0.2298E+01
     -0.376  0.1940E+01  0.2431E+01
     -0.278  0.1042E+01  0.2559E+01
     -0.180  0.8582E+00  0.2651E+01
     -0.081  0.7546E+00  0.2731E+01
      0.017  0.6756E+00  0.2801E+01
      0.116  0.6246E+00  0.2865E+01
      0.214  0.5799E+00  0.2924E+01
      0.312  0.5362E+00  0.2979E+01
      0.411  0.5069E+00  0.3030E+01
      0.509  0.4797E+00  0.3078E+01
      0.607  0.4507E+00  0.3124E+01
      0.706  0.4264E+00  0.3167E+01
      0.804  0.4075E+00  0.3208E+01
      0.902  0.3872E+00  0.3247E+01
      1.001  0.3641E+00  0.3284E+01
      1.099  0.3498E+00  0.3319E+01
      1.198  0.3355E+00  0.3353E+01
      1.296  0.3192E+00  0.3385E+01
      1.394  0.3013E+00  0.3416E+01
      1.493  0.2905E+00  0.3445E+01
      1.591  0.2794E+00  0.3473E+01
      1.689  0.2668E+00  0.3500E+01
      1.788  0.2514E+00  0.3525E+01
      1.886  0.2424E+00  0.3550E+01
      1.984  0.5165E+00  0.3584E+01
      2.083  0.6386E+00  0.3639E+01
      2.181  0.7937E+00  0.3709E+01
      2.280  0.1063E+01  0.3801E+01
      2.378  0.9905E+00  0.3900E+01
      2.476  0.9305E+00  0.3995E+01
      2.575  0.8800E+00  0.4084E+01
      2.673  0.8503E+00  0.4169E+01
      2.771  0.8611E+00  0.4253E+01
      2.870  0.8926E+00  0.4338E+01
      2.968  0.8759E+00  0.4424E+01
      3.066  0.8902E+00  0.4511E+01
      3.165  0.9163E+00  0.4599E+01
      3.263  0.9356E+00  0.4690E+01
      3.361  0.9606E+00  0.4783E+01
      3.460  0.9826E+00  0.4878E+01
      3.558  0.1047E+01  0.4978E+01
      3.657  0.1072E+01  0.5082E+01
      3.755  0.1194E+01  0.5193E+01
      3.853  0.1320E+01  0.5319E+01
      3.952  0.1290E+01  0.5447E+01
      4.050  0.1267E+01  0.5573E+01
      4.148  0.1246E+01  0.5696E+01
      4.247  0.1223E+01  0.5818E+01
      4.345  0.1205E+01  0.5937E+01
      4.443  0.1185E+01  0.6055E+01
      4.542  0.1163E+01  0.6170E+01
      4.640  0.1146E+01  0.6284E+01
      4.739  0.1117E+01  0.6395E+01
      4.837  0.1107E+01  0.6505E+01
      4.935  0.1089E+01  0.6613E+01
      5.034  0.1070E+01  0.6719E+01
      5.132  0.1049E+01  0.6823E+01
      5.230  0.1036E+01  0.6926E+01
      5.329  0.1019E+01  0.7027E+01
      5.427  0.1002E+01  0.7126E+01
      5.525  0.9826E+00  0.7224E+01
      5.624  0.9641E+00  0.7319E+01
      5.722  0.9550E+00  0.7414E+01
      5.821  0.8513E+00  0.7505E+01
      5.919  0.6838E+00  0.7578E+01
      6.017  0.6009E+00  0.7641E+01
      6.116  0.5326E+00  0.7697E+01
      6.214  0.4732E+00  0.7746E+01
      6.312  0.4210E+00  0.7790E+01
      6.411  0.3775E+00  0.7829E+01
      6.509  0.3349E+00  0.7864E+01
      6.607  0.2954E+00  0.7895E+01
      6.706  0.2581E+00  0.7922E+01
      6.804  0.2212E+00  0.7946E+01
      6.902  0.1827E+00  0.7966E+01
      7.001  0.1493E+00  0.7982E+01
      7.099  0.1038E+00  0.7994E+01
      7.198  0.2681E-02  0.8000E+01
      7.296  0.0000E+00  0.8000E+01
      7.394  0.0000E+00  0.8000E+01
      7.493  0.0000E+00  0.8000E+01
      7.591  0.0000E+00  0.8000E+01
      7.689  0.0000E+00  0.8000E+01
      7.788  0.6242E-01  0.8002E+01
      7.886  0.1417E+00  0.8012E+01
      7.984  0.2193E+00  0.8030E+01
      8.083  0.2632E+00  0.8054E+01
      8.181  0.3054E+00  0.8082E+01
      8.280  0.3486E+00  0.8114E+01
      8.378  0.3969E+00  0.8150E+01
      8.476  0.4334E+00  0.8191E+01
      8.575  0.4648E+00  0.8236E+01
      8.673  0.5005E+00  0.8283E+01
      8.771  0.5361E+00  0.8334E+01
      8.870  0.5735E+00  0.8389E+01
      8.968  0.6119E+00  0.8447E+01
      9.066  0.6558E+00  0.8509E+01
      9.165  0.6865E+00  0.8575E+01
      9.263  0.7227E+00  0.8644E+01
      9.362  0.7619E+00  0.8717E+01
      9.460  0.8050E+00  0.8794E+01
      9.558  0.8502E+00  0.8876E+01
      9.657  0.9132E+00  0.8962E+01
      9.755  0.1043E+01  0.9058E+01
      9.853  0.1163E+01  0.9166E+01
      9.952  0.1369E+01  0.9290E+01
     10.050  0.1529E+01  0.9437E+01
     10.148  0.1522E+01  0.9584E+01
     10.247  0.1500E+01  0.9732E+01
     10.345  0.1310E+01  0.9875E+01
     10.444  0.1143E+01  0.9996E+01
     10.542  0.1076E+01  0.1010E+02
     10.640  0.1278E+01  0.1021E+02
     10.739  0.1575E+01  0.1036E+02
     10.837  0.1563E+01  0.1051E+02
     10.935  0.1592E+01  0.1067E+02
     11.034  0.1429E+01  0.1082E+02
     11.132  0.1506E+01  0.1096E+02
     11.230  0.1518E+01  0.1111E+02
     11.329  0.1527E+01  0.1126E+02
     11.427  0.1443E+01  0.1141E+02
     11.525  0.1367E+01  0.1155E+02
     11.624  0.1281E+01  0.1168E+02
     11.722  0.1245E+01  0.1180E+02
     11.821  0.1161E+01  0.1192E+02
     11.919  0.1018E+01  0.1202E+02
     12.017  0.9023E+00  0.1212E+02
     12.116  0.9073E+00  0.1221E+02
     12.214  0.9717E+00  0.1230E+02
     12.312  0.9653E+00  0.1239E+02
     12.411  0.1003E+01  0.1249E+02
     12.509  0.9544E+00  0.1259E+02
     12.607  0.9954E+00  0.1269E+02
     12.706  0.9941E+00  0.1278E+02
     12.804  0.1059E+01  0.1288E+02
     12.903  0.1042E+01  0.1299E+02
     13.001  0.9928E+00  0.1309E+02
     13.099  0.1013E+01  0.1319E+02
     13.198  0.1060E+01  0.1329E+02
     13.296  0.1062E+01  0.1339E+02
     13.394  0.1087E+01  0.1350E+02
     13.493  0.1061E+01  0.1360E+02
     13.591  0.1033E+01  0.1371E+02
     13.689  0.1023E+01  0.1381E+02
     13.788  0.1029E+01  0.1391E+02
     13.886  0.9991E+00  0.1401E+02
     13.985  0.9382E+00  0.1410E+02
     14.083  0.9368E+00  0.1420E+02
     14.181  0.9052E+00  0.1429E+02
     14.280  0.8001E+00  0.1437E+02
     14.378  0.7568E+00  0.1445E+02
     14.476  0.7402E+00  0.1452E+02
     14.575  0.7361E+00  0.1459E+02
     14.673  0.7396E+00  0.1466E+02
     14.771  0.7571E+00  0.1474E+02
     14.870  0.7892E+00  0.1481E+02
     14.968  0.8660E+00  0.1490E+02
     15.066  0.8476E+00  0.1498E+02
     15.165  0.8292E+00  0.1506E+02
     15.263  0.6680E+00  0.1513E+02
     15.362  0.6249E+00  0.1520E+02
     15.460  0.5776E+00  0.1526E+02
     15.558  0.5471E+00  0.1531E+02
     15.657  0.5263E+00  0.1536E+02
     15.755  0.5140E+00  0.1542E+02
     15.853  0.5849E+00  0.1547E+02
     15.952  0.5854E+00  0.1553E+02
     16.050  0.4907E+00  0.1558E+02
     16.148  0.4289E+00  0.1563E+02
     16.247  0.4270E+00  0.1567E+02
     16.345  0.3336E+00  0.1571E+02
     16.444  0.2744E+00  0.1574E+02
     16.542  0.2364E+00  0.1576E+02
     16.640  0.2151E+00  0.1578E+02
     16.739  0.2135E+00  0.1580E+02
     16.837  0.1895E+00  0.1582E+02
     16.935  0.1690E+00  0.1584E+02
     17.034  0.1564E+00  0.1586E+02
     17.132  0.1477E+00  0.1587E+02
     17.230  0.1402E+00  0.1589E+02
     17.329  0.1286E+00  0.1590E+02
     17.427  0.1173E+00  0.1591E+02
     17.526  0.1077E+00  0.1592E+02
     17.624  0.1027E+00  0.1593E+02
     17.722  0.9247E-01  0.1594E+02
     17.821  0.8097E-01  0.1595E+02
     17.919  0.7148E-01  0.1596E+02
     18.017  0.6470E-01  0.1597E+02
     18.116  0.5992E-01  0.1597E+02
     18.214  0.6182E-01  0.1598E+02
     18.312  0.5175E-01  0.1598E+02
     18.411  0.3708E-01  0.1599E+02
     18.509  0.2774E-01  0.1599E+02
     18.607  0.2189E-01  0.1599E+02
     18.706  0.1735E-01  0.1600E+02
     18.804  0.1355E-01  0.1600E+02
     18.903  0.1049E-01  0.1600E+02
     19.001  0.1076E-01  0.1600E+02
     19.099  0.5128E-02  0.1600E+02
     19.198  0.0000E+00  0.1600E+02
     19.296  0.0000E+00  0.1600E+02
     19.394  0.0000E+00  0.1600E+02
     19.493  0.0000E+00  0.1600E+02
     19.591  0.0000E+00  0.1600E+02
     19.689  0.0000E+00  0.1600E+02
     19.788  0.0000E+00  0.1600E+02
     19.886  0.0000E+00  0.1600E+02
     19.985  0.0000E+00  0.1600E+02
     20.083  0.0000E+00  0.1600E+02
     20.181  0.0000E+00  0.1600E+02
     20.280  0.0000E+00  0.1600E+02
     20.378  0.0000E+00  0.1600E+02
     20.476  0.0000E+00  0.1600E+02
     20.575  0.0000E+00  0.1600E+02
     20.673  0.0000E+00  0.1600E+02
     20.771  0.0000E+00  0.1600E+02
     20.870  0.0000E+00  0.1600E+02
     20.968  0.0000E+00  0.1600E+02
     21.067  0.0000E+00  0.1600E+02
     21.165  0.0000E+00  0.1600E+02
     21.16487539     -8.34349277  301      7.71810416      1.00000000
     -8.343  0.0000E+00  0.0000E+00  0.0000E+00  0.0000E+00  0.0000E+00  0.0000E+00  0.0000E+00  0.0000E+00  0.0000E+00
     -8.245  0.0000E+00  0.0000E+00  0.0000E+00  0.0000E+00  0.0000E+00  0.0000E+00  0.0000E+00  0.0000E+00  0.0000E+00
     -8.147  0.0000E+00  0.0000E+00  0.0000E+00  0.0000E+00  0.0000E+00  0.0000E+00  0.0000E+00  0.0000E+00  0.0000E+00
     -8.048  0.0000E+00  0.0000E+00  0.0000E+00  0.0000E+00  0.0000E+00  0.0000E+00  0.0000E+00  0.0000E+00  0.0000E+00
     -7.950  0.0000E+00  0.0000E+00  0.0000E+00  0.0000E+00  0.0000E+00  0.0000E+00  0.0000E+00  0.0000E+00  0.0000E+00
     -7.852  0.0000E+00  0.0000E+00  0.0000E+00  0.0000E+00  0.0000E+00  0.0000E+00  0.0000E+00  0.0000E+00  0.0000E+00
     -7.753  0.0000E+00  0.0000E+00  0.0000E+00  0.0000E+00  0.0000E+00  0.0000E+00  0.0000E+00  0.0000E+00  0.0000E+00
     -7.655  0.0000E+00  0.0000E+00  0.0000E+00  0.0000E+00  0.0000E+00  0.0000E+00  0.0000E+00  0.0000E+00  0.0000E+00
     -7.557  0.0000E+00  0.0000E+00  0.0000E+00  0.0000E+00  0.0000E+00  0.0000E+00  0.0000E+00  0.0000E+00  0.0000E+00
     -7.458  0.0000E+00  0.0000E+00  0.0000E+00  0.0000E+00  0.0000E+00  0.0000E+00  0.0000E+00  0.0000E+00  0.0000E+00
     -7.360  0.0000E+00  0.0000E+00  0.0000E+00  0.0000E+00  0.0000E+00  0.0000E+00  0.0000E+00  0.0000E+00  0.0000E+00
     -7.262  0.0000E+00  0.0000E+00  0.0000E+00  0.0000E+00  0.0000E+00  0.0000E+00  0.0000E+00  0.0000E+00  0.0000E+00
     -7.163  0.0000E+00  0.0000E+00  0.0000E+00  0.0000E+00  0.0000E+00  0.0000E+00  0.0000E+00  0.0000E+00  0.0000E+00
     -7.065  0.0000E+00  0.0000E+00  0.0000E+00  0.0000E+00  0.0000E+00  0.0000E+00  0.0000E+00  0.0000E+00  0.0000E+00
     -6.966  0.0000E+00  0.0000E+00  0.0000E+00  0.0000E+00  0.0000E+00  0.0000E+00  0.0000E+00  0.0000E+00  0.0000E+00
     -6.868  0.0000E+00  0.0000E+00  0.0000E+00  0.0000E+00  0.0000E+00  0.0000E+00  0.0000E+00  0.0000E+00  0.0000E+00
     -6.770  0.0000E+00  0.0000E+00  0.0000E+00  0.0000E+00  0.0000E+00  0.0000E+00  0.0000E+00  0.0000E+00  0.0000E+00
     -6.671  0.0000E+00  0.0000E+00  0.0000E+00  0.0000E+00  0.0000E+00  0.0000E+00  0.0000E+00  0.0000E+00  0.0000E+00
     -6.573  0.0000E+00  0.0000E+00  0.0000E+00  0.0000E+00  0.0000E+00  0.0000E+00  0.0000E+00  0.0000E+00  0.0000E+00
     -6.475  0.0000E+00  0.0000E+00  0.0000E+00  0.0000E+00  0.0000E+00  0.0000E+00  0.0000E+00  0.0000E+00  0.0000E+00
     -6.376  0.0000E+00  0.0000E+00  0.0000E+00  0.0000E+00  0.0000E+00  0.0000E+00  0.0000E+00  0.0000E+00  0.0000E+00
     -6.278  0.1723E-01  0.1840E-04  0.1840E-04  0.1840E-04  0.0000E+00  0.0000E+00  0.0000E+00  0.0000E+00  0.0000E+00
     -6.180  0.2492E-01  0.7381E-04  0.7381E-04  0.7381E-04  0.0000E+00  0.0000E+00  0.0000E+00  0.0000E+00  0.0000E+00
     -6.081  0.3069E-01  0.1454E-03  0.1454E-03  0.1454E-03  0.0000E+00  0.0000E+00  0.0000E+00  0.0000E+00  0.0000E+00
     -5.983  0.3656E-01  0.2316E-03  0.2316E-03  0.2316E-03  0.0000E+00  0.0000E+00  0.0000E+00  0.0000E+00  0.0000E+00
     -5.884  0.4096E-01  0.3354E-03  0.3354E-03  0.3354E-03  0.0000E+00  0.0000E+00  0.0000E+00  0.0000E+00  0.0000E+00
     -5.786  0.4534E-01  0.4484E-03  0.4484E-03  0.4484E-03  0.0000E+00  0.0000E+00  0.0000E+00  0.0000E+00  0.0000E+00
     -5.688  0.4939E-01  0.5707E-03  0.5707E-03  0.5707E-03  0.0000E+00  0.0000E+00  0.0000E+00  0.0000E+00  0.0000E+00
     -5.589  0.5301E-01  0.7055E-03  0.7055E-03  0.7055E-03  0.0000E+00  0.0000E+00  0.0000E+00  0.0000E+00  0.0000E+00
     -5.491  0.5662E-01  0.8460E-03  0.8460E-03  0.8460E-03  0.0000E+00  0.0000E+00  0.0000E+00  0.0000E+00  0.0000E+00
     -5.393  0.5999E-01  0.9973E-03  0.9973E-03  0.9973E-03  0.0000E+00  0.0000E+00  0.0000E+00  0.0000E+00  0.0000E+00
     -5.294  0.6320E-01  0.1157E-02  0.1157E-02  0.1157E-02  0.0000E+00  0.0000E+00  0.0000E+00  0.0000E+00  0.0000E+00
     -5.196  0.6656E-01  0.1320E-02  0.1320E-02  0.1320E-02  0.0000E+00  0.0000E+00  0.0000E+00  0.0000E+00  0.0000E+00
     -5.098  0.6949E-01  0.1498E-02  0.1498E-02  0.1498E-02  0.0000E+00  0.0000E+00  0.0000E+00  0.0000E+00  0.0000E+00
     -4.999  0.7269E-01  0.1676E-02  0.1676E-02  0.1676E-02  0.0000E+00  0.0000E+00  0.0000E+00  0.0000E+00  0.0000E+00
     -4.901  0.7572E-01  0.1867E-02  0.1867E-02  0.1867E-02  0.0000E+00  0.0000E+00  0.0000E+00  0.0000E+00  0.0000E+00
     -4.802  0.7872E-01  0.2065E-02  0.2065E-02  0.2065E-02  0.0000E+00  0.0000E+00  0.0000E+00  0.0000E+00  0.0000E+00
     -4.704  0.8195E-01  0.2264E-02  0.2264E-02  0.2264E-02  0.0000E+00  0.0000E+00  0.0000E+00  0.0000E+00  0.0000E+00
     -4.606  0.8501E-01  0.2479E-02  0.2479E-02  0.2479E-02  0.0000E+00  0.0000E+00  0.0000E+00  0.0000E+00  0.0000E+00
     -4.507  0.8821E-01  0.2700E-02  0.2700E-02  0.2700E-02  0.0000E+00  0.0000E+00  0.0000E+00  0.0000E+00  0.0000E+00
     -4.409  0.9167E-01  0.2922E-02  0.2922E-02  0.2922E-02  0.0000E+00  0.0000E+00  0.0000E+00  0.0000E+00  0.0000E+00
     -4.311  0.9511E-01  0.3164E-02  0.3164E-02  0.3164E-02  0.0000E+00  0.0000E+00  0.0000E+00  0.0000E+00  0.0000E+00
     -4.212  0.9883E-01  0.3414E-02  0.3414E-02  0.3414E-02  0.0000E+00  0.0000E+00  0.0000E+00  0.0000E+00  0.0000E+00
     -4.114  0.1029E+00  0.3669E-02  0.3669E-02  0.3669E-02  0.0000E+00  0.0000E+00  0.0000E+00  0.0000E+00  0.0000E+00
     -4.016  0.1073E+00  0.3945E-02  0.3945E-02  0.3945E-02  0.0000E+00  0.0000E+00  0.0000E+00  0.0000E+00  0.0000E+00
     -3.917  0.1124E+00  0.4244E-02  0.4244E-02  0.4244E-02  0.0000E+00  0.0000E+00  0.0000E+00  0.0000E+00  0.0000E+00
     -3.819  0.1183E+00  0.4561E-02  0.4561E-02  0.4561E-02  0.0000E+00  0.0000E+00  0.0000E+00  0.0000E+00  0.0000E+00
     -3.721  0.1257E+00  0.4919E-02  0.4919E-02  0.4919E-02  0.0000E+00  0.0000E+00  0.0000E+00  0.0000E+00  0.0000E+00
     -3.622  0.1361E+00  0.5374E-02  0.5374E-02  0.5374E-02  0.0000E+00  0.0000E+00  0.0000E+00  0.0000E+00  0.0000E+00
     -3.524  0.1612E+00  0.6195E-02  0.6195E-02  0.6195E-02  0.0000E+00  0.0000E+00  0.0000E+00  0.0000E+00  0.0000E+00
     -3.425  0.1668E+00  0.6549E-02  0.6549E-02  0.6549E-02  0.0000E+00  0.0000E+00  0.0000E+00  0.0000E+00  0.0000E+00
     -3.327  0.1590E+00  0.6587E-02  0.6587E-02  0.6587E-02  0.0000E+00  0.0000E+00  0.0000E+00  0.0000E+00  0.0000E+00
     -3.229  0.1514E+00  0.6582E-02  0.6582E-02  0.6582E-02  0.0000E+00  0.0000E+00  0.0000E+00  0.0000E+00  0.0000E+00
     -3.130  0.1449E+00  0.6577E-02  0.6577E-02  0.6577E-02  0.0000E+00  0.0000E+00  0.0000E+00  0.0000E+00  0.0000E+00
     -3.032  0.1408E+00  0.6650E-02  0.6650E-02  0.6650E-02  0.0000E+00  0.0000E+00  0.0000E+00  0.0000E+00  0.0000E+00
     -2.934  0.1347E+00  0.6630E-02  0.6630E-02  0.6630E-02  0.0000E+00  0.0000E+00  0.0000E+00  0.0000E+00  0.0000E+00
     -2.835  0.1291E+00  0.6597E-02  0.6597E-02  0.6597E-02  0.0000E+00  0.0000E+00  0.0000E+00  0.0000E+00  0.0000E+00
     -2.737  0.1239E+00  0.6574E-02  0.6574E-02  0.6574E-02  0.0000E+00  0.0000E+00  0.0000E+00  0.0000E+00  0.0000E+00
     -2.639  0.1180E+00  0.6508E-02  0.6508E-02  0.6508E-02  0.0000E+00  0.0000E+00  0.0000E+00  0.0000E+00  0.0000E+00
     -2.540  0.1126E+00  0.6428E-02  0.6428E-02  0.6428E-02  0.0000E+00  0.0000E+00  0.0000E+00  0.0000E+00  0.0000E+00
     -2.442  0.1074E+00  0.6340E-02  0.6340E-02  0.6340E-02  0.0000E+00  0.0000E+00  0.0000E+00  0.0000E+00  0.0000E+00
     -2.343  0.1012E+00  0.6206E-02  0.6206E-02  0.6206E-02  0.0000E+00  0.0000E+00  0.0000E+00  0.0000E+00  0.0000E+00
     -2.245  0.9588E-01  0.6068E-02  0.6068E-02  0.6068E-02  0.0000E+00  0.0000E+00  0.0000E+00  0.0000E+00  0.0000E+00
     -2.147  0.8965E-01  0.5885E-02  0.5885E-02  0.5885E-02  0.0000E+00  0.0000E+00  0.0000E+00  0.0000E+00  0.0000E+00
     -2.048  0.8384E-01  0.5690E-02  0.5690E-02  0.5690E-02  0.0000E+00  0.0000E+00  0.0000E+00  0.0000E+00  0.0000E+00
     -1.950  0.7783E-01  0.5458E-02  0.5458E-02  0.5458E-02  0.0000E+00  0.0000E+00  0.0000E+00  0.0000E+00  0.0000E+00
     -1.852  0.7134E-01  0.5206E-02  0.5206E-02  0.5206E-02  0.0000E+00  0.0000E+00  0.0000E+00  0.0000E+00  0.0000E+00
     -1.753  0.6459E-01  0.4890E-02  0.4890E-02  0.4890E-02  0.0000E+00  0.0000E+00  0.0000E+00  0.0000E+00  0.0000E+00
     -1.655  0.5985E-01  0.4772E-02  0.4772E-02  0.4772E-02  0.0000E+00  0.0000E+00  0.0000E+00  0.0000E+00  0.0000E+00
     -1.557  0.4151E-01  0.3444E-02  0.3444E-02  0.3444E-02  0.0000E+00  0.0000E+00  0.0000E+00  0.0000E+00  0.0000E+00
     -1.458  0.2031E-01  0.1664E-02  0.1664E-02  0.1664E-02  0.0000E+00  0.0000E+00  0.0000E+00  0.0000E+00  0.0000E+00
     -1.360  0.4511E-02  0.4028E-03  0.4028E-03  0.4028E-03  0.0000E+00  0.0000E+00  0.0000E+00  0.0000E+00  0.0000E+00
     -1.261  0.8392E-02  0.8809E-03  0.8809E-03  0.8809E-03  0.0000E+00  0.0000E+00  0.0000E+00  0.0000E+00  0.0000E+00
     -1.163  0.1925E-01  0.2027E-02  0.2027E-02  0.2027E-02  0.0000E+00  0.0000E+00  0.0000E+00  0.0000E+00  0.0000E+00
     -1.065  0.3321E-01  0.3501E-02  0.3501E-02  0.3501E-02  0.0000E+00  0.0000E+00  0.0000E+00  0.0000E+00  0.0000E+00
     -0.966  0.4786E-01  0.5116E-02  0.5116E-02  0.5116E-02  0.0000E+00  0.0000E+00  0.0000E+00  0.0000E+00  0.0000E+00
     -0.868  0.5354E-01  0.5898E-02  0.5898E-02  0.5898E-02  0.0000E+00  0.0000E+00  0.0000E+00  0.0000E+00  0.0000E+00
     -0.770  0.6233E-01  0.7134E-02  0.7134E-02  0.7134E-02  0.0000E+00  0.0000E+00  0.0000E+00  0.0000E+00  0.0000E+00
     -0.671  0.9406E-01  0.1765E-01  0.1765E-01  0.1765E-01  0.0000E+00  0.0000E+00  0.0000E+00  0.0000E+00  0.0000E+00
     -0.573  0.1151E+00  0.2241E-01  0.2241E-01  0.2241E-01  0.0000E+00  0.0000E+00  0.0000E+00  0.0000E+00  0.0000E+00
     -0.475  0.1476E+00  0.3005E-01  0.3005E-01  0.3005E-01  0.0000E+00  0.0000E+00  0.0000E+00  0.0000E+00  0.0000E+00
     -0.376  0.2814E+00  0.5863E-01  0.5863E-01  0.5863E-01  0.0000E+00  0.0000E+00  0.0000E+00  0.0000E+00  0.0000E+00
     -0.278  0.1524E+00  0.3159E-01  0.3159E-01  0.3159E-01  0.0000E+00  0.0000E+00  0.0000E+00  0.0000E+00  0.0000E+00
     -0.180  0.1259E+00  0.2619E-01  0.2619E-01  0.2619E-01  0.0000E+00  0.0000E+00  0.0000E+00  0.0000E+00  0.0000E+00
     -0.081  0.1107E+00  0.2324E-01  0.2324E-01  0.2324E-01  0.0000E+00  0.0000E+00  0.0000E+00  0.0000E+00  0.0000E+00
      0.017  0.9870E-01  0.2106E-01  0.2106E-01  0.2106E-01  0.0000E+00  0.0000E+00  0.0000E+00  0.0000E+00  0.0000E+00
      0.116  0.9107E-01  0.1966E-01  0.1966E-01  0.1966E-01  0.0000E+00  0.0000E+00  0.0000E+00  0.0000E+00  0.0000E+00
      0.214  0.8418E-01  0.1847E-01  0.1847E-01  0.1847E-01  0.0000E+00  0.0000E+00  0.0000E+00  0.0000E+00  0.0000E+00
      0.312  0.7727E-01  0.1732E-01  0.1732E-01  0.1732E-01  0.0000E+00  0.0000E+00  0.0000E+00  0.0000E+00  0.0000E+00
      0.411  0.7270E-01  0.1656E-01  0.1656E-01  0.1656E-01  0.0000E+00  0.0000E+00  0.0000E+00  0.0000E+00  0.0000E+00
      0.509  0.6839E-01  0.1587E-01  0.1587E-01  0.1587E-01  0.0000E+00  0.0000E+00  0.0000E+00  0.0000E+00  0.0000E+00
      0.607  0.6371E-01  0.1512E-01  0.1512E-01  0.1512E-01  0.0000E+00  0.0000E+00  0.0000E+00  0.0000E+00  0.0000E+00
      0.706  0.5981E-01  0.1449E-01  0.1449E-01  0.1449E-01  0.0000E+00  0.0000E+00  0.0000E+00  0.0000E+00  0.0000E+00
      0.804  0.5676E-01  0.1402E-01  0.1402E-01  0.1402E-01  0.0000E+00  0.0000E+00  0.0000E+00  0.0000E+00  0.0000E+00
      0.902  0.5346E-01  0.1349E-01  0.1349E-01  0.1349E-01  0.0000E+00  0.0000E+00  0.0000E+00  0.0000E+00  0.0000E+00
      1.001  0.4974E-01  0.1288E-01  0.1288E-01  0.1288E-01  0.0000E+00  0.0000E+00  0.0000E+00  0.0000E+00  0.0000E+00
      1.099  0.4742E-01  0.1252E-01  0.1252E-01  0.1252E-01  0.0000E+00  0.0000E+00  0.0000E+00  0.0000E+00  0.0000E+00
      1.198  0.4508E-01  0.1216E-01  0.1216E-01  0.1216E-01  0.0000E+00  0.0000E+00  0.0000E+00  0.0000E+00  0.0000E+00
      1.296  0.4244E-01  0.1172E-01  0.1172E-01  0.1172E-01  0.0000E+00  0.0000E+00  0.0000E+00  0.0000E+00  0.0000E+00
      1.394  0.3959E-01  0.1122E-01  0.1122E-01  0.1122E-01  0.0000E+00  0.0000E+00  0.0000E+00  0.0000E+00  0.0000E+00
      1.493  0.3784E-01  0.1095E-01  0.1095E-01  0.1095E-01  0.0000E+00  0.0000E+00  0.0000E+00  0.0000E+00  0.0000E+00
      1.591  0.3603E-01  0.1066E-01  0.1066E-01  0.1066E-01  0.0000E+00  0.0000E+00  0.0000E+00  0.0000E+00  0.0000E+00
      1.689  0.3400E-01  0.1031E-01  0.1031E-01  0.1031E-01  0.0000E+00  0.0000E+00  0.0000E+00  0.0000E+00  0.0000E+00
      1.788  0.3160E-01  0.9852E-02  0.9852E-02  0.9852E-02  0.0000E+00  0.0000E+00  0.0000E+00  0.0000E+00  0.0000E+00
      1.886  0.3017E-01  0.9612E-02  0.9612E-02  0.9612E-02  0.0000E+00  0.0000E+00  0.0000E+00  0.0000E+00  0.0000E+00
      1.984  0.3038E-01  0.2514E-01  0.2514E-01  0.2514E-01  0.0000E+00  0.0000E+00  0.0000E+00  0.0000E+00  0.0000E+00
      2.083  0.3047E-01  0.3225E-01  0.3225E-01  0.3225E-01  0.0000E+00  0.0000E+00  0.0000E+00  0.0000E+00  0.0000E+00
      2.181  0.3087E-01  0.4130E-01  0.4130E-01  0.4130E-01  0.0000E+00  0.0000E+00  0.0000E+00  0.0000E+00  0.0000E+00
      2.280  0.3309E-01  0.5683E-01  0.5683E-01  0.5683E-01  0.0000E+00  0.0000E+00  0.0000E+00  0.0000E+00  0.0000E+00
      2.378  0.3321E-01  0.5299E-01  0.5299E-01  0.5299E-01  0.0000E+00  0.0000E+00  0.0000E+00  0.0000E+00  0.0000E+00
      2.476  0.3324E-01  0.4987E-01  0.4987E-01  0.4987E-01  0.0000E+00  0.0000E+00  0.0000E+00  0.0000E+00  0.0000E+00
      2.575  0.3289E-01  0.4731E-01  0.4731E-01  0.4731E-01  0.0000E+00  0.0000E+00  0.0000E+00  0.0000E+00  0.0000E+00
      2.673  0.3219E-01  0.4600E-01  0.4600E-01  0.4600E-01  0.0000E+00  0.0000E+00  0.0000E+00  0.0000E+00  0.0000E+00
      2.771  0.3184E-01  0.4703E-01  0.4703E-01  0.4703E-01  0.0000E+00  0.0000E+00  0.0000E+00  0.0000E+00  0.0000E+00
      2.870  0.3164E-01  0.4938E-01  0.4938E-01  0.4938E-01  0.0000E+00  0.0000E+00  0.0000E+00  0.0000E+00  0.0000E+00
      2.968  0.3109E-01  0.4879E-01  0.4879E-01  0.4879E-01  0.0000E+00  0.0000E+00  0.0000E+00  0.0000E+00  0.0000E+00
      3.066  0.3037E-01  0.5016E-01  0.5016E-01  0.5016E-01  0.0000E+00  0.0000E+00  0.0000E+00  0.0000E+00  0.0000E+00
      3.165  0.2932E-01  0.5242E-01  0.5242E-01  0.5242E-01  0.0000E+00  0.0000E+00  0.0000E+00  0.0000E+00  0.0000E+00
      3.263  0.2880E-01  0.5418E-01  0.5418E-01  0.5418E-01  0.0000E+00  0.0000E+00  0.0000E+00  0.0000E+00  0.0000E+00
      3.361  0.2831E-01  0.5632E-01  0.5632E-01  0.5632E-01  0.0000E+00  0.0000E+00  0.0000E+00  0.0000E+00  0.0000E+00
      3.460  0.2758E-01  0.5834E-01  0.5834E-01  0.5834E-01  0.0000E+00  0.0000E+00  0.0000E+00  0.0000E+00  0.0000E+00
      3.558  0.2668E-01  0.6343E-01  0.6343E-01  0.6343E-01  0.0000E+00  0.0000E+00  0.0000E+00  0.0000E+00  0.0000E+00
      3.657  0.2543E-01  0.6590E-01  0.6590E-01  0.6590E-01  0.0000E+00  0.0000E+00  0.0000E+00  0.0000E+00  0.0000E+00
      3.755  0.2477E-01  0.7521E-01  0.7521E-01  0.7521E-01  0.0000E+00  0.0000E+00  0.0000E+00  0.0000E+00  0.0000E+00
      3.853  0.2397E-01  0.8500E-01  0.8500E-01  0.8500E-01  0.0000E+00  0.0000E+00  0.0000E+00  0.0000E+00  0.0000E+00
      3.952  0.2303E-01  0.8360E-01  0.8360E-01  0.8360E-01  0.0000E+00  0.0000E+00  0.0000E+00  0.0000E+00  0.0000E+00
      4.050  0.2191E-01  0.8271E-01  0.8271E-01  0.8271E-01  0.0000E+00  0.0000E+00  0.0000E+00  0.0000E+00  0.0000E+00
      4.148  0.2073E-01  0.8187E-01  0.8187E-01  0.8187E-01  0.0000E+00  0.0000E+00  0.0000E+00  0.0000E+00  0.0000E+00
      4.247  0.1976E-01  0.8092E-01  0.8092E-01  0.8092E-01  0.0000E+00  0.0000E+00  0.0000E+00  0.0000E+00  0.0000E+00
      4.345  0.1898E-01  0.8032E-01  0.8032E-01  0.8032E-01  0.0000E+00  0.0000E+00  0.0000E+00  0.0000E+00  0.0000E+00
      4.443  0.1814E-01  0.7952E-01  0.7952E-01  0.7952E-01  0.0000E+00  0.0000E+00  0.0000E+00  0.0000E+00  0.0000E+00
      4.542  0.1716E-01  0.7863E-01  0.7863E-01  0.7863E-01  0.0000E+00  0.0000E+00  0.0000E+00  0.0000E+00  0.0000E+00
      4.640  0.1608E-01  0.7819E-01  0.7819E-01  0.7819E-01  0.0000E+00  0.0000E+00  0.0000E+00  0.0000E+00  0.0000E+00
      4.739  0.1505E-01  0.7675E-01  0.7675E-01  0.7675E-01  0.0000E+00  0.0000E+00  0.0000E+00  0.0000E+00  0.0000E+00
      4.837  0.1433E-01  0.7664E-01  0.7664E-01  0.7664E-01  0.0000E+00  0.0000E+00  0.0000E+00  0.0000E+00  0.0000E+00
      4.935  0.1344E-01  0.7607E-01  0.7607E-01  0.7607E-01  0.0000E+00  0.0000E+00  0.0000E+00  0.0000E+00  0.0000E+00
      5.034  0.1241E-01  0.7537E-01  0.7537E-01  0.7537E-01  0.0000E+00  0.0000E+00  0.0000E+00  0.0000E+00  0.0000E+00
      5.132  0.1145E-01  0.7462E-01  0.7462E-01  0.7462E-01  0.0000E+00  0.0000E+00  0.0000E+00  0.0000E+00  0.0000E+00
      5.230  0.1048E-01  0.7431E-01  0.7431E-01  0.7431E-01  0.0000E+00  0.0000E+00  0.0000E+00  0.0000E+00  0.0000E+00
      5.329  0.9701E-02  0.7373E-01  0.7373E-01  0.7373E-01  0.0000E+00  0.0000E+00  0.0000E+00  0.0000E+00  0.0000E+00
      5.427  0.8943E-02  0.7319E-01  0.7319E-01  0.7319E-01  0.0000E+00  0.0000E+00  0.0000E+00  0.0000E+00  0.0000E+00
      5.525  0.8216E-02  0.7243E-01  0.7243E-01  0.7243E-01  0.0000E+00  0.0000E+00  0.0000E+00  0.0000E+00  0.0000E+00
      5.624  0.7467E-02  0.7172E-01  0.7172E-01  0.7172E-01  0.0000E+00  0.0000E+00  0.0000E+00  0.0000E+00  0.0000E+00
      5.722  0.6633E-02  0.7180E-01  0.7180E-01  0.7180E-01  0.0000E+00  0.0000E+00  0.0000E+00  0.0000E+00  0.0000E+00
      5.821  0.5893E-02  0.6426E-01  0.6426E-01  0.6426E-01  0.0000E+00  0.0000E+00  0.0000E+00  0.0000E+00  0.0000E+00
      5.919  0.5310E-02  0.5140E-01  0.5140E-01  0.5140E-01  0.0000E+00  0.0000E+00  0.0000E+00  0.0000E+00  0.0000E+00
      6.017  0.4723E-02  0.4522E-01  0.4522E-01  0.4522E-01  0.0000E+00  0.0000E+00  0.0000E+00  0.0000E+00  0.0000E+00
      6.116  0.4133E-02  0.4018E-01  0.4018E-01  0.4018E-01  0.0000E+00  0.0000E+00  0.0000E+00  0.0000E+00  0.0000E+00
      6.214  0.3506E-02  0.3583E-01  0.3583E-01  0.3583E-01  0.0000E+00  0.0000E+00  0.0000E+00  0.0000E+00  0.0000E+00
      6.312  0.2982E-02  0.3200E-01  0.3200E-01  0.3200E-01  0.0000E+00  0.0000E+00  0.0000E+00  0.0000E+00  0.0000E+00
      6.411  0.2516E-02  0.2879E-01  0.2879E-01  0.2879E-01  0.0000E+00  0.0000E+00  0.0000E+00  0.0000E+00  0.0000E+00
      6.509  0.2139E-02  0.2561E-01  0.2561E-01  0.2561E-01  0.0000E+00  0.0000E+00  0.0000E+00  0.0000E+00  0.0000E+00
      6.607  0.1724E-02  0.2267E-01  0.2267E-01  0.2267E-01  0.0000E+00  0.0000E+00  0.0000E+00  0.0000E+00  0.0000E+00
      6.706  0.1266E-02  0.1991E-01  0.1991E-01  0.1991E-01  0.0000E+00  0.0000E+00  0.0000E+00  0.0000E+00  0.0000E+00
      6.804  0.9841E-03  0.1709E-01  0.1709E-01  0.1709E-01  0.0000E+00  0.0000E+00  0.0000E+00  0.0000E+00  0.0000E+00
      6.902  0.6511E-03  0.1417E-01  0.1417E-01  0.1417E-01  0.0000E+00  0.0000E+00  0.0000E+00  0.0000E+00  0.0000E+00
      7.001  0.3931E-03  0.1160E-01  0.1160E-01  0.1160E-01  0.0000E+00  0.0000E+00  0.0000E+00  0.0000E+00  0.0000E+00
      7.099  0.1774E-03  0.8074E-02  0.8074E-02  0.8074E-02  0.0000E+00  0.0000E+00  0.0000E+00  0.0000E+00  0.0000E+00
      7.198  0.2519E-06  0.2087E-03  0.2087E-03  0.2087E-03  0.0000E+00  0.0000E+00  0.0000E+00  0.0000E+00  0.0000E+00
      7.296  0.0000E+00  0.0000E+00  0.0000E+00  0.0000E+00  0.0000E+00  0.0000E+00  0.0000E+00  0.0000E+00  0.0000E+00
      7.394  0.0000E+00  0.0000E+00  0.0000E+00  0.0000E+00  0.0000E+00  0.0000E+00  0.0000E+00  0.0000E+00  0.0000E+00
      7.493  0.0000E+00  0.0000E+00  0.0000E+00  0.0000E+00  0.0000E+00  0.0000E+00  0.0000E+00  0.0000E+00  0.0000E+00
      7.591  0.0000E+00  0.0000E+00  0.0000E+00  0.0000E+00  0.0000E+00  0.0000E+00  0.0000E+00  0.0000E+00  0.0000E+00
      7.689  0.0000E+00  0.0000E+00  0.0000E+00  0.0000E+00  0.0000E+00  0.0000E+00  0.0000E+00  0.0000E+00  0.0000E+00
      7.788  0.3591E-02  0.7935E-03  0.7935E-03  0.7935E-03  0.0000E+00  0.0000E+00  0.0000E+00  0.0000E+00  0.0000E+00
      7.886  0.7944E-02  0.1875E-02  0.1875E-02  0.1875E-02  0.0000E+00  0.0000E+00  0.0000E+00  0.0000E+00  0.0000E+00
      7.984  0.1202E-01  0.2957E-02  0.2957E-02  0.2957E-02  0.0000E+00  0.0000E+00  0.0000E+00  0.0000E+00  0.0000E+00
      8.083  0.1414E-01  0.3747E-02  0.3747E-02  0.3747E-02  0.0000E+00  0.0000E+00  0.0000E+00  0.0000E+00  0.0000E+00
      8.181  0.1605E-01  0.4555E-02  0.4555E-02  0.4555E-02  0.0000E+00  0.0000E+00  0.0000E+00  0.0000E+00  0.0000E+00
      8.280  0.1798E-01  0.5410E-02  0.5410E-02  0.5410E-02  0.0000E+00  0.0000E+00  0.0000E+00  0.0000E+00  0.0000E+00
      8.378  0.2005E-01  0.6385E-02  0.6385E-02  0.6385E-02  0.0000E+00  0.0000E+00  0.0000E+00  0.0000E+00  0.0000E+00
      8.476  0.2143E-01  0.7269E-02  0.7269E-02  0.7269E-02  0.0000E+00  0.0000E+00  0.0000E+00  0.0000E+00  0.0000E+00
      8.575  0.2253E-01  0.8103E-02  0.8103E-02  0.8103E-02  0.0000E+00  0.0000E+00  0.0000E+00  0.0000E+00  0.0000E+00
      8.673  0.2375E-01  0.9035E-02  0.9035E-02  0.9035E-02  0.0000E+00  0.0000E+00  0.0000E+00  0.0000E+00  0.0000E+00
      8.771  0.2496E-01  0.9995E-02  0.9995E-02  0.9995E-02  0.0000E+00  0.0000E+00  0.0000E+00  0.0000E+00  0.0000E+00
      8.870  0.2621E-01  0.1102E-01  0.1102E-01  0.1102E-01  0.0000E+00  0.0000E+00  0.0000E+00  0.0000E+00  0.0000E+00
      8.968  0.2739E-01  0.1213E-01  0.1213E-01  0.1213E-01  0.0000E+00  0.0000E+00  0.0000E+00  0.0000E+00  0.0000E+00
      9.066  0.2876E-01  0.1339E-01  0.1339E-01  0.1339E-01  0.0000E+00  0.0000E+00  0.0000E+00  0.0000E+00  0.0000E+00
      9.165  0.2954E-01  0.1443E-01  0.1443E-01  0.1443E-01  0.0000E+00  0.0000E+00  0.0000E+00  0.0000E+00  0.0000E+00
      9.263  0.3049E-01  0.1565E-01  0.1565E-01  0.1565E-01  0.0000E+00  0.0000E+00  0.0000E+00  0.0000E+00  0.0000E+00
      9.362  0.3160E-01  0.1693E-01  0.1693E-01  0.1693E-01  0.0000E+00  0.0000E+00  0.0000E+00  0.0000E+00  0.0000E+00
      9.460  0.3283E-01  0.1833E-01  0.1833E-01  0.1833E-01  0.0000E+00  0.0000E+00  0.0000E+00  0.0000E+00  0.0000E+00
      9.558  0.3415E-01  0.1987E-01  0.1987E-01  0.1987E-01  0.0000E+00  0.0000E+00  0.0000E+00  0.0000E+00  0.0000E+00
      9.657  0.3828E-01  0.2162E-01  0.2162E-01  0.2162E-01  0.0000E+00  0.0000E+00  0.0000E+00  0.0000E+00  0.0000E+00
      9.755  0.5309E-01  0.2407E-01  0.2407E-01  0.2407E-01  0.0000E+00  0.0000E+00  0.0000E+00  0.0000E+00  0.0000E+00
      9.853  0.6314E-01  0.2707E-01  0.2707E-01  0.2707E-01  0.0000E+00  0.0000E+00  0.0000E+00  0.0000E+00  0.0000E+00
      9.952  0.8324E-01  0.3177E-01  0.3177E-01  0.3177E-01  0.0000E+00  0.0000E+00  0.0000E+00  0.0000E+00  0.0000E+00
     10.050  0.9368E-01  0.3706E-01  0.3706E-01  0.3706E-01  0.0000E+00  0.0000E+00  0.0000E+00  0.0000E+00  0.0000E+00
     10.148  0.8737E-01  0.3893E-01  0.3893E-01  0.3893E-01  0.0000E+00  0.0000E+00  0.0000E+00  0.0000E+00  0.0000E+00
     10.247  0.7848E-01  0.4008E-01  0.4008E-01  0.4008E-01  0.0000E+00  0.0000E+00  0.0000E+00  0.0000E+00  0.0000E+00
     10.345  0.5742E-01  0.3607E-01  0.3607E-01  0.3607E-01  0.0000E+00  0.0000E+00  0.0000E+00  0.0000E+00  0.0000E+00
     10.444  0.4453E-01  0.3238E-01  0.3238E-01  0.3238E-01  0.0000E+00  0.0000E+00  0.0000E+00  0.0000E+00  0.0000E+00
     10.542  0.3808E-01  0.3114E-01  0.3114E-01  0.3114E-01  0.0000E+00  0.0000E+00  0.0000E+00  0.0000E+00  0.0000E+00
     10.640  0.3841E-01  0.3804E-01  0.3804E-01  0.3804E-01  0.0000E+00  0.0000E+00  0.0000E+00  0.0000E+00  0.0000E+00
     10.739  0.4401E-01  0.4769E-01  0.4769E-01  0.4769E-01  0.0000E+00  0.0000E+00  0.0000E+00  0.0000E+00  0.0000E+00
     10.837  0.4245E-01  0.4941E-01  0.4941E-01  0.4941E-01  0.0000E+00  0.0000E+00  0.0000E+00  0.0000E+00  0.0000E+00
     10.935  0.4061E-01  0.5218E-01  0.5218E-01  0.5218E-01  0.0000E+00  0.0000E+00  0.0000E+00  0.0000E+00  0.0000E+00
     11.034  0.4330E-01  0.4576E-01  0.4576E-01  0.4576E-01  0.0000E+00  0.0000E+00  0.0000E+00  0.0000E+00  0.0000E+00
     11.132  0.4473E-01  0.4849E-01  0.4849E-01  0.4849E-01  0.0000E+00  0.0000E+00  0.0000E+00  0.0000E+00  0.0000E+00
     11.230  0.4159E-01  0.4920E-01  0.4920E-01  0.4920E-01  0.0000E+00  0.0000E+00  0.0000E+00  0.0000E+00  0.0000E+00
     11.329  0.3954E-01  0.4965E-01  0.4965E-01  0.4965E-01  0.0000E+00  0.0000E+00  0.0000E+00  0.0000E+00  0.0000E+00
     11.427  0.3609E-01  0.4709E-01  0.4709E-01  0.4709E-01  0.0000E+00  0.0000E+00  0.0000E+00  0.0000E+00  0.0000E+00
     11.525  0.3390E-01  0.4471E-01  0.4471E-01  0.4471E-01  0.0000E+00  0.0000E+00  0.0000E+00  0.0000E+00  0.0000E+00
     11.624  0.3193E-01  0.4203E-01  0.4203E-01  0.4203E-01  0.0000E+00  0.0000E+00  0.0000E+00  0.0000E+00  0.0000E+00
     11.722  0.3112E-01  0.4091E-01  0.4091E-01  0.4091E-01  0.0000E+00  0.0000E+00  0.0000E+00  0.0000E+00  0.0000E+00
     11.821  0.2888E-01  0.3852E-01  0.3852E-01  0.3852E-01  0.0000E+00  0.0000E+00  0.0000E+00  0.0000E+00  0.0000E+00
     11.919  0.2150E-01  0.3427E-01  0.3427E-01  0.3427E-01  0.0000E+00  0.0000E+00  0.0000E+00  0.0000E+00  0.0000E+00
     12.017  0.1922E-01  0.3054E-01  0.3054E-01  0.3054E-01  0.0000E+00  0.0000E+00  0.0000E+00  0.0000E+00  0.0000E+00
     12.116  0.2089E-01  0.3019E-01  0.3019E-01  0.3019E-01  0.0000E+00  0.0000E+00  0.0000E+00  0.0000E+00  0.0000E+00
     12.214  0.2654E-01  0.3181E-01  0.3181E-01  0.3181E-01  0.0000E+00  0.0000E+00  0.0000E+00  0.0000E+00  0.0000E+00
     12.312  0.2839E-01  0.3144E-01  0.3144E-01  0.3144E-01  0.0000E+00  0.0000E+00  0.0000E+00  0.0000E+00  0.0000E+00
     12.411  0.3172E-01  0.3213E-01  0.3213E-01  0.3213E-01  0.0000E+00  0.0000E+00  0.0000E+00  0.0000E+00  0.0000E+00
     12.509  0.2839E-01  0.3072E-01  0.3072E-01  0.3072E-01  0.0000E+00  0.0000E+00  0.0000E+00  0.0000E+00  0.0000E+00
     12.607  0.2881E-01  0.3151E-01  0.3151E-01  0.3151E-01  0.0000E+00  0.0000E+00  0.0000E+00  0.0000E+00  0.0000E+00
     12.706  0.2917E-01  0.3107E-01  0.3107E-01  0.3107E-01  0.0000E+00  0.0000E+00  0.0000E+00  0.0000E+00  0.0000E+00
     12.804  0.3181E-01  0.3283E-01  0.3283E-01  0.3283E-01  0.0000E+00  0.0000E+00  0.0000E+00  0.0000E+00  0.0000E+00
     12.903  0.3092E-01  0.3238E-01  0.3238E-01  0.3238E-01  0.0000E+00  0.0000E+00  0.0000E+00  0.0000E+00  0.0000E+00
     13.001  0.3001E-01  0.3064E-01  0.3064E-01  0.3064E-01  0.0000E+00  0.0000E+00  0.0000E+00  0.0000E+00  0.0000E+00
     13.099  0.3264E-01  0.3096E-01  0.3096E-01  0.3096E-01  0.0000E+00  0.0000E+00  0.0000E+00  0.0000E+00  0.0000E+00
     13.198  0.3473E-01  0.3192E-01  0.3192E-01  0.3192E-01  0.0000E+00  0.0000E+00  0.0000E+00  0.0000E+00  0.0000E+00
     13.296  0.3560E-01  0.3154E-01  0.3154E-01  0.3154E-01  0.0000E+00  0.0000E+00  0.0000E+00  0.0000E+00  0.0000E+00
     13.394  0.3905E-01  0.3150E-01  0.3150E-01  0.3150E-01  0.0000E+00  0.0000E+00  0.0000E+00  0.0000E+00  0.0000E+00
     13.493  0.3663E-01  0.3067E-01  0.3067E-01  0.3067E-01  0.0000E+00  0.0000E+00  0.0000E+00  0.0000E+00  0.0000E+00
     13.591  0.3554E-01  0.2955E-01  0.2955E-01  0.2955E-01  0.0000E+00  0.0000E+00  0.0000E+00  0.0000E+00  0.0000E+00
     13.689  0.3233E-01  0.2984E-01  0.2984E-01  0.2984E-01  0.0000E+00  0.0000E+00  0.0000E+00  0.0000E+00  0.0000E+00
     13.788  0.3184E-01  0.3045E-01  0.3045E-01  0.3045E-01  0.0000E+00  0.0000E+00  0.0000E+00  0.0000E+00  0.0000E+00
     13.886  0.2937E-01  0.2978E-01  0.2978E-01  0.2978E-01  0.0000E+00  0.0000E+00  0.0000E+00  0.0000E+00  0.0000E+00
     13.985  0.2467E-01  0.2859E-01  0.2859E-01  0.2859E-01  0.0000E+00  0.0000E+00  0.0000E+00  0.0000E+00  0.0000E+00
     14.083  0.2247E-01  0.2908E-01  0.2908E-01  0.2908E-01  0.0000E+00  0.0000E+00  0.0000E+00  0.0000E+00  0.0000E+00
     14.181  0.2114E-01  0.2884E-01  0.2884E-01  0.2884E-01  0.0000E+00  0.0000E+00  0.0000E+00  0.0000E+00  0.0000E+00
     14.280  0.1922E-01  0.2678E-01  0.2678E-01  0.2678E-01  0.0000E+00  0.0000E+00  0.0000E+00  0.0000E+00  0.0000E+00
     14.378  0.1766E-01  0.2609E-01  0.2609E-01  0.2609E-01  0.0000E+00  0.0000E+00  0.0000E+00  0.0000E+00  0.0000E+00
     14.476  0.1726E-01  0.2591E-01  0.2591E-01  0.2591E-01  0.0000E+00  0.0000E+00  0.0000E+00  0.0000E+00  0.0000E+00
     14.575  0.1666E-01  0.2580E-01  0.2580E-01  0.2580E-01  0.0000E+00  0.0000E+00  0.0000E+00  0.0000E+00  0.0000E+00
     14.673  0.1633E-01  0.2590E-01  0.2590E-01  0.2590E-01  0.0000E+00  0.0000E+00  0.0000E+00  0.0000E+00  0.0000E+00
     14.771  0.1668E-01  0.2664E-01  0.2664E-01  0.2664E-01  0.0000E+00  0.0000E+00  0.0000E+00  0.0000E+00  0.0000E+00
     14.870  0.1760E-01  0.2800E-01  0.2800E-01  0.2800E-01  0.0000E+00  0.0000E+00  0.0000E+00  0.0000E+00  0.0000E+00
     14.968  0.1993E-01  0.3095E-01  0.3095E-01  0.3095E-01  0.0000E+00  0.0000E+00  0.0000E+00  0.0000E+00  0.0000E+00
     15.066  0.2005E-01  0.3048E-01  0.3048E-01  0.3048E-01  0.0000E+00  0.0000E+00  0.0000E+00  0.0000E+00  0.0000E+00
     15.165  0.1914E-01  0.2961E-01  0.2961E-01  0.2961E-01  0.0000E+00  0.0000E+00  0.0000E+00  0.0000E+00  0.0000E+00
     15.263  0.1290E-01  0.2340E-01  0.2340E-01  0.2340E-01  0.0000E+00  0.0000E+00  0.0000E+00  0.0000E+00  0.0000E+00
     15.362  0.1162E-01  0.2188E-01  0.2188E-01  0.2188E-01  0.0000E+00  0.0000E+00  0.0000E+00  0.0000E+00  0.0000E+00
     15.460  0.1028E-01  0.2020E-01  0.2020E-01  0.2020E-01  0.0000E+00  0.0000E+00  0.0000E+00  0.0000E+00  0.0000E+00
     15.558  0.9369E-02  0.1910E-01  0.1910E-01  0.1910E-01  0.0000E+00  0.0000E+00  0.0000E+00  0.0000E+00  0.0000E+00
     15.657  0.8663E-02  0.1832E-01  0.1832E-01  0.1832E-01  0.0000E+00  0.0000E+00  0.0000E+00  0.0000E+00  0.0000E+00
     15.755  0.8068E-02  0.1780E-01  0.1780E-01  0.1780E-01  0.0000E+00  0.0000E+00  0.0000E+00  0.0000E+00  0.0000E+00
     15.853  0.8280E-02  0.1895E-01  0.1895E-01  0.1895E-01  0.0000E+00  0.0000E+00  0.0000E+00  0.0000E+00  0.0000E+00
     15.952  0.6949E-02  0.1851E-01  0.1851E-01  0.1851E-01  0.0000E+00  0.0000E+00  0.0000E+00  0.0000E+00  0.0000E+00
     16.050  0.5763E-02  0.1616E-01  0.1616E-01  0.1616E-01  0.0000E+00  0.0000E+00  0.0000E+00  0.0000E+00  0.0000E+00
     16.148  0.5020E-02  0.1456E-01  0.1456E-01  0.1456E-01  0.0000E+00  0.0000E+00  0.0000E+00  0.0000E+00  0.0000E+00
     16.247  0.4758E-02  0.1469E-01  0.1469E-01  0.1469E-01  0.0000E+00  0.0000E+00  0.0000E+00  0.0000E+00  0.0000E+00
     16.345  0.3947E-02  0.1180E-01  0.1180E-01  0.1180E-01  0.0000E+00  0.0000E+00  0.0000E+00  0.0000E+00  0.0000E+00
     16.444  0.3459E-02  0.9920E-02  0.9920E-02  0.9920E-02  0.0000E+00  0.0000E+00  0.0000E+00  0.0000E+00  0.0000E+00
     16.542  0.3090E-02  0.8669E-02  0.8669E-02  0.8669E-02  0.0000E+00  0.0000E+00  0.0000E+00  0.0000E+00  0.0000E+00
     16.640  0.2809E-02  0.7951E-02  0.7951E-02  0.7951E-02  0.0000E+00  0.0000E+00  0.0000E+00  0.0000E+00  0.0000E+00
     16.739  0.2731E-02  0.7834E-02  0.7834E-02  0.7834E-02  0.0000E+00  0.0000E+00  0.0000E+00  0.0000E+00  0.0000E+00
     16.837  0.2194E-02  0.6974E-02  0.6974E-02  0.6974E-02  0.0000E+00  0.0000E+00  0.0000E+00  0.0000E+00  0.0000E+00
     16.935  0.1813E-02  0.6229E-02  0.6229E-02  0.6229E-02  0.0000E+00  0.0000E+00  0.0000E+00  0.0000E+00  0.0000E+00
     17.034  0.1627E-02  0.5749E-02  0.5749E-02  0.5749E-02  0.0000E+00  0.0000E+00  0.0000E+00  0.0000E+00  0.0000E+00
     17.132  0.1510E-02  0.5393E-02  0.5393E-02  0.5393E-02  0.0000E+00  0.0000E+00  0.0000E+00  0.0000E+00  0.0000E+00
     17.230  0.1401E-02  0.5092E-02  0.5092E-02  0.5092E-02  0.0000E+00  0.0000E+00  0.0000E+00  0.0000E+00  0.0000E+00
     17.329  0.1244E-02  0.4703E-02  0.4703E-02  0.4703E-02  0.0000E+00  0.0000E+00  0.0000E+00  0.0000E+00  0.0000E+00
     17.427  0.1095E-02  0.4290E-02  0.4290E-02  0.4290E-02  0.0000E+00  0.0000E+00  0.0000E+00  0.0000E+00  0.0000E+00
     17.526  0.9462E-03  0.3925E-02  0.3925E-02  0.3925E-02  0.0000E+00  0.0000E+00  0.0000E+00  0.0000E+00  0.0000E+00
     17.624  0.8433E-03  0.3714E-02  0.3714E-02  0.3714E-02  0.0000E+00  0.0000E+00  0.0000E+00  0.0000E+00  0.0000E+00
     17.722  0.7187E-03  0.3335E-02  0.3335E-02  0.3335E-02  0.0000E+00  0.0000E+00  0.0000E+00  0.0000E+00  0.0000E+00
     17.821  0.6084E-03  0.2917E-02  0.2917E-02  0.2917E-02  0.0000E+00  0.0000E+00  0.0000E+00  0.0000E+00  0.0000E+00
     17.919  0.5148E-03  0.2566E-02  0.2566E-02  0.2566E-02  0.0000E+00  0.0000E+00  0.0000E+00  0.0000E+00  0.0000E+00
     18.017  0.4454E-03  0.2308E-02  0.2308E-02  0.2308E-02  0.0000E+00  0.0000E+00  0.0000E+00  0.0000E+00  0.0000E+00
     18.116  0.3747E-03  0.2161E-02  0.2161E-02  0.2161E-02  0.0000E+00  0.0000E+00  0.0000E+00  0.0000E+00  0.0000E+00
     18.214  0.3444E-03  0.2173E-02  0.2173E-02  0.2173E-02  0.0000E+00  0.0000E+00  0.0000E+00  0.0000E+00  0.0000E+00
     18.312  0.2623E-03  0.1776E-02  0.1776E-02  0.1776E-02  0.0000E+00  0.0000E+00  0.0000E+00  0.0000E+00  0.0000E+00
     18.411  0.1531E-03  0.1268E-02  0.1268E-02  0.1268E-02  0.0000E+00  0.0000E+00  0.0000E+00  0.0000E+00  0.0000E+00
     18.509  0.9410E-04  0.9600E-03  0.9600E-03  0.9600E-03  0.0000E+00  0.0000E+00  0.0000E+00  0.0000E+00  0.0000E+00
     18.607  0.7047E-04  0.7426E-03  0.7426E-03  0.7426E-03  0.0000E+00  0.0000E+00  0.0000E+00  0.0000E+00  0.0000E+00
     18.706  0.5324E-04  0.5702E-03  0.5702E-03  0.5702E-03  0.0000E+00  0.0000E+00  0.0000E+00  0.0000E+00  0.0000E+00
     18.804  0.3826E-04  0.4297E-03  0.4297E-03  0.4297E-03  0.0000E+00  0.0000E+00  0.0000E+00  0.0000E+00  0.0000E+00
     18.903  0.2553E-04  0.3211E-03  0.3211E-03  0.3211E-03  0.0000E+00  0.0000E+00  0.0000E+00  0.0000E+00  0.0000E+00
     19.001  0.1590E-04  0.3026E-03  0.3026E-03  0.3026E-03  0.0000E+00  0.0000E+00  0.0000E+00  0.0000E+00  0.0000E+00
     19.099  0.5938E-05  0.1415E-03  0.1415E-03  0.1415E-03  0.0000E+00  0.0000E+00  0.0000E+00  0.0000E+00  0.0000E+00
     19.198  0.0000E+00  0.0000E+00  0.0000E+00  0.0000E+00  0.0000E+00  0.0000E+00  0.0000E+00  0.0000E+00  0.0000E+00
     19.296  0.0000E+00  0.0000E+00  0.0000E+00  0.0000E+00  0.0000E+00  0.0000E+00  0.0000E+00  0.0000E+00  0.0000E+00
     19.394  0.0000E+00  0.0000E+00  0.0000E+00  0.0000E+00  0.0000E+00  0.0000E+00  0.0000E+00  0.0000E+00  0.0000E+00
     19.493  0.0000E+00  0.0000E+00  0.0000E+00  0.0000E+00  0.0000E+00  0.0000E+00  0.0000E+00  0.0000E+00  0.0000E+00
     19.591  0.0000E+00  0.0000E+00  0.0000E+00  0.0000E+00  0.0000E+00  0.0000E+00  0.0000E+00  0.0000E+00  0.0000E+00
     19.689  0.0000E+00  0.0000E+00  0.0000E+00  0.0000E+00  0.0000E+00  0.0000E+00  0.0000E+00  0.0000E+00  0.0000E+00
     19.788  0.0000E+00  0.0000E+00  0.0000E+00  0.0000E+00  0.0000E+00  0.0000E+00  0.0000E+00  0.0000E+00  0.0000E+00
     19.886  0.0000E+00  0.0000E+00  0.0000E+00  0.0000E+00  0.0000E+00  0.0000E+00  0.0000E+00  0.0000E+00  0.0000E+00
     19.985  0.0000E+00  0.0000E+00  0.0000E+00  0.0000E+00  0.0000E+00  0.0000E+00  0.0000E+00  0.0000E+00  0.0000E+00
     20.083  0.0000E+00  0.0000E+00  0.0000E+00  0.0000E+00  0.0000E+00  0.0000E+00  0.0000E+00  0.0000E+00  0.0000E+00
     20.181  0.0000E+00  0.0000E+00  0.0000E+00  0.0000E+00  0.0000E+00  0.0000E+00  0.0000E+00  0.0000E+00  0.0000E+00
     20.280  0.0000E+00  0.0000E+00  0.0000E+00  0.0000E+00  0.0000E+00  0.0000E+00  0.0000E+00  0.0000E+00  0.0000E+00
     20.378  0.0000E+00  0.0000E+00  0.0000E+00  0.0000E+00  0.0000E+00  0.0000E+00  0.0000E+00  0.0000E+00  0.0000E+00
     20.476  0.0000E+00  0.0000E+00  0.0000E+00  0.0000E+00  0.0000E+00  0.0000E+00  0.0000E+00  0.0000E+00  0.0000E+00
     20.575  0.0000E+00  0.0000E+00  0.0000E+00  0.0000E+00  0.0000E+00  0.0000E+00  0.0000E+00  0.0000E+00  0.0000E+00
     20.673  0.0000E+00  0.0000E+00  0.0000E+00  0.0000E+00  0.0000E+00  0.0000E+00  0.0000E+00  0.0000E+00  0.0000E+00
     20.771  0.0000E+00  0.0000E+00  0.0000E+00  0.0000E+00  0.0000E+00  0.0000E+00  0.0000E+00  0.0000E+00  0.0000E+00
     20.870  0.0000E+00  0.0000E+00  0.0000E+00  0.0000E+00  0.0000E+00  0.0000E+00  0.0000E+00  0.0000E+00  0.0000E+00
     20.968  0.0000E+00  0.0000E+00  0.0000E+00  0.0000E+00  0.0000E+00  0.0000E+00  0.0000E+00  0.0000E+00  0.0000E+00
     21.067  0.0000E+00  0.0000E+00  0.0000E+00  0.0000E+00  0.0000E+00  0.0000E+00  0.0000E+00  0.0000E+00  0.0000E+00
     21.165  0.0000E+00  0.0000E+00  0.0000E+00  0.0000E+00  0.0000E+00  0.0000E+00  0.0000E+00  0.0000E+00  0.0000E+00
     21.16487539     -8.34349277  301      7.71810416      1.00000000
     -8.343  0.0000E+00  0.0000E+00  0.0000E+00  0.0000E+00  0.0000E+00  0.0000E+00  0.0000E+00  0.0000E+00  0.0000E+00
     -8.245  0.0000E+00  0.0000E+00  0.0000E+00  0.0000E+00  0.0000E+00  0.0000E+00  0.0000E+00  0.0000E+00  0.0000E+00
     -8.147  0.0000E+00  0.0000E+00  0.0000E+00  0.0000E+00  0.0000E+00  0.0000E+00  0.0000E+00  0.0000E+00  0.0000E+00
     -8.048  0.0000E+00  0.0000E+00  0.0000E+00  0.0000E+00  0.0000E+00  0.0000E+00  0.0000E+00  0.0000E+00  0.0000E+00
     -7.950  0.0000E+00  0.0000E+00  0.0000E+00  0.0000E+00  0.0000E+00  0.0000E+00  0.0000E+00  0.0000E+00  0.0000E+00
     -7.852  0.0000E+00  0.0000E+00  0.0000E+00  0.0000E+00  0.0000E+00  0.0000E+00  0.0000E+00  0.0000E+00  0.0000E+00
     -7.753  0.0000E+00  0.0000E+00  0.0000E+00  0.0000E+00  0.0000E+00  0.0000E+00  0.0000E+00  0.0000E+00  0.0000E+00
     -7.655  0.0000E+00  0.0000E+00  0.0000E+00  0.0000E+00  0.0000E+00  0.0000E+00  0.0000E+00  0.0000E+00  0.0000E+00
     -7.557  0.0000E+00  0.0000E+00  0.0000E+00  0.0000E+00  0.0000E+00  0.0000E+00  0.0000E+00  0.0000E+00  0.0000E+00
     -7.458  0.0000E+00  0.0000E+00  0.0000E+00  0.0000E+00  0.0000E+00  0.0000E+00  0.0000E+00  0.0000E+00  0.0000E+00
     -7.360  0.0000E+00  0.0000E+00  0.0000E+00  0.0000E+00  0.0000E+00  0.0000E+00  0.0000E+00  0.0000E+00  0.0000E+00
     -7.262  0.0000E+00  0.0000E+00  0.0000E+00  0.0000E+00  0.0000E+00  0.0000E+00  0.0000E+00  0.0000E+00  0.0000E+00
     -7.163  0.0000E+00  0.0000E+00  0.0000E+00  0.0000E+00  0.0000E+00  0.0000E+00  0.0000E+00  0.0000E+00  0.0000E+00
     -7.065  0.0000E+00  0.0000E+00  0.0000E+00  0.0000E+00  0.0000E+00  0.0000E+00  0.0000E+00  0.0000E+00  0.0000E+00
     -6.966  0.0000E+00  0.0000E+00  0.0000E+00  0.0000E+00  0.0000E+00  0.0000E+00  0.0000E+00  0.0000E+00  0.0000E+00
     -6.868  0.0000E+00  0.0000E+00  0.0000E+00  0.0000E+00  0.0000E+00  0.0000E+00  0.0000E+00  0.0000E+00  0.0000E+00
     -6.770  0.0000E+00  0.0000E+00  0.0000E+00  0.0000E+00  0.0000E+00  0.0000E+00  0.0000E+00  0.0000E+00  0.0000E+00
     -6.671  0.0000E+00  0.0000E+00  0.0000E+00  0.0000E+00  0.0000E+00  0.0000E+00  0.0000E+00  0.0000E+00  0.0000E+00
     -6.573  0.0000E+00  0.0000E+00  0.0000E+00  0.0000E+00  0.0000E+00  0.0000E+00  0.0000E+00  0.0000E+00  0.0000E+00
     -6.475  0.0000E+00  0.0000E+00  0.0000E+00  0.0000E+00  0.0000E+00  0.0000E+00  0.0000E+00  0.0000E+00  0.0000E+00
     -6.376  0.0000E+00  0.0000E+00  0.0000E+00  0.0000E+00  0.0000E+00  0.0000E+00  0.0000E+00  0.0000E+00  0.0000E+00
     -6.278  0.1723E-01  0.1840E-04  0.1840E-04  0.1840E-04  0.0000E+00  0.0000E+00  0.0000E+00  0.0000E+00  0.0000E+00
     -6.180  0.2492E-01  0.7381E-04  0.7381E-04  0.7381E-04  0.0000E+00  0.0000E+00  0.0000E+00  0.0000E+00  0.0000E+00
     -6.081  0.3069E-01  0.1454E-03  0.1454E-03  0.1454E-03  0.0000E+00  0.0000E+00  0.0000E+00  0.0000E+00  0.0000E+00
     -5.983  0.3656E-01  0.2316E-03  0.2316E-03  0.2316E-03  0.0000E+00  0.0000E+00  0.0000E+00  0.0000E+00  0.0000E+00
     -5.884  0.4096E-01  0.3354E-03  0.3354E-03  0.3354E-03  0.0000E+00  0.0000E+00  0.0000E+00  0.0000E+00  0.0000E+00
     -5.786  0.4534E-01  0.4484E-03  0.4484E-03  0.4484E-03  0.0000E+00  0.0000E+00  0.0000E+00  0.0000E+00  0.0000E+00
     -5.688  0.4939E-01  0.5707E-03  0.5707E-03  0.5707E-03  0.0000E+00  0.0000E+00  0.0000E+00  0.0000E+00  0.0000E+00
     -5.589  0.5301E-01  0.7055E-03  0.7055E-03  0.7055E-03  0.0000E+00  0.0000E+00  0.0000E+00  0.0000E+00  0.0000E+00
     -5.491  0.5662E-01  0.8460E-03  0.8460E-03  0.8460E-03  0.0000E+00  0.0000E+00  0.0000E+00  0.0000E+00  0.0000E+00
     -5.393  0.5999E-01  0.9973E-03  0.9973E-03  0.9973E-03  0.0000E+00  0.0000E+00  0.0000E+00  0.0000E+00  0.0000E+00
     -5.294  0.6320E-01  0.1157E-02  0.1157E-02  0.1157E-02  0.0000E+00  0.0000E+00  0.0000E+00  0.0000E+00  0.0000E+00
     -5.196  0.6656E-01  0.1320E-02  0.1320E-02  0.1320E-02  0.0000E+00  0.0000E+00  0.0000E+00  0.0000E+00  0.0000E+00
     -5.098  0.6949E-01  0.1498E-02  0.1498E-02  0.1498E-02  0.0000E+00  0.0000E+00  0.0000E+00  0.0000E+00  0.0000E+00
     -4.999  0.7269E-01  0.1676E-02  0.1676E-02  0.1676E-02  0.0000E+00  0.0000E+00  0.0000E+00  0.0000E+00  0.0000E+00
     -4.901  0.7572E-01  0.1867E-02  0.1867E-02  0.1867E-02  0.0000E+00  0.0000E+00  0.0000E+00  0.0000E+00  0.0000E+00
     -4.802  0.7872E-01  0.2065E-02  0.2065E-02  0.2065E-02  0.0000E+00  0.0000E+00  0.0000E+00  0.0000E+00  0.0000E+00
     -4.704  0.8195E-01  0.2264E-02  0.2264E-02  0.2264E-02  0.0000E+00  0.0000E+00  0.0000E+00  0.0000E+00  0.0000E+00
     -4.606  0.8501E-01  0.2479E-02  0.2479E-02  0.2479E-02  0.0000E+00  0.0000E+00  0.0000E+00  0.0000E+00  0.0000E+00
     -4.507  0.8821E-01  0.2700E-02  0.2700E-02  0.2700E-02  0.0000E+00  0.0000E+00  0.0000E+00  0.0000E+00  0.0000E+00
     -4.409  0.9167E-01  0.2922E-02  0.2922E-02  0.2922E-02  0.0000E+00  0.0000E+00  0.0000E+00  0.0000E+00  0.0000E+00
     -4.311  0.9511E-01  0.3164E-02  0.3164E-02  0.3164E-02  0.0000E+00  0.0000E+00  0.0000E+00  0.0000E+00  0.0000E+00
     -4.212  0.9883E-01  0.3414E-02  0.3414E-02  0.3414E-02  0.0000E+00  0.0000E+00  0.0000E+00  0.0000E+00  0.0000E+00
     -4.114  0.1029E+00  0.3669E-02  0.3669E-02  0.3669E-02  0.0000E+00  0.0000E+00  0.0000E+00  0.0000E+00  0.0000E+00
     -4.016  0.1073E+00  0.3945E-02  0.3945E-02  0.3945E-02  0.0000E+00  0.0000E+00  0.0000E+00  0.0000E+00  0.0000E+00
     -3.917  0.1124E+00  0.4244E-02  0.4244E-02  0.4244E-02  0.0000E+00  0.0000E+00  0.0000E+00  0.0000E+00  0.0000E+00
     -3.819  0.1183E+00  0.4561E-02  0.4561E-02  0.4561E-02  0.0000E+00  0.0000E+00  0.0000E+00  0.0000E+00  0.0000E+00
     -3.721  0.1257E+00  0.4919E-02  0.4919E-02  0.4919E-02  0.0000E+00  0.0000E+00  0.0000E+00  0.0000E+00  0.0000E+00
     -3.622  0.1361E+00  0.5374E-02  0.5374E-02  0.5374E-02  0.0000E+00  0.0000E+00  0.0000E+00  0.0000E+00  0.0000E+00
     -3.524  0.1612E+00  0.6195E-02  0.6195E-02  0.6195E-02  0.0000E+00  0.0000E+00  0.0000E+00  0.0000E+00  0.0000E+00
     -3.425  0.1668E+00  0.6549E-02  0.6549E-02  0.6549E-02  0.0000E+00  0.0000E+00  0.0000E+00  0.0000E+00  0.0000E+00
     -3.327  0.1590E+00  0.6587E-02  0.6587E-02  0.6587E-02  0.0000E+00  0.0000E+00  0.0000E+00  0.0000E+00  0.0000E+00
     -3.229  0.1514E+00  0.6582E-02  0.6582E-02  0.6582E-02  0.0000E+00  0.0000E+00  0.0000E+00  0.0000E+00  0.0000E+00
     -3.130  0.1449E+00  0.6577E-02  0.6577E-02  0.6577E-02  0.0000E+00  0.0000E+00  0.0000E+00  0.0000E+00  0.0000E+00
     -3.032  0.1408E+00  0.6650E-02  0.6650E-02  0.6650E-02  0.0000E+00  0.0000E+00  0.0000E+00  0.0000E+00  0.0000E+00
     -2.934  0.1347E+00  0.6630E-02  0.6630E-02  0.6630E-02  0.0000E+00  0.0000E+00  0.0000E+00  0.0000E+00  0.0000E+00
     -2.835  0.1291E+00  0.6597E-02  0.6597E-02  0.6597E-02  0.0000E+00  0.0000E+00  0.0000E+00  0.0000E+00  0.0000E+00
     -2.737  0.1239E+00  0.6574E-02  0.6574E-02  0.6574E-02  0.0000E+00  0.0000E+00  0.0000E+00  0.0000E+00  0.0000E+00
     -2.639  0.1180E+00  0.6508E-02  0.6508E-02  0.6508E-02  0.0000E+00  0.0000E+00  0.0000E+00  0.0000E+00  0.0000E+00
     -2.540  0.1126E+00  0.6428E-02  0.6428E-02  0.6428E-02  0.0000E+00  0.0000E+00  0.0000E+00  0.0000E+00  0.0000E+00
     -2.442  0.1074E+00  0.6340E-02  0.6340E-02  0.6340E-02  0.0000E+00  0.0000E+00  0.0000E+00  0.0000E+00  0.0000E+00
     -2.343  0.1012E+00  0.6206E-02  0.6206E-02  0.6206E-02  0.0000E+00  0.0000E+00  0.0000E+00  0.0000E+00  0.0000E+00
     -2.245  0.9588E-01  0.6068E-02  0.6068E-02  0.6068E-02  0.0000E+00  0.0000E+00  0.0000E+00  0.0000E+00  0.0000E+00
     -2.147  0.8965E-01  0.5885E-02  0.5885E-02  0.5885E-02  0.0000E+00  0.0000E+00  0.0000E+00  0.0000E+00  0.0000E+00
     -2.048  0.8384E-01  0.5690E-02  0.5690E-02  0.5690E-02  0.0000E+00  0.0000E+00  0.0000E+00  0.0000E+00  0.0000E+00
     -1.950  0.7783E-01  0.5458E-02  0.5458E-02  0.5458E-02  0.0000E+00  0.0000E+00  0.0000E+00  0.0000E+00  0.0000E+00
     -1.852  0.7134E-01  0.5206E-02  0.5206E-02  0.5206E-02  0.0000E+00  0.0000E+00  0.0000E+00  0.0000E+00  0.0000E+00
     -1.753  0.6459E-01  0.4890E-02  0.4890E-02  0.4890E-02  0.0000E+00  0.0000E+00  0.0000E+00  0.0000E+00  0.0000E+00
     -1.655  0.5985E-01  0.4772E-02  0.4772E-02  0.4772E-02  0.0000E+00  0.0000E+00  0.0000E+00  0.0000E+00  0.0000E+00
     -1.557  0.4151E-01  0.3444E-02  0.3444E-02  0.3444E-02  0.0000E+00  0.0000E+00  0.0000E+00  0.0000E+00  0.0000E+00
     -1.458  0.2031E-01  0.1664E-02  0.1664E-02  0.1664E-02  0.0000E+00  0.0000E+00  0.0000E+00  0.0000E+00  0.0000E+00
     -1.360  0.4511E-02  0.4028E-03  0.4028E-03  0.4028E-03  0.0000E+00  0.0000E+00  0.0000E+00  0.0000E+00  0.0000E+00
     -1.261  0.8392E-02  0.8809E-03  0.8809E-03  0.8809E-03  0.0000E+00  0.0000E+00  0.0000E+00  0.0000E+00  0.0000E+00
     -1.163  0.1925E-01  0.2027E-02  0.2027E-02  0.2027E-02  0.0000E+00  0.0000E+00  0.0000E+00  0.0000E+00  0.0000E+00
     -1.065  0.3321E-01  0.3501E-02  0.3501E-02  0.3501E-02  0.0000E+00  0.0000E+00  0.0000E+00  0.0000E+00  0.0000E+00
     -0.966  0.4786E-01  0.5116E-02  0.5116E-02  0.5116E-02  0.0000E+00  0.0000E+00  0.0000E+00  0.0000E+00  0.0000E+00
     -0.868  0.5354E-01  0.5898E-02  0.5898E-02  0.5898E-02  0.0000E+00  0.0000E+00  0.0000E+00  0.0000E+00  0.0000E+00
     -0.770  0.6233E-01  0.7134E-02  0.7134E-02  0.7134E-02  0.0000E+00  0.0000E+00  0.0000E+00  0.0000E+00  0.0000E+00
     -0.671  0.9406E-01  0.1765E-01  0.1765E-01  0.1765E-01  0.0000E+00  0.0000E+00  0.0000E+00  0.0000E+00  0.0000E+00
     -0.573  0.1151E+00  0.2241E-01  0.2241E-01  0.2241E-01  0.0000E+00  0.0000E+00  0.0000E+00  0.0000E+00  0.0000E+00
     -0.475  0.1476E+00  0.3005E-01  0.3005E-01  0.3005E-01  0.0000E+00  0.0000E+00  0.0000E+00  0.0000E+00  0.0000E+00
     -0.376  0.2814E+00  0.5863E-01  0.5863E-01  0.5863E-01  0.0000E+00  0.0000E+00  0.0000E+00  0.0000E+00  0.0000E+00
     -0.278  0.1524E+00  0.3159E-01  0.3159E-01  0.3159E-01  0.0000E+00  0.0000E+00  0.0000E+00  0.0000E+00  0.0000E+00
     -0.180  0.1259E+00  0.2619E-01  0.2619E-01  0.2619E-01  0.0000E+00  0.0000E+00  0.0000E+00  0.0000E+00  0.0000E+00
     -0.081  0.1107E+00  0.2324E-01  0.2324E-01  0.2324E-01  0.0000E+00  0.0000E+00  0.0000E+00  0.0000E+00  0.0000E+00
      0.017  0.9870E-01  0.2106E-01  0.2106E-01  0.2106E-01  0.0000E+00  0.0000E+00  0.0000E+00  0.0000E+00  0.0000E+00
      0.116  0.9107E-01  0.1966E-01  0.1966E-01  0.1966E-01  0.0000E+00  0.0000E+00  0.0000E+00  0.0000E+00  0.0000E+00
      0.214  0.8418E-01  0.1847E-01  0.1847E-01  0.1847E-01  0.0000E+00  0.0000E+00  0.0000E+00  0.0000E+00  0.0000E+00
      0.312  0.7727E-01  0.1732E-01  0.1732E-01  0.1732E-01  0.0000E+00  0.0000E+00  0.0000E+00  0.0000E+00  0.0000E+00
      0.411  0.7270E-01  0.1656E-01  0.1656E-01  0.1656E-01  0.0000E+00  0.0000E+00  0.0000E+00  0.0000E+00  0.0000E+00
      0.509  0.6839E-01  0.1587E-01  0.1587E-01  0.1587E-01  0.0000E+00  0.0000E+00  0.0000E+00  0.0000E+00  0.0000E+00
      0.607  0.6371E-01  0.1512E-01  0.1512E-01  0.1512E-01  0.0000E+00  0.0000E+00  0.0000E+00  0.0000E+00  0.0000E+00
      0.706  0.5981E-01  0.1449E-01  0.1449E-01  0.1449E-01  0.0000E+00  0.0000E+00  0.0000E+00  0.0000E+00  0.0000E+00
      0.804  0.5676E-01  0.1402E-01  0.1402E-01  0.1402E-01  0.0000E+00  0.0000E+00  0.0000E+00  0.0000E+00  0.0000E+00
      0.902  0.5346E-01  0.1349E-01  0.1349E-01  0.1349E-01  0.0000E+00  0.0000E+00  0.0000E+00  0.0000E+00  0.0000E+00
      1.001  0.4974E-01  0.1288E-01  0.1288E-01  0.1288E-01  0.0000E+00  0.0000E+00  0.0000E+00  0.0000E+00  0.0000E+00
      1.099  0.4742E-01  0.1252E-01  0.1252E-01  0.1252E-01  0.0000E+00  0.0000E+00  0.0000E+00  0.0000E+00  0.0000E+00
      1.198  0.4508E-01  0.1216E-01  0.1216E-01  0.1216E-01  0.0000E+00  0.0000E+00  0.0000E+00  0.0000E+00  0.0000E+00
      1.296  0.4244E-01  0.1172E-01  0.1172E-01  0.1172E-01  0.0000E+00  0.0000E+00  0.0000E+00  0.0000E+00  0.0000E+00
      1.394  0.3959E-01  0.1122E-01  0.1122E-01  0.1122E-01  0.0000E+00  0.0000E+00  0.0000E+00  0.0000E+00  0.0000E+00
      1.493  0.3784E-01  0.1095E-01  0.1095E-01  0.1095E-01  0.0000E+00  0.0000E+00  0.0000E+00  0.0000E+00  0.0000E+00
      1.591  0.3603E-01  0.1066E-01  0.1066E-01  0.1066E-01  0.0000E+00  0.0000E+00  0.0000E+00  0.0000E+00  0.0000E+00
      1.689  0.3400E-01  0.1031E-01  0.1031E-01  0.1031E-01  0.0000E+00  0.0000E+00  0.0000E+00  0.0000E+00  0.0000E+00
      1.788  0.3160E-01  0.9852E-02  0.9852E-02  0.9852E-02  0.0000E+00  0.0000E+00  0.0000E+00  0.0000E+00  0.0000E+00
      1.886  0.3017E-01  0.9612E-02  0.9612E-02  0.9612E-02  0.0000E+00  0.0000E+00  0.0000E+00  0.0000E+00  0.0000E+00
      1.984  0.3038E-01  0.2514E-01  0.2514E-01  0.2514E-01  0.0000E+00  0.0000E+00  0.0000E+00  0.0000E+00  0.0000E+00
      2.083  0.3047E-01  0.3225E-01  0.3225E-01  0.3225E-01  0.0000E+00  0.0000E+00  0.0000E+00  0.0000E+00  0.0000E+00
      2.181  0.3087E-01  0.4130E-01  0.4130E-01  0.4130E-01  0.0000E+00  0.0000E+00  0.0000E+00  0.0000E+00  0.0000E+00
      2.280  0.3309E-01  0.5683E-01  0.5683E-01  0.5683E-01  0.0000E+00  0.0000E+00  0.0000E+00  0.0000E+00  0.0000E+00
      2.378  0.3321E-01  0.5299E-01  0.5299E-01  0.5299E-01  0.0000E+00  0.0000E+00  0.0000E+00  0.0000E+00  0.0000E+00
      2.476  0.3324E-01  0.4987E-01  0.4987E-01  0.4987E-01  0.0000E+00  0.0000E+00  0.0000E+00  0.0000E+00  0.0000E+00
      2.575  0.3289E-01  0.4731E-01  0.4731E-01  0.4731E-01  0.0000E+00  0.0000E+00  0.0000E+00  0.0000E+00  0.0000E+00
      2.673  0.3219E-01  0.4600E-01  0.4600E-01  0.4600E-01  0.0000E+00  0.0000E+00  0.0000E+00  0.0000E+00  0.0000E+00
      2.771  0.3184E-01  0.4703E-01  0.4703E-01  0.4703E-01  0.0000E+00  0.0000E+00  0.0000E+00  0.0000E+00  0.0000E+00
      2.870  0.3164E-01  0.4938E-01  0.4938E-01  0.4938E-01  0.0000E+00  0.0000E+00  0.0000E+00  0.0000E+00  0.0000E+00
      2.968  0.3109E-01  0.4879E-01  0.4879E-01  0.4879E-01  0.0000E+00  0.0000E+00  0.0000E+00  0.0000E+00  0.0000E+00
      3.066  0.3037E-01  0.5016E-01  0.5016E-01  0.5016E-01  0.0000E+00  0.0000E+00  0.0000E+00  0.0000E+00  0.0000E+00
      3.165  0.2932E-01  0.5242E-01  0.5242E-01  0.5242E-01  0.0000E+00  0.0000E+00  0.0000E+00  0.0000E+00  0.0000E+00
      3.263  0.2880E-01  0.5418E-01  0.5418E-01  0.5418E-01  0.0000E+00  0.0000E+00  0.0000E+00  0.0000E+00  0.0000E+00
      3.361  0.2831E-01  0.5632E-01  0.5632E-01  0.5632E-01  0.0000E+00  0.0000E+00  0.0000E+00  0.0000E+00  0.0000E+00
      3.460  0.2758E-01  0.5834E-01  0.5834E-01  0.5834E-01  0.0000E+00  0.0000E+00  0.0000E+00  0.0000E+00  0.0000E+00
      3.558  0.2668E-01  0.6343E-01  0.6343E-01  0.6343E-01  0.0000E+00  0.0000E+00  0.0000E+00  0.0000E+00  0.0000E+00
      3.657  0.2543E-01  0.6590E-01  0.6590E-01  0.6590E-01  0.0000E+00  0.0000E+00  0.0000E+00  0.0000E+00  0.0000E+00
      3.755  0.2477E-01  0.7521E-01  0.7521E-01  0.7521E-01  0.0000E+00  0.0000E+00  0.0000E+00  0.0000E+00  0.0000E+00
      3.853  0.2397E-01  0.8500E-01  0.8500E-01  0.8500E-01  0.0000E+00  0.0000E+00  0.0000E+00  0.0000E+00  0.0000E+00
      3.952  0.2303E-01  0.8360E-01  0.8360E-01  0.8360E-01  0.0000E+00  0.0000E+00  0.0000E+00  0.0000E+00  0.0000E+00
      4.050  0.2191E-01  0.8271E-01  0.8271E-01  0.8271E-01  0.0000E+00  0.0000E+00  0.0000E+00  0.0000E+00  0.0000E+00
      4.148  0.2073E-01  0.8187E-01  0.8187E-01  0.8187E-01  0.0000E+00  0.0000E+00  0.0000E+00  0.0000E+00  0.0000E+00
      4.247  0.1976E-01  0.8092E-01  0.8092E-01  0.8092E-01  0.0000E+00  0.0000E+00  0.0000E+00  0.0000E+00  0.0000E+00
      4.345  0.1898E-01  0.8032E-01  0.8032E-01  0.8032E-01  0.0000E+00  0.0000E+00  0.0000E+00  0.0000E+00  0.0000E+00
      4.443  0.1814E-01  0.7952E-01  0.7952E-01  0.7952E-01  0.0000E+00  0.0000E+00  0.0000E+00  0.0000E+00  0.0000E+00
      4.542  0.1716E-01  0.7863E-01  0.7863E-01  0.7863E-01  0.0000E+00  0.0000E+00  0.0000E+00  0.0000E+00  0.0000E+00
      4.640  0.1608E-01  0.7819E-01  0.7819E-01  0.7819E-01  0.0000E+00  0.0000E+00  0.0000E+00  0.0000E+00  0.0000E+00
      4.739  0.1505E-01  0.7675E-01  0.7675E-01  0.7675E-01  0.0000E+00  0.0000E+00  0.0000E+00  0.0000E+00  0.0000E+00
      4.837  0.1433E-01  0.7664E-01  0.7664E-01  0.7664E-01  0.0000E+00  0.0000E+00  0.0000E+00  0.0000E+00  0.0000E+00
      4.935  0.1344E-01  0.7607E-01  0.7607E-01  0.7607E-01  0.0000E+00  0.0000E+00  0.0000E+00  0.0000E+00  0.0000E+00
      5.034  0.1241E-01  0.7537E-01  0.7537E-01  0.7537E-01  0.0000E+00  0.0000E+00  0.0000E+00  0.0000E+00  0.0000E+00
      5.132  0.1145E-01  0.7462E-01  0.7462E-01  0.7462E-01  0.0000E+00  0.0000E+00  0.0000E+00  0.0000E+00  0.0000E+00
      5.230  0.1048E-01  0.7431E-01  0.7431E-01  0.7431E-01  0.0000E+00  0.0000E+00  0.0000E+00  0.0000E+00  0.0000E+00
      5.329  0.9701E-02  0.7373E-01  0.7373E-01  0.7373E-01  0.0000E+00  0.0000E+00  0.0000E+00  0.0000E+00  0.0000E+00
      5.427  0.8943E-02  0.7319E-01  0.7319E-01  0.7319E-01  0.0000E+00  0.0000E+00  0.0000E+00  0.0000E+00  0.0000E+00
      5.525  0.8216E-02  0.7243E-01  0.7243E-01  0.7243E-01  0.0000E+00  0.0000E+00  0.0000E+00  0.0000E+00  0.0000E+00
      5.624  0.7467E-02  0.7172E-01  0.7172E-01  0.7172E-01  0.0000E+00  0.0000E+00  0.0000E+00  0.0000E+00  0.0000E+00
      5.722  0.6633E-02  0.7180E-01  0.7180E-01  0.7180E-01  0.0000E+00  0.0000E+00  0.0000E+00  0.0000E+00  0.0000E+00
      5.821  0.5893E-02  0.6426E-01  0.6426E-01  0.6426E-01  0.0000E+00  0.0000E+00  0.0000E+00  0.0000E+00  0.0000E+00
      5.919  0.5310E-02  0.5140E-01  0.5140E-01  0.5140E-01  0.0000E+00  0.0000E+00  0.0000E+00  0.0000E+00  0.0000E+00
      6.017  0.4723E-02  0.4522E-01  0.4522E-01  0.4522E-01  0.0000E+00  0.0000E+00  0.0000E+00  0.0000E+00  0.0000E+00
      6.116  0.4133E-02  0.4018E-01  0.4018E-01  0.4018E-01  0.0000E+00  0.0000E+00  0.0000E+00  0.0000E+00  0.0000E+00
      6.214  0.3506E-02  0.3583E-01  0.3583E-01  0.3583E-01  0.0000E+00  0.0000E+00  0.0000E+00  0.0000E+00  0.0000E+00
      6.312  0.2982E-02  0.3200E-01  0.3200E-01  0.3200E-01  0.0000E+00  0.0000E+00  0.0000E+00  0.0000E+00  0.0000E+00
      6.411  0.2516E-02  0.2879E-01  0.2879E-01  0.2879E-01  0.0000E+00  0.0000E+00  0.0000E+00  0.0000E+00  0.0000E+00
      6.509  0.2139E-02  0.2561E-01  0.2561E-01  0.2561E-01  0.0000E+00  0.0000E+00  0.0000E+00  0.0000E+00  0.0000E+00
      6.607  0.1724E-02  0.2267E-01  0.2267E-01  0.2267E-01  0.0000E+00  0.0000E+00  0.0000E+00  0.0000E+00  0.0000E+00
      6.706  0.1266E-02  0.1991E-01  0.1991E-01  0.1991E-01  0.0000E+00  0.0000E+00  0.0000E+00  0.0000E+00  0.0000E+00
      6.804  0.9841E-03  0.1709E-01  0.1709E-01  0.1709E-01  0.0000E+00  0.0000E+00  0.0000E+00  0.0000E+00  0.0000E+00
      6.902  0.6511E-03  0.1417E-01  0.1417E-01  0.1417E-01  0.0000E+00  0.0000E+00  0.0000E+00  0.0000E+00  0.0000E+00
      7.001  0.3931E-03  0.1160E-01  0.1160E-01  0.1160E-01  0.0000E+00  0.0000E+00  0.0000E+00  0.0000E+00  0.0000E+00
      7.099  0.1774E-03  0.8074E-02  0.8074E-02  0.8074E-02  0.0000E+00  0.0000E+00  0.0000E+00  0.0000E+00  0.0000E+00
      7.198  0.2519E-06  0.2087E-03  0.2087E-03  0.2087E-03  0.0000E+00  0.0000E+00  0.0000E+00  0.0000E+00  0.0000E+00
      7.296  0.0000E+00  0.0000E+00  0.0000E+00  0.0000E+00  0.0000E+00  0.0000E+00  0.0000E+00  0.0000E+00  0.0000E+00
      7.394  0.0000E+00  0.0000E+00  0.0000E+00  0.0000E+00  0.0000E+00  0.0000E+00  0.0000E+00  0.0000E+00  0.0000E+00
      7.493  0.0000E+00  0.0000E+00  0.0000E+00  0.0000E+00  0.0000E+00  0.0000E+00  0.0000E+00  0.0000E+00  0.0000E+00
      7.591  0.0000E+00  0.0000E+00  0.0000E+00  0.0000E+00  0.0000E+00  0.0000E+00  0.0000E+00  0.0000E+00  0.0000E+00
      7.689  0.0000E+00  0.0000E+00  0.0000E+00  0.0000E+00  0.0000E+00  0.0000E+00  0.0000E+00  0.0000E+00  0.0000E+00
      7.788  0.3591E-02  0.7935E-03  0.7935E-03  0.7935E-03  0.0000E+00  0.0000E+00  0.0000E+00  0.0000E+00  0.0000E+00
      7.886  0.7944E-02  0.1875E-02  0.1875E-02  0.1875E-02  0.0000E+00  0.0000E+00  0.0000E+00  0.0000E+00  0.0000E+00
      7.984  0.1202E-01  0.2957E-02  0.2957E-02  0.2957E-02  0.0000E+00  0.0000E+00  0.0000E+00  0.0000E+00  0.0000E+00
      8.083  0.1414E-01  0.3747E-02  0.3747E-02  0.3747E-02  0.0000E+00  0.0000E+00  0.0000E+00  0.0000E+00  0.0000E+00
      8.181  0.1605E-01  0.4555E-02  0.4555E-02  0.4555E-02  0.0000E+00  0.0000E+00  0.0000E+00  0.0000E+00  0.0000E+00
      8.280  0.1798E-01  0.5410E-02  0.5410E-02  0.5410E-02  0.0000E+00  0.0000E+00  0.0000E+00  0.0000E+00  0.0000E+00
      8.378  0.2005E-01  0.6385E-02  0.6385E-02  0.6385E-02  0.0000E+00  0.0000E+00  0.0000E+00  0.0000E+00  0.0000E+00
      8.476  0.2143E-01  0.7269E-02  0.7269E-02  0.7269E-02  0.0000E+00  0.0000E+00  0.0000E+00  0.0000E+00  0.0000E+00
      8.575  0.2253E-01  0.8103E-02  0.8103E-02  0.8103E-02  0.0000E+00  0.0000E+00  0.0000E+00  0.0000E+00  0.0000E+00
      8.673  0.2375E-01  0.9035E-02  0.9035E-02  0.9035E-02  0.0000E+00  0.0000E+00  0.0000E+00  0.0000E+00  0.0000E+00
      8.771  0.2496E-01  0.9995E-02  0.9995E-02  0.9995E-02  0.0000E+00  0.0000E+00  0.0000E+00  0.0000E+00  0.0000E+00
      8.870  0.2621E-01  0.1102E-01  0.1102E-01  0.1102E-01  0.0000E+00  0.0000E+00  0.0000E+00  0.0000E+00  0.0000E+00
      8.968  0.2739E-01  0.1213E-01  0.1213E-01  0.1213E-01  0.0000E+00  0.0000E+00  0.0000E+00  0.0000E+00  0.0000E+00
      9.066  0.2876E-01  0.1339E-01  0.1339E-01  0.1339E-01  0.0000E+00  0.0000E+00  0.0000E+00  0.0000E+00  0.0000E+00
      9.165  0.2954E-01  0.1443E-01  0.1443E-01  0.1443E-01  0.0000E+00  0.0000E+00  0.0000E+00  0.0000E+00  0.0000E+00
      9.263  0.3049E-01  0.1565E-01  0.1565E-01  0.1565E-01  0.0000E+00  0.0000E+00  0.0000E+00  0.0000E+00  0.0000E+00
      9.362  0.3160E-01  0.1693E-01  0.1693E-01  0.1693E-01  0.0000E+00  0.0000E+00  0.0000E+00  0.0000E+00  0.0000E+00
      9.460  0.3283E-01  0.1833E-01  0.1833E-01  0.1833E-01  0.0000E+00  0.0000E+00  0.0000E+00  0.0000E+00  0.0000E+00
      9.558  0.3415E-01  0.1987E-01  0.1987E-01  0.1987E-01  0.0000E+00  0.0000E+00  0.0000E+00  0.0000E+00  0.0000E+00
      9.657  0.3828E-01  0.2162E-01  0.2162E-01  0.2162E-01  0.0000E+00  0.0000E+00  0.0000E+00  0.0000E+00  0.0000E+00
      9.755  0.5309E-01  0.2407E-01  0.2407E-01  0.2407E-01  0.0000E+00  0.0000E+00  0.0000E+00  0.0000E+00  0.0000E+00
      9.853  0.6314E-01  0.2707E-01  0.2707E-01  0.2707E-01  0.0000E+00  0.0000E+00  0.0000E+00  0.0000E+00  0.0000E+00
      9.952  0.8324E-01  0.3177E-01  0.3177E-01  0.3177E-01  0.0000E+00  0.0000E+00  0.0000E+00  0.0000E+00  0.0000E+00
     10.050  0.9368E-01  0.3706E-01  0.3706E-01  0.3706E-01  0.0000E+00  0.0000E+00  0.0000E+00  0.0000E+00  0.0000E+00
     10.148  0.8737E-01  0.3893E-01  0.3893E-01  0.3893E-01  0.0000E+00  0.0000E+00  0.0000E+00  0.0000E+00  0.0000E+00
     10.247  0.7848E-01  0.4008E-01  0.4008E-01  0.4008E-01  0.0000E+00  0.0000E+00  0.0000E+00  0.0000E+00  0.0000E+00
     10.345  0.5742E-01  0.3607E-01  0.3607E-01  0.3607E-01  0.0000E+00  0.0000E+00  0.0000E+00  0.0000E+00  0.0000E+00
     10.444  0.4453E-01  0.3238E-01  0.3238E-01  0.3238E-01  0.0000E+00  0.0000E+00  0.0000E+00  0.0000E+00  0.0000E+00
     10.542  0.3808E-01  0.3114E-01  0.3114E-01  0.3114E-01  0.0000E+00  0.0000E+00  0.0000E+00  0.0000E+00  0.0000E+00
     10.640  0.3841E-01  0.3804E-01  0.3804E-01  0.3804E-01  0.0000E+00  0.0000E+00  0.0000E+00  0.0000E+00  0.0000E+00
     10.739  0.4401E-01  0.4769E-01  0.4769E-01  0.4769E-01  0.0000E+00  0.0000E+00  0.0000E+00  0.0000E+00  0.0000E+00
     10.837  0.4245E-01  0.4941E-01  0.4941E-01  0.4941E-01  0.0000E+00  0.0000E+00  0.0000E+00  0.0000E+00  0.0000E+00
     10.935  0.4061E-01  0.5218E-01  0.5218E-01  0.5218E-01  0.0000E+00  0.0000E+00  0.0000E+00  0.0000E+00  0.0000E+00
     11.034  0.4330E-01  0.4576E-01  0.4576E-01  0.4576E-01  0.0000E+00  0.0000E+00  0.0000E+00  0.0000E+00  0.0000E+00
     11.132  0.4473E-01  0.4849E-01  0.4849E-01  0.4849E-01  0.0000E+00  0.0000E+00  0.0000E+00  0.0000E+00  0.0000E+00
     11.230  0.4159E-01  0.4920E-01  0.4920E-01  0.4920E-01  0.0000E+00  0.0000E+00  0.0000E+00  0.0000E+00  0.0000E+00
     11.329  0.3954E-01  0.4965E-01  0.4965E-01  0.4965E-01  0.0000E+00  0.0000E+00  0.0000E+00  0.0000E+00  0.0000E+00
     11.427  0.3609E-01  0.4709E-01  0.4709E-01  0.4709E-01  0.0000E+00  0.0000E+00  0.0000E+00  0.0000E+00  0.0000E+00
     11.525  0.3390E-01  0.4471E-01  0.4471E-01  0.4471E-01  0.0000E+00  0.0000E+00  0.0000E+00  0.0000E+00  0.0000E+00
     11.624  0.3193E-01  0.4203E-01  0.4203E-01  0.4203E-01  0.0000E+00  0.0000E+00  0.0000E+00  0.0000E+00  0.0000E+00
     11.722  0.3112E-01  0.4091E-01  0.4091E-01  0.4091E-01  0.0000E+00  0.0000E+00  0.0000E+00  0.0000E+00  0.0000E+00
     11.821  0.2888E-01  0.3852E-01  0.3852E-01  0.3852E-01  0.0000E+00  0.0000E+00  0.0000E+00  0.0000E+00  0.0000E+00
     11.919  0.2150E-01  0.3427E-01  0.3427E-01  0.3427E-01  0.0000E+00  0.0000E+00  0.0000E+00  0.0000E+00  0.0000E+00
     12.017  0.1922E-01  0.3054E-01  0.3054E-01  0.3054E-01  0.0000E+00  0.0000E+00  0.0000E+00  0.0000E+00  0.0000E+00
     12.116  0.2089E-01  0.3019E-01  0.3019E-01  0.3019E-01  0.0000E+00  0.0000E+00  0.0000E+00  0.0000E+00  0.0000E+00
     12.214  0.2654E-01  0.3181E-01  0.3181E-01  0.3181E-01  0.0000E+00  0.0000E+00  0.0000E+00  0.0000E+00  0.0000E+00
     12.312  0.2839E-01  0.3144E-01  0.3144E-01  0.3144E-01  0.0000E+00  0.0000E+00  0.0000E+00  0.0000E+00  0.0000E+00
     12.411  0.3172E-01  0.3213E-01  0.3213E-01  0.3213E-01  0.0000E+00  0.0000E+00  0.0000E+00  0.0000E+00  0.0000E+00
     12.509  0.2839E-01  0.3072E-01  0.3072E-01  0.3072E-01  0.0000E+00  0.0000E+00  0.0000E+00  0.0000E+00  0.0000E+00
     12.607  0.2881E-01  0.3151E-01  0.3151E-01  0.3151E-01  0.0000E+00  0.0000E+00  0.0000E+00  0.0000E+00  0.0000E+00
     12.706  0.2917E-01  0.3107E-01  0.3107E-01  0.3107E-01  0.0000E+00  0.0000E+00  0.0000E+00  0.0000E+00  0.0000E+00
     12.804  0.3181E-01  0.3283E-01  0.3283E-01  0.3283E-01  0.0000E+00  0.0000E+00  0.0000E+00  0.0000E+00  0.0000E+00
     12.903  0.3092E-01  0.3238E-01  0.3238E-01  0.3238E-01  0.0000E+00  0.0000E+00  0.0000E+00  0.0000E+00  0.0000E+00
     13.001  0.3001E-01  0.3064E-01  0.3064E-01  0.3064E-01  0.0000E+00  0.0000E+00  0.0000E+00  0.0000E+00  0.0000E+00
     13.099  0.3264E-01  0.3096E-01  0.3096E-01  0.3096E-01  0.0000E+00  0.0000E+00  0.0000E+00  0.0000E+00  0.0000E+00
     13.198  0.3473E-01  0.3192E-01  0.3192E-01  0.3192E-01  0.0000E+00  0.0000E+00  0.0000E+00  0.0000E+00  0.0000E+00
     13.296  0.3560E-01  0.3154E-01  0.3154E-01  0.3154E-01  0.0000E+00  0.0000E+00  0.0000E+00  0.0000E+00  0.0000E+00
     13.394  0.3905E-01  0.3150E-01  0.3150E-01  0.3150E-01  0.0000E+00  0.0000E+00  0.0000E+00  0.0000E+00  0.0000E+00
     13.493  0.3663E-01  0.3067E-01  0.3067E-01  0.3067E-01  0.0000E+00  0.0000E+00  0.0000E+00  0.0000E+00  0.0000E+00
     13.591  0.3554E-01  0.2955E-01  0.2955E-01  0.2955E-01  0.0000E+00  0.0000E+00  0.0000E+00  0.0000E+00  0.0000E+00
     13.689  0.3233E-01  0.2984E-01  0.2984E-01  0.2984E-01  0.0000E+00  0.0000E+00  0.0000E+00  0.0000E+00  0.0000E+00
     13.788  0.3184E-01  0.3045E-01  0.3045E-01  0.3045E-01  0.0000E+00  0.0000E+00  0.0000E+00  0.0000E+00  0.0000E+00
     13.886  0.2937E-01  0.2978E-01  0.2978E-01  0.2978E-01  0.0000E+00  0.0000E+00  0.0000E+00  0.0000E+00  0.0000E+00
     13.985  0.2467E-01  0.2859E-01  0.2859E-01  0.2859E-01  0.0000E+00  0.0000E+00  0.0000E+00  0.0000E+00  0.0000E+00
     14.083  0.2247E-01  0.2908E-01  0.2908E-01  0.2908E-01  0.0000E+00  0.0000E+00  0.0000E+00  0.0000E+00  0.0000E+00
     14.181  0.2114E-01  0.2884E-01  0.2884E-01  0.2884E-01  0.0000E+00  0.0000E+00  0.0000E+00  0.0000E+00  0.0000E+00
     14.280  0.1922E-01  0.2678E-01  0.2678E-01  0.2678E-01  0.0000E+00  0.0000E+00  0.0000E+00  0.0000E+00  0.0000E+00
     14.378  0.1766E-01  0.2609E-01  0.2609E-01  0.2609E-01  0.0000E+00  0.0000E+00  0.0000E+00  0.0000E+00  0.0000E+00
     14.476  0.1726E-01  0.2591E-01  0.2591E-01  0.2591E-01  0.0000E+00  0.0000E+00  0.0000E+00  0.0000E+00  0.0000E+00
     14.575  0.1666E-01  0.2580E-01  0.2580E-01  0.2580E-01  0.0000E+00  0.0000E+00  0.0000E+00  0.0000E+00  0.0000E+00
     14.673  0.1633E-01  0.2590E-01  0.2590E-01  0.2590E-01  0.0000E+00  0.0000E+00  0.0000E+00  0.0000E+00  0.0000E+00
     14.771  0.1668E-01  0.2664E-01  0.2664E-01  0.2664E-01  0.0000E+00  0.0000E+00  0.0000E+00  0.0000E+00  0.0000E+00
     14.870  0.1760E-01  0.2800E-01  0.2800E-01  0.2800E-01  0.0000E+00  0.0000E+00  0.0000E+00  0.0000E+00  0.0000E+00
     14.968  0.1993E-01  0.3095E-01  0.3095E-01  0.3095E-01  0.0000E+00  0.0000E+00  0.0000E+00  0.0000E+00  0.0000E+00
     15.066  0.2005E-01  0.3048E-01  0.3048E-01  0.3048E-01  0.0000E+00  0.0000E+00  0.0000E+00  0.0000E+00  0.0000E+00
     15.165  0.1914E-01  0.2961E-01  0.2961E-01  0.2961E-01  0.0000E+00  0.0000E+00  0.0000E+00  0.0000E+00  0.0000E+00
     15.263  0.1290E-01  0.2340E-01  0.2340E-01  0.2340E-01  0.0000E+00  0.0000E+00  0.0000E+00  0.0000E+00  0.0000E+00
     15.362  0.1162E-01  0.2188E-01  0.2188E-01  0.2188E-01  0.0000E+00  0.0000E+00  0.0000E+00  0.0000E+00  0.0000E+00
     15.460  0.1028E-01  0.2020E-01  0.2020E-01  0.2020E-01  0.0000E+00  0.0000E+00  0.0000E+00  0.0000E+00  0.0000E+00
     15.558  0.9369E-02  0.1910E-01  0.1910E-01  0.1910E-01  0.0000E+00  0.0000E+00  0.0000E+00  0.0000E+00  0.0000E+00
     15.657  0.8663E-02  0.1832E-01  0.1832E-01  0.1832E-01  0.0000E+00  0.0000E+00  0.0000E+00  0.0000E+00  0.0000E+00
     15.755  0.8068E-02  0.1780E-01  0.1780E-01  0.1780E-01  0.0000E+00  0.0000E+00  0.0000E+00  0.0000E+00  0.0000E+00
     15.853  0.8280E-02  0.1895E-01  0.1895E-01  0.1895E-01  0.0000E+00  0.0000E+00  0.0000E+00  0.0000E+00  0.0000E+00
     15.952  0.6949E-02  0.1851E-01  0.1851E-01  0.1851E-01  0.0000E+00  0.0000E+00  0.0000E+00  0.0000E+00  0.0000E+00
     16.050  0.5763E-02  0.1616E-01  0.1616E-01  0.1616E-01  0.0000E+00  0.0000E+00  0.0000E+00  0.0000E+00  0.0000E+00
     16.148  0.5020E-02  0.1456E-01  0.1456E-01  0.1456E-01  0.0000E+00  0.0000E+00  0.0000E+00  0.0000E+00  0.0000E+00
     16.247  0.4758E-02  0.1469E-01  0.1469E-01  0.1469E-01  0.0000E+00  0.0000E+00  0.0000E+00  0.0000E+00  0.0000E+00
     16.345  0.3947E-02  0.1180E-01  0.1180E-01  0.1180E-01  0.0000E+00  0.0000E+00  0.0000E+00  0.0000E+00  0.0000E+00
     16.444  0.3459E-02  0.9920E-02  0.9920E-02  0.9920E-02  0.0000E+00  0.0000E+00  0.0000E+00  0.0000E+00  0.0000E+00
     16.542  0.3090E-02  0.8669E-02  0.8669E-02  0.8669E-02  0.0000E+00  0.0000E+00  0.0000E+00  0.0000E+00  0.0000E+00
     16.640  0.2809E-02  0.7951E-02  0.7951E-02  0.7951E-02  0.0000E+00  0.0000E+00  0.0000E+00  0.0000E+00  0.0000E+00
     16.739  0.2731E-02  0.7834E-02  0.7834E-02  0.7834E-02  0.0000E+00  0.0000E+00  0.0000E+00  0.0000E+00  0.0000E+00
     16.837  0.2194E-02  0.6974E-02  0.6974E-02  0.6974E-02  0.0000E+00  0.0000E+00  0.0000E+00  0.0000E+00  0.0000E+00
     16.935  0.1813E-02  0.6229E-02  0.6229E-02  0.6229E-02  0.0000E+00  0.0000E+00  0.0000E+00  0.0000E+00  0.0000E+00
     17.034  0.1627E-02  0.5749E-02  0.5749E-02  0.5749E-02  0.0000E+00  0.0000E+00  0.0000E+00  0.0000E+00  0.0000E+00
     17.132  0.1510E-02  0.5393E-02  0.5393E-02  0.5393E-02  0.0000E+00  0.0000E+00  0.0000E+00  0.0000E+00  0.0000E+00
     17.230  0.1401E-02  0.5092E-02  0.5092E-02  0.5092E-02  0.0000E+00  0.0000E+00  0.0000E+00  0.0000E+00  0.0000E+00
     17.329  0.1244E-02  0.4703E-02  0.4703E-02  0.4703E-02  0.0000E+00  0.0000E+00  0.0000E+00  0.0000E+00  0.0000E+00
     17.427  0.1095E-02  0.4290E-02  0.4290E-02  0.4290E-02  0.0000E+00  0.0000E+00  0.0000E+00  0.0000E+00  0.0000E+00
     17.526  0.9462E-03  0.3925E-02  0.3925E-02  0.3925E-02  0.0000E+00  0.0000E+00  0.0000E+00  0.0000E+00  0.0000E+00
     17.624  0.8433E-03  0.3714E-02  0.3714E-02  0.3714E-02  0.0000E+00  0.0000E+00  0.0000E+00  0.0000E+00  0.0000E+00
     17.722  0.7187E-03  0.3335E-02  0.3335E-02  0.3335E-02  0.0000E+00  0.0000E+00  0.0000E+00  0.0000E+00  0.0000E+00
     17.821  0.6084E-03  0.2917E-02  0.2917E-02  0.2917E-02  0.0000E+00  0.0000E+00  0.0000E+00  0.0000E+00  0.0000E+00
     17.919  0.5148E-03  0.2566E-02  0.2566E-02  0.2566E-02  0.0000E+00  0.0000E+00  0.0000E+00  0.0000E+00  0.0000E+00
     18.017  0.4454E-03  0.2308E-02  0.2308E-02  0.2308E-02  0.0000E+00  0.0000E+00  0.0000E+00  0.0000E+00  0.0000E+00
     18.116  0.3747E-03  0.2161E-02  0.2161E-02  0.2161E-02  0.0000E+00  0.0000E+00  0.0000E+00  0.0000E+00  0.0000E+00
     18.214  0.3444E-03  0.2173E-02  0.2173E-02  0.2173E-02  0.0000E+00  0.0000E+00  0.0000E+00  0.0000E+00  0.0000E+00
     18.312  0.2623E-03  0.1776E-02  0.1776E-02  0.1776E-02  0.0000E+00  0.0000E+00  0.0000E+00  0.0000E+00  0.0000E+00
     18.411  0.1531E-03  0.1268E-02  0.1268E-02  0.1268E-02  0.0000E+00  0.0000E+00  0.0000E+00  0.0000E+00  0.0000E+00
     18.509  0.9410E-04  0.9600E-03  0.9600E-03  0.9600E-03  0.0000E+00  0.0000E+00  0.0000E+00  0.0000E+00  0.0000E+00
     18.607  0.7047E-04  0.7426E-03  0.7426E-03  0.7426E-03  0.0000E+00  0.0000E+00  0.0000E+00  0.0000E+00  0.0000E+00
     18.706  0.5324E-04  0.5702E-03  0.5702E-03  0.5702E-03  0.0000E+00  0.0000E+00  0.0000E+00  0.0000E+00  0.0000E+00
     18.804  0.3826E-04  0.4297E-03  0.4297E-03  0.4297E-03  0.0000E+00  0.0000E+00  0.0000E+00  0.0000E+00  0.0000E+00
     18.903  0.2553E-04  0.3211E-03  0.3211E-03  0.3211E-03  0.0000E+00  0.0000E+00  0.0000E+00  0.0000E+00  0.0000E+00
     19.001  0.1590E-04  0.3026E-03  0.3026E-03  0.3026E-03  0.0000E+00  0.0000E+00  0.0000E+00  0.0000E+00  0.0000E+00
     19.099  0.5938E-05  0.1415E-03  0.1415E-03  0.1415E-03  0.0000E+00  0.0000E+00  0.0000E+00  0.0000E+00  0.0000E+00
     19.198  0.0000E+00  0.0000E+00  0.0000E+00  0.0000E+00  0.0000E+00  0.0000E+00  0.0000E+00  0.0000E+00  0.0000E+00
     19.296  0.0000E+00  0.0000E+00  0.0000E+00  0.0000E+00  0.0000E+00  0.0000E+00  0.0000E+00  0.0000E+00  0.0000E+00
     19.394  0.0000E+00  0.0000E+00  0.0000E+00  0.0000E+00  0.0000E+00  0.0000E+00  0.0000E+00  0.0000E+00  0.0000E+00
     19.493  0.0000E+00  0.0000E+00  0.0000E+00  0.0000E+00  0.0000E+00  0.0000E+00  0.0000E+00  0.0000E+00  0.0000E+00
     19.591  0.0000E+00  0.0000E+00  0.0000E+00  0.0000E+00  0.0000E+00  0.0000E+00  0.0000E+00  0.0000E+00  0.0000E+00
     19.689  0.0000E+00  0.0000E+00  0.0000E+00  0.0000E+00  0.0000E+00  0.0000E+00  0.0000E+00  0.0000E+00  0.0000E+00
     19.788  0.0000E+00  0.0000E+00  0.0000E+00  0.0000E+00  0.0000E+00  0.0000E+00  0.0000E+00  0.0000E+00  0.0000E+00
     19.886  0.0000E+00  0.0000E+00  0.0000E+00  0.0000E+00  0.0000E+00  0.0000E+00  0.0000E+00  0.0000E+00  0.0000E+00
     19.985  0.0000E+00  0.0000E+00  0.0000E+00  0.0000E+00  0.0000E+00  0.0000E+00  0.0000E+00  0.0000E+00  0.0000E+00
     20.083  0.0000E+00  0.0000E+00  0.0000E+00  0.0000E+00  0.0000E+00  0.0000E+00  0.0000E+00  0.0000E+00  0.0000E+00
     20.181  0.0000E+00  0.0000E+00  0.0000E+00  0.0000E+00  0.0000E+00  0.0000E+00  0.0000E+00  0.0000E+00  0.0000E+00
     20.280  0.0000E+00  0.0000E+00  0.0000E+00  0.0000E+00  0.0000E+00  0.0000E+00  0.0000E+00  0.0000E+00  0.0000E+00
     20.378  0.0000E+00  0.0000E+00  0.0000E+00  0.0000E+00  0.0000E+00  0.0000E+00  0.0000E+00  0.0000E+00  0.0000E+00
     20.476  0.0000E+00  0.0000E+00  0.0000E+00  0.0000E+00  0.0000E+00  0.0000E+00  0.0000E+00  0.0000E+00  0.0000E+00
     20.575  0.0000E+00  0.0000E+00  0.0000E+00  0.0000E+00  0.0000E+00  0.0000E+00  0.0000E+00  0.0000E+00  0.0000E+00
     20.673  0.0000E+00  0.0000E+00  0.0000E+00  0.0000E+00  0.0000E+00  0.0000E+00  0.0000E+00  0.0000E+00  0.0000E+00
     20.771  0.0000E+00  0.0000E+00  0.0000E+00  0.0000E+00  0.0000E+00  0.0000E+00  0.0000E+00  0.0000E+00  0.0000E+00
     20.870  0.0000E+00  0.0000E+00  0.0000E+00  0.0000E+00  0.0000E+00  0.0000E+00  0.0000E+00  0.0000E+00  0.0000E+00
     20.968  0.0000E+00  0.0000E+00  0.0000E+00  0.0000E+00  0.0000E+00  0.0000E+00  0.0000E+00  0.0000E+00  0.0000E+00
     21.067  0.0000E+00  0.0000E+00  0.0000E+00  0.0000E+00  0.0000E+00  0.0000E+00  0.0000E+00  0.0000E+00  0.0000E+00
     21.165  0.0000E+00  0.0000E+00  0.0000E+00  0.0000E+00  0.0000E+00  0.0000E+00  0.0000E+00  0.0000E+00  0.0000E+00
