   2   2   1   0
  0.5892959E+01  0.2554423E-09  0.2554423E-09  0.2554423E-09  0.5000000E-15
  1.000000000000000E-004
  CAR 
 C                                       
     28.43126676    -15.00928546  301     13.39730650      1.00000000
    -15.009  0.0000E+00  0.0000E+00
    -14.864  0.0000E+00  0.0000E+00
    -14.720  0.0000E+00  0.0000E+00
    -14.575  0.0000E+00  0.0000E+00
    -14.430  0.0000E+00  0.0000E+00
    -14.285  0.0000E+00  0.0000E+00
    -14.140  0.0000E+00  0.0000E+00
    -13.996  0.0000E+00  0.0000E+00
    -13.851  0.0000E+00  0.0000E+00
    -13.706  0.0000E+00  0.0000E+00
    -13.561  0.0000E+00  0.0000E+00
    -13.416  0.0000E+00  0.0000E+00
    -13.272  0.0000E+00  0.0000E+00
    -13.127  0.0000E+00  0.0000E+00
    -12.982  0.1589E-01  0.2240E-03
    -12.837  0.5505E-01  0.4899E-02
    -12.692  0.6631E-01  0.1259E-01
    -12.548  0.7531E-01  0.2240E-01
    -12.403  0.8520E-01  0.3394E-01
    -12.258  0.9488E-01  0.4700E-01
    -12.113  0.1041E+00  0.6145E-01
    -11.968  0.1128E+00  0.7713E-01
    -11.824  0.1203E+00  0.9401E-01
    -11.679  0.1281E+00  0.1120E+00
    -11.534  0.1350E+00  0.1310E+00
    -11.389  0.1420E+00  0.1511E+00
    -11.244  0.1486E+00  0.1722E+00
    -11.100  0.1551E+00  0.1942E+00
    -10.955  0.1613E+00  0.2171E+00
    -10.810  0.1676E+00  0.2409E+00
    -10.665  0.1734E+00  0.2656E+00
    -10.520  0.1795E+00  0.2911E+00
    -10.376  0.1852E+00  0.3175E+00
    -10.231  0.1910E+00  0.3448E+00
    -10.086  0.1967E+00  0.3728E+00
     -9.941  0.2023E+00  0.4017E+00
     -9.796  0.2081E+00  0.4314E+00
     -9.652  0.2137E+00  0.4620E+00
     -9.507  0.2193E+00  0.4933E+00
     -9.362  0.2252E+00  0.5255E+00
     -9.217  0.2309E+00  0.5585E+00
     -9.072  0.2367E+00  0.5924E+00
     -8.928  0.2428E+00  0.6271E+00
     -8.783  0.2489E+00  0.6627E+00
     -8.638  0.2552E+00  0.6992E+00
     -8.493  0.2620E+00  0.7366E+00
     -8.348  0.2689E+00  0.7751E+00
     -8.204  0.2764E+00  0.8145E+00
     -8.059  0.2845E+00  0.8551E+00
     -7.914  0.2935E+00  0.8970E+00
     -7.769  0.3040E+00  0.9402E+00
     -7.624  0.3166E+00  0.9851E+00
     -7.480  0.3336E+00  0.1032E+01
     -7.335  0.3649E+00  0.1082E+01
     -7.190  0.3910E+00  0.1138E+01
     -7.045  0.3824E+00  0.1194E+01
     -6.900  0.3656E+00  0.1247E+01
     -6.756  0.3561E+00  0.1300E+01
     -6.611  0.3443E+00  0.1350E+01
     -6.466  0.3355E+00  0.1399E+01
     -6.321  0.3232E+00  0.1447E+01
     -6.176  0.3141E+00  0.1493E+01
     -6.032  0.3037E+00  0.1538E+01
     -5.887  0.2921E+00  0.1581E+01
     -5.742  0.2824E+00  0.1623E+01
     -5.597  0.2713E+00  0.1663E+01
     -5.452  0.2610E+00  0.1701E+01
     -5.308  0.2493E+00  0.1738E+01
     -5.163  0.2392E+00  0.1774E+01
     -5.018  0.2268E+00  0.1807E+01
     -4.873  0.2160E+00  0.1840E+01
     -4.728  0.2036E+00  0.1870E+01
     -4.584  0.1919E+00  0.1899E+01
     -4.439  0.1862E+00  0.1926E+01
     -4.294  0.2501E+00  0.1957E+01
     -4.149  0.2136E+00  0.1991E+01
     -4.004  0.1901E+00  0.2019E+01
     -3.860  0.1948E+00  0.2046E+01
     -3.715  0.2154E+00  0.2076E+01
     -3.570  0.2449E+00  0.2109E+01
     -3.425  0.2922E+00  0.2148E+01
     -3.280  0.3461E+00  0.2194E+01
     -3.136  0.4117E+00  0.2249E+01
     -2.991  0.4913E+00  0.2314E+01
     -2.846  0.7054E+00  0.2397E+01
     -2.701  0.7499E+00  0.2501E+01
     -2.556  0.5315E+00  0.2588E+01
     -2.412  0.4619E+00  0.2660E+01
     -2.267  0.4246E+00  0.2724E+01
     -2.122  0.3900E+00  0.2783E+01
     -1.977  0.3691E+00  0.2838E+01
     -1.832  0.3436E+00  0.2889E+01
     -1.688  0.3294E+00  0.2938E+01
     -1.543  0.3105E+00  0.2984E+01
     -1.398  0.2971E+00  0.3028E+01
     -1.253  0.2850E+00  0.3071E+01
     -1.108  0.2694E+00  0.3111E+01
     -0.964  0.2607E+00  0.3149E+01
     -0.819  0.2480E+00  0.3186E+01
     -0.674  0.2382E+00  0.3221E+01
     -0.529  0.2303E+00  0.3255E+01
     -0.384  0.2179E+00  0.3287E+01
     -0.239  0.3083E+00  0.3325E+01
     -0.095  0.3487E+00  0.3372E+01
      0.050  0.3889E+00  0.3426E+01
      0.195  0.4424E+00  0.3486E+01
      0.340  0.5408E+00  0.3555E+01
      0.485  0.5379E+00  0.3634E+01
      0.629  0.5230E+00  0.3711E+01
      0.774  0.5066E+00  0.3785E+01
      0.919  0.4998E+00  0.3858E+01
      1.064  0.4986E+00  0.3930E+01
      1.209  0.5066E+00  0.4003E+01
      1.353  0.5158E+00  0.4077E+01
      1.498  0.5212E+00  0.4152E+01
      1.643  0.5352E+00  0.4229E+01
      1.788  0.5477E+00  0.4307E+01
      1.933  0.5637E+00  0.4387E+01
      2.077  0.5806E+00  0.4469E+01
      2.222  0.5954E+00  0.4554E+01
      2.367  0.6256E+00  0.4642E+01
      2.512  0.6578E+00  0.4734E+01
      2.657  0.7033E+00  0.4832E+01
      2.801  0.8113E+00  0.4942E+01
      2.946  0.7829E+00  0.5055E+01
      3.091  0.7680E+00  0.5167E+01
      3.236  0.7606E+00  0.5278E+01
      3.381  0.7562E+00  0.5388E+01
      3.525  0.7432E+00  0.5496E+01
      3.670  0.7351E+00  0.5603E+01
      3.815  0.7295E+00  0.5709E+01
      3.960  0.7222E+00  0.5814E+01
      4.105  0.7098E+00  0.5918E+01
      4.249  0.7070E+00  0.6021E+01
      4.394  0.6991E+00  0.6122E+01
      4.539  0.6899E+00  0.6223E+01
      4.684  0.6844E+00  0.6323E+01
      4.829  0.6768E+00  0.6421E+01
      4.973  0.6705E+00  0.6519E+01
      5.118  0.6617E+00  0.6615E+01
      5.263  0.6546E+00  0.6710E+01
      5.408  0.6477E+00  0.6805E+01
      5.553  0.6415E+00  0.6898E+01
      5.697  0.6336E+00  0.6990E+01
      5.842  0.6274E+00  0.7082E+01
      5.987  0.6196E+00  0.7172E+01
      6.132  0.6157E+00  0.7262E+01
      6.277  0.6015E+00  0.7350E+01
      6.421  0.4892E+00  0.7425E+01
      6.566  0.4279E+00  0.7490E+01
      6.711  0.3836E+00  0.7548E+01
      6.856  0.3480E+00  0.7601E+01
      7.001  0.3168E+00  0.7649E+01
      7.145  0.2917E+00  0.7693E+01
      7.290  0.2671E+00  0.7734E+01
      7.435  0.2439E+00  0.7771E+01
      7.580  0.2232E+00  0.7805E+01
      7.725  0.2036E+00  0.7835E+01
      7.869  0.1844E+00  0.7864E+01
      8.014  0.1664E+00  0.7889E+01
      8.159  0.1496E+00  0.7912E+01
      8.304  0.1323E+00  0.7932E+01
      8.449  0.1158E+00  0.7950E+01
      8.593  0.9915E-01  0.7966E+01
      8.738  0.8328E-01  0.7979E+01
      8.883  0.6331E-01  0.7989E+01
      9.028  0.4129E-01  0.7997E+01
      9.173  0.6041E-02  0.8000E+01
      9.317  0.0000E+00  0.8000E+01
      9.462  0.0000E+00  0.8000E+01
      9.607  0.0000E+00  0.8000E+01
      9.752  0.0000E+00  0.8000E+01
      9.897  0.0000E+00  0.8000E+01
     10.041  0.0000E+00  0.8000E+01
     10.186  0.0000E+00  0.8000E+01
     10.331  0.0000E+00  0.8000E+01
     10.476  0.0000E+00  0.8000E+01
     10.621  0.0000E+00  0.8000E+01
     10.765  0.0000E+00  0.8000E+01
     10.910  0.0000E+00  0.8000E+01
     11.055  0.0000E+00  0.8000E+01
     11.200  0.0000E+00  0.8000E+01
     11.345  0.0000E+00  0.8000E+01
     11.489  0.0000E+00  0.8000E+01
     11.634  0.0000E+00  0.8000E+01
     11.779  0.0000E+00  0.8000E+01
     11.924  0.0000E+00  0.8000E+01
     12.069  0.0000E+00  0.8000E+01
     12.213  0.0000E+00  0.8000E+01
     12.358  0.0000E+00  0.8000E+01
     12.503  0.0000E+00  0.8000E+01
     12.648  0.0000E+00  0.8000E+01
     12.793  0.0000E+00  0.8000E+01
     12.937  0.0000E+00  0.8000E+01
     13.082  0.0000E+00  0.8000E+01
     13.227  0.0000E+00  0.8000E+01
     13.372  0.0000E+00  0.8000E+01
     13.517  0.6135E-01  0.8004E+01
     13.661  0.9727E-01  0.8014E+01
     13.806  0.1196E+00  0.8029E+01
     13.951  0.1511E+00  0.8049E+01
     14.096  0.1889E+00  0.8074E+01
     14.241  0.2298E+00  0.8104E+01
     14.385  0.2636E+00  0.8140E+01
     14.530  0.2966E+00  0.8180E+01
     14.675  0.3290E+00  0.8226E+01
     14.820  0.3737E+00  0.8276E+01
     14.965  0.4218E+00  0.8333E+01
     15.109  0.4351E+00  0.8395E+01
     15.254  0.4523E+00  0.8459E+01
     15.399  0.4739E+00  0.8526E+01
     15.544  0.4938E+00  0.8596E+01
     15.689  0.5156E+00  0.8669E+01
     15.834  0.5347E+00  0.8745E+01
     15.978  0.5561E+00  0.8824E+01
     16.123  0.5787E+00  0.8906E+01
     16.268  0.6031E+00  0.8992E+01
     16.413  0.6293E+00  0.9081E+01
     16.558  0.6551E+00  0.9174E+01
     16.702  0.6848E+00  0.9271E+01
     16.847  0.7173E+00  0.9373E+01
     16.992  0.7552E+00  0.9479E+01
     17.137  0.8000E+00  0.9592E+01
     17.282  0.8552E+00  0.9711E+01
     17.426  0.9328E+00  0.9841E+01
     17.571  0.1114E+01  0.9986E+01
     17.716  0.1292E+01  0.1016E+02
     17.861  0.1054E+01  0.1034E+02
     18.006  0.1178E+01  0.1050E+02
     18.150  0.9512E+00  0.1064E+02
     18.295  0.9171E+00  0.1077E+02
     18.440  0.8709E+00  0.1090E+02
     18.585  0.8309E+00  0.1103E+02
     18.730  0.8237E+00  0.1114E+02
     18.874  0.8176E+00  0.1126E+02
     19.019  0.7662E+00  0.1137E+02
     19.164  0.7751E+00  0.1149E+02
     19.309  0.7736E+00  0.1160E+02
     19.454  0.7841E+00  0.1171E+02
     19.598  0.7707E+00  0.1182E+02
     19.743  0.7367E+00  0.1193E+02
     19.888  0.7215E+00  0.1204E+02
     20.033  0.7571E+00  0.1215E+02
     20.178  0.5943E+00  0.1224E+02
     20.322  0.5397E+00  0.1233E+02
     20.467  0.5523E+00  0.1240E+02
     20.612  0.6037E+00  0.1249E+02
     20.757  0.6590E+00  0.1258E+02
     20.902  0.6258E+00  0.1267E+02
     21.046  0.6271E+00  0.1276E+02
     21.191  0.6505E+00  0.1286E+02
     21.336  0.6524E+00  0.1295E+02
     21.481  0.6876E+00  0.1305E+02
     21.626  0.6863E+00  0.1315E+02
     21.770  0.6896E+00  0.1325E+02
     21.915  0.6966E+00  0.1335E+02
     22.060  0.7060E+00  0.1345E+02
     22.205  0.7568E+00  0.1356E+02
     22.350  0.8574E+00  0.1367E+02
     22.494  0.8308E+00  0.1379E+02
     22.639  0.8575E+00  0.1391E+02
     22.784  0.8522E+00  0.1404E+02
     22.929  0.8790E+00  0.1416E+02
     23.074  0.7942E+00  0.1428E+02
     23.218  0.7139E+00  0.1439E+02
     23.363  0.6879E+00  0.1449E+02
     23.508  0.6858E+00  0.1459E+02
     23.653  0.7211E+00  0.1469E+02
     23.798  0.8665E+00  0.1480E+02
     23.942  0.9371E+00  0.1493E+02
     24.087  0.8410E+00  0.1506E+02
     24.232  0.7487E+00  0.1518E+02
     24.377  0.6818E+00  0.1528E+02
     24.522  0.6355E+00  0.1538E+02
     24.666  0.6007E+00  0.1547E+02
     24.811  0.5614E+00  0.1555E+02
     24.956  0.5311E+00  0.1563E+02
     25.101  0.4987E+00  0.1570E+02
     25.246  0.4737E+00  0.1577E+02
     25.390  0.5056E+00  0.1584E+02
     25.535  0.2595E+00  0.1589E+02
     25.680  0.1829E+00  0.1592E+02
     25.825  0.1577E+00  0.1594E+02
     25.970  0.1332E+00  0.1596E+02
     26.114  0.1055E+00  0.1598E+02
     26.259  0.7942E-01  0.1599E+02
     26.404  0.3052E-01  0.1600E+02
     26.549  0.0000E+00  0.1600E+02
     26.694  0.0000E+00  0.1600E+02
     26.838  0.0000E+00  0.1600E+02
     26.983  0.0000E+00  0.1600E+02
     27.128  0.0000E+00  0.1600E+02
     27.273  0.0000E+00  0.1600E+02
     27.418  0.0000E+00  0.1600E+02
     27.562  0.0000E+00  0.1600E+02
     27.707  0.0000E+00  0.1600E+02
     27.852  0.0000E+00  0.1600E+02
     27.997  0.0000E+00  0.1600E+02
     28.142  0.0000E+00  0.1600E+02
     28.286  0.0000E+00  0.1600E+02
     28.431  0.0000E+00  0.1600E+02
     28.43126676    -15.00928546  301     13.39730650      1.00000000
    -15.009  0.0000E+00  0.0000E+00  0.0000E+00  0.0000E+00  0.0000E+00  0.0000E+00  0.0000E+00  0.0000E+00  0.0000E+00
    -14.864  0.0000E+00  0.0000E+00  0.0000E+00  0.0000E+00  0.0000E+00  0.0000E+00  0.0000E+00  0.0000E+00  0.0000E+00
    -14.720  0.0000E+00  0.0000E+00  0.0000E+00  0.0000E+00  0.0000E+00  0.0000E+00  0.0000E+00  0.0000E+00  0.0000E+00
    -14.575  0.0000E+00  0.0000E+00  0.0000E+00  0.0000E+00  0.0000E+00  0.0000E+00  0.0000E+00  0.0000E+00  0.0000E+00
    -14.430  0.0000E+00  0.0000E+00  0.0000E+00  0.0000E+00  0.0000E+00  0.0000E+00  0.0000E+00  0.0000E+00  0.0000E+00
    -14.285  0.0000E+00  0.0000E+00  0.0000E+00  0.0000E+00  0.0000E+00  0.0000E+00  0.0000E+00  0.0000E+00  0.0000E+00
    -14.140  0.0000E+00  0.0000E+00  0.0000E+00  0.0000E+00  0.0000E+00  0.0000E+00  0.0000E+00  0.0000E+00  0.0000E+00
    -13.996  0.0000E+00  0.0000E+00  0.0000E+00  0.0000E+00  0.0000E+00  0.0000E+00  0.0000E+00  0.0000E+00  0.0000E+00
    -13.851  0.0000E+00  0.0000E+00  0.0000E+00  0.0000E+00  0.0000E+00  0.0000E+00  0.0000E+00  0.0000E+00  0.0000E+00
    -13.706  0.0000E+00  0.0000E+00  0.0000E+00  0.0000E+00  0.0000E+00  0.0000E+00  0.0000E+00  0.0000E+00  0.0000E+00
    -13.561  0.0000E+00  0.0000E+00  0.0000E+00  0.0000E+00  0.0000E+00  0.0000E+00  0.0000E+00  0.0000E+00  0.0000E+00
    -13.416  0.0000E+00  0.0000E+00  0.0000E+00  0.0000E+00  0.0000E+00  0.0000E+00  0.0000E+00  0.0000E+00  0.0000E+00
    -13.272  0.0000E+00  0.0000E+00  0.0000E+00  0.0000E+00  0.0000E+00  0.0000E+00  0.0000E+00  0.0000E+00  0.0000E+00
    -13.127  0.0000E+00  0.0000E+00  0.0000E+00  0.0000E+00  0.0000E+00  0.0000E+00  0.0000E+00  0.0000E+00  0.0000E+00
    -12.982  0.4386E-02  0.2154E-05  0.2154E-05  0.2154E-05  0.0000E+00  0.0000E+00  0.0000E+00  0.0000E+00  0.0000E+00
    -12.837  0.1514E-01  0.3662E-04  0.3662E-04  0.3662E-04  0.0000E+00  0.0000E+00  0.0000E+00  0.0000E+00  0.0000E+00
    -12.692  0.1816E-01  0.8404E-04  0.8404E-04  0.8404E-04  0.0000E+00  0.0000E+00  0.0000E+00  0.0000E+00  0.0000E+00
    -12.548  0.2053E-01  0.1408E-03  0.1408E-03  0.1408E-03  0.0000E+00  0.0000E+00  0.0000E+00  0.0000E+00  0.0000E+00
    -12.403  0.2313E-01  0.2102E-03  0.2102E-03  0.2102E-03  0.0000E+00  0.0000E+00  0.0000E+00  0.0000E+00  0.0000E+00
    -12.258  0.2564E-01  0.2905E-03  0.2905E-03  0.2905E-03  0.0000E+00  0.0000E+00  0.0000E+00  0.0000E+00  0.0000E+00
    -12.113  0.2801E-01  0.3778E-03  0.3778E-03  0.3778E-03  0.0000E+00  0.0000E+00  0.0000E+00  0.0000E+00  0.0000E+00
    -11.968  0.3024E-01  0.4711E-03  0.4711E-03  0.4711E-03  0.0000E+00  0.0000E+00  0.0000E+00  0.0000E+00  0.0000E+00
    -11.824  0.3212E-01  0.5744E-03  0.5744E-03  0.5744E-03  0.0000E+00  0.0000E+00  0.0000E+00  0.0000E+00  0.0000E+00
    -11.679  0.3406E-01  0.6809E-03  0.6809E-03  0.6809E-03  0.0000E+00  0.0000E+00  0.0000E+00  0.0000E+00  0.0000E+00
    -11.534  0.3576E-01  0.7957E-03  0.7957E-03  0.7957E-03  0.0000E+00  0.0000E+00  0.0000E+00  0.0000E+00  0.0000E+00
    -11.389  0.3747E-01  0.9145E-03  0.9145E-03  0.9145E-03  0.0000E+00  0.0000E+00  0.0000E+00  0.0000E+00  0.0000E+00
    -11.244  0.3904E-01  0.1040E-02  0.1040E-02  0.1040E-02  0.0000E+00  0.0000E+00  0.0000E+00  0.0000E+00  0.0000E+00
    -11.100  0.4061E-01  0.1169E-02  0.1169E-02  0.1169E-02  0.0000E+00  0.0000E+00  0.0000E+00  0.0000E+00  0.0000E+00
    -10.955  0.4206E-01  0.1305E-02  0.1305E-02  0.1305E-02  0.0000E+00  0.0000E+00  0.0000E+00  0.0000E+00  0.0000E+00
    -10.810  0.4356E-01  0.1442E-02  0.1442E-02  0.1442E-02  0.0000E+00  0.0000E+00  0.0000E+00  0.0000E+00  0.0000E+00
    -10.665  0.4490E-01  0.1589E-02  0.1589E-02  0.1589E-02  0.0000E+00  0.0000E+00  0.0000E+00  0.0000E+00  0.0000E+00
    -10.520  0.4632E-01  0.1735E-02  0.1735E-02  0.1735E-02  0.0000E+00  0.0000E+00  0.0000E+00  0.0000E+00  0.0000E+00
    -10.376  0.4762E-01  0.1890E-02  0.1890E-02  0.1890E-02  0.0000E+00  0.0000E+00  0.0000E+00  0.0000E+00  0.0000E+00
    -10.231  0.4894E-01  0.2047E-02  0.2047E-02  0.2047E-02  0.0000E+00  0.0000E+00  0.0000E+00  0.0000E+00  0.0000E+00
    -10.086  0.5027E-01  0.2207E-02  0.2207E-02  0.2207E-02  0.0000E+00  0.0000E+00  0.0000E+00  0.0000E+00  0.0000E+00
     -9.941  0.5152E-01  0.2375E-02  0.2375E-02  0.2375E-02  0.0000E+00  0.0000E+00  0.0000E+00  0.0000E+00  0.0000E+00
     -9.796  0.5285E-01  0.2542E-02  0.2542E-02  0.2542E-02  0.0000E+00  0.0000E+00  0.0000E+00  0.0000E+00  0.0000E+00
     -9.652  0.5411E-01  0.2717E-02  0.2717E-02  0.2717E-02  0.0000E+00  0.0000E+00  0.0000E+00  0.0000E+00  0.0000E+00
     -9.507  0.5539E-01  0.2895E-02  0.2895E-02  0.2895E-02  0.0000E+00  0.0000E+00  0.0000E+00  0.0000E+00  0.0000E+00
     -9.362  0.5674E-01  0.3073E-02  0.3073E-02  0.3073E-02  0.0000E+00  0.0000E+00  0.0000E+00  0.0000E+00  0.0000E+00
     -9.217  0.5803E-01  0.3262E-02  0.3262E-02  0.3262E-02  0.0000E+00  0.0000E+00  0.0000E+00  0.0000E+00  0.0000E+00
     -9.072  0.5939E-01  0.3451E-02  0.3451E-02  0.3451E-02  0.0000E+00  0.0000E+00  0.0000E+00  0.0000E+00  0.0000E+00
     -8.928  0.6082E-01  0.3640E-02  0.3640E-02  0.3640E-02  0.0000E+00  0.0000E+00  0.0000E+00  0.0000E+00  0.0000E+00
     -8.783  0.6223E-01  0.3842E-02  0.3842E-02  0.3842E-02  0.0000E+00  0.0000E+00  0.0000E+00  0.0000E+00  0.0000E+00
     -8.638  0.6375E-01  0.4045E-02  0.4045E-02  0.4045E-02  0.0000E+00  0.0000E+00  0.0000E+00  0.0000E+00  0.0000E+00
     -8.493  0.6537E-01  0.4248E-02  0.4248E-02  0.4248E-02  0.0000E+00  0.0000E+00  0.0000E+00  0.0000E+00  0.0000E+00
     -8.348  0.6707E-01  0.4464E-02  0.4464E-02  0.4464E-02  0.0000E+00  0.0000E+00  0.0000E+00  0.0000E+00  0.0000E+00
     -8.204  0.6894E-01  0.4684E-02  0.4684E-02  0.4684E-02  0.0000E+00  0.0000E+00  0.0000E+00  0.0000E+00  0.0000E+00
     -8.059  0.7102E-01  0.4907E-02  0.4907E-02  0.4907E-02  0.0000E+00  0.0000E+00  0.0000E+00  0.0000E+00  0.0000E+00
     -7.914  0.7336E-01  0.5147E-02  0.5147E-02  0.5147E-02  0.0000E+00  0.0000E+00  0.0000E+00  0.0000E+00  0.0000E+00
     -7.769  0.7615E-01  0.5400E-02  0.5400E-02  0.5400E-02  0.0000E+00  0.0000E+00  0.0000E+00  0.0000E+00  0.0000E+00
     -7.624  0.7960E-01  0.5670E-02  0.5670E-02  0.5670E-02  0.0000E+00  0.0000E+00  0.0000E+00  0.0000E+00  0.0000E+00
     -7.480  0.8433E-01  0.5990E-02  0.5990E-02  0.5990E-02  0.0000E+00  0.0000E+00  0.0000E+00  0.0000E+00  0.0000E+00
     -7.335  0.9328E-01  0.6460E-02  0.6460E-02  0.6460E-02  0.0000E+00  0.0000E+00  0.0000E+00  0.0000E+00  0.0000E+00
     -7.190  0.1008E+00  0.6877E-02  0.6877E-02  0.6877E-02  0.0000E+00  0.0000E+00  0.0000E+00  0.0000E+00  0.0000E+00
     -7.045  0.9832E-01  0.6934E-02  0.6934E-02  0.6934E-02  0.0000E+00  0.0000E+00  0.0000E+00  0.0000E+00  0.0000E+00
     -6.900  0.9348E-01  0.6886E-02  0.6886E-02  0.6886E-02  0.0000E+00  0.0000E+00  0.0000E+00  0.0000E+00  0.0000E+00
     -6.756  0.9079E-01  0.6910E-02  0.6910E-02  0.6910E-02  0.0000E+00  0.0000E+00  0.0000E+00  0.0000E+00  0.0000E+00
     -6.611  0.8743E-01  0.6878E-02  0.6878E-02  0.6878E-02  0.0000E+00  0.0000E+00  0.0000E+00  0.0000E+00  0.0000E+00
     -6.466  0.8494E-01  0.6904E-02  0.6904E-02  0.6904E-02  0.0000E+00  0.0000E+00  0.0000E+00  0.0000E+00  0.0000E+00
     -6.321  0.8151E-01  0.6847E-02  0.6847E-02  0.6847E-02  0.0000E+00  0.0000E+00  0.0000E+00  0.0000E+00  0.0000E+00
     -6.176  0.7897E-01  0.6823E-02  0.6823E-02  0.6823E-02  0.0000E+00  0.0000E+00  0.0000E+00  0.0000E+00  0.0000E+00
     -6.032  0.7610E-01  0.6785E-02  0.6785E-02  0.6785E-02  0.0000E+00  0.0000E+00  0.0000E+00  0.0000E+00  0.0000E+00
     -5.887  0.7292E-01  0.6702E-02  0.6702E-02  0.6702E-02  0.0000E+00  0.0000E+00  0.0000E+00  0.0000E+00  0.0000E+00
     -5.742  0.7027E-01  0.6637E-02  0.6637E-02  0.6637E-02  0.0000E+00  0.0000E+00  0.0000E+00  0.0000E+00  0.0000E+00
     -5.597  0.6725E-01  0.6546E-02  0.6546E-02  0.6546E-02  0.0000E+00  0.0000E+00  0.0000E+00  0.0000E+00  0.0000E+00
     -5.452  0.6450E-01  0.6447E-02  0.6447E-02  0.6447E-02  0.0000E+00  0.0000E+00  0.0000E+00  0.0000E+00  0.0000E+00
     -5.308  0.6136E-01  0.6314E-02  0.6314E-02  0.6314E-02  0.0000E+00  0.0000E+00  0.0000E+00  0.0000E+00  0.0000E+00
     -5.163  0.5867E-01  0.6197E-02  0.6197E-02  0.6197E-02  0.0000E+00  0.0000E+00  0.0000E+00  0.0000E+00  0.0000E+00
     -5.018  0.5539E-01  0.6023E-02  0.6023E-02  0.6023E-02  0.0000E+00  0.0000E+00  0.0000E+00  0.0000E+00  0.0000E+00
     -4.873  0.5256E-01  0.5867E-02  0.5867E-02  0.5867E-02  0.0000E+00  0.0000E+00  0.0000E+00  0.0000E+00  0.0000E+00
     -4.728  0.4929E-01  0.5663E-02  0.5663E-02  0.5663E-02  0.0000E+00  0.0000E+00  0.0000E+00  0.0000E+00  0.0000E+00
     -4.584  0.4622E-01  0.5463E-02  0.5463E-02  0.5463E-02  0.0000E+00  0.0000E+00  0.0000E+00  0.0000E+00  0.0000E+00
     -4.439  0.4409E-01  0.5533E-02  0.5533E-02  0.5533E-02  0.0000E+00  0.0000E+00  0.0000E+00  0.0000E+00  0.0000E+00
     -4.294  0.4839E-01  0.9704E-02  0.9704E-02  0.9704E-02  0.0000E+00  0.0000E+00  0.0000E+00  0.0000E+00  0.0000E+00
     -4.149  0.3741E-01  0.9156E-02  0.9156E-02  0.9156E-02  0.0000E+00  0.0000E+00  0.0000E+00  0.0000E+00  0.0000E+00
     -4.004  0.2757E-01  0.9378E-02  0.9378E-02  0.9378E-02  0.0000E+00  0.0000E+00  0.0000E+00  0.0000E+00  0.0000E+00
     -3.860  0.2679E-01  0.9970E-02  0.9970E-02  0.9970E-02  0.0000E+00  0.0000E+00  0.0000E+00  0.0000E+00  0.0000E+00
     -3.715  0.2802E-01  0.1142E-01  0.1142E-01  0.1142E-01  0.0000E+00  0.0000E+00  0.0000E+00  0.0000E+00  0.0000E+00
     -3.570  0.3235E-01  0.1297E-01  0.1297E-01  0.1297E-01  0.0000E+00  0.0000E+00  0.0000E+00  0.0000E+00  0.0000E+00
     -3.425  0.4004E-01  0.1531E-01  0.1531E-01  0.1531E-01  0.0000E+00  0.0000E+00  0.0000E+00  0.0000E+00  0.0000E+00
     -3.280  0.4981E-01  0.1781E-01  0.1781E-01  0.1781E-01  0.0000E+00  0.0000E+00  0.0000E+00  0.0000E+00  0.0000E+00
     -3.136  0.6137E-01  0.2093E-01  0.2093E-01  0.2093E-01  0.0000E+00  0.0000E+00  0.0000E+00  0.0000E+00  0.0000E+00
     -2.991  0.7564E-01  0.2473E-01  0.2473E-01  0.2473E-01  0.0000E+00  0.0000E+00  0.0000E+00  0.0000E+00  0.0000E+00
     -2.846  0.1124E+00  0.3511E-01  0.3511E-01  0.3511E-01  0.0000E+00  0.0000E+00  0.0000E+00  0.0000E+00  0.0000E+00
     -2.701  0.1223E+00  0.3711E-01  0.3711E-01  0.3711E-01  0.0000E+00  0.0000E+00  0.0000E+00  0.0000E+00  0.0000E+00
     -2.556  0.8525E-01  0.2677E-01  0.2677E-01  0.2677E-01  0.0000E+00  0.0000E+00  0.0000E+00  0.0000E+00  0.0000E+00
     -2.412  0.7336E-01  0.2360E-01  0.2360E-01  0.2360E-01  0.0000E+00  0.0000E+00  0.0000E+00  0.0000E+00  0.0000E+00
     -2.267  0.6708E-01  0.2193E-01  0.2193E-01  0.2193E-01  0.0000E+00  0.0000E+00  0.0000E+00  0.0000E+00  0.0000E+00
     -2.122  0.6104E-01  0.2042E-01  0.2042E-01  0.2042E-01  0.0000E+00  0.0000E+00  0.0000E+00  0.0000E+00  0.0000E+00
     -1.977  0.5742E-01  0.1954E-01  0.1954E-01  0.1954E-01  0.0000E+00  0.0000E+00  0.0000E+00  0.0000E+00  0.0000E+00
     -1.832  0.5286E-01  0.1844E-01  0.1844E-01  0.1844E-01  0.0000E+00  0.0000E+00  0.0000E+00  0.0000E+00  0.0000E+00
     -1.688  0.5033E-01  0.1788E-01  0.1788E-01  0.1788E-01  0.0000E+00  0.0000E+00  0.0000E+00  0.0000E+00  0.0000E+00
     -1.543  0.4691E-01  0.1709E-01  0.1709E-01  0.1709E-01  0.0000E+00  0.0000E+00  0.0000E+00  0.0000E+00  0.0000E+00
     -1.398  0.4448E-01  0.1656E-01  0.1656E-01  0.1656E-01  0.0000E+00  0.0000E+00  0.0000E+00  0.0000E+00  0.0000E+00
     -1.253  0.4223E-01  0.1608E-01  0.1608E-01  0.1608E-01  0.0000E+00  0.0000E+00  0.0000E+00  0.0000E+00  0.0000E+00
     -1.108  0.3942E-01  0.1542E-01  0.1542E-01  0.1542E-01  0.0000E+00  0.0000E+00  0.0000E+00  0.0000E+00  0.0000E+00
     -0.964  0.3777E-01  0.1510E-01  0.1510E-01  0.1510E-01  0.0000E+00  0.0000E+00  0.0000E+00  0.0000E+00  0.0000E+00
     -0.819  0.3545E-01  0.1456E-01  0.1456E-01  0.1456E-01  0.0000E+00  0.0000E+00  0.0000E+00  0.0000E+00  0.0000E+00
     -0.674  0.3365E-01  0.1416E-01  0.1416E-01  0.1416E-01  0.0000E+00  0.0000E+00  0.0000E+00  0.0000E+00  0.0000E+00
     -0.529  0.3216E-01  0.1386E-01  0.1386E-01  0.1386E-01  0.0000E+00  0.0000E+00  0.0000E+00  0.0000E+00  0.0000E+00
     -0.384  0.2995E-01  0.1330E-01  0.1330E-01  0.1330E-01  0.0000E+00  0.0000E+00  0.0000E+00  0.0000E+00  0.0000E+00
     -0.239  0.2985E-01  0.2128E-01  0.2128E-01  0.2128E-01  0.0000E+00  0.0000E+00  0.0000E+00  0.0000E+00  0.0000E+00
     -0.095  0.2948E-01  0.2502E-01  0.2502E-01  0.2502E-01  0.0000E+00  0.0000E+00  0.0000E+00  0.0000E+00  0.0000E+00
      0.050  0.2883E-01  0.2885E-01  0.2885E-01  0.2885E-01  0.0000E+00  0.0000E+00  0.0000E+00  0.0000E+00  0.0000E+00
      0.195  0.2931E-01  0.3370E-01  0.3370E-01  0.3370E-01  0.0000E+00  0.0000E+00  0.0000E+00  0.0000E+00  0.0000E+00
      0.340  0.3060E-01  0.4247E-01  0.4247E-01  0.4247E-01  0.0000E+00  0.0000E+00  0.0000E+00  0.0000E+00  0.0000E+00
      0.485  0.3030E-01  0.4256E-01  0.4256E-01  0.4256E-01  0.0000E+00  0.0000E+00  0.0000E+00  0.0000E+00  0.0000E+00
      0.629  0.3043E-01  0.4147E-01  0.4147E-01  0.4147E-01  0.0000E+00  0.0000E+00  0.0000E+00  0.0000E+00  0.0000E+00
      0.774  0.3023E-01  0.4031E-01  0.4031E-01  0.4031E-01  0.0000E+00  0.0000E+00  0.0000E+00  0.0000E+00  0.0000E+00
      0.919  0.2964E-01  0.4007E-01  0.4007E-01  0.4007E-01  0.0000E+00  0.0000E+00  0.0000E+00  0.0000E+00  0.0000E+00
      1.064  0.2927E-01  0.4031E-01  0.4031E-01  0.4031E-01  0.0000E+00  0.0000E+00  0.0000E+00  0.0000E+00  0.0000E+00
      1.209  0.2903E-01  0.4139E-01  0.4139E-01  0.4139E-01  0.0000E+00  0.0000E+00  0.0000E+00  0.0000E+00  0.0000E+00
      1.353  0.2853E-01  0.4263E-01  0.4263E-01  0.4263E-01  0.0000E+00  0.0000E+00  0.0000E+00  0.0000E+00  0.0000E+00
      1.498  0.2771E-01  0.4362E-01  0.4362E-01  0.4362E-01  0.0000E+00  0.0000E+00  0.0000E+00  0.0000E+00  0.0000E+00
      1.643  0.2746E-01  0.4532E-01  0.4532E-01  0.4532E-01  0.0000E+00  0.0000E+00  0.0000E+00  0.0000E+00  0.0000E+00
      1.788  0.2690E-01  0.4694E-01  0.4694E-01  0.4694E-01  0.0000E+00  0.0000E+00  0.0000E+00  0.0000E+00  0.0000E+00
      1.933  0.2599E-01  0.4907E-01  0.4907E-01  0.4907E-01  0.0000E+00  0.0000E+00  0.0000E+00  0.0000E+00  0.0000E+00
      2.077  0.2558E-01  0.5116E-01  0.5116E-01  0.5116E-01  0.0000E+00  0.0000E+00  0.0000E+00  0.0000E+00  0.0000E+00
      2.222  0.2500E-01  0.5310E-01  0.5310E-01  0.5310E-01  0.0000E+00  0.0000E+00  0.0000E+00  0.0000E+00  0.0000E+00
      2.367  0.2430E-01  0.5671E-01  0.5671E-01  0.5671E-01  0.0000E+00  0.0000E+00  0.0000E+00  0.0000E+00  0.0000E+00
      2.512  0.2343E-01  0.6064E-01  0.6064E-01  0.6064E-01  0.0000E+00  0.0000E+00  0.0000E+00  0.0000E+00  0.0000E+00
      2.657  0.2287E-01  0.6593E-01  0.6593E-01  0.6593E-01  0.0000E+00  0.0000E+00  0.0000E+00  0.0000E+00  0.0000E+00
      2.801  0.2214E-01  0.7802E-01  0.7802E-01  0.7802E-01  0.0000E+00  0.0000E+00  0.0000E+00  0.0000E+00  0.0000E+00
      2.946  0.2114E-01  0.7561E-01  0.7561E-01  0.7561E-01  0.0000E+00  0.0000E+00  0.0000E+00  0.0000E+00  0.0000E+00
      3.091  0.2036E-01  0.7458E-01  0.7458E-01  0.7458E-01  0.0000E+00  0.0000E+00  0.0000E+00  0.0000E+00  0.0000E+00
      3.236  0.1971E-01  0.7431E-01  0.7431E-01  0.7431E-01  0.0000E+00  0.0000E+00  0.0000E+00  0.0000E+00  0.0000E+00
      3.381  0.1896E-01  0.7438E-01  0.7438E-01  0.7438E-01  0.0000E+00  0.0000E+00  0.0000E+00  0.0000E+00  0.0000E+00
      3.525  0.1797E-01  0.7360E-01  0.7360E-01  0.7360E-01  0.0000E+00  0.0000E+00  0.0000E+00  0.0000E+00  0.0000E+00
      3.670  0.1732E-01  0.7327E-01  0.7327E-01  0.7327E-01  0.0000E+00  0.0000E+00  0.0000E+00  0.0000E+00  0.0000E+00
      3.815  0.1672E-01  0.7314E-01  0.7314E-01  0.7314E-01  0.0000E+00  0.0000E+00  0.0000E+00  0.0000E+00  0.0000E+00
      3.960  0.1593E-01  0.7295E-01  0.7295E-01  0.7295E-01  0.0000E+00  0.0000E+00  0.0000E+00  0.0000E+00  0.0000E+00
      4.105  0.1503E-01  0.7220E-01  0.7220E-01  0.7220E-01  0.0000E+00  0.0000E+00  0.0000E+00  0.0000E+00  0.0000E+00
      4.249  0.1443E-01  0.7240E-01  0.7240E-01  0.7240E-01  0.0000E+00  0.0000E+00  0.0000E+00  0.0000E+00  0.0000E+00
      4.394  0.1375E-01  0.7206E-01  0.7206E-01  0.7206E-01  0.0000E+00  0.0000E+00  0.0000E+00  0.0000E+00  0.0000E+00
      4.539  0.1300E-01  0.7162E-01  0.7162E-01  0.7162E-01  0.0000E+00  0.0000E+00  0.0000E+00  0.0000E+00  0.0000E+00
      4.684  0.1227E-01  0.7158E-01  0.7158E-01  0.7158E-01  0.0000E+00  0.0000E+00  0.0000E+00  0.0000E+00  0.0000E+00
      4.829  0.1171E-01  0.7124E-01  0.7124E-01  0.7124E-01  0.0000E+00  0.0000E+00  0.0000E+00  0.0000E+00  0.0000E+00
      4.973  0.1104E-01  0.7110E-01  0.7110E-01  0.7110E-01  0.0000E+00  0.0000E+00  0.0000E+00  0.0000E+00  0.0000E+00
      5.118  0.1031E-01  0.7067E-01  0.7067E-01  0.7067E-01  0.0000E+00  0.0000E+00  0.0000E+00  0.0000E+00  0.0000E+00
      5.263  0.9563E-02  0.7045E-01  0.7045E-01  0.7045E-01  0.0000E+00  0.0000E+00  0.0000E+00  0.0000E+00  0.0000E+00
      5.408  0.8997E-02  0.7019E-01  0.7019E-01  0.7019E-01  0.0000E+00  0.0000E+00  0.0000E+00  0.0000E+00  0.0000E+00
      5.553  0.8413E-02  0.7003E-01  0.7003E-01  0.7003E-01  0.0000E+00  0.0000E+00  0.0000E+00  0.0000E+00  0.0000E+00
      5.697  0.7805E-02  0.6965E-01  0.6965E-01  0.6965E-01  0.0000E+00  0.0000E+00  0.0000E+00  0.0000E+00  0.0000E+00
      5.842  0.7127E-02  0.6951E-01  0.6951E-01  0.6951E-01  0.0000E+00  0.0000E+00  0.0000E+00  0.0000E+00  0.0000E+00
      5.987  0.6576E-02  0.6914E-01  0.6914E-01  0.6914E-01  0.0000E+00  0.0000E+00  0.0000E+00  0.0000E+00  0.0000E+00
      6.132  0.6014E-02  0.6924E-01  0.6924E-01  0.6924E-01  0.0000E+00  0.0000E+00  0.0000E+00  0.0000E+00  0.0000E+00
      6.277  0.5448E-02  0.6810E-01  0.6810E-01  0.6810E-01  0.0000E+00  0.0000E+00  0.0000E+00  0.0000E+00  0.0000E+00
      6.421  0.4865E-02  0.5532E-01  0.5532E-01  0.5532E-01  0.0000E+00  0.0000E+00  0.0000E+00  0.0000E+00  0.0000E+00
      6.566  0.4435E-02  0.4844E-01  0.4844E-01  0.4844E-01  0.0000E+00  0.0000E+00  0.0000E+00  0.0000E+00  0.0000E+00
      6.711  0.4031E-02  0.4352E-01  0.4352E-01  0.4352E-01  0.0000E+00  0.0000E+00  0.0000E+00  0.0000E+00  0.0000E+00
      6.856  0.3595E-02  0.3963E-01  0.3963E-01  0.3963E-01  0.0000E+00  0.0000E+00  0.0000E+00  0.0000E+00  0.0000E+00
      7.001  0.3198E-02  0.3621E-01  0.3621E-01  0.3621E-01  0.0000E+00  0.0000E+00  0.0000E+00  0.0000E+00  0.0000E+00
      7.145  0.2887E-02  0.3347E-01  0.3347E-01  0.3347E-01  0.0000E+00  0.0000E+00  0.0000E+00  0.0000E+00  0.0000E+00
      7.290  0.2558E-02  0.3077E-01  0.3077E-01  0.3077E-01  0.0000E+00  0.0000E+00  0.0000E+00  0.0000E+00  0.0000E+00
      7.435  0.2231E-02  0.2822E-01  0.2822E-01  0.2822E-01  0.0000E+00  0.0000E+00  0.0000E+00  0.0000E+00  0.0000E+00
      7.580  0.1943E-02  0.2593E-01  0.2593E-01  0.2593E-01  0.0000E+00  0.0000E+00  0.0000E+00  0.0000E+00  0.0000E+00
      7.725  0.1674E-02  0.2377E-01  0.2377E-01  0.2377E-01  0.0000E+00  0.0000E+00  0.0000E+00  0.0000E+00  0.0000E+00
      7.869  0.1434E-02  0.2162E-01  0.2162E-01  0.2162E-01  0.0000E+00  0.0000E+00  0.0000E+00  0.0000E+00  0.0000E+00
      8.014  0.1171E-02  0.1962E-01  0.1962E-01  0.1962E-01  0.0000E+00  0.0000E+00  0.0000E+00  0.0000E+00  0.0000E+00
      8.159  0.9630E-03  0.1771E-01  0.1771E-01  0.1771E-01  0.0000E+00  0.0000E+00  0.0000E+00  0.0000E+00  0.0000E+00
      8.304  0.7769E-03  0.1574E-01  0.1574E-01  0.1574E-01  0.0000E+00  0.0000E+00  0.0000E+00  0.0000E+00  0.0000E+00
      8.449  0.5667E-03  0.1385E-01  0.1385E-01  0.1385E-01  0.0000E+00  0.0000E+00  0.0000E+00  0.0000E+00  0.0000E+00
      8.593  0.4136E-03  0.1192E-01  0.1192E-01  0.1192E-01  0.0000E+00  0.0000E+00  0.0000E+00  0.0000E+00  0.0000E+00
      8.738  0.2794E-03  0.1006E-01  0.1006E-01  0.1006E-01  0.0000E+00  0.0000E+00  0.0000E+00  0.0000E+00  0.0000E+00
      8.883  0.1511E-03  0.7691E-02  0.7691E-02  0.7691E-02  0.0000E+00  0.0000E+00  0.0000E+00  0.0000E+00  0.0000E+00
      9.028  0.5743E-04  0.5043E-02  0.5043E-02  0.5043E-02  0.0000E+00  0.0000E+00  0.0000E+00  0.0000E+00  0.0000E+00
      9.173  0.5877E-05  0.7400E-03  0.7400E-03  0.7400E-03  0.0000E+00  0.0000E+00  0.0000E+00  0.0000E+00  0.0000E+00
      9.317  0.0000E+00  0.0000E+00  0.0000E+00  0.0000E+00  0.0000E+00  0.0000E+00  0.0000E+00  0.0000E+00  0.0000E+00
      9.462  0.0000E+00  0.0000E+00  0.0000E+00  0.0000E+00  0.0000E+00  0.0000E+00  0.0000E+00  0.0000E+00  0.0000E+00
      9.607  0.0000E+00  0.0000E+00  0.0000E+00  0.0000E+00  0.0000E+00  0.0000E+00  0.0000E+00  0.0000E+00  0.0000E+00
      9.752  0.0000E+00  0.0000E+00  0.0000E+00  0.0000E+00  0.0000E+00  0.0000E+00  0.0000E+00  0.0000E+00  0.0000E+00
      9.897  0.0000E+00  0.0000E+00  0.0000E+00  0.0000E+00  0.0000E+00  0.0000E+00  0.0000E+00  0.0000E+00  0.0000E+00
     10.041  0.0000E+00  0.0000E+00  0.0000E+00  0.0000E+00  0.0000E+00  0.0000E+00  0.0000E+00  0.0000E+00  0.0000E+00
     10.186  0.0000E+00  0.0000E+00  0.0000E+00  0.0000E+00  0.0000E+00  0.0000E+00  0.0000E+00  0.0000E+00  0.0000E+00
     10.331  0.0000E+00  0.0000E+00  0.0000E+00  0.0000E+00  0.0000E+00  0.0000E+00  0.0000E+00  0.0000E+00  0.0000E+00
     10.476  0.0000E+00  0.0000E+00  0.0000E+00  0.0000E+00  0.0000E+00  0.0000E+00  0.0000E+00  0.0000E+00  0.0000E+00
     10.621  0.0000E+00  0.0000E+00  0.0000E+00  0.0000E+00  0.0000E+00  0.0000E+00  0.0000E+00  0.0000E+00  0.0000E+00
     10.765  0.0000E+00  0.0000E+00  0.0000E+00  0.0000E+00  0.0000E+00  0.0000E+00  0.0000E+00  0.0000E+00  0.0000E+00
     10.910  0.0000E+00  0.0000E+00  0.0000E+00  0.0000E+00  0.0000E+00  0.0000E+00  0.0000E+00  0.0000E+00  0.0000E+00
     11.055  0.0000E+00  0.0000E+00  0.0000E+00  0.0000E+00  0.0000E+00  0.0000E+00  0.0000E+00  0.0000E+00  0.0000E+00
     11.200  0.0000E+00  0.0000E+00  0.0000E+00  0.0000E+00  0.0000E+00  0.0000E+00  0.0000E+00  0.0000E+00  0.0000E+00
     11.345  0.0000E+00  0.0000E+00  0.0000E+00  0.0000E+00  0.0000E+00  0.0000E+00  0.0000E+00  0.0000E+00  0.0000E+00
     11.489  0.0000E+00  0.0000E+00  0.0000E+00  0.0000E+00  0.0000E+00  0.0000E+00  0.0000E+00  0.0000E+00  0.0000E+00
     11.634  0.0000E+00  0.0000E+00  0.0000E+00  0.0000E+00  0.0000E+00  0.0000E+00  0.0000E+00  0.0000E+00  0.0000E+00
     11.779  0.0000E+00  0.0000E+00  0.0000E+00  0.0000E+00  0.0000E+00  0.0000E+00  0.0000E+00  0.0000E+00  0.0000E+00
     11.924  0.0000E+00  0.0000E+00  0.0000E+00  0.0000E+00  0.0000E+00  0.0000E+00  0.0000E+00  0.0000E+00  0.0000E+00
     12.069  0.0000E+00  0.0000E+00  0.0000E+00  0.0000E+00  0.0000E+00  0.0000E+00  0.0000E+00  0.0000E+00  0.0000E+00
     12.213  0.0000E+00  0.0000E+00  0.0000E+00  0.0000E+00  0.0000E+00  0.0000E+00  0.0000E+00  0.0000E+00  0.0000E+00
     12.358  0.0000E+00  0.0000E+00  0.0000E+00  0.0000E+00  0.0000E+00  0.0000E+00  0.0000E+00  0.0000E+00  0.0000E+00
     12.503  0.0000E+00  0.0000E+00  0.0000E+00  0.0000E+00  0.0000E+00  0.0000E+00  0.0000E+00  0.0000E+00  0.0000E+00
     12.648  0.0000E+00  0.0000E+00  0.0000E+00  0.0000E+00  0.0000E+00  0.0000E+00  0.0000E+00  0.0000E+00  0.0000E+00
     12.793  0.0000E+00  0.0000E+00  0.0000E+00  0.0000E+00  0.0000E+00  0.0000E+00  0.0000E+00  0.0000E+00  0.0000E+00
     12.937  0.0000E+00  0.0000E+00  0.0000E+00  0.0000E+00  0.0000E+00  0.0000E+00  0.0000E+00  0.0000E+00  0.0000E+00
     13.082  0.0000E+00  0.0000E+00  0.0000E+00  0.0000E+00  0.0000E+00  0.0000E+00  0.0000E+00  0.0000E+00  0.0000E+00
     13.227  0.0000E+00  0.0000E+00  0.0000E+00  0.0000E+00  0.0000E+00  0.0000E+00  0.0000E+00  0.0000E+00  0.0000E+00
     13.372  0.0000E+00  0.0000E+00  0.0000E+00  0.0000E+00  0.0000E+00  0.0000E+00  0.0000E+00  0.0000E+00  0.0000E+00
     13.517  0.6161E-02  0.2216E-02  0.2216E-02  0.2216E-02  0.0000E+00  0.0000E+00  0.0000E+00  0.0000E+00  0.0000E+00
     13.661  0.9385E-02  0.3746E-02  0.3746E-02  0.3746E-02  0.0000E+00  0.0000E+00  0.0000E+00  0.0000E+00  0.0000E+00
     13.806  0.1127E-01  0.4729E-02  0.4729E-02  0.4729E-02  0.0000E+00  0.0000E+00  0.0000E+00  0.0000E+00  0.0000E+00
     13.951  0.1389E-01  0.6154E-02  0.6154E-02  0.6154E-02  0.0000E+00  0.0000E+00  0.0000E+00  0.0000E+00  0.0000E+00
     14.096  0.1706E-01  0.7779E-02  0.7779E-02  0.7779E-02  0.0000E+00  0.0000E+00  0.0000E+00  0.0000E+00  0.0000E+00
     14.241  0.2036E-01  0.9595E-02  0.9595E-02  0.9595E-02  0.0000E+00  0.0000E+00  0.0000E+00  0.0000E+00  0.0000E+00
     14.385  0.2264E-01  0.1138E-01  0.1138E-01  0.1138E-01  0.0000E+00  0.0000E+00  0.0000E+00  0.0000E+00  0.0000E+00
     14.530  0.2453E-01  0.1335E-01  0.1335E-01  0.1335E-01  0.0000E+00  0.0000E+00  0.0000E+00  0.0000E+00  0.0000E+00
     14.675  0.2598E-01  0.1555E-01  0.1555E-01  0.1555E-01  0.0000E+00  0.0000E+00  0.0000E+00  0.0000E+00  0.0000E+00
     14.820  0.2739E-01  0.1898E-01  0.1898E-01  0.1898E-01  0.0000E+00  0.0000E+00  0.0000E+00  0.0000E+00  0.0000E+00
     14.965  0.2860E-01  0.2283E-01  0.2283E-01  0.2283E-01  0.0000E+00  0.0000E+00  0.0000E+00  0.0000E+00  0.0000E+00
     15.109  0.2940E-01  0.2361E-01  0.2361E-01  0.2361E-01  0.0000E+00  0.0000E+00  0.0000E+00  0.0000E+00  0.0000E+00
     15.254  0.3015E-01  0.2481E-01  0.2481E-01  0.2481E-01  0.0000E+00  0.0000E+00  0.0000E+00  0.0000E+00  0.0000E+00
     15.399  0.3102E-01  0.2635E-01  0.2635E-01  0.2635E-01  0.0000E+00  0.0000E+00  0.0000E+00  0.0000E+00  0.0000E+00
     15.544  0.3185E-01  0.2777E-01  0.2777E-01  0.2777E-01  0.0000E+00  0.0000E+00  0.0000E+00  0.0000E+00  0.0000E+00
     15.689  0.3268E-01  0.2940E-01  0.2940E-01  0.2940E-01  0.0000E+00  0.0000E+00  0.0000E+00  0.0000E+00  0.0000E+00
     15.834  0.3326E-01  0.3094E-01  0.3094E-01  0.3094E-01  0.0000E+00  0.0000E+00  0.0000E+00  0.0000E+00  0.0000E+00
     15.978  0.3398E-01  0.3264E-01  0.3264E-01  0.3264E-01  0.0000E+00  0.0000E+00  0.0000E+00  0.0000E+00  0.0000E+00
     16.123  0.3473E-01  0.3445E-01  0.3445E-01  0.3445E-01  0.0000E+00  0.0000E+00  0.0000E+00  0.0000E+00  0.0000E+00
     16.268  0.3563E-01  0.3639E-01  0.3639E-01  0.3639E-01  0.0000E+00  0.0000E+00  0.0000E+00  0.0000E+00  0.0000E+00
     16.413  0.3654E-01  0.3852E-01  0.3852E-01  0.3852E-01  0.0000E+00  0.0000E+00  0.0000E+00  0.0000E+00  0.0000E+00
     16.558  0.3743E-01  0.4068E-01  0.4068E-01  0.4068E-01  0.0000E+00  0.0000E+00  0.0000E+00  0.0000E+00  0.0000E+00
     16.702  0.3853E-01  0.4313E-01  0.4313E-01  0.4313E-01  0.0000E+00  0.0000E+00  0.0000E+00  0.0000E+00  0.0000E+00
     16.847  0.3990E-01  0.4578E-01  0.4578E-01  0.4578E-01  0.0000E+00  0.0000E+00  0.0000E+00  0.0000E+00  0.0000E+00
     16.992  0.4167E-01  0.4880E-01  0.4880E-01  0.4880E-01  0.0000E+00  0.0000E+00  0.0000E+00  0.0000E+00  0.0000E+00
     17.137  0.4368E-01  0.5242E-01  0.5242E-01  0.5242E-01  0.0000E+00  0.0000E+00  0.0000E+00  0.0000E+00  0.0000E+00
     17.282  0.4663E-01  0.5663E-01  0.5663E-01  0.5663E-01  0.0000E+00  0.0000E+00  0.0000E+00  0.0000E+00  0.0000E+00
     17.426  0.5098E-01  0.6235E-01  0.6235E-01  0.6235E-01  0.0000E+00  0.0000E+00  0.0000E+00  0.0000E+00  0.0000E+00
     17.571  0.6017E-01  0.7513E-01  0.7513E-01  0.7513E-01  0.0000E+00  0.0000E+00  0.0000E+00  0.0000E+00  0.0000E+00
     17.716  0.8353E-01  0.8562E-01  0.8562E-01  0.8562E-01  0.0000E+00  0.0000E+00  0.0000E+00  0.0000E+00  0.0000E+00
     17.861  0.8452E-01  0.6720E-01  0.6720E-01  0.6720E-01  0.0000E+00  0.0000E+00  0.0000E+00  0.0000E+00  0.0000E+00
     18.006  0.8759E-01  0.7912E-01  0.7912E-01  0.7912E-01  0.0000E+00  0.0000E+00  0.0000E+00  0.0000E+00  0.0000E+00
     18.150  0.6819E-01  0.6453E-01  0.6453E-01  0.6453E-01  0.0000E+00  0.0000E+00  0.0000E+00  0.0000E+00  0.0000E+00
     18.295  0.6623E-01  0.6234E-01  0.6234E-01  0.6234E-01  0.0000E+00  0.0000E+00  0.0000E+00  0.0000E+00  0.0000E+00
     18.440  0.6281E-01  0.5943E-01  0.5943E-01  0.5943E-01  0.0000E+00  0.0000E+00  0.0000E+00  0.0000E+00  0.0000E+00
     18.585  0.5843E-01  0.5738E-01  0.5738E-01  0.5738E-01  0.0000E+00  0.0000E+00  0.0000E+00  0.0000E+00  0.0000E+00
     18.730  0.5684E-01  0.5716E-01  0.5716E-01  0.5716E-01  0.0000E+00  0.0000E+00  0.0000E+00  0.0000E+00  0.0000E+00
     18.874  0.5655E-01  0.5710E-01  0.5710E-01  0.5710E-01  0.0000E+00  0.0000E+00  0.0000E+00  0.0000E+00  0.0000E+00
     19.019  0.5061E-01  0.5421E-01  0.5421E-01  0.5421E-01  0.0000E+00  0.0000E+00  0.0000E+00  0.0000E+00  0.0000E+00
     19.164  0.5111E-01  0.5496E-01  0.5496E-01  0.5496E-01  0.0000E+00  0.0000E+00  0.0000E+00  0.0000E+00  0.0000E+00
     19.309  0.4911E-01  0.5519E-01  0.5519E-01  0.5519E-01  0.0000E+00  0.0000E+00  0.0000E+00  0.0000E+00  0.0000E+00
     19.454  0.4737E-01  0.5616E-01  0.5616E-01  0.5616E-01  0.0000E+00  0.0000E+00  0.0000E+00  0.0000E+00  0.0000E+00
     19.598  0.4636E-01  0.5568E-01  0.5568E-01  0.5568E-01  0.0000E+00  0.0000E+00  0.0000E+00  0.0000E+00  0.0000E+00
     19.743  0.4428E-01  0.5386E-01  0.5386E-01  0.5386E-01  0.0000E+00  0.0000E+00  0.0000E+00  0.0000E+00  0.0000E+00
     19.888  0.4441E-01  0.5323E-01  0.5323E-01  0.5323E-01  0.0000E+00  0.0000E+00  0.0000E+00  0.0000E+00  0.0000E+00
     20.033  0.4848E-01  0.5585E-01  0.5585E-01  0.5585E-01  0.0000E+00  0.0000E+00  0.0000E+00  0.0000E+00  0.0000E+00
     20.178  0.3637E-01  0.4538E-01  0.4538E-01  0.4538E-01  0.0000E+00  0.0000E+00  0.0000E+00  0.0000E+00  0.0000E+00
     20.322  0.3165E-01  0.4221E-01  0.4221E-01  0.4221E-01  0.0000E+00  0.0000E+00  0.0000E+00  0.0000E+00  0.0000E+00
     20.467  0.3411E-01  0.4290E-01  0.4290E-01  0.4290E-01  0.0000E+00  0.0000E+00  0.0000E+00  0.0000E+00  0.0000E+00
     20.612  0.3993E-01  0.4635E-01  0.4635E-01  0.4635E-01  0.0000E+00  0.0000E+00  0.0000E+00  0.0000E+00  0.0000E+00
     20.757  0.4778E-01  0.5032E-01  0.5032E-01  0.5032E-01  0.0000E+00  0.0000E+00  0.0000E+00  0.0000E+00  0.0000E+00
     20.902  0.4589E-01  0.4820E-01  0.4820E-01  0.4820E-01  0.0000E+00  0.0000E+00  0.0000E+00  0.0000E+00  0.0000E+00
     21.046  0.4876E-01  0.4807E-01  0.4807E-01  0.4807E-01  0.0000E+00  0.0000E+00  0.0000E+00  0.0000E+00  0.0000E+00
     21.191  0.5161E-01  0.5001E-01  0.5001E-01  0.5001E-01  0.0000E+00  0.0000E+00  0.0000E+00  0.0000E+00  0.0000E+00
     21.336  0.5152E-01  0.5062E-01  0.5062E-01  0.5062E-01  0.0000E+00  0.0000E+00  0.0000E+00  0.0000E+00  0.0000E+00
     21.481  0.5497E-01  0.5370E-01  0.5370E-01  0.5370E-01  0.0000E+00  0.0000E+00  0.0000E+00  0.0000E+00  0.0000E+00
     21.626  0.5451E-01  0.5394E-01  0.5394E-01  0.5394E-01  0.0000E+00  0.0000E+00  0.0000E+00  0.0000E+00  0.0000E+00
     21.770  0.5517E-01  0.5454E-01  0.5454E-01  0.5454E-01  0.0000E+00  0.0000E+00  0.0000E+00  0.0000E+00  0.0000E+00
     21.915  0.5663E-01  0.5525E-01  0.5525E-01  0.5525E-01  0.0000E+00  0.0000E+00  0.0000E+00  0.0000E+00  0.0000E+00
     22.060  0.5782E-01  0.5634E-01  0.5634E-01  0.5634E-01  0.0000E+00  0.0000E+00  0.0000E+00  0.0000E+00  0.0000E+00
     22.205  0.7659E-01  0.5713E-01  0.5713E-01  0.5713E-01  0.0000E+00  0.0000E+00  0.0000E+00  0.0000E+00  0.0000E+00
     22.350  0.1072E+00  0.6005E-01  0.6005E-01  0.6005E-01  0.0000E+00  0.0000E+00  0.0000E+00  0.0000E+00  0.0000E+00
     22.494  0.9445E-01  0.6102E-01  0.6102E-01  0.6102E-01  0.0000E+00  0.0000E+00  0.0000E+00  0.0000E+00  0.0000E+00
     22.639  0.8757E-01  0.6627E-01  0.6627E-01  0.6627E-01  0.0000E+00  0.0000E+00  0.0000E+00  0.0000E+00  0.0000E+00
     22.784  0.8488E-01  0.6679E-01  0.6679E-01  0.6679E-01  0.0000E+00  0.0000E+00  0.0000E+00  0.0000E+00  0.0000E+00
     22.929  0.8549E-01  0.6933E-01  0.6933E-01  0.6933E-01  0.0000E+00  0.0000E+00  0.0000E+00  0.0000E+00  0.0000E+00
     23.074  0.6485E-01  0.6679E-01  0.6679E-01  0.6679E-01  0.0000E+00  0.0000E+00  0.0000E+00  0.0000E+00  0.0000E+00
     23.218  0.5215E-01  0.6201E-01  0.6201E-01  0.6201E-01  0.0000E+00  0.0000E+00  0.0000E+00  0.0000E+00  0.0000E+00
     23.363  0.4476E-01  0.6171E-01  0.6171E-01  0.6171E-01  0.0000E+00  0.0000E+00  0.0000E+00  0.0000E+00  0.0000E+00
     23.508  0.4049E-01  0.6328E-01  0.6328E-01  0.6328E-01  0.0000E+00  0.0000E+00  0.0000E+00  0.0000E+00  0.0000E+00
     23.653  0.3914E-01  0.6815E-01  0.6815E-01  0.6815E-01  0.0000E+00  0.0000E+00  0.0000E+00  0.0000E+00  0.0000E+00
     23.798  0.4586E-01  0.8333E-01  0.8333E-01  0.8333E-01  0.0000E+00  0.0000E+00  0.0000E+00  0.0000E+00  0.0000E+00
     23.942  0.4714E-01  0.9242E-01  0.9242E-01  0.9242E-01  0.0000E+00  0.0000E+00  0.0000E+00  0.0000E+00  0.0000E+00
     24.087  0.4122E-01  0.8380E-01  0.8380E-01  0.8380E-01  0.0000E+00  0.0000E+00  0.0000E+00  0.0000E+00  0.0000E+00
     24.232  0.3320E-01  0.7630E-01  0.7630E-01  0.7630E-01  0.0000E+00  0.0000E+00  0.0000E+00  0.0000E+00  0.0000E+00
     24.377  0.2788E-01  0.7054E-01  0.7054E-01  0.7054E-01  0.0000E+00  0.0000E+00  0.0000E+00  0.0000E+00  0.0000E+00
     24.522  0.2388E-01  0.6669E-01  0.6669E-01  0.6669E-01  0.0000E+00  0.0000E+00  0.0000E+00  0.0000E+00  0.0000E+00
     24.666  0.2037E-01  0.6395E-01  0.6395E-01  0.6395E-01  0.0000E+00  0.0000E+00  0.0000E+00  0.0000E+00  0.0000E+00
     24.811  0.1689E-01  0.6057E-01  0.6057E-01  0.6057E-01  0.0000E+00  0.0000E+00  0.0000E+00  0.0000E+00  0.0000E+00
     24.956  0.1405E-01  0.5775E-01  0.5775E-01  0.5775E-01  0.0000E+00  0.0000E+00  0.0000E+00  0.0000E+00  0.0000E+00
     25.101  0.1122E-01  0.5454E-01  0.5454E-01  0.5454E-01  0.0000E+00  0.0000E+00  0.0000E+00  0.0000E+00  0.0000E+00
     25.246  0.8517E-02  0.5195E-01  0.5195E-01  0.5195E-01  0.0000E+00  0.0000E+00  0.0000E+00  0.0000E+00  0.0000E+00
     25.390  0.6432E-02  0.5385E-01  0.5385E-01  0.5385E-01  0.0000E+00  0.0000E+00  0.0000E+00  0.0000E+00  0.0000E+00
     25.535  0.3634E-02  0.3074E-01  0.3074E-01  0.3074E-01  0.0000E+00  0.0000E+00  0.0000E+00  0.0000E+00  0.0000E+00
     25.680  0.2572E-02  0.2350E-01  0.2350E-01  0.2350E-01  0.0000E+00  0.0000E+00  0.0000E+00  0.0000E+00  0.0000E+00
     25.825  0.1833E-02  0.2055E-01  0.2055E-01  0.2055E-01  0.0000E+00  0.0000E+00  0.0000E+00  0.0000E+00  0.0000E+00
     25.970  0.1185E-02  0.1761E-01  0.1761E-01  0.1761E-01  0.0000E+00  0.0000E+00  0.0000E+00  0.0000E+00  0.0000E+00
     26.114  0.6545E-03  0.1416E-01  0.1416E-01  0.1416E-01  0.0000E+00  0.0000E+00  0.0000E+00  0.0000E+00  0.0000E+00
     26.259  0.2741E-03  0.1082E-01  0.1082E-01  0.1082E-01  0.0000E+00  0.0000E+00  0.0000E+00  0.0000E+00  0.0000E+00
     26.404  0.4171E-04  0.4205E-02  0.4205E-02  0.4205E-02  0.0000E+00  0.0000E+00  0.0000E+00  0.0000E+00  0.0000E+00
     26.549  0.0000E+00  0.0000E+00  0.0000E+00  0.0000E+00  0.0000E+00  0.0000E+00  0.0000E+00  0.0000E+00  0.0000E+00
     26.694  0.0000E+00  0.0000E+00  0.0000E+00  0.0000E+00  0.0000E+00  0.0000E+00  0.0000E+00  0.0000E+00  0.0000E+00
     26.838  0.0000E+00  0.0000E+00  0.0000E+00  0.0000E+00  0.0000E+00  0.0000E+00  0.0000E+00  0.0000E+00  0.0000E+00
     26.983  0.0000E+00  0.0000E+00  0.0000E+00  0.0000E+00  0.0000E+00  0.0000E+00  0.0000E+00  0.0000E+00  0.0000E+00
     27.128  0.0000E+00  0.0000E+00  0.0000E+00  0.0000E+00  0.0000E+00  0.0000E+00  0.0000E+00  0.0000E+00  0.0000E+00
     27.273  0.0000E+00  0.0000E+00  0.0000E+00  0.0000E+00  0.0000E+00  0.0000E+00  0.0000E+00  0.0000E+00  0.0000E+00
     27.418  0.0000E+00  0.0000E+00  0.0000E+00  0.0000E+00  0.0000E+00  0.0000E+00  0.0000E+00  0.0000E+00  0.0000E+00
     27.562  0.0000E+00  0.0000E+00  0.0000E+00  0.0000E+00  0.0000E+00  0.0000E+00  0.0000E+00  0.0000E+00  0.0000E+00
     27.707  0.0000E+00  0.0000E+00  0.0000E+00  0.0000E+00  0.0000E+00  0.0000E+00  0.0000E+00  0.0000E+00  0.0000E+00
     27.852  0.0000E+00  0.0000E+00  0.0000E+00  0.0000E+00  0.0000E+00  0.0000E+00  0.0000E+00  0.0000E+00  0.0000E+00
     27.997  0.0000E+00  0.0000E+00  0.0000E+00  0.0000E+00  0.0000E+00  0.0000E+00  0.0000E+00  0.0000E+00  0.0000E+00
     28.142  0.0000E+00  0.0000E+00  0.0000E+00  0.0000E+00  0.0000E+00  0.0000E+00  0.0000E+00  0.0000E+00  0.0000E+00
     28.286  0.0000E+00  0.0000E+00  0.0000E+00  0.0000E+00  0.0000E+00  0.0000E+00  0.0000E+00  0.0000E+00  0.0000E+00
     28.431  0.0000E+00  0.0000E+00  0.0000E+00  0.0000E+00  0.0000E+00  0.0000E+00  0.0000E+00  0.0000E+00  0.0000E+00
     28.43126676    -15.00928546  301     13.39730650      1.00000000
    -15.009  0.0000E+00  0.0000E+00  0.0000E+00  0.0000E+00  0.0000E+00  0.0000E+00  0.0000E+00  0.0000E+00  0.0000E+00
    -14.864  0.0000E+00  0.0000E+00  0.0000E+00  0.0000E+00  0.0000E+00  0.0000E+00  0.0000E+00  0.0000E+00  0.0000E+00
    -14.720  0.0000E+00  0.0000E+00  0.0000E+00  0.0000E+00  0.0000E+00  0.0000E+00  0.0000E+00  0.0000E+00  0.0000E+00
    -14.575  0.0000E+00  0.0000E+00  0.0000E+00  0.0000E+00  0.0000E+00  0.0000E+00  0.0000E+00  0.0000E+00  0.0000E+00
    -14.430  0.0000E+00  0.0000E+00  0.0000E+00  0.0000E+00  0.0000E+00  0.0000E+00  0.0000E+00  0.0000E+00  0.0000E+00
    -14.285  0.0000E+00  0.0000E+00  0.0000E+00  0.0000E+00  0.0000E+00  0.0000E+00  0.0000E+00  0.0000E+00  0.0000E+00
    -14.140  0.0000E+00  0.0000E+00  0.0000E+00  0.0000E+00  0.0000E+00  0.0000E+00  0.0000E+00  0.0000E+00  0.0000E+00
    -13.996  0.0000E+00  0.0000E+00  0.0000E+00  0.0000E+00  0.0000E+00  0.0000E+00  0.0000E+00  0.0000E+00  0.0000E+00
    -13.851  0.0000E+00  0.0000E+00  0.0000E+00  0.0000E+00  0.0000E+00  0.0000E+00  0.0000E+00  0.0000E+00  0.0000E+00
    -13.706  0.0000E+00  0.0000E+00  0.0000E+00  0.0000E+00  0.0000E+00  0.0000E+00  0.0000E+00  0.0000E+00  0.0000E+00
    -13.561  0.0000E+00  0.0000E+00  0.0000E+00  0.0000E+00  0.0000E+00  0.0000E+00  0.0000E+00  0.0000E+00  0.0000E+00
    -13.416  0.0000E+00  0.0000E+00  0.0000E+00  0.0000E+00  0.0000E+00  0.0000E+00  0.0000E+00  0.0000E+00  0.0000E+00
    -13.272  0.0000E+00  0.0000E+00  0.0000E+00  0.0000E+00  0.0000E+00  0.0000E+00  0.0000E+00  0.0000E+00  0.0000E+00
    -13.127  0.0000E+00  0.0000E+00  0.0000E+00  0.0000E+00  0.0000E+00  0.0000E+00  0.0000E+00  0.0000E+00  0.0000E+00
    -12.982  0.4386E-02  0.2154E-05  0.2154E-05  0.2154E-05  0.0000E+00  0.0000E+00  0.0000E+00  0.0000E+00  0.0000E+00
    -12.837  0.1514E-01  0.3662E-04  0.3662E-04  0.3662E-04  0.0000E+00  0.0000E+00  0.0000E+00  0.0000E+00  0.0000E+00
    -12.692  0.1816E-01  0.8404E-04  0.8404E-04  0.8404E-04  0.0000E+00  0.0000E+00  0.0000E+00  0.0000E+00  0.0000E+00
    -12.548  0.2053E-01  0.1408E-03  0.1408E-03  0.1408E-03  0.0000E+00  0.0000E+00  0.0000E+00  0.0000E+00  0.0000E+00
    -12.403  0.2313E-01  0.2102E-03  0.2102E-03  0.2102E-03  0.0000E+00  0.0000E+00  0.0000E+00  0.0000E+00  0.0000E+00
    -12.258  0.2564E-01  0.2905E-03  0.2905E-03  0.2905E-03  0.0000E+00  0.0000E+00  0.0000E+00  0.0000E+00  0.0000E+00
    -12.113  0.2801E-01  0.3778E-03  0.3778E-03  0.3778E-03  0.0000E+00  0.0000E+00  0.0000E+00  0.0000E+00  0.0000E+00
    -11.968  0.3024E-01  0.4711E-03  0.4711E-03  0.4711E-03  0.0000E+00  0.0000E+00  0.0000E+00  0.0000E+00  0.0000E+00
    -11.824  0.3212E-01  0.5744E-03  0.5744E-03  0.5744E-03  0.0000E+00  0.0000E+00  0.0000E+00  0.0000E+00  0.0000E+00
    -11.679  0.3406E-01  0.6809E-03  0.6809E-03  0.6809E-03  0.0000E+00  0.0000E+00  0.0000E+00  0.0000E+00  0.0000E+00
    -11.534  0.3576E-01  0.7957E-03  0.7957E-03  0.7957E-03  0.0000E+00  0.0000E+00  0.0000E+00  0.0000E+00  0.0000E+00
    -11.389  0.3747E-01  0.9145E-03  0.9145E-03  0.9145E-03  0.0000E+00  0.0000E+00  0.0000E+00  0.0000E+00  0.0000E+00
    -11.244  0.3904E-01  0.1040E-02  0.1040E-02  0.1040E-02  0.0000E+00  0.0000E+00  0.0000E+00  0.0000E+00  0.0000E+00
    -11.100  0.4061E-01  0.1169E-02  0.1169E-02  0.1169E-02  0.0000E+00  0.0000E+00  0.0000E+00  0.0000E+00  0.0000E+00
    -10.955  0.4206E-01  0.1305E-02  0.1305E-02  0.1305E-02  0.0000E+00  0.0000E+00  0.0000E+00  0.0000E+00  0.0000E+00
    -10.810  0.4356E-01  0.1442E-02  0.1442E-02  0.1442E-02  0.0000E+00  0.0000E+00  0.0000E+00  0.0000E+00  0.0000E+00
    -10.665  0.4490E-01  0.1589E-02  0.1589E-02  0.1589E-02  0.0000E+00  0.0000E+00  0.0000E+00  0.0000E+00  0.0000E+00
    -10.520  0.4632E-01  0.1735E-02  0.1735E-02  0.1735E-02  0.0000E+00  0.0000E+00  0.0000E+00  0.0000E+00  0.0000E+00
    -10.376  0.4762E-01  0.1890E-02  0.1890E-02  0.1890E-02  0.0000E+00  0.0000E+00  0.0000E+00  0.0000E+00  0.0000E+00
    -10.231  0.4894E-01  0.2047E-02  0.2047E-02  0.2047E-02  0.0000E+00  0.0000E+00  0.0000E+00  0.0000E+00  0.0000E+00
    -10.086  0.5027E-01  0.2207E-02  0.2207E-02  0.2207E-02  0.0000E+00  0.0000E+00  0.0000E+00  0.0000E+00  0.0000E+00
     -9.941  0.5152E-01  0.2375E-02  0.2375E-02  0.2375E-02  0.0000E+00  0.0000E+00  0.0000E+00  0.0000E+00  0.0000E+00
     -9.796  0.5285E-01  0.2542E-02  0.2542E-02  0.2542E-02  0.0000E+00  0.0000E+00  0.0000E+00  0.0000E+00  0.0000E+00
     -9.652  0.5411E-01  0.2717E-02  0.2717E-02  0.2717E-02  0.0000E+00  0.0000E+00  0.0000E+00  0.0000E+00  0.0000E+00
     -9.507  0.5539E-01  0.2895E-02  0.2895E-02  0.2895E-02  0.0000E+00  0.0000E+00  0.0000E+00  0.0000E+00  0.0000E+00
     -9.362  0.5674E-01  0.3073E-02  0.3073E-02  0.3073E-02  0.0000E+00  0.0000E+00  0.0000E+00  0.0000E+00  0.0000E+00
     -9.217  0.5803E-01  0.3262E-02  0.3262E-02  0.3262E-02  0.0000E+00  0.0000E+00  0.0000E+00  0.0000E+00  0.0000E+00
     -9.072  0.5939E-01  0.3451E-02  0.3451E-02  0.3451E-02  0.0000E+00  0.0000E+00  0.0000E+00  0.0000E+00  0.0000E+00
     -8.928  0.6082E-01  0.3640E-02  0.3640E-02  0.3640E-02  0.0000E+00  0.0000E+00  0.0000E+00  0.0000E+00  0.0000E+00
     -8.783  0.6223E-01  0.3842E-02  0.3842E-02  0.3842E-02  0.0000E+00  0.0000E+00  0.0000E+00  0.0000E+00  0.0000E+00
     -8.638  0.6375E-01  0.4045E-02  0.4045E-02  0.4045E-02  0.0000E+00  0.0000E+00  0.0000E+00  0.0000E+00  0.0000E+00
     -8.493  0.6537E-01  0.4248E-02  0.4248E-02  0.4248E-02  0.0000E+00  0.0000E+00  0.0000E+00  0.0000E+00  0.0000E+00
     -8.348  0.6707E-01  0.4464E-02  0.4464E-02  0.4464E-02  0.0000E+00  0.0000E+00  0.0000E+00  0.0000E+00  0.0000E+00
     -8.204  0.6894E-01  0.4684E-02  0.4684E-02  0.4684E-02  0.0000E+00  0.0000E+00  0.0000E+00  0.0000E+00  0.0000E+00
     -8.059  0.7102E-01  0.4907E-02  0.4907E-02  0.4907E-02  0.0000E+00  0.0000E+00  0.0000E+00  0.0000E+00  0.0000E+00
     -7.914  0.7336E-01  0.5147E-02  0.5147E-02  0.5147E-02  0.0000E+00  0.0000E+00  0.0000E+00  0.0000E+00  0.0000E+00
     -7.769  0.7615E-01  0.5400E-02  0.5400E-02  0.5400E-02  0.0000E+00  0.0000E+00  0.0000E+00  0.0000E+00  0.0000E+00
     -7.624  0.7960E-01  0.5670E-02  0.5670E-02  0.5670E-02  0.0000E+00  0.0000E+00  0.0000E+00  0.0000E+00  0.0000E+00
     -7.480  0.8433E-01  0.5990E-02  0.5990E-02  0.5990E-02  0.0000E+00  0.0000E+00  0.0000E+00  0.0000E+00  0.0000E+00
     -7.335  0.9328E-01  0.6460E-02  0.6460E-02  0.6460E-02  0.0000E+00  0.0000E+00  0.0000E+00  0.0000E+00  0.0000E+00
     -7.190  0.1008E+00  0.6877E-02  0.6877E-02  0.6877E-02  0.0000E+00  0.0000E+00  0.0000E+00  0.0000E+00  0.0000E+00
     -7.045  0.9832E-01  0.6934E-02  0.6934E-02  0.6934E-02  0.0000E+00  0.0000E+00  0.0000E+00  0.0000E+00  0.0000E+00
     -6.900  0.9348E-01  0.6886E-02  0.6886E-02  0.6886E-02  0.0000E+00  0.0000E+00  0.0000E+00  0.0000E+00  0.0000E+00
     -6.756  0.9079E-01  0.6910E-02  0.6910E-02  0.6910E-02  0.0000E+00  0.0000E+00  0.0000E+00  0.0000E+00  0.0000E+00
     -6.611  0.8743E-01  0.6878E-02  0.6878E-02  0.6878E-02  0.0000E+00  0.0000E+00  0.0000E+00  0.0000E+00  0.0000E+00
     -6.466  0.8494E-01  0.6904E-02  0.6904E-02  0.6904E-02  0.0000E+00  0.0000E+00  0.0000E+00  0.0000E+00  0.0000E+00
     -6.321  0.8151E-01  0.6847E-02  0.6847E-02  0.6847E-02  0.0000E+00  0.0000E+00  0.0000E+00  0.0000E+00  0.0000E+00
     -6.176  0.7897E-01  0.6823E-02  0.6823E-02  0.6823E-02  0.0000E+00  0.0000E+00  0.0000E+00  0.0000E+00  0.0000E+00
     -6.032  0.7610E-01  0.6785E-02  0.6785E-02  0.6785E-02  0.0000E+00  0.0000E+00  0.0000E+00  0.0000E+00  0.0000E+00
     -5.887  0.7292E-01  0.6702E-02  0.6702E-02  0.6702E-02  0.0000E+00  0.0000E+00  0.0000E+00  0.0000E+00  0.0000E+00
     -5.742  0.7027E-01  0.6637E-02  0.6637E-02  0.6637E-02  0.0000E+00  0.0000E+00  0.0000E+00  0.0000E+00  0.0000E+00
     -5.597  0.6725E-01  0.6546E-02  0.6546E-02  0.6546E-02  0.0000E+00  0.0000E+00  0.0000E+00  0.0000E+00  0.0000E+00
     -5.452  0.6450E-01  0.6447E-02  0.6447E-02  0.6447E-02  0.0000E+00  0.0000E+00  0.0000E+00  0.0000E+00  0.0000E+00
     -5.308  0.6136E-01  0.6314E-02  0.6314E-02  0.6314E-02  0.0000E+00  0.0000E+00  0.0000E+00  0.0000E+00  0.0000E+00
     -5.163  0.5867E-01  0.6197E-02  0.6197E-02  0.6197E-02  0.0000E+00  0.0000E+00  0.0000E+00  0.0000E+00  0.0000E+00
     -5.018  0.5539E-01  0.6023E-02  0.6023E-02  0.6023E-02  0.0000E+00  0.0000E+00  0.0000E+00  0.0000E+00  0.0000E+00
     -4.873  0.5256E-01  0.5867E-02  0.5867E-02  0.5867E-02  0.0000E+00  0.0000E+00  0.0000E+00  0.0000E+00  0.0000E+00
     -4.728  0.4929E-01  0.5663E-02  0.5663E-02  0.5663E-02  0.0000E+00  0.0000E+00  0.0000E+00  0.0000E+00  0.0000E+00
     -4.584  0.4622E-01  0.5463E-02  0.5463E-02  0.5463E-02  0.0000E+00  0.0000E+00  0.0000E+00  0.0000E+00  0.0000E+00
     -4.439  0.4409E-01  0.5533E-02  0.5533E-02  0.5533E-02  0.0000E+00  0.0000E+00  0.0000E+00  0.0000E+00  0.0000E+00
     -4.294  0.4839E-01  0.9704E-02  0.9704E-02  0.9704E-02  0.0000E+00  0.0000E+00  0.0000E+00  0.0000E+00  0.0000E+00
     -4.149  0.3741E-01  0.9156E-02  0.9156E-02  0.9156E-02  0.0000E+00  0.0000E+00  0.0000E+00  0.0000E+00  0.0000E+00
     -4.004  0.2757E-01  0.9378E-02  0.9378E-02  0.9378E-02  0.0000E+00  0.0000E+00  0.0000E+00  0.0000E+00  0.0000E+00
     -3.860  0.2679E-01  0.9970E-02  0.9970E-02  0.9970E-02  0.0000E+00  0.0000E+00  0.0000E+00  0.0000E+00  0.0000E+00
     -3.715  0.2802E-01  0.1142E-01  0.1142E-01  0.1142E-01  0.0000E+00  0.0000E+00  0.0000E+00  0.0000E+00  0.0000E+00
     -3.570  0.3235E-01  0.1297E-01  0.1297E-01  0.1297E-01  0.0000E+00  0.0000E+00  0.0000E+00  0.0000E+00  0.0000E+00
     -3.425  0.4004E-01  0.1531E-01  0.1531E-01  0.1531E-01  0.0000E+00  0.0000E+00  0.0000E+00  0.0000E+00  0.0000E+00
     -3.280  0.4981E-01  0.1781E-01  0.1781E-01  0.1781E-01  0.0000E+00  0.0000E+00  0.0000E+00  0.0000E+00  0.0000E+00
     -3.136  0.6137E-01  0.2093E-01  0.2093E-01  0.2093E-01  0.0000E+00  0.0000E+00  0.0000E+00  0.0000E+00  0.0000E+00
     -2.991  0.7564E-01  0.2473E-01  0.2473E-01  0.2473E-01  0.0000E+00  0.0000E+00  0.0000E+00  0.0000E+00  0.0000E+00
     -2.846  0.1124E+00  0.3511E-01  0.3511E-01  0.3511E-01  0.0000E+00  0.0000E+00  0.0000E+00  0.0000E+00  0.0000E+00
     -2.701  0.1223E+00  0.3711E-01  0.3711E-01  0.3711E-01  0.0000E+00  0.0000E+00  0.0000E+00  0.0000E+00  0.0000E+00
     -2.556  0.8525E-01  0.2677E-01  0.2677E-01  0.2677E-01  0.0000E+00  0.0000E+00  0.0000E+00  0.0000E+00  0.0000E+00
     -2.412  0.7336E-01  0.2360E-01  0.2360E-01  0.2360E-01  0.0000E+00  0.0000E+00  0.0000E+00  0.0000E+00  0.0000E+00
     -2.267  0.6708E-01  0.2193E-01  0.2193E-01  0.2193E-01  0.0000E+00  0.0000E+00  0.0000E+00  0.0000E+00  0.0000E+00
     -2.122  0.6104E-01  0.2042E-01  0.2042E-01  0.2042E-01  0.0000E+00  0.0000E+00  0.0000E+00  0.0000E+00  0.0000E+00
     -1.977  0.5742E-01  0.1954E-01  0.1954E-01  0.1954E-01  0.0000E+00  0.0000E+00  0.0000E+00  0.0000E+00  0.0000E+00
     -1.832  0.5286E-01  0.1844E-01  0.1844E-01  0.1844E-01  0.0000E+00  0.0000E+00  0.0000E+00  0.0000E+00  0.0000E+00
     -1.688  0.5033E-01  0.1788E-01  0.1788E-01  0.1788E-01  0.0000E+00  0.0000E+00  0.0000E+00  0.0000E+00  0.0000E+00
     -1.543  0.4691E-01  0.1709E-01  0.1709E-01  0.1709E-01  0.0000E+00  0.0000E+00  0.0000E+00  0.0000E+00  0.0000E+00
     -1.398  0.4448E-01  0.1656E-01  0.1656E-01  0.1656E-01  0.0000E+00  0.0000E+00  0.0000E+00  0.0000E+00  0.0000E+00
     -1.253  0.4223E-01  0.1608E-01  0.1608E-01  0.1608E-01  0.0000E+00  0.0000E+00  0.0000E+00  0.0000E+00  0.0000E+00
     -1.108  0.3942E-01  0.1542E-01  0.1542E-01  0.1542E-01  0.0000E+00  0.0000E+00  0.0000E+00  0.0000E+00  0.0000E+00
     -0.964  0.3777E-01  0.1510E-01  0.1510E-01  0.1510E-01  0.0000E+00  0.0000E+00  0.0000E+00  0.0000E+00  0.0000E+00
     -0.819  0.3545E-01  0.1456E-01  0.1456E-01  0.1456E-01  0.0000E+00  0.0000E+00  0.0000E+00  0.0000E+00  0.0000E+00
     -0.674  0.3365E-01  0.1416E-01  0.1416E-01  0.1416E-01  0.0000E+00  0.0000E+00  0.0000E+00  0.0000E+00  0.0000E+00
     -0.529  0.3216E-01  0.1386E-01  0.1386E-01  0.1386E-01  0.0000E+00  0.0000E+00  0.0000E+00  0.0000E+00  0.0000E+00
     -0.384  0.2995E-01  0.1330E-01  0.1330E-01  0.1330E-01  0.0000E+00  0.0000E+00  0.0000E+00  0.0000E+00  0.0000E+00
     -0.239  0.2985E-01  0.2128E-01  0.2128E-01  0.2128E-01  0.0000E+00  0.0000E+00  0.0000E+00  0.0000E+00  0.0000E+00
     -0.095  0.2948E-01  0.2502E-01  0.2502E-01  0.2502E-01  0.0000E+00  0.0000E+00  0.0000E+00  0.0000E+00  0.0000E+00
      0.050  0.2883E-01  0.2885E-01  0.2885E-01  0.2885E-01  0.0000E+00  0.0000E+00  0.0000E+00  0.0000E+00  0.0000E+00
      0.195  0.2931E-01  0.3370E-01  0.3370E-01  0.3370E-01  0.0000E+00  0.0000E+00  0.0000E+00  0.0000E+00  0.0000E+00
      0.340  0.3060E-01  0.4247E-01  0.4247E-01  0.4247E-01  0.0000E+00  0.0000E+00  0.0000E+00  0.0000E+00  0.0000E+00
      0.485  0.3030E-01  0.4256E-01  0.4256E-01  0.4256E-01  0.0000E+00  0.0000E+00  0.0000E+00  0.0000E+00  0.0000E+00
      0.629  0.3043E-01  0.4147E-01  0.4147E-01  0.4147E-01  0.0000E+00  0.0000E+00  0.0000E+00  0.0000E+00  0.0000E+00
      0.774  0.3023E-01  0.4031E-01  0.4031E-01  0.4031E-01  0.0000E+00  0.0000E+00  0.0000E+00  0.0000E+00  0.0000E+00
      0.919  0.2964E-01  0.4007E-01  0.4007E-01  0.4007E-01  0.0000E+00  0.0000E+00  0.0000E+00  0.0000E+00  0.0000E+00
      1.064  0.2927E-01  0.4031E-01  0.4031E-01  0.4031E-01  0.0000E+00  0.0000E+00  0.0000E+00  0.0000E+00  0.0000E+00
      1.209  0.2903E-01  0.4139E-01  0.4139E-01  0.4139E-01  0.0000E+00  0.0000E+00  0.0000E+00  0.0000E+00  0.0000E+00
      1.353  0.2853E-01  0.4263E-01  0.4263E-01  0.4263E-01  0.0000E+00  0.0000E+00  0.0000E+00  0.0000E+00  0.0000E+00
      1.498  0.2771E-01  0.4362E-01  0.4362E-01  0.4362E-01  0.0000E+00  0.0000E+00  0.0000E+00  0.0000E+00  0.0000E+00
      1.643  0.2746E-01  0.4532E-01  0.4532E-01  0.4532E-01  0.0000E+00  0.0000E+00  0.0000E+00  0.0000E+00  0.0000E+00
      1.788  0.2690E-01  0.4694E-01  0.4694E-01  0.4694E-01  0.0000E+00  0.0000E+00  0.0000E+00  0.0000E+00  0.0000E+00
      1.933  0.2599E-01  0.4907E-01  0.4907E-01  0.4907E-01  0.0000E+00  0.0000E+00  0.0000E+00  0.0000E+00  0.0000E+00
      2.077  0.2558E-01  0.5116E-01  0.5116E-01  0.5116E-01  0.0000E+00  0.0000E+00  0.0000E+00  0.0000E+00  0.0000E+00
      2.222  0.2500E-01  0.5310E-01  0.5310E-01  0.5310E-01  0.0000E+00  0.0000E+00  0.0000E+00  0.0000E+00  0.0000E+00
      2.367  0.2430E-01  0.5671E-01  0.5671E-01  0.5671E-01  0.0000E+00  0.0000E+00  0.0000E+00  0.0000E+00  0.0000E+00
      2.512  0.2343E-01  0.6064E-01  0.6064E-01  0.6064E-01  0.0000E+00  0.0000E+00  0.0000E+00  0.0000E+00  0.0000E+00
      2.657  0.2287E-01  0.6593E-01  0.6593E-01  0.6593E-01  0.0000E+00  0.0000E+00  0.0000E+00  0.0000E+00  0.0000E+00
      2.801  0.2214E-01  0.7802E-01  0.7802E-01  0.7802E-01  0.0000E+00  0.0000E+00  0.0000E+00  0.0000E+00  0.0000E+00
      2.946  0.2114E-01  0.7561E-01  0.7561E-01  0.7561E-01  0.0000E+00  0.0000E+00  0.0000E+00  0.0000E+00  0.0000E+00
      3.091  0.2036E-01  0.7458E-01  0.7458E-01  0.7458E-01  0.0000E+00  0.0000E+00  0.0000E+00  0.0000E+00  0.0000E+00
      3.236  0.1971E-01  0.7431E-01  0.7431E-01  0.7431E-01  0.0000E+00  0.0000E+00  0.0000E+00  0.0000E+00  0.0000E+00
      3.381  0.1896E-01  0.7438E-01  0.7438E-01  0.7438E-01  0.0000E+00  0.0000E+00  0.0000E+00  0.0000E+00  0.0000E+00
      3.525  0.1797E-01  0.7360E-01  0.7360E-01  0.7360E-01  0.0000E+00  0.0000E+00  0.0000E+00  0.0000E+00  0.0000E+00
      3.670  0.1732E-01  0.7327E-01  0.7327E-01  0.7327E-01  0.0000E+00  0.0000E+00  0.0000E+00  0.0000E+00  0.0000E+00
      3.815  0.1672E-01  0.7314E-01  0.7314E-01  0.7314E-01  0.0000E+00  0.0000E+00  0.0000E+00  0.0000E+00  0.0000E+00
      3.960  0.1593E-01  0.7295E-01  0.7295E-01  0.7295E-01  0.0000E+00  0.0000E+00  0.0000E+00  0.0000E+00  0.0000E+00
      4.105  0.1503E-01  0.7220E-01  0.7220E-01  0.7220E-01  0.0000E+00  0.0000E+00  0.0000E+00  0.0000E+00  0.0000E+00
      4.249  0.1443E-01  0.7240E-01  0.7240E-01  0.7240E-01  0.0000E+00  0.0000E+00  0.0000E+00  0.0000E+00  0.0000E+00
      4.394  0.1375E-01  0.7206E-01  0.7206E-01  0.7206E-01  0.0000E+00  0.0000E+00  0.0000E+00  0.0000E+00  0.0000E+00
      4.539  0.1300E-01  0.7162E-01  0.7162E-01  0.7162E-01  0.0000E+00  0.0000E+00  0.0000E+00  0.0000E+00  0.0000E+00
      4.684  0.1227E-01  0.7158E-01  0.7158E-01  0.7158E-01  0.0000E+00  0.0000E+00  0.0000E+00  0.0000E+00  0.0000E+00
      4.829  0.1171E-01  0.7124E-01  0.7124E-01  0.7124E-01  0.0000E+00  0.0000E+00  0.0000E+00  0.0000E+00  0.0000E+00
      4.973  0.1104E-01  0.7110E-01  0.7110E-01  0.7110E-01  0.0000E+00  0.0000E+00  0.0000E+00  0.0000E+00  0.0000E+00
      5.118  0.1031E-01  0.7067E-01  0.7067E-01  0.7067E-01  0.0000E+00  0.0000E+00  0.0000E+00  0.0000E+00  0.0000E+00
      5.263  0.9563E-02  0.7045E-01  0.7045E-01  0.7045E-01  0.0000E+00  0.0000E+00  0.0000E+00  0.0000E+00  0.0000E+00
      5.408  0.8997E-02  0.7019E-01  0.7019E-01  0.7019E-01  0.0000E+00  0.0000E+00  0.0000E+00  0.0000E+00  0.0000E+00
      5.553  0.8413E-02  0.7003E-01  0.7003E-01  0.7003E-01  0.0000E+00  0.0000E+00  0.0000E+00  0.0000E+00  0.0000E+00
      5.697  0.7805E-02  0.6965E-01  0.6965E-01  0.6965E-01  0.0000E+00  0.0000E+00  0.0000E+00  0.0000E+00  0.0000E+00
      5.842  0.7127E-02  0.6951E-01  0.6951E-01  0.6951E-01  0.0000E+00  0.0000E+00  0.0000E+00  0.0000E+00  0.0000E+00
      5.987  0.6576E-02  0.6914E-01  0.6914E-01  0.6914E-01  0.0000E+00  0.0000E+00  0.0000E+00  0.0000E+00  0.0000E+00
      6.132  0.6014E-02  0.6924E-01  0.6924E-01  0.6924E-01  0.0000E+00  0.0000E+00  0.0000E+00  0.0000E+00  0.0000E+00
      6.277  0.5448E-02  0.6810E-01  0.6810E-01  0.6810E-01  0.0000E+00  0.0000E+00  0.0000E+00  0.0000E+00  0.0000E+00
      6.421  0.4865E-02  0.5532E-01  0.5532E-01  0.5532E-01  0.0000E+00  0.0000E+00  0.0000E+00  0.0000E+00  0.0000E+00
      6.566  0.4435E-02  0.4844E-01  0.4844E-01  0.4844E-01  0.0000E+00  0.0000E+00  0.0000E+00  0.0000E+00  0.0000E+00
      6.711  0.4031E-02  0.4352E-01  0.4352E-01  0.4352E-01  0.0000E+00  0.0000E+00  0.0000E+00  0.0000E+00  0.0000E+00
      6.856  0.3595E-02  0.3963E-01  0.3963E-01  0.3963E-01  0.0000E+00  0.0000E+00  0.0000E+00  0.0000E+00  0.0000E+00
      7.001  0.3198E-02  0.3621E-01  0.3621E-01  0.3621E-01  0.0000E+00  0.0000E+00  0.0000E+00  0.0000E+00  0.0000E+00
      7.145  0.2887E-02  0.3347E-01  0.3347E-01  0.3347E-01  0.0000E+00  0.0000E+00  0.0000E+00  0.0000E+00  0.0000E+00
      7.290  0.2558E-02  0.3077E-01  0.3077E-01  0.3077E-01  0.0000E+00  0.0000E+00  0.0000E+00  0.0000E+00  0.0000E+00
      7.435  0.2231E-02  0.2822E-01  0.2822E-01  0.2822E-01  0.0000E+00  0.0000E+00  0.0000E+00  0.0000E+00  0.0000E+00
      7.580  0.1943E-02  0.2593E-01  0.2593E-01  0.2593E-01  0.0000E+00  0.0000E+00  0.0000E+00  0.0000E+00  0.0000E+00
      7.725  0.1674E-02  0.2377E-01  0.2377E-01  0.2377E-01  0.0000E+00  0.0000E+00  0.0000E+00  0.0000E+00  0.0000E+00
      7.869  0.1434E-02  0.2162E-01  0.2162E-01  0.2162E-01  0.0000E+00  0.0000E+00  0.0000E+00  0.0000E+00  0.0000E+00
      8.014  0.1171E-02  0.1962E-01  0.1962E-01  0.1962E-01  0.0000E+00  0.0000E+00  0.0000E+00  0.0000E+00  0.0000E+00
      8.159  0.9630E-03  0.1771E-01  0.1771E-01  0.1771E-01  0.0000E+00  0.0000E+00  0.0000E+00  0.0000E+00  0.0000E+00
      8.304  0.7769E-03  0.1574E-01  0.1574E-01  0.1574E-01  0.0000E+00  0.0000E+00  0.0000E+00  0.0000E+00  0.0000E+00
      8.449  0.5667E-03  0.1385E-01  0.1385E-01  0.1385E-01  0.0000E+00  0.0000E+00  0.0000E+00  0.0000E+00  0.0000E+00
      8.593  0.4136E-03  0.1192E-01  0.1192E-01  0.1192E-01  0.0000E+00  0.0000E+00  0.0000E+00  0.0000E+00  0.0000E+00
      8.738  0.2794E-03  0.1006E-01  0.1006E-01  0.1006E-01  0.0000E+00  0.0000E+00  0.0000E+00  0.0000E+00  0.0000E+00
      8.883  0.1511E-03  0.7691E-02  0.7691E-02  0.7691E-02  0.0000E+00  0.0000E+00  0.0000E+00  0.0000E+00  0.0000E+00
      9.028  0.5743E-04  0.5043E-02  0.5043E-02  0.5043E-02  0.0000E+00  0.0000E+00  0.0000E+00  0.0000E+00  0.0000E+00
      9.173  0.5877E-05  0.7400E-03  0.7400E-03  0.7400E-03  0.0000E+00  0.0000E+00  0.0000E+00  0.0000E+00  0.0000E+00
      9.317  0.0000E+00  0.0000E+00  0.0000E+00  0.0000E+00  0.0000E+00  0.0000E+00  0.0000E+00  0.0000E+00  0.0000E+00
      9.462  0.0000E+00  0.0000E+00  0.0000E+00  0.0000E+00  0.0000E+00  0.0000E+00  0.0000E+00  0.0000E+00  0.0000E+00
      9.607  0.0000E+00  0.0000E+00  0.0000E+00  0.0000E+00  0.0000E+00  0.0000E+00  0.0000E+00  0.0000E+00  0.0000E+00
      9.752  0.0000E+00  0.0000E+00  0.0000E+00  0.0000E+00  0.0000E+00  0.0000E+00  0.0000E+00  0.0000E+00  0.0000E+00
      9.897  0.0000E+00  0.0000E+00  0.0000E+00  0.0000E+00  0.0000E+00  0.0000E+00  0.0000E+00  0.0000E+00  0.0000E+00
     10.041  0.0000E+00  0.0000E+00  0.0000E+00  0.0000E+00  0.0000E+00  0.0000E+00  0.0000E+00  0.0000E+00  0.0000E+00
     10.186  0.0000E+00  0.0000E+00  0.0000E+00  0.0000E+00  0.0000E+00  0.0000E+00  0.0000E+00  0.0000E+00  0.0000E+00
     10.331  0.0000E+00  0.0000E+00  0.0000E+00  0.0000E+00  0.0000E+00  0.0000E+00  0.0000E+00  0.0000E+00  0.0000E+00
     10.476  0.0000E+00  0.0000E+00  0.0000E+00  0.0000E+00  0.0000E+00  0.0000E+00  0.0000E+00  0.0000E+00  0.0000E+00
     10.621  0.0000E+00  0.0000E+00  0.0000E+00  0.0000E+00  0.0000E+00  0.0000E+00  0.0000E+00  0.0000E+00  0.0000E+00
     10.765  0.0000E+00  0.0000E+00  0.0000E+00  0.0000E+00  0.0000E+00  0.0000E+00  0.0000E+00  0.0000E+00  0.0000E+00
     10.910  0.0000E+00  0.0000E+00  0.0000E+00  0.0000E+00  0.0000E+00  0.0000E+00  0.0000E+00  0.0000E+00  0.0000E+00
     11.055  0.0000E+00  0.0000E+00  0.0000E+00  0.0000E+00  0.0000E+00  0.0000E+00  0.0000E+00  0.0000E+00  0.0000E+00
     11.200  0.0000E+00  0.0000E+00  0.0000E+00  0.0000E+00  0.0000E+00  0.0000E+00  0.0000E+00  0.0000E+00  0.0000E+00
     11.345  0.0000E+00  0.0000E+00  0.0000E+00  0.0000E+00  0.0000E+00  0.0000E+00  0.0000E+00  0.0000E+00  0.0000E+00
     11.489  0.0000E+00  0.0000E+00  0.0000E+00  0.0000E+00  0.0000E+00  0.0000E+00  0.0000E+00  0.0000E+00  0.0000E+00
     11.634  0.0000E+00  0.0000E+00  0.0000E+00  0.0000E+00  0.0000E+00  0.0000E+00  0.0000E+00  0.0000E+00  0.0000E+00
     11.779  0.0000E+00  0.0000E+00  0.0000E+00  0.0000E+00  0.0000E+00  0.0000E+00  0.0000E+00  0.0000E+00  0.0000E+00
     11.924  0.0000E+00  0.0000E+00  0.0000E+00  0.0000E+00  0.0000E+00  0.0000E+00  0.0000E+00  0.0000E+00  0.0000E+00
     12.069  0.0000E+00  0.0000E+00  0.0000E+00  0.0000E+00  0.0000E+00  0.0000E+00  0.0000E+00  0.0000E+00  0.0000E+00
     12.213  0.0000E+00  0.0000E+00  0.0000E+00  0.0000E+00  0.0000E+00  0.0000E+00  0.0000E+00  0.0000E+00  0.0000E+00
     12.358  0.0000E+00  0.0000E+00  0.0000E+00  0.0000E+00  0.0000E+00  0.0000E+00  0.0000E+00  0.0000E+00  0.0000E+00
     12.503  0.0000E+00  0.0000E+00  0.0000E+00  0.0000E+00  0.0000E+00  0.0000E+00  0.0000E+00  0.0000E+00  0.0000E+00
     12.648  0.0000E+00  0.0000E+00  0.0000E+00  0.0000E+00  0.0000E+00  0.0000E+00  0.0000E+00  0.0000E+00  0.0000E+00
     12.793  0.0000E+00  0.0000E+00  0.0000E+00  0.0000E+00  0.0000E+00  0.0000E+00  0.0000E+00  0.0000E+00  0.0000E+00
     12.937  0.0000E+00  0.0000E+00  0.0000E+00  0.0000E+00  0.0000E+00  0.0000E+00  0.0000E+00  0.0000E+00  0.0000E+00
     13.082  0.0000E+00  0.0000E+00  0.0000E+00  0.0000E+00  0.0000E+00  0.0000E+00  0.0000E+00  0.0000E+00  0.0000E+00
     13.227  0.0000E+00  0.0000E+00  0.0000E+00  0.0000E+00  0.0000E+00  0.0000E+00  0.0000E+00  0.0000E+00  0.0000E+00
     13.372  0.0000E+00  0.0000E+00  0.0000E+00  0.0000E+00  0.0000E+00  0.0000E+00  0.0000E+00  0.0000E+00  0.0000E+00
     13.517  0.6161E-02  0.2216E-02  0.2216E-02  0.2216E-02  0.0000E+00  0.0000E+00  0.0000E+00  0.0000E+00  0.0000E+00
     13.661  0.9385E-02  0.3746E-02  0.3746E-02  0.3746E-02  0.0000E+00  0.0000E+00  0.0000E+00  0.0000E+00  0.0000E+00
     13.806  0.1127E-01  0.4729E-02  0.4729E-02  0.4729E-02  0.0000E+00  0.0000E+00  0.0000E+00  0.0000E+00  0.0000E+00
     13.951  0.1389E-01  0.6154E-02  0.6154E-02  0.6154E-02  0.0000E+00  0.0000E+00  0.0000E+00  0.0000E+00  0.0000E+00
     14.096  0.1706E-01  0.7779E-02  0.7779E-02  0.7779E-02  0.0000E+00  0.0000E+00  0.0000E+00  0.0000E+00  0.0000E+00
     14.241  0.2036E-01  0.9595E-02  0.9595E-02  0.9595E-02  0.0000E+00  0.0000E+00  0.0000E+00  0.0000E+00  0.0000E+00
     14.385  0.2264E-01  0.1138E-01  0.1138E-01  0.1138E-01  0.0000E+00  0.0000E+00  0.0000E+00  0.0000E+00  0.0000E+00
     14.530  0.2453E-01  0.1335E-01  0.1335E-01  0.1335E-01  0.0000E+00  0.0000E+00  0.0000E+00  0.0000E+00  0.0000E+00
     14.675  0.2598E-01  0.1555E-01  0.1555E-01  0.1555E-01  0.0000E+00  0.0000E+00  0.0000E+00  0.0000E+00  0.0000E+00
     14.820  0.2739E-01  0.1898E-01  0.1898E-01  0.1898E-01  0.0000E+00  0.0000E+00  0.0000E+00  0.0000E+00  0.0000E+00
     14.965  0.2860E-01  0.2283E-01  0.2283E-01  0.2283E-01  0.0000E+00  0.0000E+00  0.0000E+00  0.0000E+00  0.0000E+00
     15.109  0.2940E-01  0.2361E-01  0.2361E-01  0.2361E-01  0.0000E+00  0.0000E+00  0.0000E+00  0.0000E+00  0.0000E+00
     15.254  0.3015E-01  0.2481E-01  0.2481E-01  0.2481E-01  0.0000E+00  0.0000E+00  0.0000E+00  0.0000E+00  0.0000E+00
     15.399  0.3102E-01  0.2635E-01  0.2635E-01  0.2635E-01  0.0000E+00  0.0000E+00  0.0000E+00  0.0000E+00  0.0000E+00
     15.544  0.3185E-01  0.2777E-01  0.2777E-01  0.2777E-01  0.0000E+00  0.0000E+00  0.0000E+00  0.0000E+00  0.0000E+00
     15.689  0.3268E-01  0.2940E-01  0.2940E-01  0.2940E-01  0.0000E+00  0.0000E+00  0.0000E+00  0.0000E+00  0.0000E+00
     15.834  0.3326E-01  0.3094E-01  0.3094E-01  0.3094E-01  0.0000E+00  0.0000E+00  0.0000E+00  0.0000E+00  0.0000E+00
     15.978  0.3398E-01  0.3264E-01  0.3264E-01  0.3264E-01  0.0000E+00  0.0000E+00  0.0000E+00  0.0000E+00  0.0000E+00
     16.123  0.3473E-01  0.3445E-01  0.3445E-01  0.3445E-01  0.0000E+00  0.0000E+00  0.0000E+00  0.0000E+00  0.0000E+00
     16.268  0.3563E-01  0.3639E-01  0.3639E-01  0.3639E-01  0.0000E+00  0.0000E+00  0.0000E+00  0.0000E+00  0.0000E+00
     16.413  0.3654E-01  0.3852E-01  0.3852E-01  0.3852E-01  0.0000E+00  0.0000E+00  0.0000E+00  0.0000E+00  0.0000E+00
     16.558  0.3743E-01  0.4068E-01  0.4068E-01  0.4068E-01  0.0000E+00  0.0000E+00  0.0000E+00  0.0000E+00  0.0000E+00
     16.702  0.3853E-01  0.4313E-01  0.4313E-01  0.4313E-01  0.0000E+00  0.0000E+00  0.0000E+00  0.0000E+00  0.0000E+00
     16.847  0.3990E-01  0.4578E-01  0.4578E-01  0.4578E-01  0.0000E+00  0.0000E+00  0.0000E+00  0.0000E+00  0.0000E+00
     16.992  0.4167E-01  0.4880E-01  0.4880E-01  0.4880E-01  0.0000E+00  0.0000E+00  0.0000E+00  0.0000E+00  0.0000E+00
     17.137  0.4368E-01  0.5242E-01  0.5242E-01  0.5242E-01  0.0000E+00  0.0000E+00  0.0000E+00  0.0000E+00  0.0000E+00
     17.282  0.4663E-01  0.5663E-01  0.5663E-01  0.5663E-01  0.0000E+00  0.0000E+00  0.0000E+00  0.0000E+00  0.0000E+00
     17.426  0.5098E-01  0.6235E-01  0.6235E-01  0.6235E-01  0.0000E+00  0.0000E+00  0.0000E+00  0.0000E+00  0.0000E+00
     17.571  0.6017E-01  0.7513E-01  0.7513E-01  0.7513E-01  0.0000E+00  0.0000E+00  0.0000E+00  0.0000E+00  0.0000E+00
     17.716  0.8353E-01  0.8562E-01  0.8562E-01  0.8562E-01  0.0000E+00  0.0000E+00  0.0000E+00  0.0000E+00  0.0000E+00
     17.861  0.8452E-01  0.6720E-01  0.6720E-01  0.6720E-01  0.0000E+00  0.0000E+00  0.0000E+00  0.0000E+00  0.0000E+00
     18.006  0.8759E-01  0.7912E-01  0.7912E-01  0.7912E-01  0.0000E+00  0.0000E+00  0.0000E+00  0.0000E+00  0.0000E+00
     18.150  0.6819E-01  0.6453E-01  0.6453E-01  0.6453E-01  0.0000E+00  0.0000E+00  0.0000E+00  0.0000E+00  0.0000E+00
     18.295  0.6623E-01  0.6234E-01  0.6234E-01  0.6234E-01  0.0000E+00  0.0000E+00  0.0000E+00  0.0000E+00  0.0000E+00
     18.440  0.6281E-01  0.5943E-01  0.5943E-01  0.5943E-01  0.0000E+00  0.0000E+00  0.0000E+00  0.0000E+00  0.0000E+00
     18.585  0.5843E-01  0.5738E-01  0.5738E-01  0.5738E-01  0.0000E+00  0.0000E+00  0.0000E+00  0.0000E+00  0.0000E+00
     18.730  0.5684E-01  0.5716E-01  0.5716E-01  0.5716E-01  0.0000E+00  0.0000E+00  0.0000E+00  0.0000E+00  0.0000E+00
     18.874  0.5655E-01  0.5710E-01  0.5710E-01  0.5710E-01  0.0000E+00  0.0000E+00  0.0000E+00  0.0000E+00  0.0000E+00
     19.019  0.5061E-01  0.5421E-01  0.5421E-01  0.5421E-01  0.0000E+00  0.0000E+00  0.0000E+00  0.0000E+00  0.0000E+00
     19.164  0.5111E-01  0.5496E-01  0.5496E-01  0.5496E-01  0.0000E+00  0.0000E+00  0.0000E+00  0.0000E+00  0.0000E+00
     19.309  0.4911E-01  0.5519E-01  0.5519E-01  0.5519E-01  0.0000E+00  0.0000E+00  0.0000E+00  0.0000E+00  0.0000E+00
     19.454  0.4737E-01  0.5616E-01  0.5616E-01  0.5616E-01  0.0000E+00  0.0000E+00  0.0000E+00  0.0000E+00  0.0000E+00
     19.598  0.4636E-01  0.5568E-01  0.5568E-01  0.5568E-01  0.0000E+00  0.0000E+00  0.0000E+00  0.0000E+00  0.0000E+00
     19.743  0.4428E-01  0.5386E-01  0.5386E-01  0.5386E-01  0.0000E+00  0.0000E+00  0.0000E+00  0.0000E+00  0.0000E+00
     19.888  0.4441E-01  0.5323E-01  0.5323E-01  0.5323E-01  0.0000E+00  0.0000E+00  0.0000E+00  0.0000E+00  0.0000E+00
     20.033  0.4848E-01  0.5585E-01  0.5585E-01  0.5585E-01  0.0000E+00  0.0000E+00  0.0000E+00  0.0000E+00  0.0000E+00
     20.178  0.3637E-01  0.4538E-01  0.4538E-01  0.4538E-01  0.0000E+00  0.0000E+00  0.0000E+00  0.0000E+00  0.0000E+00
     20.322  0.3165E-01  0.4221E-01  0.4221E-01  0.4221E-01  0.0000E+00  0.0000E+00  0.0000E+00  0.0000E+00  0.0000E+00
     20.467  0.3411E-01  0.4290E-01  0.4290E-01  0.4290E-01  0.0000E+00  0.0000E+00  0.0000E+00  0.0000E+00  0.0000E+00
     20.612  0.3993E-01  0.4635E-01  0.4635E-01  0.4635E-01  0.0000E+00  0.0000E+00  0.0000E+00  0.0000E+00  0.0000E+00
     20.757  0.4778E-01  0.5032E-01  0.5032E-01  0.5032E-01  0.0000E+00  0.0000E+00  0.0000E+00  0.0000E+00  0.0000E+00
     20.902  0.4589E-01  0.4820E-01  0.4820E-01  0.4820E-01  0.0000E+00  0.0000E+00  0.0000E+00  0.0000E+00  0.0000E+00
     21.046  0.4876E-01  0.4807E-01  0.4807E-01  0.4807E-01  0.0000E+00  0.0000E+00  0.0000E+00  0.0000E+00  0.0000E+00
     21.191  0.5161E-01  0.5001E-01  0.5001E-01  0.5001E-01  0.0000E+00  0.0000E+00  0.0000E+00  0.0000E+00  0.0000E+00
     21.336  0.5152E-01  0.5062E-01  0.5062E-01  0.5062E-01  0.0000E+00  0.0000E+00  0.0000E+00  0.0000E+00  0.0000E+00
     21.481  0.5497E-01  0.5370E-01  0.5370E-01  0.5370E-01  0.0000E+00  0.0000E+00  0.0000E+00  0.0000E+00  0.0000E+00
     21.626  0.5451E-01  0.5394E-01  0.5394E-01  0.5394E-01  0.0000E+00  0.0000E+00  0.0000E+00  0.0000E+00  0.0000E+00
     21.770  0.5517E-01  0.5454E-01  0.5454E-01  0.5454E-01  0.0000E+00  0.0000E+00  0.0000E+00  0.0000E+00  0.0000E+00
     21.915  0.5663E-01  0.5525E-01  0.5525E-01  0.5525E-01  0.0000E+00  0.0000E+00  0.0000E+00  0.0000E+00  0.0000E+00
     22.060  0.5782E-01  0.5634E-01  0.5634E-01  0.5634E-01  0.0000E+00  0.0000E+00  0.0000E+00  0.0000E+00  0.0000E+00
     22.205  0.7659E-01  0.5713E-01  0.5713E-01  0.5713E-01  0.0000E+00  0.0000E+00  0.0000E+00  0.0000E+00  0.0000E+00
     22.350  0.1072E+00  0.6005E-01  0.6005E-01  0.6005E-01  0.0000E+00  0.0000E+00  0.0000E+00  0.0000E+00  0.0000E+00
     22.494  0.9445E-01  0.6102E-01  0.6102E-01  0.6102E-01  0.0000E+00  0.0000E+00  0.0000E+00  0.0000E+00  0.0000E+00
     22.639  0.8757E-01  0.6627E-01  0.6627E-01  0.6627E-01  0.0000E+00  0.0000E+00  0.0000E+00  0.0000E+00  0.0000E+00
     22.784  0.8488E-01  0.6679E-01  0.6679E-01  0.6679E-01  0.0000E+00  0.0000E+00  0.0000E+00  0.0000E+00  0.0000E+00
     22.929  0.8549E-01  0.6933E-01  0.6933E-01  0.6933E-01  0.0000E+00  0.0000E+00  0.0000E+00  0.0000E+00  0.0000E+00
     23.074  0.6485E-01  0.6679E-01  0.6679E-01  0.6679E-01  0.0000E+00  0.0000E+00  0.0000E+00  0.0000E+00  0.0000E+00
     23.218  0.5215E-01  0.6201E-01  0.6201E-01  0.6201E-01  0.0000E+00  0.0000E+00  0.0000E+00  0.0000E+00  0.0000E+00
     23.363  0.4476E-01  0.6171E-01  0.6171E-01  0.6171E-01  0.0000E+00  0.0000E+00  0.0000E+00  0.0000E+00  0.0000E+00
     23.508  0.4049E-01  0.6328E-01  0.6328E-01  0.6328E-01  0.0000E+00  0.0000E+00  0.0000E+00  0.0000E+00  0.0000E+00
     23.653  0.3914E-01  0.6815E-01  0.6815E-01  0.6815E-01  0.0000E+00  0.0000E+00  0.0000E+00  0.0000E+00  0.0000E+00
     23.798  0.4586E-01  0.8333E-01  0.8333E-01  0.8333E-01  0.0000E+00  0.0000E+00  0.0000E+00  0.0000E+00  0.0000E+00
     23.942  0.4714E-01  0.9242E-01  0.9242E-01  0.9242E-01  0.0000E+00  0.0000E+00  0.0000E+00  0.0000E+00  0.0000E+00
     24.087  0.4122E-01  0.8380E-01  0.8380E-01  0.8380E-01  0.0000E+00  0.0000E+00  0.0000E+00  0.0000E+00  0.0000E+00
     24.232  0.3320E-01  0.7630E-01  0.7630E-01  0.7630E-01  0.0000E+00  0.0000E+00  0.0000E+00  0.0000E+00  0.0000E+00
     24.377  0.2788E-01  0.7054E-01  0.7054E-01  0.7054E-01  0.0000E+00  0.0000E+00  0.0000E+00  0.0000E+00  0.0000E+00
     24.522  0.2388E-01  0.6669E-01  0.6669E-01  0.6669E-01  0.0000E+00  0.0000E+00  0.0000E+00  0.0000E+00  0.0000E+00
     24.666  0.2037E-01  0.6395E-01  0.6395E-01  0.6395E-01  0.0000E+00  0.0000E+00  0.0000E+00  0.0000E+00  0.0000E+00
     24.811  0.1689E-01  0.6057E-01  0.6057E-01  0.6057E-01  0.0000E+00  0.0000E+00  0.0000E+00  0.0000E+00  0.0000E+00
     24.956  0.1405E-01  0.5775E-01  0.5775E-01  0.5775E-01  0.0000E+00  0.0000E+00  0.0000E+00  0.0000E+00  0.0000E+00
     25.101  0.1122E-01  0.5454E-01  0.5454E-01  0.5454E-01  0.0000E+00  0.0000E+00  0.0000E+00  0.0000E+00  0.0000E+00
     25.246  0.8517E-02  0.5195E-01  0.5195E-01  0.5195E-01  0.0000E+00  0.0000E+00  0.0000E+00  0.0000E+00  0.0000E+00
     25.390  0.6432E-02  0.5385E-01  0.5385E-01  0.5385E-01  0.0000E+00  0.0000E+00  0.0000E+00  0.0000E+00  0.0000E+00
     25.535  0.3634E-02  0.3074E-01  0.3074E-01  0.3074E-01  0.0000E+00  0.0000E+00  0.0000E+00  0.0000E+00  0.0000E+00
     25.680  0.2572E-02  0.2350E-01  0.2350E-01  0.2350E-01  0.0000E+00  0.0000E+00  0.0000E+00  0.0000E+00  0.0000E+00
     25.825  0.1833E-02  0.2055E-01  0.2055E-01  0.2055E-01  0.0000E+00  0.0000E+00  0.0000E+00  0.0000E+00  0.0000E+00
     25.970  0.1185E-02  0.1761E-01  0.1761E-01  0.1761E-01  0.0000E+00  0.0000E+00  0.0000E+00  0.0000E+00  0.0000E+00
     26.114  0.6545E-03  0.1416E-01  0.1416E-01  0.1416E-01  0.0000E+00  0.0000E+00  0.0000E+00  0.0000E+00  0.0000E+00
     26.259  0.2741E-03  0.1082E-01  0.1082E-01  0.1082E-01  0.0000E+00  0.0000E+00  0.0000E+00  0.0000E+00  0.0000E+00
     26.404  0.4171E-04  0.4205E-02  0.4205E-02  0.4205E-02  0.0000E+00  0.0000E+00  0.0000E+00  0.0000E+00  0.0000E+00
     26.549  0.0000E+00  0.0000E+00  0.0000E+00  0.0000E+00  0.0000E+00  0.0000E+00  0.0000E+00  0.0000E+00  0.0000E+00
     26.694  0.0000E+00  0.0000E+00  0.0000E+00  0.0000E+00  0.0000E+00  0.0000E+00  0.0000E+00  0.0000E+00  0.0000E+00
     26.838  0.0000E+00  0.0000E+00  0.0000E+00  0.0000E+00  0.0000E+00  0.0000E+00  0.0000E+00  0.0000E+00  0.0000E+00
     26.983  0.0000E+00  0.0000E+00  0.0000E+00  0.0000E+00  0.0000E+00  0.0000E+00  0.0000E+00  0.0000E+00  0.0000E+00
     27.128  0.0000E+00  0.0000E+00  0.0000E+00  0.0000E+00  0.0000E+00  0.0000E+00  0.0000E+00  0.0000E+00  0.0000E+00
     27.273  0.0000E+00  0.0000E+00  0.0000E+00  0.0000E+00  0.0000E+00  0.0000E+00  0.0000E+00  0.0000E+00  0.0000E+00
     27.418  0.0000E+00  0.0000E+00  0.0000E+00  0.0000E+00  0.0000E+00  0.0000E+00  0.0000E+00  0.0000E+00  0.0000E+00
     27.562  0.0000E+00  0.0000E+00  0.0000E+00  0.0000E+00  0.0000E+00  0.0000E+00  0.0000E+00  0.0000E+00  0.0000E+00
     27.707  0.0000E+00  0.0000E+00  0.0000E+00  0.0000E+00  0.0000E+00  0.0000E+00  0.0000E+00  0.0000E+00  0.0000E+00
     27.852  0.0000E+00  0.0000E+00  0.0000E+00  0.0000E+00  0.0000E+00  0.0000E+00  0.0000E+00  0.0000E+00  0.0000E+00
     27.997  0.0000E+00  0.0000E+00  0.0000E+00  0.0000E+00  0.0000E+00  0.0000E+00  0.0000E+00  0.0000E+00  0.0000E+00
     28.142  0.0000E+00  0.0000E+00  0.0000E+00  0.0000E+00  0.0000E+00  0.0000E+00  0.0000E+00  0.0000E+00  0.0000E+00
     28.286  0.0000E+00  0.0000E+00  0.0000E+00  0.0000E+00  0.0000E+00  0.0000E+00  0.0000E+00  0.0000E+00  0.0000E+00
     28.431  0.0000E+00  0.0000E+00  0.0000E+00  0.0000E+00  0.0000E+00  0.0000E+00  0.0000E+00  0.0000E+00  0.0000E+00
