   2   2   1   0
  0.5580516E+01  0.2508456E-09  0.2508456E-09  0.2508456E-09  0.5000000E-15
  1.000000000000000E-004
  CAR 
 C                                       
     30.10786757    -15.02383896  301      9.94510789      1.00000000
    -15.024  0.0000E+00  0.0000E+00
    -14.873  0.0000E+00  0.0000E+00
    -14.723  0.0000E+00  0.0000E+00
    -14.573  0.0000E+00  0.0000E+00
    -14.422  0.0000E+00  0.0000E+00
    -14.272  0.0000E+00  0.0000E+00
    -14.121  0.0000E+00  0.0000E+00
    -13.971  0.0000E+00  0.0000E+00
    -13.820  0.0000E+00  0.0000E+00
    -13.670  0.0000E+00  0.0000E+00
    -13.519  0.0000E+00  0.0000E+00
    -13.369  0.0000E+00  0.0000E+00
    -13.219  0.0000E+00  0.0000E+00
    -13.068  0.0000E+00  0.0000E+00
    -12.918  0.2537E-01  0.7275E-03
    -12.767  0.5828E-01  0.6097E-02
    -12.617  0.6298E-01  0.1423E-01
    -12.466  0.7331E-01  0.2437E-01
    -12.316  0.8394E-01  0.3621E-01
    -12.165  0.9339E-01  0.4952E-01
    -12.015  0.1016E+00  0.6420E-01
    -11.865  0.1097E+00  0.8012E-01
    -11.714  0.1174E+00  0.9719E-01
    -11.564  0.1243E+00  0.1154E+00
    -11.413  0.1314E+00  0.1346E+00
    -11.263  0.1376E+00  0.1548E+00
    -11.112  0.1442E+00  0.1760E+00
    -10.962  0.1501E+00  0.1982E+00
    -10.812  0.1563E+00  0.2212E+00
    -10.661  0.1619E+00  0.2451E+00
    -10.511  0.1678E+00  0.2699E+00
    -10.360  0.1732E+00  0.2956E+00
    -10.210  0.1788E+00  0.3221E+00
    -10.059  0.1842E+00  0.3494E+00
     -9.909  0.1895E+00  0.3775E+00
     -9.758  0.1951E+00  0.4064E+00
     -9.608  0.2002E+00  0.4361E+00
     -9.458  0.2056E+00  0.4667E+00
     -9.307  0.2110E+00  0.4980E+00
     -9.157  0.2162E+00  0.5301E+00
     -9.006  0.2217E+00  0.5631E+00
     -8.856  0.2271E+00  0.5968E+00
     -8.705  0.2326E+00  0.6314E+00
     -8.555  0.2384E+00  0.6668E+00
     -8.405  0.2442E+00  0.7031E+00
     -8.254  0.2502E+00  0.7403E+00
     -8.104  0.2566E+00  0.7784E+00
     -7.953  0.2633E+00  0.8175E+00
     -7.803  0.2705E+00  0.8577E+00
     -7.652  0.2784E+00  0.8990E+00
     -7.502  0.2874E+00  0.9415E+00
     -7.351  0.2979E+00  0.9855E+00
     -7.201  0.3114E+00  0.1031E+01
     -7.051  0.3319E+00  0.1080E+01
     -6.900  0.3748E+00  0.1133E+01
     -6.750  0.3618E+00  0.1188E+01
     -6.599  0.3567E+00  0.1242E+01
     -6.449  0.3410E+00  0.1294E+01
     -6.298  0.3328E+00  0.1344E+01
     -6.148  0.3206E+00  0.1393E+01
     -5.997  0.3117E+00  0.1441E+01
     -5.847  0.3020E+00  0.1487E+01
     -5.697  0.2912E+00  0.1532E+01
     -5.546  0.2817E+00  0.1575E+01
     -5.396  0.2720E+00  0.1617E+01
     -5.245  0.2611E+00  0.1657E+01
     -5.095  0.2521E+00  0.1695E+01
     -4.944  0.2407E+00  0.1732E+01
     -4.794  0.2306E+00  0.1768E+01
     -4.644  0.2197E+00  0.1802E+01
     -4.493  0.2090E+00  0.1834E+01
     -4.343  0.1975E+00  0.1864E+01
     -4.192  0.2273E+00  0.1895E+01
     -4.042  0.2511E+00  0.1930E+01
     -3.891  0.2730E+00  0.1969E+01
     -3.741  0.2446E+00  0.2008E+01
     -3.590  0.2074E+00  0.2041E+01
     -3.440  0.2149E+00  0.2073E+01
     -3.290  0.2309E+00  0.2106E+01
     -3.139  0.2532E+00  0.2142E+01
     -2.989  0.2938E+00  0.2183E+01
     -2.838  0.3480E+00  0.2231E+01
     -2.688  0.4179E+00  0.2289E+01
     -2.537  0.5059E+00  0.2358E+01
     -2.387  0.6634E+00  0.2448E+01
     -2.237  0.6013E+00  0.2546E+01
     -2.086  0.4729E+00  0.2624E+01
     -1.936  0.4270E+00  0.2691E+01
     -1.785  0.3886E+00  0.2753E+01
     -1.635  0.3672E+00  0.2809E+01
     -1.484  0.3410E+00  0.2863E+01
     -1.334  0.3265E+00  0.2913E+01
     -1.183  0.3066E+00  0.2961E+01
     -1.033  0.2947E+00  0.3006E+01
     -0.883  0.2808E+00  0.3049E+01
     -0.732  0.2676E+00  0.3090E+01
     -0.582  0.2580E+00  0.3130E+01
     -0.431  0.2435E+00  0.3168E+01
     -0.281  0.2366E+00  0.3204E+01
     -0.130  0.2266E+00  0.3239E+01
      0.020  0.3032E+00  0.3278E+01
      0.171  0.3383E+00  0.3325E+01
      0.321  0.3758E+00  0.3379E+01
      0.471  0.4155E+00  0.3438E+01
      0.622  0.4946E+00  0.3505E+01
      0.772  0.5121E+00  0.3582E+01
      0.923  0.4981E+00  0.3658E+01
      1.073  0.4878E+00  0.3732E+01
      1.224  0.4713E+00  0.3804E+01
      1.374  0.4828E+00  0.3875E+01
      1.524  0.4848E+00  0.3948E+01
      1.675  0.4957E+00  0.4021E+01
      1.825  0.4981E+00  0.4096E+01
      1.976  0.5109E+00  0.4171E+01
      2.126  0.5197E+00  0.4249E+01
      2.277  0.5326E+00  0.4328E+01
      2.427  0.5507E+00  0.4409E+01
      2.578  0.5647E+00  0.4493E+01
      2.728  0.5851E+00  0.4579E+01
      2.878  0.6116E+00  0.4670E+01
      3.029  0.6581E+00  0.4765E+01
      3.179  0.7459E+00  0.4868E+01
      3.330  0.7803E+00  0.4981E+01
      3.480  0.7438E+00  0.5093E+01
      3.631  0.7346E+00  0.5204E+01
      3.781  0.7229E+00  0.5314E+01
      3.931  0.7163E+00  0.5422E+01
      4.082  0.7108E+00  0.5529E+01
      4.232  0.7016E+00  0.5635E+01
      4.383  0.6920E+00  0.5740E+01
      4.533  0.6884E+00  0.5844E+01
      4.684  0.6788E+00  0.5947E+01
      4.834  0.6705E+00  0.6048E+01
      4.985  0.6655E+00  0.6149E+01
      5.135  0.6579E+00  0.6249E+01
      5.285  0.6514E+00  0.6347E+01
      5.436  0.6429E+00  0.6444E+01
      5.586  0.6372E+00  0.6541E+01
      5.737  0.6296E+00  0.6636E+01
      5.887  0.6235E+00  0.6730E+01
      6.038  0.6151E+00  0.6823E+01
      6.188  0.6095E+00  0.6916E+01
      6.339  0.6027E+00  0.7007E+01
      6.489  0.5971E+00  0.7097E+01
      6.639  0.5874E+00  0.7186E+01
      6.790  0.5828E+00  0.7274E+01
      6.940  0.5436E+00  0.7361E+01
      7.091  0.4490E+00  0.7433E+01
      7.241  0.3964E+00  0.7496E+01
      7.392  0.3603E+00  0.7553E+01
      7.542  0.3286E+00  0.7605E+01
      7.692  0.3003E+00  0.7652E+01
      7.843  0.2757E+00  0.7696E+01
      7.993  0.2533E+00  0.7735E+01
      8.144  0.2318E+00  0.7772E+01
      8.294  0.2115E+00  0.7805E+01
      8.445  0.1939E+00  0.7836E+01
      8.595  0.1761E+00  0.7863E+01
      8.746  0.1590E+00  0.7889E+01
      8.896  0.1430E+00  0.7911E+01
      9.046  0.1267E+00  0.7932E+01
      9.197  0.1116E+00  0.7950E+01
      9.347  0.9523E-01  0.7965E+01
      9.498  0.7907E-01  0.7978E+01
      9.648  0.6225E-01  0.7989E+01
      9.799  0.3940E-01  0.7997E+01
      9.949  0.1434E-01  0.8000E+01
     10.099  0.0000E+00  0.8000E+01
     10.250  0.0000E+00  0.8000E+01
     10.400  0.0000E+00  0.8000E+01
     10.551  0.0000E+00  0.8000E+01
     10.701  0.0000E+00  0.8000E+01
     10.852  0.0000E+00  0.8000E+01
     11.002  0.0000E+00  0.8000E+01
     11.153  0.0000E+00  0.8000E+01
     11.303  0.0000E+00  0.8000E+01
     11.453  0.0000E+00  0.8000E+01
     11.604  0.0000E+00  0.8000E+01
     11.754  0.0000E+00  0.8000E+01
     11.905  0.0000E+00  0.8000E+01
     12.055  0.0000E+00  0.8000E+01
     12.206  0.0000E+00  0.8000E+01
     12.356  0.0000E+00  0.8000E+01
     12.507  0.0000E+00  0.8000E+01
     12.657  0.0000E+00  0.8000E+01
     12.807  0.0000E+00  0.8000E+01
     12.958  0.0000E+00  0.8000E+01
     13.108  0.0000E+00  0.8000E+01
     13.259  0.0000E+00  0.8000E+01
     13.409  0.0000E+00  0.8000E+01
     13.560  0.0000E+00  0.8000E+01
     13.710  0.0000E+00  0.8000E+01
     13.860  0.0000E+00  0.8000E+01
     14.011  0.0000E+00  0.8000E+01
     14.161  0.0000E+00  0.8000E+01
     14.312  0.6940E-03  0.8000E+01
     14.462  0.7090E-01  0.8005E+01
     14.613  0.1003E+00  0.8017E+01
     14.763  0.1249E+00  0.8034E+01
     14.914  0.1565E+00  0.8054E+01
     15.064  0.1942E+00  0.8081E+01
     15.214  0.2325E+00  0.8113E+01
     15.365  0.2708E+00  0.8151E+01
     15.515  0.2970E+00  0.8193E+01
     15.666  0.3315E+00  0.8240E+01
     15.816  0.3737E+00  0.8292E+01
     15.967  0.4098E+00  0.8352E+01
     16.117  0.4247E+00  0.8414E+01
     16.267  0.4415E+00  0.8479E+01
     16.418  0.4612E+00  0.8547E+01
     16.568  0.4807E+00  0.8618E+01
     16.719  0.4989E+00  0.8692E+01
     16.869  0.5187E+00  0.8769E+01
     17.020  0.5394E+00  0.8848E+01
     17.170  0.5610E+00  0.8931E+01
     17.321  0.5845E+00  0.9017E+01
     17.471  0.6075E+00  0.9107E+01
     17.621  0.6331E+00  0.9200E+01
     17.772  0.6604E+00  0.9297E+01
     17.922  0.6933E+00  0.9399E+01
     18.073  0.7283E+00  0.9506E+01
     18.223  0.7740E+00  0.9619E+01
     18.374  0.8315E+00  0.9739E+01
     18.524  0.9377E+00  0.9871E+01
     18.675  0.1067E+01  0.1003E+02
     18.825  0.1091E+01  0.1019E+02
     18.975  0.8251E+00  0.1032E+02
     19.126  0.1099E+01  0.1046E+02
     19.276  0.9672E+00  0.1060E+02
     19.427  0.8811E+00  0.1073E+02
     19.577  0.8389E+00  0.1086E+02
     19.728  0.8323E+00  0.1099E+02
     19.878  0.7790E+00  0.1111E+02
     20.028  0.7864E+00  0.1123E+02
     20.179  0.7632E+00  0.1134E+02
     20.329  0.7696E+00  0.1146E+02
     20.480  0.7747E+00  0.1158E+02
     20.630  0.7548E+00  0.1169E+02
     20.781  0.7369E+00  0.1180E+02
     20.931  0.7036E+00  0.1191E+02
     21.082  0.6769E+00  0.1201E+02
     21.232  0.6698E+00  0.1211E+02
     21.382  0.6074E+00  0.1221E+02
     21.533  0.5291E+00  0.1230E+02
     21.683  0.4923E+00  0.1237E+02
     21.834  0.5301E+00  0.1245E+02
     21.984  0.5485E+00  0.1253E+02
     22.135  0.5781E+00  0.1261E+02
     22.285  0.5578E+00  0.1270E+02
     22.435  0.5736E+00  0.1278E+02
     22.586  0.6215E+00  0.1287E+02
     22.736  0.6150E+00  0.1296E+02
     22.887  0.6451E+00  0.1306E+02
     23.037  0.6352E+00  0.1315E+02
     23.188  0.6503E+00  0.1325E+02
     23.338  0.6785E+00  0.1335E+02
     23.489  0.6611E+00  0.1345E+02
     23.639  0.6691E+00  0.1355E+02
     23.789  0.6767E+00  0.1365E+02
     23.940  0.7131E+00  0.1376E+02
     24.090  0.7120E+00  0.1386E+02
     24.241  0.7978E+00  0.1397E+02
     24.391  0.9011E+00  0.1410E+02
     24.542  0.9289E+00  0.1423E+02
     24.692  0.8434E+00  0.1437E+02
     24.843  0.7131E+00  0.1448E+02
     24.993  0.7046E+00  0.1458E+02
     25.143  0.7102E+00  0.1469E+02
     25.294  0.8033E+00  0.1480E+02
     25.444  0.8700E+00  0.1493E+02
     25.595  0.8248E+00  0.1506E+02
     25.745  0.7327E+00  0.1518E+02
     25.896  0.6713E+00  0.1528E+02
     26.046  0.6368E+00  0.1538E+02
     26.196  0.5968E+00  0.1547E+02
     26.347  0.5687E+00  0.1556E+02
     26.497  0.5399E+00  0.1565E+02
     26.648  0.5322E+00  0.1573E+02
     26.798  0.7532E+00  0.1581E+02
     26.949  0.2347E+00  0.1585E+02
     27.099  0.2018E+00  0.1588E+02
     27.250  0.1794E+00  0.1591E+02
     27.400  0.1568E+00  0.1593E+02
     27.550  0.1360E+00  0.1596E+02
     27.701  0.1082E+00  0.1597E+02
     27.851  0.8078E-01  0.1599E+02
     28.002  0.5072E-01  0.1600E+02
     28.152  0.2241E-02  0.1600E+02
     28.303  0.0000E+00  0.1600E+02
     28.453  0.0000E+00  0.1600E+02
     28.603  0.0000E+00  0.1600E+02
     28.754  0.0000E+00  0.1600E+02
     28.904  0.0000E+00  0.1600E+02
     29.055  0.0000E+00  0.1600E+02
     29.205  0.0000E+00  0.1600E+02
     29.356  0.0000E+00  0.1600E+02
     29.506  0.0000E+00  0.1600E+02
     29.657  0.0000E+00  0.1600E+02
     29.807  0.0000E+00  0.1600E+02
     29.957  0.0000E+00  0.1600E+02
     30.108  0.0000E+00  0.1600E+02
     30.10786757    -15.02383896  301      9.94510789      1.00000000
    -15.024  0.0000E+00  0.0000E+00  0.0000E+00  0.0000E+00  0.0000E+00  0.0000E+00  0.0000E+00  0.0000E+00  0.0000E+00
    -14.873  0.0000E+00  0.0000E+00  0.0000E+00  0.0000E+00  0.0000E+00  0.0000E+00  0.0000E+00  0.0000E+00  0.0000E+00
    -14.723  0.0000E+00  0.0000E+00  0.0000E+00  0.0000E+00  0.0000E+00  0.0000E+00  0.0000E+00  0.0000E+00  0.0000E+00
    -14.573  0.0000E+00  0.0000E+00  0.0000E+00  0.0000E+00  0.0000E+00  0.0000E+00  0.0000E+00  0.0000E+00  0.0000E+00
    -14.422  0.0000E+00  0.0000E+00  0.0000E+00  0.0000E+00  0.0000E+00  0.0000E+00  0.0000E+00  0.0000E+00  0.0000E+00
    -14.272  0.0000E+00  0.0000E+00  0.0000E+00  0.0000E+00  0.0000E+00  0.0000E+00  0.0000E+00  0.0000E+00  0.0000E+00
    -14.121  0.0000E+00  0.0000E+00  0.0000E+00  0.0000E+00  0.0000E+00  0.0000E+00  0.0000E+00  0.0000E+00  0.0000E+00
    -13.971  0.0000E+00  0.0000E+00  0.0000E+00  0.0000E+00  0.0000E+00  0.0000E+00  0.0000E+00  0.0000E+00  0.0000E+00
    -13.820  0.0000E+00  0.0000E+00  0.0000E+00  0.0000E+00  0.0000E+00  0.0000E+00  0.0000E+00  0.0000E+00  0.0000E+00
    -13.670  0.0000E+00  0.0000E+00  0.0000E+00  0.0000E+00  0.0000E+00  0.0000E+00  0.0000E+00  0.0000E+00  0.0000E+00
    -13.519  0.0000E+00  0.0000E+00  0.0000E+00  0.0000E+00  0.0000E+00  0.0000E+00  0.0000E+00  0.0000E+00  0.0000E+00
    -13.369  0.0000E+00  0.0000E+00  0.0000E+00  0.0000E+00  0.0000E+00  0.0000E+00  0.0000E+00  0.0000E+00  0.0000E+00
    -13.219  0.0000E+00  0.0000E+00  0.0000E+00  0.0000E+00  0.0000E+00  0.0000E+00  0.0000E+00  0.0000E+00  0.0000E+00
    -13.068  0.0000E+00  0.0000E+00  0.0000E+00  0.0000E+00  0.0000E+00  0.0000E+00  0.0000E+00  0.0000E+00  0.0000E+00
    -12.918  0.7200E-02  0.5592E-05  0.5592E-05  0.5592E-05  0.0000E+00  0.0000E+00  0.0000E+00  0.0000E+00  0.0000E+00
    -12.767  0.1647E-01  0.4645E-04  0.4645E-04  0.4645E-04  0.0000E+00  0.0000E+00  0.0000E+00  0.0000E+00  0.0000E+00
    -12.617  0.1770E-01  0.9533E-04  0.9533E-04  0.9533E-04  0.0000E+00  0.0000E+00  0.0000E+00  0.0000E+00  0.0000E+00
    -12.466  0.2050E-01  0.1581E-03  0.1581E-03  0.1581E-03  0.0000E+00  0.0000E+00  0.0000E+00  0.0000E+00  0.0000E+00
    -12.316  0.2337E-01  0.2329E-03  0.2329E-03  0.2329E-03  0.0000E+00  0.0000E+00  0.0000E+00  0.0000E+00  0.0000E+00
    -12.165  0.2589E-01  0.3167E-03  0.3167E-03  0.3167E-03  0.0000E+00  0.0000E+00  0.0000E+00  0.0000E+00  0.0000E+00
    -12.015  0.2804E-01  0.4104E-03  0.4104E-03  0.4104E-03  0.0000E+00  0.0000E+00  0.0000E+00  0.0000E+00  0.0000E+00
    -11.865  0.3012E-01  0.5102E-03  0.5102E-03  0.5102E-03  0.0000E+00  0.0000E+00  0.0000E+00  0.0000E+00  0.0000E+00
    -11.714  0.3210E-01  0.6157E-03  0.6157E-03  0.6157E-03  0.0000E+00  0.0000E+00  0.0000E+00  0.0000E+00  0.0000E+00
    -11.564  0.3382E-01  0.7305E-03  0.7305E-03  0.7305E-03  0.0000E+00  0.0000E+00  0.0000E+00  0.0000E+00  0.0000E+00
    -11.413  0.3560E-01  0.8478E-03  0.8478E-03  0.8478E-03  0.0000E+00  0.0000E+00  0.0000E+00  0.0000E+00  0.0000E+00
    -11.263  0.3713E-01  0.9747E-03  0.9747E-03  0.9747E-03  0.0000E+00  0.0000E+00  0.0000E+00  0.0000E+00  0.0000E+00
    -11.112  0.3873E-01  0.1103E-02  0.1103E-02  0.1103E-02  0.0000E+00  0.0000E+00  0.0000E+00  0.0000E+00  0.0000E+00
    -10.962  0.4014E-01  0.1241E-02  0.1241E-02  0.1241E-02  0.0000E+00  0.0000E+00  0.0000E+00  0.0000E+00  0.0000E+00
    -10.812  0.4164E-01  0.1379E-02  0.1379E-02  0.1379E-02  0.0000E+00  0.0000E+00  0.0000E+00  0.0000E+00  0.0000E+00
    -10.661  0.4294E-01  0.1527E-02  0.1527E-02  0.1527E-02  0.0000E+00  0.0000E+00  0.0000E+00  0.0000E+00  0.0000E+00
    -10.511  0.4434E-01  0.1675E-02  0.1675E-02  0.1675E-02  0.0000E+00  0.0000E+00  0.0000E+00  0.0000E+00  0.0000E+00
    -10.360  0.4558E-01  0.1832E-02  0.1832E-02  0.1832E-02  0.0000E+00  0.0000E+00  0.0000E+00  0.0000E+00  0.0000E+00
    -10.210  0.4687E-01  0.1990E-02  0.1990E-02  0.1990E-02  0.0000E+00  0.0000E+00  0.0000E+00  0.0000E+00  0.0000E+00
    -10.059  0.4812E-01  0.2153E-02  0.2153E-02  0.2153E-02  0.0000E+00  0.0000E+00  0.0000E+00  0.0000E+00  0.0000E+00
     -9.909  0.4932E-01  0.2322E-02  0.2322E-02  0.2322E-02  0.0000E+00  0.0000E+00  0.0000E+00  0.0000E+00  0.0000E+00
     -9.758  0.5060E-01  0.2491E-02  0.2491E-02  0.2491E-02  0.0000E+00  0.0000E+00  0.0000E+00  0.0000E+00  0.0000E+00
     -9.608  0.5175E-01  0.2669E-02  0.2669E-02  0.2669E-02  0.0000E+00  0.0000E+00  0.0000E+00  0.0000E+00  0.0000E+00
     -9.458  0.5296E-01  0.2848E-02  0.2848E-02  0.2848E-02  0.0000E+00  0.0000E+00  0.0000E+00  0.0000E+00  0.0000E+00
     -9.307  0.5419E-01  0.3030E-02  0.3030E-02  0.3030E-02  0.0000E+00  0.0000E+00  0.0000E+00  0.0000E+00  0.0000E+00
     -9.157  0.5537E-01  0.3220E-02  0.3220E-02  0.3220E-02  0.0000E+00  0.0000E+00  0.0000E+00  0.0000E+00  0.0000E+00
     -9.006  0.5661E-01  0.3409E-02  0.3409E-02  0.3409E-02  0.0000E+00  0.0000E+00  0.0000E+00  0.0000E+00  0.0000E+00
     -8.856  0.5786E-01  0.3604E-02  0.3604E-02  0.3604E-02  0.0000E+00  0.0000E+00  0.0000E+00  0.0000E+00  0.0000E+00
     -8.705  0.5912E-01  0.3804E-02  0.3804E-02  0.3804E-02  0.0000E+00  0.0000E+00  0.0000E+00  0.0000E+00  0.0000E+00
     -8.555  0.6046E-01  0.4005E-02  0.4005E-02  0.4005E-02  0.0000E+00  0.0000E+00  0.0000E+00  0.0000E+00  0.0000E+00
     -8.405  0.6184E-01  0.4212E-02  0.4212E-02  0.4212E-02  0.0000E+00  0.0000E+00  0.0000E+00  0.0000E+00  0.0000E+00
     -8.254  0.6327E-01  0.4425E-02  0.4425E-02  0.4425E-02  0.0000E+00  0.0000E+00  0.0000E+00  0.0000E+00  0.0000E+00
     -8.104  0.6483E-01  0.4639E-02  0.4639E-02  0.4639E-02  0.0000E+00  0.0000E+00  0.0000E+00  0.0000E+00  0.0000E+00
     -7.953  0.6649E-01  0.4860E-02  0.4860E-02  0.4860E-02  0.0000E+00  0.0000E+00  0.0000E+00  0.0000E+00  0.0000E+00
     -7.803  0.6831E-01  0.5090E-02  0.5090E-02  0.5090E-02  0.0000E+00  0.0000E+00  0.0000E+00  0.0000E+00  0.0000E+00
     -7.652  0.7038E-01  0.5324E-02  0.5324E-02  0.5324E-02  0.0000E+00  0.0000E+00  0.0000E+00  0.0000E+00  0.0000E+00
     -7.502  0.7277E-01  0.5569E-02  0.5569E-02  0.5569E-02  0.0000E+00  0.0000E+00  0.0000E+00  0.0000E+00  0.0000E+00
     -7.351  0.7567E-01  0.5837E-02  0.5837E-02  0.5837E-02  0.0000E+00  0.0000E+00  0.0000E+00  0.0000E+00  0.0000E+00
     -7.201  0.7948E-01  0.6130E-02  0.6130E-02  0.6130E-02  0.0000E+00  0.0000E+00  0.0000E+00  0.0000E+00  0.0000E+00
     -7.051  0.8539E-01  0.6494E-02  0.6494E-02  0.6494E-02  0.0000E+00  0.0000E+00  0.0000E+00  0.0000E+00  0.0000E+00
     -6.900  0.9806E-01  0.7116E-02  0.7116E-02  0.7116E-02  0.0000E+00  0.0000E+00  0.0000E+00  0.0000E+00  0.0000E+00
     -6.750  0.9422E-01  0.7113E-02  0.7113E-02  0.7113E-02  0.0000E+00  0.0000E+00  0.0000E+00  0.0000E+00  0.0000E+00
     -6.599  0.9272E-01  0.7192E-02  0.7192E-02  0.7192E-02  0.0000E+00  0.0000E+00  0.0000E+00  0.0000E+00  0.0000E+00
     -6.449  0.8812E-01  0.7128E-02  0.7128E-02  0.7128E-02  0.0000E+00  0.0000E+00  0.0000E+00  0.0000E+00  0.0000E+00
     -6.298  0.8575E-01  0.7154E-02  0.7154E-02  0.7154E-02  0.0000E+00  0.0000E+00  0.0000E+00  0.0000E+00  0.0000E+00
     -6.148  0.8225E-01  0.7096E-02  0.7096E-02  0.7096E-02  0.0000E+00  0.0000E+00  0.0000E+00  0.0000E+00  0.0000E+00
     -5.997  0.7971E-01  0.7096E-02  0.7096E-02  0.7096E-02  0.0000E+00  0.0000E+00  0.0000E+00  0.0000E+00  0.0000E+00
     -5.847  0.7694E-01  0.7053E-02  0.7053E-02  0.7053E-02  0.0000E+00  0.0000E+00  0.0000E+00  0.0000E+00  0.0000E+00
     -5.697  0.7391E-01  0.6982E-02  0.6982E-02  0.6982E-02  0.0000E+00  0.0000E+00  0.0000E+00  0.0000E+00  0.0000E+00
     -5.546  0.7124E-01  0.6933E-02  0.6933E-02  0.6933E-02  0.0000E+00  0.0000E+00  0.0000E+00  0.0000E+00  0.0000E+00
     -5.396  0.6855E-01  0.6856E-02  0.6856E-02  0.6856E-02  0.0000E+00  0.0000E+00  0.0000E+00  0.0000E+00  0.0000E+00
     -5.245  0.6555E-01  0.6747E-02  0.6747E-02  0.6747E-02  0.0000E+00  0.0000E+00  0.0000E+00  0.0000E+00  0.0000E+00
     -5.095  0.6310E-01  0.6668E-02  0.6668E-02  0.6668E-02  0.0000E+00  0.0000E+00  0.0000E+00  0.0000E+00  0.0000E+00
     -4.944  0.5999E-01  0.6524E-02  0.6524E-02  0.6524E-02  0.0000E+00  0.0000E+00  0.0000E+00  0.0000E+00  0.0000E+00
     -4.794  0.5726E-01  0.6391E-02  0.6391E-02  0.6391E-02  0.0000E+00  0.0000E+00  0.0000E+00  0.0000E+00  0.0000E+00
     -4.644  0.5431E-01  0.6234E-02  0.6234E-02  0.6234E-02  0.0000E+00  0.0000E+00  0.0000E+00  0.0000E+00  0.0000E+00
     -4.493  0.5147E-01  0.6061E-02  0.6061E-02  0.6061E-02  0.0000E+00  0.0000E+00  0.0000E+00  0.0000E+00  0.0000E+00
     -4.343  0.4841E-01  0.5865E-02  0.5865E-02  0.5865E-02  0.0000E+00  0.0000E+00  0.0000E+00  0.0000E+00  0.0000E+00
     -4.192  0.4898E-01  0.8223E-02  0.8223E-02  0.8223E-02  0.0000E+00  0.0000E+00  0.0000E+00  0.0000E+00  0.0000E+00
     -4.042  0.4958E-01  0.1012E-01  0.1012E-01  0.1012E-01  0.0000E+00  0.0000E+00  0.0000E+00  0.0000E+00  0.0000E+00
     -3.891  0.5094E-01  0.1170E-01  0.1170E-01  0.1170E-01  0.0000E+00  0.0000E+00  0.0000E+00  0.0000E+00  0.0000E+00
     -3.741  0.4232E-01  0.1125E-01  0.1125E-01  0.1125E-01  0.0000E+00  0.0000E+00  0.0000E+00  0.0000E+00  0.0000E+00
     -3.590  0.3076E-01  0.1067E-01  0.1067E-01  0.1067E-01  0.0000E+00  0.0000E+00  0.0000E+00  0.0000E+00  0.0000E+00
     -3.440  0.2957E-01  0.1160E-01  0.1160E-01  0.1160E-01  0.0000E+00  0.0000E+00  0.0000E+00  0.0000E+00  0.0000E+00
     -3.290  0.3085E-01  0.1272E-01  0.1272E-01  0.1272E-01  0.0000E+00  0.0000E+00  0.0000E+00  0.0000E+00  0.0000E+00
     -3.139  0.3329E-01  0.1415E-01  0.1415E-01  0.1415E-01  0.0000E+00  0.0000E+00  0.0000E+00  0.0000E+00  0.0000E+00
     -2.989  0.4024E-01  0.1622E-01  0.1622E-01  0.1622E-01  0.0000E+00  0.0000E+00  0.0000E+00  0.0000E+00  0.0000E+00
     -2.838  0.5000E-01  0.1890E-01  0.1890E-01  0.1890E-01  0.0000E+00  0.0000E+00  0.0000E+00  0.0000E+00  0.0000E+00
     -2.688  0.6301E-01  0.2229E-01  0.2229E-01  0.2229E-01  0.0000E+00  0.0000E+00  0.0000E+00  0.0000E+00  0.0000E+00
     -2.537  0.7865E-01  0.2674E-01  0.2674E-01  0.2674E-01  0.0000E+00  0.0000E+00  0.0000E+00  0.0000E+00  0.0000E+00
     -2.387  0.1070E+00  0.3463E-01  0.3463E-01  0.3463E-01  0.0000E+00  0.0000E+00  0.0000E+00  0.0000E+00  0.0000E+00
     -2.237  0.9827E-01  0.3141E-01  0.3141E-01  0.3141E-01  0.0000E+00  0.0000E+00  0.0000E+00  0.0000E+00  0.0000E+00
     -2.086  0.7580E-01  0.2518E-01  0.2518E-01  0.2518E-01  0.0000E+00  0.0000E+00  0.0000E+00  0.0000E+00  0.0000E+00
     -1.936  0.6798E-01  0.2300E-01  0.2300E-01  0.2300E-01  0.0000E+00  0.0000E+00  0.0000E+00  0.0000E+00  0.0000E+00
     -1.785  0.6123E-01  0.2122E-01  0.2122E-01  0.2122E-01  0.0000E+00  0.0000E+00  0.0000E+00  0.0000E+00  0.0000E+00
     -1.635  0.5751E-01  0.2027E-01  0.2027E-01  0.2027E-01  0.0000E+00  0.0000E+00  0.0000E+00  0.0000E+00  0.0000E+00
     -1.484  0.5279E-01  0.1909E-01  0.1909E-01  0.1909E-01  0.0000E+00  0.0000E+00  0.0000E+00  0.0000E+00  0.0000E+00
     -1.334  0.5018E-01  0.1849E-01  0.1849E-01  0.1849E-01  0.0000E+00  0.0000E+00  0.0000E+00  0.0000E+00  0.0000E+00
     -1.183  0.4655E-01  0.1760E-01  0.1760E-01  0.1760E-01  0.0000E+00  0.0000E+00  0.0000E+00  0.0000E+00  0.0000E+00
     -1.033  0.4434E-01  0.1713E-01  0.1713E-01  0.1713E-01  0.0000E+00  0.0000E+00  0.0000E+00  0.0000E+00  0.0000E+00
     -0.883  0.4176E-01  0.1653E-01  0.1653E-01  0.1653E-01  0.0000E+00  0.0000E+00  0.0000E+00  0.0000E+00  0.0000E+00
     -0.732  0.3931E-01  0.1596E-01  0.1596E-01  0.1596E-01  0.0000E+00  0.0000E+00  0.0000E+00  0.0000E+00  0.0000E+00
     -0.582  0.3750E-01  0.1559E-01  0.1559E-01  0.1559E-01  0.0000E+00  0.0000E+00  0.0000E+00  0.0000E+00  0.0000E+00
     -0.431  0.3486E-01  0.1492E-01  0.1492E-01  0.1492E-01  0.0000E+00  0.0000E+00  0.0000E+00  0.0000E+00  0.0000E+00
     -0.281  0.3350E-01  0.1466E-01  0.1466E-01  0.1466E-01  0.0000E+00  0.0000E+00  0.0000E+00  0.0000E+00  0.0000E+00
     -0.130  0.3164E-01  0.1423E-01  0.1423E-01  0.1423E-01  0.0000E+00  0.0000E+00  0.0000E+00  0.0000E+00  0.0000E+00
      0.020  0.3089E-01  0.2130E-01  0.2130E-01  0.2130E-01  0.0000E+00  0.0000E+00  0.0000E+00  0.0000E+00  0.0000E+00
      0.171  0.3059E-01  0.2466E-01  0.2466E-01  0.2466E-01  0.0000E+00  0.0000E+00  0.0000E+00  0.0000E+00  0.0000E+00
      0.321  0.2993E-01  0.2834E-01  0.2834E-01  0.2834E-01  0.0000E+00  0.0000E+00  0.0000E+00  0.0000E+00  0.0000E+00
      0.471  0.3013E-01  0.3210E-01  0.3210E-01  0.3210E-01  0.0000E+00  0.0000E+00  0.0000E+00  0.0000E+00  0.0000E+00
      0.622  0.3124E-01  0.3935E-01  0.3935E-01  0.3935E-01  0.0000E+00  0.0000E+00  0.0000E+00  0.0000E+00  0.0000E+00
      0.772  0.3120E-01  0.4124E-01  0.4124E-01  0.4124E-01  0.0000E+00  0.0000E+00  0.0000E+00  0.0000E+00  0.0000E+00
      0.923  0.3116E-01  0.4022E-01  0.4022E-01  0.4022E-01  0.0000E+00  0.0000E+00  0.0000E+00  0.0000E+00  0.0000E+00
      1.073  0.3113E-01  0.3955E-01  0.3955E-01  0.3955E-01  0.0000E+00  0.0000E+00  0.0000E+00  0.0000E+00  0.0000E+00
      1.224  0.3025E-01  0.3843E-01  0.3843E-01  0.3843E-01  0.0000E+00  0.0000E+00  0.0000E+00  0.0000E+00  0.0000E+00
      1.374  0.3012E-01  0.3981E-01  0.3981E-01  0.3981E-01  0.0000E+00  0.0000E+00  0.0000E+00  0.0000E+00  0.0000E+00
      1.524  0.2981E-01  0.4033E-01  0.4033E-01  0.4033E-01  0.0000E+00  0.0000E+00  0.0000E+00  0.0000E+00  0.0000E+00
      1.675  0.2900E-01  0.4184E-01  0.4184E-01  0.4184E-01  0.0000E+00  0.0000E+00  0.0000E+00  0.0000E+00  0.0000E+00
      1.825  0.2857E-01  0.4242E-01  0.4242E-01  0.4242E-01  0.0000E+00  0.0000E+00  0.0000E+00  0.0000E+00  0.0000E+00
      1.976  0.2817E-01  0.4406E-01  0.4406E-01  0.4406E-01  0.0000E+00  0.0000E+00  0.0000E+00  0.0000E+00  0.0000E+00
      2.126  0.2744E-01  0.4540E-01  0.4540E-01  0.4540E-01  0.0000E+00  0.0000E+00  0.0000E+00  0.0000E+00  0.0000E+00
      2.277  0.2676E-01  0.4712E-01  0.4712E-01  0.4712E-01  0.0000E+00  0.0000E+00  0.0000E+00  0.0000E+00  0.0000E+00
      2.427  0.2632E-01  0.4940E-01  0.4940E-01  0.4940E-01  0.0000E+00  0.0000E+00  0.0000E+00  0.0000E+00  0.0000E+00
      2.578  0.2563E-01  0.5131E-01  0.5131E-01  0.5131E-01  0.0000E+00  0.0000E+00  0.0000E+00  0.0000E+00  0.0000E+00
      2.728  0.2471E-01  0.5399E-01  0.5399E-01  0.5399E-01  0.0000E+00  0.0000E+00  0.0000E+00  0.0000E+00  0.0000E+00
      2.878  0.2420E-01  0.5725E-01  0.5725E-01  0.5725E-01  0.0000E+00  0.0000E+00  0.0000E+00  0.0000E+00  0.0000E+00
      3.029  0.2355E-01  0.6278E-01  0.6278E-01  0.6278E-01  0.0000E+00  0.0000E+00  0.0000E+00  0.0000E+00  0.0000E+00
      3.179  0.2260E-01  0.7300E-01  0.7300E-01  0.7300E-01  0.0000E+00  0.0000E+00  0.0000E+00  0.0000E+00  0.0000E+00
      3.330  0.2180E-01  0.7735E-01  0.7735E-01  0.7735E-01  0.0000E+00  0.0000E+00  0.0000E+00  0.0000E+00  0.0000E+00
      3.480  0.2112E-01  0.7384E-01  0.7384E-01  0.7384E-01  0.0000E+00  0.0000E+00  0.0000E+00  0.0000E+00  0.0000E+00
      3.631  0.2029E-01  0.7337E-01  0.7337E-01  0.7337E-01  0.0000E+00  0.0000E+00  0.0000E+00  0.0000E+00  0.0000E+00
      3.781  0.1927E-01  0.7270E-01  0.7270E-01  0.7270E-01  0.0000E+00  0.0000E+00  0.0000E+00  0.0000E+00  0.0000E+00
      3.931  0.1866E-01  0.7246E-01  0.7246E-01  0.7246E-01  0.0000E+00  0.0000E+00  0.0000E+00  0.0000E+00  0.0000E+00
      4.082  0.1797E-01  0.7236E-01  0.7236E-01  0.7236E-01  0.0000E+00  0.0000E+00  0.0000E+00  0.0000E+00  0.0000E+00
      4.232  0.1710E-01  0.7193E-01  0.7193E-01  0.7193E-01  0.0000E+00  0.0000E+00  0.0000E+00  0.0000E+00  0.0000E+00
      4.383  0.1629E-01  0.7140E-01  0.7140E-01  0.7140E-01  0.0000E+00  0.0000E+00  0.0000E+00  0.0000E+00  0.0000E+00
      4.533  0.1569E-01  0.7150E-01  0.7150E-01  0.7150E-01  0.0000E+00  0.0000E+00  0.0000E+00  0.0000E+00  0.0000E+00
      4.684  0.1489E-01  0.7098E-01  0.7098E-01  0.7098E-01  0.0000E+00  0.0000E+00  0.0000E+00  0.0000E+00  0.0000E+00
      4.834  0.1401E-01  0.7063E-01  0.7063E-01  0.7063E-01  0.0000E+00  0.0000E+00  0.0000E+00  0.0000E+00  0.0000E+00
      4.985  0.1339E-01  0.7057E-01  0.7057E-01  0.7057E-01  0.0000E+00  0.0000E+00  0.0000E+00  0.0000E+00  0.0000E+00
      5.135  0.1279E-01  0.7021E-01  0.7021E-01  0.7021E-01  0.0000E+00  0.0000E+00  0.0000E+00  0.0000E+00  0.0000E+00
      5.285  0.1211E-01  0.7002E-01  0.7002E-01  0.7002E-01  0.0000E+00  0.0000E+00  0.0000E+00  0.0000E+00  0.0000E+00
      5.436  0.1136E-01  0.6959E-01  0.6959E-01  0.6959E-01  0.0000E+00  0.0000E+00  0.0000E+00  0.0000E+00  0.0000E+00
      5.586  0.1073E-01  0.6945E-01  0.6945E-01  0.6945E-01  0.0000E+00  0.0000E+00  0.0000E+00  0.0000E+00  0.0000E+00
      5.737  0.1007E-01  0.6912E-01  0.6912E-01  0.6912E-01  0.0000E+00  0.0000E+00  0.0000E+00  0.0000E+00  0.0000E+00
      5.887  0.9392E-02  0.6894E-01  0.6894E-01  0.6894E-01  0.0000E+00  0.0000E+00  0.0000E+00  0.0000E+00  0.0000E+00
      6.038  0.8688E-02  0.6852E-01  0.6852E-01  0.6852E-01  0.0000E+00  0.0000E+00  0.0000E+00  0.0000E+00  0.0000E+00
      6.188  0.8167E-02  0.6837E-01  0.6837E-01  0.6837E-01  0.0000E+00  0.0000E+00  0.0000E+00  0.0000E+00  0.0000E+00
      6.339  0.7651E-02  0.6806E-01  0.6806E-01  0.6806E-01  0.0000E+00  0.0000E+00  0.0000E+00  0.0000E+00  0.0000E+00
      6.489  0.7021E-02  0.6794E-01  0.6794E-01  0.6794E-01  0.0000E+00  0.0000E+00  0.0000E+00  0.0000E+00  0.0000E+00
      6.639  0.6361E-02  0.6735E-01  0.6735E-01  0.6735E-01  0.0000E+00  0.0000E+00  0.0000E+00  0.0000E+00  0.0000E+00
      6.790  0.5833E-02  0.6731E-01  0.6731E-01  0.6731E-01  0.0000E+00  0.0000E+00  0.0000E+00  0.0000E+00  0.0000E+00
      6.940  0.5300E-02  0.6307E-01  0.6307E-01  0.6307E-01  0.0000E+00  0.0000E+00  0.0000E+00  0.0000E+00  0.0000E+00
      7.091  0.4763E-02  0.5202E-01  0.5202E-01  0.5202E-01  0.0000E+00  0.0000E+00  0.0000E+00  0.0000E+00  0.0000E+00
      7.241  0.4272E-02  0.4603E-01  0.4603E-01  0.4603E-01  0.0000E+00  0.0000E+00  0.0000E+00  0.0000E+00  0.0000E+00
      7.392  0.3893E-02  0.4195E-01  0.4195E-01  0.4195E-01  0.0000E+00  0.0000E+00  0.0000E+00  0.0000E+00  0.0000E+00
      7.542  0.3518E-02  0.3838E-01  0.3838E-01  0.3838E-01  0.0000E+00  0.0000E+00  0.0000E+00  0.0000E+00  0.0000E+00
      7.692  0.3133E-02  0.3521E-01  0.3521E-01  0.3521E-01  0.0000E+00  0.0000E+00  0.0000E+00  0.0000E+00  0.0000E+00
      7.843  0.2790E-02  0.3245E-01  0.3245E-01  0.3245E-01  0.0000E+00  0.0000E+00  0.0000E+00  0.0000E+00  0.0000E+00
      7.993  0.2487E-02  0.2992E-01  0.2992E-01  0.2992E-01  0.0000E+00  0.0000E+00  0.0000E+00  0.0000E+00  0.0000E+00
      8.144  0.2198E-02  0.2750E-01  0.2750E-01  0.2750E-01  0.0000E+00  0.0000E+00  0.0000E+00  0.0000E+00  0.0000E+00
      8.294  0.1883E-02  0.2521E-01  0.2521E-01  0.2521E-01  0.0000E+00  0.0000E+00  0.0000E+00  0.0000E+00  0.0000E+00
      8.445  0.1639E-02  0.2321E-01  0.2321E-01  0.2321E-01  0.0000E+00  0.0000E+00  0.0000E+00  0.0000E+00  0.0000E+00
      8.595  0.1405E-02  0.2116E-01  0.2116E-01  0.2116E-01  0.0000E+00  0.0000E+00  0.0000E+00  0.0000E+00  0.0000E+00
      8.746  0.1147E-02  0.1921E-01  0.1921E-01  0.1921E-01  0.0000E+00  0.0000E+00  0.0000E+00  0.0000E+00  0.0000E+00
      8.896  0.9494E-03  0.1735E-01  0.1735E-01  0.1735E-01  0.0000E+00  0.0000E+00  0.0000E+00  0.0000E+00  0.0000E+00
      9.046  0.7565E-03  0.1544E-01  0.1544E-01  0.1544E-01  0.0000E+00  0.0000E+00  0.0000E+00  0.0000E+00  0.0000E+00
      9.197  0.5612E-03  0.1368E-01  0.1368E-01  0.1368E-01  0.0000E+00  0.0000E+00  0.0000E+00  0.0000E+00  0.0000E+00
      9.347  0.4118E-03  0.1172E-01  0.1172E-01  0.1172E-01  0.0000E+00  0.0000E+00  0.0000E+00  0.0000E+00  0.0000E+00
      9.498  0.2743E-03  0.9779E-02  0.9779E-02  0.9779E-02  0.0000E+00  0.0000E+00  0.0000E+00  0.0000E+00  0.0000E+00
      9.648  0.1486E-03  0.7744E-02  0.7744E-02  0.7744E-02  0.0000E+00  0.0000E+00  0.0000E+00  0.0000E+00  0.0000E+00
      9.799  0.5898E-04  0.4923E-02  0.4923E-02  0.4923E-02  0.0000E+00  0.0000E+00  0.0000E+00  0.0000E+00  0.0000E+00
      9.949  0.1171E-04  0.1799E-02  0.1799E-02  0.1799E-02  0.0000E+00  0.0000E+00  0.0000E+00  0.0000E+00  0.0000E+00
     10.099  0.0000E+00  0.0000E+00  0.0000E+00  0.0000E+00  0.0000E+00  0.0000E+00  0.0000E+00  0.0000E+00  0.0000E+00
     10.250  0.0000E+00  0.0000E+00  0.0000E+00  0.0000E+00  0.0000E+00  0.0000E+00  0.0000E+00  0.0000E+00  0.0000E+00
     10.400  0.0000E+00  0.0000E+00  0.0000E+00  0.0000E+00  0.0000E+00  0.0000E+00  0.0000E+00  0.0000E+00  0.0000E+00
     10.551  0.0000E+00  0.0000E+00  0.0000E+00  0.0000E+00  0.0000E+00  0.0000E+00  0.0000E+00  0.0000E+00  0.0000E+00
     10.701  0.0000E+00  0.0000E+00  0.0000E+00  0.0000E+00  0.0000E+00  0.0000E+00  0.0000E+00  0.0000E+00  0.0000E+00
     10.852  0.0000E+00  0.0000E+00  0.0000E+00  0.0000E+00  0.0000E+00  0.0000E+00  0.0000E+00  0.0000E+00  0.0000E+00
     11.002  0.0000E+00  0.0000E+00  0.0000E+00  0.0000E+00  0.0000E+00  0.0000E+00  0.0000E+00  0.0000E+00  0.0000E+00
     11.153  0.0000E+00  0.0000E+00  0.0000E+00  0.0000E+00  0.0000E+00  0.0000E+00  0.0000E+00  0.0000E+00  0.0000E+00
     11.303  0.0000E+00  0.0000E+00  0.0000E+00  0.0000E+00  0.0000E+00  0.0000E+00  0.0000E+00  0.0000E+00  0.0000E+00
     11.453  0.0000E+00  0.0000E+00  0.0000E+00  0.0000E+00  0.0000E+00  0.0000E+00  0.0000E+00  0.0000E+00  0.0000E+00
     11.604  0.0000E+00  0.0000E+00  0.0000E+00  0.0000E+00  0.0000E+00  0.0000E+00  0.0000E+00  0.0000E+00  0.0000E+00
     11.754  0.0000E+00  0.0000E+00  0.0000E+00  0.0000E+00  0.0000E+00  0.0000E+00  0.0000E+00  0.0000E+00  0.0000E+00
     11.905  0.0000E+00  0.0000E+00  0.0000E+00  0.0000E+00  0.0000E+00  0.0000E+00  0.0000E+00  0.0000E+00  0.0000E+00
     12.055  0.0000E+00  0.0000E+00  0.0000E+00  0.0000E+00  0.0000E+00  0.0000E+00  0.0000E+00  0.0000E+00  0.0000E+00
     12.206  0.0000E+00  0.0000E+00  0.0000E+00  0.0000E+00  0.0000E+00  0.0000E+00  0.0000E+00  0.0000E+00  0.0000E+00
     12.356  0.0000E+00  0.0000E+00  0.0000E+00  0.0000E+00  0.0000E+00  0.0000E+00  0.0000E+00  0.0000E+00  0.0000E+00
     12.507  0.0000E+00  0.0000E+00  0.0000E+00  0.0000E+00  0.0000E+00  0.0000E+00  0.0000E+00  0.0000E+00  0.0000E+00
     12.657  0.0000E+00  0.0000E+00  0.0000E+00  0.0000E+00  0.0000E+00  0.0000E+00  0.0000E+00  0.0000E+00  0.0000E+00
     12.807  0.0000E+00  0.0000E+00  0.0000E+00  0.0000E+00  0.0000E+00  0.0000E+00  0.0000E+00  0.0000E+00  0.0000E+00
     12.958  0.0000E+00  0.0000E+00  0.0000E+00  0.0000E+00  0.0000E+00  0.0000E+00  0.0000E+00  0.0000E+00  0.0000E+00
     13.108  0.0000E+00  0.0000E+00  0.0000E+00  0.0000E+00  0.0000E+00  0.0000E+00  0.0000E+00  0.0000E+00  0.0000E+00
     13.259  0.0000E+00  0.0000E+00  0.0000E+00  0.0000E+00  0.0000E+00  0.0000E+00  0.0000E+00  0.0000E+00  0.0000E+00
     13.409  0.0000E+00  0.0000E+00  0.0000E+00  0.0000E+00  0.0000E+00  0.0000E+00  0.0000E+00  0.0000E+00  0.0000E+00
     13.560  0.0000E+00  0.0000E+00  0.0000E+00  0.0000E+00  0.0000E+00  0.0000E+00  0.0000E+00  0.0000E+00  0.0000E+00
     13.710  0.0000E+00  0.0000E+00  0.0000E+00  0.0000E+00  0.0000E+00  0.0000E+00  0.0000E+00  0.0000E+00  0.0000E+00
     13.860  0.0000E+00  0.0000E+00  0.0000E+00  0.0000E+00  0.0000E+00  0.0000E+00  0.0000E+00  0.0000E+00  0.0000E+00
     14.011  0.0000E+00  0.0000E+00  0.0000E+00  0.0000E+00  0.0000E+00  0.0000E+00  0.0000E+00  0.0000E+00  0.0000E+00
     14.161  0.0000E+00  0.0000E+00  0.0000E+00  0.0000E+00  0.0000E+00  0.0000E+00  0.0000E+00  0.0000E+00  0.0000E+00
     14.312  0.7396E-04  0.2333E-04  0.2333E-04  0.2333E-04  0.0000E+00  0.0000E+00  0.0000E+00  0.0000E+00  0.0000E+00
     14.462  0.7371E-02  0.2487E-02  0.2487E-02  0.2487E-02  0.0000E+00  0.0000E+00  0.0000E+00  0.0000E+00  0.0000E+00
     14.613  0.1002E-01  0.3750E-02  0.3750E-02  0.3750E-02  0.0000E+00  0.0000E+00  0.0000E+00  0.0000E+00  0.0000E+00
     14.763  0.1221E-01  0.4779E-02  0.4779E-02  0.4779E-02  0.0000E+00  0.0000E+00  0.0000E+00  0.0000E+00  0.0000E+00
     14.914  0.1489E-01  0.6156E-02  0.6156E-02  0.6156E-02  0.0000E+00  0.0000E+00  0.0000E+00  0.0000E+00  0.0000E+00
     15.064  0.1809E-01  0.7755E-02  0.7755E-02  0.7755E-02  0.0000E+00  0.0000E+00  0.0000E+00  0.0000E+00  0.0000E+00
     15.214  0.2112E-01  0.9486E-02  0.9486E-02  0.9486E-02  0.0000E+00  0.0000E+00  0.0000E+00  0.0000E+00  0.0000E+00
     15.365  0.2378E-01  0.1143E-01  0.1143E-01  0.1143E-01  0.0000E+00  0.0000E+00  0.0000E+00  0.0000E+00  0.0000E+00
     15.515  0.2485E-01  0.1329E-01  0.1329E-01  0.1329E-01  0.0000E+00  0.0000E+00  0.0000E+00  0.0000E+00  0.0000E+00
     15.666  0.2624E-01  0.1570E-01  0.1570E-01  0.1570E-01  0.0000E+00  0.0000E+00  0.0000E+00  0.0000E+00  0.0000E+00
     15.816  0.2750E-01  0.1895E-01  0.1895E-01  0.1895E-01  0.0000E+00  0.0000E+00  0.0000E+00  0.0000E+00  0.0000E+00
     15.967  0.2831E-01  0.2189E-01  0.2189E-01  0.2189E-01  0.0000E+00  0.0000E+00  0.0000E+00  0.0000E+00  0.0000E+00
     16.117  0.2901E-01  0.2282E-01  0.2282E-01  0.2282E-01  0.0000E+00  0.0000E+00  0.0000E+00  0.0000E+00  0.0000E+00
     16.267  0.2969E-01  0.2397E-01  0.2397E-01  0.2397E-01  0.0000E+00  0.0000E+00  0.0000E+00  0.0000E+00  0.0000E+00
     16.418  0.3045E-01  0.2533E-01  0.2533E-01  0.2533E-01  0.0000E+00  0.0000E+00  0.0000E+00  0.0000E+00  0.0000E+00
     16.568  0.3104E-01  0.2680E-01  0.2680E-01  0.2680E-01  0.0000E+00  0.0000E+00  0.0000E+00  0.0000E+00  0.0000E+00
     16.719  0.3148E-01  0.2825E-01  0.2825E-01  0.2825E-01  0.0000E+00  0.0000E+00  0.0000E+00  0.0000E+00  0.0000E+00
     16.869  0.3198E-01  0.2982E-01  0.2982E-01  0.2982E-01  0.0000E+00  0.0000E+00  0.0000E+00  0.0000E+00  0.0000E+00
     17.020  0.3248E-01  0.3148E-01  0.3148E-01  0.3148E-01  0.0000E+00  0.0000E+00  0.0000E+00  0.0000E+00  0.0000E+00
     17.170  0.3299E-01  0.3324E-01  0.3324E-01  0.3324E-01  0.0000E+00  0.0000E+00  0.0000E+00  0.0000E+00  0.0000E+00
     17.321  0.3351E-01  0.3517E-01  0.3517E-01  0.3517E-01  0.0000E+00  0.0000E+00  0.0000E+00  0.0000E+00  0.0000E+00
     17.471  0.3390E-01  0.3714E-01  0.3714E-01  0.3714E-01  0.0000E+00  0.0000E+00  0.0000E+00  0.0000E+00  0.0000E+00
     17.621  0.3437E-01  0.3935E-01  0.3935E-01  0.3935E-01  0.0000E+00  0.0000E+00  0.0000E+00  0.0000E+00  0.0000E+00
     17.772  0.3486E-01  0.4167E-01  0.4167E-01  0.4167E-01  0.0000E+00  0.0000E+00  0.0000E+00  0.0000E+00  0.0000E+00
     17.922  0.3552E-01  0.4446E-01  0.4446E-01  0.4446E-01  0.0000E+00  0.0000E+00  0.0000E+00  0.0000E+00  0.0000E+00
     18.073  0.3615E-01  0.4743E-01  0.4743E-01  0.4743E-01  0.0000E+00  0.0000E+00  0.0000E+00  0.0000E+00  0.0000E+00
     18.223  0.3701E-01  0.5128E-01  0.5128E-01  0.5128E-01  0.0000E+00  0.0000E+00  0.0000E+00  0.0000E+00  0.0000E+00
     18.374  0.3787E-01  0.5605E-01  0.5605E-01  0.5605E-01  0.0000E+00  0.0000E+00  0.0000E+00  0.0000E+00  0.0000E+00
     18.524  0.3978E-01  0.6436E-01  0.6436E-01  0.6436E-01  0.0000E+00  0.0000E+00  0.0000E+00  0.0000E+00  0.0000E+00
     18.675  0.4205E-01  0.7478E-01  0.7478E-01  0.7478E-01  0.0000E+00  0.0000E+00  0.0000E+00  0.0000E+00  0.0000E+00
     18.825  0.4352E-01  0.7821E-01  0.7821E-01  0.7821E-01  0.0000E+00  0.0000E+00  0.0000E+00  0.0000E+00  0.0000E+00
     18.975  0.3974E-01  0.5866E-01  0.5866E-01  0.5866E-01  0.0000E+00  0.0000E+00  0.0000E+00  0.0000E+00  0.0000E+00
     19.126  0.6698E-01  0.7778E-01  0.7778E-01  0.7778E-01  0.0000E+00  0.0000E+00  0.0000E+00  0.0000E+00  0.0000E+00
     19.276  0.6956E-01  0.6500E-01  0.6500E-01  0.6500E-01  0.0000E+00  0.0000E+00  0.0000E+00  0.0000E+00  0.0000E+00
     19.427  0.7194E-01  0.5672E-01  0.5672E-01  0.5672E-01  0.0000E+00  0.0000E+00  0.0000E+00  0.0000E+00  0.0000E+00
     19.577  0.6395E-01  0.5560E-01  0.5560E-01  0.5560E-01  0.0000E+00  0.0000E+00  0.0000E+00  0.0000E+00  0.0000E+00
     19.728  0.6327E-01  0.5530E-01  0.5530E-01  0.5530E-01  0.0000E+00  0.0000E+00  0.0000E+00  0.0000E+00  0.0000E+00
     19.878  0.5607E-01  0.5270E-01  0.5270E-01  0.5270E-01  0.0000E+00  0.0000E+00  0.0000E+00  0.0000E+00  0.0000E+00
     20.028  0.5595E-01  0.5339E-01  0.5339E-01  0.5339E-01  0.0000E+00  0.0000E+00  0.0000E+00  0.0000E+00  0.0000E+00
     20.179  0.5286E-01  0.5220E-01  0.5220E-01  0.5220E-01  0.0000E+00  0.0000E+00  0.0000E+00  0.0000E+00  0.0000E+00
     20.329  0.5018E-01  0.5323E-01  0.5323E-01  0.5323E-01  0.0000E+00  0.0000E+00  0.0000E+00  0.0000E+00  0.0000E+00
     20.480  0.4770E-01  0.5388E-01  0.5388E-01  0.5388E-01  0.0000E+00  0.0000E+00  0.0000E+00  0.0000E+00  0.0000E+00
     20.630  0.4608E-01  0.5291E-01  0.5291E-01  0.5291E-01  0.0000E+00  0.0000E+00  0.0000E+00  0.0000E+00  0.0000E+00
     20.781  0.4444E-01  0.5226E-01  0.5226E-01  0.5226E-01  0.0000E+00  0.0000E+00  0.0000E+00  0.0000E+00  0.0000E+00
     20.931  0.4064E-01  0.5088E-01  0.5088E-01  0.5088E-01  0.0000E+00  0.0000E+00  0.0000E+00  0.0000E+00  0.0000E+00
     21.082  0.3960E-01  0.4938E-01  0.4938E-01  0.4938E-01  0.0000E+00  0.0000E+00  0.0000E+00  0.0000E+00  0.0000E+00
     21.232  0.4001E-01  0.4904E-01  0.4904E-01  0.4904E-01  0.0000E+00  0.0000E+00  0.0000E+00  0.0000E+00  0.0000E+00
     21.382  0.3697E-01  0.4485E-01  0.4485E-01  0.4485E-01  0.0000E+00  0.0000E+00  0.0000E+00  0.0000E+00  0.0000E+00
     21.533  0.3075E-01  0.4043E-01  0.4043E-01  0.4043E-01  0.0000E+00  0.0000E+00  0.0000E+00  0.0000E+00  0.0000E+00
     21.683  0.2844E-01  0.3858E-01  0.3858E-01  0.3858E-01  0.0000E+00  0.0000E+00  0.0000E+00  0.0000E+00  0.0000E+00
     21.834  0.3395E-01  0.4074E-01  0.4074E-01  0.4074E-01  0.0000E+00  0.0000E+00  0.0000E+00  0.0000E+00  0.0000E+00
     21.984  0.3888E-01  0.4162E-01  0.4162E-01  0.4162E-01  0.0000E+00  0.0000E+00  0.0000E+00  0.0000E+00  0.0000E+00
     22.135  0.4597E-01  0.4306E-01  0.4306E-01  0.4306E-01  0.0000E+00  0.0000E+00  0.0000E+00  0.0000E+00  0.0000E+00
     22.285  0.4496E-01  0.4154E-01  0.4154E-01  0.4154E-01  0.0000E+00  0.0000E+00  0.0000E+00  0.0000E+00  0.0000E+00
     22.435  0.4804E-01  0.4256E-01  0.4256E-01  0.4256E-01  0.0000E+00  0.0000E+00  0.0000E+00  0.0000E+00  0.0000E+00
     22.586  0.5406E-01  0.4606E-01  0.4606E-01  0.4606E-01  0.0000E+00  0.0000E+00  0.0000E+00  0.0000E+00  0.0000E+00
     22.736  0.5265E-01  0.4635E-01  0.4635E-01  0.4635E-01  0.0000E+00  0.0000E+00  0.0000E+00  0.0000E+00  0.0000E+00
     22.887  0.5633E-01  0.4875E-01  0.4875E-01  0.4875E-01  0.0000E+00  0.0000E+00  0.0000E+00  0.0000E+00  0.0000E+00
     23.037  0.5537E-01  0.4822E-01  0.4822E-01  0.4822E-01  0.0000E+00  0.0000E+00  0.0000E+00  0.0000E+00  0.0000E+00
     23.188  0.5647E-01  0.4971E-01  0.4971E-01  0.4971E-01  0.0000E+00  0.0000E+00  0.0000E+00  0.0000E+00  0.0000E+00
     23.338  0.5851E-01  0.5242E-01  0.5242E-01  0.5242E-01  0.0000E+00  0.0000E+00  0.0000E+00  0.0000E+00  0.0000E+00
     23.489  0.5495E-01  0.5197E-01  0.5197E-01  0.5197E-01  0.0000E+00  0.0000E+00  0.0000E+00  0.0000E+00  0.0000E+00
     23.639  0.5597E-01  0.5281E-01  0.5281E-01  0.5281E-01  0.0000E+00  0.0000E+00  0.0000E+00  0.0000E+00  0.0000E+00
     23.789  0.5692E-01  0.5354E-01  0.5354E-01  0.5354E-01  0.0000E+00  0.0000E+00  0.0000E+00  0.0000E+00  0.0000E+00
     23.940  0.5970E-01  0.5707E-01  0.5707E-01  0.5707E-01  0.0000E+00  0.0000E+00  0.0000E+00  0.0000E+00  0.0000E+00
     24.090  0.6008E-01  0.5724E-01  0.5724E-01  0.5724E-01  0.0000E+00  0.0000E+00  0.0000E+00  0.0000E+00  0.0000E+00
     24.241  0.8442E-01  0.6005E-01  0.6005E-01  0.6005E-01  0.0000E+00  0.0000E+00  0.0000E+00  0.0000E+00  0.0000E+00
     24.391  0.1164E+00  0.6275E-01  0.6275E-01  0.6275E-01  0.0000E+00  0.0000E+00  0.0000E+00  0.0000E+00  0.0000E+00
     24.542  0.1080E+00  0.6809E-01  0.6809E-01  0.6809E-01  0.0000E+00  0.0000E+00  0.0000E+00  0.0000E+00  0.0000E+00
     24.692  0.9028E-01  0.6409E-01  0.6409E-01  0.6409E-01  0.0000E+00  0.0000E+00  0.0000E+00  0.0000E+00  0.0000E+00
     24.843  0.5899E-01  0.5958E-01  0.5958E-01  0.5958E-01  0.0000E+00  0.0000E+00  0.0000E+00  0.0000E+00  0.0000E+00
     24.993  0.5042E-01  0.6176E-01  0.6176E-01  0.6176E-01  0.0000E+00  0.0000E+00  0.0000E+00  0.0000E+00  0.0000E+00
     25.143  0.4543E-01  0.6446E-01  0.6446E-01  0.6446E-01  0.0000E+00  0.0000E+00  0.0000E+00  0.0000E+00  0.0000E+00
     25.294  0.4658E-01  0.7529E-01  0.7529E-01  0.7529E-01  0.0000E+00  0.0000E+00  0.0000E+00  0.0000E+00  0.0000E+00
     25.444  0.4790E-01  0.8371E-01  0.8371E-01  0.8371E-01  0.0000E+00  0.0000E+00  0.0000E+00  0.0000E+00  0.0000E+00
     25.595  0.4311E-01  0.8103E-01  0.8103E-01  0.8103E-01  0.0000E+00  0.0000E+00  0.0000E+00  0.0000E+00  0.0000E+00
     25.745  0.3566E-01  0.7301E-01  0.7301E-01  0.7301E-01  0.0000E+00  0.0000E+00  0.0000E+00  0.0000E+00  0.0000E+00
     25.896  0.2972E-01  0.6813E-01  0.6813E-01  0.6813E-01  0.0000E+00  0.0000E+00  0.0000E+00  0.0000E+00  0.0000E+00
     26.046  0.2529E-01  0.6581E-01  0.6581E-01  0.6581E-01  0.0000E+00  0.0000E+00  0.0000E+00  0.0000E+00  0.0000E+00
     26.196  0.2099E-01  0.6254E-01  0.6254E-01  0.6254E-01  0.0000E+00  0.0000E+00  0.0000E+00  0.0000E+00  0.0000E+00
     26.347  0.1758E-01  0.6014E-01  0.6014E-01  0.6014E-01  0.0000E+00  0.0000E+00  0.0000E+00  0.0000E+00  0.0000E+00
     26.497  0.1401E-01  0.5741E-01  0.5741E-01  0.5741E-01  0.0000E+00  0.0000E+00  0.0000E+00  0.0000E+00  0.0000E+00
     26.648  0.1071E-01  0.5643E-01  0.5643E-01  0.5643E-01  0.0000E+00  0.0000E+00  0.0000E+00  0.0000E+00  0.0000E+00
     26.798  0.7868E-02  0.7310E-01  0.7310E-01  0.7310E-01  0.0000E+00  0.0000E+00  0.0000E+00  0.0000E+00  0.0000E+00
     26.949  0.4955E-02  0.2863E-01  0.2863E-01  0.2863E-01  0.0000E+00  0.0000E+00  0.0000E+00  0.0000E+00  0.0000E+00
     27.099  0.3855E-02  0.2543E-01  0.2543E-01  0.2543E-01  0.0000E+00  0.0000E+00  0.0000E+00  0.0000E+00  0.0000E+00
     27.250  0.2956E-02  0.2294E-01  0.2294E-01  0.2294E-01  0.0000E+00  0.0000E+00  0.0000E+00  0.0000E+00  0.0000E+00
     27.400  0.2172E-02  0.2034E-01  0.2034E-01  0.2034E-01  0.0000E+00  0.0000E+00  0.0000E+00  0.0000E+00  0.0000E+00
     27.550  0.1454E-02  0.1794E-01  0.1794E-01  0.1794E-01  0.0000E+00  0.0000E+00  0.0000E+00  0.0000E+00  0.0000E+00
     27.701  0.8649E-03  0.1448E-01  0.1448E-01  0.1448E-01  0.0000E+00  0.0000E+00  0.0000E+00  0.0000E+00  0.0000E+00
     27.851  0.3881E-03  0.1098E-01  0.1098E-01  0.1098E-01  0.0000E+00  0.0000E+00  0.0000E+00  0.0000E+00  0.0000E+00
     28.002  0.1143E-03  0.6993E-02  0.6993E-02  0.6993E-02  0.0000E+00  0.0000E+00  0.0000E+00  0.0000E+00  0.0000E+00
     28.152  0.1497E-05  0.3112E-03  0.3112E-03  0.3112E-03  0.0000E+00  0.0000E+00  0.0000E+00  0.0000E+00  0.0000E+00
     28.303  0.0000E+00  0.0000E+00  0.0000E+00  0.0000E+00  0.0000E+00  0.0000E+00  0.0000E+00  0.0000E+00  0.0000E+00
     28.453  0.0000E+00  0.0000E+00  0.0000E+00  0.0000E+00  0.0000E+00  0.0000E+00  0.0000E+00  0.0000E+00  0.0000E+00
     28.603  0.0000E+00  0.0000E+00  0.0000E+00  0.0000E+00  0.0000E+00  0.0000E+00  0.0000E+00  0.0000E+00  0.0000E+00
     28.754  0.0000E+00  0.0000E+00  0.0000E+00  0.0000E+00  0.0000E+00  0.0000E+00  0.0000E+00  0.0000E+00  0.0000E+00
     28.904  0.0000E+00  0.0000E+00  0.0000E+00  0.0000E+00  0.0000E+00  0.0000E+00  0.0000E+00  0.0000E+00  0.0000E+00
     29.055  0.0000E+00  0.0000E+00  0.0000E+00  0.0000E+00  0.0000E+00  0.0000E+00  0.0000E+00  0.0000E+00  0.0000E+00
     29.205  0.0000E+00  0.0000E+00  0.0000E+00  0.0000E+00  0.0000E+00  0.0000E+00  0.0000E+00  0.0000E+00  0.0000E+00
     29.356  0.0000E+00  0.0000E+00  0.0000E+00  0.0000E+00  0.0000E+00  0.0000E+00  0.0000E+00  0.0000E+00  0.0000E+00
     29.506  0.0000E+00  0.0000E+00  0.0000E+00  0.0000E+00  0.0000E+00  0.0000E+00  0.0000E+00  0.0000E+00  0.0000E+00
     29.657  0.0000E+00  0.0000E+00  0.0000E+00  0.0000E+00  0.0000E+00  0.0000E+00  0.0000E+00  0.0000E+00  0.0000E+00
     29.807  0.0000E+00  0.0000E+00  0.0000E+00  0.0000E+00  0.0000E+00  0.0000E+00  0.0000E+00  0.0000E+00  0.0000E+00
     29.957  0.0000E+00  0.0000E+00  0.0000E+00  0.0000E+00  0.0000E+00  0.0000E+00  0.0000E+00  0.0000E+00  0.0000E+00
     30.108  0.0000E+00  0.0000E+00  0.0000E+00  0.0000E+00  0.0000E+00  0.0000E+00  0.0000E+00  0.0000E+00  0.0000E+00
     30.10786757    -15.02383896  301      9.94510789      1.00000000
    -15.024  0.0000E+00  0.0000E+00  0.0000E+00  0.0000E+00  0.0000E+00  0.0000E+00  0.0000E+00  0.0000E+00  0.0000E+00
    -14.873  0.0000E+00  0.0000E+00  0.0000E+00  0.0000E+00  0.0000E+00  0.0000E+00  0.0000E+00  0.0000E+00  0.0000E+00
    -14.723  0.0000E+00  0.0000E+00  0.0000E+00  0.0000E+00  0.0000E+00  0.0000E+00  0.0000E+00  0.0000E+00  0.0000E+00
    -14.573  0.0000E+00  0.0000E+00  0.0000E+00  0.0000E+00  0.0000E+00  0.0000E+00  0.0000E+00  0.0000E+00  0.0000E+00
    -14.422  0.0000E+00  0.0000E+00  0.0000E+00  0.0000E+00  0.0000E+00  0.0000E+00  0.0000E+00  0.0000E+00  0.0000E+00
    -14.272  0.0000E+00  0.0000E+00  0.0000E+00  0.0000E+00  0.0000E+00  0.0000E+00  0.0000E+00  0.0000E+00  0.0000E+00
    -14.121  0.0000E+00  0.0000E+00  0.0000E+00  0.0000E+00  0.0000E+00  0.0000E+00  0.0000E+00  0.0000E+00  0.0000E+00
    -13.971  0.0000E+00  0.0000E+00  0.0000E+00  0.0000E+00  0.0000E+00  0.0000E+00  0.0000E+00  0.0000E+00  0.0000E+00
    -13.820  0.0000E+00  0.0000E+00  0.0000E+00  0.0000E+00  0.0000E+00  0.0000E+00  0.0000E+00  0.0000E+00  0.0000E+00
    -13.670  0.0000E+00  0.0000E+00  0.0000E+00  0.0000E+00  0.0000E+00  0.0000E+00  0.0000E+00  0.0000E+00  0.0000E+00
    -13.519  0.0000E+00  0.0000E+00  0.0000E+00  0.0000E+00  0.0000E+00  0.0000E+00  0.0000E+00  0.0000E+00  0.0000E+00
    -13.369  0.0000E+00  0.0000E+00  0.0000E+00  0.0000E+00  0.0000E+00  0.0000E+00  0.0000E+00  0.0000E+00  0.0000E+00
    -13.219  0.0000E+00  0.0000E+00  0.0000E+00  0.0000E+00  0.0000E+00  0.0000E+00  0.0000E+00  0.0000E+00  0.0000E+00
    -13.068  0.0000E+00  0.0000E+00  0.0000E+00  0.0000E+00  0.0000E+00  0.0000E+00  0.0000E+00  0.0000E+00  0.0000E+00
    -12.918  0.7200E-02  0.5592E-05  0.5592E-05  0.5592E-05  0.0000E+00  0.0000E+00  0.0000E+00  0.0000E+00  0.0000E+00
    -12.767  0.1647E-01  0.4645E-04  0.4645E-04  0.4645E-04  0.0000E+00  0.0000E+00  0.0000E+00  0.0000E+00  0.0000E+00
    -12.617  0.1770E-01  0.9533E-04  0.9533E-04  0.9533E-04  0.0000E+00  0.0000E+00  0.0000E+00  0.0000E+00  0.0000E+00
    -12.466  0.2050E-01  0.1581E-03  0.1581E-03  0.1581E-03  0.0000E+00  0.0000E+00  0.0000E+00  0.0000E+00  0.0000E+00
    -12.316  0.2337E-01  0.2329E-03  0.2329E-03  0.2329E-03  0.0000E+00  0.0000E+00  0.0000E+00  0.0000E+00  0.0000E+00
    -12.165  0.2589E-01  0.3167E-03  0.3167E-03  0.3167E-03  0.0000E+00  0.0000E+00  0.0000E+00  0.0000E+00  0.0000E+00
    -12.015  0.2804E-01  0.4104E-03  0.4104E-03  0.4104E-03  0.0000E+00  0.0000E+00  0.0000E+00  0.0000E+00  0.0000E+00
    -11.865  0.3012E-01  0.5102E-03  0.5102E-03  0.5102E-03  0.0000E+00  0.0000E+00  0.0000E+00  0.0000E+00  0.0000E+00
    -11.714  0.3210E-01  0.6157E-03  0.6157E-03  0.6157E-03  0.0000E+00  0.0000E+00  0.0000E+00  0.0000E+00  0.0000E+00
    -11.564  0.3382E-01  0.7305E-03  0.7305E-03  0.7305E-03  0.0000E+00  0.0000E+00  0.0000E+00  0.0000E+00  0.0000E+00
    -11.413  0.3560E-01  0.8478E-03  0.8478E-03  0.8478E-03  0.0000E+00  0.0000E+00  0.0000E+00  0.0000E+00  0.0000E+00
    -11.263  0.3713E-01  0.9747E-03  0.9747E-03  0.9747E-03  0.0000E+00  0.0000E+00  0.0000E+00  0.0000E+00  0.0000E+00
    -11.112  0.3873E-01  0.1103E-02  0.1103E-02  0.1103E-02  0.0000E+00  0.0000E+00  0.0000E+00  0.0000E+00  0.0000E+00
    -10.962  0.4014E-01  0.1241E-02  0.1241E-02  0.1241E-02  0.0000E+00  0.0000E+00  0.0000E+00  0.0000E+00  0.0000E+00
    -10.812  0.4164E-01  0.1379E-02  0.1379E-02  0.1379E-02  0.0000E+00  0.0000E+00  0.0000E+00  0.0000E+00  0.0000E+00
    -10.661  0.4294E-01  0.1527E-02  0.1527E-02  0.1527E-02  0.0000E+00  0.0000E+00  0.0000E+00  0.0000E+00  0.0000E+00
    -10.511  0.4434E-01  0.1675E-02  0.1675E-02  0.1675E-02  0.0000E+00  0.0000E+00  0.0000E+00  0.0000E+00  0.0000E+00
    -10.360  0.4558E-01  0.1832E-02  0.1832E-02  0.1832E-02  0.0000E+00  0.0000E+00  0.0000E+00  0.0000E+00  0.0000E+00
    -10.210  0.4687E-01  0.1990E-02  0.1990E-02  0.1990E-02  0.0000E+00  0.0000E+00  0.0000E+00  0.0000E+00  0.0000E+00
    -10.059  0.4812E-01  0.2153E-02  0.2153E-02  0.2153E-02  0.0000E+00  0.0000E+00  0.0000E+00  0.0000E+00  0.0000E+00
     -9.909  0.4932E-01  0.2322E-02  0.2322E-02  0.2322E-02  0.0000E+00  0.0000E+00  0.0000E+00  0.0000E+00  0.0000E+00
     -9.758  0.5060E-01  0.2491E-02  0.2491E-02  0.2491E-02  0.0000E+00  0.0000E+00  0.0000E+00  0.0000E+00  0.0000E+00
     -9.608  0.5175E-01  0.2669E-02  0.2669E-02  0.2669E-02  0.0000E+00  0.0000E+00  0.0000E+00  0.0000E+00  0.0000E+00
     -9.458  0.5296E-01  0.2848E-02  0.2848E-02  0.2848E-02  0.0000E+00  0.0000E+00  0.0000E+00  0.0000E+00  0.0000E+00
     -9.307  0.5419E-01  0.3030E-02  0.3030E-02  0.3030E-02  0.0000E+00  0.0000E+00  0.0000E+00  0.0000E+00  0.0000E+00
     -9.157  0.5537E-01  0.3220E-02  0.3220E-02  0.3220E-02  0.0000E+00  0.0000E+00  0.0000E+00  0.0000E+00  0.0000E+00
     -9.006  0.5661E-01  0.3409E-02  0.3409E-02  0.3409E-02  0.0000E+00  0.0000E+00  0.0000E+00  0.0000E+00  0.0000E+00
     -8.856  0.5786E-01  0.3604E-02  0.3604E-02  0.3604E-02  0.0000E+00  0.0000E+00  0.0000E+00  0.0000E+00  0.0000E+00
     -8.705  0.5912E-01  0.3804E-02  0.3804E-02  0.3804E-02  0.0000E+00  0.0000E+00  0.0000E+00  0.0000E+00  0.0000E+00
     -8.555  0.6046E-01  0.4005E-02  0.4005E-02  0.4005E-02  0.0000E+00  0.0000E+00  0.0000E+00  0.0000E+00  0.0000E+00
     -8.405  0.6184E-01  0.4212E-02  0.4212E-02  0.4212E-02  0.0000E+00  0.0000E+00  0.0000E+00  0.0000E+00  0.0000E+00
     -8.254  0.6327E-01  0.4425E-02  0.4425E-02  0.4425E-02  0.0000E+00  0.0000E+00  0.0000E+00  0.0000E+00  0.0000E+00
     -8.104  0.6483E-01  0.4639E-02  0.4639E-02  0.4639E-02  0.0000E+00  0.0000E+00  0.0000E+00  0.0000E+00  0.0000E+00
     -7.953  0.6649E-01  0.4860E-02  0.4860E-02  0.4860E-02  0.0000E+00  0.0000E+00  0.0000E+00  0.0000E+00  0.0000E+00
     -7.803  0.6831E-01  0.5090E-02  0.5090E-02  0.5090E-02  0.0000E+00  0.0000E+00  0.0000E+00  0.0000E+00  0.0000E+00
     -7.652  0.7038E-01  0.5324E-02  0.5324E-02  0.5324E-02  0.0000E+00  0.0000E+00  0.0000E+00  0.0000E+00  0.0000E+00
     -7.502  0.7277E-01  0.5569E-02  0.5569E-02  0.5569E-02  0.0000E+00  0.0000E+00  0.0000E+00  0.0000E+00  0.0000E+00
     -7.351  0.7567E-01  0.5837E-02  0.5837E-02  0.5837E-02  0.0000E+00  0.0000E+00  0.0000E+00  0.0000E+00  0.0000E+00
     -7.201  0.7948E-01  0.6130E-02  0.6130E-02  0.6130E-02  0.0000E+00  0.0000E+00  0.0000E+00  0.0000E+00  0.0000E+00
     -7.051  0.8539E-01  0.6494E-02  0.6494E-02  0.6494E-02  0.0000E+00  0.0000E+00  0.0000E+00  0.0000E+00  0.0000E+00
     -6.900  0.9806E-01  0.7116E-02  0.7116E-02  0.7116E-02  0.0000E+00  0.0000E+00  0.0000E+00  0.0000E+00  0.0000E+00
     -6.750  0.9422E-01  0.7113E-02  0.7113E-02  0.7113E-02  0.0000E+00  0.0000E+00  0.0000E+00  0.0000E+00  0.0000E+00
     -6.599  0.9272E-01  0.7192E-02  0.7192E-02  0.7192E-02  0.0000E+00  0.0000E+00  0.0000E+00  0.0000E+00  0.0000E+00
     -6.449  0.8812E-01  0.7128E-02  0.7128E-02  0.7128E-02  0.0000E+00  0.0000E+00  0.0000E+00  0.0000E+00  0.0000E+00
     -6.298  0.8575E-01  0.7154E-02  0.7154E-02  0.7154E-02  0.0000E+00  0.0000E+00  0.0000E+00  0.0000E+00  0.0000E+00
     -6.148  0.8225E-01  0.7096E-02  0.7096E-02  0.7096E-02  0.0000E+00  0.0000E+00  0.0000E+00  0.0000E+00  0.0000E+00
     -5.997  0.7971E-01  0.7096E-02  0.7096E-02  0.7096E-02  0.0000E+00  0.0000E+00  0.0000E+00  0.0000E+00  0.0000E+00
     -5.847  0.7694E-01  0.7053E-02  0.7053E-02  0.7053E-02  0.0000E+00  0.0000E+00  0.0000E+00  0.0000E+00  0.0000E+00
     -5.697  0.7391E-01  0.6982E-02  0.6982E-02  0.6982E-02  0.0000E+00  0.0000E+00  0.0000E+00  0.0000E+00  0.0000E+00
     -5.546  0.7124E-01  0.6933E-02  0.6933E-02  0.6933E-02  0.0000E+00  0.0000E+00  0.0000E+00  0.0000E+00  0.0000E+00
     -5.396  0.6855E-01  0.6856E-02  0.6856E-02  0.6856E-02  0.0000E+00  0.0000E+00  0.0000E+00  0.0000E+00  0.0000E+00
     -5.245  0.6555E-01  0.6747E-02  0.6747E-02  0.6747E-02  0.0000E+00  0.0000E+00  0.0000E+00  0.0000E+00  0.0000E+00
     -5.095  0.6310E-01  0.6668E-02  0.6668E-02  0.6668E-02  0.0000E+00  0.0000E+00  0.0000E+00  0.0000E+00  0.0000E+00
     -4.944  0.5999E-01  0.6524E-02  0.6524E-02  0.6524E-02  0.0000E+00  0.0000E+00  0.0000E+00  0.0000E+00  0.0000E+00
     -4.794  0.5726E-01  0.6391E-02  0.6391E-02  0.6391E-02  0.0000E+00  0.0000E+00  0.0000E+00  0.0000E+00  0.0000E+00
     -4.644  0.5431E-01  0.6234E-02  0.6234E-02  0.6234E-02  0.0000E+00  0.0000E+00  0.0000E+00  0.0000E+00  0.0000E+00
     -4.493  0.5147E-01  0.6061E-02  0.6061E-02  0.6061E-02  0.0000E+00  0.0000E+00  0.0000E+00  0.0000E+00  0.0000E+00
     -4.343  0.4841E-01  0.5865E-02  0.5865E-02  0.5865E-02  0.0000E+00  0.0000E+00  0.0000E+00  0.0000E+00  0.0000E+00
     -4.192  0.4898E-01  0.8223E-02  0.8223E-02  0.8223E-02  0.0000E+00  0.0000E+00  0.0000E+00  0.0000E+00  0.0000E+00
     -4.042  0.4958E-01  0.1012E-01  0.1012E-01  0.1012E-01  0.0000E+00  0.0000E+00  0.0000E+00  0.0000E+00  0.0000E+00
     -3.891  0.5094E-01  0.1170E-01  0.1170E-01  0.1170E-01  0.0000E+00  0.0000E+00  0.0000E+00  0.0000E+00  0.0000E+00
     -3.741  0.4232E-01  0.1125E-01  0.1125E-01  0.1125E-01  0.0000E+00  0.0000E+00  0.0000E+00  0.0000E+00  0.0000E+00
     -3.590  0.3076E-01  0.1067E-01  0.1067E-01  0.1067E-01  0.0000E+00  0.0000E+00  0.0000E+00  0.0000E+00  0.0000E+00
     -3.440  0.2957E-01  0.1160E-01  0.1160E-01  0.1160E-01  0.0000E+00  0.0000E+00  0.0000E+00  0.0000E+00  0.0000E+00
     -3.290  0.3085E-01  0.1272E-01  0.1272E-01  0.1272E-01  0.0000E+00  0.0000E+00  0.0000E+00  0.0000E+00  0.0000E+00
     -3.139  0.3329E-01  0.1415E-01  0.1415E-01  0.1415E-01  0.0000E+00  0.0000E+00  0.0000E+00  0.0000E+00  0.0000E+00
     -2.989  0.4024E-01  0.1622E-01  0.1622E-01  0.1622E-01  0.0000E+00  0.0000E+00  0.0000E+00  0.0000E+00  0.0000E+00
     -2.838  0.5000E-01  0.1890E-01  0.1890E-01  0.1890E-01  0.0000E+00  0.0000E+00  0.0000E+00  0.0000E+00  0.0000E+00
     -2.688  0.6301E-01  0.2229E-01  0.2229E-01  0.2229E-01  0.0000E+00  0.0000E+00  0.0000E+00  0.0000E+00  0.0000E+00
     -2.537  0.7865E-01  0.2674E-01  0.2674E-01  0.2674E-01  0.0000E+00  0.0000E+00  0.0000E+00  0.0000E+00  0.0000E+00
     -2.387  0.1070E+00  0.3463E-01  0.3463E-01  0.3463E-01  0.0000E+00  0.0000E+00  0.0000E+00  0.0000E+00  0.0000E+00
     -2.237  0.9827E-01  0.3141E-01  0.3141E-01  0.3141E-01  0.0000E+00  0.0000E+00  0.0000E+00  0.0000E+00  0.0000E+00
     -2.086  0.7580E-01  0.2518E-01  0.2518E-01  0.2518E-01  0.0000E+00  0.0000E+00  0.0000E+00  0.0000E+00  0.0000E+00
     -1.936  0.6798E-01  0.2300E-01  0.2300E-01  0.2300E-01  0.0000E+00  0.0000E+00  0.0000E+00  0.0000E+00  0.0000E+00
     -1.785  0.6123E-01  0.2122E-01  0.2122E-01  0.2122E-01  0.0000E+00  0.0000E+00  0.0000E+00  0.0000E+00  0.0000E+00
     -1.635  0.5751E-01  0.2027E-01  0.2027E-01  0.2027E-01  0.0000E+00  0.0000E+00  0.0000E+00  0.0000E+00  0.0000E+00
     -1.484  0.5279E-01  0.1909E-01  0.1909E-01  0.1909E-01  0.0000E+00  0.0000E+00  0.0000E+00  0.0000E+00  0.0000E+00
     -1.334  0.5018E-01  0.1849E-01  0.1849E-01  0.1849E-01  0.0000E+00  0.0000E+00  0.0000E+00  0.0000E+00  0.0000E+00
     -1.183  0.4655E-01  0.1760E-01  0.1760E-01  0.1760E-01  0.0000E+00  0.0000E+00  0.0000E+00  0.0000E+00  0.0000E+00
     -1.033  0.4434E-01  0.1713E-01  0.1713E-01  0.1713E-01  0.0000E+00  0.0000E+00  0.0000E+00  0.0000E+00  0.0000E+00
     -0.883  0.4176E-01  0.1653E-01  0.1653E-01  0.1653E-01  0.0000E+00  0.0000E+00  0.0000E+00  0.0000E+00  0.0000E+00
     -0.732  0.3931E-01  0.1596E-01  0.1596E-01  0.1596E-01  0.0000E+00  0.0000E+00  0.0000E+00  0.0000E+00  0.0000E+00
     -0.582  0.3750E-01  0.1559E-01  0.1559E-01  0.1559E-01  0.0000E+00  0.0000E+00  0.0000E+00  0.0000E+00  0.0000E+00
     -0.431  0.3486E-01  0.1492E-01  0.1492E-01  0.1492E-01  0.0000E+00  0.0000E+00  0.0000E+00  0.0000E+00  0.0000E+00
     -0.281  0.3350E-01  0.1466E-01  0.1466E-01  0.1466E-01  0.0000E+00  0.0000E+00  0.0000E+00  0.0000E+00  0.0000E+00
     -0.130  0.3164E-01  0.1423E-01  0.1423E-01  0.1423E-01  0.0000E+00  0.0000E+00  0.0000E+00  0.0000E+00  0.0000E+00
      0.020  0.3089E-01  0.2130E-01  0.2130E-01  0.2130E-01  0.0000E+00  0.0000E+00  0.0000E+00  0.0000E+00  0.0000E+00
      0.171  0.3059E-01  0.2466E-01  0.2466E-01  0.2466E-01  0.0000E+00  0.0000E+00  0.0000E+00  0.0000E+00  0.0000E+00
      0.321  0.2993E-01  0.2834E-01  0.2834E-01  0.2834E-01  0.0000E+00  0.0000E+00  0.0000E+00  0.0000E+00  0.0000E+00
      0.471  0.3013E-01  0.3210E-01  0.3210E-01  0.3210E-01  0.0000E+00  0.0000E+00  0.0000E+00  0.0000E+00  0.0000E+00
      0.622  0.3124E-01  0.3935E-01  0.3935E-01  0.3935E-01  0.0000E+00  0.0000E+00  0.0000E+00  0.0000E+00  0.0000E+00
      0.772  0.3120E-01  0.4124E-01  0.4124E-01  0.4124E-01  0.0000E+00  0.0000E+00  0.0000E+00  0.0000E+00  0.0000E+00
      0.923  0.3116E-01  0.4022E-01  0.4022E-01  0.4022E-01  0.0000E+00  0.0000E+00  0.0000E+00  0.0000E+00  0.0000E+00
      1.073  0.3113E-01  0.3955E-01  0.3955E-01  0.3955E-01  0.0000E+00  0.0000E+00  0.0000E+00  0.0000E+00  0.0000E+00
      1.224  0.3025E-01  0.3843E-01  0.3843E-01  0.3843E-01  0.0000E+00  0.0000E+00  0.0000E+00  0.0000E+00  0.0000E+00
      1.374  0.3012E-01  0.3981E-01  0.3981E-01  0.3981E-01  0.0000E+00  0.0000E+00  0.0000E+00  0.0000E+00  0.0000E+00
      1.524  0.2981E-01  0.4033E-01  0.4033E-01  0.4033E-01  0.0000E+00  0.0000E+00  0.0000E+00  0.0000E+00  0.0000E+00
      1.675  0.2900E-01  0.4184E-01  0.4184E-01  0.4184E-01  0.0000E+00  0.0000E+00  0.0000E+00  0.0000E+00  0.0000E+00
      1.825  0.2857E-01  0.4242E-01  0.4242E-01  0.4242E-01  0.0000E+00  0.0000E+00  0.0000E+00  0.0000E+00  0.0000E+00
      1.976  0.2817E-01  0.4406E-01  0.4406E-01  0.4406E-01  0.0000E+00  0.0000E+00  0.0000E+00  0.0000E+00  0.0000E+00
      2.126  0.2744E-01  0.4540E-01  0.4540E-01  0.4540E-01  0.0000E+00  0.0000E+00  0.0000E+00  0.0000E+00  0.0000E+00
      2.277  0.2676E-01  0.4712E-01  0.4712E-01  0.4712E-01  0.0000E+00  0.0000E+00  0.0000E+00  0.0000E+00  0.0000E+00
      2.427  0.2632E-01  0.4940E-01  0.4940E-01  0.4940E-01  0.0000E+00  0.0000E+00  0.0000E+00  0.0000E+00  0.0000E+00
      2.578  0.2563E-01  0.5131E-01  0.5131E-01  0.5131E-01  0.0000E+00  0.0000E+00  0.0000E+00  0.0000E+00  0.0000E+00
      2.728  0.2471E-01  0.5399E-01  0.5399E-01  0.5399E-01  0.0000E+00  0.0000E+00  0.0000E+00  0.0000E+00  0.0000E+00
      2.878  0.2420E-01  0.5725E-01  0.5725E-01  0.5725E-01  0.0000E+00  0.0000E+00  0.0000E+00  0.0000E+00  0.0000E+00
      3.029  0.2355E-01  0.6278E-01  0.6278E-01  0.6278E-01  0.0000E+00  0.0000E+00  0.0000E+00  0.0000E+00  0.0000E+00
      3.179  0.2260E-01  0.7300E-01  0.7300E-01  0.7300E-01  0.0000E+00  0.0000E+00  0.0000E+00  0.0000E+00  0.0000E+00
      3.330  0.2180E-01  0.7735E-01  0.7735E-01  0.7735E-01  0.0000E+00  0.0000E+00  0.0000E+00  0.0000E+00  0.0000E+00
      3.480  0.2112E-01  0.7384E-01  0.7384E-01  0.7384E-01  0.0000E+00  0.0000E+00  0.0000E+00  0.0000E+00  0.0000E+00
      3.631  0.2029E-01  0.7337E-01  0.7337E-01  0.7337E-01  0.0000E+00  0.0000E+00  0.0000E+00  0.0000E+00  0.0000E+00
      3.781  0.1927E-01  0.7270E-01  0.7270E-01  0.7270E-01  0.0000E+00  0.0000E+00  0.0000E+00  0.0000E+00  0.0000E+00
      3.931  0.1866E-01  0.7246E-01  0.7246E-01  0.7246E-01  0.0000E+00  0.0000E+00  0.0000E+00  0.0000E+00  0.0000E+00
      4.082  0.1797E-01  0.7236E-01  0.7236E-01  0.7236E-01  0.0000E+00  0.0000E+00  0.0000E+00  0.0000E+00  0.0000E+00
      4.232  0.1710E-01  0.7193E-01  0.7193E-01  0.7193E-01  0.0000E+00  0.0000E+00  0.0000E+00  0.0000E+00  0.0000E+00
      4.383  0.1629E-01  0.7140E-01  0.7140E-01  0.7140E-01  0.0000E+00  0.0000E+00  0.0000E+00  0.0000E+00  0.0000E+00
      4.533  0.1569E-01  0.7150E-01  0.7150E-01  0.7150E-01  0.0000E+00  0.0000E+00  0.0000E+00  0.0000E+00  0.0000E+00
      4.684  0.1489E-01  0.7098E-01  0.7098E-01  0.7098E-01  0.0000E+00  0.0000E+00  0.0000E+00  0.0000E+00  0.0000E+00
      4.834  0.1401E-01  0.7063E-01  0.7063E-01  0.7063E-01  0.0000E+00  0.0000E+00  0.0000E+00  0.0000E+00  0.0000E+00
      4.985  0.1339E-01  0.7057E-01  0.7057E-01  0.7057E-01  0.0000E+00  0.0000E+00  0.0000E+00  0.0000E+00  0.0000E+00
      5.135  0.1279E-01  0.7021E-01  0.7021E-01  0.7021E-01  0.0000E+00  0.0000E+00  0.0000E+00  0.0000E+00  0.0000E+00
      5.285  0.1211E-01  0.7002E-01  0.7002E-01  0.7002E-01  0.0000E+00  0.0000E+00  0.0000E+00  0.0000E+00  0.0000E+00
      5.436  0.1136E-01  0.6959E-01  0.6959E-01  0.6959E-01  0.0000E+00  0.0000E+00  0.0000E+00  0.0000E+00  0.0000E+00
      5.586  0.1073E-01  0.6945E-01  0.6945E-01  0.6945E-01  0.0000E+00  0.0000E+00  0.0000E+00  0.0000E+00  0.0000E+00
      5.737  0.1007E-01  0.6912E-01  0.6912E-01  0.6912E-01  0.0000E+00  0.0000E+00  0.0000E+00  0.0000E+00  0.0000E+00
      5.887  0.9392E-02  0.6894E-01  0.6894E-01  0.6894E-01  0.0000E+00  0.0000E+00  0.0000E+00  0.0000E+00  0.0000E+00
      6.038  0.8688E-02  0.6852E-01  0.6852E-01  0.6852E-01  0.0000E+00  0.0000E+00  0.0000E+00  0.0000E+00  0.0000E+00
      6.188  0.8167E-02  0.6837E-01  0.6837E-01  0.6837E-01  0.0000E+00  0.0000E+00  0.0000E+00  0.0000E+00  0.0000E+00
      6.339  0.7651E-02  0.6806E-01  0.6806E-01  0.6806E-01  0.0000E+00  0.0000E+00  0.0000E+00  0.0000E+00  0.0000E+00
      6.489  0.7021E-02  0.6794E-01  0.6794E-01  0.6794E-01  0.0000E+00  0.0000E+00  0.0000E+00  0.0000E+00  0.0000E+00
      6.639  0.6361E-02  0.6735E-01  0.6735E-01  0.6735E-01  0.0000E+00  0.0000E+00  0.0000E+00  0.0000E+00  0.0000E+00
      6.790  0.5833E-02  0.6731E-01  0.6731E-01  0.6731E-01  0.0000E+00  0.0000E+00  0.0000E+00  0.0000E+00  0.0000E+00
      6.940  0.5300E-02  0.6307E-01  0.6307E-01  0.6307E-01  0.0000E+00  0.0000E+00  0.0000E+00  0.0000E+00  0.0000E+00
      7.091  0.4763E-02  0.5202E-01  0.5202E-01  0.5202E-01  0.0000E+00  0.0000E+00  0.0000E+00  0.0000E+00  0.0000E+00
      7.241  0.4272E-02  0.4603E-01  0.4603E-01  0.4603E-01  0.0000E+00  0.0000E+00  0.0000E+00  0.0000E+00  0.0000E+00
      7.392  0.3893E-02  0.4195E-01  0.4195E-01  0.4195E-01  0.0000E+00  0.0000E+00  0.0000E+00  0.0000E+00  0.0000E+00
      7.542  0.3518E-02  0.3838E-01  0.3838E-01  0.3838E-01  0.0000E+00  0.0000E+00  0.0000E+00  0.0000E+00  0.0000E+00
      7.692  0.3133E-02  0.3521E-01  0.3521E-01  0.3521E-01  0.0000E+00  0.0000E+00  0.0000E+00  0.0000E+00  0.0000E+00
      7.843  0.2790E-02  0.3245E-01  0.3245E-01  0.3245E-01  0.0000E+00  0.0000E+00  0.0000E+00  0.0000E+00  0.0000E+00
      7.993  0.2487E-02  0.2992E-01  0.2992E-01  0.2992E-01  0.0000E+00  0.0000E+00  0.0000E+00  0.0000E+00  0.0000E+00
      8.144  0.2198E-02  0.2750E-01  0.2750E-01  0.2750E-01  0.0000E+00  0.0000E+00  0.0000E+00  0.0000E+00  0.0000E+00
      8.294  0.1883E-02  0.2521E-01  0.2521E-01  0.2521E-01  0.0000E+00  0.0000E+00  0.0000E+00  0.0000E+00  0.0000E+00
      8.445  0.1639E-02  0.2321E-01  0.2321E-01  0.2321E-01  0.0000E+00  0.0000E+00  0.0000E+00  0.0000E+00  0.0000E+00
      8.595  0.1405E-02  0.2116E-01  0.2116E-01  0.2116E-01  0.0000E+00  0.0000E+00  0.0000E+00  0.0000E+00  0.0000E+00
      8.746  0.1147E-02  0.1921E-01  0.1921E-01  0.1921E-01  0.0000E+00  0.0000E+00  0.0000E+00  0.0000E+00  0.0000E+00
      8.896  0.9494E-03  0.1735E-01  0.1735E-01  0.1735E-01  0.0000E+00  0.0000E+00  0.0000E+00  0.0000E+00  0.0000E+00
      9.046  0.7565E-03  0.1544E-01  0.1544E-01  0.1544E-01  0.0000E+00  0.0000E+00  0.0000E+00  0.0000E+00  0.0000E+00
      9.197  0.5612E-03  0.1368E-01  0.1368E-01  0.1368E-01  0.0000E+00  0.0000E+00  0.0000E+00  0.0000E+00  0.0000E+00
      9.347  0.4118E-03  0.1172E-01  0.1172E-01  0.1172E-01  0.0000E+00  0.0000E+00  0.0000E+00  0.0000E+00  0.0000E+00
      9.498  0.2743E-03  0.9779E-02  0.9779E-02  0.9779E-02  0.0000E+00  0.0000E+00  0.0000E+00  0.0000E+00  0.0000E+00
      9.648  0.1486E-03  0.7744E-02  0.7744E-02  0.7744E-02  0.0000E+00  0.0000E+00  0.0000E+00  0.0000E+00  0.0000E+00
      9.799  0.5898E-04  0.4923E-02  0.4923E-02  0.4923E-02  0.0000E+00  0.0000E+00  0.0000E+00  0.0000E+00  0.0000E+00
      9.949  0.1171E-04  0.1799E-02  0.1799E-02  0.1799E-02  0.0000E+00  0.0000E+00  0.0000E+00  0.0000E+00  0.0000E+00
     10.099  0.0000E+00  0.0000E+00  0.0000E+00  0.0000E+00  0.0000E+00  0.0000E+00  0.0000E+00  0.0000E+00  0.0000E+00
     10.250  0.0000E+00  0.0000E+00  0.0000E+00  0.0000E+00  0.0000E+00  0.0000E+00  0.0000E+00  0.0000E+00  0.0000E+00
     10.400  0.0000E+00  0.0000E+00  0.0000E+00  0.0000E+00  0.0000E+00  0.0000E+00  0.0000E+00  0.0000E+00  0.0000E+00
     10.551  0.0000E+00  0.0000E+00  0.0000E+00  0.0000E+00  0.0000E+00  0.0000E+00  0.0000E+00  0.0000E+00  0.0000E+00
     10.701  0.0000E+00  0.0000E+00  0.0000E+00  0.0000E+00  0.0000E+00  0.0000E+00  0.0000E+00  0.0000E+00  0.0000E+00
     10.852  0.0000E+00  0.0000E+00  0.0000E+00  0.0000E+00  0.0000E+00  0.0000E+00  0.0000E+00  0.0000E+00  0.0000E+00
     11.002  0.0000E+00  0.0000E+00  0.0000E+00  0.0000E+00  0.0000E+00  0.0000E+00  0.0000E+00  0.0000E+00  0.0000E+00
     11.153  0.0000E+00  0.0000E+00  0.0000E+00  0.0000E+00  0.0000E+00  0.0000E+00  0.0000E+00  0.0000E+00  0.0000E+00
     11.303  0.0000E+00  0.0000E+00  0.0000E+00  0.0000E+00  0.0000E+00  0.0000E+00  0.0000E+00  0.0000E+00  0.0000E+00
     11.453  0.0000E+00  0.0000E+00  0.0000E+00  0.0000E+00  0.0000E+00  0.0000E+00  0.0000E+00  0.0000E+00  0.0000E+00
     11.604  0.0000E+00  0.0000E+00  0.0000E+00  0.0000E+00  0.0000E+00  0.0000E+00  0.0000E+00  0.0000E+00  0.0000E+00
     11.754  0.0000E+00  0.0000E+00  0.0000E+00  0.0000E+00  0.0000E+00  0.0000E+00  0.0000E+00  0.0000E+00  0.0000E+00
     11.905  0.0000E+00  0.0000E+00  0.0000E+00  0.0000E+00  0.0000E+00  0.0000E+00  0.0000E+00  0.0000E+00  0.0000E+00
     12.055  0.0000E+00  0.0000E+00  0.0000E+00  0.0000E+00  0.0000E+00  0.0000E+00  0.0000E+00  0.0000E+00  0.0000E+00
     12.206  0.0000E+00  0.0000E+00  0.0000E+00  0.0000E+00  0.0000E+00  0.0000E+00  0.0000E+00  0.0000E+00  0.0000E+00
     12.356  0.0000E+00  0.0000E+00  0.0000E+00  0.0000E+00  0.0000E+00  0.0000E+00  0.0000E+00  0.0000E+00  0.0000E+00
     12.507  0.0000E+00  0.0000E+00  0.0000E+00  0.0000E+00  0.0000E+00  0.0000E+00  0.0000E+00  0.0000E+00  0.0000E+00
     12.657  0.0000E+00  0.0000E+00  0.0000E+00  0.0000E+00  0.0000E+00  0.0000E+00  0.0000E+00  0.0000E+00  0.0000E+00
     12.807  0.0000E+00  0.0000E+00  0.0000E+00  0.0000E+00  0.0000E+00  0.0000E+00  0.0000E+00  0.0000E+00  0.0000E+00
     12.958  0.0000E+00  0.0000E+00  0.0000E+00  0.0000E+00  0.0000E+00  0.0000E+00  0.0000E+00  0.0000E+00  0.0000E+00
     13.108  0.0000E+00  0.0000E+00  0.0000E+00  0.0000E+00  0.0000E+00  0.0000E+00  0.0000E+00  0.0000E+00  0.0000E+00
     13.259  0.0000E+00  0.0000E+00  0.0000E+00  0.0000E+00  0.0000E+00  0.0000E+00  0.0000E+00  0.0000E+00  0.0000E+00
     13.409  0.0000E+00  0.0000E+00  0.0000E+00  0.0000E+00  0.0000E+00  0.0000E+00  0.0000E+00  0.0000E+00  0.0000E+00
     13.560  0.0000E+00  0.0000E+00  0.0000E+00  0.0000E+00  0.0000E+00  0.0000E+00  0.0000E+00  0.0000E+00  0.0000E+00
     13.710  0.0000E+00  0.0000E+00  0.0000E+00  0.0000E+00  0.0000E+00  0.0000E+00  0.0000E+00  0.0000E+00  0.0000E+00
     13.860  0.0000E+00  0.0000E+00  0.0000E+00  0.0000E+00  0.0000E+00  0.0000E+00  0.0000E+00  0.0000E+00  0.0000E+00
     14.011  0.0000E+00  0.0000E+00  0.0000E+00  0.0000E+00  0.0000E+00  0.0000E+00  0.0000E+00  0.0000E+00  0.0000E+00
     14.161  0.0000E+00  0.0000E+00  0.0000E+00  0.0000E+00  0.0000E+00  0.0000E+00  0.0000E+00  0.0000E+00  0.0000E+00
     14.312  0.7396E-04  0.2333E-04  0.2333E-04  0.2333E-04  0.0000E+00  0.0000E+00  0.0000E+00  0.0000E+00  0.0000E+00
     14.462  0.7371E-02  0.2487E-02  0.2487E-02  0.2487E-02  0.0000E+00  0.0000E+00  0.0000E+00  0.0000E+00  0.0000E+00
     14.613  0.1002E-01  0.3750E-02  0.3750E-02  0.3750E-02  0.0000E+00  0.0000E+00  0.0000E+00  0.0000E+00  0.0000E+00
     14.763  0.1221E-01  0.4779E-02  0.4779E-02  0.4779E-02  0.0000E+00  0.0000E+00  0.0000E+00  0.0000E+00  0.0000E+00
     14.914  0.1489E-01  0.6156E-02  0.6156E-02  0.6156E-02  0.0000E+00  0.0000E+00  0.0000E+00  0.0000E+00  0.0000E+00
     15.064  0.1809E-01  0.7755E-02  0.7755E-02  0.7755E-02  0.0000E+00  0.0000E+00  0.0000E+00  0.0000E+00  0.0000E+00
     15.214  0.2112E-01  0.9486E-02  0.9486E-02  0.9486E-02  0.0000E+00  0.0000E+00  0.0000E+00  0.0000E+00  0.0000E+00
     15.365  0.2378E-01  0.1143E-01  0.1143E-01  0.1143E-01  0.0000E+00  0.0000E+00  0.0000E+00  0.0000E+00  0.0000E+00
     15.515  0.2485E-01  0.1329E-01  0.1329E-01  0.1329E-01  0.0000E+00  0.0000E+00  0.0000E+00  0.0000E+00  0.0000E+00
     15.666  0.2624E-01  0.1570E-01  0.1570E-01  0.1570E-01  0.0000E+00  0.0000E+00  0.0000E+00  0.0000E+00  0.0000E+00
     15.816  0.2750E-01  0.1895E-01  0.1895E-01  0.1895E-01  0.0000E+00  0.0000E+00  0.0000E+00  0.0000E+00  0.0000E+00
     15.967  0.2831E-01  0.2189E-01  0.2189E-01  0.2189E-01  0.0000E+00  0.0000E+00  0.0000E+00  0.0000E+00  0.0000E+00
     16.117  0.2901E-01  0.2282E-01  0.2282E-01  0.2282E-01  0.0000E+00  0.0000E+00  0.0000E+00  0.0000E+00  0.0000E+00
     16.267  0.2969E-01  0.2397E-01  0.2397E-01  0.2397E-01  0.0000E+00  0.0000E+00  0.0000E+00  0.0000E+00  0.0000E+00
     16.418  0.3045E-01  0.2533E-01  0.2533E-01  0.2533E-01  0.0000E+00  0.0000E+00  0.0000E+00  0.0000E+00  0.0000E+00
     16.568  0.3104E-01  0.2680E-01  0.2680E-01  0.2680E-01  0.0000E+00  0.0000E+00  0.0000E+00  0.0000E+00  0.0000E+00
     16.719  0.3148E-01  0.2825E-01  0.2825E-01  0.2825E-01  0.0000E+00  0.0000E+00  0.0000E+00  0.0000E+00  0.0000E+00
     16.869  0.3198E-01  0.2982E-01  0.2982E-01  0.2982E-01  0.0000E+00  0.0000E+00  0.0000E+00  0.0000E+00  0.0000E+00
     17.020  0.3248E-01  0.3148E-01  0.3148E-01  0.3148E-01  0.0000E+00  0.0000E+00  0.0000E+00  0.0000E+00  0.0000E+00
     17.170  0.3299E-01  0.3324E-01  0.3324E-01  0.3324E-01  0.0000E+00  0.0000E+00  0.0000E+00  0.0000E+00  0.0000E+00
     17.321  0.3351E-01  0.3517E-01  0.3517E-01  0.3517E-01  0.0000E+00  0.0000E+00  0.0000E+00  0.0000E+00  0.0000E+00
     17.471  0.3390E-01  0.3714E-01  0.3714E-01  0.3714E-01  0.0000E+00  0.0000E+00  0.0000E+00  0.0000E+00  0.0000E+00
     17.621  0.3437E-01  0.3935E-01  0.3935E-01  0.3935E-01  0.0000E+00  0.0000E+00  0.0000E+00  0.0000E+00  0.0000E+00
     17.772  0.3486E-01  0.4167E-01  0.4167E-01  0.4167E-01  0.0000E+00  0.0000E+00  0.0000E+00  0.0000E+00  0.0000E+00
     17.922  0.3552E-01  0.4446E-01  0.4446E-01  0.4446E-01  0.0000E+00  0.0000E+00  0.0000E+00  0.0000E+00  0.0000E+00
     18.073  0.3615E-01  0.4743E-01  0.4743E-01  0.4743E-01  0.0000E+00  0.0000E+00  0.0000E+00  0.0000E+00  0.0000E+00
     18.223  0.3701E-01  0.5128E-01  0.5128E-01  0.5128E-01  0.0000E+00  0.0000E+00  0.0000E+00  0.0000E+00  0.0000E+00
     18.374  0.3787E-01  0.5605E-01  0.5605E-01  0.5605E-01  0.0000E+00  0.0000E+00  0.0000E+00  0.0000E+00  0.0000E+00
     18.524  0.3978E-01  0.6436E-01  0.6436E-01  0.6436E-01  0.0000E+00  0.0000E+00  0.0000E+00  0.0000E+00  0.0000E+00
     18.675  0.4205E-01  0.7478E-01  0.7478E-01  0.7478E-01  0.0000E+00  0.0000E+00  0.0000E+00  0.0000E+00  0.0000E+00
     18.825  0.4352E-01  0.7821E-01  0.7821E-01  0.7821E-01  0.0000E+00  0.0000E+00  0.0000E+00  0.0000E+00  0.0000E+00
     18.975  0.3974E-01  0.5866E-01  0.5866E-01  0.5866E-01  0.0000E+00  0.0000E+00  0.0000E+00  0.0000E+00  0.0000E+00
     19.126  0.6698E-01  0.7778E-01  0.7778E-01  0.7778E-01  0.0000E+00  0.0000E+00  0.0000E+00  0.0000E+00  0.0000E+00
     19.276  0.6956E-01  0.6500E-01  0.6500E-01  0.6500E-01  0.0000E+00  0.0000E+00  0.0000E+00  0.0000E+00  0.0000E+00
     19.427  0.7194E-01  0.5672E-01  0.5672E-01  0.5672E-01  0.0000E+00  0.0000E+00  0.0000E+00  0.0000E+00  0.0000E+00
     19.577  0.6395E-01  0.5560E-01  0.5560E-01  0.5560E-01  0.0000E+00  0.0000E+00  0.0000E+00  0.0000E+00  0.0000E+00
     19.728  0.6327E-01  0.5530E-01  0.5530E-01  0.5530E-01  0.0000E+00  0.0000E+00  0.0000E+00  0.0000E+00  0.0000E+00
     19.878  0.5607E-01  0.5270E-01  0.5270E-01  0.5270E-01  0.0000E+00  0.0000E+00  0.0000E+00  0.0000E+00  0.0000E+00
     20.028  0.5595E-01  0.5339E-01  0.5339E-01  0.5339E-01  0.0000E+00  0.0000E+00  0.0000E+00  0.0000E+00  0.0000E+00
     20.179  0.5286E-01  0.5220E-01  0.5220E-01  0.5220E-01  0.0000E+00  0.0000E+00  0.0000E+00  0.0000E+00  0.0000E+00
     20.329  0.5018E-01  0.5323E-01  0.5323E-01  0.5323E-01  0.0000E+00  0.0000E+00  0.0000E+00  0.0000E+00  0.0000E+00
     20.480  0.4770E-01  0.5388E-01  0.5388E-01  0.5388E-01  0.0000E+00  0.0000E+00  0.0000E+00  0.0000E+00  0.0000E+00
     20.630  0.4608E-01  0.5291E-01  0.5291E-01  0.5291E-01  0.0000E+00  0.0000E+00  0.0000E+00  0.0000E+00  0.0000E+00
     20.781  0.4444E-01  0.5226E-01  0.5226E-01  0.5226E-01  0.0000E+00  0.0000E+00  0.0000E+00  0.0000E+00  0.0000E+00
     20.931  0.4064E-01  0.5088E-01  0.5088E-01  0.5088E-01  0.0000E+00  0.0000E+00  0.0000E+00  0.0000E+00  0.0000E+00
     21.082  0.3960E-01  0.4938E-01  0.4938E-01  0.4938E-01  0.0000E+00  0.0000E+00  0.0000E+00  0.0000E+00  0.0000E+00
     21.232  0.4001E-01  0.4904E-01  0.4904E-01  0.4904E-01  0.0000E+00  0.0000E+00  0.0000E+00  0.0000E+00  0.0000E+00
     21.382  0.3697E-01  0.4485E-01  0.4485E-01  0.4485E-01  0.0000E+00  0.0000E+00  0.0000E+00  0.0000E+00  0.0000E+00
     21.533  0.3075E-01  0.4043E-01  0.4043E-01  0.4043E-01  0.0000E+00  0.0000E+00  0.0000E+00  0.0000E+00  0.0000E+00
     21.683  0.2844E-01  0.3858E-01  0.3858E-01  0.3858E-01  0.0000E+00  0.0000E+00  0.0000E+00  0.0000E+00  0.0000E+00
     21.834  0.3395E-01  0.4074E-01  0.4074E-01  0.4074E-01  0.0000E+00  0.0000E+00  0.0000E+00  0.0000E+00  0.0000E+00
     21.984  0.3888E-01  0.4162E-01  0.4162E-01  0.4162E-01  0.0000E+00  0.0000E+00  0.0000E+00  0.0000E+00  0.0000E+00
     22.135  0.4597E-01  0.4306E-01  0.4306E-01  0.4306E-01  0.0000E+00  0.0000E+00  0.0000E+00  0.0000E+00  0.0000E+00
     22.285  0.4496E-01  0.4154E-01  0.4154E-01  0.4154E-01  0.0000E+00  0.0000E+00  0.0000E+00  0.0000E+00  0.0000E+00
     22.435  0.4804E-01  0.4256E-01  0.4256E-01  0.4256E-01  0.0000E+00  0.0000E+00  0.0000E+00  0.0000E+00  0.0000E+00
     22.586  0.5406E-01  0.4606E-01  0.4606E-01  0.4606E-01  0.0000E+00  0.0000E+00  0.0000E+00  0.0000E+00  0.0000E+00
     22.736  0.5265E-01  0.4635E-01  0.4635E-01  0.4635E-01  0.0000E+00  0.0000E+00  0.0000E+00  0.0000E+00  0.0000E+00
     22.887  0.5633E-01  0.4875E-01  0.4875E-01  0.4875E-01  0.0000E+00  0.0000E+00  0.0000E+00  0.0000E+00  0.0000E+00
     23.037  0.5537E-01  0.4822E-01  0.4822E-01  0.4822E-01  0.0000E+00  0.0000E+00  0.0000E+00  0.0000E+00  0.0000E+00
     23.188  0.5647E-01  0.4971E-01  0.4971E-01  0.4971E-01  0.0000E+00  0.0000E+00  0.0000E+00  0.0000E+00  0.0000E+00
     23.338  0.5851E-01  0.5242E-01  0.5242E-01  0.5242E-01  0.0000E+00  0.0000E+00  0.0000E+00  0.0000E+00  0.0000E+00
     23.489  0.5495E-01  0.5197E-01  0.5197E-01  0.5197E-01  0.0000E+00  0.0000E+00  0.0000E+00  0.0000E+00  0.0000E+00
     23.639  0.5597E-01  0.5281E-01  0.5281E-01  0.5281E-01  0.0000E+00  0.0000E+00  0.0000E+00  0.0000E+00  0.0000E+00
     23.789  0.5692E-01  0.5354E-01  0.5354E-01  0.5354E-01  0.0000E+00  0.0000E+00  0.0000E+00  0.0000E+00  0.0000E+00
     23.940  0.5970E-01  0.5707E-01  0.5707E-01  0.5707E-01  0.0000E+00  0.0000E+00  0.0000E+00  0.0000E+00  0.0000E+00
     24.090  0.6008E-01  0.5724E-01  0.5724E-01  0.5724E-01  0.0000E+00  0.0000E+00  0.0000E+00  0.0000E+00  0.0000E+00
     24.241  0.8442E-01  0.6005E-01  0.6005E-01  0.6005E-01  0.0000E+00  0.0000E+00  0.0000E+00  0.0000E+00  0.0000E+00
     24.391  0.1164E+00  0.6275E-01  0.6275E-01  0.6275E-01  0.0000E+00  0.0000E+00  0.0000E+00  0.0000E+00  0.0000E+00
     24.542  0.1080E+00  0.6809E-01  0.6809E-01  0.6809E-01  0.0000E+00  0.0000E+00  0.0000E+00  0.0000E+00  0.0000E+00
     24.692  0.9028E-01  0.6409E-01  0.6409E-01  0.6409E-01  0.0000E+00  0.0000E+00  0.0000E+00  0.0000E+00  0.0000E+00
     24.843  0.5899E-01  0.5958E-01  0.5958E-01  0.5958E-01  0.0000E+00  0.0000E+00  0.0000E+00  0.0000E+00  0.0000E+00
     24.993  0.5042E-01  0.6176E-01  0.6176E-01  0.6176E-01  0.0000E+00  0.0000E+00  0.0000E+00  0.0000E+00  0.0000E+00
     25.143  0.4543E-01  0.6446E-01  0.6446E-01  0.6446E-01  0.0000E+00  0.0000E+00  0.0000E+00  0.0000E+00  0.0000E+00
     25.294  0.4658E-01  0.7529E-01  0.7529E-01  0.7529E-01  0.0000E+00  0.0000E+00  0.0000E+00  0.0000E+00  0.0000E+00
     25.444  0.4790E-01  0.8371E-01  0.8371E-01  0.8371E-01  0.0000E+00  0.0000E+00  0.0000E+00  0.0000E+00  0.0000E+00
     25.595  0.4311E-01  0.8103E-01  0.8103E-01  0.8103E-01  0.0000E+00  0.0000E+00  0.0000E+00  0.0000E+00  0.0000E+00
     25.745  0.3566E-01  0.7301E-01  0.7301E-01  0.7301E-01  0.0000E+00  0.0000E+00  0.0000E+00  0.0000E+00  0.0000E+00
     25.896  0.2972E-01  0.6813E-01  0.6813E-01  0.6813E-01  0.0000E+00  0.0000E+00  0.0000E+00  0.0000E+00  0.0000E+00
     26.046  0.2529E-01  0.6581E-01  0.6581E-01  0.6581E-01  0.0000E+00  0.0000E+00  0.0000E+00  0.0000E+00  0.0000E+00
     26.196  0.2099E-01  0.6254E-01  0.6254E-01  0.6254E-01  0.0000E+00  0.0000E+00  0.0000E+00  0.0000E+00  0.0000E+00
     26.347  0.1758E-01  0.6014E-01  0.6014E-01  0.6014E-01  0.0000E+00  0.0000E+00  0.0000E+00  0.0000E+00  0.0000E+00
     26.497  0.1401E-01  0.5741E-01  0.5741E-01  0.5741E-01  0.0000E+00  0.0000E+00  0.0000E+00  0.0000E+00  0.0000E+00
     26.648  0.1071E-01  0.5643E-01  0.5643E-01  0.5643E-01  0.0000E+00  0.0000E+00  0.0000E+00  0.0000E+00  0.0000E+00
     26.798  0.7868E-02  0.7310E-01  0.7310E-01  0.7310E-01  0.0000E+00  0.0000E+00  0.0000E+00  0.0000E+00  0.0000E+00
     26.949  0.4955E-02  0.2863E-01  0.2863E-01  0.2863E-01  0.0000E+00  0.0000E+00  0.0000E+00  0.0000E+00  0.0000E+00
     27.099  0.3855E-02  0.2543E-01  0.2543E-01  0.2543E-01  0.0000E+00  0.0000E+00  0.0000E+00  0.0000E+00  0.0000E+00
     27.250  0.2956E-02  0.2294E-01  0.2294E-01  0.2294E-01  0.0000E+00  0.0000E+00  0.0000E+00  0.0000E+00  0.0000E+00
     27.400  0.2172E-02  0.2034E-01  0.2034E-01  0.2034E-01  0.0000E+00  0.0000E+00  0.0000E+00  0.0000E+00  0.0000E+00
     27.550  0.1454E-02  0.1794E-01  0.1794E-01  0.1794E-01  0.0000E+00  0.0000E+00  0.0000E+00  0.0000E+00  0.0000E+00
     27.701  0.8649E-03  0.1448E-01  0.1448E-01  0.1448E-01  0.0000E+00  0.0000E+00  0.0000E+00  0.0000E+00  0.0000E+00
     27.851  0.3881E-03  0.1098E-01  0.1098E-01  0.1098E-01  0.0000E+00  0.0000E+00  0.0000E+00  0.0000E+00  0.0000E+00
     28.002  0.1143E-03  0.6993E-02  0.6993E-02  0.6993E-02  0.0000E+00  0.0000E+00  0.0000E+00  0.0000E+00  0.0000E+00
     28.152  0.1497E-05  0.3112E-03  0.3112E-03  0.3112E-03  0.0000E+00  0.0000E+00  0.0000E+00  0.0000E+00  0.0000E+00
     28.303  0.0000E+00  0.0000E+00  0.0000E+00  0.0000E+00  0.0000E+00  0.0000E+00  0.0000E+00  0.0000E+00  0.0000E+00
     28.453  0.0000E+00  0.0000E+00  0.0000E+00  0.0000E+00  0.0000E+00  0.0000E+00  0.0000E+00  0.0000E+00  0.0000E+00
     28.603  0.0000E+00  0.0000E+00  0.0000E+00  0.0000E+00  0.0000E+00  0.0000E+00  0.0000E+00  0.0000E+00  0.0000E+00
     28.754  0.0000E+00  0.0000E+00  0.0000E+00  0.0000E+00  0.0000E+00  0.0000E+00  0.0000E+00  0.0000E+00  0.0000E+00
     28.904  0.0000E+00  0.0000E+00  0.0000E+00  0.0000E+00  0.0000E+00  0.0000E+00  0.0000E+00  0.0000E+00  0.0000E+00
     29.055  0.0000E+00  0.0000E+00  0.0000E+00  0.0000E+00  0.0000E+00  0.0000E+00  0.0000E+00  0.0000E+00  0.0000E+00
     29.205  0.0000E+00  0.0000E+00  0.0000E+00  0.0000E+00  0.0000E+00  0.0000E+00  0.0000E+00  0.0000E+00  0.0000E+00
     29.356  0.0000E+00  0.0000E+00  0.0000E+00  0.0000E+00  0.0000E+00  0.0000E+00  0.0000E+00  0.0000E+00  0.0000E+00
     29.506  0.0000E+00  0.0000E+00  0.0000E+00  0.0000E+00  0.0000E+00  0.0000E+00  0.0000E+00  0.0000E+00  0.0000E+00
     29.657  0.0000E+00  0.0000E+00  0.0000E+00  0.0000E+00  0.0000E+00  0.0000E+00  0.0000E+00  0.0000E+00  0.0000E+00
     29.807  0.0000E+00  0.0000E+00  0.0000E+00  0.0000E+00  0.0000E+00  0.0000E+00  0.0000E+00  0.0000E+00  0.0000E+00
     29.957  0.0000E+00  0.0000E+00  0.0000E+00  0.0000E+00  0.0000E+00  0.0000E+00  0.0000E+00  0.0000E+00  0.0000E+00
     30.108  0.0000E+00  0.0000E+00  0.0000E+00  0.0000E+00  0.0000E+00  0.0000E+00  0.0000E+00  0.0000E+00  0.0000E+00
