   2   2   1   0
  0.5795624E+01  0.2540281E-09  0.2540281E-09  0.2540281E-09  0.5000000E-15
  1.000000000000000E-004
  CAR 
 C                                       
     28.92684606    -14.99835194  301     13.67134647      1.00000000
    -14.998  0.0000E+00  0.0000E+00
    -14.852  0.0000E+00  0.0000E+00
    -14.706  0.0000E+00  0.0000E+00
    -14.559  0.0000E+00  0.0000E+00
    -14.413  0.0000E+00  0.0000E+00
    -14.266  0.0000E+00  0.0000E+00
    -14.120  0.0000E+00  0.0000E+00
    -13.973  0.0000E+00  0.0000E+00
    -13.827  0.0000E+00  0.0000E+00
    -13.681  0.0000E+00  0.0000E+00
    -13.534  0.0000E+00  0.0000E+00
    -13.388  0.0000E+00  0.0000E+00
    -13.241  0.0000E+00  0.0000E+00
    -13.095  0.0000E+00  0.0000E+00
    -12.949  0.2350E-01  0.6364E-03
    -12.802  0.6478E-01  0.5903E-02
    -12.656  0.7072E-01  0.1396E-01
    -12.509  0.7527E-01  0.2404E-01
    -12.363  0.8597E-01  0.3581E-01
    -12.216  0.9525E-01  0.4908E-01
    -12.070  0.1041E+00  0.6371E-01
    -11.924  0.1127E+00  0.7957E-01
    -11.777  0.1201E+00  0.9660E-01
    -11.631  0.1275E+00  0.1147E+00
    -11.484  0.1345E+00  0.1339E+00
    -11.338  0.1412E+00  0.1541E+00
    -11.192  0.1478E+00  0.1753E+00
    -11.045  0.1541E+00  0.1974E+00
    -10.899  0.1602E+00  0.2204E+00
    -10.752  0.1664E+00  0.2443E+00
    -10.606  0.1721E+00  0.2691E+00
    -10.459  0.1781E+00  0.2947E+00
    -10.313  0.1836E+00  0.3212E+00
    -10.167  0.1893E+00  0.3485E+00
    -10.020  0.1950E+00  0.3767E+00
     -9.874  0.2004E+00  0.4056E+00
     -9.727  0.2062E+00  0.4354E+00
     -9.581  0.2116E+00  0.4660E+00
     -9.434  0.2171E+00  0.4974E+00
     -9.288  0.2229E+00  0.5296E+00
     -9.142  0.2284E+00  0.5626E+00
     -8.995  0.2342E+00  0.5965E+00
     -8.849  0.2402E+00  0.6312E+00
     -8.702  0.2461E+00  0.6668E+00
     -8.556  0.2523E+00  0.7033E+00
     -8.410  0.2588E+00  0.7407E+00
     -8.263  0.2656E+00  0.7791E+00
     -8.117  0.2728E+00  0.8185E+00
     -7.970  0.2808E+00  0.8590E+00
     -7.824  0.2895E+00  0.9007E+00
     -7.677  0.2996E+00  0.9438E+00
     -7.531  0.3117E+00  0.9885E+00
     -7.385  0.3279E+00  0.1035E+01
     -7.238  0.3568E+00  0.1085E+01
     -7.092  0.3877E+00  0.1141E+01
     -6.945  0.3773E+00  0.1196E+01
     -6.799  0.3622E+00  0.1249E+01
     -6.653  0.3512E+00  0.1301E+01
     -6.506  0.3393E+00  0.1352E+01
     -6.360  0.3307E+00  0.1401E+01
     -6.213  0.3185E+00  0.1448E+01
     -6.067  0.3096E+00  0.1494E+01
     -5.920  0.2993E+00  0.1539E+01
     -5.774  0.2880E+00  0.1582E+01
     -5.628  0.2784E+00  0.1624E+01
     -5.481  0.2675E+00  0.1664E+01
     -5.335  0.2574E+00  0.1702E+01
     -5.188  0.2460E+00  0.1739E+01
     -5.042  0.2359E+00  0.1774E+01
     -4.896  0.2238E+00  0.1808E+01
     -4.749  0.2132E+00  0.1840E+01
     -4.603  0.2010E+00  0.1870E+01
     -4.456  0.1895E+00  0.1899E+01
     -4.310  0.2176E+00  0.1928E+01
     -4.163  0.2526E+00  0.1962E+01
     -4.017  0.2176E+00  0.1998E+01
     -3.871  0.1910E+00  0.2027E+01
     -3.724  0.2039E+00  0.2056E+01
     -3.578  0.2212E+00  0.2087E+01
     -3.431  0.2518E+00  0.2121E+01
     -3.285  0.2950E+00  0.2161E+01
     -3.139  0.3515E+00  0.2208E+01
     -2.992  0.4169E+00  0.2264E+01
     -2.846  0.5037E+00  0.2331E+01
     -2.699  0.7143E+00  0.2418E+01
     -2.553  0.6841E+00  0.2521E+01
     -2.406  0.5091E+00  0.2604E+01
     -2.260  0.4475E+00  0.2673E+01
     -2.114  0.4128E+00  0.2736E+01
     -1.967  0.3807E+00  0.2794E+01
     -1.821  0.3606E+00  0.2848E+01
     -1.674  0.3363E+00  0.2899E+01
     -1.528  0.3226E+00  0.2947E+01
     -1.382  0.3031E+00  0.2993E+01
     -1.235  0.2917E+00  0.3037E+01
     -1.089  0.2793E+00  0.3079E+01
     -0.942  0.2648E+00  0.3118E+01
     -0.796  0.2560E+00  0.3156E+01
     -0.649  0.2423E+00  0.3193E+01
     -0.503  0.2342E+00  0.3228E+01
     -0.357  0.2262E+00  0.3262E+01
     -0.210  0.2815E+00  0.3296E+01
     -0.064  0.3422E+00  0.3341E+01
      0.083  0.3761E+00  0.3393E+01
      0.229  0.4135E+00  0.3450E+01
      0.375  0.4830E+00  0.3515E+01
      0.522  0.5417E+00  0.3592E+01
      0.668  0.5180E+00  0.3669E+01
      0.815  0.5042E+00  0.3744E+01
      0.961  0.4946E+00  0.3817E+01
      1.108  0.4937E+00  0.3889E+01
      1.254  0.4957E+00  0.3961E+01
      1.400  0.5116E+00  0.4035E+01
      1.547  0.5095E+00  0.4109E+01
      1.693  0.5229E+00  0.4184E+01
      1.840  0.5358E+00  0.4262E+01
      1.986  0.5435E+00  0.4341E+01
      2.132  0.5617E+00  0.4422E+01
      2.279  0.5773E+00  0.4505E+01
      2.425  0.6042E+00  0.4592E+01
      2.572  0.6272E+00  0.4682E+01
      2.718  0.6683E+00  0.4777E+01
      2.865  0.7645E+00  0.4880E+01
      3.011  0.7802E+00  0.4993E+01
      3.157  0.7737E+00  0.5106E+01
      3.304  0.7557E+00  0.5217E+01
      3.450  0.7481E+00  0.5326E+01
      3.597  0.7399E+00  0.5435E+01
      3.743  0.7292E+00  0.5543E+01
      3.889  0.7234E+00  0.5649E+01
      4.036  0.7177E+00  0.5755E+01
      4.182  0.7069E+00  0.5859E+01
      4.329  0.6986E+00  0.5962E+01
      4.475  0.6940E+00  0.6064E+01
      4.622  0.6856E+00  0.6165E+01
      4.768  0.6783E+00  0.6265E+01
      4.914  0.6715E+00  0.6363E+01
      5.061  0.6642E+00  0.6461E+01
      5.207  0.6581E+00  0.6558E+01
      5.354  0.6496E+00  0.6654E+01
      5.500  0.6424E+00  0.6748E+01
      5.646  0.6356E+00  0.6842E+01
      5.793  0.6292E+00  0.6934E+01
      5.939  0.6231E+00  0.7026E+01
      6.086  0.6147E+00  0.7117E+01
      6.232  0.6091E+00  0.7206E+01
      6.379  0.5985E+00  0.7295E+01
      6.525  0.5389E+00  0.7380E+01
      6.671  0.4555E+00  0.7450E+01
      6.818  0.4016E+00  0.7512E+01
      6.964  0.3643E+00  0.7568E+01
      7.111  0.3318E+00  0.7619E+01
      7.257  0.3030E+00  0.7665E+01
      7.403  0.2787E+00  0.7708E+01
      7.550  0.2551E+00  0.7747E+01
      7.696  0.2327E+00  0.7782E+01
      7.843  0.2137E+00  0.7815E+01
      7.989  0.1945E+00  0.7845E+01
      8.136  0.1759E+00  0.7872E+01
      8.282  0.1588E+00  0.7897E+01
      8.428  0.1420E+00  0.7919E+01
      8.575  0.1252E+00  0.7938E+01
      8.721  0.1089E+00  0.7955E+01
      8.868  0.9239E-01  0.7970E+01
      9.014  0.7627E-01  0.7982E+01
      9.161  0.5608E-01  0.7992E+01
      9.307  0.4565E-01  0.7999E+01
      9.453  0.1991E-02  0.8000E+01
      9.600  0.0000E+00  0.8000E+01
      9.746  0.0000E+00  0.8000E+01
      9.893  0.0000E+00  0.8000E+01
     10.039  0.0000E+00  0.8000E+01
     10.185  0.0000E+00  0.8000E+01
     10.332  0.0000E+00  0.8000E+01
     10.478  0.0000E+00  0.8000E+01
     10.625  0.0000E+00  0.8000E+01
     10.771  0.0000E+00  0.8000E+01
     10.918  0.0000E+00  0.8000E+01
     11.064  0.0000E+00  0.8000E+01
     11.210  0.0000E+00  0.8000E+01
     11.357  0.0000E+00  0.8000E+01
     11.503  0.0000E+00  0.8000E+01
     11.650  0.0000E+00  0.8000E+01
     11.796  0.0000E+00  0.8000E+01
     11.942  0.0000E+00  0.8000E+01
     12.089  0.0000E+00  0.8000E+01
     12.235  0.0000E+00  0.8000E+01
     12.382  0.0000E+00  0.8000E+01
     12.528  0.0000E+00  0.8000E+01
     12.675  0.0000E+00  0.8000E+01
     12.821  0.0000E+00  0.8000E+01
     12.967  0.0000E+00  0.8000E+01
     13.114  0.0000E+00  0.8000E+01
     13.260  0.0000E+00  0.8000E+01
     13.407  0.0000E+00  0.8000E+01
     13.553  0.0000E+00  0.8000E+01
     13.699  0.1155E-01  0.8000E+01
     13.846  0.7942E-01  0.8007E+01
     13.992  0.9932E-01  0.8019E+01
     14.139  0.1300E+00  0.8036E+01
     14.285  0.1633E+00  0.8057E+01
     14.432  0.2083E+00  0.8084E+01
     14.578  0.2394E+00  0.8117E+01
     14.724  0.2759E+00  0.8154E+01
     14.871  0.3059E+00  0.8197E+01
     15.017  0.3393E+00  0.8244E+01
     15.164  0.3842E+00  0.8297E+01
     15.310  0.4224E+00  0.8357E+01
     15.456  0.4373E+00  0.8419E+01
     15.603  0.4550E+00  0.8484E+01
     15.749  0.4757E+00  0.8553E+01
     15.896  0.4954E+00  0.8624E+01
     16.042  0.5154E+00  0.8698E+01
     16.189  0.5355E+00  0.8775E+01
     16.335  0.5565E+00  0.8855E+01
     16.481  0.5796E+00  0.8938E+01
     16.628  0.6036E+00  0.9024E+01
     16.774  0.6294E+00  0.9115E+01
     16.921  0.6555E+00  0.9209E+01
     17.067  0.6845E+00  0.9307E+01
     17.213  0.7189E+00  0.9409E+01
     17.360  0.7555E+00  0.9517E+01
     17.506  0.8038E+00  0.9631E+01
     17.653  0.8649E+00  0.9753E+01
     17.799  0.9584E+00  0.9886E+01
     17.946  0.1177E+01  0.1004E+02
     18.092  0.1248E+01  0.1021E+02
     18.238  0.1061E+01  0.1036E+02
     18.385  0.1128E+01  0.1052E+02
     18.531  0.9176E+00  0.1067E+02
     18.678  0.9046E+00  0.1080E+02
     18.824  0.8682E+00  0.1093E+02
     18.970  0.8140E+00  0.1105E+02
     19.117  0.8012E+00  0.1117E+02
     19.263  0.7936E+00  0.1128E+02
     19.410  0.7582E+00  0.1140E+02
     19.556  0.7687E+00  0.1151E+02
     19.703  0.7835E+00  0.1162E+02
     19.849  0.7834E+00  0.1174E+02
     19.995  0.7487E+00  0.1185E+02
     20.142  0.7130E+00  0.1195E+02
     20.288  0.7069E+00  0.1206E+02
     20.435  0.7128E+00  0.1216E+02
     20.581  0.5768E+00  0.1226E+02
     20.727  0.5373E+00  0.1234E+02
     20.874  0.5493E+00  0.1241E+02
     21.020  0.5818E+00  0.1250E+02
     21.167  0.6645E+00  0.1259E+02
     21.313  0.6126E+00  0.1268E+02
     21.460  0.6015E+00  0.1277E+02
     21.606  0.6400E+00  0.1286E+02
     21.752  0.6325E+00  0.1295E+02
     21.899  0.6797E+00  0.1305E+02
     22.045  0.6833E+00  0.1315E+02
     22.192  0.6785E+00  0.1325E+02
     22.338  0.6695E+00  0.1334E+02
     22.484  0.7092E+00  0.1345E+02
     22.631  0.6944E+00  0.1355E+02
     22.777  0.7461E+00  0.1365E+02
     22.924  0.8376E+00  0.1376E+02
     23.070  0.8946E+00  0.1389E+02
     23.217  0.8521E+00  0.1401E+02
     23.363  0.8529E+00  0.1414E+02
     23.509  0.8478E+00  0.1426E+02
     23.656  0.7266E+00  0.1438E+02
     23.802  0.6912E+00  0.1448E+02
     23.949  0.6869E+00  0.1458E+02
     24.095  0.7158E+00  0.1468E+02
     24.241  0.8347E+00  0.1480E+02
     24.388  0.9192E+00  0.1493E+02
     24.534  0.8336E+00  0.1506E+02
     24.681  0.7488E+00  0.1517E+02
     24.827  0.6810E+00  0.1528E+02
     24.974  0.6346E+00  0.1537E+02
     25.120  0.6008E+00  0.1546E+02
     25.266  0.5627E+00  0.1555E+02
     25.413  0.5331E+00  0.1563E+02
     25.559  0.5053E+00  0.1571E+02
     25.706  0.4932E+00  0.1578E+02
     25.852  0.5930E+00  0.1585E+02
     25.998  0.2170E+00  0.1588E+02
     26.145  0.1830E+00  0.1591E+02
     26.291  0.1590E+00  0.1594E+02
     26.438  0.1350E+00  0.1596E+02
     26.584  0.1087E+00  0.1598E+02
     26.731  0.8106E-01  0.1599E+02
     26.877  0.5220E-01  0.1600E+02
     27.023  0.0000E+00  0.1600E+02
     27.170  0.0000E+00  0.1600E+02
     27.316  0.0000E+00  0.1600E+02
     27.463  0.0000E+00  0.1600E+02
     27.609  0.0000E+00  0.1600E+02
     27.756  0.0000E+00  0.1600E+02
     27.902  0.0000E+00  0.1600E+02
     28.048  0.0000E+00  0.1600E+02
     28.195  0.0000E+00  0.1600E+02
     28.341  0.0000E+00  0.1600E+02
     28.488  0.0000E+00  0.1600E+02
     28.634  0.0000E+00  0.1600E+02
     28.780  0.0000E+00  0.1600E+02
     28.927  0.0000E+00  0.1600E+02
     28.92684606    -14.99835194  301     13.67134647      1.00000000
    -14.998  0.0000E+00  0.0000E+00  0.0000E+00  0.0000E+00  0.0000E+00  0.0000E+00  0.0000E+00  0.0000E+00  0.0000E+00
    -14.852  0.0000E+00  0.0000E+00  0.0000E+00  0.0000E+00  0.0000E+00  0.0000E+00  0.0000E+00  0.0000E+00  0.0000E+00
    -14.706  0.0000E+00  0.0000E+00  0.0000E+00  0.0000E+00  0.0000E+00  0.0000E+00  0.0000E+00  0.0000E+00  0.0000E+00
    -14.559  0.0000E+00  0.0000E+00  0.0000E+00  0.0000E+00  0.0000E+00  0.0000E+00  0.0000E+00  0.0000E+00  0.0000E+00
    -14.413  0.0000E+00  0.0000E+00  0.0000E+00  0.0000E+00  0.0000E+00  0.0000E+00  0.0000E+00  0.0000E+00  0.0000E+00
    -14.266  0.0000E+00  0.0000E+00  0.0000E+00  0.0000E+00  0.0000E+00  0.0000E+00  0.0000E+00  0.0000E+00  0.0000E+00
    -14.120  0.0000E+00  0.0000E+00  0.0000E+00  0.0000E+00  0.0000E+00  0.0000E+00  0.0000E+00  0.0000E+00  0.0000E+00
    -13.973  0.0000E+00  0.0000E+00  0.0000E+00  0.0000E+00  0.0000E+00  0.0000E+00  0.0000E+00  0.0000E+00  0.0000E+00
    -13.827  0.0000E+00  0.0000E+00  0.0000E+00  0.0000E+00  0.0000E+00  0.0000E+00  0.0000E+00  0.0000E+00  0.0000E+00
    -13.681  0.0000E+00  0.0000E+00  0.0000E+00  0.0000E+00  0.0000E+00  0.0000E+00  0.0000E+00  0.0000E+00  0.0000E+00
    -13.534  0.0000E+00  0.0000E+00  0.0000E+00  0.0000E+00  0.0000E+00  0.0000E+00  0.0000E+00  0.0000E+00  0.0000E+00
    -13.388  0.0000E+00  0.0000E+00  0.0000E+00  0.0000E+00  0.0000E+00  0.0000E+00  0.0000E+00  0.0000E+00  0.0000E+00
    -13.241  0.0000E+00  0.0000E+00  0.0000E+00  0.0000E+00  0.0000E+00  0.0000E+00  0.0000E+00  0.0000E+00  0.0000E+00
    -13.095  0.0000E+00  0.0000E+00  0.0000E+00  0.0000E+00  0.0000E+00  0.0000E+00  0.0000E+00  0.0000E+00  0.0000E+00
    -12.949  0.6540E-02  0.4871E-05  0.4871E-05  0.4871E-05  0.0000E+00  0.0000E+00  0.0000E+00  0.0000E+00  0.0000E+00
    -12.802  0.1796E-01  0.4686E-04  0.4686E-04  0.4686E-04  0.0000E+00  0.0000E+00  0.0000E+00  0.0000E+00  0.0000E+00
    -12.656  0.1951E-01  0.9761E-04  0.9761E-04  0.9761E-04  0.0000E+00  0.0000E+00  0.0000E+00  0.0000E+00  0.0000E+00
    -12.509  0.2067E-01  0.1511E-03  0.1511E-03  0.1511E-03  0.0000E+00  0.0000E+00  0.0000E+00  0.0000E+00  0.0000E+00
    -12.363  0.2351E-01  0.2239E-03  0.2239E-03  0.2239E-03  0.0000E+00  0.0000E+00  0.0000E+00  0.0000E+00  0.0000E+00
    -12.216  0.2593E-01  0.3066E-03  0.3066E-03  0.3066E-03  0.0000E+00  0.0000E+00  0.0000E+00  0.0000E+00  0.0000E+00
    -12.070  0.2820E-01  0.3965E-03  0.3965E-03  0.3965E-03  0.0000E+00  0.0000E+00  0.0000E+00  0.0000E+00  0.0000E+00
    -11.924  0.3042E-01  0.4916E-03  0.4916E-03  0.4916E-03  0.0000E+00  0.0000E+00  0.0000E+00  0.0000E+00  0.0000E+00
    -11.777  0.3227E-01  0.5968E-03  0.5968E-03  0.5968E-03  0.0000E+00  0.0000E+00  0.0000E+00  0.0000E+00  0.0000E+00
    -11.631  0.3413E-01  0.7063E-03  0.7063E-03  0.7063E-03  0.0000E+00  0.0000E+00  0.0000E+00  0.0000E+00  0.0000E+00
    -11.484  0.3585E-01  0.8222E-03  0.8222E-03  0.8222E-03  0.0000E+00  0.0000E+00  0.0000E+00  0.0000E+00  0.0000E+00
    -11.338  0.3750E-01  0.9439E-03  0.9439E-03  0.9439E-03  0.0000E+00  0.0000E+00  0.0000E+00  0.0000E+00  0.0000E+00
    -11.192  0.3907E-01  0.1071E-02  0.1071E-02  0.1071E-02  0.0000E+00  0.0000E+00  0.0000E+00  0.0000E+00  0.0000E+00
    -11.045  0.4059E-01  0.1203E-02  0.1203E-02  0.1203E-02  0.0000E+00  0.0000E+00  0.0000E+00  0.0000E+00  0.0000E+00
    -10.899  0.4204E-01  0.1340E-02  0.1340E-02  0.1340E-02  0.0000E+00  0.0000E+00  0.0000E+00  0.0000E+00  0.0000E+00
    -10.752  0.4349E-01  0.1480E-02  0.1480E-02  0.1480E-02  0.0000E+00  0.0000E+00  0.0000E+00  0.0000E+00  0.0000E+00
    -10.606  0.4482E-01  0.1628E-02  0.1628E-02  0.1628E-02  0.0000E+00  0.0000E+00  0.0000E+00  0.0000E+00  0.0000E+00
    -10.459  0.4623E-01  0.1776E-02  0.1776E-02  0.1776E-02  0.0000E+00  0.0000E+00  0.0000E+00  0.0000E+00  0.0000E+00
    -10.313  0.4748E-01  0.1934E-02  0.1934E-02  0.1934E-02  0.0000E+00  0.0000E+00  0.0000E+00  0.0000E+00  0.0000E+00
    -10.167  0.4879E-01  0.2092E-02  0.2092E-02  0.2092E-02  0.0000E+00  0.0000E+00  0.0000E+00  0.0000E+00  0.0000E+00
    -10.020  0.5008E-01  0.2256E-02  0.2256E-02  0.2256E-02  0.0000E+00  0.0000E+00  0.0000E+00  0.0000E+00  0.0000E+00
     -9.874  0.5132E-01  0.2425E-02  0.2425E-02  0.2425E-02  0.0000E+00  0.0000E+00  0.0000E+00  0.0000E+00  0.0000E+00
     -9.727  0.5262E-01  0.2593E-02  0.2593E-02  0.2593E-02  0.0000E+00  0.0000E+00  0.0000E+00  0.0000E+00  0.0000E+00
     -9.581  0.5385E-01  0.2771E-02  0.2771E-02  0.2771E-02  0.0000E+00  0.0000E+00  0.0000E+00  0.0000E+00  0.0000E+00
     -9.434  0.5511E-01  0.2951E-02  0.2951E-02  0.2951E-02  0.0000E+00  0.0000E+00  0.0000E+00  0.0000E+00  0.0000E+00
     -9.288  0.5644E-01  0.3130E-02  0.3130E-02  0.3130E-02  0.0000E+00  0.0000E+00  0.0000E+00  0.0000E+00  0.0000E+00
     -9.142  0.5768E-01  0.3322E-02  0.3322E-02  0.3322E-02  0.0000E+00  0.0000E+00  0.0000E+00  0.0000E+00  0.0000E+00
     -8.995  0.5901E-01  0.3512E-02  0.3512E-02  0.3512E-02  0.0000E+00  0.0000E+00  0.0000E+00  0.0000E+00  0.0000E+00
     -8.849  0.6041E-01  0.3704E-02  0.3704E-02  0.3704E-02  0.0000E+00  0.0000E+00  0.0000E+00  0.0000E+00  0.0000E+00
     -8.702  0.6178E-01  0.3908E-02  0.3908E-02  0.3908E-02  0.0000E+00  0.0000E+00  0.0000E+00  0.0000E+00  0.0000E+00
     -8.556  0.6326E-01  0.4111E-02  0.4111E-02  0.4111E-02  0.0000E+00  0.0000E+00  0.0000E+00  0.0000E+00  0.0000E+00
     -8.410  0.6485E-01  0.4315E-02  0.4315E-02  0.4315E-02  0.0000E+00  0.0000E+00  0.0000E+00  0.0000E+00  0.0000E+00
     -8.263  0.6650E-01  0.4534E-02  0.4534E-02  0.4534E-02  0.0000E+00  0.0000E+00  0.0000E+00  0.0000E+00  0.0000E+00
     -8.117  0.6831E-01  0.4754E-02  0.4754E-02  0.4754E-02  0.0000E+00  0.0000E+00  0.0000E+00  0.0000E+00  0.0000E+00
     -7.970  0.7034E-01  0.4977E-02  0.4977E-02  0.4977E-02  0.0000E+00  0.0000E+00  0.0000E+00  0.0000E+00  0.0000E+00
     -7.824  0.7261E-01  0.5218E-02  0.5218E-02  0.5218E-02  0.0000E+00  0.0000E+00  0.0000E+00  0.0000E+00  0.0000E+00
     -7.677  0.7530E-01  0.5470E-02  0.5470E-02  0.5470E-02  0.0000E+00  0.0000E+00  0.0000E+00  0.0000E+00  0.0000E+00
     -7.531  0.7863E-01  0.5739E-02  0.5739E-02  0.5739E-02  0.0000E+00  0.0000E+00  0.0000E+00  0.0000E+00  0.0000E+00
     -7.385  0.8318E-01  0.6055E-02  0.6055E-02  0.6055E-02  0.0000E+00  0.0000E+00  0.0000E+00  0.0000E+00  0.0000E+00
     -7.238  0.9148E-01  0.6505E-02  0.6505E-02  0.6505E-02  0.0000E+00  0.0000E+00  0.0000E+00  0.0000E+00  0.0000E+00
     -7.092  0.1005E+00  0.6975E-02  0.6975E-02  0.6975E-02  0.0000E+00  0.0000E+00  0.0000E+00  0.0000E+00  0.0000E+00
     -6.945  0.9742E-01  0.7012E-02  0.7012E-02  0.7012E-02  0.0000E+00  0.0000E+00  0.0000E+00  0.0000E+00  0.0000E+00
     -6.799  0.9304E-01  0.6982E-02  0.6982E-02  0.6982E-02  0.0000E+00  0.0000E+00  0.0000E+00  0.0000E+00  0.0000E+00
     -6.653  0.8991E-01  0.6983E-02  0.6983E-02  0.6983E-02  0.0000E+00  0.0000E+00  0.0000E+00  0.0000E+00  0.0000E+00
     -6.506  0.8649E-01  0.6946E-02  0.6946E-02  0.6946E-02  0.0000E+00  0.0000E+00  0.0000E+00  0.0000E+00  0.0000E+00
     -6.360  0.8405E-01  0.6972E-02  0.6972E-02  0.6972E-02  0.0000E+00  0.0000E+00  0.0000E+00  0.0000E+00  0.0000E+00
     -6.213  0.8064E-01  0.6912E-02  0.6912E-02  0.6912E-02  0.0000E+00  0.0000E+00  0.0000E+00  0.0000E+00  0.0000E+00
     -6.067  0.7814E-01  0.6887E-02  0.6887E-02  0.6887E-02  0.0000E+00  0.0000E+00  0.0000E+00  0.0000E+00  0.0000E+00
     -5.920  0.7528E-01  0.6847E-02  0.6847E-02  0.6847E-02  0.0000E+00  0.0000E+00  0.0000E+00  0.0000E+00  0.0000E+00
     -5.774  0.7215E-01  0.6762E-02  0.6762E-02  0.6762E-02  0.0000E+00  0.0000E+00  0.0000E+00  0.0000E+00  0.0000E+00
     -5.628  0.6952E-01  0.6695E-02  0.6695E-02  0.6695E-02  0.0000E+00  0.0000E+00  0.0000E+00  0.0000E+00  0.0000E+00
     -5.481  0.6655E-01  0.6603E-02  0.6603E-02  0.6603E-02  0.0000E+00  0.0000E+00  0.0000E+00  0.0000E+00  0.0000E+00
     -5.335  0.6383E-01  0.6503E-02  0.6503E-02  0.6503E-02  0.0000E+00  0.0000E+00  0.0000E+00  0.0000E+00  0.0000E+00
     -5.188  0.6074E-01  0.6368E-02  0.6368E-02  0.6368E-02  0.0000E+00  0.0000E+00  0.0000E+00  0.0000E+00  0.0000E+00
     -5.042  0.5808E-01  0.6250E-02  0.6250E-02  0.6250E-02  0.0000E+00  0.0000E+00  0.0000E+00  0.0000E+00  0.0000E+00
     -4.896  0.5483E-01  0.6073E-02  0.6073E-02  0.6073E-02  0.0000E+00  0.0000E+00  0.0000E+00  0.0000E+00  0.0000E+00
     -4.749  0.5204E-01  0.5917E-02  0.5917E-02  0.5917E-02  0.0000E+00  0.0000E+00  0.0000E+00  0.0000E+00  0.0000E+00
     -4.603  0.4883E-01  0.5712E-02  0.5712E-02  0.5712E-02  0.0000E+00  0.0000E+00  0.0000E+00  0.0000E+00  0.0000E+00
     -4.456  0.4581E-01  0.5512E-02  0.5512E-02  0.5512E-02  0.0000E+00  0.0000E+00  0.0000E+00  0.0000E+00  0.0000E+00
     -4.310  0.4672E-01  0.7608E-02  0.7608E-02  0.7608E-02  0.0000E+00  0.0000E+00  0.0000E+00  0.0000E+00  0.0000E+00
     -4.163  0.4857E-01  0.1007E-01  0.1007E-01  0.1007E-01  0.0000E+00  0.0000E+00  0.0000E+00  0.0000E+00  0.0000E+00
     -4.017  0.3749E-01  0.9636E-02  0.9636E-02  0.9636E-02  0.0000E+00  0.0000E+00  0.0000E+00  0.0000E+00  0.0000E+00
     -3.871  0.2785E-01  0.9558E-02  0.9558E-02  0.9558E-02  0.0000E+00  0.0000E+00  0.0000E+00  0.0000E+00  0.0000E+00
     -3.724  0.2787E-01  0.1064E-01  0.1064E-01  0.1064E-01  0.0000E+00  0.0000E+00  0.0000E+00  0.0000E+00  0.0000E+00
     -3.578  0.2903E-01  0.1186E-01  0.1186E-01  0.1186E-01  0.0000E+00  0.0000E+00  0.0000E+00  0.0000E+00  0.0000E+00
     -3.431  0.3330E-01  0.1355E-01  0.1355E-01  0.1355E-01  0.0000E+00  0.0000E+00  0.0000E+00  0.0000E+00  0.0000E+00
     -3.285  0.4068E-01  0.1566E-01  0.1566E-01  0.1566E-01  0.0000E+00  0.0000E+00  0.0000E+00  0.0000E+00  0.0000E+00
     -3.139  0.5072E-01  0.1836E-01  0.1836E-01  0.1836E-01  0.0000E+00  0.0000E+00  0.0000E+00  0.0000E+00  0.0000E+00
     -2.992  0.6244E-01  0.2151E-01  0.2151E-01  0.2151E-01  0.0000E+00  0.0000E+00  0.0000E+00  0.0000E+00  0.0000E+00
     -2.846  0.7781E-01  0.2575E-01  0.2575E-01  0.2575E-01  0.0000E+00  0.0000E+00  0.0000E+00  0.0000E+00  0.0000E+00
     -2.699  0.1144E+00  0.3605E-01  0.3605E-01  0.3605E-01  0.0000E+00  0.0000E+00  0.0000E+00  0.0000E+00  0.0000E+00
     -2.553  0.1118E+00  0.3440E-01  0.3440E-01  0.3440E-01  0.0000E+00  0.0000E+00  0.0000E+00  0.0000E+00  0.0000E+00
     -2.406  0.8162E-01  0.2609E-01  0.2609E-01  0.2609E-01  0.0000E+00  0.0000E+00  0.0000E+00  0.0000E+00  0.0000E+00
     -2.260  0.7107E-01  0.2326E-01  0.2326E-01  0.2326E-01  0.0000E+00  0.0000E+00  0.0000E+00  0.0000E+00  0.0000E+00
     -2.114  0.6517E-01  0.2169E-01  0.2169E-01  0.2169E-01  0.0000E+00  0.0000E+00  0.0000E+00  0.0000E+00  0.0000E+00
     -1.967  0.5954E-01  0.2028E-01  0.2028E-01  0.2028E-01  0.0000E+00  0.0000E+00  0.0000E+00  0.0000E+00  0.0000E+00
     -1.821  0.5603E-01  0.1942E-01  0.1942E-01  0.1942E-01  0.0000E+00  0.0000E+00  0.0000E+00  0.0000E+00  0.0000E+00
     -1.674  0.5167E-01  0.1837E-01  0.1837E-01  0.1837E-01  0.0000E+00  0.0000E+00  0.0000E+00  0.0000E+00  0.0000E+00
     -1.528  0.4920E-01  0.1783E-01  0.1783E-01  0.1783E-01  0.0000E+00  0.0000E+00  0.0000E+00  0.0000E+00  0.0000E+00
     -1.382  0.4566E-01  0.1699E-01  0.1699E-01  0.1699E-01  0.0000E+00  0.0000E+00  0.0000E+00  0.0000E+00  0.0000E+00
     -1.235  0.4355E-01  0.1654E-01  0.1654E-01  0.1654E-01  0.0000E+00  0.0000E+00  0.0000E+00  0.0000E+00  0.0000E+00
     -1.089  0.4125E-01  0.1604E-01  0.1604E-01  0.1604E-01  0.0000E+00  0.0000E+00  0.0000E+00  0.0000E+00  0.0000E+00
     -0.942  0.3862E-01  0.1542E-01  0.1542E-01  0.1542E-01  0.0000E+00  0.0000E+00  0.0000E+00  0.0000E+00  0.0000E+00
     -0.796  0.3696E-01  0.1509E-01  0.1509E-01  0.1509E-01  0.0000E+00  0.0000E+00  0.0000E+00  0.0000E+00  0.0000E+00
     -0.649  0.3448E-01  0.1448E-01  0.1448E-01  0.1448E-01  0.0000E+00  0.0000E+00  0.0000E+00  0.0000E+00  0.0000E+00
     -0.503  0.3295E-01  0.1417E-01  0.1417E-01  0.1417E-01  0.0000E+00  0.0000E+00  0.0000E+00  0.0000E+00  0.0000E+00
     -0.357  0.3144E-01  0.1386E-01  0.1386E-01  0.1386E-01  0.0000E+00  0.0000E+00  0.0000E+00  0.0000E+00  0.0000E+00
     -0.210  0.3000E-01  0.1906E-01  0.1906E-01  0.1906E-01  0.0000E+00  0.0000E+00  0.0000E+00  0.0000E+00  0.0000E+00
     -0.064  0.2995E-01  0.2453E-01  0.2453E-01  0.2453E-01  0.0000E+00  0.0000E+00  0.0000E+00  0.0000E+00  0.0000E+00
      0.083  0.2969E-01  0.2776E-01  0.2776E-01  0.2776E-01  0.0000E+00  0.0000E+00  0.0000E+00  0.0000E+00  0.0000E+00
      0.229  0.2916E-01  0.3137E-01  0.3137E-01  0.3137E-01  0.0000E+00  0.0000E+00  0.0000E+00  0.0000E+00  0.0000E+00
      0.375  0.3018E-01  0.3763E-01  0.3763E-01  0.3763E-01  0.0000E+00  0.0000E+00  0.0000E+00  0.0000E+00  0.0000E+00
      0.522  0.3110E-01  0.4301E-01  0.4301E-01  0.4301E-01  0.0000E+00  0.0000E+00  0.0000E+00  0.0000E+00  0.0000E+00
      0.668  0.3044E-01  0.4128E-01  0.4128E-01  0.4128E-01  0.0000E+00  0.0000E+00  0.0000E+00  0.0000E+00  0.0000E+00
      0.815  0.3047E-01  0.4030E-01  0.4030E-01  0.4030E-01  0.0000E+00  0.0000E+00  0.0000E+00  0.0000E+00  0.0000E+00
      0.961  0.3028E-01  0.3972E-01  0.3972E-01  0.3972E-01  0.0000E+00  0.0000E+00  0.0000E+00  0.0000E+00  0.0000E+00
      1.108  0.2953E-01  0.4006E-01  0.4006E-01  0.4006E-01  0.0000E+00  0.0000E+00  0.0000E+00  0.0000E+00  0.0000E+00
      1.254  0.2924E-01  0.4058E-01  0.4058E-01  0.4058E-01  0.0000E+00  0.0000E+00  0.0000E+00  0.0000E+00  0.0000E+00
      1.400  0.2901E-01  0.4241E-01  0.4241E-01  0.4241E-01  0.0000E+00  0.0000E+00  0.0000E+00  0.0000E+00  0.0000E+00
      1.547  0.2820E-01  0.4266E-01  0.4266E-01  0.4266E-01  0.0000E+00  0.0000E+00  0.0000E+00  0.0000E+00  0.0000E+00
      1.693  0.2766E-01  0.4437E-01  0.4437E-01  0.4437E-01  0.0000E+00  0.0000E+00  0.0000E+00  0.0000E+00  0.0000E+00
      1.840  0.2731E-01  0.4600E-01  0.4600E-01  0.4600E-01  0.0000E+00  0.0000E+00  0.0000E+00  0.0000E+00  0.0000E+00
      1.986  0.2664E-01  0.4720E-01  0.4720E-01  0.4720E-01  0.0000E+00  0.0000E+00  0.0000E+00  0.0000E+00  0.0000E+00
      2.132  0.2580E-01  0.4954E-01  0.4954E-01  0.4954E-01  0.0000E+00  0.0000E+00  0.0000E+00  0.0000E+00  0.0000E+00
      2.279  0.2534E-01  0.5152E-01  0.5152E-01  0.5152E-01  0.0000E+00  0.0000E+00  0.0000E+00  0.0000E+00  0.0000E+00
      2.425  0.2478E-01  0.5476E-01  0.5476E-01  0.5476E-01  0.0000E+00  0.0000E+00  0.0000E+00  0.0000E+00  0.0000E+00
      2.572  0.2391E-01  0.5770E-01  0.5770E-01  0.5770E-01  0.0000E+00  0.0000E+00  0.0000E+00  0.0000E+00  0.0000E+00
      2.718  0.2317E-01  0.6257E-01  0.6257E-01  0.6257E-01  0.0000E+00  0.0000E+00  0.0000E+00  0.0000E+00  0.0000E+00
      2.865  0.2258E-01  0.7343E-01  0.7343E-01  0.7343E-01  0.0000E+00  0.0000E+00  0.0000E+00  0.0000E+00  0.0000E+00
      3.011  0.2179E-01  0.7567E-01  0.7567E-01  0.7567E-01  0.0000E+00  0.0000E+00  0.0000E+00  0.0000E+00  0.0000E+00
      3.157  0.2075E-01  0.7560E-01  0.7560E-01  0.7560E-01  0.0000E+00  0.0000E+00  0.0000E+00  0.0000E+00  0.0000E+00
      3.304  0.2005E-01  0.7420E-01  0.7420E-01  0.7420E-01  0.0000E+00  0.0000E+00  0.0000E+00  0.0000E+00  0.0000E+00
      3.450  0.1942E-01  0.7387E-01  0.7387E-01  0.7387E-01  0.0000E+00  0.0000E+00  0.0000E+00  0.0000E+00  0.0000E+00
      3.597  0.1859E-01  0.7355E-01  0.7355E-01  0.7355E-01  0.0000E+00  0.0000E+00  0.0000E+00  0.0000E+00  0.0000E+00
      3.743  0.1763E-01  0.7302E-01  0.7302E-01  0.7302E-01  0.0000E+00  0.0000E+00  0.0000E+00  0.0000E+00  0.0000E+00
      3.889  0.1705E-01  0.7287E-01  0.7287E-01  0.7287E-01  0.0000E+00  0.0000E+00  0.0000E+00  0.0000E+00  0.0000E+00
      4.036  0.1638E-01  0.7277E-01  0.7277E-01  0.7277E-01  0.0000E+00  0.0000E+00  0.0000E+00  0.0000E+00  0.0000E+00
      4.182  0.1555E-01  0.7218E-01  0.7218E-01  0.7218E-01  0.0000E+00  0.0000E+00  0.0000E+00  0.0000E+00  0.0000E+00
      4.329  0.1474E-01  0.7182E-01  0.7182E-01  0.7182E-01  0.0000E+00  0.0000E+00  0.0000E+00  0.0000E+00  0.0000E+00
      4.475  0.1411E-01  0.7184E-01  0.7184E-01  0.7184E-01  0.0000E+00  0.0000E+00  0.0000E+00  0.0000E+00  0.0000E+00
      4.622  0.1339E-01  0.7145E-01  0.7145E-01  0.7145E-01  0.0000E+00  0.0000E+00  0.0000E+00  0.0000E+00  0.0000E+00
      4.768  0.1262E-01  0.7122E-01  0.7122E-01  0.7122E-01  0.0000E+00  0.0000E+00  0.0000E+00  0.0000E+00  0.0000E+00
      4.914  0.1195E-01  0.7098E-01  0.7098E-01  0.7098E-01  0.0000E+00  0.0000E+00  0.0000E+00  0.0000E+00  0.0000E+00
      5.061  0.1141E-01  0.7066E-01  0.7066E-01  0.7066E-01  0.0000E+00  0.0000E+00  0.0000E+00  0.0000E+00  0.0000E+00
      5.207  0.1075E-01  0.7053E-01  0.7053E-01  0.7053E-01  0.0000E+00  0.0000E+00  0.0000E+00  0.0000E+00  0.0000E+00
      5.354  0.1005E-01  0.7011E-01  0.7011E-01  0.7011E-01  0.0000E+00  0.0000E+00  0.0000E+00  0.0000E+00  0.0000E+00
      5.500  0.9334E-02  0.6987E-01  0.6987E-01  0.6987E-01  0.0000E+00  0.0000E+00  0.0000E+00  0.0000E+00  0.0000E+00
      5.646  0.8745E-02  0.6961E-01  0.6961E-01  0.6961E-01  0.0000E+00  0.0000E+00  0.0000E+00  0.0000E+00  0.0000E+00
      5.793  0.8127E-02  0.6941E-01  0.6941E-01  0.6941E-01  0.0000E+00  0.0000E+00  0.0000E+00  0.0000E+00  0.0000E+00
      5.939  0.7486E-02  0.6927E-01  0.6927E-01  0.6927E-01  0.0000E+00  0.0000E+00  0.0000E+00  0.0000E+00  0.0000E+00
      6.086  0.6876E-02  0.6883E-01  0.6883E-01  0.6883E-01  0.0000E+00  0.0000E+00  0.0000E+00  0.0000E+00  0.0000E+00
      6.232  0.6356E-02  0.6870E-01  0.6870E-01  0.6870E-01  0.0000E+00  0.0000E+00  0.0000E+00  0.0000E+00  0.0000E+00
      6.379  0.5783E-02  0.6798E-01  0.6798E-01  0.6798E-01  0.0000E+00  0.0000E+00  0.0000E+00  0.0000E+00  0.0000E+00
      6.525  0.5211E-02  0.6141E-01  0.6141E-01  0.6141E-01  0.0000E+00  0.0000E+00  0.0000E+00  0.0000E+00  0.0000E+00
      6.671  0.4680E-02  0.5190E-01  0.5190E-01  0.5190E-01  0.0000E+00  0.0000E+00  0.0000E+00  0.0000E+00  0.0000E+00
      6.818  0.4265E-02  0.4583E-01  0.4583E-01  0.4583E-01  0.0000E+00  0.0000E+00  0.0000E+00  0.0000E+00  0.0000E+00
      6.964  0.3857E-02  0.4170E-01  0.4170E-01  0.4170E-01  0.0000E+00  0.0000E+00  0.0000E+00  0.0000E+00  0.0000E+00
      7.111  0.3432E-02  0.3813E-01  0.3813E-01  0.3813E-01  0.0000E+00  0.0000E+00  0.0000E+00  0.0000E+00  0.0000E+00
      7.257  0.3057E-02  0.3494E-01  0.3494E-01  0.3494E-01  0.0000E+00  0.0000E+00  0.0000E+00  0.0000E+00  0.0000E+00
      7.403  0.2759E-02  0.3226E-01  0.3226E-01  0.3226E-01  0.0000E+00  0.0000E+00  0.0000E+00  0.0000E+00  0.0000E+00
      7.550  0.2439E-02  0.2965E-01  0.2965E-01  0.2965E-01  0.0000E+00  0.0000E+00  0.0000E+00  0.0000E+00  0.0000E+00
      7.696  0.2096E-02  0.2717E-01  0.2717E-01  0.2717E-01  0.0000E+00  0.0000E+00  0.0000E+00  0.0000E+00  0.0000E+00
      7.843  0.1848E-02  0.2506E-01  0.2506E-01  0.2506E-01  0.0000E+00  0.0000E+00  0.0000E+00  0.0000E+00  0.0000E+00
      7.989  0.1591E-02  0.2290E-01  0.2290E-01  0.2290E-01  0.0000E+00  0.0000E+00  0.0000E+00  0.0000E+00  0.0000E+00
      8.136  0.1336E-02  0.2082E-01  0.2082E-01  0.2082E-01  0.0000E+00  0.0000E+00  0.0000E+00  0.0000E+00  0.0000E+00
      8.282  0.1102E-02  0.1889E-01  0.1889E-01  0.1889E-01  0.0000E+00  0.0000E+00  0.0000E+00  0.0000E+00  0.0000E+00
      8.428  0.8880E-03  0.1696E-01  0.1696E-01  0.1696E-01  0.0000E+00  0.0000E+00  0.0000E+00  0.0000E+00  0.0000E+00
      8.575  0.7047E-03  0.1503E-01  0.1503E-01  0.1503E-01  0.0000E+00  0.0000E+00  0.0000E+00  0.0000E+00  0.0000E+00
      8.721  0.5181E-03  0.1314E-01  0.1314E-01  0.1314E-01  0.0000E+00  0.0000E+00  0.0000E+00  0.0000E+00  0.0000E+00
      8.868  0.3599E-03  0.1121E-01  0.1121E-01  0.1121E-01  0.0000E+00  0.0000E+00  0.0000E+00  0.0000E+00  0.0000E+00
      9.014  0.2237E-03  0.9303E-02  0.9303E-02  0.9303E-02  0.0000E+00  0.0000E+00  0.0000E+00  0.0000E+00  0.0000E+00
      9.161  0.1176E-03  0.6872E-02  0.6872E-02  0.6872E-02  0.0000E+00  0.0000E+00  0.0000E+00  0.0000E+00  0.0000E+00
      9.307  0.4618E-04  0.5626E-02  0.5626E-02  0.5626E-02  0.0000E+00  0.0000E+00  0.0000E+00  0.0000E+00  0.0000E+00
      9.453  0.1456E-05  0.2459E-03  0.2459E-03  0.2459E-03  0.0000E+00  0.0000E+00  0.0000E+00  0.0000E+00  0.0000E+00
      9.600  0.0000E+00  0.0000E+00  0.0000E+00  0.0000E+00  0.0000E+00  0.0000E+00  0.0000E+00  0.0000E+00  0.0000E+00
      9.746  0.0000E+00  0.0000E+00  0.0000E+00  0.0000E+00  0.0000E+00  0.0000E+00  0.0000E+00  0.0000E+00  0.0000E+00
      9.893  0.0000E+00  0.0000E+00  0.0000E+00  0.0000E+00  0.0000E+00  0.0000E+00  0.0000E+00  0.0000E+00  0.0000E+00
     10.039  0.0000E+00  0.0000E+00  0.0000E+00  0.0000E+00  0.0000E+00  0.0000E+00  0.0000E+00  0.0000E+00  0.0000E+00
     10.185  0.0000E+00  0.0000E+00  0.0000E+00  0.0000E+00  0.0000E+00  0.0000E+00  0.0000E+00  0.0000E+00  0.0000E+00
     10.332  0.0000E+00  0.0000E+00  0.0000E+00  0.0000E+00  0.0000E+00  0.0000E+00  0.0000E+00  0.0000E+00  0.0000E+00
     10.478  0.0000E+00  0.0000E+00  0.0000E+00  0.0000E+00  0.0000E+00  0.0000E+00  0.0000E+00  0.0000E+00  0.0000E+00
     10.625  0.0000E+00  0.0000E+00  0.0000E+00  0.0000E+00  0.0000E+00  0.0000E+00  0.0000E+00  0.0000E+00  0.0000E+00
     10.771  0.0000E+00  0.0000E+00  0.0000E+00  0.0000E+00  0.0000E+00  0.0000E+00  0.0000E+00  0.0000E+00  0.0000E+00
     10.918  0.0000E+00  0.0000E+00  0.0000E+00  0.0000E+00  0.0000E+00  0.0000E+00  0.0000E+00  0.0000E+00  0.0000E+00
     11.064  0.0000E+00  0.0000E+00  0.0000E+00  0.0000E+00  0.0000E+00  0.0000E+00  0.0000E+00  0.0000E+00  0.0000E+00
     11.210  0.0000E+00  0.0000E+00  0.0000E+00  0.0000E+00  0.0000E+00  0.0000E+00  0.0000E+00  0.0000E+00  0.0000E+00
     11.357  0.0000E+00  0.0000E+00  0.0000E+00  0.0000E+00  0.0000E+00  0.0000E+00  0.0000E+00  0.0000E+00  0.0000E+00
     11.503  0.0000E+00  0.0000E+00  0.0000E+00  0.0000E+00  0.0000E+00  0.0000E+00  0.0000E+00  0.0000E+00  0.0000E+00
     11.650  0.0000E+00  0.0000E+00  0.0000E+00  0.0000E+00  0.0000E+00  0.0000E+00  0.0000E+00  0.0000E+00  0.0000E+00
     11.796  0.0000E+00  0.0000E+00  0.0000E+00  0.0000E+00  0.0000E+00  0.0000E+00  0.0000E+00  0.0000E+00  0.0000E+00
     11.942  0.0000E+00  0.0000E+00  0.0000E+00  0.0000E+00  0.0000E+00  0.0000E+00  0.0000E+00  0.0000E+00  0.0000E+00
     12.089  0.0000E+00  0.0000E+00  0.0000E+00  0.0000E+00  0.0000E+00  0.0000E+00  0.0000E+00  0.0000E+00  0.0000E+00
     12.235  0.0000E+00  0.0000E+00  0.0000E+00  0.0000E+00  0.0000E+00  0.0000E+00  0.0000E+00  0.0000E+00  0.0000E+00
     12.382  0.0000E+00  0.0000E+00  0.0000E+00  0.0000E+00  0.0000E+00  0.0000E+00  0.0000E+00  0.0000E+00  0.0000E+00
     12.528  0.0000E+00  0.0000E+00  0.0000E+00  0.0000E+00  0.0000E+00  0.0000E+00  0.0000E+00  0.0000E+00  0.0000E+00
     12.675  0.0000E+00  0.0000E+00  0.0000E+00  0.0000E+00  0.0000E+00  0.0000E+00  0.0000E+00  0.0000E+00  0.0000E+00
     12.821  0.0000E+00  0.0000E+00  0.0000E+00  0.0000E+00  0.0000E+00  0.0000E+00  0.0000E+00  0.0000E+00  0.0000E+00
     12.967  0.0000E+00  0.0000E+00  0.0000E+00  0.0000E+00  0.0000E+00  0.0000E+00  0.0000E+00  0.0000E+00  0.0000E+00
     13.114  0.0000E+00  0.0000E+00  0.0000E+00  0.0000E+00  0.0000E+00  0.0000E+00  0.0000E+00  0.0000E+00  0.0000E+00
     13.260  0.0000E+00  0.0000E+00  0.0000E+00  0.0000E+00  0.0000E+00  0.0000E+00  0.0000E+00  0.0000E+00  0.0000E+00
     13.407  0.0000E+00  0.0000E+00  0.0000E+00  0.0000E+00  0.0000E+00  0.0000E+00  0.0000E+00  0.0000E+00  0.0000E+00
     13.553  0.0000E+00  0.0000E+00  0.0000E+00  0.0000E+00  0.0000E+00  0.0000E+00  0.0000E+00  0.0000E+00  0.0000E+00
     13.699  0.1193E-02  0.4018E-03  0.4018E-03  0.4018E-03  0.0000E+00  0.0000E+00  0.0000E+00  0.0000E+00  0.0000E+00
     13.846  0.7968E-02  0.2897E-02  0.2897E-02  0.2897E-02  0.0000E+00  0.0000E+00  0.0000E+00  0.0000E+00  0.0000E+00
     13.992  0.9653E-02  0.3794E-02  0.3794E-02  0.3794E-02  0.0000E+00  0.0000E+00  0.0000E+00  0.0000E+00  0.0000E+00
     14.139  0.1229E-01  0.5145E-02  0.5145E-02  0.5145E-02  0.0000E+00  0.0000E+00  0.0000E+00  0.0000E+00  0.0000E+00
     14.285  0.1507E-01  0.6608E-02  0.6608E-02  0.6608E-02  0.0000E+00  0.0000E+00  0.0000E+00  0.0000E+00  0.0000E+00
     14.432  0.1902E-01  0.8408E-02  0.8408E-02  0.8408E-02  0.0000E+00  0.0000E+00  0.0000E+00  0.0000E+00  0.0000E+00
     14.578  0.2114E-01  0.1005E-01  0.1005E-01  0.1005E-01  0.0000E+00  0.0000E+00  0.0000E+00  0.0000E+00  0.0000E+00
     14.724  0.2362E-01  0.1196E-01  0.1196E-01  0.1196E-01  0.0000E+00  0.0000E+00  0.0000E+00  0.0000E+00  0.0000E+00
     14.871  0.2507E-01  0.1393E-01  0.1393E-01  0.1393E-01  0.0000E+00  0.0000E+00  0.0000E+00  0.0000E+00  0.0000E+00
     15.017  0.2641E-01  0.1629E-01  0.1629E-01  0.1629E-01  0.0000E+00  0.0000E+00  0.0000E+00  0.0000E+00  0.0000E+00
     15.164  0.2773E-01  0.1977E-01  0.1977E-01  0.1977E-01  0.0000E+00  0.0000E+00  0.0000E+00  0.0000E+00  0.0000E+00
     15.310  0.2883E-01  0.2274E-01  0.2274E-01  0.2274E-01  0.0000E+00  0.0000E+00  0.0000E+00  0.0000E+00  0.0000E+00
     15.456  0.2946E-01  0.2377E-01  0.2377E-01  0.2377E-01  0.0000E+00  0.0000E+00  0.0000E+00  0.0000E+00  0.0000E+00
     15.603  0.3025E-01  0.2497E-01  0.2497E-01  0.2497E-01  0.0000E+00  0.0000E+00  0.0000E+00  0.0000E+00  0.0000E+00
     15.749  0.3104E-01  0.2647E-01  0.2647E-01  0.2647E-01  0.0000E+00  0.0000E+00  0.0000E+00  0.0000E+00  0.0000E+00
     15.896  0.3180E-01  0.2790E-01  0.2790E-01  0.2790E-01  0.0000E+00  0.0000E+00  0.0000E+00  0.0000E+00  0.0000E+00
     16.042  0.3243E-01  0.2946E-01  0.2946E-01  0.2946E-01  0.0000E+00  0.0000E+00  0.0000E+00  0.0000E+00  0.0000E+00
     16.189  0.3303E-01  0.3106E-01  0.3106E-01  0.3106E-01  0.0000E+00  0.0000E+00  0.0000E+00  0.0000E+00  0.0000E+00
     16.335  0.3366E-01  0.3275E-01  0.3275E-01  0.3275E-01  0.0000E+00  0.0000E+00  0.0000E+00  0.0000E+00  0.0000E+00
     16.481  0.3438E-01  0.3459E-01  0.3459E-01  0.3459E-01  0.0000E+00  0.0000E+00  0.0000E+00  0.0000E+00  0.0000E+00
     16.628  0.3514E-01  0.3653E-01  0.3653E-01  0.3653E-01  0.0000E+00  0.0000E+00  0.0000E+00  0.0000E+00  0.0000E+00
     16.774  0.3589E-01  0.3867E-01  0.3867E-01  0.3867E-01  0.0000E+00  0.0000E+00  0.0000E+00  0.0000E+00  0.0000E+00
     16.921  0.3667E-01  0.4087E-01  0.4087E-01  0.4087E-01  0.0000E+00  0.0000E+00  0.0000E+00  0.0000E+00  0.0000E+00
     17.067  0.3754E-01  0.4332E-01  0.4332E-01  0.4332E-01  0.0000E+00  0.0000E+00  0.0000E+00  0.0000E+00  0.0000E+00
     17.213  0.3876E-01  0.4615E-01  0.4615E-01  0.4615E-01  0.0000E+00  0.0000E+00  0.0000E+00  0.0000E+00  0.0000E+00
     17.360  0.4004E-01  0.4915E-01  0.4915E-01  0.4915E-01  0.0000E+00  0.0000E+00  0.0000E+00  0.0000E+00  0.0000E+00
     17.506  0.4182E-01  0.5309E-01  0.5309E-01  0.5309E-01  0.0000E+00  0.0000E+00  0.0000E+00  0.0000E+00  0.0000E+00
     17.653  0.4402E-01  0.5794E-01  0.5794E-01  0.5794E-01  0.0000E+00  0.0000E+00  0.0000E+00  0.0000E+00  0.0000E+00
     17.799  0.4731E-01  0.6509E-01  0.6509E-01  0.6509E-01  0.0000E+00  0.0000E+00  0.0000E+00  0.0000E+00  0.0000E+00
     17.946  0.5533E-01  0.8103E-01  0.8103E-01  0.8103E-01  0.0000E+00  0.0000E+00  0.0000E+00  0.0000E+00  0.0000E+00
     18.092  0.6539E-01  0.8678E-01  0.8678E-01  0.8678E-01  0.0000E+00  0.0000E+00  0.0000E+00  0.0000E+00  0.0000E+00
     18.238  0.8460E-01  0.6800E-01  0.6800E-01  0.6800E-01  0.0000E+00  0.0000E+00  0.0000E+00  0.0000E+00  0.0000E+00
     18.385  0.8587E-01  0.7513E-01  0.7513E-01  0.7513E-01  0.0000E+00  0.0000E+00  0.0000E+00  0.0000E+00  0.0000E+00
     18.531  0.6746E-01  0.6159E-01  0.6159E-01  0.6159E-01  0.0000E+00  0.0000E+00  0.0000E+00  0.0000E+00  0.0000E+00
     18.678  0.6664E-01  0.6095E-01  0.6095E-01  0.6095E-01  0.0000E+00  0.0000E+00  0.0000E+00  0.0000E+00  0.0000E+00
     18.824  0.6389E-01  0.5858E-01  0.5858E-01  0.5858E-01  0.0000E+00  0.0000E+00  0.0000E+00  0.0000E+00  0.0000E+00
     18.970  0.5777E-01  0.5582E-01  0.5582E-01  0.5582E-01  0.0000E+00  0.0000E+00  0.0000E+00  0.0000E+00  0.0000E+00
     19.117  0.5625E-01  0.5528E-01  0.5528E-01  0.5528E-01  0.0000E+00  0.0000E+00  0.0000E+00  0.0000E+00  0.0000E+00
     19.263  0.5503E-01  0.5509E-01  0.5509E-01  0.5509E-01  0.0000E+00  0.0000E+00  0.0000E+00  0.0000E+00  0.0000E+00
     19.410  0.4992E-01  0.5337E-01  0.5337E-01  0.5337E-01  0.0000E+00  0.0000E+00  0.0000E+00  0.0000E+00  0.0000E+00
     19.556  0.5005E-01  0.5422E-01  0.5422E-01  0.5422E-01  0.0000E+00  0.0000E+00  0.0000E+00  0.0000E+00  0.0000E+00
     19.703  0.4832E-01  0.5547E-01  0.5547E-01  0.5547E-01  0.0000E+00  0.0000E+00  0.0000E+00  0.0000E+00  0.0000E+00
     19.849  0.4664E-01  0.5572E-01  0.5572E-01  0.5572E-01  0.0000E+00  0.0000E+00  0.0000E+00  0.0000E+00  0.0000E+00
     19.995  0.4443E-01  0.5410E-01  0.5410E-01  0.5410E-01  0.0000E+00  0.0000E+00  0.0000E+00  0.0000E+00  0.0000E+00
     20.142  0.4236E-01  0.5220E-01  0.5220E-01  0.5220E-01  0.0000E+00  0.0000E+00  0.0000E+00  0.0000E+00  0.0000E+00
     20.288  0.4249E-01  0.5214E-01  0.5214E-01  0.5214E-01  0.0000E+00  0.0000E+00  0.0000E+00  0.0000E+00  0.0000E+00
     20.435  0.4452E-01  0.5278E-01  0.5278E-01  0.5278E-01  0.0000E+00  0.0000E+00  0.0000E+00  0.0000E+00  0.0000E+00
     20.581  0.3503E-01  0.4392E-01  0.4392E-01  0.4392E-01  0.0000E+00  0.0000E+00  0.0000E+00  0.0000E+00  0.0000E+00
     20.727  0.3077E-01  0.4189E-01  0.4189E-01  0.4189E-01  0.0000E+00  0.0000E+00  0.0000E+00  0.0000E+00  0.0000E+00
     20.874  0.3475E-01  0.4231E-01  0.4231E-01  0.4231E-01  0.0000E+00  0.0000E+00  0.0000E+00  0.0000E+00  0.0000E+00
     21.020  0.3957E-01  0.4439E-01  0.4439E-01  0.4439E-01  0.0000E+00  0.0000E+00  0.0000E+00  0.0000E+00  0.0000E+00
     21.167  0.5092E-01  0.5008E-01  0.5008E-01  0.5008E-01  0.0000E+00  0.0000E+00  0.0000E+00  0.0000E+00  0.0000E+00
     21.313  0.4668E-01  0.4660E-01  0.4660E-01  0.4660E-01  0.0000E+00  0.0000E+00  0.0000E+00  0.0000E+00  0.0000E+00
     21.460  0.4703E-01  0.4585E-01  0.4585E-01  0.4585E-01  0.0000E+00  0.0000E+00  0.0000E+00  0.0000E+00  0.0000E+00
     21.606  0.5249E-01  0.4861E-01  0.4861E-01  0.4861E-01  0.0000E+00  0.0000E+00  0.0000E+00  0.0000E+00  0.0000E+00
     21.752  0.5104E-01  0.4863E-01  0.4863E-01  0.4863E-01  0.0000E+00  0.0000E+00  0.0000E+00  0.0000E+00  0.0000E+00
     21.899  0.5647E-01  0.5247E-01  0.5247E-01  0.5247E-01  0.0000E+00  0.0000E+00  0.0000E+00  0.0000E+00  0.0000E+00
     22.045  0.5598E-01  0.5317E-01  0.5317E-01  0.5317E-01  0.0000E+00  0.0000E+00  0.0000E+00  0.0000E+00  0.0000E+00
     22.192  0.5557E-01  0.5320E-01  0.5320E-01  0.5320E-01  0.0000E+00  0.0000E+00  0.0000E+00  0.0000E+00  0.0000E+00
     22.338  0.5521E-01  0.5269E-01  0.5269E-01  0.5269E-01  0.0000E+00  0.0000E+00  0.0000E+00  0.0000E+00  0.0000E+00
     22.484  0.5874E-01  0.5631E-01  0.5631E-01  0.5631E-01  0.0000E+00  0.0000E+00  0.0000E+00  0.0000E+00  0.0000E+00
     22.631  0.5717E-01  0.5549E-01  0.5549E-01  0.5549E-01  0.0000E+00  0.0000E+00  0.0000E+00  0.0000E+00  0.0000E+00
     22.777  0.7318E-01  0.5697E-01  0.5697E-01  0.5697E-01  0.0000E+00  0.0000E+00  0.0000E+00  0.0000E+00  0.0000E+00
     22.924  0.1041E+00  0.5875E-01  0.5875E-01  0.5875E-01  0.0000E+00  0.0000E+00  0.0000E+00  0.0000E+00  0.0000E+00
     23.070  0.1046E+00  0.6542E-01  0.6542E-01  0.6542E-01  0.0000E+00  0.0000E+00  0.0000E+00  0.0000E+00  0.0000E+00
     23.217  0.9005E-01  0.6509E-01  0.6509E-01  0.6509E-01  0.0000E+00  0.0000E+00  0.0000E+00  0.0000E+00  0.0000E+00
     23.363  0.8731E-01  0.6611E-01  0.6611E-01  0.6611E-01  0.0000E+00  0.0000E+00  0.0000E+00  0.0000E+00  0.0000E+00
     23.509  0.7871E-01  0.6824E-01  0.6824E-01  0.6824E-01  0.0000E+00  0.0000E+00  0.0000E+00  0.0000E+00  0.0000E+00
     23.656  0.5685E-01  0.6179E-01  0.6179E-01  0.6179E-01  0.0000E+00  0.0000E+00  0.0000E+00  0.0000E+00  0.0000E+00
     23.802  0.4830E-01  0.6081E-01  0.6081E-01  0.6081E-01  0.0000E+00  0.0000E+00  0.0000E+00  0.0000E+00  0.0000E+00
     23.949  0.4283E-01  0.6254E-01  0.6254E-01  0.6254E-01  0.0000E+00  0.0000E+00  0.0000E+00  0.0000E+00  0.0000E+00
     24.095  0.4070E-01  0.6690E-01  0.6690E-01  0.6690E-01  0.0000E+00  0.0000E+00  0.0000E+00  0.0000E+00  0.0000E+00
     24.241  0.4538E-01  0.7959E-01  0.7959E-01  0.7959E-01  0.0000E+00  0.0000E+00  0.0000E+00  0.0000E+00  0.0000E+00
     24.388  0.4756E-01  0.9003E-01  0.9003E-01  0.9003E-01  0.0000E+00  0.0000E+00  0.0000E+00  0.0000E+00  0.0000E+00
     24.534  0.4185E-01  0.8257E-01  0.8257E-01  0.8257E-01  0.0000E+00  0.0000E+00  0.0000E+00  0.0000E+00  0.0000E+00
     24.681  0.3427E-01  0.7581E-01  0.7581E-01  0.7581E-01  0.0000E+00  0.0000E+00  0.0000E+00  0.0000E+00  0.0000E+00
     24.827  0.2861E-01  0.7004E-01  0.7004E-01  0.7004E-01  0.0000E+00  0.0000E+00  0.0000E+00  0.0000E+00  0.0000E+00
     24.974  0.2442E-01  0.6623E-01  0.6623E-01  0.6623E-01  0.0000E+00  0.0000E+00  0.0000E+00  0.0000E+00  0.0000E+00
     25.120  0.2082E-01  0.6362E-01  0.6362E-01  0.6362E-01  0.0000E+00  0.0000E+00  0.0000E+00  0.0000E+00  0.0000E+00
     25.266  0.1720E-01  0.6038E-01  0.6038E-01  0.6038E-01  0.0000E+00  0.0000E+00  0.0000E+00  0.0000E+00  0.0000E+00
     25.413  0.1423E-01  0.5764E-01  0.5764E-01  0.5764E-01  0.0000E+00  0.0000E+00  0.0000E+00  0.0000E+00  0.0000E+00
     25.559  0.1133E-01  0.5483E-01  0.5483E-01  0.5483E-01  0.0000E+00  0.0000E+00  0.0000E+00  0.0000E+00  0.0000E+00
     25.706  0.8567E-02  0.5329E-01  0.5329E-01  0.5329E-01  0.0000E+00  0.0000E+00  0.0000E+00  0.0000E+00  0.0000E+00
     25.852  0.6118E-02  0.6061E-01  0.6061E-01  0.6061E-01  0.0000E+00  0.0000E+00  0.0000E+00  0.0000E+00  0.0000E+00
     25.998  0.3665E-02  0.2691E-01  0.2691E-01  0.2691E-01  0.0000E+00  0.0000E+00  0.0000E+00  0.0000E+00  0.0000E+00
     26.145  0.2731E-02  0.2347E-01  0.2347E-01  0.2347E-01  0.0000E+00  0.0000E+00  0.0000E+00  0.0000E+00  0.0000E+00
     26.291  0.1957E-02  0.2068E-01  0.2068E-01  0.2068E-01  0.0000E+00  0.0000E+00  0.0000E+00  0.0000E+00  0.0000E+00
     26.438  0.1316E-02  0.1781E-01  0.1781E-01  0.1781E-01  0.0000E+00  0.0000E+00  0.0000E+00  0.0000E+00  0.0000E+00
     26.584  0.7392E-03  0.1457E-01  0.1457E-01  0.1457E-01  0.0000E+00  0.0000E+00  0.0000E+00  0.0000E+00  0.0000E+00
     26.731  0.3172E-03  0.1103E-01  0.1103E-01  0.1103E-01  0.0000E+00  0.0000E+00  0.0000E+00  0.0000E+00  0.0000E+00
     26.877  0.6497E-04  0.7203E-02  0.7203E-02  0.7203E-02  0.0000E+00  0.0000E+00  0.0000E+00  0.0000E+00  0.0000E+00
     27.023  0.0000E+00  0.0000E+00  0.0000E+00  0.0000E+00  0.0000E+00  0.0000E+00  0.0000E+00  0.0000E+00  0.0000E+00
     27.170  0.0000E+00  0.0000E+00  0.0000E+00  0.0000E+00  0.0000E+00  0.0000E+00  0.0000E+00  0.0000E+00  0.0000E+00
     27.316  0.0000E+00  0.0000E+00  0.0000E+00  0.0000E+00  0.0000E+00  0.0000E+00  0.0000E+00  0.0000E+00  0.0000E+00
     27.463  0.0000E+00  0.0000E+00  0.0000E+00  0.0000E+00  0.0000E+00  0.0000E+00  0.0000E+00  0.0000E+00  0.0000E+00
     27.609  0.0000E+00  0.0000E+00  0.0000E+00  0.0000E+00  0.0000E+00  0.0000E+00  0.0000E+00  0.0000E+00  0.0000E+00
     27.756  0.0000E+00  0.0000E+00  0.0000E+00  0.0000E+00  0.0000E+00  0.0000E+00  0.0000E+00  0.0000E+00  0.0000E+00
     27.902  0.0000E+00  0.0000E+00  0.0000E+00  0.0000E+00  0.0000E+00  0.0000E+00  0.0000E+00  0.0000E+00  0.0000E+00
     28.048  0.0000E+00  0.0000E+00  0.0000E+00  0.0000E+00  0.0000E+00  0.0000E+00  0.0000E+00  0.0000E+00  0.0000E+00
     28.195  0.0000E+00  0.0000E+00  0.0000E+00  0.0000E+00  0.0000E+00  0.0000E+00  0.0000E+00  0.0000E+00  0.0000E+00
     28.341  0.0000E+00  0.0000E+00  0.0000E+00  0.0000E+00  0.0000E+00  0.0000E+00  0.0000E+00  0.0000E+00  0.0000E+00
     28.488  0.0000E+00  0.0000E+00  0.0000E+00  0.0000E+00  0.0000E+00  0.0000E+00  0.0000E+00  0.0000E+00  0.0000E+00
     28.634  0.0000E+00  0.0000E+00  0.0000E+00  0.0000E+00  0.0000E+00  0.0000E+00  0.0000E+00  0.0000E+00  0.0000E+00
     28.780  0.0000E+00  0.0000E+00  0.0000E+00  0.0000E+00  0.0000E+00  0.0000E+00  0.0000E+00  0.0000E+00  0.0000E+00
     28.927  0.0000E+00  0.0000E+00  0.0000E+00  0.0000E+00  0.0000E+00  0.0000E+00  0.0000E+00  0.0000E+00  0.0000E+00
     28.92684606    -14.99835194  301     13.67134647      1.00000000
    -14.998  0.0000E+00  0.0000E+00  0.0000E+00  0.0000E+00  0.0000E+00  0.0000E+00  0.0000E+00  0.0000E+00  0.0000E+00
    -14.852  0.0000E+00  0.0000E+00  0.0000E+00  0.0000E+00  0.0000E+00  0.0000E+00  0.0000E+00  0.0000E+00  0.0000E+00
    -14.706  0.0000E+00  0.0000E+00  0.0000E+00  0.0000E+00  0.0000E+00  0.0000E+00  0.0000E+00  0.0000E+00  0.0000E+00
    -14.559  0.0000E+00  0.0000E+00  0.0000E+00  0.0000E+00  0.0000E+00  0.0000E+00  0.0000E+00  0.0000E+00  0.0000E+00
    -14.413  0.0000E+00  0.0000E+00  0.0000E+00  0.0000E+00  0.0000E+00  0.0000E+00  0.0000E+00  0.0000E+00  0.0000E+00
    -14.266  0.0000E+00  0.0000E+00  0.0000E+00  0.0000E+00  0.0000E+00  0.0000E+00  0.0000E+00  0.0000E+00  0.0000E+00
    -14.120  0.0000E+00  0.0000E+00  0.0000E+00  0.0000E+00  0.0000E+00  0.0000E+00  0.0000E+00  0.0000E+00  0.0000E+00
    -13.973  0.0000E+00  0.0000E+00  0.0000E+00  0.0000E+00  0.0000E+00  0.0000E+00  0.0000E+00  0.0000E+00  0.0000E+00
    -13.827  0.0000E+00  0.0000E+00  0.0000E+00  0.0000E+00  0.0000E+00  0.0000E+00  0.0000E+00  0.0000E+00  0.0000E+00
    -13.681  0.0000E+00  0.0000E+00  0.0000E+00  0.0000E+00  0.0000E+00  0.0000E+00  0.0000E+00  0.0000E+00  0.0000E+00
    -13.534  0.0000E+00  0.0000E+00  0.0000E+00  0.0000E+00  0.0000E+00  0.0000E+00  0.0000E+00  0.0000E+00  0.0000E+00
    -13.388  0.0000E+00  0.0000E+00  0.0000E+00  0.0000E+00  0.0000E+00  0.0000E+00  0.0000E+00  0.0000E+00  0.0000E+00
    -13.241  0.0000E+00  0.0000E+00  0.0000E+00  0.0000E+00  0.0000E+00  0.0000E+00  0.0000E+00  0.0000E+00  0.0000E+00
    -13.095  0.0000E+00  0.0000E+00  0.0000E+00  0.0000E+00  0.0000E+00  0.0000E+00  0.0000E+00  0.0000E+00  0.0000E+00
    -12.949  0.6540E-02  0.4871E-05  0.4871E-05  0.4871E-05  0.0000E+00  0.0000E+00  0.0000E+00  0.0000E+00  0.0000E+00
    -12.802  0.1796E-01  0.4686E-04  0.4686E-04  0.4686E-04  0.0000E+00  0.0000E+00  0.0000E+00  0.0000E+00  0.0000E+00
    -12.656  0.1951E-01  0.9761E-04  0.9761E-04  0.9761E-04  0.0000E+00  0.0000E+00  0.0000E+00  0.0000E+00  0.0000E+00
    -12.509  0.2067E-01  0.1511E-03  0.1511E-03  0.1511E-03  0.0000E+00  0.0000E+00  0.0000E+00  0.0000E+00  0.0000E+00
    -12.363  0.2351E-01  0.2239E-03  0.2239E-03  0.2239E-03  0.0000E+00  0.0000E+00  0.0000E+00  0.0000E+00  0.0000E+00
    -12.216  0.2593E-01  0.3066E-03  0.3066E-03  0.3066E-03  0.0000E+00  0.0000E+00  0.0000E+00  0.0000E+00  0.0000E+00
    -12.070  0.2820E-01  0.3965E-03  0.3965E-03  0.3965E-03  0.0000E+00  0.0000E+00  0.0000E+00  0.0000E+00  0.0000E+00
    -11.924  0.3042E-01  0.4916E-03  0.4916E-03  0.4916E-03  0.0000E+00  0.0000E+00  0.0000E+00  0.0000E+00  0.0000E+00
    -11.777  0.3227E-01  0.5968E-03  0.5968E-03  0.5968E-03  0.0000E+00  0.0000E+00  0.0000E+00  0.0000E+00  0.0000E+00
    -11.631  0.3413E-01  0.7063E-03  0.7063E-03  0.7063E-03  0.0000E+00  0.0000E+00  0.0000E+00  0.0000E+00  0.0000E+00
    -11.484  0.3585E-01  0.8222E-03  0.8222E-03  0.8222E-03  0.0000E+00  0.0000E+00  0.0000E+00  0.0000E+00  0.0000E+00
    -11.338  0.3750E-01  0.9439E-03  0.9439E-03  0.9439E-03  0.0000E+00  0.0000E+00  0.0000E+00  0.0000E+00  0.0000E+00
    -11.192  0.3907E-01  0.1071E-02  0.1071E-02  0.1071E-02  0.0000E+00  0.0000E+00  0.0000E+00  0.0000E+00  0.0000E+00
    -11.045  0.4059E-01  0.1203E-02  0.1203E-02  0.1203E-02  0.0000E+00  0.0000E+00  0.0000E+00  0.0000E+00  0.0000E+00
    -10.899  0.4204E-01  0.1340E-02  0.1340E-02  0.1340E-02  0.0000E+00  0.0000E+00  0.0000E+00  0.0000E+00  0.0000E+00
    -10.752  0.4349E-01  0.1480E-02  0.1480E-02  0.1480E-02  0.0000E+00  0.0000E+00  0.0000E+00  0.0000E+00  0.0000E+00
    -10.606  0.4482E-01  0.1628E-02  0.1628E-02  0.1628E-02  0.0000E+00  0.0000E+00  0.0000E+00  0.0000E+00  0.0000E+00
    -10.459  0.4623E-01  0.1776E-02  0.1776E-02  0.1776E-02  0.0000E+00  0.0000E+00  0.0000E+00  0.0000E+00  0.0000E+00
    -10.313  0.4748E-01  0.1934E-02  0.1934E-02  0.1934E-02  0.0000E+00  0.0000E+00  0.0000E+00  0.0000E+00  0.0000E+00
    -10.167  0.4879E-01  0.2092E-02  0.2092E-02  0.2092E-02  0.0000E+00  0.0000E+00  0.0000E+00  0.0000E+00  0.0000E+00
    -10.020  0.5008E-01  0.2256E-02  0.2256E-02  0.2256E-02  0.0000E+00  0.0000E+00  0.0000E+00  0.0000E+00  0.0000E+00
     -9.874  0.5132E-01  0.2425E-02  0.2425E-02  0.2425E-02  0.0000E+00  0.0000E+00  0.0000E+00  0.0000E+00  0.0000E+00
     -9.727  0.5262E-01  0.2593E-02  0.2593E-02  0.2593E-02  0.0000E+00  0.0000E+00  0.0000E+00  0.0000E+00  0.0000E+00
     -9.581  0.5385E-01  0.2771E-02  0.2771E-02  0.2771E-02  0.0000E+00  0.0000E+00  0.0000E+00  0.0000E+00  0.0000E+00
     -9.434  0.5511E-01  0.2951E-02  0.2951E-02  0.2951E-02  0.0000E+00  0.0000E+00  0.0000E+00  0.0000E+00  0.0000E+00
     -9.288  0.5644E-01  0.3130E-02  0.3130E-02  0.3130E-02  0.0000E+00  0.0000E+00  0.0000E+00  0.0000E+00  0.0000E+00
     -9.142  0.5768E-01  0.3322E-02  0.3322E-02  0.3322E-02  0.0000E+00  0.0000E+00  0.0000E+00  0.0000E+00  0.0000E+00
     -8.995  0.5901E-01  0.3512E-02  0.3512E-02  0.3512E-02  0.0000E+00  0.0000E+00  0.0000E+00  0.0000E+00  0.0000E+00
     -8.849  0.6041E-01  0.3704E-02  0.3704E-02  0.3704E-02  0.0000E+00  0.0000E+00  0.0000E+00  0.0000E+00  0.0000E+00
     -8.702  0.6178E-01  0.3908E-02  0.3908E-02  0.3908E-02  0.0000E+00  0.0000E+00  0.0000E+00  0.0000E+00  0.0000E+00
     -8.556  0.6326E-01  0.4111E-02  0.4111E-02  0.4111E-02  0.0000E+00  0.0000E+00  0.0000E+00  0.0000E+00  0.0000E+00
     -8.410  0.6485E-01  0.4315E-02  0.4315E-02  0.4315E-02  0.0000E+00  0.0000E+00  0.0000E+00  0.0000E+00  0.0000E+00
     -8.263  0.6650E-01  0.4534E-02  0.4534E-02  0.4534E-02  0.0000E+00  0.0000E+00  0.0000E+00  0.0000E+00  0.0000E+00
     -8.117  0.6831E-01  0.4754E-02  0.4754E-02  0.4754E-02  0.0000E+00  0.0000E+00  0.0000E+00  0.0000E+00  0.0000E+00
     -7.970  0.7034E-01  0.4977E-02  0.4977E-02  0.4977E-02  0.0000E+00  0.0000E+00  0.0000E+00  0.0000E+00  0.0000E+00
     -7.824  0.7261E-01  0.5218E-02  0.5218E-02  0.5218E-02  0.0000E+00  0.0000E+00  0.0000E+00  0.0000E+00  0.0000E+00
     -7.677  0.7530E-01  0.5470E-02  0.5470E-02  0.5470E-02  0.0000E+00  0.0000E+00  0.0000E+00  0.0000E+00  0.0000E+00
     -7.531  0.7863E-01  0.5739E-02  0.5739E-02  0.5739E-02  0.0000E+00  0.0000E+00  0.0000E+00  0.0000E+00  0.0000E+00
     -7.385  0.8318E-01  0.6055E-02  0.6055E-02  0.6055E-02  0.0000E+00  0.0000E+00  0.0000E+00  0.0000E+00  0.0000E+00
     -7.238  0.9148E-01  0.6505E-02  0.6505E-02  0.6505E-02  0.0000E+00  0.0000E+00  0.0000E+00  0.0000E+00  0.0000E+00
     -7.092  0.1005E+00  0.6975E-02  0.6975E-02  0.6975E-02  0.0000E+00  0.0000E+00  0.0000E+00  0.0000E+00  0.0000E+00
     -6.945  0.9742E-01  0.7012E-02  0.7012E-02  0.7012E-02  0.0000E+00  0.0000E+00  0.0000E+00  0.0000E+00  0.0000E+00
     -6.799  0.9304E-01  0.6982E-02  0.6982E-02  0.6982E-02  0.0000E+00  0.0000E+00  0.0000E+00  0.0000E+00  0.0000E+00
     -6.653  0.8991E-01  0.6983E-02  0.6983E-02  0.6983E-02  0.0000E+00  0.0000E+00  0.0000E+00  0.0000E+00  0.0000E+00
     -6.506  0.8649E-01  0.6946E-02  0.6946E-02  0.6946E-02  0.0000E+00  0.0000E+00  0.0000E+00  0.0000E+00  0.0000E+00
     -6.360  0.8405E-01  0.6972E-02  0.6972E-02  0.6972E-02  0.0000E+00  0.0000E+00  0.0000E+00  0.0000E+00  0.0000E+00
     -6.213  0.8064E-01  0.6912E-02  0.6912E-02  0.6912E-02  0.0000E+00  0.0000E+00  0.0000E+00  0.0000E+00  0.0000E+00
     -6.067  0.7814E-01  0.6887E-02  0.6887E-02  0.6887E-02  0.0000E+00  0.0000E+00  0.0000E+00  0.0000E+00  0.0000E+00
     -5.920  0.7528E-01  0.6847E-02  0.6847E-02  0.6847E-02  0.0000E+00  0.0000E+00  0.0000E+00  0.0000E+00  0.0000E+00
     -5.774  0.7215E-01  0.6762E-02  0.6762E-02  0.6762E-02  0.0000E+00  0.0000E+00  0.0000E+00  0.0000E+00  0.0000E+00
     -5.628  0.6952E-01  0.6695E-02  0.6695E-02  0.6695E-02  0.0000E+00  0.0000E+00  0.0000E+00  0.0000E+00  0.0000E+00
     -5.481  0.6655E-01  0.6603E-02  0.6603E-02  0.6603E-02  0.0000E+00  0.0000E+00  0.0000E+00  0.0000E+00  0.0000E+00
     -5.335  0.6383E-01  0.6503E-02  0.6503E-02  0.6503E-02  0.0000E+00  0.0000E+00  0.0000E+00  0.0000E+00  0.0000E+00
     -5.188  0.6074E-01  0.6368E-02  0.6368E-02  0.6368E-02  0.0000E+00  0.0000E+00  0.0000E+00  0.0000E+00  0.0000E+00
     -5.042  0.5808E-01  0.6250E-02  0.6250E-02  0.6250E-02  0.0000E+00  0.0000E+00  0.0000E+00  0.0000E+00  0.0000E+00
     -4.896  0.5483E-01  0.6073E-02  0.6073E-02  0.6073E-02  0.0000E+00  0.0000E+00  0.0000E+00  0.0000E+00  0.0000E+00
     -4.749  0.5204E-01  0.5917E-02  0.5917E-02  0.5917E-02  0.0000E+00  0.0000E+00  0.0000E+00  0.0000E+00  0.0000E+00
     -4.603  0.4883E-01  0.5712E-02  0.5712E-02  0.5712E-02  0.0000E+00  0.0000E+00  0.0000E+00  0.0000E+00  0.0000E+00
     -4.456  0.4581E-01  0.5512E-02  0.5512E-02  0.5512E-02  0.0000E+00  0.0000E+00  0.0000E+00  0.0000E+00  0.0000E+00
     -4.310  0.4672E-01  0.7608E-02  0.7608E-02  0.7608E-02  0.0000E+00  0.0000E+00  0.0000E+00  0.0000E+00  0.0000E+00
     -4.163  0.4857E-01  0.1007E-01  0.1007E-01  0.1007E-01  0.0000E+00  0.0000E+00  0.0000E+00  0.0000E+00  0.0000E+00
     -4.017  0.3749E-01  0.9636E-02  0.9636E-02  0.9636E-02  0.0000E+00  0.0000E+00  0.0000E+00  0.0000E+00  0.0000E+00
     -3.871  0.2785E-01  0.9558E-02  0.9558E-02  0.9558E-02  0.0000E+00  0.0000E+00  0.0000E+00  0.0000E+00  0.0000E+00
     -3.724  0.2787E-01  0.1064E-01  0.1064E-01  0.1064E-01  0.0000E+00  0.0000E+00  0.0000E+00  0.0000E+00  0.0000E+00
     -3.578  0.2903E-01  0.1186E-01  0.1186E-01  0.1186E-01  0.0000E+00  0.0000E+00  0.0000E+00  0.0000E+00  0.0000E+00
     -3.431  0.3330E-01  0.1355E-01  0.1355E-01  0.1355E-01  0.0000E+00  0.0000E+00  0.0000E+00  0.0000E+00  0.0000E+00
     -3.285  0.4068E-01  0.1566E-01  0.1566E-01  0.1566E-01  0.0000E+00  0.0000E+00  0.0000E+00  0.0000E+00  0.0000E+00
     -3.139  0.5072E-01  0.1836E-01  0.1836E-01  0.1836E-01  0.0000E+00  0.0000E+00  0.0000E+00  0.0000E+00  0.0000E+00
     -2.992  0.6244E-01  0.2151E-01  0.2151E-01  0.2151E-01  0.0000E+00  0.0000E+00  0.0000E+00  0.0000E+00  0.0000E+00
     -2.846  0.7781E-01  0.2575E-01  0.2575E-01  0.2575E-01  0.0000E+00  0.0000E+00  0.0000E+00  0.0000E+00  0.0000E+00
     -2.699  0.1144E+00  0.3605E-01  0.3605E-01  0.3605E-01  0.0000E+00  0.0000E+00  0.0000E+00  0.0000E+00  0.0000E+00
     -2.553  0.1118E+00  0.3440E-01  0.3440E-01  0.3440E-01  0.0000E+00  0.0000E+00  0.0000E+00  0.0000E+00  0.0000E+00
     -2.406  0.8162E-01  0.2609E-01  0.2609E-01  0.2609E-01  0.0000E+00  0.0000E+00  0.0000E+00  0.0000E+00  0.0000E+00
     -2.260  0.7107E-01  0.2326E-01  0.2326E-01  0.2326E-01  0.0000E+00  0.0000E+00  0.0000E+00  0.0000E+00  0.0000E+00
     -2.114  0.6517E-01  0.2169E-01  0.2169E-01  0.2169E-01  0.0000E+00  0.0000E+00  0.0000E+00  0.0000E+00  0.0000E+00
     -1.967  0.5954E-01  0.2028E-01  0.2028E-01  0.2028E-01  0.0000E+00  0.0000E+00  0.0000E+00  0.0000E+00  0.0000E+00
     -1.821  0.5603E-01  0.1942E-01  0.1942E-01  0.1942E-01  0.0000E+00  0.0000E+00  0.0000E+00  0.0000E+00  0.0000E+00
     -1.674  0.5167E-01  0.1837E-01  0.1837E-01  0.1837E-01  0.0000E+00  0.0000E+00  0.0000E+00  0.0000E+00  0.0000E+00
     -1.528  0.4920E-01  0.1783E-01  0.1783E-01  0.1783E-01  0.0000E+00  0.0000E+00  0.0000E+00  0.0000E+00  0.0000E+00
     -1.382  0.4566E-01  0.1699E-01  0.1699E-01  0.1699E-01  0.0000E+00  0.0000E+00  0.0000E+00  0.0000E+00  0.0000E+00
     -1.235  0.4355E-01  0.1654E-01  0.1654E-01  0.1654E-01  0.0000E+00  0.0000E+00  0.0000E+00  0.0000E+00  0.0000E+00
     -1.089  0.4125E-01  0.1604E-01  0.1604E-01  0.1604E-01  0.0000E+00  0.0000E+00  0.0000E+00  0.0000E+00  0.0000E+00
     -0.942  0.3862E-01  0.1542E-01  0.1542E-01  0.1542E-01  0.0000E+00  0.0000E+00  0.0000E+00  0.0000E+00  0.0000E+00
     -0.796  0.3696E-01  0.1509E-01  0.1509E-01  0.1509E-01  0.0000E+00  0.0000E+00  0.0000E+00  0.0000E+00  0.0000E+00
     -0.649  0.3448E-01  0.1448E-01  0.1448E-01  0.1448E-01  0.0000E+00  0.0000E+00  0.0000E+00  0.0000E+00  0.0000E+00
     -0.503  0.3295E-01  0.1417E-01  0.1417E-01  0.1417E-01  0.0000E+00  0.0000E+00  0.0000E+00  0.0000E+00  0.0000E+00
     -0.357  0.3144E-01  0.1386E-01  0.1386E-01  0.1386E-01  0.0000E+00  0.0000E+00  0.0000E+00  0.0000E+00  0.0000E+00
     -0.210  0.3000E-01  0.1906E-01  0.1906E-01  0.1906E-01  0.0000E+00  0.0000E+00  0.0000E+00  0.0000E+00  0.0000E+00
     -0.064  0.2995E-01  0.2453E-01  0.2453E-01  0.2453E-01  0.0000E+00  0.0000E+00  0.0000E+00  0.0000E+00  0.0000E+00
      0.083  0.2969E-01  0.2776E-01  0.2776E-01  0.2776E-01  0.0000E+00  0.0000E+00  0.0000E+00  0.0000E+00  0.0000E+00
      0.229  0.2916E-01  0.3137E-01  0.3137E-01  0.3137E-01  0.0000E+00  0.0000E+00  0.0000E+00  0.0000E+00  0.0000E+00
      0.375  0.3018E-01  0.3763E-01  0.3763E-01  0.3763E-01  0.0000E+00  0.0000E+00  0.0000E+00  0.0000E+00  0.0000E+00
      0.522  0.3110E-01  0.4301E-01  0.4301E-01  0.4301E-01  0.0000E+00  0.0000E+00  0.0000E+00  0.0000E+00  0.0000E+00
      0.668  0.3044E-01  0.4128E-01  0.4128E-01  0.4128E-01  0.0000E+00  0.0000E+00  0.0000E+00  0.0000E+00  0.0000E+00
      0.815  0.3047E-01  0.4030E-01  0.4030E-01  0.4030E-01  0.0000E+00  0.0000E+00  0.0000E+00  0.0000E+00  0.0000E+00
      0.961  0.3028E-01  0.3972E-01  0.3972E-01  0.3972E-01  0.0000E+00  0.0000E+00  0.0000E+00  0.0000E+00  0.0000E+00
      1.108  0.2953E-01  0.4006E-01  0.4006E-01  0.4006E-01  0.0000E+00  0.0000E+00  0.0000E+00  0.0000E+00  0.0000E+00
      1.254  0.2924E-01  0.4058E-01  0.4058E-01  0.4058E-01  0.0000E+00  0.0000E+00  0.0000E+00  0.0000E+00  0.0000E+00
      1.400  0.2901E-01  0.4241E-01  0.4241E-01  0.4241E-01  0.0000E+00  0.0000E+00  0.0000E+00  0.0000E+00  0.0000E+00
      1.547  0.2820E-01  0.4266E-01  0.4266E-01  0.4266E-01  0.0000E+00  0.0000E+00  0.0000E+00  0.0000E+00  0.0000E+00
      1.693  0.2766E-01  0.4437E-01  0.4437E-01  0.4437E-01  0.0000E+00  0.0000E+00  0.0000E+00  0.0000E+00  0.0000E+00
      1.840  0.2731E-01  0.4600E-01  0.4600E-01  0.4600E-01  0.0000E+00  0.0000E+00  0.0000E+00  0.0000E+00  0.0000E+00
      1.986  0.2664E-01  0.4720E-01  0.4720E-01  0.4720E-01  0.0000E+00  0.0000E+00  0.0000E+00  0.0000E+00  0.0000E+00
      2.132  0.2580E-01  0.4954E-01  0.4954E-01  0.4954E-01  0.0000E+00  0.0000E+00  0.0000E+00  0.0000E+00  0.0000E+00
      2.279  0.2534E-01  0.5152E-01  0.5152E-01  0.5152E-01  0.0000E+00  0.0000E+00  0.0000E+00  0.0000E+00  0.0000E+00
      2.425  0.2478E-01  0.5476E-01  0.5476E-01  0.5476E-01  0.0000E+00  0.0000E+00  0.0000E+00  0.0000E+00  0.0000E+00
      2.572  0.2391E-01  0.5770E-01  0.5770E-01  0.5770E-01  0.0000E+00  0.0000E+00  0.0000E+00  0.0000E+00  0.0000E+00
      2.718  0.2317E-01  0.6257E-01  0.6257E-01  0.6257E-01  0.0000E+00  0.0000E+00  0.0000E+00  0.0000E+00  0.0000E+00
      2.865  0.2258E-01  0.7343E-01  0.7343E-01  0.7343E-01  0.0000E+00  0.0000E+00  0.0000E+00  0.0000E+00  0.0000E+00
      3.011  0.2179E-01  0.7567E-01  0.7567E-01  0.7567E-01  0.0000E+00  0.0000E+00  0.0000E+00  0.0000E+00  0.0000E+00
      3.157  0.2075E-01  0.7560E-01  0.7560E-01  0.7560E-01  0.0000E+00  0.0000E+00  0.0000E+00  0.0000E+00  0.0000E+00
      3.304  0.2005E-01  0.7420E-01  0.7420E-01  0.7420E-01  0.0000E+00  0.0000E+00  0.0000E+00  0.0000E+00  0.0000E+00
      3.450  0.1942E-01  0.7387E-01  0.7387E-01  0.7387E-01  0.0000E+00  0.0000E+00  0.0000E+00  0.0000E+00  0.0000E+00
      3.597  0.1859E-01  0.7355E-01  0.7355E-01  0.7355E-01  0.0000E+00  0.0000E+00  0.0000E+00  0.0000E+00  0.0000E+00
      3.743  0.1763E-01  0.7302E-01  0.7302E-01  0.7302E-01  0.0000E+00  0.0000E+00  0.0000E+00  0.0000E+00  0.0000E+00
      3.889  0.1705E-01  0.7287E-01  0.7287E-01  0.7287E-01  0.0000E+00  0.0000E+00  0.0000E+00  0.0000E+00  0.0000E+00
      4.036  0.1638E-01  0.7277E-01  0.7277E-01  0.7277E-01  0.0000E+00  0.0000E+00  0.0000E+00  0.0000E+00  0.0000E+00
      4.182  0.1555E-01  0.7218E-01  0.7218E-01  0.7218E-01  0.0000E+00  0.0000E+00  0.0000E+00  0.0000E+00  0.0000E+00
      4.329  0.1474E-01  0.7182E-01  0.7182E-01  0.7182E-01  0.0000E+00  0.0000E+00  0.0000E+00  0.0000E+00  0.0000E+00
      4.475  0.1411E-01  0.7184E-01  0.7184E-01  0.7184E-01  0.0000E+00  0.0000E+00  0.0000E+00  0.0000E+00  0.0000E+00
      4.622  0.1339E-01  0.7145E-01  0.7145E-01  0.7145E-01  0.0000E+00  0.0000E+00  0.0000E+00  0.0000E+00  0.0000E+00
      4.768  0.1262E-01  0.7122E-01  0.7122E-01  0.7122E-01  0.0000E+00  0.0000E+00  0.0000E+00  0.0000E+00  0.0000E+00
      4.914  0.1195E-01  0.7098E-01  0.7098E-01  0.7098E-01  0.0000E+00  0.0000E+00  0.0000E+00  0.0000E+00  0.0000E+00
      5.061  0.1141E-01  0.7066E-01  0.7066E-01  0.7066E-01  0.0000E+00  0.0000E+00  0.0000E+00  0.0000E+00  0.0000E+00
      5.207  0.1075E-01  0.7053E-01  0.7053E-01  0.7053E-01  0.0000E+00  0.0000E+00  0.0000E+00  0.0000E+00  0.0000E+00
      5.354  0.1005E-01  0.7011E-01  0.7011E-01  0.7011E-01  0.0000E+00  0.0000E+00  0.0000E+00  0.0000E+00  0.0000E+00
      5.500  0.9334E-02  0.6987E-01  0.6987E-01  0.6987E-01  0.0000E+00  0.0000E+00  0.0000E+00  0.0000E+00  0.0000E+00
      5.646  0.8745E-02  0.6961E-01  0.6961E-01  0.6961E-01  0.0000E+00  0.0000E+00  0.0000E+00  0.0000E+00  0.0000E+00
      5.793  0.8127E-02  0.6941E-01  0.6941E-01  0.6941E-01  0.0000E+00  0.0000E+00  0.0000E+00  0.0000E+00  0.0000E+00
      5.939  0.7486E-02  0.6927E-01  0.6927E-01  0.6927E-01  0.0000E+00  0.0000E+00  0.0000E+00  0.0000E+00  0.0000E+00
      6.086  0.6876E-02  0.6883E-01  0.6883E-01  0.6883E-01  0.0000E+00  0.0000E+00  0.0000E+00  0.0000E+00  0.0000E+00
      6.232  0.6356E-02  0.6870E-01  0.6870E-01  0.6870E-01  0.0000E+00  0.0000E+00  0.0000E+00  0.0000E+00  0.0000E+00
      6.379  0.5783E-02  0.6798E-01  0.6798E-01  0.6798E-01  0.0000E+00  0.0000E+00  0.0000E+00  0.0000E+00  0.0000E+00
      6.525  0.5211E-02  0.6141E-01  0.6141E-01  0.6141E-01  0.0000E+00  0.0000E+00  0.0000E+00  0.0000E+00  0.0000E+00
      6.671  0.4680E-02  0.5190E-01  0.5190E-01  0.5190E-01  0.0000E+00  0.0000E+00  0.0000E+00  0.0000E+00  0.0000E+00
      6.818  0.4265E-02  0.4583E-01  0.4583E-01  0.4583E-01  0.0000E+00  0.0000E+00  0.0000E+00  0.0000E+00  0.0000E+00
      6.964  0.3857E-02  0.4170E-01  0.4170E-01  0.4170E-01  0.0000E+00  0.0000E+00  0.0000E+00  0.0000E+00  0.0000E+00
      7.111  0.3432E-02  0.3813E-01  0.3813E-01  0.3813E-01  0.0000E+00  0.0000E+00  0.0000E+00  0.0000E+00  0.0000E+00
      7.257  0.3057E-02  0.3494E-01  0.3494E-01  0.3494E-01  0.0000E+00  0.0000E+00  0.0000E+00  0.0000E+00  0.0000E+00
      7.403  0.2759E-02  0.3226E-01  0.3226E-01  0.3226E-01  0.0000E+00  0.0000E+00  0.0000E+00  0.0000E+00  0.0000E+00
      7.550  0.2439E-02  0.2965E-01  0.2965E-01  0.2965E-01  0.0000E+00  0.0000E+00  0.0000E+00  0.0000E+00  0.0000E+00
      7.696  0.2096E-02  0.2717E-01  0.2717E-01  0.2717E-01  0.0000E+00  0.0000E+00  0.0000E+00  0.0000E+00  0.0000E+00
      7.843  0.1848E-02  0.2506E-01  0.2506E-01  0.2506E-01  0.0000E+00  0.0000E+00  0.0000E+00  0.0000E+00  0.0000E+00
      7.989  0.1591E-02  0.2290E-01  0.2290E-01  0.2290E-01  0.0000E+00  0.0000E+00  0.0000E+00  0.0000E+00  0.0000E+00
      8.136  0.1336E-02  0.2082E-01  0.2082E-01  0.2082E-01  0.0000E+00  0.0000E+00  0.0000E+00  0.0000E+00  0.0000E+00
      8.282  0.1102E-02  0.1889E-01  0.1889E-01  0.1889E-01  0.0000E+00  0.0000E+00  0.0000E+00  0.0000E+00  0.0000E+00
      8.428  0.8880E-03  0.1696E-01  0.1696E-01  0.1696E-01  0.0000E+00  0.0000E+00  0.0000E+00  0.0000E+00  0.0000E+00
      8.575  0.7047E-03  0.1503E-01  0.1503E-01  0.1503E-01  0.0000E+00  0.0000E+00  0.0000E+00  0.0000E+00  0.0000E+00
      8.721  0.5181E-03  0.1314E-01  0.1314E-01  0.1314E-01  0.0000E+00  0.0000E+00  0.0000E+00  0.0000E+00  0.0000E+00
      8.868  0.3599E-03  0.1121E-01  0.1121E-01  0.1121E-01  0.0000E+00  0.0000E+00  0.0000E+00  0.0000E+00  0.0000E+00
      9.014  0.2237E-03  0.9303E-02  0.9303E-02  0.9303E-02  0.0000E+00  0.0000E+00  0.0000E+00  0.0000E+00  0.0000E+00
      9.161  0.1176E-03  0.6872E-02  0.6872E-02  0.6872E-02  0.0000E+00  0.0000E+00  0.0000E+00  0.0000E+00  0.0000E+00
      9.307  0.4618E-04  0.5626E-02  0.5626E-02  0.5626E-02  0.0000E+00  0.0000E+00  0.0000E+00  0.0000E+00  0.0000E+00
      9.453  0.1456E-05  0.2459E-03  0.2459E-03  0.2459E-03  0.0000E+00  0.0000E+00  0.0000E+00  0.0000E+00  0.0000E+00
      9.600  0.0000E+00  0.0000E+00  0.0000E+00  0.0000E+00  0.0000E+00  0.0000E+00  0.0000E+00  0.0000E+00  0.0000E+00
      9.746  0.0000E+00  0.0000E+00  0.0000E+00  0.0000E+00  0.0000E+00  0.0000E+00  0.0000E+00  0.0000E+00  0.0000E+00
      9.893  0.0000E+00  0.0000E+00  0.0000E+00  0.0000E+00  0.0000E+00  0.0000E+00  0.0000E+00  0.0000E+00  0.0000E+00
     10.039  0.0000E+00  0.0000E+00  0.0000E+00  0.0000E+00  0.0000E+00  0.0000E+00  0.0000E+00  0.0000E+00  0.0000E+00
     10.185  0.0000E+00  0.0000E+00  0.0000E+00  0.0000E+00  0.0000E+00  0.0000E+00  0.0000E+00  0.0000E+00  0.0000E+00
     10.332  0.0000E+00  0.0000E+00  0.0000E+00  0.0000E+00  0.0000E+00  0.0000E+00  0.0000E+00  0.0000E+00  0.0000E+00
     10.478  0.0000E+00  0.0000E+00  0.0000E+00  0.0000E+00  0.0000E+00  0.0000E+00  0.0000E+00  0.0000E+00  0.0000E+00
     10.625  0.0000E+00  0.0000E+00  0.0000E+00  0.0000E+00  0.0000E+00  0.0000E+00  0.0000E+00  0.0000E+00  0.0000E+00
     10.771  0.0000E+00  0.0000E+00  0.0000E+00  0.0000E+00  0.0000E+00  0.0000E+00  0.0000E+00  0.0000E+00  0.0000E+00
     10.918  0.0000E+00  0.0000E+00  0.0000E+00  0.0000E+00  0.0000E+00  0.0000E+00  0.0000E+00  0.0000E+00  0.0000E+00
     11.064  0.0000E+00  0.0000E+00  0.0000E+00  0.0000E+00  0.0000E+00  0.0000E+00  0.0000E+00  0.0000E+00  0.0000E+00
     11.210  0.0000E+00  0.0000E+00  0.0000E+00  0.0000E+00  0.0000E+00  0.0000E+00  0.0000E+00  0.0000E+00  0.0000E+00
     11.357  0.0000E+00  0.0000E+00  0.0000E+00  0.0000E+00  0.0000E+00  0.0000E+00  0.0000E+00  0.0000E+00  0.0000E+00
     11.503  0.0000E+00  0.0000E+00  0.0000E+00  0.0000E+00  0.0000E+00  0.0000E+00  0.0000E+00  0.0000E+00  0.0000E+00
     11.650  0.0000E+00  0.0000E+00  0.0000E+00  0.0000E+00  0.0000E+00  0.0000E+00  0.0000E+00  0.0000E+00  0.0000E+00
     11.796  0.0000E+00  0.0000E+00  0.0000E+00  0.0000E+00  0.0000E+00  0.0000E+00  0.0000E+00  0.0000E+00  0.0000E+00
     11.942  0.0000E+00  0.0000E+00  0.0000E+00  0.0000E+00  0.0000E+00  0.0000E+00  0.0000E+00  0.0000E+00  0.0000E+00
     12.089  0.0000E+00  0.0000E+00  0.0000E+00  0.0000E+00  0.0000E+00  0.0000E+00  0.0000E+00  0.0000E+00  0.0000E+00
     12.235  0.0000E+00  0.0000E+00  0.0000E+00  0.0000E+00  0.0000E+00  0.0000E+00  0.0000E+00  0.0000E+00  0.0000E+00
     12.382  0.0000E+00  0.0000E+00  0.0000E+00  0.0000E+00  0.0000E+00  0.0000E+00  0.0000E+00  0.0000E+00  0.0000E+00
     12.528  0.0000E+00  0.0000E+00  0.0000E+00  0.0000E+00  0.0000E+00  0.0000E+00  0.0000E+00  0.0000E+00  0.0000E+00
     12.675  0.0000E+00  0.0000E+00  0.0000E+00  0.0000E+00  0.0000E+00  0.0000E+00  0.0000E+00  0.0000E+00  0.0000E+00
     12.821  0.0000E+00  0.0000E+00  0.0000E+00  0.0000E+00  0.0000E+00  0.0000E+00  0.0000E+00  0.0000E+00  0.0000E+00
     12.967  0.0000E+00  0.0000E+00  0.0000E+00  0.0000E+00  0.0000E+00  0.0000E+00  0.0000E+00  0.0000E+00  0.0000E+00
     13.114  0.0000E+00  0.0000E+00  0.0000E+00  0.0000E+00  0.0000E+00  0.0000E+00  0.0000E+00  0.0000E+00  0.0000E+00
     13.260  0.0000E+00  0.0000E+00  0.0000E+00  0.0000E+00  0.0000E+00  0.0000E+00  0.0000E+00  0.0000E+00  0.0000E+00
     13.407  0.0000E+00  0.0000E+00  0.0000E+00  0.0000E+00  0.0000E+00  0.0000E+00  0.0000E+00  0.0000E+00  0.0000E+00
     13.553  0.0000E+00  0.0000E+00  0.0000E+00  0.0000E+00  0.0000E+00  0.0000E+00  0.0000E+00  0.0000E+00  0.0000E+00
     13.699  0.1193E-02  0.4018E-03  0.4018E-03  0.4018E-03  0.0000E+00  0.0000E+00  0.0000E+00  0.0000E+00  0.0000E+00
     13.846  0.7968E-02  0.2897E-02  0.2897E-02  0.2897E-02  0.0000E+00  0.0000E+00  0.0000E+00  0.0000E+00  0.0000E+00
     13.992  0.9653E-02  0.3794E-02  0.3794E-02  0.3794E-02  0.0000E+00  0.0000E+00  0.0000E+00  0.0000E+00  0.0000E+00
     14.139  0.1229E-01  0.5145E-02  0.5145E-02  0.5145E-02  0.0000E+00  0.0000E+00  0.0000E+00  0.0000E+00  0.0000E+00
     14.285  0.1507E-01  0.6608E-02  0.6608E-02  0.6608E-02  0.0000E+00  0.0000E+00  0.0000E+00  0.0000E+00  0.0000E+00
     14.432  0.1902E-01  0.8408E-02  0.8408E-02  0.8408E-02  0.0000E+00  0.0000E+00  0.0000E+00  0.0000E+00  0.0000E+00
     14.578  0.2114E-01  0.1005E-01  0.1005E-01  0.1005E-01  0.0000E+00  0.0000E+00  0.0000E+00  0.0000E+00  0.0000E+00
     14.724  0.2362E-01  0.1196E-01  0.1196E-01  0.1196E-01  0.0000E+00  0.0000E+00  0.0000E+00  0.0000E+00  0.0000E+00
     14.871  0.2507E-01  0.1393E-01  0.1393E-01  0.1393E-01  0.0000E+00  0.0000E+00  0.0000E+00  0.0000E+00  0.0000E+00
     15.017  0.2641E-01  0.1629E-01  0.1629E-01  0.1629E-01  0.0000E+00  0.0000E+00  0.0000E+00  0.0000E+00  0.0000E+00
     15.164  0.2773E-01  0.1977E-01  0.1977E-01  0.1977E-01  0.0000E+00  0.0000E+00  0.0000E+00  0.0000E+00  0.0000E+00
     15.310  0.2883E-01  0.2274E-01  0.2274E-01  0.2274E-01  0.0000E+00  0.0000E+00  0.0000E+00  0.0000E+00  0.0000E+00
     15.456  0.2946E-01  0.2377E-01  0.2377E-01  0.2377E-01  0.0000E+00  0.0000E+00  0.0000E+00  0.0000E+00  0.0000E+00
     15.603  0.3025E-01  0.2497E-01  0.2497E-01  0.2497E-01  0.0000E+00  0.0000E+00  0.0000E+00  0.0000E+00  0.0000E+00
     15.749  0.3104E-01  0.2647E-01  0.2647E-01  0.2647E-01  0.0000E+00  0.0000E+00  0.0000E+00  0.0000E+00  0.0000E+00
     15.896  0.3180E-01  0.2790E-01  0.2790E-01  0.2790E-01  0.0000E+00  0.0000E+00  0.0000E+00  0.0000E+00  0.0000E+00
     16.042  0.3243E-01  0.2946E-01  0.2946E-01  0.2946E-01  0.0000E+00  0.0000E+00  0.0000E+00  0.0000E+00  0.0000E+00
     16.189  0.3303E-01  0.3106E-01  0.3106E-01  0.3106E-01  0.0000E+00  0.0000E+00  0.0000E+00  0.0000E+00  0.0000E+00
     16.335  0.3366E-01  0.3275E-01  0.3275E-01  0.3275E-01  0.0000E+00  0.0000E+00  0.0000E+00  0.0000E+00  0.0000E+00
     16.481  0.3438E-01  0.3459E-01  0.3459E-01  0.3459E-01  0.0000E+00  0.0000E+00  0.0000E+00  0.0000E+00  0.0000E+00
     16.628  0.3514E-01  0.3653E-01  0.3653E-01  0.3653E-01  0.0000E+00  0.0000E+00  0.0000E+00  0.0000E+00  0.0000E+00
     16.774  0.3589E-01  0.3867E-01  0.3867E-01  0.3867E-01  0.0000E+00  0.0000E+00  0.0000E+00  0.0000E+00  0.0000E+00
     16.921  0.3667E-01  0.4087E-01  0.4087E-01  0.4087E-01  0.0000E+00  0.0000E+00  0.0000E+00  0.0000E+00  0.0000E+00
     17.067  0.3754E-01  0.4332E-01  0.4332E-01  0.4332E-01  0.0000E+00  0.0000E+00  0.0000E+00  0.0000E+00  0.0000E+00
     17.213  0.3876E-01  0.4615E-01  0.4615E-01  0.4615E-01  0.0000E+00  0.0000E+00  0.0000E+00  0.0000E+00  0.0000E+00
     17.360  0.4004E-01  0.4915E-01  0.4915E-01  0.4915E-01  0.0000E+00  0.0000E+00  0.0000E+00  0.0000E+00  0.0000E+00
     17.506  0.4182E-01  0.5309E-01  0.5309E-01  0.5309E-01  0.0000E+00  0.0000E+00  0.0000E+00  0.0000E+00  0.0000E+00
     17.653  0.4402E-01  0.5794E-01  0.5794E-01  0.5794E-01  0.0000E+00  0.0000E+00  0.0000E+00  0.0000E+00  0.0000E+00
     17.799  0.4731E-01  0.6509E-01  0.6509E-01  0.6509E-01  0.0000E+00  0.0000E+00  0.0000E+00  0.0000E+00  0.0000E+00
     17.946  0.5533E-01  0.8103E-01  0.8103E-01  0.8103E-01  0.0000E+00  0.0000E+00  0.0000E+00  0.0000E+00  0.0000E+00
     18.092  0.6539E-01  0.8678E-01  0.8678E-01  0.8678E-01  0.0000E+00  0.0000E+00  0.0000E+00  0.0000E+00  0.0000E+00
     18.238  0.8460E-01  0.6800E-01  0.6800E-01  0.6800E-01  0.0000E+00  0.0000E+00  0.0000E+00  0.0000E+00  0.0000E+00
     18.385  0.8587E-01  0.7513E-01  0.7513E-01  0.7513E-01  0.0000E+00  0.0000E+00  0.0000E+00  0.0000E+00  0.0000E+00
     18.531  0.6746E-01  0.6159E-01  0.6159E-01  0.6159E-01  0.0000E+00  0.0000E+00  0.0000E+00  0.0000E+00  0.0000E+00
     18.678  0.6664E-01  0.6095E-01  0.6095E-01  0.6095E-01  0.0000E+00  0.0000E+00  0.0000E+00  0.0000E+00  0.0000E+00
     18.824  0.6389E-01  0.5858E-01  0.5858E-01  0.5858E-01  0.0000E+00  0.0000E+00  0.0000E+00  0.0000E+00  0.0000E+00
     18.970  0.5777E-01  0.5582E-01  0.5582E-01  0.5582E-01  0.0000E+00  0.0000E+00  0.0000E+00  0.0000E+00  0.0000E+00
     19.117  0.5625E-01  0.5528E-01  0.5528E-01  0.5528E-01  0.0000E+00  0.0000E+00  0.0000E+00  0.0000E+00  0.0000E+00
     19.263  0.5503E-01  0.5509E-01  0.5509E-01  0.5509E-01  0.0000E+00  0.0000E+00  0.0000E+00  0.0000E+00  0.0000E+00
     19.410  0.4992E-01  0.5337E-01  0.5337E-01  0.5337E-01  0.0000E+00  0.0000E+00  0.0000E+00  0.0000E+00  0.0000E+00
     19.556  0.5005E-01  0.5422E-01  0.5422E-01  0.5422E-01  0.0000E+00  0.0000E+00  0.0000E+00  0.0000E+00  0.0000E+00
     19.703  0.4832E-01  0.5547E-01  0.5547E-01  0.5547E-01  0.0000E+00  0.0000E+00  0.0000E+00  0.0000E+00  0.0000E+00
     19.849  0.4664E-01  0.5572E-01  0.5572E-01  0.5572E-01  0.0000E+00  0.0000E+00  0.0000E+00  0.0000E+00  0.0000E+00
     19.995  0.4443E-01  0.5410E-01  0.5410E-01  0.5410E-01  0.0000E+00  0.0000E+00  0.0000E+00  0.0000E+00  0.0000E+00
     20.142  0.4236E-01  0.5220E-01  0.5220E-01  0.5220E-01  0.0000E+00  0.0000E+00  0.0000E+00  0.0000E+00  0.0000E+00
     20.288  0.4249E-01  0.5214E-01  0.5214E-01  0.5214E-01  0.0000E+00  0.0000E+00  0.0000E+00  0.0000E+00  0.0000E+00
     20.435  0.4452E-01  0.5278E-01  0.5278E-01  0.5278E-01  0.0000E+00  0.0000E+00  0.0000E+00  0.0000E+00  0.0000E+00
     20.581  0.3503E-01  0.4392E-01  0.4392E-01  0.4392E-01  0.0000E+00  0.0000E+00  0.0000E+00  0.0000E+00  0.0000E+00
     20.727  0.3077E-01  0.4189E-01  0.4189E-01  0.4189E-01  0.0000E+00  0.0000E+00  0.0000E+00  0.0000E+00  0.0000E+00
     20.874  0.3475E-01  0.4231E-01  0.4231E-01  0.4231E-01  0.0000E+00  0.0000E+00  0.0000E+00  0.0000E+00  0.0000E+00
     21.020  0.3957E-01  0.4439E-01  0.4439E-01  0.4439E-01  0.0000E+00  0.0000E+00  0.0000E+00  0.0000E+00  0.0000E+00
     21.167  0.5092E-01  0.5008E-01  0.5008E-01  0.5008E-01  0.0000E+00  0.0000E+00  0.0000E+00  0.0000E+00  0.0000E+00
     21.313  0.4668E-01  0.4660E-01  0.4660E-01  0.4660E-01  0.0000E+00  0.0000E+00  0.0000E+00  0.0000E+00  0.0000E+00
     21.460  0.4703E-01  0.4585E-01  0.4585E-01  0.4585E-01  0.0000E+00  0.0000E+00  0.0000E+00  0.0000E+00  0.0000E+00
     21.606  0.5249E-01  0.4861E-01  0.4861E-01  0.4861E-01  0.0000E+00  0.0000E+00  0.0000E+00  0.0000E+00  0.0000E+00
     21.752  0.5104E-01  0.4863E-01  0.4863E-01  0.4863E-01  0.0000E+00  0.0000E+00  0.0000E+00  0.0000E+00  0.0000E+00
     21.899  0.5647E-01  0.5247E-01  0.5247E-01  0.5247E-01  0.0000E+00  0.0000E+00  0.0000E+00  0.0000E+00  0.0000E+00
     22.045  0.5598E-01  0.5317E-01  0.5317E-01  0.5317E-01  0.0000E+00  0.0000E+00  0.0000E+00  0.0000E+00  0.0000E+00
     22.192  0.5557E-01  0.5320E-01  0.5320E-01  0.5320E-01  0.0000E+00  0.0000E+00  0.0000E+00  0.0000E+00  0.0000E+00
     22.338  0.5521E-01  0.5269E-01  0.5269E-01  0.5269E-01  0.0000E+00  0.0000E+00  0.0000E+00  0.0000E+00  0.0000E+00
     22.484  0.5874E-01  0.5631E-01  0.5631E-01  0.5631E-01  0.0000E+00  0.0000E+00  0.0000E+00  0.0000E+00  0.0000E+00
     22.631  0.5717E-01  0.5549E-01  0.5549E-01  0.5549E-01  0.0000E+00  0.0000E+00  0.0000E+00  0.0000E+00  0.0000E+00
     22.777  0.7318E-01  0.5697E-01  0.5697E-01  0.5697E-01  0.0000E+00  0.0000E+00  0.0000E+00  0.0000E+00  0.0000E+00
     22.924  0.1041E+00  0.5875E-01  0.5875E-01  0.5875E-01  0.0000E+00  0.0000E+00  0.0000E+00  0.0000E+00  0.0000E+00
     23.070  0.1046E+00  0.6542E-01  0.6542E-01  0.6542E-01  0.0000E+00  0.0000E+00  0.0000E+00  0.0000E+00  0.0000E+00
     23.217  0.9005E-01  0.6509E-01  0.6509E-01  0.6509E-01  0.0000E+00  0.0000E+00  0.0000E+00  0.0000E+00  0.0000E+00
     23.363  0.8731E-01  0.6611E-01  0.6611E-01  0.6611E-01  0.0000E+00  0.0000E+00  0.0000E+00  0.0000E+00  0.0000E+00
     23.509  0.7871E-01  0.6824E-01  0.6824E-01  0.6824E-01  0.0000E+00  0.0000E+00  0.0000E+00  0.0000E+00  0.0000E+00
     23.656  0.5685E-01  0.6179E-01  0.6179E-01  0.6179E-01  0.0000E+00  0.0000E+00  0.0000E+00  0.0000E+00  0.0000E+00
     23.802  0.4830E-01  0.6081E-01  0.6081E-01  0.6081E-01  0.0000E+00  0.0000E+00  0.0000E+00  0.0000E+00  0.0000E+00
     23.949  0.4283E-01  0.6254E-01  0.6254E-01  0.6254E-01  0.0000E+00  0.0000E+00  0.0000E+00  0.0000E+00  0.0000E+00
     24.095  0.4070E-01  0.6690E-01  0.6690E-01  0.6690E-01  0.0000E+00  0.0000E+00  0.0000E+00  0.0000E+00  0.0000E+00
     24.241  0.4538E-01  0.7959E-01  0.7959E-01  0.7959E-01  0.0000E+00  0.0000E+00  0.0000E+00  0.0000E+00  0.0000E+00
     24.388  0.4756E-01  0.9003E-01  0.9003E-01  0.9003E-01  0.0000E+00  0.0000E+00  0.0000E+00  0.0000E+00  0.0000E+00
     24.534  0.4185E-01  0.8257E-01  0.8257E-01  0.8257E-01  0.0000E+00  0.0000E+00  0.0000E+00  0.0000E+00  0.0000E+00
     24.681  0.3427E-01  0.7581E-01  0.7581E-01  0.7581E-01  0.0000E+00  0.0000E+00  0.0000E+00  0.0000E+00  0.0000E+00
     24.827  0.2861E-01  0.7004E-01  0.7004E-01  0.7004E-01  0.0000E+00  0.0000E+00  0.0000E+00  0.0000E+00  0.0000E+00
     24.974  0.2442E-01  0.6623E-01  0.6623E-01  0.6623E-01  0.0000E+00  0.0000E+00  0.0000E+00  0.0000E+00  0.0000E+00
     25.120  0.2082E-01  0.6362E-01  0.6362E-01  0.6362E-01  0.0000E+00  0.0000E+00  0.0000E+00  0.0000E+00  0.0000E+00
     25.266  0.1720E-01  0.6038E-01  0.6038E-01  0.6038E-01  0.0000E+00  0.0000E+00  0.0000E+00  0.0000E+00  0.0000E+00
     25.413  0.1423E-01  0.5764E-01  0.5764E-01  0.5764E-01  0.0000E+00  0.0000E+00  0.0000E+00  0.0000E+00  0.0000E+00
     25.559  0.1133E-01  0.5483E-01  0.5483E-01  0.5483E-01  0.0000E+00  0.0000E+00  0.0000E+00  0.0000E+00  0.0000E+00
     25.706  0.8567E-02  0.5329E-01  0.5329E-01  0.5329E-01  0.0000E+00  0.0000E+00  0.0000E+00  0.0000E+00  0.0000E+00
     25.852  0.6118E-02  0.6061E-01  0.6061E-01  0.6061E-01  0.0000E+00  0.0000E+00  0.0000E+00  0.0000E+00  0.0000E+00
     25.998  0.3665E-02  0.2691E-01  0.2691E-01  0.2691E-01  0.0000E+00  0.0000E+00  0.0000E+00  0.0000E+00  0.0000E+00
     26.145  0.2731E-02  0.2347E-01  0.2347E-01  0.2347E-01  0.0000E+00  0.0000E+00  0.0000E+00  0.0000E+00  0.0000E+00
     26.291  0.1957E-02  0.2068E-01  0.2068E-01  0.2068E-01  0.0000E+00  0.0000E+00  0.0000E+00  0.0000E+00  0.0000E+00
     26.438  0.1316E-02  0.1781E-01  0.1781E-01  0.1781E-01  0.0000E+00  0.0000E+00  0.0000E+00  0.0000E+00  0.0000E+00
     26.584  0.7392E-03  0.1457E-01  0.1457E-01  0.1457E-01  0.0000E+00  0.0000E+00  0.0000E+00  0.0000E+00  0.0000E+00
     26.731  0.3172E-03  0.1103E-01  0.1103E-01  0.1103E-01  0.0000E+00  0.0000E+00  0.0000E+00  0.0000E+00  0.0000E+00
     26.877  0.6497E-04  0.7203E-02  0.7203E-02  0.7203E-02  0.0000E+00  0.0000E+00  0.0000E+00  0.0000E+00  0.0000E+00
     27.023  0.0000E+00  0.0000E+00  0.0000E+00  0.0000E+00  0.0000E+00  0.0000E+00  0.0000E+00  0.0000E+00  0.0000E+00
     27.170  0.0000E+00  0.0000E+00  0.0000E+00  0.0000E+00  0.0000E+00  0.0000E+00  0.0000E+00  0.0000E+00  0.0000E+00
     27.316  0.0000E+00  0.0000E+00  0.0000E+00  0.0000E+00  0.0000E+00  0.0000E+00  0.0000E+00  0.0000E+00  0.0000E+00
     27.463  0.0000E+00  0.0000E+00  0.0000E+00  0.0000E+00  0.0000E+00  0.0000E+00  0.0000E+00  0.0000E+00  0.0000E+00
     27.609  0.0000E+00  0.0000E+00  0.0000E+00  0.0000E+00  0.0000E+00  0.0000E+00  0.0000E+00  0.0000E+00  0.0000E+00
     27.756  0.0000E+00  0.0000E+00  0.0000E+00  0.0000E+00  0.0000E+00  0.0000E+00  0.0000E+00  0.0000E+00  0.0000E+00
     27.902  0.0000E+00  0.0000E+00  0.0000E+00  0.0000E+00  0.0000E+00  0.0000E+00  0.0000E+00  0.0000E+00  0.0000E+00
     28.048  0.0000E+00  0.0000E+00  0.0000E+00  0.0000E+00  0.0000E+00  0.0000E+00  0.0000E+00  0.0000E+00  0.0000E+00
     28.195  0.0000E+00  0.0000E+00  0.0000E+00  0.0000E+00  0.0000E+00  0.0000E+00  0.0000E+00  0.0000E+00  0.0000E+00
     28.341  0.0000E+00  0.0000E+00  0.0000E+00  0.0000E+00  0.0000E+00  0.0000E+00  0.0000E+00  0.0000E+00  0.0000E+00
     28.488  0.0000E+00  0.0000E+00  0.0000E+00  0.0000E+00  0.0000E+00  0.0000E+00  0.0000E+00  0.0000E+00  0.0000E+00
     28.634  0.0000E+00  0.0000E+00  0.0000E+00  0.0000E+00  0.0000E+00  0.0000E+00  0.0000E+00  0.0000E+00  0.0000E+00
     28.780  0.0000E+00  0.0000E+00  0.0000E+00  0.0000E+00  0.0000E+00  0.0000E+00  0.0000E+00  0.0000E+00  0.0000E+00
     28.927  0.0000E+00  0.0000E+00  0.0000E+00  0.0000E+00  0.0000E+00  0.0000E+00  0.0000E+00  0.0000E+00  0.0000E+00
