   2   2   1   0
  0.5723294E+01  0.2529669E-09  0.2529669E-09  0.2529669E-09  0.5000000E-15
  1.000000000000000E-004
  CAR 
 C                                       
     29.29998788    -15.00372066  301      9.57658521      1.00000000
    -15.004  0.0000E+00  0.0000E+00
    -14.856  0.0000E+00  0.0000E+00
    -14.708  0.0000E+00  0.0000E+00
    -14.561  0.0000E+00  0.0000E+00
    -14.413  0.0000E+00  0.0000E+00
    -14.265  0.0000E+00  0.0000E+00
    -14.118  0.0000E+00  0.0000E+00
    -13.970  0.0000E+00  0.0000E+00
    -13.822  0.0000E+00  0.0000E+00
    -13.675  0.0000E+00  0.0000E+00
    -13.527  0.0000E+00  0.0000E+00
    -13.379  0.0000E+00  0.0000E+00
    -13.232  0.0000E+00  0.0000E+00
    -13.084  0.0000E+00  0.0000E+00
    -12.936  0.2578E-01  0.7253E-03
    -12.789  0.5835E-01  0.6083E-02
    -12.641  0.6952E-01  0.1420E-01
    -12.493  0.7454E-01  0.2432E-01
    -12.345  0.8537E-01  0.3614E-01
    -12.198  0.9497E-01  0.4943E-01
    -12.050  0.1034E+00  0.6408E-01
    -11.902  0.1116E+00  0.7998E-01
    -11.755  0.1194E+00  0.9703E-01
    -11.607  0.1264E+00  0.1152E+00
    -11.459  0.1337E+00  0.1344E+00
    -11.312  0.1401E+00  0.1546E+00
    -11.164  0.1467E+00  0.1758E+00
    -11.016  0.1528E+00  0.1979E+00
    -10.869  0.1591E+00  0.2209E+00
    -10.721  0.1648E+00  0.2448E+00
    -10.573  0.1708E+00  0.2696E+00
    -10.426  0.1764E+00  0.2953E+00
    -10.278  0.1821E+00  0.3217E+00
    -10.130  0.1877E+00  0.3490E+00
     -9.983  0.1931E+00  0.3772E+00
     -9.835  0.1988E+00  0.4061E+00
     -9.687  0.2041E+00  0.4358E+00
     -9.540  0.2096E+00  0.4664E+00
     -9.392  0.2152E+00  0.4978E+00
     -9.244  0.2206E+00  0.5299E+00
     -9.097  0.2262E+00  0.5629E+00
     -8.949  0.2319E+00  0.5967E+00
     -8.801  0.2375E+00  0.6314E+00
     -8.654  0.2435E+00  0.6669E+00
     -8.506  0.2496E+00  0.7033E+00
     -8.358  0.2559E+00  0.7406E+00
     -8.210  0.2625E+00  0.7789E+00
     -8.063  0.2696E+00  0.8182E+00
     -7.915  0.2772E+00  0.8586E+00
     -7.767  0.2857E+00  0.9001E+00
     -7.620  0.2954E+00  0.9430E+00
     -7.472  0.3069E+00  0.9875E+00
     -7.324  0.3221E+00  0.1034E+01
     -7.177  0.3473E+00  0.1083E+01
     -7.029  0.3802E+00  0.1138E+01
     -6.881  0.3735E+00  0.1193E+01
     -6.734  0.3589E+00  0.1247E+01
     -6.586  0.3495E+00  0.1298E+01
     -6.438  0.3383E+00  0.1349E+01
     -6.291  0.3262E+00  0.1398E+01
     -6.143  0.3174E+00  0.1446E+01
     -5.995  0.3064E+00  0.1492E+01
     -5.848  0.2966E+00  0.1536E+01
     -5.700  0.2864E+00  0.1579E+01
     -5.552  0.2765E+00  0.1621E+01
     -5.405  0.2654E+00  0.1661E+01
     -5.257  0.2559E+00  0.1699E+01
     -5.109  0.2445E+00  0.1736E+01
     -4.962  0.2338E+00  0.1772E+01
     -4.814  0.2229E+00  0.1805E+01
     -4.666  0.2116E+00  0.1838E+01
     -4.519  0.2000E+00  0.1868E+01
     -4.371  0.1887E+00  0.1897E+01
     -4.223  0.2347E+00  0.1928E+01
     -4.075  0.2553E+00  0.1964E+01
     -3.928  0.2400E+00  0.2001E+01
     -3.780  0.2011E+00  0.2032E+01
     -3.632  0.2044E+00  0.2061E+01
     -3.485  0.2267E+00  0.2093E+01
     -3.337  0.2502E+00  0.2128E+01
     -3.189  0.2953E+00  0.2168E+01
     -3.042  0.3494E+00  0.2215E+01
     -2.894  0.4192E+00  0.2272E+01
     -2.746  0.5022E+00  0.2339E+01
     -2.599  0.6944E+00  0.2428E+01
     -2.451  0.6695E+00  0.2528E+01
     -2.303  0.4953E+00  0.2609E+01
     -2.156  0.4430E+00  0.2678E+01
     -2.008  0.4020E+00  0.2741E+01
     -1.860  0.3785E+00  0.2798E+01
     -1.713  0.3512E+00  0.2852E+01
     -1.565  0.3355E+00  0.2903E+01
     -1.417  0.3159E+00  0.2951E+01
     -1.270  0.3022E+00  0.2997E+01
     -1.122  0.2890E+00  0.3040E+01
     -0.974  0.2740E+00  0.3082E+01
     -0.827  0.2644E+00  0.3121E+01
     -0.679  0.2496E+00  0.3159E+01
     -0.531  0.2421E+00  0.3196E+01
     -0.383  0.2328E+00  0.3231E+01
     -0.236  0.2212E+00  0.3264E+01
     -0.088  0.3140E+00  0.3304E+01
      0.060  0.3451E+00  0.3352E+01
      0.207  0.3869E+00  0.3406E+01
      0.355  0.4338E+00  0.3466E+01
      0.503  0.5309E+00  0.3535E+01
      0.650  0.5257E+00  0.3613E+01
      0.798  0.5104E+00  0.3689E+01
      0.946  0.4945E+00  0.3763E+01
      1.093  0.4819E+00  0.3835E+01
      1.241  0.4951E+00  0.3907E+01
      1.389  0.4939E+00  0.3980E+01
      1.536  0.5017E+00  0.4053E+01
      1.684  0.5116E+00  0.4128E+01
      1.832  0.5235E+00  0.4204E+01
      1.979  0.5333E+00  0.4282E+01
      2.127  0.5448E+00  0.4361E+01
      2.275  0.5651E+00  0.4443E+01
      2.422  0.5745E+00  0.4528E+01
      2.570  0.6109E+00  0.4615E+01
      2.718  0.6318E+00  0.4706E+01
      2.865  0.6774E+00  0.4803E+01
      3.013  0.7892E+00  0.4910E+01
      3.161  0.7639E+00  0.5023E+01
      3.308  0.7691E+00  0.5135E+01
      3.456  0.7451E+00  0.5246E+01
      3.604  0.7358E+00  0.5355E+01
      3.752  0.7301E+00  0.5463E+01
      3.899  0.7223E+00  0.5571E+01
      4.047  0.7110E+00  0.5677E+01
      4.195  0.7059E+00  0.5781E+01
      4.342  0.6998E+00  0.5885E+01
      4.490  0.6891E+00  0.5988E+01
      4.638  0.6841E+00  0.6089E+01
      4.785  0.6776E+00  0.6189E+01
      4.933  0.6696E+00  0.6289E+01
      5.081  0.6623E+00  0.6387E+01
      5.228  0.6542E+00  0.6484E+01
      5.376  0.6486E+00  0.6581E+01
      5.524  0.6402E+00  0.6676E+01
      5.671  0.6338E+00  0.6770E+01
      5.819  0.6267E+00  0.6863E+01
      5.967  0.6209E+00  0.6955E+01
      6.114  0.6155E+00  0.7046E+01
      6.262  0.6062E+00  0.7137E+01
      6.410  0.6006E+00  0.7225E+01
      6.557  0.6005E+00  0.7314E+01
      6.705  0.5058E+00  0.7395E+01
      6.853  0.4355E+00  0.7463E+01
      7.000  0.3884E+00  0.7524E+01
      7.148  0.3538E+00  0.7578E+01
      7.296  0.3226E+00  0.7628E+01
      7.443  0.2940E+00  0.7674E+01
      7.591  0.2710E+00  0.7715E+01
      7.739  0.2482E+00  0.7754E+01
      7.887  0.2267E+00  0.7789E+01
      8.034  0.2077E+00  0.7821E+01
      8.182  0.1890E+00  0.7850E+01
      8.330  0.1708E+00  0.7877E+01
      8.477  0.1541E+00  0.7901E+01
      8.625  0.1377E+00  0.7922E+01
      8.773  0.1211E+00  0.7941E+01
      8.920  0.1050E+00  0.7958E+01
      9.068  0.8865E-01  0.7972E+01
      9.216  0.7243E-01  0.7984E+01
      9.363  0.6047E-01  0.7993E+01
      9.511  0.2794E-01  0.7999E+01
      9.659  0.0000E+00  0.8000E+01
      9.806  0.0000E+00  0.8000E+01
      9.954  0.0000E+00  0.8000E+01
     10.102  0.0000E+00  0.8000E+01
     10.249  0.0000E+00  0.8000E+01
     10.397  0.0000E+00  0.8000E+01
     10.545  0.0000E+00  0.8000E+01
     10.692  0.0000E+00  0.8000E+01
     10.840  0.0000E+00  0.8000E+01
     10.988  0.0000E+00  0.8000E+01
     11.135  0.0000E+00  0.8000E+01
     11.283  0.0000E+00  0.8000E+01
     11.431  0.0000E+00  0.8000E+01
     11.579  0.0000E+00  0.8000E+01
     11.726  0.0000E+00  0.8000E+01
     11.874  0.0000E+00  0.8000E+01
     12.022  0.0000E+00  0.8000E+01
     12.169  0.0000E+00  0.8000E+01
     12.317  0.0000E+00  0.8000E+01
     12.465  0.0000E+00  0.8000E+01
     12.612  0.0000E+00  0.8000E+01
     12.760  0.0000E+00  0.8000E+01
     12.908  0.0000E+00  0.8000E+01
     13.055  0.0000E+00  0.8000E+01
     13.203  0.0000E+00  0.8000E+01
     13.351  0.0000E+00  0.8000E+01
     13.498  0.0000E+00  0.8000E+01
     13.646  0.0000E+00  0.8000E+01
     13.794  0.0000E+00  0.8000E+01
     13.941  0.3757E-01  0.8001E+01
     14.089  0.8709E-01  0.8009E+01
     14.237  0.1053E+00  0.8023E+01
     14.384  0.1356E+00  0.8041E+01
     14.532  0.1712E+00  0.8063E+01
     14.680  0.2135E+00  0.8092E+01
     14.827  0.2486E+00  0.8125E+01
     14.975  0.2797E+00  0.8164E+01
     15.123  0.3109E+00  0.8208E+01
     15.270  0.3466E+00  0.8256E+01
     15.418  0.4100E+00  0.8311E+01
     15.566  0.4183E+00  0.8372E+01
     15.714  0.4370E+00  0.8435E+01
     15.861  0.4561E+00  0.8501E+01
     16.009  0.4759E+00  0.8570E+01
     16.157  0.4956E+00  0.8641E+01
     16.304  0.5145E+00  0.8716E+01
     16.452  0.5351E+00  0.8793E+01
     16.600  0.5568E+00  0.8874E+01
     16.747  0.5793E+00  0.8958E+01
     16.895  0.6036E+00  0.9045E+01
     17.043  0.6279E+00  0.9136E+01
     17.190  0.6546E+00  0.9231E+01
     17.338  0.6844E+00  0.9330E+01
     17.486  0.7182E+00  0.9433E+01
     17.633  0.7582E+00  0.9542E+01
     17.781  0.8048E+00  0.9657E+01
     17.929  0.8691E+00  0.9781E+01
     18.076  0.9914E+00  0.9917E+01
     18.224  0.1146E+01  0.1008E+02
     18.372  0.1122E+01  0.1024E+02
     18.519  0.9858E+00  0.1038E+02
     18.667  0.1083E+01  0.1054E+02
     18.815  0.9166E+00  0.1068E+02
     18.962  0.8865E+00  0.1081E+02
     19.110  0.8440E+00  0.1094E+02
     19.258  0.7988E+00  0.1106E+02
     19.405  0.8009E+00  0.1118E+02
     19.553  0.7791E+00  0.1129E+02
     19.701  0.7584E+00  0.1141E+02
     19.849  0.7672E+00  0.1152E+02
     19.996  0.7807E+00  0.1163E+02
     20.144  0.7635E+00  0.1175E+02
     20.292  0.7281E+00  0.1186E+02
     20.439  0.7129E+00  0.1197E+02
     20.587  0.6980E+00  0.1207E+02
     20.735  0.6724E+00  0.1217E+02
     20.882  0.5673E+00  0.1226E+02
     21.030  0.5203E+00  0.1234E+02
     21.178  0.5316E+00  0.1242E+02
     21.325  0.5913E+00  0.1250E+02
     21.473  0.5947E+00  0.1259E+02
     21.621  0.5784E+00  0.1268E+02
     21.768  0.6133E+00  0.1276E+02
     21.916  0.6416E+00  0.1285E+02
     22.064  0.6548E+00  0.1295E+02
     22.211  0.6624E+00  0.1304E+02
     22.359  0.6616E+00  0.1314E+02
     22.507  0.6568E+00  0.1324E+02
     22.654  0.7024E+00  0.1334E+02
     22.802  0.6733E+00  0.1344E+02
     22.950  0.7060E+00  0.1354E+02
     23.097  0.6895E+00  0.1364E+02
     23.245  0.7684E+00  0.1375E+02
     23.393  0.8651E+00  0.1387E+02
     23.541  0.8514E+00  0.1399E+02
     23.688  0.8642E+00  0.1411E+02
     23.836  0.9078E+00  0.1425E+02
     23.984  0.7502E+00  0.1437E+02
     24.131  0.6938E+00  0.1447E+02
     24.279  0.6969E+00  0.1457E+02
     24.427  0.6997E+00  0.1468E+02
     24.574  0.8086E+00  0.1479E+02
     24.722  0.8974E+00  0.1492E+02
     24.870  0.8479E+00  0.1505E+02
     25.017  0.7418E+00  0.1516E+02
     25.165  0.6804E+00  0.1527E+02
     25.313  0.6421E+00  0.1537E+02
     25.460  0.6014E+00  0.1546E+02
     25.608  0.5654E+00  0.1555E+02
     25.756  0.5380E+00  0.1563E+02
     25.903  0.5144E+00  0.1570E+02
     26.051  0.5009E+00  0.1578E+02
     26.199  0.3790E+00  0.1585E+02
     26.346  0.2067E+00  0.1588E+02
     26.494  0.1836E+00  0.1591E+02
     26.642  0.1605E+00  0.1593E+02
     26.789  0.1395E+00  0.1596E+02
     26.937  0.1107E+00  0.1597E+02
     27.085  0.8279E-01  0.1599E+02
     27.232  0.5289E-01  0.1600E+02
     27.380  0.2283E-02  0.1600E+02
     27.528  0.0000E+00  0.1600E+02
     27.676  0.0000E+00  0.1600E+02
     27.823  0.0000E+00  0.1600E+02
     27.971  0.0000E+00  0.1600E+02
     28.119  0.0000E+00  0.1600E+02
     28.266  0.0000E+00  0.1600E+02
     28.414  0.0000E+00  0.1600E+02
     28.562  0.0000E+00  0.1600E+02
     28.709  0.0000E+00  0.1600E+02
     28.857  0.0000E+00  0.1600E+02
     29.005  0.0000E+00  0.1600E+02
     29.152  0.0000E+00  0.1600E+02
     29.300  0.0000E+00  0.1600E+02
     29.29998788    -15.00372066  301      9.57658521      1.00000000
    -15.004  0.0000E+00  0.0000E+00  0.0000E+00  0.0000E+00  0.0000E+00  0.0000E+00  0.0000E+00  0.0000E+00  0.0000E+00
    -14.856  0.0000E+00  0.0000E+00  0.0000E+00  0.0000E+00  0.0000E+00  0.0000E+00  0.0000E+00  0.0000E+00  0.0000E+00
    -14.708  0.0000E+00  0.0000E+00  0.0000E+00  0.0000E+00  0.0000E+00  0.0000E+00  0.0000E+00  0.0000E+00  0.0000E+00
    -14.561  0.0000E+00  0.0000E+00  0.0000E+00  0.0000E+00  0.0000E+00  0.0000E+00  0.0000E+00  0.0000E+00  0.0000E+00
    -14.413  0.0000E+00  0.0000E+00  0.0000E+00  0.0000E+00  0.0000E+00  0.0000E+00  0.0000E+00  0.0000E+00  0.0000E+00
    -14.265  0.0000E+00  0.0000E+00  0.0000E+00  0.0000E+00  0.0000E+00  0.0000E+00  0.0000E+00  0.0000E+00  0.0000E+00
    -14.118  0.0000E+00  0.0000E+00  0.0000E+00  0.0000E+00  0.0000E+00  0.0000E+00  0.0000E+00  0.0000E+00  0.0000E+00
    -13.970  0.0000E+00  0.0000E+00  0.0000E+00  0.0000E+00  0.0000E+00  0.0000E+00  0.0000E+00  0.0000E+00  0.0000E+00
    -13.822  0.0000E+00  0.0000E+00  0.0000E+00  0.0000E+00  0.0000E+00  0.0000E+00  0.0000E+00  0.0000E+00  0.0000E+00
    -13.675  0.0000E+00  0.0000E+00  0.0000E+00  0.0000E+00  0.0000E+00  0.0000E+00  0.0000E+00  0.0000E+00  0.0000E+00
    -13.527  0.0000E+00  0.0000E+00  0.0000E+00  0.0000E+00  0.0000E+00  0.0000E+00  0.0000E+00  0.0000E+00  0.0000E+00
    -13.379  0.0000E+00  0.0000E+00  0.0000E+00  0.0000E+00  0.0000E+00  0.0000E+00  0.0000E+00  0.0000E+00  0.0000E+00
    -13.232  0.0000E+00  0.0000E+00  0.0000E+00  0.0000E+00  0.0000E+00  0.0000E+00  0.0000E+00  0.0000E+00  0.0000E+00
    -13.084  0.0000E+00  0.0000E+00  0.0000E+00  0.0000E+00  0.0000E+00  0.0000E+00  0.0000E+00  0.0000E+00  0.0000E+00
    -12.936  0.7222E-02  0.5474E-05  0.5474E-05  0.5474E-05  0.0000E+00  0.0000E+00  0.0000E+00  0.0000E+00  0.0000E+00
    -12.789  0.1627E-01  0.4497E-04  0.4497E-04  0.4497E-04  0.0000E+00  0.0000E+00  0.0000E+00  0.0000E+00  0.0000E+00
    -12.641  0.1930E-01  0.9928E-04  0.9928E-04  0.9928E-04  0.0000E+00  0.0000E+00  0.0000E+00  0.0000E+00  0.0000E+00
    -12.493  0.2059E-01  0.1549E-03  0.1549E-03  0.1549E-03  0.0000E+00  0.0000E+00  0.0000E+00  0.0000E+00  0.0000E+00
    -12.345  0.2348E-01  0.2281E-03  0.2281E-03  0.2281E-03  0.0000E+00  0.0000E+00  0.0000E+00  0.0000E+00  0.0000E+00
    -12.198  0.2601E-01  0.3103E-03  0.3103E-03  0.3103E-03  0.0000E+00  0.0000E+00  0.0000E+00  0.0000E+00  0.0000E+00
    -12.050  0.2818E-01  0.4021E-03  0.4021E-03  0.4021E-03  0.0000E+00  0.0000E+00  0.0000E+00  0.0000E+00  0.0000E+00
    -11.902  0.3028E-01  0.5000E-03  0.5000E-03  0.5000E-03  0.0000E+00  0.0000E+00  0.0000E+00  0.0000E+00  0.0000E+00
    -11.755  0.3228E-01  0.6035E-03  0.6035E-03  0.6035E-03  0.0000E+00  0.0000E+00  0.0000E+00  0.0000E+00  0.0000E+00
    -11.607  0.3402E-01  0.7160E-03  0.7160E-03  0.7160E-03  0.0000E+00  0.0000E+00  0.0000E+00  0.0000E+00  0.0000E+00
    -11.459  0.3583E-01  0.8310E-03  0.8310E-03  0.8310E-03  0.0000E+00  0.0000E+00  0.0000E+00  0.0000E+00  0.0000E+00
    -11.312  0.3738E-01  0.9556E-03  0.9556E-03  0.9556E-03  0.0000E+00  0.0000E+00  0.0000E+00  0.0000E+00  0.0000E+00
    -11.164  0.3900E-01  0.1082E-02  0.1082E-02  0.1082E-02  0.0000E+00  0.0000E+00  0.0000E+00  0.0000E+00  0.0000E+00
    -11.016  0.4044E-01  0.1217E-02  0.1217E-02  0.1217E-02  0.0000E+00  0.0000E+00  0.0000E+00  0.0000E+00  0.0000E+00
    -10.869  0.4196E-01  0.1353E-02  0.1353E-02  0.1353E-02  0.0000E+00  0.0000E+00  0.0000E+00  0.0000E+00  0.0000E+00
    -10.721  0.4328E-01  0.1498E-02  0.1498E-02  0.1498E-02  0.0000E+00  0.0000E+00  0.0000E+00  0.0000E+00  0.0000E+00
    -10.573  0.4470E-01  0.1643E-02  0.1643E-02  0.1643E-02  0.0000E+00  0.0000E+00  0.0000E+00  0.0000E+00  0.0000E+00
    -10.426  0.4598E-01  0.1797E-02  0.1797E-02  0.1797E-02  0.0000E+00  0.0000E+00  0.0000E+00  0.0000E+00  0.0000E+00
    -10.278  0.4729E-01  0.1953E-02  0.1953E-02  0.1953E-02  0.0000E+00  0.0000E+00  0.0000E+00  0.0000E+00  0.0000E+00
    -10.130  0.4858E-01  0.2113E-02  0.2113E-02  0.2113E-02  0.0000E+00  0.0000E+00  0.0000E+00  0.0000E+00  0.0000E+00
     -9.983  0.4981E-01  0.2279E-02  0.2279E-02  0.2279E-02  0.0000E+00  0.0000E+00  0.0000E+00  0.0000E+00  0.0000E+00
     -9.835  0.5112E-01  0.2445E-02  0.2445E-02  0.2445E-02  0.0000E+00  0.0000E+00  0.0000E+00  0.0000E+00  0.0000E+00
     -9.687  0.5231E-01  0.2621E-02  0.2621E-02  0.2621E-02  0.0000E+00  0.0000E+00  0.0000E+00  0.0000E+00  0.0000E+00
     -9.540  0.5355E-01  0.2797E-02  0.2797E-02  0.2797E-02  0.0000E+00  0.0000E+00  0.0000E+00  0.0000E+00  0.0000E+00
     -9.392  0.5482E-01  0.2976E-02  0.2976E-02  0.2976E-02  0.0000E+00  0.0000E+00  0.0000E+00  0.0000E+00  0.0000E+00
     -9.244  0.5604E-01  0.3163E-02  0.3163E-02  0.3163E-02  0.0000E+00  0.0000E+00  0.0000E+00  0.0000E+00  0.0000E+00
     -9.097  0.5733E-01  0.3350E-02  0.3350E-02  0.3350E-02  0.0000E+00  0.0000E+00  0.0000E+00  0.0000E+00  0.0000E+00
     -8.949  0.5863E-01  0.3542E-02  0.3542E-02  0.3542E-02  0.0000E+00  0.0000E+00  0.0000E+00  0.0000E+00  0.0000E+00
     -8.801  0.5995E-01  0.3740E-02  0.3740E-02  0.3740E-02  0.0000E+00  0.0000E+00  0.0000E+00  0.0000E+00  0.0000E+00
     -8.654  0.6135E-01  0.3938E-02  0.3938E-02  0.3938E-02  0.0000E+00  0.0000E+00  0.0000E+00  0.0000E+00  0.0000E+00
     -8.506  0.6279E-01  0.4143E-02  0.4143E-02  0.4143E-02  0.0000E+00  0.0000E+00  0.0000E+00  0.0000E+00  0.0000E+00
     -8.358  0.6430E-01  0.4355E-02  0.4355E-02  0.4355E-02  0.0000E+00  0.0000E+00  0.0000E+00  0.0000E+00  0.0000E+00
     -8.210  0.6593E-01  0.4567E-02  0.4567E-02  0.4567E-02  0.0000E+00  0.0000E+00  0.0000E+00  0.0000E+00  0.0000E+00
     -8.063  0.6770E-01  0.4787E-02  0.4787E-02  0.4787E-02  0.0000E+00  0.0000E+00  0.0000E+00  0.0000E+00  0.0000E+00
     -7.915  0.6964E-01  0.5017E-02  0.5017E-02  0.5017E-02  0.0000E+00  0.0000E+00  0.0000E+00  0.0000E+00  0.0000E+00
     -7.767  0.7184E-01  0.5251E-02  0.5251E-02  0.5251E-02  0.0000E+00  0.0000E+00  0.0000E+00  0.0000E+00  0.0000E+00
     -7.620  0.7442E-01  0.5499E-02  0.5499E-02  0.5499E-02  0.0000E+00  0.0000E+00  0.0000E+00  0.0000E+00  0.0000E+00
     -7.472  0.7760E-01  0.5772E-02  0.5772E-02  0.5772E-02  0.0000E+00  0.0000E+00  0.0000E+00  0.0000E+00  0.0000E+00
     -7.324  0.8187E-01  0.6077E-02  0.6077E-02  0.6077E-02  0.0000E+00  0.0000E+00  0.0000E+00  0.0000E+00  0.0000E+00
     -7.177  0.8913E-01  0.6485E-02  0.6485E-02  0.6485E-02  0.0000E+00  0.0000E+00  0.0000E+00  0.0000E+00  0.0000E+00
     -7.029  0.9874E-01  0.6988E-02  0.6988E-02  0.6988E-02  0.0000E+00  0.0000E+00  0.0000E+00  0.0000E+00  0.0000E+00
     -6.881  0.9676E-01  0.7061E-02  0.7061E-02  0.7061E-02  0.0000E+00  0.0000E+00  0.0000E+00  0.0000E+00  0.0000E+00
     -6.734  0.9251E-01  0.7025E-02  0.7025E-02  0.7025E-02  0.0000E+00  0.0000E+00  0.0000E+00  0.0000E+00  0.0000E+00
     -6.586  0.8978E-01  0.7053E-02  0.7053E-02  0.7053E-02  0.0000E+00  0.0000E+00  0.0000E+00  0.0000E+00  0.0000E+00
     -6.438  0.8660E-01  0.7038E-02  0.7038E-02  0.7038E-02  0.0000E+00  0.0000E+00  0.0000E+00  0.0000E+00  0.0000E+00
     -6.291  0.8314E-01  0.6986E-02  0.6986E-02  0.6986E-02  0.0000E+00  0.0000E+00  0.0000E+00  0.0000E+00  0.0000E+00
     -6.143  0.8065E-01  0.6992E-02  0.6992E-02  0.6992E-02  0.0000E+00  0.0000E+00  0.0000E+00  0.0000E+00  0.0000E+00
     -5.995  0.7754E-01  0.6934E-02  0.6934E-02  0.6934E-02  0.0000E+00  0.0000E+00  0.0000E+00  0.0000E+00  0.0000E+00
     -5.848  0.7482E-01  0.6884E-02  0.6884E-02  0.6884E-02  0.0000E+00  0.0000E+00  0.0000E+00  0.0000E+00  0.0000E+00
     -5.700  0.7201E-01  0.6829E-02  0.6829E-02  0.6829E-02  0.0000E+00  0.0000E+00  0.0000E+00  0.0000E+00  0.0000E+00
     -5.552  0.6926E-01  0.6752E-02  0.6752E-02  0.6752E-02  0.0000E+00  0.0000E+00  0.0000E+00  0.0000E+00  0.0000E+00
     -5.405  0.6622E-01  0.6646E-02  0.6646E-02  0.6646E-02  0.0000E+00  0.0000E+00  0.0000E+00  0.0000E+00  0.0000E+00
     -5.257  0.6367E-01  0.6563E-02  0.6563E-02  0.6563E-02  0.0000E+00  0.0000E+00  0.0000E+00  0.0000E+00  0.0000E+00
     -5.109  0.6058E-01  0.6425E-02  0.6425E-02  0.6425E-02  0.0000E+00  0.0000E+00  0.0000E+00  0.0000E+00  0.0000E+00
     -4.962  0.5771E-01  0.6288E-02  0.6288E-02  0.6288E-02  0.0000E+00  0.0000E+00  0.0000E+00  0.0000E+00  0.0000E+00
     -4.814  0.5480E-01  0.6137E-02  0.6137E-02  0.6137E-02  0.0000E+00  0.0000E+00  0.0000E+00  0.0000E+00  0.0000E+00
     -4.666  0.5180E-01  0.5958E-02  0.5958E-02  0.5958E-02  0.0000E+00  0.0000E+00  0.0000E+00  0.0000E+00  0.0000E+00
     -4.519  0.4874E-01  0.5766E-02  0.5766E-02  0.5766E-02  0.0000E+00  0.0000E+00  0.0000E+00  0.0000E+00  0.0000E+00
     -4.371  0.4576E-01  0.5563E-02  0.5563E-02  0.5563E-02  0.0000E+00  0.0000E+00  0.0000E+00  0.0000E+00  0.0000E+00
     -4.223  0.4814E-01  0.8802E-02  0.8802E-02  0.8802E-02  0.0000E+00  0.0000E+00  0.0000E+00  0.0000E+00  0.0000E+00
     -4.075  0.4900E-01  0.1035E-01  0.1035E-01  0.1035E-01  0.0000E+00  0.0000E+00  0.0000E+00  0.0000E+00  0.0000E+00
     -3.928  0.4187E-01  0.1067E-01  0.1067E-01  0.1067E-01  0.0000E+00  0.0000E+00  0.0000E+00  0.0000E+00  0.0000E+00
     -3.780  0.2948E-01  0.1015E-01  0.1015E-01  0.1015E-01  0.0000E+00  0.0000E+00  0.0000E+00  0.0000E+00  0.0000E+00
     -3.632  0.2806E-01  0.1078E-01  0.1078E-01  0.1078E-01  0.0000E+00  0.0000E+00  0.0000E+00  0.0000E+00  0.0000E+00
     -3.485  0.2999E-01  0.1225E-01  0.1225E-01  0.1225E-01  0.0000E+00  0.0000E+00  0.0000E+00  0.0000E+00  0.0000E+00
     -3.337  0.3294E-01  0.1365E-01  0.1365E-01  0.1365E-01  0.0000E+00  0.0000E+00  0.0000E+00  0.0000E+00  0.0000E+00
     -3.189  0.4038E-01  0.1592E-01  0.1592E-01  0.1592E-01  0.0000E+00  0.0000E+00  0.0000E+00  0.0000E+00  0.0000E+00
     -3.042  0.5048E-01  0.1846E-01  0.1846E-01  0.1846E-01  0.0000E+00  0.0000E+00  0.0000E+00  0.0000E+00  0.0000E+00
     -2.894  0.6304E-01  0.2184E-01  0.2184E-01  0.2184E-01  0.0000E+00  0.0000E+00  0.0000E+00  0.0000E+00  0.0000E+00
     -2.746  0.7774E-01  0.2596E-01  0.2596E-01  0.2596E-01  0.0000E+00  0.0000E+00  0.0000E+00  0.0000E+00  0.0000E+00
     -2.599  0.1114E+00  0.3544E-01  0.3544E-01  0.3544E-01  0.0000E+00  0.0000E+00  0.0000E+00  0.0000E+00  0.0000E+00
     -2.451  0.1095E+00  0.3407E-01  0.3407E-01  0.3407E-01  0.0000E+00  0.0000E+00  0.0000E+00  0.0000E+00  0.0000E+00
     -2.303  0.7932E-01  0.2572E-01  0.2572E-01  0.2572E-01  0.0000E+00  0.0000E+00  0.0000E+00  0.0000E+00  0.0000E+00
     -2.156  0.7048E-01  0.2327E-01  0.2327E-01  0.2327E-01  0.0000E+00  0.0000E+00  0.0000E+00  0.0000E+00  0.0000E+00
     -2.008  0.6332E-01  0.2141E-01  0.2141E-01  0.2141E-01  0.0000E+00  0.0000E+00  0.0000E+00  0.0000E+00  0.0000E+00
     -1.860  0.5929E-01  0.2038E-01  0.2038E-01  0.2038E-01  0.0000E+00  0.0000E+00  0.0000E+00  0.0000E+00  0.0000E+00
     -1.713  0.5442E-01  0.1918E-01  0.1918E-01  0.1918E-01  0.0000E+00  0.0000E+00  0.0000E+00  0.0000E+00  0.0000E+00
     -1.565  0.5163E-01  0.1853E-01  0.1853E-01  0.1853E-01  0.0000E+00  0.0000E+00  0.0000E+00  0.0000E+00  0.0000E+00
     -1.417  0.4806E-01  0.1768E-01  0.1768E-01  0.1768E-01  0.0000E+00  0.0000E+00  0.0000E+00  0.0000E+00  0.0000E+00
     -1.270  0.4557E-01  0.1713E-01  0.1713E-01  0.1713E-01  0.0000E+00  0.0000E+00  0.0000E+00  0.0000E+00  0.0000E+00
     -1.122  0.4311E-01  0.1659E-01  0.1659E-01  0.1659E-01  0.0000E+00  0.0000E+00  0.0000E+00  0.0000E+00  0.0000E+00
     -0.974  0.4038E-01  0.1594E-01  0.1594E-01  0.1594E-01  0.0000E+00  0.0000E+00  0.0000E+00  0.0000E+00  0.0000E+00
     -0.827  0.3857E-01  0.1557E-01  0.1557E-01  0.1557E-01  0.0000E+00  0.0000E+00  0.0000E+00  0.0000E+00  0.0000E+00
     -0.679  0.3588E-01  0.1491E-01  0.1491E-01  0.1491E-01  0.0000E+00  0.0000E+00  0.0000E+00  0.0000E+00  0.0000E+00
     -0.531  0.3444E-01  0.1463E-01  0.1463E-01  0.1463E-01  0.0000E+00  0.0000E+00  0.0000E+00  0.0000E+00  0.0000E+00
     -0.383  0.3269E-01  0.1425E-01  0.1425E-01  0.1425E-01  0.0000E+00  0.0000E+00  0.0000E+00  0.0000E+00  0.0000E+00
     -0.236  0.3060E-01  0.1372E-01  0.1372E-01  0.1372E-01  0.0000E+00  0.0000E+00  0.0000E+00  0.0000E+00  0.0000E+00
     -0.088  0.3059E-01  0.2201E-01  0.2201E-01  0.2201E-01  0.0000E+00  0.0000E+00  0.0000E+00  0.0000E+00  0.0000E+00
      0.060  0.2981E-01  0.2507E-01  0.2507E-01  0.2507E-01  0.0000E+00  0.0000E+00  0.0000E+00  0.0000E+00  0.0000E+00
      0.207  0.2956E-01  0.2902E-01  0.2902E-01  0.2902E-01  0.0000E+00  0.0000E+00  0.0000E+00  0.0000E+00  0.0000E+00
      0.355  0.2995E-01  0.3335E-01  0.3335E-01  0.3335E-01  0.0000E+00  0.0000E+00  0.0000E+00  0.0000E+00  0.0000E+00
      0.503  0.3086E-01  0.4220E-01  0.4220E-01  0.4220E-01  0.0000E+00  0.0000E+00  0.0000E+00  0.0000E+00  0.0000E+00
      0.650  0.3105E-01  0.4197E-01  0.4197E-01  0.4197E-01  0.0000E+00  0.0000E+00  0.0000E+00  0.0000E+00  0.0000E+00
      0.798  0.3088E-01  0.4089E-01  0.4089E-01  0.4089E-01  0.0000E+00  0.0000E+00  0.0000E+00  0.0000E+00  0.0000E+00
      0.946  0.3044E-01  0.3979E-01  0.3979E-01  0.3979E-01  0.0000E+00  0.0000E+00  0.0000E+00  0.0000E+00  0.0000E+00
      1.093  0.3004E-01  0.3897E-01  0.3897E-01  0.3897E-01  0.0000E+00  0.0000E+00  0.0000E+00  0.0000E+00  0.0000E+00
      1.241  0.2992E-01  0.4050E-01  0.4050E-01  0.4050E-01  0.0000E+00  0.0000E+00  0.0000E+00  0.0000E+00  0.0000E+00
      1.389  0.2925E-01  0.4079E-01  0.4079E-01  0.4079E-01  0.0000E+00  0.0000E+00  0.0000E+00  0.0000E+00  0.0000E+00
      1.536  0.2865E-01  0.4195E-01  0.4195E-01  0.4195E-01  0.0000E+00  0.0000E+00  0.0000E+00  0.0000E+00  0.0000E+00
      1.684  0.2835E-01  0.4323E-01  0.4323E-01  0.4323E-01  0.0000E+00  0.0000E+00  0.0000E+00  0.0000E+00  0.0000E+00
      1.832  0.2772E-01  0.4483E-01  0.4483E-01  0.4483E-01  0.0000E+00  0.0000E+00  0.0000E+00  0.0000E+00  0.0000E+00
      1.979  0.2695E-01  0.4626E-01  0.4626E-01  0.4626E-01  0.0000E+00  0.0000E+00  0.0000E+00  0.0000E+00  0.0000E+00
      2.127  0.2653E-01  0.4780E-01  0.4780E-01  0.4780E-01  0.0000E+00  0.0000E+00  0.0000E+00  0.0000E+00  0.0000E+00
      2.275  0.2593E-01  0.5032E-01  0.5032E-01  0.5032E-01  0.0000E+00  0.0000E+00  0.0000E+00  0.0000E+00  0.0000E+00
      2.422  0.2501E-01  0.5180E-01  0.5180E-01  0.5180E-01  0.0000E+00  0.0000E+00  0.0000E+00  0.0000E+00  0.0000E+00
      2.570  0.2455E-01  0.5602E-01  0.5602E-01  0.5602E-01  0.0000E+00  0.0000E+00  0.0000E+00  0.0000E+00  0.0000E+00
      2.718  0.2391E-01  0.5870E-01  0.5870E-01  0.5870E-01  0.0000E+00  0.0000E+00  0.0000E+00  0.0000E+00  0.0000E+00
      2.865  0.2312E-01  0.6414E-01  0.6414E-01  0.6414E-01  0.0000E+00  0.0000E+00  0.0000E+00  0.0000E+00  0.0000E+00
      3.013  0.2222E-01  0.7685E-01  0.7685E-01  0.7685E-01  0.0000E+00  0.0000E+00  0.0000E+00  0.0000E+00  0.0000E+00
      3.161  0.2153E-01  0.7463E-01  0.7463E-01  0.7463E-01  0.0000E+00  0.0000E+00  0.0000E+00  0.0000E+00  0.0000E+00
      3.308  0.2079E-01  0.7573E-01  0.7573E-01  0.7573E-01  0.0000E+00  0.0000E+00  0.0000E+00  0.0000E+00  0.0000E+00
      3.456  0.1978E-01  0.7373E-01  0.7373E-01  0.7373E-01  0.0000E+00  0.0000E+00  0.0000E+00  0.0000E+00  0.0000E+00
      3.604  0.1907E-01  0.7326E-01  0.7326E-01  0.7326E-01  0.0000E+00  0.0000E+00  0.0000E+00  0.0000E+00  0.0000E+00
      3.752  0.1843E-01  0.7313E-01  0.7313E-01  0.7313E-01  0.0000E+00  0.0000E+00  0.0000E+00  0.0000E+00  0.0000E+00
      3.899  0.1762E-01  0.7284E-01  0.7284E-01  0.7284E-01  0.0000E+00  0.0000E+00  0.0000E+00  0.0000E+00  0.0000E+00
      4.047  0.1669E-01  0.7221E-01  0.7221E-01  0.7221E-01  0.0000E+00  0.0000E+00  0.0000E+00  0.0000E+00  0.0000E+00
      4.195  0.1612E-01  0.7212E-01  0.7212E-01  0.7212E-01  0.0000E+00  0.0000E+00  0.0000E+00  0.0000E+00  0.0000E+00
      4.342  0.1544E-01  0.7199E-01  0.7199E-01  0.7199E-01  0.0000E+00  0.0000E+00  0.0000E+00  0.0000E+00  0.0000E+00
      4.490  0.1462E-01  0.7137E-01  0.7137E-01  0.7137E-01  0.0000E+00  0.0000E+00  0.0000E+00  0.0000E+00  0.0000E+00
      4.638  0.1388E-01  0.7137E-01  0.7137E-01  0.7137E-01  0.0000E+00  0.0000E+00  0.0000E+00  0.0000E+00  0.0000E+00
      4.785  0.1326E-01  0.7115E-01  0.7115E-01  0.7115E-01  0.0000E+00  0.0000E+00  0.0000E+00  0.0000E+00  0.0000E+00
      4.933  0.1256E-01  0.7080E-01  0.7080E-01  0.7080E-01  0.0000E+00  0.0000E+00  0.0000E+00  0.0000E+00  0.0000E+00
      5.081  0.1177E-01  0.7055E-01  0.7055E-01  0.7055E-01  0.0000E+00  0.0000E+00  0.0000E+00  0.0000E+00  0.0000E+00
      5.228  0.1107E-01  0.7017E-01  0.7017E-01  0.7017E-01  0.0000E+00  0.0000E+00  0.0000E+00  0.0000E+00  0.0000E+00
      5.376  0.1045E-01  0.7008E-01  0.7008E-01  0.7008E-01  0.0000E+00  0.0000E+00  0.0000E+00  0.0000E+00  0.0000E+00
      5.524  0.9849E-02  0.6964E-01  0.6964E-01  0.6964E-01  0.0000E+00  0.0000E+00  0.0000E+00  0.0000E+00  0.0000E+00
      5.671  0.9176E-02  0.6945E-01  0.6945E-01  0.6945E-01  0.0000E+00  0.0000E+00  0.0000E+00  0.0000E+00  0.0000E+00
      5.819  0.8582E-02  0.6917E-01  0.6917E-01  0.6917E-01  0.0000E+00  0.0000E+00  0.0000E+00  0.0000E+00  0.0000E+00
      5.967  0.8040E-02  0.6900E-01  0.6900E-01  0.6900E-01  0.0000E+00  0.0000E+00  0.0000E+00  0.0000E+00  0.0000E+00
      6.114  0.7408E-02  0.6892E-01  0.6892E-01  0.6892E-01  0.0000E+00  0.0000E+00  0.0000E+00  0.0000E+00  0.0000E+00
      6.262  0.6684E-02  0.6840E-01  0.6840E-01  0.6840E-01  0.0000E+00  0.0000E+00  0.0000E+00  0.0000E+00  0.0000E+00
      6.410  0.6136E-02  0.6827E-01  0.6827E-01  0.6827E-01  0.0000E+00  0.0000E+00  0.0000E+00  0.0000E+00  0.0000E+00
      6.557  0.5631E-02  0.6879E-01  0.6879E-01  0.6879E-01  0.0000E+00  0.0000E+00  0.0000E+00  0.0000E+00  0.0000E+00
      6.705  0.5083E-02  0.5793E-01  0.5793E-01  0.5793E-01  0.0000E+00  0.0000E+00  0.0000E+00  0.0000E+00  0.0000E+00
      6.853  0.4546E-02  0.4994E-01  0.4994E-01  0.4994E-01  0.0000E+00  0.0000E+00  0.0000E+00  0.0000E+00  0.0000E+00
      7.000  0.4136E-02  0.4462E-01  0.4462E-01  0.4462E-01  0.0000E+00  0.0000E+00  0.0000E+00  0.0000E+00  0.0000E+00
      7.148  0.3762E-02  0.4077E-01  0.4077E-01  0.4077E-01  0.0000E+00  0.0000E+00  0.0000E+00  0.0000E+00  0.0000E+00
      7.296  0.3362E-02  0.3730E-01  0.3730E-01  0.3730E-01  0.0000E+00  0.0000E+00  0.0000E+00  0.0000E+00  0.0000E+00
      7.443  0.2969E-02  0.3413E-01  0.3413E-01  0.3413E-01  0.0000E+00  0.0000E+00  0.0000E+00  0.0000E+00  0.0000E+00
      7.591  0.2677E-02  0.3158E-01  0.3158E-01  0.3158E-01  0.0000E+00  0.0000E+00  0.0000E+00  0.0000E+00  0.0000E+00
      7.739  0.2365E-02  0.2904E-01  0.2904E-01  0.2904E-01  0.0000E+00  0.0000E+00  0.0000E+00  0.0000E+00  0.0000E+00
      7.887  0.2050E-02  0.2665E-01  0.2665E-01  0.2665E-01  0.0000E+00  0.0000E+00  0.0000E+00  0.0000E+00  0.0000E+00
      8.034  0.1783E-02  0.2451E-01  0.2451E-01  0.2451E-01  0.0000E+00  0.0000E+00  0.0000E+00  0.0000E+00  0.0000E+00
      8.182  0.1527E-02  0.2241E-01  0.2241E-01  0.2241E-01  0.0000E+00  0.0000E+00  0.0000E+00  0.0000E+00  0.0000E+00
      8.330  0.1292E-02  0.2035E-01  0.2035E-01  0.2035E-01  0.0000E+00  0.0000E+00  0.0000E+00  0.0000E+00  0.0000E+00
      8.477  0.1053E-02  0.1844E-01  0.1844E-01  0.1844E-01  0.0000E+00  0.0000E+00  0.0000E+00  0.0000E+00  0.0000E+00
      8.625  0.8455E-03  0.1656E-01  0.1656E-01  0.1656E-01  0.0000E+00  0.0000E+00  0.0000E+00  0.0000E+00  0.0000E+00
      8.773  0.6694E-03  0.1463E-01  0.1463E-01  0.1463E-01  0.0000E+00  0.0000E+00  0.0000E+00  0.0000E+00  0.0000E+00
      8.920  0.4856E-03  0.1275E-01  0.1275E-01  0.1275E-01  0.0000E+00  0.0000E+00  0.0000E+00  0.0000E+00  0.0000E+00
      9.068  0.3327E-03  0.1082E-01  0.1082E-01  0.1082E-01  0.0000E+00  0.0000E+00  0.0000E+00  0.0000E+00  0.0000E+00
      9.216  0.1998E-03  0.8893E-02  0.8893E-02  0.8893E-02  0.0000E+00  0.0000E+00  0.0000E+00  0.0000E+00  0.0000E+00
      9.363  0.1045E-03  0.7465E-02  0.7465E-02  0.7465E-02  0.0000E+00  0.0000E+00  0.0000E+00  0.0000E+00  0.0000E+00
      9.511  0.2534E-04  0.3464E-02  0.3464E-02  0.3464E-02  0.0000E+00  0.0000E+00  0.0000E+00  0.0000E+00  0.0000E+00
      9.659  0.0000E+00  0.0000E+00  0.0000E+00  0.0000E+00  0.0000E+00  0.0000E+00  0.0000E+00  0.0000E+00  0.0000E+00
      9.806  0.0000E+00  0.0000E+00  0.0000E+00  0.0000E+00  0.0000E+00  0.0000E+00  0.0000E+00  0.0000E+00  0.0000E+00
      9.954  0.0000E+00  0.0000E+00  0.0000E+00  0.0000E+00  0.0000E+00  0.0000E+00  0.0000E+00  0.0000E+00  0.0000E+00
     10.102  0.0000E+00  0.0000E+00  0.0000E+00  0.0000E+00  0.0000E+00  0.0000E+00  0.0000E+00  0.0000E+00  0.0000E+00
     10.249  0.0000E+00  0.0000E+00  0.0000E+00  0.0000E+00  0.0000E+00  0.0000E+00  0.0000E+00  0.0000E+00  0.0000E+00
     10.397  0.0000E+00  0.0000E+00  0.0000E+00  0.0000E+00  0.0000E+00  0.0000E+00  0.0000E+00  0.0000E+00  0.0000E+00
     10.545  0.0000E+00  0.0000E+00  0.0000E+00  0.0000E+00  0.0000E+00  0.0000E+00  0.0000E+00  0.0000E+00  0.0000E+00
     10.692  0.0000E+00  0.0000E+00  0.0000E+00  0.0000E+00  0.0000E+00  0.0000E+00  0.0000E+00  0.0000E+00  0.0000E+00
     10.840  0.0000E+00  0.0000E+00  0.0000E+00  0.0000E+00  0.0000E+00  0.0000E+00  0.0000E+00  0.0000E+00  0.0000E+00
     10.988  0.0000E+00  0.0000E+00  0.0000E+00  0.0000E+00  0.0000E+00  0.0000E+00  0.0000E+00  0.0000E+00  0.0000E+00
     11.135  0.0000E+00  0.0000E+00  0.0000E+00  0.0000E+00  0.0000E+00  0.0000E+00  0.0000E+00  0.0000E+00  0.0000E+00
     11.283  0.0000E+00  0.0000E+00  0.0000E+00  0.0000E+00  0.0000E+00  0.0000E+00  0.0000E+00  0.0000E+00  0.0000E+00
     11.431  0.0000E+00  0.0000E+00  0.0000E+00  0.0000E+00  0.0000E+00  0.0000E+00  0.0000E+00  0.0000E+00  0.0000E+00
     11.579  0.0000E+00  0.0000E+00  0.0000E+00  0.0000E+00  0.0000E+00  0.0000E+00  0.0000E+00  0.0000E+00  0.0000E+00
     11.726  0.0000E+00  0.0000E+00  0.0000E+00  0.0000E+00  0.0000E+00  0.0000E+00  0.0000E+00  0.0000E+00  0.0000E+00
     11.874  0.0000E+00  0.0000E+00  0.0000E+00  0.0000E+00  0.0000E+00  0.0000E+00  0.0000E+00  0.0000E+00  0.0000E+00
     12.022  0.0000E+00  0.0000E+00  0.0000E+00  0.0000E+00  0.0000E+00  0.0000E+00  0.0000E+00  0.0000E+00  0.0000E+00
     12.169  0.0000E+00  0.0000E+00  0.0000E+00  0.0000E+00  0.0000E+00  0.0000E+00  0.0000E+00  0.0000E+00  0.0000E+00
     12.317  0.0000E+00  0.0000E+00  0.0000E+00  0.0000E+00  0.0000E+00  0.0000E+00  0.0000E+00  0.0000E+00  0.0000E+00
     12.465  0.0000E+00  0.0000E+00  0.0000E+00  0.0000E+00  0.0000E+00  0.0000E+00  0.0000E+00  0.0000E+00  0.0000E+00
     12.612  0.0000E+00  0.0000E+00  0.0000E+00  0.0000E+00  0.0000E+00  0.0000E+00  0.0000E+00  0.0000E+00  0.0000E+00
     12.760  0.0000E+00  0.0000E+00  0.0000E+00  0.0000E+00  0.0000E+00  0.0000E+00  0.0000E+00  0.0000E+00  0.0000E+00
     12.908  0.0000E+00  0.0000E+00  0.0000E+00  0.0000E+00  0.0000E+00  0.0000E+00  0.0000E+00  0.0000E+00  0.0000E+00
     13.055  0.0000E+00  0.0000E+00  0.0000E+00  0.0000E+00  0.0000E+00  0.0000E+00  0.0000E+00  0.0000E+00  0.0000E+00
     13.203  0.0000E+00  0.0000E+00  0.0000E+00  0.0000E+00  0.0000E+00  0.0000E+00  0.0000E+00  0.0000E+00  0.0000E+00
     13.351  0.0000E+00  0.0000E+00  0.0000E+00  0.0000E+00  0.0000E+00  0.0000E+00  0.0000E+00  0.0000E+00  0.0000E+00
     13.498  0.0000E+00  0.0000E+00  0.0000E+00  0.0000E+00  0.0000E+00  0.0000E+00  0.0000E+00  0.0000E+00  0.0000E+00
     13.646  0.0000E+00  0.0000E+00  0.0000E+00  0.0000E+00  0.0000E+00  0.0000E+00  0.0000E+00  0.0000E+00  0.0000E+00
     13.794  0.0000E+00  0.0000E+00  0.0000E+00  0.0000E+00  0.0000E+00  0.0000E+00  0.0000E+00  0.0000E+00  0.0000E+00
     13.941  0.3903E-02  0.1303E-02  0.1303E-02  0.1303E-02  0.0000E+00  0.0000E+00  0.0000E+00  0.0000E+00  0.0000E+00
     14.089  0.8774E-02  0.3170E-02  0.3170E-02  0.3170E-02  0.0000E+00  0.0000E+00  0.0000E+00  0.0000E+00  0.0000E+00
     14.237  0.1026E-01  0.4027E-02  0.4027E-02  0.4027E-02  0.0000E+00  0.0000E+00  0.0000E+00  0.0000E+00  0.0000E+00
     14.384  0.1284E-01  0.5372E-02  0.5372E-02  0.5372E-02  0.0000E+00  0.0000E+00  0.0000E+00  0.0000E+00  0.0000E+00
     14.532  0.1589E-01  0.6886E-02  0.6886E-02  0.6886E-02  0.0000E+00  0.0000E+00  0.0000E+00  0.0000E+00  0.0000E+00
     14.680  0.1948E-01  0.8645E-02  0.8645E-02  0.8645E-02  0.0000E+00  0.0000E+00  0.0000E+00  0.0000E+00  0.0000E+00
     14.827  0.2202E-01  0.1039E-01  0.1039E-01  0.1039E-01  0.0000E+00  0.0000E+00  0.0000E+00  0.0000E+00  0.0000E+00
     14.975  0.2383E-01  0.1222E-01  0.1222E-01  0.1222E-01  0.0000E+00  0.0000E+00  0.0000E+00  0.0000E+00  0.0000E+00
     15.123  0.2532E-01  0.1427E-01  0.1427E-01  0.1427E-01  0.0000E+00  0.0000E+00  0.0000E+00  0.0000E+00  0.0000E+00
     15.270  0.2675E-01  0.1679E-01  0.1679E-01  0.1679E-01  0.0000E+00  0.0000E+00  0.0000E+00  0.0000E+00  0.0000E+00
     15.418  0.2799E-01  0.2213E-01  0.2213E-01  0.2213E-01  0.0000E+00  0.0000E+00  0.0000E+00  0.0000E+00  0.0000E+00
     15.566  0.2877E-01  0.2239E-01  0.2239E-01  0.2239E-01  0.0000E+00  0.0000E+00  0.0000E+00  0.0000E+00  0.0000E+00
     15.714  0.2951E-01  0.2370E-01  0.2370E-01  0.2370E-01  0.0000E+00  0.0000E+00  0.0000E+00  0.0000E+00  0.0000E+00
     15.861  0.3026E-01  0.2504E-01  0.2504E-01  0.2504E-01  0.0000E+00  0.0000E+00  0.0000E+00  0.0000E+00  0.0000E+00
     16.009  0.3107E-01  0.2642E-01  0.2642E-01  0.2642E-01  0.0000E+00  0.0000E+00  0.0000E+00  0.0000E+00  0.0000E+00
     16.157  0.3168E-01  0.2794E-01  0.2794E-01  0.2794E-01  0.0000E+00  0.0000E+00  0.0000E+00  0.0000E+00  0.0000E+00
     16.304  0.3221E-01  0.2943E-01  0.2943E-01  0.2943E-01  0.0000E+00  0.0000E+00  0.0000E+00  0.0000E+00  0.0000E+00
     16.452  0.3282E-01  0.3106E-01  0.3106E-01  0.3106E-01  0.0000E+00  0.0000E+00  0.0000E+00  0.0000E+00  0.0000E+00
     16.600  0.3344E-01  0.3279E-01  0.3279E-01  0.3279E-01  0.0000E+00  0.0000E+00  0.0000E+00  0.0000E+00  0.0000E+00
     16.747  0.3408E-01  0.3461E-01  0.3461E-01  0.3461E-01  0.0000E+00  0.0000E+00  0.0000E+00  0.0000E+00  0.0000E+00
     16.895  0.3472E-01  0.3661E-01  0.3661E-01  0.3661E-01  0.0000E+00  0.0000E+00  0.0000E+00  0.0000E+00  0.0000E+00
     17.043  0.3533E-01  0.3867E-01  0.3867E-01  0.3867E-01  0.0000E+00  0.0000E+00  0.0000E+00  0.0000E+00  0.0000E+00
     17.190  0.3600E-01  0.4095E-01  0.4095E-01  0.4095E-01  0.0000E+00  0.0000E+00  0.0000E+00  0.0000E+00  0.0000E+00
     17.338  0.3684E-01  0.4344E-01  0.4344E-01  0.4344E-01  0.0000E+00  0.0000E+00  0.0000E+00  0.0000E+00  0.0000E+00
     17.486  0.3781E-01  0.4626E-01  0.4626E-01  0.4626E-01  0.0000E+00  0.0000E+00  0.0000E+00  0.0000E+00  0.0000E+00
     17.633  0.3898E-01  0.4959E-01  0.4959E-01  0.4959E-01  0.0000E+00  0.0000E+00  0.0000E+00  0.0000E+00  0.0000E+00
     17.781  0.4045E-01  0.5339E-01  0.5339E-01  0.5339E-01  0.0000E+00  0.0000E+00  0.0000E+00  0.0000E+00  0.0000E+00
     17.929  0.4224E-01  0.5859E-01  0.5859E-01  0.5859E-01  0.0000E+00  0.0000E+00  0.0000E+00  0.0000E+00  0.0000E+00
     18.076  0.4546E-01  0.6793E-01  0.6793E-01  0.6793E-01  0.0000E+00  0.0000E+00  0.0000E+00  0.0000E+00  0.0000E+00
     18.224  0.5048E-01  0.8009E-01  0.8009E-01  0.8009E-01  0.0000E+00  0.0000E+00  0.0000E+00  0.0000E+00  0.0000E+00
     18.372  0.5553E-01  0.7936E-01  0.7936E-01  0.7936E-01  0.0000E+00  0.0000E+00  0.0000E+00  0.0000E+00  0.0000E+00
     18.519  0.6583E-01  0.6679E-01  0.6679E-01  0.6679E-01  0.0000E+00  0.0000E+00  0.0000E+00  0.0000E+00  0.0000E+00
     18.667  0.8635E-01  0.7096E-01  0.7096E-01  0.7096E-01  0.0000E+00  0.0000E+00  0.0000E+00  0.0000E+00  0.0000E+00
     18.815  0.7125E-01  0.6032E-01  0.6032E-01  0.6032E-01  0.0000E+00  0.0000E+00  0.0000E+00  0.0000E+00  0.0000E+00
     18.962  0.6601E-01  0.5930E-01  0.5930E-01  0.5930E-01  0.0000E+00  0.0000E+00  0.0000E+00  0.0000E+00  0.0000E+00
     19.110  0.6272E-01  0.5680E-01  0.5680E-01  0.5680E-01  0.0000E+00  0.0000E+00  0.0000E+00  0.0000E+00  0.0000E+00
     19.258  0.5696E-01  0.5454E-01  0.5454E-01  0.5454E-01  0.0000E+00  0.0000E+00  0.0000E+00  0.0000E+00  0.0000E+00
     19.405  0.5685E-01  0.5487E-01  0.5487E-01  0.5487E-01  0.0000E+00  0.0000E+00  0.0000E+00  0.0000E+00  0.0000E+00
     19.553  0.5403E-01  0.5380E-01  0.5380E-01  0.5380E-01  0.0000E+00  0.0000E+00  0.0000E+00  0.0000E+00  0.0000E+00
     19.701  0.5014E-01  0.5306E-01  0.5306E-01  0.5306E-01  0.0000E+00  0.0000E+00  0.0000E+00  0.0000E+00  0.0000E+00
     19.849  0.4962E-01  0.5382E-01  0.5382E-01  0.5382E-01  0.0000E+00  0.0000E+00  0.0000E+00  0.0000E+00  0.0000E+00
     19.996  0.4768E-01  0.5494E-01  0.5494E-01  0.5494E-01  0.0000E+00  0.0000E+00  0.0000E+00  0.0000E+00  0.0000E+00
     20.144  0.4579E-01  0.5427E-01  0.5427E-01  0.5427E-01  0.0000E+00  0.0000E+00  0.0000E+00  0.0000E+00  0.0000E+00
     20.292  0.4290E-01  0.5254E-01  0.5254E-01  0.5254E-01  0.0000E+00  0.0000E+00  0.0000E+00  0.0000E+00  0.0000E+00
     20.439  0.4187E-01  0.5202E-01  0.5202E-01  0.5202E-01  0.0000E+00  0.0000E+00  0.0000E+00  0.0000E+00  0.0000E+00
     20.587  0.4208E-01  0.5126E-01  0.5126E-01  0.5126E-01  0.0000E+00  0.0000E+00  0.0000E+00  0.0000E+00  0.0000E+00
     20.735  0.4240E-01  0.4937E-01  0.4937E-01  0.4937E-01  0.0000E+00  0.0000E+00  0.0000E+00  0.0000E+00  0.0000E+00
     20.882  0.3426E-01  0.4301E-01  0.4301E-01  0.4301E-01  0.0000E+00  0.0000E+00  0.0000E+00  0.0000E+00  0.0000E+00
     21.030  0.3007E-01  0.4058E-01  0.4058E-01  0.4058E-01  0.0000E+00  0.0000E+00  0.0000E+00  0.0000E+00  0.0000E+00
     21.178  0.3213E-01  0.4146E-01  0.4146E-01  0.4146E-01  0.0000E+00  0.0000E+00  0.0000E+00  0.0000E+00  0.0000E+00
     21.325  0.3998E-01  0.4536E-01  0.4536E-01  0.4536E-01  0.0000E+00  0.0000E+00  0.0000E+00  0.0000E+00  0.0000E+00
     21.473  0.4485E-01  0.4505E-01  0.4505E-01  0.4505E-01  0.0000E+00  0.0000E+00  0.0000E+00  0.0000E+00  0.0000E+00
     21.621  0.4451E-01  0.4376E-01  0.4376E-01  0.4376E-01  0.0000E+00  0.0000E+00  0.0000E+00  0.0000E+00  0.0000E+00
     21.768  0.5070E-01  0.4589E-01  0.4589E-01  0.4589E-01  0.0000E+00  0.0000E+00  0.0000E+00  0.0000E+00  0.0000E+00
     21.916  0.5308E-01  0.4836E-01  0.4836E-01  0.4836E-01  0.0000E+00  0.0000E+00  0.0000E+00  0.0000E+00  0.0000E+00
     22.064  0.5468E-01  0.4993E-01  0.4993E-01  0.4993E-01  0.0000E+00  0.0000E+00  0.0000E+00  0.0000E+00  0.0000E+00
     22.211  0.5594E-01  0.5076E-01  0.5076E-01  0.5076E-01  0.0000E+00  0.0000E+00  0.0000E+00  0.0000E+00  0.0000E+00
     22.359  0.5526E-01  0.5105E-01  0.5105E-01  0.5105E-01  0.0000E+00  0.0000E+00  0.0000E+00  0.0000E+00  0.0000E+00
     22.507  0.5531E-01  0.5091E-01  0.5091E-01  0.5091E-01  0.0000E+00  0.0000E+00  0.0000E+00  0.0000E+00  0.0000E+00
     22.654  0.5915E-01  0.5496E-01  0.5496E-01  0.5496E-01  0.0000E+00  0.0000E+00  0.0000E+00  0.0000E+00  0.0000E+00
     22.802  0.5520E-01  0.5338E-01  0.5338E-01  0.5338E-01  0.0000E+00  0.0000E+00  0.0000E+00  0.0000E+00  0.0000E+00
     22.950  0.5724E-01  0.5646E-01  0.5646E-01  0.5646E-01  0.0000E+00  0.0000E+00  0.0000E+00  0.0000E+00  0.0000E+00
     23.097  0.5835E-01  0.5467E-01  0.5467E-01  0.5467E-01  0.0000E+00  0.0000E+00  0.0000E+00  0.0000E+00  0.0000E+00
     23.245  0.7500E-01  0.5906E-01  0.5906E-01  0.5906E-01  0.0000E+00  0.0000E+00  0.0000E+00  0.0000E+00  0.0000E+00
     23.393  0.1099E+00  0.6055E-01  0.6055E-01  0.6055E-01  0.0000E+00  0.0000E+00  0.0000E+00  0.0000E+00  0.0000E+00
     23.541  0.9684E-01  0.6297E-01  0.6297E-01  0.6297E-01  0.0000E+00  0.0000E+00  0.0000E+00  0.0000E+00  0.0000E+00
     23.688  0.9165E-01  0.6608E-01  0.6608E-01  0.6608E-01  0.0000E+00  0.0000E+00  0.0000E+00  0.0000E+00  0.0000E+00
     23.836  0.9285E-01  0.7032E-01  0.7032E-01  0.7032E-01  0.0000E+00  0.0000E+00  0.0000E+00  0.0000E+00  0.0000E+00
     23.984  0.6369E-01  0.6212E-01  0.6212E-01  0.6212E-01  0.0000E+00  0.0000E+00  0.0000E+00  0.0000E+00  0.0000E+00
     24.131  0.5129E-01  0.6006E-01  0.6006E-01  0.6006E-01  0.0000E+00  0.0000E+00  0.0000E+00  0.0000E+00  0.0000E+00
     24.279  0.4562E-01  0.6259E-01  0.6259E-01  0.6259E-01  0.0000E+00  0.0000E+00  0.0000E+00  0.0000E+00  0.0000E+00
     24.427  0.4176E-01  0.6454E-01  0.6454E-01  0.6454E-01  0.0000E+00  0.0000E+00  0.0000E+00  0.0000E+00  0.0000E+00
     24.574  0.4514E-01  0.7660E-01  0.7660E-01  0.7660E-01  0.0000E+00  0.0000E+00  0.0000E+00  0.0000E+00  0.0000E+00
     24.722  0.4753E-01  0.8717E-01  0.8717E-01  0.8717E-01  0.0000E+00  0.0000E+00  0.0000E+00  0.0000E+00  0.0000E+00
     24.870  0.4306E-01  0.8394E-01  0.8394E-01  0.8394E-01  0.0000E+00  0.0000E+00  0.0000E+00  0.0000E+00  0.0000E+00
     25.017  0.3489E-01  0.7455E-01  0.7455E-01  0.7455E-01  0.0000E+00  0.0000E+00  0.0000E+00  0.0000E+00  0.0000E+00
     25.165  0.2945E-01  0.6953E-01  0.6953E-01  0.6953E-01  0.0000E+00  0.0000E+00  0.0000E+00  0.0000E+00  0.0000E+00
     25.313  0.2520E-01  0.6676E-01  0.6676E-01  0.6676E-01  0.0000E+00  0.0000E+00  0.0000E+00  0.0000E+00  0.0000E+00
     25.460  0.2110E-01  0.6346E-01  0.6346E-01  0.6346E-01  0.0000E+00  0.0000E+00  0.0000E+00  0.0000E+00  0.0000E+00
     25.608  0.1772E-01  0.6028E-01  0.6028E-01  0.6028E-01  0.0000E+00  0.0000E+00  0.0000E+00  0.0000E+00  0.0000E+00
     25.756  0.1454E-01  0.5782E-01  0.5782E-01  0.5782E-01  0.0000E+00  0.0000E+00  0.0000E+00  0.0000E+00  0.0000E+00
     25.903  0.1144E-01  0.5562E-01  0.5562E-01  0.5562E-01  0.0000E+00  0.0000E+00  0.0000E+00  0.0000E+00  0.0000E+00
     26.051  0.8558E-02  0.5369E-01  0.5369E-01  0.5369E-01  0.0000E+00  0.0000E+00  0.0000E+00  0.0000E+00  0.0000E+00
     26.199  0.5563E-02  0.4155E-01  0.4155E-01  0.4155E-01  0.0000E+00  0.0000E+00  0.0000E+00  0.0000E+00  0.0000E+00
     26.346  0.3777E-02  0.2606E-01  0.2606E-01  0.2606E-01  0.0000E+00  0.0000E+00  0.0000E+00  0.0000E+00  0.0000E+00
     26.494  0.2875E-02  0.2350E-01  0.2350E-01  0.2350E-01  0.0000E+00  0.0000E+00  0.0000E+00  0.0000E+00  0.0000E+00
     26.642  0.2119E-02  0.2082E-01  0.2082E-01  0.2082E-01  0.0000E+00  0.0000E+00  0.0000E+00  0.0000E+00  0.0000E+00
     26.789  0.1417E-02  0.1840E-01  0.1840E-01  0.1840E-01  0.0000E+00  0.0000E+00  0.0000E+00  0.0000E+00  0.0000E+00
     26.937  0.8450E-03  0.1480E-01  0.1480E-01  0.1480E-01  0.0000E+00  0.0000E+00  0.0000E+00  0.0000E+00  0.0000E+00
     27.085  0.3778E-03  0.1124E-01  0.1124E-01  0.1124E-01  0.0000E+00  0.0000E+00  0.0000E+00  0.0000E+00  0.0000E+00
     27.232  0.1138E-03  0.7280E-02  0.7280E-02  0.7280E-02  0.0000E+00  0.0000E+00  0.0000E+00  0.0000E+00  0.0000E+00
     27.380  0.1489E-05  0.3164E-03  0.3164E-03  0.3164E-03  0.0000E+00  0.0000E+00  0.0000E+00  0.0000E+00  0.0000E+00
     27.528  0.0000E+00  0.0000E+00  0.0000E+00  0.0000E+00  0.0000E+00  0.0000E+00  0.0000E+00  0.0000E+00  0.0000E+00
     27.676  0.0000E+00  0.0000E+00  0.0000E+00  0.0000E+00  0.0000E+00  0.0000E+00  0.0000E+00  0.0000E+00  0.0000E+00
     27.823  0.0000E+00  0.0000E+00  0.0000E+00  0.0000E+00  0.0000E+00  0.0000E+00  0.0000E+00  0.0000E+00  0.0000E+00
     27.971  0.0000E+00  0.0000E+00  0.0000E+00  0.0000E+00  0.0000E+00  0.0000E+00  0.0000E+00  0.0000E+00  0.0000E+00
     28.119  0.0000E+00  0.0000E+00  0.0000E+00  0.0000E+00  0.0000E+00  0.0000E+00  0.0000E+00  0.0000E+00  0.0000E+00
     28.266  0.0000E+00  0.0000E+00  0.0000E+00  0.0000E+00  0.0000E+00  0.0000E+00  0.0000E+00  0.0000E+00  0.0000E+00
     28.414  0.0000E+00  0.0000E+00  0.0000E+00  0.0000E+00  0.0000E+00  0.0000E+00  0.0000E+00  0.0000E+00  0.0000E+00
     28.562  0.0000E+00  0.0000E+00  0.0000E+00  0.0000E+00  0.0000E+00  0.0000E+00  0.0000E+00  0.0000E+00  0.0000E+00
     28.709  0.0000E+00  0.0000E+00  0.0000E+00  0.0000E+00  0.0000E+00  0.0000E+00  0.0000E+00  0.0000E+00  0.0000E+00
     28.857  0.0000E+00  0.0000E+00  0.0000E+00  0.0000E+00  0.0000E+00  0.0000E+00  0.0000E+00  0.0000E+00  0.0000E+00
     29.005  0.0000E+00  0.0000E+00  0.0000E+00  0.0000E+00  0.0000E+00  0.0000E+00  0.0000E+00  0.0000E+00  0.0000E+00
     29.152  0.0000E+00  0.0000E+00  0.0000E+00  0.0000E+00  0.0000E+00  0.0000E+00  0.0000E+00  0.0000E+00  0.0000E+00
     29.300  0.0000E+00  0.0000E+00  0.0000E+00  0.0000E+00  0.0000E+00  0.0000E+00  0.0000E+00  0.0000E+00  0.0000E+00
     29.29998788    -15.00372066  301      9.57658521      1.00000000
    -15.004  0.0000E+00  0.0000E+00  0.0000E+00  0.0000E+00  0.0000E+00  0.0000E+00  0.0000E+00  0.0000E+00  0.0000E+00
    -14.856  0.0000E+00  0.0000E+00  0.0000E+00  0.0000E+00  0.0000E+00  0.0000E+00  0.0000E+00  0.0000E+00  0.0000E+00
    -14.708  0.0000E+00  0.0000E+00  0.0000E+00  0.0000E+00  0.0000E+00  0.0000E+00  0.0000E+00  0.0000E+00  0.0000E+00
    -14.561  0.0000E+00  0.0000E+00  0.0000E+00  0.0000E+00  0.0000E+00  0.0000E+00  0.0000E+00  0.0000E+00  0.0000E+00
    -14.413  0.0000E+00  0.0000E+00  0.0000E+00  0.0000E+00  0.0000E+00  0.0000E+00  0.0000E+00  0.0000E+00  0.0000E+00
    -14.265  0.0000E+00  0.0000E+00  0.0000E+00  0.0000E+00  0.0000E+00  0.0000E+00  0.0000E+00  0.0000E+00  0.0000E+00
    -14.118  0.0000E+00  0.0000E+00  0.0000E+00  0.0000E+00  0.0000E+00  0.0000E+00  0.0000E+00  0.0000E+00  0.0000E+00
    -13.970  0.0000E+00  0.0000E+00  0.0000E+00  0.0000E+00  0.0000E+00  0.0000E+00  0.0000E+00  0.0000E+00  0.0000E+00
    -13.822  0.0000E+00  0.0000E+00  0.0000E+00  0.0000E+00  0.0000E+00  0.0000E+00  0.0000E+00  0.0000E+00  0.0000E+00
    -13.675  0.0000E+00  0.0000E+00  0.0000E+00  0.0000E+00  0.0000E+00  0.0000E+00  0.0000E+00  0.0000E+00  0.0000E+00
    -13.527  0.0000E+00  0.0000E+00  0.0000E+00  0.0000E+00  0.0000E+00  0.0000E+00  0.0000E+00  0.0000E+00  0.0000E+00
    -13.379  0.0000E+00  0.0000E+00  0.0000E+00  0.0000E+00  0.0000E+00  0.0000E+00  0.0000E+00  0.0000E+00  0.0000E+00
    -13.232  0.0000E+00  0.0000E+00  0.0000E+00  0.0000E+00  0.0000E+00  0.0000E+00  0.0000E+00  0.0000E+00  0.0000E+00
    -13.084  0.0000E+00  0.0000E+00  0.0000E+00  0.0000E+00  0.0000E+00  0.0000E+00  0.0000E+00  0.0000E+00  0.0000E+00
    -12.936  0.7222E-02  0.5474E-05  0.5474E-05  0.5474E-05  0.0000E+00  0.0000E+00  0.0000E+00  0.0000E+00  0.0000E+00
    -12.789  0.1627E-01  0.4497E-04  0.4497E-04  0.4497E-04  0.0000E+00  0.0000E+00  0.0000E+00  0.0000E+00  0.0000E+00
    -12.641  0.1930E-01  0.9928E-04  0.9928E-04  0.9928E-04  0.0000E+00  0.0000E+00  0.0000E+00  0.0000E+00  0.0000E+00
    -12.493  0.2059E-01  0.1549E-03  0.1549E-03  0.1549E-03  0.0000E+00  0.0000E+00  0.0000E+00  0.0000E+00  0.0000E+00
    -12.345  0.2348E-01  0.2281E-03  0.2281E-03  0.2281E-03  0.0000E+00  0.0000E+00  0.0000E+00  0.0000E+00  0.0000E+00
    -12.198  0.2601E-01  0.3103E-03  0.3103E-03  0.3103E-03  0.0000E+00  0.0000E+00  0.0000E+00  0.0000E+00  0.0000E+00
    -12.050  0.2818E-01  0.4021E-03  0.4021E-03  0.4021E-03  0.0000E+00  0.0000E+00  0.0000E+00  0.0000E+00  0.0000E+00
    -11.902  0.3028E-01  0.5000E-03  0.5000E-03  0.5000E-03  0.0000E+00  0.0000E+00  0.0000E+00  0.0000E+00  0.0000E+00
    -11.755  0.3228E-01  0.6035E-03  0.6035E-03  0.6035E-03  0.0000E+00  0.0000E+00  0.0000E+00  0.0000E+00  0.0000E+00
    -11.607  0.3402E-01  0.7160E-03  0.7160E-03  0.7160E-03  0.0000E+00  0.0000E+00  0.0000E+00  0.0000E+00  0.0000E+00
    -11.459  0.3583E-01  0.8310E-03  0.8310E-03  0.8310E-03  0.0000E+00  0.0000E+00  0.0000E+00  0.0000E+00  0.0000E+00
    -11.312  0.3738E-01  0.9556E-03  0.9556E-03  0.9556E-03  0.0000E+00  0.0000E+00  0.0000E+00  0.0000E+00  0.0000E+00
    -11.164  0.3900E-01  0.1082E-02  0.1082E-02  0.1082E-02  0.0000E+00  0.0000E+00  0.0000E+00  0.0000E+00  0.0000E+00
    -11.016  0.4044E-01  0.1217E-02  0.1217E-02  0.1217E-02  0.0000E+00  0.0000E+00  0.0000E+00  0.0000E+00  0.0000E+00
    -10.869  0.4196E-01  0.1353E-02  0.1353E-02  0.1353E-02  0.0000E+00  0.0000E+00  0.0000E+00  0.0000E+00  0.0000E+00
    -10.721  0.4328E-01  0.1498E-02  0.1498E-02  0.1498E-02  0.0000E+00  0.0000E+00  0.0000E+00  0.0000E+00  0.0000E+00
    -10.573  0.4470E-01  0.1643E-02  0.1643E-02  0.1643E-02  0.0000E+00  0.0000E+00  0.0000E+00  0.0000E+00  0.0000E+00
    -10.426  0.4598E-01  0.1797E-02  0.1797E-02  0.1797E-02  0.0000E+00  0.0000E+00  0.0000E+00  0.0000E+00  0.0000E+00
    -10.278  0.4729E-01  0.1953E-02  0.1953E-02  0.1953E-02  0.0000E+00  0.0000E+00  0.0000E+00  0.0000E+00  0.0000E+00
    -10.130  0.4858E-01  0.2113E-02  0.2113E-02  0.2113E-02  0.0000E+00  0.0000E+00  0.0000E+00  0.0000E+00  0.0000E+00
     -9.983  0.4981E-01  0.2279E-02  0.2279E-02  0.2279E-02  0.0000E+00  0.0000E+00  0.0000E+00  0.0000E+00  0.0000E+00
     -9.835  0.5112E-01  0.2445E-02  0.2445E-02  0.2445E-02  0.0000E+00  0.0000E+00  0.0000E+00  0.0000E+00  0.0000E+00
     -9.687  0.5231E-01  0.2621E-02  0.2621E-02  0.2621E-02  0.0000E+00  0.0000E+00  0.0000E+00  0.0000E+00  0.0000E+00
     -9.540  0.5355E-01  0.2797E-02  0.2797E-02  0.2797E-02  0.0000E+00  0.0000E+00  0.0000E+00  0.0000E+00  0.0000E+00
     -9.392  0.5482E-01  0.2976E-02  0.2976E-02  0.2976E-02  0.0000E+00  0.0000E+00  0.0000E+00  0.0000E+00  0.0000E+00
     -9.244  0.5604E-01  0.3163E-02  0.3163E-02  0.3163E-02  0.0000E+00  0.0000E+00  0.0000E+00  0.0000E+00  0.0000E+00
     -9.097  0.5733E-01  0.3350E-02  0.3350E-02  0.3350E-02  0.0000E+00  0.0000E+00  0.0000E+00  0.0000E+00  0.0000E+00
     -8.949  0.5863E-01  0.3542E-02  0.3542E-02  0.3542E-02  0.0000E+00  0.0000E+00  0.0000E+00  0.0000E+00  0.0000E+00
     -8.801  0.5995E-01  0.3740E-02  0.3740E-02  0.3740E-02  0.0000E+00  0.0000E+00  0.0000E+00  0.0000E+00  0.0000E+00
     -8.654  0.6135E-01  0.3938E-02  0.3938E-02  0.3938E-02  0.0000E+00  0.0000E+00  0.0000E+00  0.0000E+00  0.0000E+00
     -8.506  0.6279E-01  0.4143E-02  0.4143E-02  0.4143E-02  0.0000E+00  0.0000E+00  0.0000E+00  0.0000E+00  0.0000E+00
     -8.358  0.6430E-01  0.4355E-02  0.4355E-02  0.4355E-02  0.0000E+00  0.0000E+00  0.0000E+00  0.0000E+00  0.0000E+00
     -8.210  0.6593E-01  0.4567E-02  0.4567E-02  0.4567E-02  0.0000E+00  0.0000E+00  0.0000E+00  0.0000E+00  0.0000E+00
     -8.063  0.6770E-01  0.4787E-02  0.4787E-02  0.4787E-02  0.0000E+00  0.0000E+00  0.0000E+00  0.0000E+00  0.0000E+00
     -7.915  0.6964E-01  0.5017E-02  0.5017E-02  0.5017E-02  0.0000E+00  0.0000E+00  0.0000E+00  0.0000E+00  0.0000E+00
     -7.767  0.7184E-01  0.5251E-02  0.5251E-02  0.5251E-02  0.0000E+00  0.0000E+00  0.0000E+00  0.0000E+00  0.0000E+00
     -7.620  0.7442E-01  0.5499E-02  0.5499E-02  0.5499E-02  0.0000E+00  0.0000E+00  0.0000E+00  0.0000E+00  0.0000E+00
     -7.472  0.7760E-01  0.5772E-02  0.5772E-02  0.5772E-02  0.0000E+00  0.0000E+00  0.0000E+00  0.0000E+00  0.0000E+00
     -7.324  0.8187E-01  0.6077E-02  0.6077E-02  0.6077E-02  0.0000E+00  0.0000E+00  0.0000E+00  0.0000E+00  0.0000E+00
     -7.177  0.8913E-01  0.6485E-02  0.6485E-02  0.6485E-02  0.0000E+00  0.0000E+00  0.0000E+00  0.0000E+00  0.0000E+00
     -7.029  0.9874E-01  0.6988E-02  0.6988E-02  0.6988E-02  0.0000E+00  0.0000E+00  0.0000E+00  0.0000E+00  0.0000E+00
     -6.881  0.9676E-01  0.7061E-02  0.7061E-02  0.7061E-02  0.0000E+00  0.0000E+00  0.0000E+00  0.0000E+00  0.0000E+00
     -6.734  0.9251E-01  0.7025E-02  0.7025E-02  0.7025E-02  0.0000E+00  0.0000E+00  0.0000E+00  0.0000E+00  0.0000E+00
     -6.586  0.8978E-01  0.7053E-02  0.7053E-02  0.7053E-02  0.0000E+00  0.0000E+00  0.0000E+00  0.0000E+00  0.0000E+00
     -6.438  0.8660E-01  0.7038E-02  0.7038E-02  0.7038E-02  0.0000E+00  0.0000E+00  0.0000E+00  0.0000E+00  0.0000E+00
     -6.291  0.8314E-01  0.6986E-02  0.6986E-02  0.6986E-02  0.0000E+00  0.0000E+00  0.0000E+00  0.0000E+00  0.0000E+00
     -6.143  0.8065E-01  0.6992E-02  0.6992E-02  0.6992E-02  0.0000E+00  0.0000E+00  0.0000E+00  0.0000E+00  0.0000E+00
     -5.995  0.7754E-01  0.6934E-02  0.6934E-02  0.6934E-02  0.0000E+00  0.0000E+00  0.0000E+00  0.0000E+00  0.0000E+00
     -5.848  0.7482E-01  0.6884E-02  0.6884E-02  0.6884E-02  0.0000E+00  0.0000E+00  0.0000E+00  0.0000E+00  0.0000E+00
     -5.700  0.7201E-01  0.6829E-02  0.6829E-02  0.6829E-02  0.0000E+00  0.0000E+00  0.0000E+00  0.0000E+00  0.0000E+00
     -5.552  0.6926E-01  0.6752E-02  0.6752E-02  0.6752E-02  0.0000E+00  0.0000E+00  0.0000E+00  0.0000E+00  0.0000E+00
     -5.405  0.6622E-01  0.6646E-02  0.6646E-02  0.6646E-02  0.0000E+00  0.0000E+00  0.0000E+00  0.0000E+00  0.0000E+00
     -5.257  0.6367E-01  0.6563E-02  0.6563E-02  0.6563E-02  0.0000E+00  0.0000E+00  0.0000E+00  0.0000E+00  0.0000E+00
     -5.109  0.6058E-01  0.6425E-02  0.6425E-02  0.6425E-02  0.0000E+00  0.0000E+00  0.0000E+00  0.0000E+00  0.0000E+00
     -4.962  0.5771E-01  0.6288E-02  0.6288E-02  0.6288E-02  0.0000E+00  0.0000E+00  0.0000E+00  0.0000E+00  0.0000E+00
     -4.814  0.5480E-01  0.6137E-02  0.6137E-02  0.6137E-02  0.0000E+00  0.0000E+00  0.0000E+00  0.0000E+00  0.0000E+00
     -4.666  0.5180E-01  0.5958E-02  0.5958E-02  0.5958E-02  0.0000E+00  0.0000E+00  0.0000E+00  0.0000E+00  0.0000E+00
     -4.519  0.4874E-01  0.5766E-02  0.5766E-02  0.5766E-02  0.0000E+00  0.0000E+00  0.0000E+00  0.0000E+00  0.0000E+00
     -4.371  0.4576E-01  0.5563E-02  0.5563E-02  0.5563E-02  0.0000E+00  0.0000E+00  0.0000E+00  0.0000E+00  0.0000E+00
     -4.223  0.4814E-01  0.8802E-02  0.8802E-02  0.8802E-02  0.0000E+00  0.0000E+00  0.0000E+00  0.0000E+00  0.0000E+00
     -4.075  0.4900E-01  0.1035E-01  0.1035E-01  0.1035E-01  0.0000E+00  0.0000E+00  0.0000E+00  0.0000E+00  0.0000E+00
     -3.928  0.4187E-01  0.1067E-01  0.1067E-01  0.1067E-01  0.0000E+00  0.0000E+00  0.0000E+00  0.0000E+00  0.0000E+00
     -3.780  0.2948E-01  0.1015E-01  0.1015E-01  0.1015E-01  0.0000E+00  0.0000E+00  0.0000E+00  0.0000E+00  0.0000E+00
     -3.632  0.2806E-01  0.1078E-01  0.1078E-01  0.1078E-01  0.0000E+00  0.0000E+00  0.0000E+00  0.0000E+00  0.0000E+00
     -3.485  0.2999E-01  0.1225E-01  0.1225E-01  0.1225E-01  0.0000E+00  0.0000E+00  0.0000E+00  0.0000E+00  0.0000E+00
     -3.337  0.3294E-01  0.1365E-01  0.1365E-01  0.1365E-01  0.0000E+00  0.0000E+00  0.0000E+00  0.0000E+00  0.0000E+00
     -3.189  0.4038E-01  0.1592E-01  0.1592E-01  0.1592E-01  0.0000E+00  0.0000E+00  0.0000E+00  0.0000E+00  0.0000E+00
     -3.042  0.5048E-01  0.1846E-01  0.1846E-01  0.1846E-01  0.0000E+00  0.0000E+00  0.0000E+00  0.0000E+00  0.0000E+00
     -2.894  0.6304E-01  0.2184E-01  0.2184E-01  0.2184E-01  0.0000E+00  0.0000E+00  0.0000E+00  0.0000E+00  0.0000E+00
     -2.746  0.7774E-01  0.2596E-01  0.2596E-01  0.2596E-01  0.0000E+00  0.0000E+00  0.0000E+00  0.0000E+00  0.0000E+00
     -2.599  0.1114E+00  0.3544E-01  0.3544E-01  0.3544E-01  0.0000E+00  0.0000E+00  0.0000E+00  0.0000E+00  0.0000E+00
     -2.451  0.1095E+00  0.3407E-01  0.3407E-01  0.3407E-01  0.0000E+00  0.0000E+00  0.0000E+00  0.0000E+00  0.0000E+00
     -2.303  0.7932E-01  0.2572E-01  0.2572E-01  0.2572E-01  0.0000E+00  0.0000E+00  0.0000E+00  0.0000E+00  0.0000E+00
     -2.156  0.7048E-01  0.2327E-01  0.2327E-01  0.2327E-01  0.0000E+00  0.0000E+00  0.0000E+00  0.0000E+00  0.0000E+00
     -2.008  0.6332E-01  0.2141E-01  0.2141E-01  0.2141E-01  0.0000E+00  0.0000E+00  0.0000E+00  0.0000E+00  0.0000E+00
     -1.860  0.5929E-01  0.2038E-01  0.2038E-01  0.2038E-01  0.0000E+00  0.0000E+00  0.0000E+00  0.0000E+00  0.0000E+00
     -1.713  0.5442E-01  0.1918E-01  0.1918E-01  0.1918E-01  0.0000E+00  0.0000E+00  0.0000E+00  0.0000E+00  0.0000E+00
     -1.565  0.5163E-01  0.1853E-01  0.1853E-01  0.1853E-01  0.0000E+00  0.0000E+00  0.0000E+00  0.0000E+00  0.0000E+00
     -1.417  0.4806E-01  0.1768E-01  0.1768E-01  0.1768E-01  0.0000E+00  0.0000E+00  0.0000E+00  0.0000E+00  0.0000E+00
     -1.270  0.4557E-01  0.1713E-01  0.1713E-01  0.1713E-01  0.0000E+00  0.0000E+00  0.0000E+00  0.0000E+00  0.0000E+00
     -1.122  0.4311E-01  0.1659E-01  0.1659E-01  0.1659E-01  0.0000E+00  0.0000E+00  0.0000E+00  0.0000E+00  0.0000E+00
     -0.974  0.4038E-01  0.1594E-01  0.1594E-01  0.1594E-01  0.0000E+00  0.0000E+00  0.0000E+00  0.0000E+00  0.0000E+00
     -0.827  0.3857E-01  0.1557E-01  0.1557E-01  0.1557E-01  0.0000E+00  0.0000E+00  0.0000E+00  0.0000E+00  0.0000E+00
     -0.679  0.3588E-01  0.1491E-01  0.1491E-01  0.1491E-01  0.0000E+00  0.0000E+00  0.0000E+00  0.0000E+00  0.0000E+00
     -0.531  0.3444E-01  0.1463E-01  0.1463E-01  0.1463E-01  0.0000E+00  0.0000E+00  0.0000E+00  0.0000E+00  0.0000E+00
     -0.383  0.3269E-01  0.1425E-01  0.1425E-01  0.1425E-01  0.0000E+00  0.0000E+00  0.0000E+00  0.0000E+00  0.0000E+00
     -0.236  0.3060E-01  0.1372E-01  0.1372E-01  0.1372E-01  0.0000E+00  0.0000E+00  0.0000E+00  0.0000E+00  0.0000E+00
     -0.088  0.3059E-01  0.2201E-01  0.2201E-01  0.2201E-01  0.0000E+00  0.0000E+00  0.0000E+00  0.0000E+00  0.0000E+00
      0.060  0.2981E-01  0.2507E-01  0.2507E-01  0.2507E-01  0.0000E+00  0.0000E+00  0.0000E+00  0.0000E+00  0.0000E+00
      0.207  0.2956E-01  0.2902E-01  0.2902E-01  0.2902E-01  0.0000E+00  0.0000E+00  0.0000E+00  0.0000E+00  0.0000E+00
      0.355  0.2995E-01  0.3335E-01  0.3335E-01  0.3335E-01  0.0000E+00  0.0000E+00  0.0000E+00  0.0000E+00  0.0000E+00
      0.503  0.3086E-01  0.4220E-01  0.4220E-01  0.4220E-01  0.0000E+00  0.0000E+00  0.0000E+00  0.0000E+00  0.0000E+00
      0.650  0.3105E-01  0.4197E-01  0.4197E-01  0.4197E-01  0.0000E+00  0.0000E+00  0.0000E+00  0.0000E+00  0.0000E+00
      0.798  0.3088E-01  0.4089E-01  0.4089E-01  0.4089E-01  0.0000E+00  0.0000E+00  0.0000E+00  0.0000E+00  0.0000E+00
      0.946  0.3044E-01  0.3979E-01  0.3979E-01  0.3979E-01  0.0000E+00  0.0000E+00  0.0000E+00  0.0000E+00  0.0000E+00
      1.093  0.3004E-01  0.3897E-01  0.3897E-01  0.3897E-01  0.0000E+00  0.0000E+00  0.0000E+00  0.0000E+00  0.0000E+00
      1.241  0.2992E-01  0.4050E-01  0.4050E-01  0.4050E-01  0.0000E+00  0.0000E+00  0.0000E+00  0.0000E+00  0.0000E+00
      1.389  0.2925E-01  0.4079E-01  0.4079E-01  0.4079E-01  0.0000E+00  0.0000E+00  0.0000E+00  0.0000E+00  0.0000E+00
      1.536  0.2865E-01  0.4195E-01  0.4195E-01  0.4195E-01  0.0000E+00  0.0000E+00  0.0000E+00  0.0000E+00  0.0000E+00
      1.684  0.2835E-01  0.4323E-01  0.4323E-01  0.4323E-01  0.0000E+00  0.0000E+00  0.0000E+00  0.0000E+00  0.0000E+00
      1.832  0.2772E-01  0.4483E-01  0.4483E-01  0.4483E-01  0.0000E+00  0.0000E+00  0.0000E+00  0.0000E+00  0.0000E+00
      1.979  0.2695E-01  0.4626E-01  0.4626E-01  0.4626E-01  0.0000E+00  0.0000E+00  0.0000E+00  0.0000E+00  0.0000E+00
      2.127  0.2653E-01  0.4780E-01  0.4780E-01  0.4780E-01  0.0000E+00  0.0000E+00  0.0000E+00  0.0000E+00  0.0000E+00
      2.275  0.2593E-01  0.5032E-01  0.5032E-01  0.5032E-01  0.0000E+00  0.0000E+00  0.0000E+00  0.0000E+00  0.0000E+00
      2.422  0.2501E-01  0.5180E-01  0.5180E-01  0.5180E-01  0.0000E+00  0.0000E+00  0.0000E+00  0.0000E+00  0.0000E+00
      2.570  0.2455E-01  0.5602E-01  0.5602E-01  0.5602E-01  0.0000E+00  0.0000E+00  0.0000E+00  0.0000E+00  0.0000E+00
      2.718  0.2391E-01  0.5870E-01  0.5870E-01  0.5870E-01  0.0000E+00  0.0000E+00  0.0000E+00  0.0000E+00  0.0000E+00
      2.865  0.2312E-01  0.6414E-01  0.6414E-01  0.6414E-01  0.0000E+00  0.0000E+00  0.0000E+00  0.0000E+00  0.0000E+00
      3.013  0.2222E-01  0.7685E-01  0.7685E-01  0.7685E-01  0.0000E+00  0.0000E+00  0.0000E+00  0.0000E+00  0.0000E+00
      3.161  0.2153E-01  0.7463E-01  0.7463E-01  0.7463E-01  0.0000E+00  0.0000E+00  0.0000E+00  0.0000E+00  0.0000E+00
      3.308  0.2079E-01  0.7573E-01  0.7573E-01  0.7573E-01  0.0000E+00  0.0000E+00  0.0000E+00  0.0000E+00  0.0000E+00
      3.456  0.1978E-01  0.7373E-01  0.7373E-01  0.7373E-01  0.0000E+00  0.0000E+00  0.0000E+00  0.0000E+00  0.0000E+00
      3.604  0.1907E-01  0.7326E-01  0.7326E-01  0.7326E-01  0.0000E+00  0.0000E+00  0.0000E+00  0.0000E+00  0.0000E+00
      3.752  0.1843E-01  0.7313E-01  0.7313E-01  0.7313E-01  0.0000E+00  0.0000E+00  0.0000E+00  0.0000E+00  0.0000E+00
      3.899  0.1762E-01  0.7284E-01  0.7284E-01  0.7284E-01  0.0000E+00  0.0000E+00  0.0000E+00  0.0000E+00  0.0000E+00
      4.047  0.1669E-01  0.7221E-01  0.7221E-01  0.7221E-01  0.0000E+00  0.0000E+00  0.0000E+00  0.0000E+00  0.0000E+00
      4.195  0.1612E-01  0.7212E-01  0.7212E-01  0.7212E-01  0.0000E+00  0.0000E+00  0.0000E+00  0.0000E+00  0.0000E+00
      4.342  0.1544E-01  0.7199E-01  0.7199E-01  0.7199E-01  0.0000E+00  0.0000E+00  0.0000E+00  0.0000E+00  0.0000E+00
      4.490  0.1462E-01  0.7137E-01  0.7137E-01  0.7137E-01  0.0000E+00  0.0000E+00  0.0000E+00  0.0000E+00  0.0000E+00
      4.638  0.1388E-01  0.7137E-01  0.7137E-01  0.7137E-01  0.0000E+00  0.0000E+00  0.0000E+00  0.0000E+00  0.0000E+00
      4.785  0.1326E-01  0.7115E-01  0.7115E-01  0.7115E-01  0.0000E+00  0.0000E+00  0.0000E+00  0.0000E+00  0.0000E+00
      4.933  0.1256E-01  0.7080E-01  0.7080E-01  0.7080E-01  0.0000E+00  0.0000E+00  0.0000E+00  0.0000E+00  0.0000E+00
      5.081  0.1177E-01  0.7055E-01  0.7055E-01  0.7055E-01  0.0000E+00  0.0000E+00  0.0000E+00  0.0000E+00  0.0000E+00
      5.228  0.1107E-01  0.7017E-01  0.7017E-01  0.7017E-01  0.0000E+00  0.0000E+00  0.0000E+00  0.0000E+00  0.0000E+00
      5.376  0.1045E-01  0.7008E-01  0.7008E-01  0.7008E-01  0.0000E+00  0.0000E+00  0.0000E+00  0.0000E+00  0.0000E+00
      5.524  0.9849E-02  0.6964E-01  0.6964E-01  0.6964E-01  0.0000E+00  0.0000E+00  0.0000E+00  0.0000E+00  0.0000E+00
      5.671  0.9176E-02  0.6945E-01  0.6945E-01  0.6945E-01  0.0000E+00  0.0000E+00  0.0000E+00  0.0000E+00  0.0000E+00
      5.819  0.8582E-02  0.6917E-01  0.6917E-01  0.6917E-01  0.0000E+00  0.0000E+00  0.0000E+00  0.0000E+00  0.0000E+00
      5.967  0.8040E-02  0.6900E-01  0.6900E-01  0.6900E-01  0.0000E+00  0.0000E+00  0.0000E+00  0.0000E+00  0.0000E+00
      6.114  0.7408E-02  0.6892E-01  0.6892E-01  0.6892E-01  0.0000E+00  0.0000E+00  0.0000E+00  0.0000E+00  0.0000E+00
      6.262  0.6684E-02  0.6840E-01  0.6840E-01  0.6840E-01  0.0000E+00  0.0000E+00  0.0000E+00  0.0000E+00  0.0000E+00
      6.410  0.6136E-02  0.6827E-01  0.6827E-01  0.6827E-01  0.0000E+00  0.0000E+00  0.0000E+00  0.0000E+00  0.0000E+00
      6.557  0.5631E-02  0.6879E-01  0.6879E-01  0.6879E-01  0.0000E+00  0.0000E+00  0.0000E+00  0.0000E+00  0.0000E+00
      6.705  0.5083E-02  0.5793E-01  0.5793E-01  0.5793E-01  0.0000E+00  0.0000E+00  0.0000E+00  0.0000E+00  0.0000E+00
      6.853  0.4546E-02  0.4994E-01  0.4994E-01  0.4994E-01  0.0000E+00  0.0000E+00  0.0000E+00  0.0000E+00  0.0000E+00
      7.000  0.4136E-02  0.4462E-01  0.4462E-01  0.4462E-01  0.0000E+00  0.0000E+00  0.0000E+00  0.0000E+00  0.0000E+00
      7.148  0.3762E-02  0.4077E-01  0.4077E-01  0.4077E-01  0.0000E+00  0.0000E+00  0.0000E+00  0.0000E+00  0.0000E+00
      7.296  0.3362E-02  0.3730E-01  0.3730E-01  0.3730E-01  0.0000E+00  0.0000E+00  0.0000E+00  0.0000E+00  0.0000E+00
      7.443  0.2969E-02  0.3413E-01  0.3413E-01  0.3413E-01  0.0000E+00  0.0000E+00  0.0000E+00  0.0000E+00  0.0000E+00
      7.591  0.2677E-02  0.3158E-01  0.3158E-01  0.3158E-01  0.0000E+00  0.0000E+00  0.0000E+00  0.0000E+00  0.0000E+00
      7.739  0.2365E-02  0.2904E-01  0.2904E-01  0.2904E-01  0.0000E+00  0.0000E+00  0.0000E+00  0.0000E+00  0.0000E+00
      7.887  0.2050E-02  0.2665E-01  0.2665E-01  0.2665E-01  0.0000E+00  0.0000E+00  0.0000E+00  0.0000E+00  0.0000E+00
      8.034  0.1783E-02  0.2451E-01  0.2451E-01  0.2451E-01  0.0000E+00  0.0000E+00  0.0000E+00  0.0000E+00  0.0000E+00
      8.182  0.1527E-02  0.2241E-01  0.2241E-01  0.2241E-01  0.0000E+00  0.0000E+00  0.0000E+00  0.0000E+00  0.0000E+00
      8.330  0.1292E-02  0.2035E-01  0.2035E-01  0.2035E-01  0.0000E+00  0.0000E+00  0.0000E+00  0.0000E+00  0.0000E+00
      8.477  0.1053E-02  0.1844E-01  0.1844E-01  0.1844E-01  0.0000E+00  0.0000E+00  0.0000E+00  0.0000E+00  0.0000E+00
      8.625  0.8455E-03  0.1656E-01  0.1656E-01  0.1656E-01  0.0000E+00  0.0000E+00  0.0000E+00  0.0000E+00  0.0000E+00
      8.773  0.6694E-03  0.1463E-01  0.1463E-01  0.1463E-01  0.0000E+00  0.0000E+00  0.0000E+00  0.0000E+00  0.0000E+00
      8.920  0.4856E-03  0.1275E-01  0.1275E-01  0.1275E-01  0.0000E+00  0.0000E+00  0.0000E+00  0.0000E+00  0.0000E+00
      9.068  0.3327E-03  0.1082E-01  0.1082E-01  0.1082E-01  0.0000E+00  0.0000E+00  0.0000E+00  0.0000E+00  0.0000E+00
      9.216  0.1998E-03  0.8893E-02  0.8893E-02  0.8893E-02  0.0000E+00  0.0000E+00  0.0000E+00  0.0000E+00  0.0000E+00
      9.363  0.1045E-03  0.7465E-02  0.7465E-02  0.7465E-02  0.0000E+00  0.0000E+00  0.0000E+00  0.0000E+00  0.0000E+00
      9.511  0.2534E-04  0.3464E-02  0.3464E-02  0.3464E-02  0.0000E+00  0.0000E+00  0.0000E+00  0.0000E+00  0.0000E+00
      9.659  0.0000E+00  0.0000E+00  0.0000E+00  0.0000E+00  0.0000E+00  0.0000E+00  0.0000E+00  0.0000E+00  0.0000E+00
      9.806  0.0000E+00  0.0000E+00  0.0000E+00  0.0000E+00  0.0000E+00  0.0000E+00  0.0000E+00  0.0000E+00  0.0000E+00
      9.954  0.0000E+00  0.0000E+00  0.0000E+00  0.0000E+00  0.0000E+00  0.0000E+00  0.0000E+00  0.0000E+00  0.0000E+00
     10.102  0.0000E+00  0.0000E+00  0.0000E+00  0.0000E+00  0.0000E+00  0.0000E+00  0.0000E+00  0.0000E+00  0.0000E+00
     10.249  0.0000E+00  0.0000E+00  0.0000E+00  0.0000E+00  0.0000E+00  0.0000E+00  0.0000E+00  0.0000E+00  0.0000E+00
     10.397  0.0000E+00  0.0000E+00  0.0000E+00  0.0000E+00  0.0000E+00  0.0000E+00  0.0000E+00  0.0000E+00  0.0000E+00
     10.545  0.0000E+00  0.0000E+00  0.0000E+00  0.0000E+00  0.0000E+00  0.0000E+00  0.0000E+00  0.0000E+00  0.0000E+00
     10.692  0.0000E+00  0.0000E+00  0.0000E+00  0.0000E+00  0.0000E+00  0.0000E+00  0.0000E+00  0.0000E+00  0.0000E+00
     10.840  0.0000E+00  0.0000E+00  0.0000E+00  0.0000E+00  0.0000E+00  0.0000E+00  0.0000E+00  0.0000E+00  0.0000E+00
     10.988  0.0000E+00  0.0000E+00  0.0000E+00  0.0000E+00  0.0000E+00  0.0000E+00  0.0000E+00  0.0000E+00  0.0000E+00
     11.135  0.0000E+00  0.0000E+00  0.0000E+00  0.0000E+00  0.0000E+00  0.0000E+00  0.0000E+00  0.0000E+00  0.0000E+00
     11.283  0.0000E+00  0.0000E+00  0.0000E+00  0.0000E+00  0.0000E+00  0.0000E+00  0.0000E+00  0.0000E+00  0.0000E+00
     11.431  0.0000E+00  0.0000E+00  0.0000E+00  0.0000E+00  0.0000E+00  0.0000E+00  0.0000E+00  0.0000E+00  0.0000E+00
     11.579  0.0000E+00  0.0000E+00  0.0000E+00  0.0000E+00  0.0000E+00  0.0000E+00  0.0000E+00  0.0000E+00  0.0000E+00
     11.726  0.0000E+00  0.0000E+00  0.0000E+00  0.0000E+00  0.0000E+00  0.0000E+00  0.0000E+00  0.0000E+00  0.0000E+00
     11.874  0.0000E+00  0.0000E+00  0.0000E+00  0.0000E+00  0.0000E+00  0.0000E+00  0.0000E+00  0.0000E+00  0.0000E+00
     12.022  0.0000E+00  0.0000E+00  0.0000E+00  0.0000E+00  0.0000E+00  0.0000E+00  0.0000E+00  0.0000E+00  0.0000E+00
     12.169  0.0000E+00  0.0000E+00  0.0000E+00  0.0000E+00  0.0000E+00  0.0000E+00  0.0000E+00  0.0000E+00  0.0000E+00
     12.317  0.0000E+00  0.0000E+00  0.0000E+00  0.0000E+00  0.0000E+00  0.0000E+00  0.0000E+00  0.0000E+00  0.0000E+00
     12.465  0.0000E+00  0.0000E+00  0.0000E+00  0.0000E+00  0.0000E+00  0.0000E+00  0.0000E+00  0.0000E+00  0.0000E+00
     12.612  0.0000E+00  0.0000E+00  0.0000E+00  0.0000E+00  0.0000E+00  0.0000E+00  0.0000E+00  0.0000E+00  0.0000E+00
     12.760  0.0000E+00  0.0000E+00  0.0000E+00  0.0000E+00  0.0000E+00  0.0000E+00  0.0000E+00  0.0000E+00  0.0000E+00
     12.908  0.0000E+00  0.0000E+00  0.0000E+00  0.0000E+00  0.0000E+00  0.0000E+00  0.0000E+00  0.0000E+00  0.0000E+00
     13.055  0.0000E+00  0.0000E+00  0.0000E+00  0.0000E+00  0.0000E+00  0.0000E+00  0.0000E+00  0.0000E+00  0.0000E+00
     13.203  0.0000E+00  0.0000E+00  0.0000E+00  0.0000E+00  0.0000E+00  0.0000E+00  0.0000E+00  0.0000E+00  0.0000E+00
     13.351  0.0000E+00  0.0000E+00  0.0000E+00  0.0000E+00  0.0000E+00  0.0000E+00  0.0000E+00  0.0000E+00  0.0000E+00
     13.498  0.0000E+00  0.0000E+00  0.0000E+00  0.0000E+00  0.0000E+00  0.0000E+00  0.0000E+00  0.0000E+00  0.0000E+00
     13.646  0.0000E+00  0.0000E+00  0.0000E+00  0.0000E+00  0.0000E+00  0.0000E+00  0.0000E+00  0.0000E+00  0.0000E+00
     13.794  0.0000E+00  0.0000E+00  0.0000E+00  0.0000E+00  0.0000E+00  0.0000E+00  0.0000E+00  0.0000E+00  0.0000E+00
     13.941  0.3903E-02  0.1303E-02  0.1303E-02  0.1303E-02  0.0000E+00  0.0000E+00  0.0000E+00  0.0000E+00  0.0000E+00
     14.089  0.8774E-02  0.3170E-02  0.3170E-02  0.3170E-02  0.0000E+00  0.0000E+00  0.0000E+00  0.0000E+00  0.0000E+00
     14.237  0.1026E-01  0.4027E-02  0.4027E-02  0.4027E-02  0.0000E+00  0.0000E+00  0.0000E+00  0.0000E+00  0.0000E+00
     14.384  0.1284E-01  0.5372E-02  0.5372E-02  0.5372E-02  0.0000E+00  0.0000E+00  0.0000E+00  0.0000E+00  0.0000E+00
     14.532  0.1589E-01  0.6886E-02  0.6886E-02  0.6886E-02  0.0000E+00  0.0000E+00  0.0000E+00  0.0000E+00  0.0000E+00
     14.680  0.1948E-01  0.8645E-02  0.8645E-02  0.8645E-02  0.0000E+00  0.0000E+00  0.0000E+00  0.0000E+00  0.0000E+00
     14.827  0.2202E-01  0.1039E-01  0.1039E-01  0.1039E-01  0.0000E+00  0.0000E+00  0.0000E+00  0.0000E+00  0.0000E+00
     14.975  0.2383E-01  0.1222E-01  0.1222E-01  0.1222E-01  0.0000E+00  0.0000E+00  0.0000E+00  0.0000E+00  0.0000E+00
     15.123  0.2532E-01  0.1427E-01  0.1427E-01  0.1427E-01  0.0000E+00  0.0000E+00  0.0000E+00  0.0000E+00  0.0000E+00
     15.270  0.2675E-01  0.1679E-01  0.1679E-01  0.1679E-01  0.0000E+00  0.0000E+00  0.0000E+00  0.0000E+00  0.0000E+00
     15.418  0.2799E-01  0.2213E-01  0.2213E-01  0.2213E-01  0.0000E+00  0.0000E+00  0.0000E+00  0.0000E+00  0.0000E+00
     15.566  0.2877E-01  0.2239E-01  0.2239E-01  0.2239E-01  0.0000E+00  0.0000E+00  0.0000E+00  0.0000E+00  0.0000E+00
     15.714  0.2951E-01  0.2370E-01  0.2370E-01  0.2370E-01  0.0000E+00  0.0000E+00  0.0000E+00  0.0000E+00  0.0000E+00
     15.861  0.3026E-01  0.2504E-01  0.2504E-01  0.2504E-01  0.0000E+00  0.0000E+00  0.0000E+00  0.0000E+00  0.0000E+00
     16.009  0.3107E-01  0.2642E-01  0.2642E-01  0.2642E-01  0.0000E+00  0.0000E+00  0.0000E+00  0.0000E+00  0.0000E+00
     16.157  0.3168E-01  0.2794E-01  0.2794E-01  0.2794E-01  0.0000E+00  0.0000E+00  0.0000E+00  0.0000E+00  0.0000E+00
     16.304  0.3221E-01  0.2943E-01  0.2943E-01  0.2943E-01  0.0000E+00  0.0000E+00  0.0000E+00  0.0000E+00  0.0000E+00
     16.452  0.3282E-01  0.3106E-01  0.3106E-01  0.3106E-01  0.0000E+00  0.0000E+00  0.0000E+00  0.0000E+00  0.0000E+00
     16.600  0.3344E-01  0.3279E-01  0.3279E-01  0.3279E-01  0.0000E+00  0.0000E+00  0.0000E+00  0.0000E+00  0.0000E+00
     16.747  0.3408E-01  0.3461E-01  0.3461E-01  0.3461E-01  0.0000E+00  0.0000E+00  0.0000E+00  0.0000E+00  0.0000E+00
     16.895  0.3472E-01  0.3661E-01  0.3661E-01  0.3661E-01  0.0000E+00  0.0000E+00  0.0000E+00  0.0000E+00  0.0000E+00
     17.043  0.3533E-01  0.3867E-01  0.3867E-01  0.3867E-01  0.0000E+00  0.0000E+00  0.0000E+00  0.0000E+00  0.0000E+00
     17.190  0.3600E-01  0.4095E-01  0.4095E-01  0.4095E-01  0.0000E+00  0.0000E+00  0.0000E+00  0.0000E+00  0.0000E+00
     17.338  0.3684E-01  0.4344E-01  0.4344E-01  0.4344E-01  0.0000E+00  0.0000E+00  0.0000E+00  0.0000E+00  0.0000E+00
     17.486  0.3781E-01  0.4626E-01  0.4626E-01  0.4626E-01  0.0000E+00  0.0000E+00  0.0000E+00  0.0000E+00  0.0000E+00
     17.633  0.3898E-01  0.4959E-01  0.4959E-01  0.4959E-01  0.0000E+00  0.0000E+00  0.0000E+00  0.0000E+00  0.0000E+00
     17.781  0.4045E-01  0.5339E-01  0.5339E-01  0.5339E-01  0.0000E+00  0.0000E+00  0.0000E+00  0.0000E+00  0.0000E+00
     17.929  0.4224E-01  0.5859E-01  0.5859E-01  0.5859E-01  0.0000E+00  0.0000E+00  0.0000E+00  0.0000E+00  0.0000E+00
     18.076  0.4546E-01  0.6793E-01  0.6793E-01  0.6793E-01  0.0000E+00  0.0000E+00  0.0000E+00  0.0000E+00  0.0000E+00
     18.224  0.5048E-01  0.8009E-01  0.8009E-01  0.8009E-01  0.0000E+00  0.0000E+00  0.0000E+00  0.0000E+00  0.0000E+00
     18.372  0.5553E-01  0.7936E-01  0.7936E-01  0.7936E-01  0.0000E+00  0.0000E+00  0.0000E+00  0.0000E+00  0.0000E+00
     18.519  0.6583E-01  0.6679E-01  0.6679E-01  0.6679E-01  0.0000E+00  0.0000E+00  0.0000E+00  0.0000E+00  0.0000E+00
     18.667  0.8635E-01  0.7096E-01  0.7096E-01  0.7096E-01  0.0000E+00  0.0000E+00  0.0000E+00  0.0000E+00  0.0000E+00
     18.815  0.7125E-01  0.6032E-01  0.6032E-01  0.6032E-01  0.0000E+00  0.0000E+00  0.0000E+00  0.0000E+00  0.0000E+00
     18.962  0.6601E-01  0.5930E-01  0.5930E-01  0.5930E-01  0.0000E+00  0.0000E+00  0.0000E+00  0.0000E+00  0.0000E+00
     19.110  0.6272E-01  0.5680E-01  0.5680E-01  0.5680E-01  0.0000E+00  0.0000E+00  0.0000E+00  0.0000E+00  0.0000E+00
     19.258  0.5696E-01  0.5454E-01  0.5454E-01  0.5454E-01  0.0000E+00  0.0000E+00  0.0000E+00  0.0000E+00  0.0000E+00
     19.405  0.5685E-01  0.5487E-01  0.5487E-01  0.5487E-01  0.0000E+00  0.0000E+00  0.0000E+00  0.0000E+00  0.0000E+00
     19.553  0.5403E-01  0.5380E-01  0.5380E-01  0.5380E-01  0.0000E+00  0.0000E+00  0.0000E+00  0.0000E+00  0.0000E+00
     19.701  0.5014E-01  0.5306E-01  0.5306E-01  0.5306E-01  0.0000E+00  0.0000E+00  0.0000E+00  0.0000E+00  0.0000E+00
     19.849  0.4962E-01  0.5382E-01  0.5382E-01  0.5382E-01  0.0000E+00  0.0000E+00  0.0000E+00  0.0000E+00  0.0000E+00
     19.996  0.4768E-01  0.5494E-01  0.5494E-01  0.5494E-01  0.0000E+00  0.0000E+00  0.0000E+00  0.0000E+00  0.0000E+00
     20.144  0.4579E-01  0.5427E-01  0.5427E-01  0.5427E-01  0.0000E+00  0.0000E+00  0.0000E+00  0.0000E+00  0.0000E+00
     20.292  0.4290E-01  0.5254E-01  0.5254E-01  0.5254E-01  0.0000E+00  0.0000E+00  0.0000E+00  0.0000E+00  0.0000E+00
     20.439  0.4187E-01  0.5202E-01  0.5202E-01  0.5202E-01  0.0000E+00  0.0000E+00  0.0000E+00  0.0000E+00  0.0000E+00
     20.587  0.4208E-01  0.5126E-01  0.5126E-01  0.5126E-01  0.0000E+00  0.0000E+00  0.0000E+00  0.0000E+00  0.0000E+00
     20.735  0.4240E-01  0.4937E-01  0.4937E-01  0.4937E-01  0.0000E+00  0.0000E+00  0.0000E+00  0.0000E+00  0.0000E+00
     20.882  0.3426E-01  0.4301E-01  0.4301E-01  0.4301E-01  0.0000E+00  0.0000E+00  0.0000E+00  0.0000E+00  0.0000E+00
     21.030  0.3007E-01  0.4058E-01  0.4058E-01  0.4058E-01  0.0000E+00  0.0000E+00  0.0000E+00  0.0000E+00  0.0000E+00
     21.178  0.3213E-01  0.4146E-01  0.4146E-01  0.4146E-01  0.0000E+00  0.0000E+00  0.0000E+00  0.0000E+00  0.0000E+00
     21.325  0.3998E-01  0.4536E-01  0.4536E-01  0.4536E-01  0.0000E+00  0.0000E+00  0.0000E+00  0.0000E+00  0.0000E+00
     21.473  0.4485E-01  0.4505E-01  0.4505E-01  0.4505E-01  0.0000E+00  0.0000E+00  0.0000E+00  0.0000E+00  0.0000E+00
     21.621  0.4451E-01  0.4376E-01  0.4376E-01  0.4376E-01  0.0000E+00  0.0000E+00  0.0000E+00  0.0000E+00  0.0000E+00
     21.768  0.5070E-01  0.4589E-01  0.4589E-01  0.4589E-01  0.0000E+00  0.0000E+00  0.0000E+00  0.0000E+00  0.0000E+00
     21.916  0.5308E-01  0.4836E-01  0.4836E-01  0.4836E-01  0.0000E+00  0.0000E+00  0.0000E+00  0.0000E+00  0.0000E+00
     22.064  0.5468E-01  0.4993E-01  0.4993E-01  0.4993E-01  0.0000E+00  0.0000E+00  0.0000E+00  0.0000E+00  0.0000E+00
     22.211  0.5594E-01  0.5076E-01  0.5076E-01  0.5076E-01  0.0000E+00  0.0000E+00  0.0000E+00  0.0000E+00  0.0000E+00
     22.359  0.5526E-01  0.5105E-01  0.5105E-01  0.5105E-01  0.0000E+00  0.0000E+00  0.0000E+00  0.0000E+00  0.0000E+00
     22.507  0.5531E-01  0.5091E-01  0.5091E-01  0.5091E-01  0.0000E+00  0.0000E+00  0.0000E+00  0.0000E+00  0.0000E+00
     22.654  0.5915E-01  0.5496E-01  0.5496E-01  0.5496E-01  0.0000E+00  0.0000E+00  0.0000E+00  0.0000E+00  0.0000E+00
     22.802  0.5520E-01  0.5338E-01  0.5338E-01  0.5338E-01  0.0000E+00  0.0000E+00  0.0000E+00  0.0000E+00  0.0000E+00
     22.950  0.5724E-01  0.5646E-01  0.5646E-01  0.5646E-01  0.0000E+00  0.0000E+00  0.0000E+00  0.0000E+00  0.0000E+00
     23.097  0.5835E-01  0.5467E-01  0.5467E-01  0.5467E-01  0.0000E+00  0.0000E+00  0.0000E+00  0.0000E+00  0.0000E+00
     23.245  0.7500E-01  0.5906E-01  0.5906E-01  0.5906E-01  0.0000E+00  0.0000E+00  0.0000E+00  0.0000E+00  0.0000E+00
     23.393  0.1099E+00  0.6055E-01  0.6055E-01  0.6055E-01  0.0000E+00  0.0000E+00  0.0000E+00  0.0000E+00  0.0000E+00
     23.541  0.9684E-01  0.6297E-01  0.6297E-01  0.6297E-01  0.0000E+00  0.0000E+00  0.0000E+00  0.0000E+00  0.0000E+00
     23.688  0.9165E-01  0.6608E-01  0.6608E-01  0.6608E-01  0.0000E+00  0.0000E+00  0.0000E+00  0.0000E+00  0.0000E+00
     23.836  0.9285E-01  0.7032E-01  0.7032E-01  0.7032E-01  0.0000E+00  0.0000E+00  0.0000E+00  0.0000E+00  0.0000E+00
     23.984  0.6369E-01  0.6212E-01  0.6212E-01  0.6212E-01  0.0000E+00  0.0000E+00  0.0000E+00  0.0000E+00  0.0000E+00
     24.131  0.5129E-01  0.6006E-01  0.6006E-01  0.6006E-01  0.0000E+00  0.0000E+00  0.0000E+00  0.0000E+00  0.0000E+00
     24.279  0.4562E-01  0.6259E-01  0.6259E-01  0.6259E-01  0.0000E+00  0.0000E+00  0.0000E+00  0.0000E+00  0.0000E+00
     24.427  0.4176E-01  0.6454E-01  0.6454E-01  0.6454E-01  0.0000E+00  0.0000E+00  0.0000E+00  0.0000E+00  0.0000E+00
     24.574  0.4514E-01  0.7660E-01  0.7660E-01  0.7660E-01  0.0000E+00  0.0000E+00  0.0000E+00  0.0000E+00  0.0000E+00
     24.722  0.4753E-01  0.8717E-01  0.8717E-01  0.8717E-01  0.0000E+00  0.0000E+00  0.0000E+00  0.0000E+00  0.0000E+00
     24.870  0.4306E-01  0.8394E-01  0.8394E-01  0.8394E-01  0.0000E+00  0.0000E+00  0.0000E+00  0.0000E+00  0.0000E+00
     25.017  0.3489E-01  0.7455E-01  0.7455E-01  0.7455E-01  0.0000E+00  0.0000E+00  0.0000E+00  0.0000E+00  0.0000E+00
     25.165  0.2945E-01  0.6953E-01  0.6953E-01  0.6953E-01  0.0000E+00  0.0000E+00  0.0000E+00  0.0000E+00  0.0000E+00
     25.313  0.2520E-01  0.6676E-01  0.6676E-01  0.6676E-01  0.0000E+00  0.0000E+00  0.0000E+00  0.0000E+00  0.0000E+00
     25.460  0.2110E-01  0.6346E-01  0.6346E-01  0.6346E-01  0.0000E+00  0.0000E+00  0.0000E+00  0.0000E+00  0.0000E+00
     25.608  0.1772E-01  0.6028E-01  0.6028E-01  0.6028E-01  0.0000E+00  0.0000E+00  0.0000E+00  0.0000E+00  0.0000E+00
     25.756  0.1454E-01  0.5782E-01  0.5782E-01  0.5782E-01  0.0000E+00  0.0000E+00  0.0000E+00  0.0000E+00  0.0000E+00
     25.903  0.1144E-01  0.5562E-01  0.5562E-01  0.5562E-01  0.0000E+00  0.0000E+00  0.0000E+00  0.0000E+00  0.0000E+00
     26.051  0.8558E-02  0.5369E-01  0.5369E-01  0.5369E-01  0.0000E+00  0.0000E+00  0.0000E+00  0.0000E+00  0.0000E+00
     26.199  0.5563E-02  0.4155E-01  0.4155E-01  0.4155E-01  0.0000E+00  0.0000E+00  0.0000E+00  0.0000E+00  0.0000E+00
     26.346  0.3777E-02  0.2606E-01  0.2606E-01  0.2606E-01  0.0000E+00  0.0000E+00  0.0000E+00  0.0000E+00  0.0000E+00
     26.494  0.2875E-02  0.2350E-01  0.2350E-01  0.2350E-01  0.0000E+00  0.0000E+00  0.0000E+00  0.0000E+00  0.0000E+00
     26.642  0.2119E-02  0.2082E-01  0.2082E-01  0.2082E-01  0.0000E+00  0.0000E+00  0.0000E+00  0.0000E+00  0.0000E+00
     26.789  0.1417E-02  0.1840E-01  0.1840E-01  0.1840E-01  0.0000E+00  0.0000E+00  0.0000E+00  0.0000E+00  0.0000E+00
     26.937  0.8450E-03  0.1480E-01  0.1480E-01  0.1480E-01  0.0000E+00  0.0000E+00  0.0000E+00  0.0000E+00  0.0000E+00
     27.085  0.3778E-03  0.1124E-01  0.1124E-01  0.1124E-01  0.0000E+00  0.0000E+00  0.0000E+00  0.0000E+00  0.0000E+00
     27.232  0.1138E-03  0.7280E-02  0.7280E-02  0.7280E-02  0.0000E+00  0.0000E+00  0.0000E+00  0.0000E+00  0.0000E+00
     27.380  0.1489E-05  0.3164E-03  0.3164E-03  0.3164E-03  0.0000E+00  0.0000E+00  0.0000E+00  0.0000E+00  0.0000E+00
     27.528  0.0000E+00  0.0000E+00  0.0000E+00  0.0000E+00  0.0000E+00  0.0000E+00  0.0000E+00  0.0000E+00  0.0000E+00
     27.676  0.0000E+00  0.0000E+00  0.0000E+00  0.0000E+00  0.0000E+00  0.0000E+00  0.0000E+00  0.0000E+00  0.0000E+00
     27.823  0.0000E+00  0.0000E+00  0.0000E+00  0.0000E+00  0.0000E+00  0.0000E+00  0.0000E+00  0.0000E+00  0.0000E+00
     27.971  0.0000E+00  0.0000E+00  0.0000E+00  0.0000E+00  0.0000E+00  0.0000E+00  0.0000E+00  0.0000E+00  0.0000E+00
     28.119  0.0000E+00  0.0000E+00  0.0000E+00  0.0000E+00  0.0000E+00  0.0000E+00  0.0000E+00  0.0000E+00  0.0000E+00
     28.266  0.0000E+00  0.0000E+00  0.0000E+00  0.0000E+00  0.0000E+00  0.0000E+00  0.0000E+00  0.0000E+00  0.0000E+00
     28.414  0.0000E+00  0.0000E+00  0.0000E+00  0.0000E+00  0.0000E+00  0.0000E+00  0.0000E+00  0.0000E+00  0.0000E+00
     28.562  0.0000E+00  0.0000E+00  0.0000E+00  0.0000E+00  0.0000E+00  0.0000E+00  0.0000E+00  0.0000E+00  0.0000E+00
     28.709  0.0000E+00  0.0000E+00  0.0000E+00  0.0000E+00  0.0000E+00  0.0000E+00  0.0000E+00  0.0000E+00  0.0000E+00
     28.857  0.0000E+00  0.0000E+00  0.0000E+00  0.0000E+00  0.0000E+00  0.0000E+00  0.0000E+00  0.0000E+00  0.0000E+00
     29.005  0.0000E+00  0.0000E+00  0.0000E+00  0.0000E+00  0.0000E+00  0.0000E+00  0.0000E+00  0.0000E+00  0.0000E+00
     29.152  0.0000E+00  0.0000E+00  0.0000E+00  0.0000E+00  0.0000E+00  0.0000E+00  0.0000E+00  0.0000E+00  0.0000E+00
     29.300  0.0000E+00  0.0000E+00  0.0000E+00  0.0000E+00  0.0000E+00  0.0000E+00  0.0000E+00  0.0000E+00  0.0000E+00
