   2   2   1   0
  0.5604145E+01  0.2511991E-09  0.2511991E-09  0.2511991E-09  0.5000000E-15
  1.000000000000000E-004
  CAR 
 C                                       
     29.97172125    -15.02049330  301      9.88313833      1.00000000
    -15.020  0.0000E+00  0.0000E+00
    -14.871  0.0000E+00  0.0000E+00
    -14.721  0.0000E+00  0.0000E+00
    -14.571  0.0000E+00  0.0000E+00
    -14.421  0.0000E+00  0.0000E+00
    -14.271  0.0000E+00  0.0000E+00
    -14.121  0.0000E+00  0.0000E+00
    -13.971  0.0000E+00  0.0000E+00
    -13.821  0.0000E+00  0.0000E+00
    -13.671  0.0000E+00  0.0000E+00
    -13.521  0.0000E+00  0.0000E+00
    -13.371  0.0000E+00  0.0000E+00
    -13.221  0.0000E+00  0.0000E+00
    -13.071  0.0000E+00  0.0000E+00
    -12.921  0.2544E-01  0.7268E-03
    -12.771  0.5844E-01  0.6094E-02
    -12.621  0.6315E-01  0.1422E-01
    -12.471  0.7351E-01  0.2436E-01
    -12.321  0.8417E-01  0.3620E-01
    -12.171  0.9365E-01  0.4950E-01
    -12.021  0.1019E+00  0.6417E-01
    -11.871  0.1100E+00  0.8010E-01
    -11.721  0.1177E+00  0.9716E-01
    -11.571  0.1246E+00  0.1153E+00
    -11.421  0.1317E+00  0.1346E+00
    -11.271  0.1380E+00  0.1548E+00
    -11.121  0.1446E+00  0.1760E+00
    -10.971  0.1505E+00  0.1981E+00
    -10.821  0.1568E+00  0.2212E+00
    -10.671  0.1623E+00  0.2451E+00
    -10.521  0.1683E+00  0.2699E+00
    -10.371  0.1737E+00  0.2955E+00
    -10.221  0.1793E+00  0.3220E+00
    -10.071  0.1848E+00  0.3493E+00
     -9.921  0.1901E+00  0.3774E+00
     -9.771  0.1957E+00  0.4063E+00
     -9.621  0.2009E+00  0.4361E+00
     -9.471  0.2062E+00  0.4666E+00
     -9.321  0.2117E+00  0.4980E+00
     -9.172  0.2169E+00  0.5301E+00
     -9.022  0.2224E+00  0.5630E+00
     -8.872  0.2279E+00  0.5968E+00
     -8.722  0.2334E+00  0.6314E+00
     -8.572  0.2392E+00  0.6668E+00
     -8.422  0.2451E+00  0.7032E+00
     -8.272  0.2511E+00  0.7404E+00
     -8.122  0.2576E+00  0.7785E+00
     -7.972  0.2643E+00  0.8176E+00
     -7.822  0.2716E+00  0.8578E+00
     -7.672  0.2796E+00  0.8991E+00
     -7.522  0.2887E+00  0.9417E+00
     -7.372  0.2994E+00  0.9858E+00
     -7.222  0.3131E+00  0.1032E+01
     -7.072  0.3342E+00  0.1080E+01
     -6.922  0.3751E+00  0.1134E+01
     -6.772  0.3627E+00  0.1189E+01
     -6.622  0.3578E+00  0.1242E+01
     -6.472  0.3420E+00  0.1294E+01
     -6.322  0.3338E+00  0.1345E+01
     -6.172  0.3217E+00  0.1394E+01
     -6.022  0.3127E+00  0.1442E+01
     -5.872  0.3028E+00  0.1488E+01
     -5.722  0.2922E+00  0.1533E+01
     -5.572  0.2825E+00  0.1576E+01
     -5.422  0.2728E+00  0.1617E+01
     -5.272  0.2618E+00  0.1657E+01
     -5.122  0.2528E+00  0.1696E+01
     -4.972  0.2414E+00  0.1733E+01
     -4.822  0.2312E+00  0.1768E+01
     -4.672  0.2202E+00  0.1802E+01
     -4.522  0.2095E+00  0.1834E+01
     -4.372  0.1979E+00  0.1865E+01
     -4.222  0.2169E+00  0.1895E+01
     -4.072  0.2482E+00  0.1930E+01
     -3.922  0.2697E+00  0.1968E+01
     -3.772  0.2439E+00  0.2007E+01
     -3.622  0.2066E+00  0.2040E+01
     -3.472  0.2132E+00  0.2071E+01
     -3.323  0.2297E+00  0.2104E+01
     -3.173  0.2520E+00  0.2140E+01
     -3.023  0.2942E+00  0.2181E+01
     -2.873  0.3484E+00  0.2229E+01
     -2.723  0.4179E+00  0.2286E+01
     -2.573  0.5043E+00  0.2354E+01
     -2.423  0.6649E+00  0.2445E+01
     -2.273  0.6203E+00  0.2543E+01
     -2.123  0.4766E+00  0.2621E+01
     -1.973  0.4296E+00  0.2689E+01
     -1.823  0.3908E+00  0.2751E+01
     -1.673  0.3690E+00  0.2808E+01
     -1.523  0.3427E+00  0.2861E+01
     -1.373  0.3280E+00  0.2911E+01
     -1.223  0.3081E+00  0.2959E+01
     -1.073  0.2959E+00  0.3004E+01
     -0.923  0.2821E+00  0.3048E+01
     -0.773  0.2686E+00  0.3089E+01
     -0.623  0.2591E+00  0.3128E+01
     -0.473  0.2445E+00  0.3166E+01
     -0.323  0.2375E+00  0.3202E+01
     -0.173  0.2276E+00  0.3237E+01
     -0.023  0.3048E+00  0.3275E+01
      0.127  0.3351E+00  0.3321E+01
      0.277  0.3708E+00  0.3374E+01
      0.427  0.4101E+00  0.3432E+01
      0.577  0.4712E+00  0.3498E+01
      0.727  0.5271E+00  0.3574E+01
      0.877  0.5049E+00  0.3651E+01
      1.027  0.4895E+00  0.3725E+01
      1.177  0.4739E+00  0.3797E+01
      1.327  0.4859E+00  0.3868E+01
      1.477  0.4858E+00  0.3941E+01
      1.627  0.4921E+00  0.4014E+01
      1.777  0.4990E+00  0.4088E+01
      1.927  0.5102E+00  0.4164E+01
      2.077  0.5197E+00  0.4242E+01
      2.227  0.5334E+00  0.4320E+01
      2.376  0.5480E+00  0.4401E+01
      2.526  0.5660E+00  0.4485E+01
      2.676  0.5896E+00  0.4571E+01
      2.826  0.6095E+00  0.4660E+01
      2.976  0.6515E+00  0.4755E+01
      3.126  0.7252E+00  0.4857E+01
      3.276  0.7854E+00  0.4969E+01
      3.426  0.7467E+00  0.5081E+01
      3.576  0.7382E+00  0.5193E+01
      3.726  0.7272E+00  0.5302E+01
      3.876  0.7195E+00  0.5411E+01
      4.026  0.7140E+00  0.5518E+01
      4.176  0.7053E+00  0.5625E+01
      4.326  0.6948E+00  0.5730E+01
      4.476  0.6917E+00  0.5834E+01
      4.626  0.6823E+00  0.5937E+01
      4.776  0.6731E+00  0.6038E+01
      4.926  0.6686E+00  0.6139E+01
      5.076  0.6612E+00  0.6239E+01
      5.226  0.6547E+00  0.6337E+01
      5.376  0.6462E+00  0.6435E+01
      5.526  0.6401E+00  0.6531E+01
      5.676  0.6329E+00  0.6627E+01
      5.826  0.6263E+00  0.6721E+01
      5.976  0.6180E+00  0.6815E+01
      6.126  0.6125E+00  0.6907E+01
      6.276  0.6056E+00  0.6998E+01
      6.426  0.6002E+00  0.7089E+01
      6.576  0.5904E+00  0.7178E+01
      6.726  0.5869E+00  0.7266E+01
      6.876  0.5556E+00  0.7354E+01
      7.026  0.4620E+00  0.7427E+01
      7.176  0.4051E+00  0.7491E+01
      7.326  0.3645E+00  0.7548E+01
      7.476  0.3327E+00  0.7601E+01
      7.626  0.3040E+00  0.7648E+01
      7.776  0.2786E+00  0.7692E+01
      7.926  0.2561E+00  0.7732E+01
      8.076  0.2345E+00  0.7769E+01
      8.225  0.2139E+00  0.7802E+01
      8.375  0.1962E+00  0.7833E+01
      8.525  0.1782E+00  0.7861E+01
      8.675  0.1611E+00  0.7887E+01
      8.825  0.1448E+00  0.7910E+01
      8.975  0.1285E+00  0.7930E+01
      9.125  0.1134E+00  0.7948E+01
      9.275  0.9681E-01  0.7964E+01
      9.425  0.8056E-01  0.7977E+01
      9.575  0.6207E-01  0.7988E+01
      9.725  0.4222E-01  0.7996E+01
      9.875  0.1218E-01  0.8000E+01
     10.025  0.0000E+00  0.8000E+01
     10.175  0.0000E+00  0.8000E+01
     10.325  0.0000E+00  0.8000E+01
     10.475  0.0000E+00  0.8000E+01
     10.625  0.0000E+00  0.8000E+01
     10.775  0.0000E+00  0.8000E+01
     10.925  0.0000E+00  0.8000E+01
     11.075  0.0000E+00  0.8000E+01
     11.225  0.0000E+00  0.8000E+01
     11.375  0.0000E+00  0.8000E+01
     11.525  0.0000E+00  0.8000E+01
     11.675  0.0000E+00  0.8000E+01
     11.825  0.0000E+00  0.8000E+01
     11.975  0.0000E+00  0.8000E+01
     12.125  0.0000E+00  0.8000E+01
     12.275  0.0000E+00  0.8000E+01
     12.425  0.0000E+00  0.8000E+01
     12.575  0.0000E+00  0.8000E+01
     12.725  0.0000E+00  0.8000E+01
     12.875  0.0000E+00  0.8000E+01
     13.025  0.0000E+00  0.8000E+01
     13.175  0.0000E+00  0.8000E+01
     13.325  0.0000E+00  0.8000E+01
     13.475  0.0000E+00  0.8000E+01
     13.625  0.0000E+00  0.8000E+01
     13.775  0.0000E+00  0.8000E+01
     13.924  0.0000E+00  0.8000E+01
     14.074  0.0000E+00  0.8000E+01
     14.224  0.0000E+00  0.8000E+01
     14.374  0.7185E-01  0.8005E+01
     14.524  0.9606E-01  0.8016E+01
     14.674  0.1208E+00  0.8032E+01
     14.824  0.1528E+00  0.8052E+01
     14.974  0.1912E+00  0.8078E+01
     15.124  0.2304E+00  0.8109E+01
     15.274  0.2647E+00  0.8146E+01
     15.424  0.2951E+00  0.8188E+01
     15.574  0.3299E+00  0.8234E+01
     15.724  0.3697E+00  0.8286E+01
     15.874  0.4125E+00  0.8345E+01
     16.024  0.4245E+00  0.8407E+01
     16.174  0.4405E+00  0.8472E+01
     16.324  0.4609E+00  0.8540E+01
     16.474  0.4799E+00  0.8610E+01
     16.624  0.4983E+00  0.8683E+01
     16.774  0.5179E+00  0.8760E+01
     16.924  0.5386E+00  0.8839E+01
     17.074  0.5603E+00  0.8921E+01
     17.224  0.5836E+00  0.9007E+01
     17.374  0.6067E+00  0.9096E+01
     17.524  0.6321E+00  0.9189E+01
     17.674  0.6591E+00  0.9286E+01
     17.824  0.6918E+00  0.9387E+01
     17.974  0.7262E+00  0.9493E+01
     18.124  0.7709E+00  0.9606E+01
     18.274  0.8258E+00  0.9725E+01
     18.424  0.9196E+00  0.9855E+01
     18.574  0.1077E+01  0.1001E+02
     18.724  0.1070E+01  0.1017E+02
     18.874  0.8706E+00  0.1031E+02
     19.024  0.1116E+01  0.1044E+02
     19.174  0.9786E+00  0.1059E+02
     19.324  0.8750E+00  0.1072E+02
     19.474  0.8378E+00  0.1085E+02
     19.624  0.8369E+00  0.1098E+02
     19.773  0.7800E+00  0.1110E+02
     19.923  0.7876E+00  0.1122E+02
     20.073  0.7661E+00  0.1134E+02
     20.223  0.7672E+00  0.1145E+02
     20.373  0.7787E+00  0.1157E+02
     20.523  0.7599E+00  0.1168E+02
     20.673  0.7415E+00  0.1179E+02
     20.823  0.7041E+00  0.1190E+02
     20.973  0.6807E+00  0.1201E+02
     21.123  0.6789E+00  0.1211E+02
     21.273  0.6150E+00  0.1220E+02
     21.423  0.5384E+00  0.1229E+02
     21.573  0.4989E+00  0.1237E+02
     21.723  0.5272E+00  0.1244E+02
     21.873  0.5536E+00  0.1252E+02
     22.023  0.5834E+00  0.1261E+02
     22.173  0.5610E+00  0.1269E+02
     22.323  0.5764E+00  0.1278E+02
     22.473  0.6256E+00  0.1287E+02
     22.623  0.6195E+00  0.1296E+02
     22.773  0.6483E+00  0.1306E+02
     22.923  0.6396E+00  0.1315E+02
     23.073  0.6507E+00  0.1325E+02
     23.223  0.6812E+00  0.1335E+02
     23.373  0.6620E+00  0.1345E+02
     23.523  0.6741E+00  0.1355E+02
     23.673  0.6784E+00  0.1365E+02
     23.823  0.7182E+00  0.1376E+02
     23.973  0.7166E+00  0.1386E+02
     24.123  0.8380E+00  0.1398E+02
     24.273  0.8919E+00  0.1410E+02
     24.423  0.9202E+00  0.1424E+02
     24.573  0.8285E+00  0.1437E+02
     24.723  0.7073E+00  0.1448E+02
     24.873  0.7017E+00  0.1458E+02
     25.023  0.7081E+00  0.1469E+02
     25.173  0.8081E+00  0.1480E+02
     25.323  0.8716E+00  0.1493E+02
     25.472  0.8292E+00  0.1506E+02
     25.622  0.7341E+00  0.1518E+02
     25.772  0.6726E+00  0.1528E+02
     25.922  0.6377E+00  0.1538E+02
     26.072  0.5973E+00  0.1547E+02
     26.222  0.5675E+00  0.1556E+02
     26.372  0.5364E+00  0.1564E+02
     26.522  0.5324E+00  0.1572E+02
     26.672  0.7341E+00  0.1580E+02
     26.822  0.2518E+00  0.1585E+02
     26.972  0.2026E+00  0.1588E+02
     27.122  0.1801E+00  0.1591E+02
     27.272  0.1574E+00  0.1593E+02
     27.422  0.1366E+00  0.1596E+02
     27.572  0.1086E+00  0.1597E+02
     27.722  0.8111E-01  0.1599E+02
     27.872  0.5092E-01  0.1600E+02
     28.022  0.2248E-02  0.1600E+02
     28.172  0.0000E+00  0.1600E+02
     28.322  0.0000E+00  0.1600E+02
     28.472  0.0000E+00  0.1600E+02
     28.622  0.0000E+00  0.1600E+02
     28.772  0.0000E+00  0.1600E+02
     28.922  0.0000E+00  0.1600E+02
     29.072  0.0000E+00  0.1600E+02
     29.222  0.0000E+00  0.1600E+02
     29.372  0.0000E+00  0.1600E+02
     29.522  0.0000E+00  0.1600E+02
     29.672  0.0000E+00  0.1600E+02
     29.822  0.0000E+00  0.1600E+02
     29.972  0.0000E+00  0.1600E+02
     29.97172125    -15.02049330  301      9.88313833      1.00000000
    -15.020  0.0000E+00  0.0000E+00  0.0000E+00  0.0000E+00  0.0000E+00  0.0000E+00  0.0000E+00  0.0000E+00  0.0000E+00
    -14.871  0.0000E+00  0.0000E+00  0.0000E+00  0.0000E+00  0.0000E+00  0.0000E+00  0.0000E+00  0.0000E+00  0.0000E+00
    -14.721  0.0000E+00  0.0000E+00  0.0000E+00  0.0000E+00  0.0000E+00  0.0000E+00  0.0000E+00  0.0000E+00  0.0000E+00
    -14.571  0.0000E+00  0.0000E+00  0.0000E+00  0.0000E+00  0.0000E+00  0.0000E+00  0.0000E+00  0.0000E+00  0.0000E+00
    -14.421  0.0000E+00  0.0000E+00  0.0000E+00  0.0000E+00  0.0000E+00  0.0000E+00  0.0000E+00  0.0000E+00  0.0000E+00
    -14.271  0.0000E+00  0.0000E+00  0.0000E+00  0.0000E+00  0.0000E+00  0.0000E+00  0.0000E+00  0.0000E+00  0.0000E+00
    -14.121  0.0000E+00  0.0000E+00  0.0000E+00  0.0000E+00  0.0000E+00  0.0000E+00  0.0000E+00  0.0000E+00  0.0000E+00
    -13.971  0.0000E+00  0.0000E+00  0.0000E+00  0.0000E+00  0.0000E+00  0.0000E+00  0.0000E+00  0.0000E+00  0.0000E+00
    -13.821  0.0000E+00  0.0000E+00  0.0000E+00  0.0000E+00  0.0000E+00  0.0000E+00  0.0000E+00  0.0000E+00  0.0000E+00
    -13.671  0.0000E+00  0.0000E+00  0.0000E+00  0.0000E+00  0.0000E+00  0.0000E+00  0.0000E+00  0.0000E+00  0.0000E+00
    -13.521  0.0000E+00  0.0000E+00  0.0000E+00  0.0000E+00  0.0000E+00  0.0000E+00  0.0000E+00  0.0000E+00  0.0000E+00
    -13.371  0.0000E+00  0.0000E+00  0.0000E+00  0.0000E+00  0.0000E+00  0.0000E+00  0.0000E+00  0.0000E+00  0.0000E+00
    -13.221  0.0000E+00  0.0000E+00  0.0000E+00  0.0000E+00  0.0000E+00  0.0000E+00  0.0000E+00  0.0000E+00  0.0000E+00
    -13.071  0.0000E+00  0.0000E+00  0.0000E+00  0.0000E+00  0.0000E+00  0.0000E+00  0.0000E+00  0.0000E+00  0.0000E+00
    -12.921  0.7202E-02  0.5570E-05  0.5570E-05  0.5570E-05  0.0000E+00  0.0000E+00  0.0000E+00  0.0000E+00  0.0000E+00
    -12.771  0.1648E-01  0.4629E-04  0.4629E-04  0.4629E-04  0.0000E+00  0.0000E+00  0.0000E+00  0.0000E+00  0.0000E+00
    -12.621  0.1771E-01  0.9499E-04  0.9499E-04  0.9499E-04  0.0000E+00  0.0000E+00  0.0000E+00  0.0000E+00  0.0000E+00
    -12.471  0.2052E-01  0.1576E-03  0.1576E-03  0.1576E-03  0.0000E+00  0.0000E+00  0.0000E+00  0.0000E+00  0.0000E+00
    -12.321  0.2339E-01  0.2321E-03  0.2321E-03  0.2321E-03  0.0000E+00  0.0000E+00  0.0000E+00  0.0000E+00  0.0000E+00
    -12.171  0.2590E-01  0.3156E-03  0.3156E-03  0.3156E-03  0.0000E+00  0.0000E+00  0.0000E+00  0.0000E+00  0.0000E+00
    -12.021  0.2806E-01  0.4090E-03  0.4090E-03  0.4090E-03  0.0000E+00  0.0000E+00  0.0000E+00  0.0000E+00  0.0000E+00
    -11.871  0.3014E-01  0.5085E-03  0.5085E-03  0.5085E-03  0.0000E+00  0.0000E+00  0.0000E+00  0.0000E+00  0.0000E+00
    -11.721  0.3213E-01  0.6136E-03  0.6136E-03  0.6136E-03  0.0000E+00  0.0000E+00  0.0000E+00  0.0000E+00  0.0000E+00
    -11.571  0.3385E-01  0.7280E-03  0.7280E-03  0.7280E-03  0.0000E+00  0.0000E+00  0.0000E+00  0.0000E+00  0.0000E+00
    -11.421  0.3564E-01  0.8449E-03  0.8449E-03  0.8449E-03  0.0000E+00  0.0000E+00  0.0000E+00  0.0000E+00  0.0000E+00
    -11.271  0.3717E-01  0.9714E-03  0.9714E-03  0.9714E-03  0.0000E+00  0.0000E+00  0.0000E+00  0.0000E+00  0.0000E+00
    -11.121  0.3878E-01  0.1100E-02  0.1100E-02  0.1100E-02  0.0000E+00  0.0000E+00  0.0000E+00  0.0000E+00  0.0000E+00
    -10.971  0.4019E-01  0.1237E-02  0.1237E-02  0.1237E-02  0.0000E+00  0.0000E+00  0.0000E+00  0.0000E+00  0.0000E+00
    -10.821  0.4169E-01  0.1375E-02  0.1375E-02  0.1375E-02  0.0000E+00  0.0000E+00  0.0000E+00  0.0000E+00  0.0000E+00
    -10.671  0.4299E-01  0.1522E-02  0.1522E-02  0.1522E-02  0.0000E+00  0.0000E+00  0.0000E+00  0.0000E+00  0.0000E+00
    -10.521  0.4440E-01  0.1670E-02  0.1670E-02  0.1670E-02  0.0000E+00  0.0000E+00  0.0000E+00  0.0000E+00  0.0000E+00
    -10.371  0.4565E-01  0.1826E-02  0.1826E-02  0.1826E-02  0.0000E+00  0.0000E+00  0.0000E+00  0.0000E+00  0.0000E+00
    -10.221  0.4694E-01  0.1984E-02  0.1984E-02  0.1984E-02  0.0000E+00  0.0000E+00  0.0000E+00  0.0000E+00  0.0000E+00
    -10.071  0.4820E-01  0.2147E-02  0.2147E-02  0.2147E-02  0.0000E+00  0.0000E+00  0.0000E+00  0.0000E+00  0.0000E+00
     -9.921  0.4940E-01  0.2315E-02  0.2315E-02  0.2315E-02  0.0000E+00  0.0000E+00  0.0000E+00  0.0000E+00  0.0000E+00
     -9.771  0.5068E-01  0.2483E-02  0.2483E-02  0.2483E-02  0.0000E+00  0.0000E+00  0.0000E+00  0.0000E+00  0.0000E+00
     -9.621  0.5184E-01  0.2661E-02  0.2661E-02  0.2661E-02  0.0000E+00  0.0000E+00  0.0000E+00  0.0000E+00  0.0000E+00
     -9.471  0.5306E-01  0.2840E-02  0.2840E-02  0.2840E-02  0.0000E+00  0.0000E+00  0.0000E+00  0.0000E+00  0.0000E+00
     -9.321  0.5429E-01  0.3021E-02  0.3021E-02  0.3021E-02  0.0000E+00  0.0000E+00  0.0000E+00  0.0000E+00  0.0000E+00
     -9.172  0.5548E-01  0.3210E-02  0.3210E-02  0.3210E-02  0.0000E+00  0.0000E+00  0.0000E+00  0.0000E+00  0.0000E+00
     -9.022  0.5673E-01  0.3399E-02  0.3399E-02  0.3399E-02  0.0000E+00  0.0000E+00  0.0000E+00  0.0000E+00  0.0000E+00
     -8.872  0.5799E-01  0.3593E-02  0.3593E-02  0.3593E-02  0.0000E+00  0.0000E+00  0.0000E+00  0.0000E+00  0.0000E+00
     -8.722  0.5926E-01  0.3794E-02  0.3794E-02  0.3794E-02  0.0000E+00  0.0000E+00  0.0000E+00  0.0000E+00  0.0000E+00
     -8.572  0.6061E-01  0.3993E-02  0.3993E-02  0.3993E-02  0.0000E+00  0.0000E+00  0.0000E+00  0.0000E+00  0.0000E+00
     -8.422  0.6199E-01  0.4200E-02  0.4200E-02  0.4200E-02  0.0000E+00  0.0000E+00  0.0000E+00  0.0000E+00  0.0000E+00
     -8.272  0.6344E-01  0.4413E-02  0.4413E-02  0.4413E-02  0.0000E+00  0.0000E+00  0.0000E+00  0.0000E+00  0.0000E+00
     -8.122  0.6501E-01  0.4626E-02  0.4626E-02  0.4626E-02  0.0000E+00  0.0000E+00  0.0000E+00  0.0000E+00  0.0000E+00
     -7.972  0.6669E-01  0.4847E-02  0.4847E-02  0.4847E-02  0.0000E+00  0.0000E+00  0.0000E+00  0.0000E+00  0.0000E+00
     -7.822  0.6853E-01  0.5078E-02  0.5078E-02  0.5078E-02  0.0000E+00  0.0000E+00  0.0000E+00  0.0000E+00  0.0000E+00
     -7.672  0.7062E-01  0.5311E-02  0.5311E-02  0.5311E-02  0.0000E+00  0.0000E+00  0.0000E+00  0.0000E+00  0.0000E+00
     -7.522  0.7304E-01  0.5557E-02  0.5557E-02  0.5557E-02  0.0000E+00  0.0000E+00  0.0000E+00  0.0000E+00  0.0000E+00
     -7.372  0.7598E-01  0.5825E-02  0.5825E-02  0.5825E-02  0.0000E+00  0.0000E+00  0.0000E+00  0.0000E+00  0.0000E+00
     -7.222  0.7986E-01  0.6120E-02  0.6120E-02  0.6120E-02  0.0000E+00  0.0000E+00  0.0000E+00  0.0000E+00  0.0000E+00
     -7.072  0.8596E-01  0.6490E-02  0.6490E-02  0.6490E-02  0.0000E+00  0.0000E+00  0.0000E+00  0.0000E+00  0.0000E+00
     -6.922  0.9799E-01  0.7087E-02  0.7087E-02  0.7087E-02  0.0000E+00  0.0000E+00  0.0000E+00  0.0000E+00  0.0000E+00
     -6.772  0.9433E-01  0.7092E-02  0.7092E-02  0.7092E-02  0.0000E+00  0.0000E+00  0.0000E+00  0.0000E+00  0.0000E+00
     -6.622  0.9290E-01  0.7172E-02  0.7172E-02  0.7172E-02  0.0000E+00  0.0000E+00  0.0000E+00  0.0000E+00  0.0000E+00
     -6.472  0.8829E-01  0.7111E-02  0.7111E-02  0.7111E-02  0.0000E+00  0.0000E+00  0.0000E+00  0.0000E+00  0.0000E+00
     -6.322  0.8591E-01  0.7135E-02  0.7135E-02  0.7135E-02  0.0000E+00  0.0000E+00  0.0000E+00  0.0000E+00  0.0000E+00
     -6.172  0.8243E-01  0.7079E-02  0.7079E-02  0.7079E-02  0.0000E+00  0.0000E+00  0.0000E+00  0.0000E+00  0.0000E+00
     -6.022  0.7986E-01  0.7078E-02  0.7078E-02  0.7078E-02  0.0000E+00  0.0000E+00  0.0000E+00  0.0000E+00  0.0000E+00
     -5.872  0.7707E-01  0.7034E-02  0.7034E-02  0.7034E-02  0.0000E+00  0.0000E+00  0.0000E+00  0.0000E+00  0.0000E+00
     -5.722  0.7407E-01  0.6966E-02  0.6966E-02  0.6966E-02  0.0000E+00  0.0000E+00  0.0000E+00  0.0000E+00  0.0000E+00
     -5.572  0.7137E-01  0.6915E-02  0.6915E-02  0.6915E-02  0.0000E+00  0.0000E+00  0.0000E+00  0.0000E+00  0.0000E+00
     -5.422  0.6868E-01  0.6839E-02  0.6839E-02  0.6839E-02  0.0000E+00  0.0000E+00  0.0000E+00  0.0000E+00  0.0000E+00
     -5.272  0.6566E-01  0.6730E-02  0.6730E-02  0.6730E-02  0.0000E+00  0.0000E+00  0.0000E+00  0.0000E+00  0.0000E+00
     -5.122  0.6320E-01  0.6650E-02  0.6650E-02  0.6650E-02  0.0000E+00  0.0000E+00  0.0000E+00  0.0000E+00  0.0000E+00
     -4.972  0.6009E-01  0.6507E-02  0.6507E-02  0.6507E-02  0.0000E+00  0.0000E+00  0.0000E+00  0.0000E+00  0.0000E+00
     -4.822  0.5734E-01  0.6374E-02  0.6374E-02  0.6374E-02  0.0000E+00  0.0000E+00  0.0000E+00  0.0000E+00  0.0000E+00
     -4.672  0.5439E-01  0.6218E-02  0.6218E-02  0.6218E-02  0.0000E+00  0.0000E+00  0.0000E+00  0.0000E+00  0.0000E+00
     -4.522  0.5153E-01  0.6044E-02  0.6044E-02  0.6044E-02  0.0000E+00  0.0000E+00  0.0000E+00  0.0000E+00  0.0000E+00
     -4.372  0.4846E-01  0.5848E-02  0.5848E-02  0.5848E-02  0.0000E+00  0.0000E+00  0.0000E+00  0.0000E+00  0.0000E+00
     -4.222  0.4811E-01  0.7523E-02  0.7523E-02  0.7523E-02  0.0000E+00  0.0000E+00  0.0000E+00  0.0000E+00  0.0000E+00
     -4.072  0.4932E-01  0.9883E-02  0.9883E-02  0.9883E-02  0.0000E+00  0.0000E+00  0.0000E+00  0.0000E+00  0.0000E+00
     -3.922  0.5063E-01  0.1144E-01  0.1144E-01  0.1144E-01  0.0000E+00  0.0000E+00  0.0000E+00  0.0000E+00  0.0000E+00
     -3.772  0.4231E-01  0.1115E-01  0.1115E-01  0.1115E-01  0.0000E+00  0.0000E+00  0.0000E+00  0.0000E+00  0.0000E+00
     -3.622  0.3058E-01  0.1060E-01  0.1060E-01  0.1060E-01  0.0000E+00  0.0000E+00  0.0000E+00  0.0000E+00  0.0000E+00
     -3.472  0.2932E-01  0.1146E-01  0.1146E-01  0.1146E-01  0.0000E+00  0.0000E+00  0.0000E+00  0.0000E+00  0.0000E+00
     -3.323  0.3065E-01  0.1261E-01  0.1261E-01  0.1261E-01  0.0000E+00  0.0000E+00  0.0000E+00  0.0000E+00  0.0000E+00
     -3.173  0.3315E-01  0.1402E-01  0.1402E-01  0.1402E-01  0.0000E+00  0.0000E+00  0.0000E+00  0.0000E+00  0.0000E+00
     -3.023  0.4027E-01  0.1618E-01  0.1618E-01  0.1618E-01  0.0000E+00  0.0000E+00  0.0000E+00  0.0000E+00  0.0000E+00
     -2.873  0.5009E-01  0.1883E-01  0.1883E-01  0.1883E-01  0.0000E+00  0.0000E+00  0.0000E+00  0.0000E+00  0.0000E+00
     -2.723  0.6298E-01  0.2220E-01  0.2220E-01  0.2220E-01  0.0000E+00  0.0000E+00  0.0000E+00  0.0000E+00  0.0000E+00
     -2.573  0.7836E-01  0.2656E-01  0.2656E-01  0.2656E-01  0.0000E+00  0.0000E+00  0.0000E+00  0.0000E+00  0.0000E+00
     -2.423  0.1071E+00  0.3458E-01  0.3458E-01  0.3458E-01  0.0000E+00  0.0000E+00  0.0000E+00  0.0000E+00  0.0000E+00
     -2.273  0.1014E+00  0.3225E-01  0.3225E-01  0.3225E-01  0.0000E+00  0.0000E+00  0.0000E+00  0.0000E+00  0.0000E+00
     -2.123  0.7638E-01  0.2527E-01  0.2527E-01  0.2527E-01  0.0000E+00  0.0000E+00  0.0000E+00  0.0000E+00  0.0000E+00
     -1.973  0.6839E-01  0.2304E-01  0.2304E-01  0.2304E-01  0.0000E+00  0.0000E+00  0.0000E+00  0.0000E+00  0.0000E+00
     -1.823  0.6157E-01  0.2125E-01  0.2125E-01  0.2125E-01  0.0000E+00  0.0000E+00  0.0000E+00  0.0000E+00  0.0000E+00
     -1.673  0.5780E-01  0.2029E-01  0.2029E-01  0.2029E-01  0.0000E+00  0.0000E+00  0.0000E+00  0.0000E+00  0.0000E+00
     -1.523  0.5306E-01  0.1911E-01  0.1911E-01  0.1911E-01  0.0000E+00  0.0000E+00  0.0000E+00  0.0000E+00  0.0000E+00
     -1.373  0.5042E-01  0.1850E-01  0.1850E-01  0.1850E-01  0.0000E+00  0.0000E+00  0.0000E+00  0.0000E+00  0.0000E+00
     -1.223  0.4679E-01  0.1762E-01  0.1762E-01  0.1762E-01  0.0000E+00  0.0000E+00  0.0000E+00  0.0000E+00  0.0000E+00
     -1.073  0.4454E-01  0.1713E-01  0.1713E-01  0.1713E-01  0.0000E+00  0.0000E+00  0.0000E+00  0.0000E+00  0.0000E+00
     -0.923  0.4198E-01  0.1654E-01  0.1654E-01  0.1654E-01  0.0000E+00  0.0000E+00  0.0000E+00  0.0000E+00  0.0000E+00
     -0.773  0.3949E-01  0.1596E-01  0.1596E-01  0.1596E-01  0.0000E+00  0.0000E+00  0.0000E+00  0.0000E+00  0.0000E+00
     -0.623  0.3767E-01  0.1558E-01  0.1558E-01  0.1558E-01  0.0000E+00  0.0000E+00  0.0000E+00  0.0000E+00  0.0000E+00
     -0.473  0.3502E-01  0.1492E-01  0.1492E-01  0.1492E-01  0.0000E+00  0.0000E+00  0.0000E+00  0.0000E+00  0.0000E+00
     -0.323  0.3365E-01  0.1466E-01  0.1466E-01  0.1466E-01  0.0000E+00  0.0000E+00  0.0000E+00  0.0000E+00  0.0000E+00
     -0.173  0.3182E-01  0.1423E-01  0.1423E-01  0.1423E-01  0.0000E+00  0.0000E+00  0.0000E+00  0.0000E+00  0.0000E+00
     -0.023  0.3101E-01  0.2135E-01  0.2135E-01  0.2135E-01  0.0000E+00  0.0000E+00  0.0000E+00  0.0000E+00  0.0000E+00
      0.127  0.3061E-01  0.2428E-01  0.2428E-01  0.2428E-01  0.0000E+00  0.0000E+00  0.0000E+00  0.0000E+00  0.0000E+00
      0.277  0.2989E-01  0.2780E-01  0.2780E-01  0.2780E-01  0.0000E+00  0.0000E+00  0.0000E+00  0.0000E+00  0.0000E+00
      0.427  0.3003E-01  0.3153E-01  0.3153E-01  0.3153E-01  0.0000E+00  0.0000E+00  0.0000E+00  0.0000E+00  0.0000E+00
      0.577  0.3081E-01  0.3716E-01  0.3716E-01  0.3716E-01  0.0000E+00  0.0000E+00  0.0000E+00  0.0000E+00  0.0000E+00
      0.727  0.3126E-01  0.4247E-01  0.4247E-01  0.4247E-01  0.0000E+00  0.0000E+00  0.0000E+00  0.0000E+00  0.0000E+00
      0.877  0.3114E-01  0.4072E-01  0.4072E-01  0.4072E-01  0.0000E+00  0.0000E+00  0.0000E+00  0.0000E+00  0.0000E+00
      1.027  0.3109E-01  0.3957E-01  0.3957E-01  0.3957E-01  0.0000E+00  0.0000E+00  0.0000E+00  0.0000E+00  0.0000E+00
      1.177  0.3026E-01  0.3855E-01  0.3855E-01  0.3855E-01  0.0000E+00  0.0000E+00  0.0000E+00  0.0000E+00  0.0000E+00
      1.327  0.3013E-01  0.3997E-01  0.3997E-01  0.3997E-01  0.0000E+00  0.0000E+00  0.0000E+00  0.0000E+00  0.0000E+00
      1.477  0.2984E-01  0.4029E-01  0.4029E-01  0.4029E-01  0.0000E+00  0.0000E+00  0.0000E+00  0.0000E+00  0.0000E+00
      1.627  0.2899E-01  0.4135E-01  0.4135E-01  0.4135E-01  0.0000E+00  0.0000E+00  0.0000E+00  0.0000E+00  0.0000E+00
      1.777  0.2859E-01  0.4237E-01  0.4237E-01  0.4237E-01  0.0000E+00  0.0000E+00  0.0000E+00  0.0000E+00  0.0000E+00
      1.927  0.2821E-01  0.4383E-01  0.4383E-01  0.4383E-01  0.0000E+00  0.0000E+00  0.0000E+00  0.0000E+00  0.0000E+00
      2.077  0.2749E-01  0.4524E-01  0.4524E-01  0.4524E-01  0.0000E+00  0.0000E+00  0.0000E+00  0.0000E+00  0.0000E+00
      2.227  0.2680E-01  0.4704E-01  0.4704E-01  0.4704E-01  0.0000E+00  0.0000E+00  0.0000E+00  0.0000E+00  0.0000E+00
      2.376  0.2635E-01  0.4896E-01  0.4896E-01  0.4896E-01  0.0000E+00  0.0000E+00  0.0000E+00  0.0000E+00  0.0000E+00
      2.526  0.2569E-01  0.5127E-01  0.5127E-01  0.5127E-01  0.0000E+00  0.0000E+00  0.0000E+00  0.0000E+00  0.0000E+00
      2.676  0.2478E-01  0.5428E-01  0.5428E-01  0.5428E-01  0.0000E+00  0.0000E+00  0.0000E+00  0.0000E+00  0.0000E+00
      2.826  0.2425E-01  0.5684E-01  0.5684E-01  0.5684E-01  0.0000E+00  0.0000E+00  0.0000E+00  0.0000E+00  0.0000E+00
      2.976  0.2361E-01  0.6185E-01  0.6185E-01  0.6185E-01  0.0000E+00  0.0000E+00  0.0000E+00  0.0000E+00  0.0000E+00
      3.126  0.2269E-01  0.7048E-01  0.7048E-01  0.7048E-01  0.0000E+00  0.0000E+00  0.0000E+00  0.0000E+00  0.0000E+00
      3.276  0.2187E-01  0.7766E-01  0.7766E-01  0.7766E-01  0.0000E+00  0.0000E+00  0.0000E+00  0.0000E+00  0.0000E+00
      3.426  0.2119E-01  0.7392E-01  0.7392E-01  0.7392E-01  0.0000E+00  0.0000E+00  0.0000E+00  0.0000E+00  0.0000E+00
      3.576  0.2038E-01  0.7353E-01  0.7353E-01  0.7353E-01  0.0000E+00  0.0000E+00  0.0000E+00  0.0000E+00  0.0000E+00
      3.726  0.1935E-01  0.7295E-01  0.7295E-01  0.7295E-01  0.0000E+00  0.0000E+00  0.0000E+00  0.0000E+00  0.0000E+00
      3.876  0.1873E-01  0.7260E-01  0.7260E-01  0.7260E-01  0.0000E+00  0.0000E+00  0.0000E+00  0.0000E+00  0.0000E+00
      4.026  0.1805E-01  0.7248E-01  0.7248E-01  0.7248E-01  0.0000E+00  0.0000E+00  0.0000E+00  0.0000E+00  0.0000E+00
      4.176  0.1719E-01  0.7211E-01  0.7211E-01  0.7211E-01  0.0000E+00  0.0000E+00  0.0000E+00  0.0000E+00  0.0000E+00
      4.326  0.1635E-01  0.7150E-01  0.7150E-01  0.7150E-01  0.0000E+00  0.0000E+00  0.0000E+00  0.0000E+00  0.0000E+00
      4.476  0.1576E-01  0.7165E-01  0.7165E-01  0.7165E-01  0.0000E+00  0.0000E+00  0.0000E+00  0.0000E+00  0.0000E+00
      4.626  0.1499E-01  0.7114E-01  0.7114E-01  0.7114E-01  0.0000E+00  0.0000E+00  0.0000E+00  0.0000E+00  0.0000E+00
      4.776  0.1414E-01  0.7069E-01  0.7069E-01  0.7069E-01  0.0000E+00  0.0000E+00  0.0000E+00  0.0000E+00  0.0000E+00
      4.926  0.1352E-01  0.7069E-01  0.7069E-01  0.7069E-01  0.0000E+00  0.0000E+00  0.0000E+00  0.0000E+00  0.0000E+00
      5.076  0.1289E-01  0.7036E-01  0.7036E-01  0.7036E-01  0.0000E+00  0.0000E+00  0.0000E+00  0.0000E+00  0.0000E+00
      5.226  0.1219E-01  0.7018E-01  0.7018E-01  0.7018E-01  0.0000E+00  0.0000E+00  0.0000E+00  0.0000E+00  0.0000E+00
      5.376  0.1140E-01  0.6976E-01  0.6976E-01  0.6976E-01  0.0000E+00  0.0000E+00  0.0000E+00  0.0000E+00  0.0000E+00
      5.526  0.1075E-01  0.6960E-01  0.6960E-01  0.6960E-01  0.0000E+00  0.0000E+00  0.0000E+00  0.0000E+00  0.0000E+00
      5.676  0.1011E-01  0.6930E-01  0.6930E-01  0.6930E-01  0.0000E+00  0.0000E+00  0.0000E+00  0.0000E+00  0.0000E+00
      5.826  0.9480E-02  0.6906E-01  0.6906E-01  0.6906E-01  0.0000E+00  0.0000E+00  0.0000E+00  0.0000E+00  0.0000E+00
      5.976  0.8791E-02  0.6865E-01  0.6865E-01  0.6865E-01  0.0000E+00  0.0000E+00  0.0000E+00  0.0000E+00  0.0000E+00
      6.126  0.8245E-02  0.6851E-01  0.6851E-01  0.6851E-01  0.0000E+00  0.0000E+00  0.0000E+00  0.0000E+00  0.0000E+00
      6.276  0.7712E-02  0.6821E-01  0.6821E-01  0.6821E-01  0.0000E+00  0.0000E+00  0.0000E+00  0.0000E+00  0.0000E+00
      6.426  0.7061E-02  0.6812E-01  0.6812E-01  0.6812E-01  0.0000E+00  0.0000E+00  0.0000E+00  0.0000E+00  0.0000E+00
      6.576  0.6390E-02  0.6752E-01  0.6752E-01  0.6752E-01  0.0000E+00  0.0000E+00  0.0000E+00  0.0000E+00  0.0000E+00
      6.726  0.5885E-02  0.6762E-01  0.6762E-01  0.6762E-01  0.0000E+00  0.0000E+00  0.0000E+00  0.0000E+00  0.0000E+00
      6.876  0.5351E-02  0.6434E-01  0.6434E-01  0.6434E-01  0.0000E+00  0.0000E+00  0.0000E+00  0.0000E+00  0.0000E+00
      7.026  0.4823E-02  0.5345E-01  0.5345E-01  0.5345E-01  0.0000E+00  0.0000E+00  0.0000E+00  0.0000E+00  0.0000E+00
      7.176  0.4319E-02  0.4694E-01  0.4694E-01  0.4694E-01  0.0000E+00  0.0000E+00  0.0000E+00  0.0000E+00  0.0000E+00
      7.326  0.3934E-02  0.4234E-01  0.4234E-01  0.4234E-01  0.0000E+00  0.0000E+00  0.0000E+00  0.0000E+00  0.0000E+00
      7.476  0.3560E-02  0.3876E-01  0.3876E-01  0.3876E-01  0.0000E+00  0.0000E+00  0.0000E+00  0.0000E+00  0.0000E+00
      7.626  0.3173E-02  0.3556E-01  0.3556E-01  0.3556E-01  0.0000E+00  0.0000E+00  0.0000E+00  0.0000E+00  0.0000E+00
      7.776  0.2817E-02  0.3271E-01  0.3271E-01  0.3271E-01  0.0000E+00  0.0000E+00  0.0000E+00  0.0000E+00  0.0000E+00
      7.926  0.2519E-02  0.3018E-01  0.3018E-01  0.3018E-01  0.0000E+00  0.0000E+00  0.0000E+00  0.0000E+00  0.0000E+00
      8.076  0.2226E-02  0.2775E-01  0.2775E-01  0.2775E-01  0.0000E+00  0.0000E+00  0.0000E+00  0.0000E+00  0.0000E+00
      8.225  0.1906E-02  0.2543E-01  0.2543E-01  0.2543E-01  0.0000E+00  0.0000E+00  0.0000E+00  0.0000E+00  0.0000E+00
      8.375  0.1663E-02  0.2342E-01  0.2342E-01  0.2342E-01  0.0000E+00  0.0000E+00  0.0000E+00  0.0000E+00  0.0000E+00
      8.525  0.1427E-02  0.2137E-01  0.2137E-01  0.2137E-01  0.0000E+00  0.0000E+00  0.0000E+00  0.0000E+00  0.0000E+00
      8.675  0.1170E-02  0.1941E-01  0.1941E-01  0.1941E-01  0.0000E+00  0.0000E+00  0.0000E+00  0.0000E+00  0.0000E+00
      8.825  0.9675E-03  0.1753E-01  0.1753E-01  0.1753E-01  0.0000E+00  0.0000E+00  0.0000E+00  0.0000E+00  0.0000E+00
      8.975  0.7709E-03  0.1562E-01  0.1562E-01  0.1562E-01  0.0000E+00  0.0000E+00  0.0000E+00  0.0000E+00  0.0000E+00
      9.125  0.5804E-03  0.1387E-01  0.1387E-01  0.1387E-01  0.0000E+00  0.0000E+00  0.0000E+00  0.0000E+00  0.0000E+00
      9.275  0.4247E-03  0.1189E-01  0.1189E-01  0.1189E-01  0.0000E+00  0.0000E+00  0.0000E+00  0.0000E+00  0.0000E+00
      9.425  0.2841E-03  0.9941E-02  0.9941E-02  0.9941E-02  0.0000E+00  0.0000E+00  0.0000E+00  0.0000E+00  0.0000E+00
      9.575  0.1545E-03  0.7703E-02  0.7703E-02  0.7703E-02  0.0000E+00  0.0000E+00  0.0000E+00  0.0000E+00  0.0000E+00
      9.725  0.6399E-04  0.5265E-02  0.5265E-02  0.5265E-02  0.0000E+00  0.0000E+00  0.0000E+00  0.0000E+00  0.0000E+00
      9.875  0.1050E-04  0.1525E-02  0.1525E-02  0.1525E-02  0.0000E+00  0.0000E+00  0.0000E+00  0.0000E+00  0.0000E+00
     10.025  0.0000E+00  0.0000E+00  0.0000E+00  0.0000E+00  0.0000E+00  0.0000E+00  0.0000E+00  0.0000E+00  0.0000E+00
     10.175  0.0000E+00  0.0000E+00  0.0000E+00  0.0000E+00  0.0000E+00  0.0000E+00  0.0000E+00  0.0000E+00  0.0000E+00
     10.325  0.0000E+00  0.0000E+00  0.0000E+00  0.0000E+00  0.0000E+00  0.0000E+00  0.0000E+00  0.0000E+00  0.0000E+00
     10.475  0.0000E+00  0.0000E+00  0.0000E+00  0.0000E+00  0.0000E+00  0.0000E+00  0.0000E+00  0.0000E+00  0.0000E+00
     10.625  0.0000E+00  0.0000E+00  0.0000E+00  0.0000E+00  0.0000E+00  0.0000E+00  0.0000E+00  0.0000E+00  0.0000E+00
     10.775  0.0000E+00  0.0000E+00  0.0000E+00  0.0000E+00  0.0000E+00  0.0000E+00  0.0000E+00  0.0000E+00  0.0000E+00
     10.925  0.0000E+00  0.0000E+00  0.0000E+00  0.0000E+00  0.0000E+00  0.0000E+00  0.0000E+00  0.0000E+00  0.0000E+00
     11.075  0.0000E+00  0.0000E+00  0.0000E+00  0.0000E+00  0.0000E+00  0.0000E+00  0.0000E+00  0.0000E+00  0.0000E+00
     11.225  0.0000E+00  0.0000E+00  0.0000E+00  0.0000E+00  0.0000E+00  0.0000E+00  0.0000E+00  0.0000E+00  0.0000E+00
     11.375  0.0000E+00  0.0000E+00  0.0000E+00  0.0000E+00  0.0000E+00  0.0000E+00  0.0000E+00  0.0000E+00  0.0000E+00
     11.525  0.0000E+00  0.0000E+00  0.0000E+00  0.0000E+00  0.0000E+00  0.0000E+00  0.0000E+00  0.0000E+00  0.0000E+00
     11.675  0.0000E+00  0.0000E+00  0.0000E+00  0.0000E+00  0.0000E+00  0.0000E+00  0.0000E+00  0.0000E+00  0.0000E+00
     11.825  0.0000E+00  0.0000E+00  0.0000E+00  0.0000E+00  0.0000E+00  0.0000E+00  0.0000E+00  0.0000E+00  0.0000E+00
     11.975  0.0000E+00  0.0000E+00  0.0000E+00  0.0000E+00  0.0000E+00  0.0000E+00  0.0000E+00  0.0000E+00  0.0000E+00
     12.125  0.0000E+00  0.0000E+00  0.0000E+00  0.0000E+00  0.0000E+00  0.0000E+00  0.0000E+00  0.0000E+00  0.0000E+00
     12.275  0.0000E+00  0.0000E+00  0.0000E+00  0.0000E+00  0.0000E+00  0.0000E+00  0.0000E+00  0.0000E+00  0.0000E+00
     12.425  0.0000E+00  0.0000E+00  0.0000E+00  0.0000E+00  0.0000E+00  0.0000E+00  0.0000E+00  0.0000E+00  0.0000E+00
     12.575  0.0000E+00  0.0000E+00  0.0000E+00  0.0000E+00  0.0000E+00  0.0000E+00  0.0000E+00  0.0000E+00  0.0000E+00
     12.725  0.0000E+00  0.0000E+00  0.0000E+00  0.0000E+00  0.0000E+00  0.0000E+00  0.0000E+00  0.0000E+00  0.0000E+00
     12.875  0.0000E+00  0.0000E+00  0.0000E+00  0.0000E+00  0.0000E+00  0.0000E+00  0.0000E+00  0.0000E+00  0.0000E+00
     13.025  0.0000E+00  0.0000E+00  0.0000E+00  0.0000E+00  0.0000E+00  0.0000E+00  0.0000E+00  0.0000E+00  0.0000E+00
     13.175  0.0000E+00  0.0000E+00  0.0000E+00  0.0000E+00  0.0000E+00  0.0000E+00  0.0000E+00  0.0000E+00  0.0000E+00
     13.325  0.0000E+00  0.0000E+00  0.0000E+00  0.0000E+00  0.0000E+00  0.0000E+00  0.0000E+00  0.0000E+00  0.0000E+00
     13.475  0.0000E+00  0.0000E+00  0.0000E+00  0.0000E+00  0.0000E+00  0.0000E+00  0.0000E+00  0.0000E+00  0.0000E+00
     13.625  0.0000E+00  0.0000E+00  0.0000E+00  0.0000E+00  0.0000E+00  0.0000E+00  0.0000E+00  0.0000E+00  0.0000E+00
     13.775  0.0000E+00  0.0000E+00  0.0000E+00  0.0000E+00  0.0000E+00  0.0000E+00  0.0000E+00  0.0000E+00  0.0000E+00
     13.924  0.0000E+00  0.0000E+00  0.0000E+00  0.0000E+00  0.0000E+00  0.0000E+00  0.0000E+00  0.0000E+00  0.0000E+00
     14.074  0.0000E+00  0.0000E+00  0.0000E+00  0.0000E+00  0.0000E+00  0.0000E+00  0.0000E+00  0.0000E+00  0.0000E+00
     14.224  0.0000E+00  0.0000E+00  0.0000E+00  0.0000E+00  0.0000E+00  0.0000E+00  0.0000E+00  0.0000E+00  0.0000E+00
     14.374  0.7470E-02  0.2515E-02  0.2515E-02  0.2515E-02  0.0000E+00  0.0000E+00  0.0000E+00  0.0000E+00  0.0000E+00
     14.524  0.9573E-02  0.3605E-02  0.3605E-02  0.3605E-02  0.0000E+00  0.0000E+00  0.0000E+00  0.0000E+00  0.0000E+00
     14.674  0.1179E-01  0.4636E-02  0.4636E-02  0.4636E-02  0.0000E+00  0.0000E+00  0.0000E+00  0.0000E+00  0.0000E+00
     14.824  0.1453E-01  0.6021E-02  0.6021E-02  0.6021E-02  0.0000E+00  0.0000E+00  0.0000E+00  0.0000E+00  0.0000E+00
     14.974  0.1783E-01  0.7623E-02  0.7623E-02  0.7623E-02  0.0000E+00  0.0000E+00  0.0000E+00  0.0000E+00  0.0000E+00
     15.124  0.2091E-01  0.9408E-02  0.9408E-02  0.9408E-02  0.0000E+00  0.0000E+00  0.0000E+00  0.0000E+00  0.0000E+00
     15.274  0.2330E-01  0.1116E-01  0.1116E-01  0.1116E-01  0.0000E+00  0.0000E+00  0.0000E+00  0.0000E+00  0.0000E+00
     15.424  0.2481E-01  0.1311E-01  0.1311E-01  0.1311E-01  0.0000E+00  0.0000E+00  0.0000E+00  0.0000E+00  0.0000E+00
     15.574  0.2614E-01  0.1562E-01  0.1562E-01  0.1562E-01  0.0000E+00  0.0000E+00  0.0000E+00  0.0000E+00  0.0000E+00
     15.724  0.2739E-01  0.1862E-01  0.1862E-01  0.1862E-01  0.0000E+00  0.0000E+00  0.0000E+00  0.0000E+00  0.0000E+00
     15.874  0.2826E-01  0.2219E-01  0.2219E-01  0.2219E-01  0.0000E+00  0.0000E+00  0.0000E+00  0.0000E+00  0.0000E+00
     16.024  0.2898E-01  0.2283E-01  0.2283E-01  0.2283E-01  0.0000E+00  0.0000E+00  0.0000E+00  0.0000E+00  0.0000E+00
     16.174  0.2966E-01  0.2389E-01  0.2389E-01  0.2389E-01  0.0000E+00  0.0000E+00  0.0000E+00  0.0000E+00  0.0000E+00
     16.324  0.3043E-01  0.2533E-01  0.2533E-01  0.2533E-01  0.0000E+00  0.0000E+00  0.0000E+00  0.0000E+00  0.0000E+00
     16.474  0.3105E-01  0.2674E-01  0.2674E-01  0.2674E-01  0.0000E+00  0.0000E+00  0.0000E+00  0.0000E+00  0.0000E+00
     16.624  0.3152E-01  0.2820E-01  0.2820E-01  0.2820E-01  0.0000E+00  0.0000E+00  0.0000E+00  0.0000E+00  0.0000E+00
     16.774  0.3202E-01  0.2976E-01  0.2976E-01  0.2976E-01  0.0000E+00  0.0000E+00  0.0000E+00  0.0000E+00  0.0000E+00
     16.924  0.3255E-01  0.3140E-01  0.3140E-01  0.3140E-01  0.0000E+00  0.0000E+00  0.0000E+00  0.0000E+00  0.0000E+00
     17.074  0.3308E-01  0.3316E-01  0.3316E-01  0.3316E-01  0.0000E+00  0.0000E+00  0.0000E+00  0.0000E+00  0.0000E+00
     17.224  0.3361E-01  0.3507E-01  0.3507E-01  0.3507E-01  0.0000E+00  0.0000E+00  0.0000E+00  0.0000E+00  0.0000E+00
     17.374  0.3404E-01  0.3704E-01  0.3704E-01  0.3704E-01  0.0000E+00  0.0000E+00  0.0000E+00  0.0000E+00  0.0000E+00
     17.524  0.3454E-01  0.3923E-01  0.3923E-01  0.3923E-01  0.0000E+00  0.0000E+00  0.0000E+00  0.0000E+00  0.0000E+00
     17.674  0.3505E-01  0.4153E-01  0.4153E-01  0.4153E-01  0.0000E+00  0.0000E+00  0.0000E+00  0.0000E+00  0.0000E+00
     17.824  0.3575E-01  0.4429E-01  0.4429E-01  0.4429E-01  0.0000E+00  0.0000E+00  0.0000E+00  0.0000E+00  0.0000E+00
     17.974  0.3643E-01  0.4721E-01  0.4721E-01  0.4721E-01  0.0000E+00  0.0000E+00  0.0000E+00  0.0000E+00  0.0000E+00
     18.124  0.3736E-01  0.5096E-01  0.5096E-01  0.5096E-01  0.0000E+00  0.0000E+00  0.0000E+00  0.0000E+00  0.0000E+00
     18.274  0.3833E-01  0.5550E-01  0.5550E-01  0.5550E-01  0.0000E+00  0.0000E+00  0.0000E+00  0.0000E+00  0.0000E+00
     18.424  0.4010E-01  0.6293E-01  0.6293E-01  0.6293E-01  0.0000E+00  0.0000E+00  0.0000E+00  0.0000E+00  0.0000E+00
     18.574  0.4300E-01  0.7516E-01  0.7516E-01  0.7516E-01  0.0000E+00  0.0000E+00  0.0000E+00  0.0000E+00  0.0000E+00
     18.724  0.4405E-01  0.7610E-01  0.7610E-01  0.7610E-01  0.0000E+00  0.0000E+00  0.0000E+00  0.0000E+00  0.0000E+00
     18.874  0.4205E-01  0.6191E-01  0.6191E-01  0.6191E-01  0.0000E+00  0.0000E+00  0.0000E+00  0.0000E+00  0.0000E+00
     19.024  0.6911E-01  0.7881E-01  0.7881E-01  0.7881E-01  0.0000E+00  0.0000E+00  0.0000E+00  0.0000E+00  0.0000E+00
     19.174  0.7333E-01  0.6501E-01  0.6501E-01  0.6501E-01  0.0000E+00  0.0000E+00  0.0000E+00  0.0000E+00  0.0000E+00
     19.324  0.7045E-01  0.5665E-01  0.5665E-01  0.5665E-01  0.0000E+00  0.0000E+00  0.0000E+00  0.0000E+00  0.0000E+00
     19.474  0.6392E-01  0.5558E-01  0.5558E-01  0.5558E-01  0.0000E+00  0.0000E+00  0.0000E+00  0.0000E+00  0.0000E+00
     19.624  0.6339E-01  0.5569E-01  0.5569E-01  0.5569E-01  0.0000E+00  0.0000E+00  0.0000E+00  0.0000E+00  0.0000E+00
     19.773  0.5611E-01  0.5285E-01  0.5285E-01  0.5285E-01  0.0000E+00  0.0000E+00  0.0000E+00  0.0000E+00  0.0000E+00
     19.923  0.5601E-01  0.5353E-01  0.5353E-01  0.5353E-01  0.0000E+00  0.0000E+00  0.0000E+00  0.0000E+00  0.0000E+00
     20.073  0.5331E-01  0.5246E-01  0.5246E-01  0.5246E-01  0.0000E+00  0.0000E+00  0.0000E+00  0.0000E+00  0.0000E+00
     20.223  0.5017E-01  0.5317E-01  0.5317E-01  0.5317E-01  0.0000E+00  0.0000E+00  0.0000E+00  0.0000E+00  0.0000E+00
     20.373  0.4804E-01  0.5418E-01  0.5418E-01  0.5418E-01  0.0000E+00  0.0000E+00  0.0000E+00  0.0000E+00  0.0000E+00
     20.523  0.4629E-01  0.5333E-01  0.5333E-01  0.5333E-01  0.0000E+00  0.0000E+00  0.0000E+00  0.0000E+00  0.0000E+00
     20.673  0.4479E-01  0.5262E-01  0.5262E-01  0.5262E-01  0.0000E+00  0.0000E+00  0.0000E+00  0.0000E+00  0.0000E+00
     20.823  0.4093E-01  0.5092E-01  0.5092E-01  0.5092E-01  0.0000E+00  0.0000E+00  0.0000E+00  0.0000E+00  0.0000E+00
     20.973  0.3992E-01  0.4966E-01  0.4966E-01  0.4966E-01  0.0000E+00  0.0000E+00  0.0000E+00  0.0000E+00  0.0000E+00
     21.123  0.4050E-01  0.4976E-01  0.4976E-01  0.4976E-01  0.0000E+00  0.0000E+00  0.0000E+00  0.0000E+00  0.0000E+00
     21.273  0.3773E-01  0.4534E-01  0.4534E-01  0.4534E-01  0.0000E+00  0.0000E+00  0.0000E+00  0.0000E+00  0.0000E+00
     21.423  0.3132E-01  0.4106E-01  0.4106E-01  0.4106E-01  0.0000E+00  0.0000E+00  0.0000E+00  0.0000E+00  0.0000E+00
     21.573  0.2867E-01  0.3914E-01  0.3914E-01  0.3914E-01  0.0000E+00  0.0000E+00  0.0000E+00  0.0000E+00  0.0000E+00
     21.723  0.3335E-01  0.4066E-01  0.4066E-01  0.4066E-01  0.0000E+00  0.0000E+00  0.0000E+00  0.0000E+00  0.0000E+00
     21.873  0.3884E-01  0.4214E-01  0.4214E-01  0.4214E-01  0.0000E+00  0.0000E+00  0.0000E+00  0.0000E+00  0.0000E+00
     22.023  0.4606E-01  0.4358E-01  0.4358E-01  0.4358E-01  0.0000E+00  0.0000E+00  0.0000E+00  0.0000E+00  0.0000E+00
     22.173  0.4488E-01  0.4189E-01  0.4189E-01  0.4189E-01  0.0000E+00  0.0000E+00  0.0000E+00  0.0000E+00  0.0000E+00
     22.323  0.4803E-01  0.4288E-01  0.4288E-01  0.4288E-01  0.0000E+00  0.0000E+00  0.0000E+00  0.0000E+00  0.0000E+00
     22.473  0.5404E-01  0.4648E-01  0.4648E-01  0.4648E-01  0.0000E+00  0.0000E+00  0.0000E+00  0.0000E+00  0.0000E+00
     22.623  0.5287E-01  0.4678E-01  0.4678E-01  0.4678E-01  0.0000E+00  0.0000E+00  0.0000E+00  0.0000E+00  0.0000E+00
     22.773  0.5639E-01  0.4909E-01  0.4909E-01  0.4909E-01  0.0000E+00  0.0000E+00  0.0000E+00  0.0000E+00  0.0000E+00
     22.923  0.5540E-01  0.4867E-01  0.4867E-01  0.4867E-01  0.0000E+00  0.0000E+00  0.0000E+00  0.0000E+00  0.0000E+00
     23.073  0.5625E-01  0.4986E-01  0.4986E-01  0.4986E-01  0.0000E+00  0.0000E+00  0.0000E+00  0.0000E+00  0.0000E+00
     23.223  0.5852E-01  0.5274E-01  0.5274E-01  0.5274E-01  0.0000E+00  0.0000E+00  0.0000E+00  0.0000E+00  0.0000E+00
     23.373  0.5489E-01  0.5212E-01  0.5212E-01  0.5212E-01  0.0000E+00  0.0000E+00  0.0000E+00  0.0000E+00  0.0000E+00
     23.523  0.5609E-01  0.5333E-01  0.5333E-01  0.5333E-01  0.0000E+00  0.0000E+00  0.0000E+00  0.0000E+00  0.0000E+00
     23.673  0.5706E-01  0.5371E-01  0.5371E-01  0.5371E-01  0.0000E+00  0.0000E+00  0.0000E+00  0.0000E+00  0.0000E+00
     23.823  0.6026E-01  0.5749E-01  0.5749E-01  0.5749E-01  0.0000E+00  0.0000E+00  0.0000E+00  0.0000E+00  0.0000E+00
     23.973  0.6095E-01  0.5752E-01  0.5752E-01  0.5752E-01  0.0000E+00  0.0000E+00  0.0000E+00  0.0000E+00  0.0000E+00
     24.123  0.9821E-01  0.6072E-01  0.6072E-01  0.6072E-01  0.0000E+00  0.0000E+00  0.0000E+00  0.0000E+00  0.0000E+00
     24.273  0.1110E+00  0.6335E-01  0.6335E-01  0.6335E-01  0.0000E+00  0.0000E+00  0.0000E+00  0.0000E+00  0.0000E+00
     24.423  0.1036E+00  0.6842E-01  0.6842E-01  0.6842E-01  0.0000E+00  0.0000E+00  0.0000E+00  0.0000E+00  0.0000E+00
     24.573  0.8539E-01  0.6393E-01  0.6393E-01  0.6393E-01  0.0000E+00  0.0000E+00  0.0000E+00  0.0000E+00  0.0000E+00
     24.723  0.5695E-01  0.5960E-01  0.5960E-01  0.5960E-01  0.0000E+00  0.0000E+00  0.0000E+00  0.0000E+00  0.0000E+00
     24.873  0.4937E-01  0.6180E-01  0.6180E-01  0.6180E-01  0.0000E+00  0.0000E+00  0.0000E+00  0.0000E+00  0.0000E+00
     25.023  0.4478E-01  0.6444E-01  0.6444E-01  0.6444E-01  0.0000E+00  0.0000E+00  0.0000E+00  0.0000E+00  0.0000E+00
     25.173  0.4662E-01  0.7590E-01  0.7590E-01  0.7590E-01  0.0000E+00  0.0000E+00  0.0000E+00  0.0000E+00  0.0000E+00
     25.323  0.4765E-01  0.8399E-01  0.8399E-01  0.8399E-01  0.0000E+00  0.0000E+00  0.0000E+00  0.0000E+00  0.0000E+00
     25.472  0.4315E-01  0.8157E-01  0.8157E-01  0.8157E-01  0.0000E+00  0.0000E+00  0.0000E+00  0.0000E+00  0.0000E+00
     25.622  0.3552E-01  0.7326E-01  0.7326E-01  0.7326E-01  0.0000E+00  0.0000E+00  0.0000E+00  0.0000E+00  0.0000E+00
     25.772  0.2967E-01  0.6834E-01  0.6834E-01  0.6834E-01  0.0000E+00  0.0000E+00  0.0000E+00  0.0000E+00  0.0000E+00
     25.922  0.2528E-01  0.6597E-01  0.6597E-01  0.6597E-01  0.0000E+00  0.0000E+00  0.0000E+00  0.0000E+00  0.0000E+00
     26.072  0.2102E-01  0.6267E-01  0.6267E-01  0.6267E-01  0.0000E+00  0.0000E+00  0.0000E+00  0.0000E+00  0.0000E+00
     26.222  0.1762E-01  0.6011E-01  0.6011E-01  0.6011E-01  0.0000E+00  0.0000E+00  0.0000E+00  0.0000E+00  0.0000E+00
     26.372  0.1407E-01  0.5719E-01  0.5719E-01  0.5719E-01  0.0000E+00  0.0000E+00  0.0000E+00  0.0000E+00  0.0000E+00
     26.522  0.1089E-01  0.5656E-01  0.5656E-01  0.5656E-01  0.0000E+00  0.0000E+00  0.0000E+00  0.0000E+00  0.0000E+00
     26.672  0.8439E-02  0.7269E-01  0.7269E-01  0.7269E-01  0.0000E+00  0.0000E+00  0.0000E+00  0.0000E+00  0.0000E+00
     26.822  0.4969E-02  0.3009E-01  0.3009E-01  0.3009E-01  0.0000E+00  0.0000E+00  0.0000E+00  0.0000E+00  0.0000E+00
     26.972  0.3842E-02  0.2554E-01  0.2554E-01  0.2554E-01  0.0000E+00  0.0000E+00  0.0000E+00  0.0000E+00  0.0000E+00
     27.122  0.2941E-02  0.2303E-01  0.2303E-01  0.2303E-01  0.0000E+00  0.0000E+00  0.0000E+00  0.0000E+00  0.0000E+00
     27.272  0.2163E-02  0.2042E-01  0.2042E-01  0.2042E-01  0.0000E+00  0.0000E+00  0.0000E+00  0.0000E+00  0.0000E+00
     27.422  0.1448E-02  0.1802E-01  0.1802E-01  0.1802E-01  0.0000E+00  0.0000E+00  0.0000E+00  0.0000E+00  0.0000E+00
     27.572  0.8615E-03  0.1453E-01  0.1453E-01  0.1453E-01  0.0000E+00  0.0000E+00  0.0000E+00  0.0000E+00  0.0000E+00
     27.722  0.3863E-03  0.1103E-01  0.1103E-01  0.1103E-01  0.0000E+00  0.0000E+00  0.0000E+00  0.0000E+00  0.0000E+00
     27.872  0.1141E-03  0.7018E-02  0.7018E-02  0.7018E-02  0.0000E+00  0.0000E+00  0.0000E+00  0.0000E+00  0.0000E+00
     28.022  0.1496E-05  0.3120E-03  0.3120E-03  0.3120E-03  0.0000E+00  0.0000E+00  0.0000E+00  0.0000E+00  0.0000E+00
     28.172  0.0000E+00  0.0000E+00  0.0000E+00  0.0000E+00  0.0000E+00  0.0000E+00  0.0000E+00  0.0000E+00  0.0000E+00
     28.322  0.0000E+00  0.0000E+00  0.0000E+00  0.0000E+00  0.0000E+00  0.0000E+00  0.0000E+00  0.0000E+00  0.0000E+00
     28.472  0.0000E+00  0.0000E+00  0.0000E+00  0.0000E+00  0.0000E+00  0.0000E+00  0.0000E+00  0.0000E+00  0.0000E+00
     28.622  0.0000E+00  0.0000E+00  0.0000E+00  0.0000E+00  0.0000E+00  0.0000E+00  0.0000E+00  0.0000E+00  0.0000E+00
     28.772  0.0000E+00  0.0000E+00  0.0000E+00  0.0000E+00  0.0000E+00  0.0000E+00  0.0000E+00  0.0000E+00  0.0000E+00
     28.922  0.0000E+00  0.0000E+00  0.0000E+00  0.0000E+00  0.0000E+00  0.0000E+00  0.0000E+00  0.0000E+00  0.0000E+00
     29.072  0.0000E+00  0.0000E+00  0.0000E+00  0.0000E+00  0.0000E+00  0.0000E+00  0.0000E+00  0.0000E+00  0.0000E+00
     29.222  0.0000E+00  0.0000E+00  0.0000E+00  0.0000E+00  0.0000E+00  0.0000E+00  0.0000E+00  0.0000E+00  0.0000E+00
     29.372  0.0000E+00  0.0000E+00  0.0000E+00  0.0000E+00  0.0000E+00  0.0000E+00  0.0000E+00  0.0000E+00  0.0000E+00
     29.522  0.0000E+00  0.0000E+00  0.0000E+00  0.0000E+00  0.0000E+00  0.0000E+00  0.0000E+00  0.0000E+00  0.0000E+00
     29.672  0.0000E+00  0.0000E+00  0.0000E+00  0.0000E+00  0.0000E+00  0.0000E+00  0.0000E+00  0.0000E+00  0.0000E+00
     29.822  0.0000E+00  0.0000E+00  0.0000E+00  0.0000E+00  0.0000E+00  0.0000E+00  0.0000E+00  0.0000E+00  0.0000E+00
     29.972  0.0000E+00  0.0000E+00  0.0000E+00  0.0000E+00  0.0000E+00  0.0000E+00  0.0000E+00  0.0000E+00  0.0000E+00
     29.97172125    -15.02049330  301      9.88313833      1.00000000
    -15.020  0.0000E+00  0.0000E+00  0.0000E+00  0.0000E+00  0.0000E+00  0.0000E+00  0.0000E+00  0.0000E+00  0.0000E+00
    -14.871  0.0000E+00  0.0000E+00  0.0000E+00  0.0000E+00  0.0000E+00  0.0000E+00  0.0000E+00  0.0000E+00  0.0000E+00
    -14.721  0.0000E+00  0.0000E+00  0.0000E+00  0.0000E+00  0.0000E+00  0.0000E+00  0.0000E+00  0.0000E+00  0.0000E+00
    -14.571  0.0000E+00  0.0000E+00  0.0000E+00  0.0000E+00  0.0000E+00  0.0000E+00  0.0000E+00  0.0000E+00  0.0000E+00
    -14.421  0.0000E+00  0.0000E+00  0.0000E+00  0.0000E+00  0.0000E+00  0.0000E+00  0.0000E+00  0.0000E+00  0.0000E+00
    -14.271  0.0000E+00  0.0000E+00  0.0000E+00  0.0000E+00  0.0000E+00  0.0000E+00  0.0000E+00  0.0000E+00  0.0000E+00
    -14.121  0.0000E+00  0.0000E+00  0.0000E+00  0.0000E+00  0.0000E+00  0.0000E+00  0.0000E+00  0.0000E+00  0.0000E+00
    -13.971  0.0000E+00  0.0000E+00  0.0000E+00  0.0000E+00  0.0000E+00  0.0000E+00  0.0000E+00  0.0000E+00  0.0000E+00
    -13.821  0.0000E+00  0.0000E+00  0.0000E+00  0.0000E+00  0.0000E+00  0.0000E+00  0.0000E+00  0.0000E+00  0.0000E+00
    -13.671  0.0000E+00  0.0000E+00  0.0000E+00  0.0000E+00  0.0000E+00  0.0000E+00  0.0000E+00  0.0000E+00  0.0000E+00
    -13.521  0.0000E+00  0.0000E+00  0.0000E+00  0.0000E+00  0.0000E+00  0.0000E+00  0.0000E+00  0.0000E+00  0.0000E+00
    -13.371  0.0000E+00  0.0000E+00  0.0000E+00  0.0000E+00  0.0000E+00  0.0000E+00  0.0000E+00  0.0000E+00  0.0000E+00
    -13.221  0.0000E+00  0.0000E+00  0.0000E+00  0.0000E+00  0.0000E+00  0.0000E+00  0.0000E+00  0.0000E+00  0.0000E+00
    -13.071  0.0000E+00  0.0000E+00  0.0000E+00  0.0000E+00  0.0000E+00  0.0000E+00  0.0000E+00  0.0000E+00  0.0000E+00
    -12.921  0.7202E-02  0.5570E-05  0.5570E-05  0.5570E-05  0.0000E+00  0.0000E+00  0.0000E+00  0.0000E+00  0.0000E+00
    -12.771  0.1648E-01  0.4629E-04  0.4629E-04  0.4629E-04  0.0000E+00  0.0000E+00  0.0000E+00  0.0000E+00  0.0000E+00
    -12.621  0.1771E-01  0.9499E-04  0.9499E-04  0.9499E-04  0.0000E+00  0.0000E+00  0.0000E+00  0.0000E+00  0.0000E+00
    -12.471  0.2052E-01  0.1576E-03  0.1576E-03  0.1576E-03  0.0000E+00  0.0000E+00  0.0000E+00  0.0000E+00  0.0000E+00
    -12.321  0.2339E-01  0.2321E-03  0.2321E-03  0.2321E-03  0.0000E+00  0.0000E+00  0.0000E+00  0.0000E+00  0.0000E+00
    -12.171  0.2590E-01  0.3156E-03  0.3156E-03  0.3156E-03  0.0000E+00  0.0000E+00  0.0000E+00  0.0000E+00  0.0000E+00
    -12.021  0.2806E-01  0.4090E-03  0.4090E-03  0.4090E-03  0.0000E+00  0.0000E+00  0.0000E+00  0.0000E+00  0.0000E+00
    -11.871  0.3014E-01  0.5085E-03  0.5085E-03  0.5085E-03  0.0000E+00  0.0000E+00  0.0000E+00  0.0000E+00  0.0000E+00
    -11.721  0.3213E-01  0.6136E-03  0.6136E-03  0.6136E-03  0.0000E+00  0.0000E+00  0.0000E+00  0.0000E+00  0.0000E+00
    -11.571  0.3385E-01  0.7280E-03  0.7280E-03  0.7280E-03  0.0000E+00  0.0000E+00  0.0000E+00  0.0000E+00  0.0000E+00
    -11.421  0.3564E-01  0.8449E-03  0.8449E-03  0.8449E-03  0.0000E+00  0.0000E+00  0.0000E+00  0.0000E+00  0.0000E+00
    -11.271  0.3717E-01  0.9714E-03  0.9714E-03  0.9714E-03  0.0000E+00  0.0000E+00  0.0000E+00  0.0000E+00  0.0000E+00
    -11.121  0.3878E-01  0.1100E-02  0.1100E-02  0.1100E-02  0.0000E+00  0.0000E+00  0.0000E+00  0.0000E+00  0.0000E+00
    -10.971  0.4019E-01  0.1237E-02  0.1237E-02  0.1237E-02  0.0000E+00  0.0000E+00  0.0000E+00  0.0000E+00  0.0000E+00
    -10.821  0.4169E-01  0.1375E-02  0.1375E-02  0.1375E-02  0.0000E+00  0.0000E+00  0.0000E+00  0.0000E+00  0.0000E+00
    -10.671  0.4299E-01  0.1522E-02  0.1522E-02  0.1522E-02  0.0000E+00  0.0000E+00  0.0000E+00  0.0000E+00  0.0000E+00
    -10.521  0.4440E-01  0.1670E-02  0.1670E-02  0.1670E-02  0.0000E+00  0.0000E+00  0.0000E+00  0.0000E+00  0.0000E+00
    -10.371  0.4565E-01  0.1826E-02  0.1826E-02  0.1826E-02  0.0000E+00  0.0000E+00  0.0000E+00  0.0000E+00  0.0000E+00
    -10.221  0.4694E-01  0.1984E-02  0.1984E-02  0.1984E-02  0.0000E+00  0.0000E+00  0.0000E+00  0.0000E+00  0.0000E+00
    -10.071  0.4820E-01  0.2147E-02  0.2147E-02  0.2147E-02  0.0000E+00  0.0000E+00  0.0000E+00  0.0000E+00  0.0000E+00
     -9.921  0.4940E-01  0.2315E-02  0.2315E-02  0.2315E-02  0.0000E+00  0.0000E+00  0.0000E+00  0.0000E+00  0.0000E+00
     -9.771  0.5068E-01  0.2483E-02  0.2483E-02  0.2483E-02  0.0000E+00  0.0000E+00  0.0000E+00  0.0000E+00  0.0000E+00
     -9.621  0.5184E-01  0.2661E-02  0.2661E-02  0.2661E-02  0.0000E+00  0.0000E+00  0.0000E+00  0.0000E+00  0.0000E+00
     -9.471  0.5306E-01  0.2840E-02  0.2840E-02  0.2840E-02  0.0000E+00  0.0000E+00  0.0000E+00  0.0000E+00  0.0000E+00
     -9.321  0.5429E-01  0.3021E-02  0.3021E-02  0.3021E-02  0.0000E+00  0.0000E+00  0.0000E+00  0.0000E+00  0.0000E+00
     -9.172  0.5548E-01  0.3210E-02  0.3210E-02  0.3210E-02  0.0000E+00  0.0000E+00  0.0000E+00  0.0000E+00  0.0000E+00
     -9.022  0.5673E-01  0.3399E-02  0.3399E-02  0.3399E-02  0.0000E+00  0.0000E+00  0.0000E+00  0.0000E+00  0.0000E+00
     -8.872  0.5799E-01  0.3593E-02  0.3593E-02  0.3593E-02  0.0000E+00  0.0000E+00  0.0000E+00  0.0000E+00  0.0000E+00
     -8.722  0.5926E-01  0.3794E-02  0.3794E-02  0.3794E-02  0.0000E+00  0.0000E+00  0.0000E+00  0.0000E+00  0.0000E+00
     -8.572  0.6061E-01  0.3993E-02  0.3993E-02  0.3993E-02  0.0000E+00  0.0000E+00  0.0000E+00  0.0000E+00  0.0000E+00
     -8.422  0.6199E-01  0.4200E-02  0.4200E-02  0.4200E-02  0.0000E+00  0.0000E+00  0.0000E+00  0.0000E+00  0.0000E+00
     -8.272  0.6344E-01  0.4413E-02  0.4413E-02  0.4413E-02  0.0000E+00  0.0000E+00  0.0000E+00  0.0000E+00  0.0000E+00
     -8.122  0.6501E-01  0.4626E-02  0.4626E-02  0.4626E-02  0.0000E+00  0.0000E+00  0.0000E+00  0.0000E+00  0.0000E+00
     -7.972  0.6669E-01  0.4847E-02  0.4847E-02  0.4847E-02  0.0000E+00  0.0000E+00  0.0000E+00  0.0000E+00  0.0000E+00
     -7.822  0.6853E-01  0.5078E-02  0.5078E-02  0.5078E-02  0.0000E+00  0.0000E+00  0.0000E+00  0.0000E+00  0.0000E+00
     -7.672  0.7062E-01  0.5311E-02  0.5311E-02  0.5311E-02  0.0000E+00  0.0000E+00  0.0000E+00  0.0000E+00  0.0000E+00
     -7.522  0.7304E-01  0.5557E-02  0.5557E-02  0.5557E-02  0.0000E+00  0.0000E+00  0.0000E+00  0.0000E+00  0.0000E+00
     -7.372  0.7598E-01  0.5825E-02  0.5825E-02  0.5825E-02  0.0000E+00  0.0000E+00  0.0000E+00  0.0000E+00  0.0000E+00
     -7.222  0.7986E-01  0.6120E-02  0.6120E-02  0.6120E-02  0.0000E+00  0.0000E+00  0.0000E+00  0.0000E+00  0.0000E+00
     -7.072  0.8596E-01  0.6490E-02  0.6490E-02  0.6490E-02  0.0000E+00  0.0000E+00  0.0000E+00  0.0000E+00  0.0000E+00
     -6.922  0.9799E-01  0.7087E-02  0.7087E-02  0.7087E-02  0.0000E+00  0.0000E+00  0.0000E+00  0.0000E+00  0.0000E+00
     -6.772  0.9433E-01  0.7092E-02  0.7092E-02  0.7092E-02  0.0000E+00  0.0000E+00  0.0000E+00  0.0000E+00  0.0000E+00
     -6.622  0.9290E-01  0.7172E-02  0.7172E-02  0.7172E-02  0.0000E+00  0.0000E+00  0.0000E+00  0.0000E+00  0.0000E+00
     -6.472  0.8829E-01  0.7111E-02  0.7111E-02  0.7111E-02  0.0000E+00  0.0000E+00  0.0000E+00  0.0000E+00  0.0000E+00
     -6.322  0.8591E-01  0.7135E-02  0.7135E-02  0.7135E-02  0.0000E+00  0.0000E+00  0.0000E+00  0.0000E+00  0.0000E+00
     -6.172  0.8243E-01  0.7079E-02  0.7079E-02  0.7079E-02  0.0000E+00  0.0000E+00  0.0000E+00  0.0000E+00  0.0000E+00
     -6.022  0.7986E-01  0.7078E-02  0.7078E-02  0.7078E-02  0.0000E+00  0.0000E+00  0.0000E+00  0.0000E+00  0.0000E+00
     -5.872  0.7707E-01  0.7034E-02  0.7034E-02  0.7034E-02  0.0000E+00  0.0000E+00  0.0000E+00  0.0000E+00  0.0000E+00
     -5.722  0.7407E-01  0.6966E-02  0.6966E-02  0.6966E-02  0.0000E+00  0.0000E+00  0.0000E+00  0.0000E+00  0.0000E+00
     -5.572  0.7137E-01  0.6915E-02  0.6915E-02  0.6915E-02  0.0000E+00  0.0000E+00  0.0000E+00  0.0000E+00  0.0000E+00
     -5.422  0.6868E-01  0.6839E-02  0.6839E-02  0.6839E-02  0.0000E+00  0.0000E+00  0.0000E+00  0.0000E+00  0.0000E+00
     -5.272  0.6566E-01  0.6730E-02  0.6730E-02  0.6730E-02  0.0000E+00  0.0000E+00  0.0000E+00  0.0000E+00  0.0000E+00
     -5.122  0.6320E-01  0.6650E-02  0.6650E-02  0.6650E-02  0.0000E+00  0.0000E+00  0.0000E+00  0.0000E+00  0.0000E+00
     -4.972  0.6009E-01  0.6507E-02  0.6507E-02  0.6507E-02  0.0000E+00  0.0000E+00  0.0000E+00  0.0000E+00  0.0000E+00
     -4.822  0.5734E-01  0.6374E-02  0.6374E-02  0.6374E-02  0.0000E+00  0.0000E+00  0.0000E+00  0.0000E+00  0.0000E+00
     -4.672  0.5439E-01  0.6218E-02  0.6218E-02  0.6218E-02  0.0000E+00  0.0000E+00  0.0000E+00  0.0000E+00  0.0000E+00
     -4.522  0.5153E-01  0.6044E-02  0.6044E-02  0.6044E-02  0.0000E+00  0.0000E+00  0.0000E+00  0.0000E+00  0.0000E+00
     -4.372  0.4846E-01  0.5848E-02  0.5848E-02  0.5848E-02  0.0000E+00  0.0000E+00  0.0000E+00  0.0000E+00  0.0000E+00
     -4.222  0.4811E-01  0.7523E-02  0.7523E-02  0.7523E-02  0.0000E+00  0.0000E+00  0.0000E+00  0.0000E+00  0.0000E+00
     -4.072  0.4932E-01  0.9883E-02  0.9883E-02  0.9883E-02  0.0000E+00  0.0000E+00  0.0000E+00  0.0000E+00  0.0000E+00
     -3.922  0.5063E-01  0.1144E-01  0.1144E-01  0.1144E-01  0.0000E+00  0.0000E+00  0.0000E+00  0.0000E+00  0.0000E+00
     -3.772  0.4231E-01  0.1115E-01  0.1115E-01  0.1115E-01  0.0000E+00  0.0000E+00  0.0000E+00  0.0000E+00  0.0000E+00
     -3.622  0.3058E-01  0.1060E-01  0.1060E-01  0.1060E-01  0.0000E+00  0.0000E+00  0.0000E+00  0.0000E+00  0.0000E+00
     -3.472  0.2932E-01  0.1146E-01  0.1146E-01  0.1146E-01  0.0000E+00  0.0000E+00  0.0000E+00  0.0000E+00  0.0000E+00
     -3.323  0.3065E-01  0.1261E-01  0.1261E-01  0.1261E-01  0.0000E+00  0.0000E+00  0.0000E+00  0.0000E+00  0.0000E+00
     -3.173  0.3315E-01  0.1402E-01  0.1402E-01  0.1402E-01  0.0000E+00  0.0000E+00  0.0000E+00  0.0000E+00  0.0000E+00
     -3.023  0.4027E-01  0.1618E-01  0.1618E-01  0.1618E-01  0.0000E+00  0.0000E+00  0.0000E+00  0.0000E+00  0.0000E+00
     -2.873  0.5009E-01  0.1883E-01  0.1883E-01  0.1883E-01  0.0000E+00  0.0000E+00  0.0000E+00  0.0000E+00  0.0000E+00
     -2.723  0.6298E-01  0.2220E-01  0.2220E-01  0.2220E-01  0.0000E+00  0.0000E+00  0.0000E+00  0.0000E+00  0.0000E+00
     -2.573  0.7836E-01  0.2656E-01  0.2656E-01  0.2656E-01  0.0000E+00  0.0000E+00  0.0000E+00  0.0000E+00  0.0000E+00
     -2.423  0.1071E+00  0.3458E-01  0.3458E-01  0.3458E-01  0.0000E+00  0.0000E+00  0.0000E+00  0.0000E+00  0.0000E+00
     -2.273  0.1014E+00  0.3225E-01  0.3225E-01  0.3225E-01  0.0000E+00  0.0000E+00  0.0000E+00  0.0000E+00  0.0000E+00
     -2.123  0.7638E-01  0.2527E-01  0.2527E-01  0.2527E-01  0.0000E+00  0.0000E+00  0.0000E+00  0.0000E+00  0.0000E+00
     -1.973  0.6839E-01  0.2304E-01  0.2304E-01  0.2304E-01  0.0000E+00  0.0000E+00  0.0000E+00  0.0000E+00  0.0000E+00
     -1.823  0.6157E-01  0.2125E-01  0.2125E-01  0.2125E-01  0.0000E+00  0.0000E+00  0.0000E+00  0.0000E+00  0.0000E+00
     -1.673  0.5780E-01  0.2029E-01  0.2029E-01  0.2029E-01  0.0000E+00  0.0000E+00  0.0000E+00  0.0000E+00  0.0000E+00
     -1.523  0.5306E-01  0.1911E-01  0.1911E-01  0.1911E-01  0.0000E+00  0.0000E+00  0.0000E+00  0.0000E+00  0.0000E+00
     -1.373  0.5042E-01  0.1850E-01  0.1850E-01  0.1850E-01  0.0000E+00  0.0000E+00  0.0000E+00  0.0000E+00  0.0000E+00
     -1.223  0.4679E-01  0.1762E-01  0.1762E-01  0.1762E-01  0.0000E+00  0.0000E+00  0.0000E+00  0.0000E+00  0.0000E+00
     -1.073  0.4454E-01  0.1713E-01  0.1713E-01  0.1713E-01  0.0000E+00  0.0000E+00  0.0000E+00  0.0000E+00  0.0000E+00
     -0.923  0.4198E-01  0.1654E-01  0.1654E-01  0.1654E-01  0.0000E+00  0.0000E+00  0.0000E+00  0.0000E+00  0.0000E+00
     -0.773  0.3949E-01  0.1596E-01  0.1596E-01  0.1596E-01  0.0000E+00  0.0000E+00  0.0000E+00  0.0000E+00  0.0000E+00
     -0.623  0.3767E-01  0.1558E-01  0.1558E-01  0.1558E-01  0.0000E+00  0.0000E+00  0.0000E+00  0.0000E+00  0.0000E+00
     -0.473  0.3502E-01  0.1492E-01  0.1492E-01  0.1492E-01  0.0000E+00  0.0000E+00  0.0000E+00  0.0000E+00  0.0000E+00
     -0.323  0.3365E-01  0.1466E-01  0.1466E-01  0.1466E-01  0.0000E+00  0.0000E+00  0.0000E+00  0.0000E+00  0.0000E+00
     -0.173  0.3182E-01  0.1423E-01  0.1423E-01  0.1423E-01  0.0000E+00  0.0000E+00  0.0000E+00  0.0000E+00  0.0000E+00
     -0.023  0.3101E-01  0.2135E-01  0.2135E-01  0.2135E-01  0.0000E+00  0.0000E+00  0.0000E+00  0.0000E+00  0.0000E+00
      0.127  0.3061E-01  0.2428E-01  0.2428E-01  0.2428E-01  0.0000E+00  0.0000E+00  0.0000E+00  0.0000E+00  0.0000E+00
      0.277  0.2989E-01  0.2780E-01  0.2780E-01  0.2780E-01  0.0000E+00  0.0000E+00  0.0000E+00  0.0000E+00  0.0000E+00
      0.427  0.3003E-01  0.3153E-01  0.3153E-01  0.3153E-01  0.0000E+00  0.0000E+00  0.0000E+00  0.0000E+00  0.0000E+00
      0.577  0.3081E-01  0.3716E-01  0.3716E-01  0.3716E-01  0.0000E+00  0.0000E+00  0.0000E+00  0.0000E+00  0.0000E+00
      0.727  0.3126E-01  0.4247E-01  0.4247E-01  0.4247E-01  0.0000E+00  0.0000E+00  0.0000E+00  0.0000E+00  0.0000E+00
      0.877  0.3114E-01  0.4072E-01  0.4072E-01  0.4072E-01  0.0000E+00  0.0000E+00  0.0000E+00  0.0000E+00  0.0000E+00
      1.027  0.3109E-01  0.3957E-01  0.3957E-01  0.3957E-01  0.0000E+00  0.0000E+00  0.0000E+00  0.0000E+00  0.0000E+00
      1.177  0.3026E-01  0.3855E-01  0.3855E-01  0.3855E-01  0.0000E+00  0.0000E+00  0.0000E+00  0.0000E+00  0.0000E+00
      1.327  0.3013E-01  0.3997E-01  0.3997E-01  0.3997E-01  0.0000E+00  0.0000E+00  0.0000E+00  0.0000E+00  0.0000E+00
      1.477  0.2984E-01  0.4029E-01  0.4029E-01  0.4029E-01  0.0000E+00  0.0000E+00  0.0000E+00  0.0000E+00  0.0000E+00
      1.627  0.2899E-01  0.4135E-01  0.4135E-01  0.4135E-01  0.0000E+00  0.0000E+00  0.0000E+00  0.0000E+00  0.0000E+00
      1.777  0.2859E-01  0.4237E-01  0.4237E-01  0.4237E-01  0.0000E+00  0.0000E+00  0.0000E+00  0.0000E+00  0.0000E+00
      1.927  0.2821E-01  0.4383E-01  0.4383E-01  0.4383E-01  0.0000E+00  0.0000E+00  0.0000E+00  0.0000E+00  0.0000E+00
      2.077  0.2749E-01  0.4524E-01  0.4524E-01  0.4524E-01  0.0000E+00  0.0000E+00  0.0000E+00  0.0000E+00  0.0000E+00
      2.227  0.2680E-01  0.4704E-01  0.4704E-01  0.4704E-01  0.0000E+00  0.0000E+00  0.0000E+00  0.0000E+00  0.0000E+00
      2.376  0.2635E-01  0.4896E-01  0.4896E-01  0.4896E-01  0.0000E+00  0.0000E+00  0.0000E+00  0.0000E+00  0.0000E+00
      2.526  0.2569E-01  0.5127E-01  0.5127E-01  0.5127E-01  0.0000E+00  0.0000E+00  0.0000E+00  0.0000E+00  0.0000E+00
      2.676  0.2478E-01  0.5428E-01  0.5428E-01  0.5428E-01  0.0000E+00  0.0000E+00  0.0000E+00  0.0000E+00  0.0000E+00
      2.826  0.2425E-01  0.5684E-01  0.5684E-01  0.5684E-01  0.0000E+00  0.0000E+00  0.0000E+00  0.0000E+00  0.0000E+00
      2.976  0.2361E-01  0.6185E-01  0.6185E-01  0.6185E-01  0.0000E+00  0.0000E+00  0.0000E+00  0.0000E+00  0.0000E+00
      3.126  0.2269E-01  0.7048E-01  0.7048E-01  0.7048E-01  0.0000E+00  0.0000E+00  0.0000E+00  0.0000E+00  0.0000E+00
      3.276  0.2187E-01  0.7766E-01  0.7766E-01  0.7766E-01  0.0000E+00  0.0000E+00  0.0000E+00  0.0000E+00  0.0000E+00
      3.426  0.2119E-01  0.7392E-01  0.7392E-01  0.7392E-01  0.0000E+00  0.0000E+00  0.0000E+00  0.0000E+00  0.0000E+00
      3.576  0.2038E-01  0.7353E-01  0.7353E-01  0.7353E-01  0.0000E+00  0.0000E+00  0.0000E+00  0.0000E+00  0.0000E+00
      3.726  0.1935E-01  0.7295E-01  0.7295E-01  0.7295E-01  0.0000E+00  0.0000E+00  0.0000E+00  0.0000E+00  0.0000E+00
      3.876  0.1873E-01  0.7260E-01  0.7260E-01  0.7260E-01  0.0000E+00  0.0000E+00  0.0000E+00  0.0000E+00  0.0000E+00
      4.026  0.1805E-01  0.7248E-01  0.7248E-01  0.7248E-01  0.0000E+00  0.0000E+00  0.0000E+00  0.0000E+00  0.0000E+00
      4.176  0.1719E-01  0.7211E-01  0.7211E-01  0.7211E-01  0.0000E+00  0.0000E+00  0.0000E+00  0.0000E+00  0.0000E+00
      4.326  0.1635E-01  0.7150E-01  0.7150E-01  0.7150E-01  0.0000E+00  0.0000E+00  0.0000E+00  0.0000E+00  0.0000E+00
      4.476  0.1576E-01  0.7165E-01  0.7165E-01  0.7165E-01  0.0000E+00  0.0000E+00  0.0000E+00  0.0000E+00  0.0000E+00
      4.626  0.1499E-01  0.7114E-01  0.7114E-01  0.7114E-01  0.0000E+00  0.0000E+00  0.0000E+00  0.0000E+00  0.0000E+00
      4.776  0.1414E-01  0.7069E-01  0.7069E-01  0.7069E-01  0.0000E+00  0.0000E+00  0.0000E+00  0.0000E+00  0.0000E+00
      4.926  0.1352E-01  0.7069E-01  0.7069E-01  0.7069E-01  0.0000E+00  0.0000E+00  0.0000E+00  0.0000E+00  0.0000E+00
      5.076  0.1289E-01  0.7036E-01  0.7036E-01  0.7036E-01  0.0000E+00  0.0000E+00  0.0000E+00  0.0000E+00  0.0000E+00
      5.226  0.1219E-01  0.7018E-01  0.7018E-01  0.7018E-01  0.0000E+00  0.0000E+00  0.0000E+00  0.0000E+00  0.0000E+00
      5.376  0.1140E-01  0.6976E-01  0.6976E-01  0.6976E-01  0.0000E+00  0.0000E+00  0.0000E+00  0.0000E+00  0.0000E+00
      5.526  0.1075E-01  0.6960E-01  0.6960E-01  0.6960E-01  0.0000E+00  0.0000E+00  0.0000E+00  0.0000E+00  0.0000E+00
      5.676  0.1011E-01  0.6930E-01  0.6930E-01  0.6930E-01  0.0000E+00  0.0000E+00  0.0000E+00  0.0000E+00  0.0000E+00
      5.826  0.9480E-02  0.6906E-01  0.6906E-01  0.6906E-01  0.0000E+00  0.0000E+00  0.0000E+00  0.0000E+00  0.0000E+00
      5.976  0.8791E-02  0.6865E-01  0.6865E-01  0.6865E-01  0.0000E+00  0.0000E+00  0.0000E+00  0.0000E+00  0.0000E+00
      6.126  0.8245E-02  0.6851E-01  0.6851E-01  0.6851E-01  0.0000E+00  0.0000E+00  0.0000E+00  0.0000E+00  0.0000E+00
      6.276  0.7712E-02  0.6821E-01  0.6821E-01  0.6821E-01  0.0000E+00  0.0000E+00  0.0000E+00  0.0000E+00  0.0000E+00
      6.426  0.7061E-02  0.6812E-01  0.6812E-01  0.6812E-01  0.0000E+00  0.0000E+00  0.0000E+00  0.0000E+00  0.0000E+00
      6.576  0.6390E-02  0.6752E-01  0.6752E-01  0.6752E-01  0.0000E+00  0.0000E+00  0.0000E+00  0.0000E+00  0.0000E+00
      6.726  0.5885E-02  0.6762E-01  0.6762E-01  0.6762E-01  0.0000E+00  0.0000E+00  0.0000E+00  0.0000E+00  0.0000E+00
      6.876  0.5351E-02  0.6434E-01  0.6434E-01  0.6434E-01  0.0000E+00  0.0000E+00  0.0000E+00  0.0000E+00  0.0000E+00
      7.026  0.4823E-02  0.5345E-01  0.5345E-01  0.5345E-01  0.0000E+00  0.0000E+00  0.0000E+00  0.0000E+00  0.0000E+00
      7.176  0.4319E-02  0.4694E-01  0.4694E-01  0.4694E-01  0.0000E+00  0.0000E+00  0.0000E+00  0.0000E+00  0.0000E+00
      7.326  0.3934E-02  0.4234E-01  0.4234E-01  0.4234E-01  0.0000E+00  0.0000E+00  0.0000E+00  0.0000E+00  0.0000E+00
      7.476  0.3560E-02  0.3876E-01  0.3876E-01  0.3876E-01  0.0000E+00  0.0000E+00  0.0000E+00  0.0000E+00  0.0000E+00
      7.626  0.3173E-02  0.3556E-01  0.3556E-01  0.3556E-01  0.0000E+00  0.0000E+00  0.0000E+00  0.0000E+00  0.0000E+00
      7.776  0.2817E-02  0.3271E-01  0.3271E-01  0.3271E-01  0.0000E+00  0.0000E+00  0.0000E+00  0.0000E+00  0.0000E+00
      7.926  0.2519E-02  0.3018E-01  0.3018E-01  0.3018E-01  0.0000E+00  0.0000E+00  0.0000E+00  0.0000E+00  0.0000E+00
      8.076  0.2226E-02  0.2775E-01  0.2775E-01  0.2775E-01  0.0000E+00  0.0000E+00  0.0000E+00  0.0000E+00  0.0000E+00
      8.225  0.1906E-02  0.2543E-01  0.2543E-01  0.2543E-01  0.0000E+00  0.0000E+00  0.0000E+00  0.0000E+00  0.0000E+00
      8.375  0.1663E-02  0.2342E-01  0.2342E-01  0.2342E-01  0.0000E+00  0.0000E+00  0.0000E+00  0.0000E+00  0.0000E+00
      8.525  0.1427E-02  0.2137E-01  0.2137E-01  0.2137E-01  0.0000E+00  0.0000E+00  0.0000E+00  0.0000E+00  0.0000E+00
      8.675  0.1170E-02  0.1941E-01  0.1941E-01  0.1941E-01  0.0000E+00  0.0000E+00  0.0000E+00  0.0000E+00  0.0000E+00
      8.825  0.9675E-03  0.1753E-01  0.1753E-01  0.1753E-01  0.0000E+00  0.0000E+00  0.0000E+00  0.0000E+00  0.0000E+00
      8.975  0.7709E-03  0.1562E-01  0.1562E-01  0.1562E-01  0.0000E+00  0.0000E+00  0.0000E+00  0.0000E+00  0.0000E+00
      9.125  0.5804E-03  0.1387E-01  0.1387E-01  0.1387E-01  0.0000E+00  0.0000E+00  0.0000E+00  0.0000E+00  0.0000E+00
      9.275  0.4247E-03  0.1189E-01  0.1189E-01  0.1189E-01  0.0000E+00  0.0000E+00  0.0000E+00  0.0000E+00  0.0000E+00
      9.425  0.2841E-03  0.9941E-02  0.9941E-02  0.9941E-02  0.0000E+00  0.0000E+00  0.0000E+00  0.0000E+00  0.0000E+00
      9.575  0.1545E-03  0.7703E-02  0.7703E-02  0.7703E-02  0.0000E+00  0.0000E+00  0.0000E+00  0.0000E+00  0.0000E+00
      9.725  0.6399E-04  0.5265E-02  0.5265E-02  0.5265E-02  0.0000E+00  0.0000E+00  0.0000E+00  0.0000E+00  0.0000E+00
      9.875  0.1050E-04  0.1525E-02  0.1525E-02  0.1525E-02  0.0000E+00  0.0000E+00  0.0000E+00  0.0000E+00  0.0000E+00
     10.025  0.0000E+00  0.0000E+00  0.0000E+00  0.0000E+00  0.0000E+00  0.0000E+00  0.0000E+00  0.0000E+00  0.0000E+00
     10.175  0.0000E+00  0.0000E+00  0.0000E+00  0.0000E+00  0.0000E+00  0.0000E+00  0.0000E+00  0.0000E+00  0.0000E+00
     10.325  0.0000E+00  0.0000E+00  0.0000E+00  0.0000E+00  0.0000E+00  0.0000E+00  0.0000E+00  0.0000E+00  0.0000E+00
     10.475  0.0000E+00  0.0000E+00  0.0000E+00  0.0000E+00  0.0000E+00  0.0000E+00  0.0000E+00  0.0000E+00  0.0000E+00
     10.625  0.0000E+00  0.0000E+00  0.0000E+00  0.0000E+00  0.0000E+00  0.0000E+00  0.0000E+00  0.0000E+00  0.0000E+00
     10.775  0.0000E+00  0.0000E+00  0.0000E+00  0.0000E+00  0.0000E+00  0.0000E+00  0.0000E+00  0.0000E+00  0.0000E+00
     10.925  0.0000E+00  0.0000E+00  0.0000E+00  0.0000E+00  0.0000E+00  0.0000E+00  0.0000E+00  0.0000E+00  0.0000E+00
     11.075  0.0000E+00  0.0000E+00  0.0000E+00  0.0000E+00  0.0000E+00  0.0000E+00  0.0000E+00  0.0000E+00  0.0000E+00
     11.225  0.0000E+00  0.0000E+00  0.0000E+00  0.0000E+00  0.0000E+00  0.0000E+00  0.0000E+00  0.0000E+00  0.0000E+00
     11.375  0.0000E+00  0.0000E+00  0.0000E+00  0.0000E+00  0.0000E+00  0.0000E+00  0.0000E+00  0.0000E+00  0.0000E+00
     11.525  0.0000E+00  0.0000E+00  0.0000E+00  0.0000E+00  0.0000E+00  0.0000E+00  0.0000E+00  0.0000E+00  0.0000E+00
     11.675  0.0000E+00  0.0000E+00  0.0000E+00  0.0000E+00  0.0000E+00  0.0000E+00  0.0000E+00  0.0000E+00  0.0000E+00
     11.825  0.0000E+00  0.0000E+00  0.0000E+00  0.0000E+00  0.0000E+00  0.0000E+00  0.0000E+00  0.0000E+00  0.0000E+00
     11.975  0.0000E+00  0.0000E+00  0.0000E+00  0.0000E+00  0.0000E+00  0.0000E+00  0.0000E+00  0.0000E+00  0.0000E+00
     12.125  0.0000E+00  0.0000E+00  0.0000E+00  0.0000E+00  0.0000E+00  0.0000E+00  0.0000E+00  0.0000E+00  0.0000E+00
     12.275  0.0000E+00  0.0000E+00  0.0000E+00  0.0000E+00  0.0000E+00  0.0000E+00  0.0000E+00  0.0000E+00  0.0000E+00
     12.425  0.0000E+00  0.0000E+00  0.0000E+00  0.0000E+00  0.0000E+00  0.0000E+00  0.0000E+00  0.0000E+00  0.0000E+00
     12.575  0.0000E+00  0.0000E+00  0.0000E+00  0.0000E+00  0.0000E+00  0.0000E+00  0.0000E+00  0.0000E+00  0.0000E+00
     12.725  0.0000E+00  0.0000E+00  0.0000E+00  0.0000E+00  0.0000E+00  0.0000E+00  0.0000E+00  0.0000E+00  0.0000E+00
     12.875  0.0000E+00  0.0000E+00  0.0000E+00  0.0000E+00  0.0000E+00  0.0000E+00  0.0000E+00  0.0000E+00  0.0000E+00
     13.025  0.0000E+00  0.0000E+00  0.0000E+00  0.0000E+00  0.0000E+00  0.0000E+00  0.0000E+00  0.0000E+00  0.0000E+00
     13.175  0.0000E+00  0.0000E+00  0.0000E+00  0.0000E+00  0.0000E+00  0.0000E+00  0.0000E+00  0.0000E+00  0.0000E+00
     13.325  0.0000E+00  0.0000E+00  0.0000E+00  0.0000E+00  0.0000E+00  0.0000E+00  0.0000E+00  0.0000E+00  0.0000E+00
     13.475  0.0000E+00  0.0000E+00  0.0000E+00  0.0000E+00  0.0000E+00  0.0000E+00  0.0000E+00  0.0000E+00  0.0000E+00
     13.625  0.0000E+00  0.0000E+00  0.0000E+00  0.0000E+00  0.0000E+00  0.0000E+00  0.0000E+00  0.0000E+00  0.0000E+00
     13.775  0.0000E+00  0.0000E+00  0.0000E+00  0.0000E+00  0.0000E+00  0.0000E+00  0.0000E+00  0.0000E+00  0.0000E+00
     13.924  0.0000E+00  0.0000E+00  0.0000E+00  0.0000E+00  0.0000E+00  0.0000E+00  0.0000E+00  0.0000E+00  0.0000E+00
     14.074  0.0000E+00  0.0000E+00  0.0000E+00  0.0000E+00  0.0000E+00  0.0000E+00  0.0000E+00  0.0000E+00  0.0000E+00
     14.224  0.0000E+00  0.0000E+00  0.0000E+00  0.0000E+00  0.0000E+00  0.0000E+00  0.0000E+00  0.0000E+00  0.0000E+00
     14.374  0.7470E-02  0.2515E-02  0.2515E-02  0.2515E-02  0.0000E+00  0.0000E+00  0.0000E+00  0.0000E+00  0.0000E+00
     14.524  0.9573E-02  0.3605E-02  0.3605E-02  0.3605E-02  0.0000E+00  0.0000E+00  0.0000E+00  0.0000E+00  0.0000E+00
     14.674  0.1179E-01  0.4636E-02  0.4636E-02  0.4636E-02  0.0000E+00  0.0000E+00  0.0000E+00  0.0000E+00  0.0000E+00
     14.824  0.1453E-01  0.6021E-02  0.6021E-02  0.6021E-02  0.0000E+00  0.0000E+00  0.0000E+00  0.0000E+00  0.0000E+00
     14.974  0.1783E-01  0.7623E-02  0.7623E-02  0.7623E-02  0.0000E+00  0.0000E+00  0.0000E+00  0.0000E+00  0.0000E+00
     15.124  0.2091E-01  0.9408E-02  0.9408E-02  0.9408E-02  0.0000E+00  0.0000E+00  0.0000E+00  0.0000E+00  0.0000E+00
     15.274  0.2330E-01  0.1116E-01  0.1116E-01  0.1116E-01  0.0000E+00  0.0000E+00  0.0000E+00  0.0000E+00  0.0000E+00
     15.424  0.2481E-01  0.1311E-01  0.1311E-01  0.1311E-01  0.0000E+00  0.0000E+00  0.0000E+00  0.0000E+00  0.0000E+00
     15.574  0.2614E-01  0.1562E-01  0.1562E-01  0.1562E-01  0.0000E+00  0.0000E+00  0.0000E+00  0.0000E+00  0.0000E+00
     15.724  0.2739E-01  0.1862E-01  0.1862E-01  0.1862E-01  0.0000E+00  0.0000E+00  0.0000E+00  0.0000E+00  0.0000E+00
     15.874  0.2826E-01  0.2219E-01  0.2219E-01  0.2219E-01  0.0000E+00  0.0000E+00  0.0000E+00  0.0000E+00  0.0000E+00
     16.024  0.2898E-01  0.2283E-01  0.2283E-01  0.2283E-01  0.0000E+00  0.0000E+00  0.0000E+00  0.0000E+00  0.0000E+00
     16.174  0.2966E-01  0.2389E-01  0.2389E-01  0.2389E-01  0.0000E+00  0.0000E+00  0.0000E+00  0.0000E+00  0.0000E+00
     16.324  0.3043E-01  0.2533E-01  0.2533E-01  0.2533E-01  0.0000E+00  0.0000E+00  0.0000E+00  0.0000E+00  0.0000E+00
     16.474  0.3105E-01  0.2674E-01  0.2674E-01  0.2674E-01  0.0000E+00  0.0000E+00  0.0000E+00  0.0000E+00  0.0000E+00
     16.624  0.3152E-01  0.2820E-01  0.2820E-01  0.2820E-01  0.0000E+00  0.0000E+00  0.0000E+00  0.0000E+00  0.0000E+00
     16.774  0.3202E-01  0.2976E-01  0.2976E-01  0.2976E-01  0.0000E+00  0.0000E+00  0.0000E+00  0.0000E+00  0.0000E+00
     16.924  0.3255E-01  0.3140E-01  0.3140E-01  0.3140E-01  0.0000E+00  0.0000E+00  0.0000E+00  0.0000E+00  0.0000E+00
     17.074  0.3308E-01  0.3316E-01  0.3316E-01  0.3316E-01  0.0000E+00  0.0000E+00  0.0000E+00  0.0000E+00  0.0000E+00
     17.224  0.3361E-01  0.3507E-01  0.3507E-01  0.3507E-01  0.0000E+00  0.0000E+00  0.0000E+00  0.0000E+00  0.0000E+00
     17.374  0.3404E-01  0.3704E-01  0.3704E-01  0.3704E-01  0.0000E+00  0.0000E+00  0.0000E+00  0.0000E+00  0.0000E+00
     17.524  0.3454E-01  0.3923E-01  0.3923E-01  0.3923E-01  0.0000E+00  0.0000E+00  0.0000E+00  0.0000E+00  0.0000E+00
     17.674  0.3505E-01  0.4153E-01  0.4153E-01  0.4153E-01  0.0000E+00  0.0000E+00  0.0000E+00  0.0000E+00  0.0000E+00
     17.824  0.3575E-01  0.4429E-01  0.4429E-01  0.4429E-01  0.0000E+00  0.0000E+00  0.0000E+00  0.0000E+00  0.0000E+00
     17.974  0.3643E-01  0.4721E-01  0.4721E-01  0.4721E-01  0.0000E+00  0.0000E+00  0.0000E+00  0.0000E+00  0.0000E+00
     18.124  0.3736E-01  0.5096E-01  0.5096E-01  0.5096E-01  0.0000E+00  0.0000E+00  0.0000E+00  0.0000E+00  0.0000E+00
     18.274  0.3833E-01  0.5550E-01  0.5550E-01  0.5550E-01  0.0000E+00  0.0000E+00  0.0000E+00  0.0000E+00  0.0000E+00
     18.424  0.4010E-01  0.6293E-01  0.6293E-01  0.6293E-01  0.0000E+00  0.0000E+00  0.0000E+00  0.0000E+00  0.0000E+00
     18.574  0.4300E-01  0.7516E-01  0.7516E-01  0.7516E-01  0.0000E+00  0.0000E+00  0.0000E+00  0.0000E+00  0.0000E+00
     18.724  0.4405E-01  0.7610E-01  0.7610E-01  0.7610E-01  0.0000E+00  0.0000E+00  0.0000E+00  0.0000E+00  0.0000E+00
     18.874  0.4205E-01  0.6191E-01  0.6191E-01  0.6191E-01  0.0000E+00  0.0000E+00  0.0000E+00  0.0000E+00  0.0000E+00
     19.024  0.6911E-01  0.7881E-01  0.7881E-01  0.7881E-01  0.0000E+00  0.0000E+00  0.0000E+00  0.0000E+00  0.0000E+00
     19.174  0.7333E-01  0.6501E-01  0.6501E-01  0.6501E-01  0.0000E+00  0.0000E+00  0.0000E+00  0.0000E+00  0.0000E+00
     19.324  0.7045E-01  0.5665E-01  0.5665E-01  0.5665E-01  0.0000E+00  0.0000E+00  0.0000E+00  0.0000E+00  0.0000E+00
     19.474  0.6392E-01  0.5558E-01  0.5558E-01  0.5558E-01  0.0000E+00  0.0000E+00  0.0000E+00  0.0000E+00  0.0000E+00
     19.624  0.6339E-01  0.5569E-01  0.5569E-01  0.5569E-01  0.0000E+00  0.0000E+00  0.0000E+00  0.0000E+00  0.0000E+00
     19.773  0.5611E-01  0.5285E-01  0.5285E-01  0.5285E-01  0.0000E+00  0.0000E+00  0.0000E+00  0.0000E+00  0.0000E+00
     19.923  0.5601E-01  0.5353E-01  0.5353E-01  0.5353E-01  0.0000E+00  0.0000E+00  0.0000E+00  0.0000E+00  0.0000E+00
     20.073  0.5331E-01  0.5246E-01  0.5246E-01  0.5246E-01  0.0000E+00  0.0000E+00  0.0000E+00  0.0000E+00  0.0000E+00
     20.223  0.5017E-01  0.5317E-01  0.5317E-01  0.5317E-01  0.0000E+00  0.0000E+00  0.0000E+00  0.0000E+00  0.0000E+00
     20.373  0.4804E-01  0.5418E-01  0.5418E-01  0.5418E-01  0.0000E+00  0.0000E+00  0.0000E+00  0.0000E+00  0.0000E+00
     20.523  0.4629E-01  0.5333E-01  0.5333E-01  0.5333E-01  0.0000E+00  0.0000E+00  0.0000E+00  0.0000E+00  0.0000E+00
     20.673  0.4479E-01  0.5262E-01  0.5262E-01  0.5262E-01  0.0000E+00  0.0000E+00  0.0000E+00  0.0000E+00  0.0000E+00
     20.823  0.4093E-01  0.5092E-01  0.5092E-01  0.5092E-01  0.0000E+00  0.0000E+00  0.0000E+00  0.0000E+00  0.0000E+00
     20.973  0.3992E-01  0.4966E-01  0.4966E-01  0.4966E-01  0.0000E+00  0.0000E+00  0.0000E+00  0.0000E+00  0.0000E+00
     21.123  0.4050E-01  0.4976E-01  0.4976E-01  0.4976E-01  0.0000E+00  0.0000E+00  0.0000E+00  0.0000E+00  0.0000E+00
     21.273  0.3773E-01  0.4534E-01  0.4534E-01  0.4534E-01  0.0000E+00  0.0000E+00  0.0000E+00  0.0000E+00  0.0000E+00
     21.423  0.3132E-01  0.4106E-01  0.4106E-01  0.4106E-01  0.0000E+00  0.0000E+00  0.0000E+00  0.0000E+00  0.0000E+00
     21.573  0.2867E-01  0.3914E-01  0.3914E-01  0.3914E-01  0.0000E+00  0.0000E+00  0.0000E+00  0.0000E+00  0.0000E+00
     21.723  0.3335E-01  0.4066E-01  0.4066E-01  0.4066E-01  0.0000E+00  0.0000E+00  0.0000E+00  0.0000E+00  0.0000E+00
     21.873  0.3884E-01  0.4214E-01  0.4214E-01  0.4214E-01  0.0000E+00  0.0000E+00  0.0000E+00  0.0000E+00  0.0000E+00
     22.023  0.4606E-01  0.4358E-01  0.4358E-01  0.4358E-01  0.0000E+00  0.0000E+00  0.0000E+00  0.0000E+00  0.0000E+00
     22.173  0.4488E-01  0.4189E-01  0.4189E-01  0.4189E-01  0.0000E+00  0.0000E+00  0.0000E+00  0.0000E+00  0.0000E+00
     22.323  0.4803E-01  0.4288E-01  0.4288E-01  0.4288E-01  0.0000E+00  0.0000E+00  0.0000E+00  0.0000E+00  0.0000E+00
     22.473  0.5404E-01  0.4648E-01  0.4648E-01  0.4648E-01  0.0000E+00  0.0000E+00  0.0000E+00  0.0000E+00  0.0000E+00
     22.623  0.5287E-01  0.4678E-01  0.4678E-01  0.4678E-01  0.0000E+00  0.0000E+00  0.0000E+00  0.0000E+00  0.0000E+00
     22.773  0.5639E-01  0.4909E-01  0.4909E-01  0.4909E-01  0.0000E+00  0.0000E+00  0.0000E+00  0.0000E+00  0.0000E+00
     22.923  0.5540E-01  0.4867E-01  0.4867E-01  0.4867E-01  0.0000E+00  0.0000E+00  0.0000E+00  0.0000E+00  0.0000E+00
     23.073  0.5625E-01  0.4986E-01  0.4986E-01  0.4986E-01  0.0000E+00  0.0000E+00  0.0000E+00  0.0000E+00  0.0000E+00
     23.223  0.5852E-01  0.5274E-01  0.5274E-01  0.5274E-01  0.0000E+00  0.0000E+00  0.0000E+00  0.0000E+00  0.0000E+00
     23.373  0.5489E-01  0.5212E-01  0.5212E-01  0.5212E-01  0.0000E+00  0.0000E+00  0.0000E+00  0.0000E+00  0.0000E+00
     23.523  0.5609E-01  0.5333E-01  0.5333E-01  0.5333E-01  0.0000E+00  0.0000E+00  0.0000E+00  0.0000E+00  0.0000E+00
     23.673  0.5706E-01  0.5371E-01  0.5371E-01  0.5371E-01  0.0000E+00  0.0000E+00  0.0000E+00  0.0000E+00  0.0000E+00
     23.823  0.6026E-01  0.5749E-01  0.5749E-01  0.5749E-01  0.0000E+00  0.0000E+00  0.0000E+00  0.0000E+00  0.0000E+00
     23.973  0.6095E-01  0.5752E-01  0.5752E-01  0.5752E-01  0.0000E+00  0.0000E+00  0.0000E+00  0.0000E+00  0.0000E+00
     24.123  0.9821E-01  0.6072E-01  0.6072E-01  0.6072E-01  0.0000E+00  0.0000E+00  0.0000E+00  0.0000E+00  0.0000E+00
     24.273  0.1110E+00  0.6335E-01  0.6335E-01  0.6335E-01  0.0000E+00  0.0000E+00  0.0000E+00  0.0000E+00  0.0000E+00
     24.423  0.1036E+00  0.6842E-01  0.6842E-01  0.6842E-01  0.0000E+00  0.0000E+00  0.0000E+00  0.0000E+00  0.0000E+00
     24.573  0.8539E-01  0.6393E-01  0.6393E-01  0.6393E-01  0.0000E+00  0.0000E+00  0.0000E+00  0.0000E+00  0.0000E+00
     24.723  0.5695E-01  0.5960E-01  0.5960E-01  0.5960E-01  0.0000E+00  0.0000E+00  0.0000E+00  0.0000E+00  0.0000E+00
     24.873  0.4937E-01  0.6180E-01  0.6180E-01  0.6180E-01  0.0000E+00  0.0000E+00  0.0000E+00  0.0000E+00  0.0000E+00
     25.023  0.4478E-01  0.6444E-01  0.6444E-01  0.6444E-01  0.0000E+00  0.0000E+00  0.0000E+00  0.0000E+00  0.0000E+00
     25.173  0.4662E-01  0.7590E-01  0.7590E-01  0.7590E-01  0.0000E+00  0.0000E+00  0.0000E+00  0.0000E+00  0.0000E+00
     25.323  0.4765E-01  0.8399E-01  0.8399E-01  0.8399E-01  0.0000E+00  0.0000E+00  0.0000E+00  0.0000E+00  0.0000E+00
     25.472  0.4315E-01  0.8157E-01  0.8157E-01  0.8157E-01  0.0000E+00  0.0000E+00  0.0000E+00  0.0000E+00  0.0000E+00
     25.622  0.3552E-01  0.7326E-01  0.7326E-01  0.7326E-01  0.0000E+00  0.0000E+00  0.0000E+00  0.0000E+00  0.0000E+00
     25.772  0.2967E-01  0.6834E-01  0.6834E-01  0.6834E-01  0.0000E+00  0.0000E+00  0.0000E+00  0.0000E+00  0.0000E+00
     25.922  0.2528E-01  0.6597E-01  0.6597E-01  0.6597E-01  0.0000E+00  0.0000E+00  0.0000E+00  0.0000E+00  0.0000E+00
     26.072  0.2102E-01  0.6267E-01  0.6267E-01  0.6267E-01  0.0000E+00  0.0000E+00  0.0000E+00  0.0000E+00  0.0000E+00
     26.222  0.1762E-01  0.6011E-01  0.6011E-01  0.6011E-01  0.0000E+00  0.0000E+00  0.0000E+00  0.0000E+00  0.0000E+00
     26.372  0.1407E-01  0.5719E-01  0.5719E-01  0.5719E-01  0.0000E+00  0.0000E+00  0.0000E+00  0.0000E+00  0.0000E+00
     26.522  0.1089E-01  0.5656E-01  0.5656E-01  0.5656E-01  0.0000E+00  0.0000E+00  0.0000E+00  0.0000E+00  0.0000E+00
     26.672  0.8439E-02  0.7269E-01  0.7269E-01  0.7269E-01  0.0000E+00  0.0000E+00  0.0000E+00  0.0000E+00  0.0000E+00
     26.822  0.4969E-02  0.3009E-01  0.3009E-01  0.3009E-01  0.0000E+00  0.0000E+00  0.0000E+00  0.0000E+00  0.0000E+00
     26.972  0.3842E-02  0.2554E-01  0.2554E-01  0.2554E-01  0.0000E+00  0.0000E+00  0.0000E+00  0.0000E+00  0.0000E+00
     27.122  0.2941E-02  0.2303E-01  0.2303E-01  0.2303E-01  0.0000E+00  0.0000E+00  0.0000E+00  0.0000E+00  0.0000E+00
     27.272  0.2163E-02  0.2042E-01  0.2042E-01  0.2042E-01  0.0000E+00  0.0000E+00  0.0000E+00  0.0000E+00  0.0000E+00
     27.422  0.1448E-02  0.1802E-01  0.1802E-01  0.1802E-01  0.0000E+00  0.0000E+00  0.0000E+00  0.0000E+00  0.0000E+00
     27.572  0.8615E-03  0.1453E-01  0.1453E-01  0.1453E-01  0.0000E+00  0.0000E+00  0.0000E+00  0.0000E+00  0.0000E+00
     27.722  0.3863E-03  0.1103E-01  0.1103E-01  0.1103E-01  0.0000E+00  0.0000E+00  0.0000E+00  0.0000E+00  0.0000E+00
     27.872  0.1141E-03  0.7018E-02  0.7018E-02  0.7018E-02  0.0000E+00  0.0000E+00  0.0000E+00  0.0000E+00  0.0000E+00
     28.022  0.1496E-05  0.3120E-03  0.3120E-03  0.3120E-03  0.0000E+00  0.0000E+00  0.0000E+00  0.0000E+00  0.0000E+00
     28.172  0.0000E+00  0.0000E+00  0.0000E+00  0.0000E+00  0.0000E+00  0.0000E+00  0.0000E+00  0.0000E+00  0.0000E+00
     28.322  0.0000E+00  0.0000E+00  0.0000E+00  0.0000E+00  0.0000E+00  0.0000E+00  0.0000E+00  0.0000E+00  0.0000E+00
     28.472  0.0000E+00  0.0000E+00  0.0000E+00  0.0000E+00  0.0000E+00  0.0000E+00  0.0000E+00  0.0000E+00  0.0000E+00
     28.622  0.0000E+00  0.0000E+00  0.0000E+00  0.0000E+00  0.0000E+00  0.0000E+00  0.0000E+00  0.0000E+00  0.0000E+00
     28.772  0.0000E+00  0.0000E+00  0.0000E+00  0.0000E+00  0.0000E+00  0.0000E+00  0.0000E+00  0.0000E+00  0.0000E+00
     28.922  0.0000E+00  0.0000E+00  0.0000E+00  0.0000E+00  0.0000E+00  0.0000E+00  0.0000E+00  0.0000E+00  0.0000E+00
     29.072  0.0000E+00  0.0000E+00  0.0000E+00  0.0000E+00  0.0000E+00  0.0000E+00  0.0000E+00  0.0000E+00  0.0000E+00
     29.222  0.0000E+00  0.0000E+00  0.0000E+00  0.0000E+00  0.0000E+00  0.0000E+00  0.0000E+00  0.0000E+00  0.0000E+00
     29.372  0.0000E+00  0.0000E+00  0.0000E+00  0.0000E+00  0.0000E+00  0.0000E+00  0.0000E+00  0.0000E+00  0.0000E+00
     29.522  0.0000E+00  0.0000E+00  0.0000E+00  0.0000E+00  0.0000E+00  0.0000E+00  0.0000E+00  0.0000E+00  0.0000E+00
     29.672  0.0000E+00  0.0000E+00  0.0000E+00  0.0000E+00  0.0000E+00  0.0000E+00  0.0000E+00  0.0000E+00  0.0000E+00
     29.822  0.0000E+00  0.0000E+00  0.0000E+00  0.0000E+00  0.0000E+00  0.0000E+00  0.0000E+00  0.0000E+00  0.0000E+00
     29.972  0.0000E+00  0.0000E+00  0.0000E+00  0.0000E+00  0.0000E+00  0.0000E+00  0.0000E+00  0.0000E+00  0.0000E+00
