   2   2   1   0
  0.5533456E+01  0.2501385E-09  0.2501385E-09  0.2501385E-09  0.5000000E-15
  1.000000000000000E-004
  CAR 
 C                                       
     30.38198799    -15.03058351  301     10.06997036      1.00000000
    -15.031  0.0000E+00  0.0000E+00
    -14.879  0.0000E+00  0.0000E+00
    -14.728  0.0000E+00  0.0000E+00
    -14.576  0.0000E+00  0.0000E+00
    -14.425  0.0000E+00  0.0000E+00
    -14.274  0.0000E+00  0.0000E+00
    -14.122  0.0000E+00  0.0000E+00
    -13.971  0.0000E+00  0.0000E+00
    -13.820  0.0000E+00  0.0000E+00
    -13.668  0.0000E+00  0.0000E+00
    -13.517  0.0000E+00  0.0000E+00
    -13.365  0.0000E+00  0.0000E+00
    -13.214  0.0000E+00  0.0000E+00
    -13.063  0.0000E+00  0.0000E+00
    -12.911  0.2524E-01  0.7280E-03
    -12.760  0.5796E-01  0.6102E-02
    -12.609  0.6263E-01  0.1424E-01
    -12.457  0.7290E-01  0.2439E-01
    -12.306  0.8347E-01  0.3623E-01
    -12.154  0.9288E-01  0.4956E-01
    -12.003  0.1011E+00  0.6424E-01
    -11.852  0.1091E+00  0.8017E-01
    -11.700  0.1167E+00  0.9725E-01
    -11.549  0.1236E+00  0.1154E+00
    -11.398  0.1306E+00  0.1347E+00
    -11.246  0.1368E+00  0.1549E+00
    -11.095  0.1433E+00  0.1761E+00
    -10.943  0.1492E+00  0.1983E+00
    -10.792  0.1554E+00  0.2213E+00
    -10.641  0.1609E+00  0.2453E+00
    -10.489  0.1668E+00  0.2701E+00
    -10.338  0.1721E+00  0.2957E+00
    -10.187  0.1777E+00  0.3222E+00
    -10.035  0.1831E+00  0.3495E+00
     -9.884  0.1884E+00  0.3776E+00
     -9.732  0.1939E+00  0.4065E+00
     -9.581  0.1990E+00  0.4363E+00
     -9.430  0.2043E+00  0.4668E+00
     -9.278  0.2096E+00  0.4981E+00
     -9.127  0.2148E+00  0.5302E+00
     -8.976  0.2202E+00  0.5632E+00
     -8.824  0.2256E+00  0.5969E+00
     -8.673  0.2310E+00  0.6315E+00
     -8.521  0.2367E+00  0.6669E+00
     -8.370  0.2424E+00  0.7031E+00
     -8.219  0.2484E+00  0.7403E+00
     -8.067  0.2546E+00  0.7783E+00
     -7.916  0.2612E+00  0.8174E+00
     -7.765  0.2683E+00  0.8574E+00
     -7.613  0.2760E+00  0.8986E+00
     -7.462  0.2848E+00  0.9411E+00
     -7.310  0.2950E+00  0.9849E+00
     -7.159  0.3080E+00  0.1031E+01
     -7.008  0.3273E+00  0.1078E+01
     -6.856  0.3748E+00  0.1131E+01
     -6.705  0.3601E+00  0.1186E+01
     -6.554  0.3545E+00  0.1240E+01
     -6.402  0.3386E+00  0.1292E+01
     -6.251  0.3308E+00  0.1343E+01
     -6.099  0.3185E+00  0.1392E+01
     -5.948  0.3099E+00  0.1440E+01
     -5.797  0.3003E+00  0.1486E+01
     -5.645  0.2894E+00  0.1530E+01
     -5.494  0.2801E+00  0.1574E+01
     -5.343  0.2704E+00  0.1615E+01
     -5.191  0.2597E+00  0.1655E+01
     -5.040  0.2508E+00  0.1694E+01
     -4.888  0.2394E+00  0.1731E+01
     -4.737  0.2295E+00  0.1767E+01
     -4.586  0.2186E+00  0.1800E+01
     -4.434  0.2081E+00  0.1833E+01
     -4.283  0.1967E+00  0.1863E+01
     -4.132  0.2318E+00  0.1895E+01
     -3.980  0.2505E+00  0.1931E+01
     -3.829  0.2694E+00  0.1971E+01
     -3.677  0.2523E+00  0.2011E+01
     -3.526  0.2101E+00  0.2045E+01
     -3.375  0.2185E+00  0.2077E+01
     -3.223  0.2322E+00  0.2111E+01
     -3.072  0.2550E+00  0.2147E+01
     -2.921  0.2929E+00  0.2189E+01
     -2.769  0.3472E+00  0.2237E+01
     -2.618  0.4174E+00  0.2295E+01
     -2.466  0.5124E+00  0.2364E+01
     -2.315  0.6694E+00  0.2455E+01
     -2.164  0.5854E+00  0.2552E+01
     -2.012  0.4658E+00  0.2629E+01
     -1.861  0.4219E+00  0.2696E+01
     -1.710  0.3844E+00  0.2757E+01
     -1.558  0.3635E+00  0.2813E+01
     -1.407  0.3377E+00  0.2866E+01
     -1.255  0.3236E+00  0.2916E+01
     -1.104  0.3036E+00  0.2964E+01
     -0.953  0.2922E+00  0.3009E+01
     -0.801  0.2781E+00  0.3052E+01
     -0.650  0.2654E+00  0.3093E+01
     -0.499  0.2559E+00  0.3133E+01
     -0.347  0.2416E+00  0.3170E+01
     -0.196  0.2347E+00  0.3206E+01
     -0.044  0.2423E+00  0.3241E+01
      0.107  0.3141E+00  0.3284E+01
      0.258  0.3521E+00  0.3333E+01
      0.410  0.3806E+00  0.3389E+01
      0.561  0.4297E+00  0.3450E+01
      0.712  0.5167E+00  0.3520E+01
      0.864  0.5054E+00  0.3597E+01
      1.015  0.4866E+00  0.3672E+01
      1.167  0.4810E+00  0.3745E+01
      1.318  0.4664E+00  0.3817E+01
      1.469  0.4849E+00  0.3889E+01
      1.621  0.4827E+00  0.3961E+01
      1.772  0.4895E+00  0.4035E+01
      1.923  0.4986E+00  0.4110E+01
      2.075  0.5160E+00  0.4186E+01
      2.226  0.5207E+00  0.4264E+01
      2.378  0.5303E+00  0.4343E+01
      2.529  0.5517E+00  0.4425E+01
      2.680  0.5625E+00  0.4510E+01
      2.832  0.5938E+00  0.4597E+01
      2.983  0.6158E+00  0.4688E+01
      3.134  0.6598E+00  0.4785E+01
      3.286  0.7640E+00  0.4891E+01
      3.437  0.7588E+00  0.5004E+01
      3.589  0.7467E+00  0.5116E+01
      3.740  0.7271E+00  0.5227E+01
      3.891  0.7162E+00  0.5336E+01
      4.043  0.7112E+00  0.5444E+01
      4.194  0.7043E+00  0.5551E+01
      4.345  0.6939E+00  0.5657E+01
      4.497  0.6870E+00  0.5761E+01
      4.648  0.6817E+00  0.5865E+01
      4.800  0.6721E+00  0.5967E+01
      4.951  0.6654E+00  0.6068E+01
      5.102  0.6593E+00  0.6169E+01
      5.254  0.6517E+00  0.6268E+01
      5.405  0.6455E+00  0.6366E+01
      5.556  0.6366E+00  0.6463E+01
      5.708  0.6313E+00  0.6559E+01
      5.859  0.6235E+00  0.6654E+01
      6.011  0.6176E+00  0.6748E+01
      6.162  0.6094E+00  0.6841E+01
      6.313  0.6040E+00  0.6933E+01
      6.465  0.5974E+00  0.7024E+01
      6.616  0.5911E+00  0.7114E+01
      6.767  0.5820E+00  0.7203E+01
      6.919  0.5746E+00  0.7290E+01
      7.070  0.5329E+00  0.7375E+01
      7.222  0.4447E+00  0.7445E+01
      7.373  0.3904E+00  0.7507E+01
      7.524  0.3524E+00  0.7563E+01
      7.676  0.3210E+00  0.7613E+01
      7.827  0.2932E+00  0.7660E+01
      7.978  0.2698E+00  0.7703E+01
      8.130  0.2478E+00  0.7742E+01
      8.281  0.2269E+00  0.7778E+01
      8.433  0.2071E+00  0.7810E+01
      8.584  0.1895E+00  0.7840E+01
      8.735  0.1718E+00  0.7868E+01
      8.887  0.1552E+00  0.7893E+01
      9.038  0.1395E+00  0.7915E+01
      9.189  0.1234E+00  0.7935E+01
      9.341  0.1080E+00  0.7952E+01
      9.492  0.9226E-01  0.7967E+01
      9.644  0.7720E-01  0.7980E+01
      9.795  0.5828E-01  0.7990E+01
      9.946  0.4064E-01  0.7997E+01
     10.098  0.5346E-02  0.8000E+01
     10.249  0.0000E+00  0.8000E+01
     10.400  0.0000E+00  0.8000E+01
     10.552  0.0000E+00  0.8000E+01
     10.703  0.0000E+00  0.8000E+01
     10.855  0.0000E+00  0.8000E+01
     11.006  0.0000E+00  0.8000E+01
     11.157  0.0000E+00  0.8000E+01
     11.309  0.0000E+00  0.8000E+01
     11.460  0.0000E+00  0.8000E+01
     11.611  0.0000E+00  0.8000E+01
     11.763  0.0000E+00  0.8000E+01
     11.914  0.0000E+00  0.8000E+01
     12.066  0.0000E+00  0.8000E+01
     12.217  0.0000E+00  0.8000E+01
     12.368  0.0000E+00  0.8000E+01
     12.520  0.0000E+00  0.8000E+01
     12.671  0.0000E+00  0.8000E+01
     12.822  0.0000E+00  0.8000E+01
     12.974  0.0000E+00  0.8000E+01
     13.125  0.0000E+00  0.8000E+01
     13.277  0.0000E+00  0.8000E+01
     13.428  0.0000E+00  0.8000E+01
     13.579  0.0000E+00  0.8000E+01
     13.731  0.0000E+00  0.8000E+01
     13.882  0.0000E+00  0.8000E+01
     14.033  0.0000E+00  0.8000E+01
     14.185  0.0000E+00  0.8000E+01
     14.336  0.0000E+00  0.8000E+01
     14.488  0.1697E-01  0.8000E+01
     14.639  0.7562E-01  0.8007E+01
     14.790  0.9868E-01  0.8020E+01
     14.942  0.1292E+00  0.8038E+01
     15.093  0.1637E+00  0.8060E+01
     15.244  0.2051E+00  0.8088E+01
     15.396  0.2420E+00  0.8121E+01
     15.547  0.2711E+00  0.8160E+01
     15.699  0.3016E+00  0.8203E+01
     15.850  0.3365E+00  0.8251E+01
     16.001  0.3995E+00  0.8306E+01
     16.153  0.4063E+00  0.8366E+01
     16.304  0.4262E+00  0.8429E+01
     16.455  0.4437E+00  0.8495E+01
     16.607  0.4629E+00  0.8563E+01
     16.758  0.4821E+00  0.8635E+01
     16.910  0.5003E+00  0.8709E+01
     17.061  0.5202E+00  0.8787E+01
     17.212  0.5409E+00  0.8867E+01
     17.364  0.5627E+00  0.8950E+01
     17.515  0.5862E+00  0.9037E+01
     17.666  0.6093E+00  0.9128E+01
     17.818  0.6351E+00  0.9222E+01
     17.969  0.6630E+00  0.9320E+01
     18.121  0.6965E+00  0.9423E+01
     18.272  0.7337E+00  0.9531E+01
     18.423  0.7809E+00  0.9646E+01
     18.575  0.8455E+00  0.9769E+01
     18.726  0.9932E+00  0.9906E+01
     18.877  0.1078E+01  0.1007E+02
     19.029  0.9944E+00  0.1022E+02
     19.180  0.7751E+00  0.1035E+02
     19.332  0.1028E+01  0.1048E+02
     19.483  0.9073E+00  0.1062E+02
     19.634  0.8778E+00  0.1075E+02
     19.786  0.8400E+00  0.1088E+02
     19.937  0.8222E+00  0.1101E+02
     20.088  0.7778E+00  0.1113E+02
     20.240  0.7819E+00  0.1124E+02
     20.391  0.7611E+00  0.1136E+02
     20.543  0.7820E+00  0.1148E+02
     20.694  0.7664E+00  0.1159E+02
     20.845  0.7461E+00  0.1171E+02
     20.997  0.7243E+00  0.1182E+02
     21.148  0.6870E+00  0.1193E+02
     21.299  0.6656E+00  0.1203E+02
     21.451  0.6607E+00  0.1213E+02
     21.602  0.5939E+00  0.1222E+02
     21.754  0.5119E+00  0.1231E+02
     21.905  0.4841E+00  0.1238E+02
     22.056  0.5323E+00  0.1246E+02
     22.208  0.5260E+00  0.1254E+02
     22.359  0.5638E+00  0.1262E+02
     22.510  0.5514E+00  0.1270E+02
     22.662  0.5713E+00  0.1279E+02
     22.813  0.6052E+00  0.1288E+02
     22.965  0.6069E+00  0.1297E+02
     23.116  0.6401E+00  0.1306E+02
     23.267  0.6299E+00  0.1316E+02
     23.419  0.6496E+00  0.1325E+02
     23.570  0.6730E+00  0.1335E+02
     23.721  0.6581E+00  0.1345E+02
     23.873  0.6630E+00  0.1355E+02
     24.024  0.6732E+00  0.1365E+02
     24.176  0.6984E+00  0.1376E+02
     24.327  0.7046E+00  0.1387E+02
     24.478  0.7356E+00  0.1397E+02
     24.630  0.9024E+00  0.1409E+02
     24.781  0.9511E+00  0.1423E+02
     24.932  0.8726E+00  0.1436E+02
     25.084  0.7280E+00  0.1448E+02
     25.235  0.7087E+00  0.1459E+02
     25.387  0.7149E+00  0.1470E+02
     25.538  0.8048E+00  0.1481E+02
     25.689  0.8638E+00  0.1494E+02
     25.841  0.8213E+00  0.1507E+02
     25.992  0.7308E+00  0.1518E+02
     26.143  0.6688E+00  0.1529E+02
     26.295  0.6352E+00  0.1539E+02
     26.446  0.5967E+00  0.1548E+02
     26.598  0.5721E+00  0.1557E+02
     26.749  0.5431E+00  0.1565E+02
     26.900  0.5414E+00  0.1574E+02
     27.052  0.4409E+00  0.1581E+02
     27.203  0.2213E+00  0.1585E+02
     27.354  0.2002E+00  0.1588E+02
     27.506  0.1780E+00  0.1591E+02
     27.657  0.1556E+00  0.1593E+02
     27.809  0.1349E+00  0.1596E+02
     27.960  0.1074E+00  0.1597E+02
     28.111  0.8014E-01  0.1599E+02
     28.263  0.5034E-01  0.1600E+02
     28.414  0.2227E-02  0.1600E+02
     28.565  0.0000E+00  0.1600E+02
     28.717  0.0000E+00  0.1600E+02
     28.868  0.0000E+00  0.1600E+02
     29.020  0.0000E+00  0.1600E+02
     29.171  0.0000E+00  0.1600E+02
     29.322  0.0000E+00  0.1600E+02
     29.474  0.0000E+00  0.1600E+02
     29.625  0.0000E+00  0.1600E+02
     29.776  0.0000E+00  0.1600E+02
     29.928  0.0000E+00  0.1600E+02
     30.079  0.0000E+00  0.1600E+02
     30.231  0.0000E+00  0.1600E+02
     30.382  0.0000E+00  0.1600E+02
     30.38198799    -15.03058351  301     10.06997036      1.00000000
    -15.031  0.0000E+00  0.0000E+00  0.0000E+00  0.0000E+00  0.0000E+00  0.0000E+00  0.0000E+00  0.0000E+00  0.0000E+00
    -14.879  0.0000E+00  0.0000E+00  0.0000E+00  0.0000E+00  0.0000E+00  0.0000E+00  0.0000E+00  0.0000E+00  0.0000E+00
    -14.728  0.0000E+00  0.0000E+00  0.0000E+00  0.0000E+00  0.0000E+00  0.0000E+00  0.0000E+00  0.0000E+00  0.0000E+00
    -14.576  0.0000E+00  0.0000E+00  0.0000E+00  0.0000E+00  0.0000E+00  0.0000E+00  0.0000E+00  0.0000E+00  0.0000E+00
    -14.425  0.0000E+00  0.0000E+00  0.0000E+00  0.0000E+00  0.0000E+00  0.0000E+00  0.0000E+00  0.0000E+00  0.0000E+00
    -14.274  0.0000E+00  0.0000E+00  0.0000E+00  0.0000E+00  0.0000E+00  0.0000E+00  0.0000E+00  0.0000E+00  0.0000E+00
    -14.122  0.0000E+00  0.0000E+00  0.0000E+00  0.0000E+00  0.0000E+00  0.0000E+00  0.0000E+00  0.0000E+00  0.0000E+00
    -13.971  0.0000E+00  0.0000E+00  0.0000E+00  0.0000E+00  0.0000E+00  0.0000E+00  0.0000E+00  0.0000E+00  0.0000E+00
    -13.820  0.0000E+00  0.0000E+00  0.0000E+00  0.0000E+00  0.0000E+00  0.0000E+00  0.0000E+00  0.0000E+00  0.0000E+00
    -13.668  0.0000E+00  0.0000E+00  0.0000E+00  0.0000E+00  0.0000E+00  0.0000E+00  0.0000E+00  0.0000E+00  0.0000E+00
    -13.517  0.0000E+00  0.0000E+00  0.0000E+00  0.0000E+00  0.0000E+00  0.0000E+00  0.0000E+00  0.0000E+00  0.0000E+00
    -13.365  0.0000E+00  0.0000E+00  0.0000E+00  0.0000E+00  0.0000E+00  0.0000E+00  0.0000E+00  0.0000E+00  0.0000E+00
    -13.214  0.0000E+00  0.0000E+00  0.0000E+00  0.0000E+00  0.0000E+00  0.0000E+00  0.0000E+00  0.0000E+00  0.0000E+00
    -13.063  0.0000E+00  0.0000E+00  0.0000E+00  0.0000E+00  0.0000E+00  0.0000E+00  0.0000E+00  0.0000E+00  0.0000E+00
    -12.911  0.7193E-02  0.5631E-05  0.5631E-05  0.5631E-05  0.0000E+00  0.0000E+00  0.0000E+00  0.0000E+00  0.0000E+00
    -12.760  0.1645E-01  0.4677E-04  0.4677E-04  0.4677E-04  0.0000E+00  0.0000E+00  0.0000E+00  0.0000E+00  0.0000E+00
    -12.609  0.1768E-01  0.9601E-04  0.9601E-04  0.9601E-04  0.0000E+00  0.0000E+00  0.0000E+00  0.0000E+00  0.0000E+00
    -12.457  0.2048E-01  0.1592E-03  0.1592E-03  0.1592E-03  0.0000E+00  0.0000E+00  0.0000E+00  0.0000E+00  0.0000E+00
    -12.306  0.2334E-01  0.2345E-03  0.2345E-03  0.2345E-03  0.0000E+00  0.0000E+00  0.0000E+00  0.0000E+00  0.0000E+00
    -12.154  0.2585E-01  0.3189E-03  0.3189E-03  0.3189E-03  0.0000E+00  0.0000E+00  0.0000E+00  0.0000E+00  0.0000E+00
    -12.003  0.2799E-01  0.4132E-03  0.4132E-03  0.4132E-03  0.0000E+00  0.0000E+00  0.0000E+00  0.0000E+00  0.0000E+00
    -11.852  0.3007E-01  0.5137E-03  0.5137E-03  0.5137E-03  0.0000E+00  0.0000E+00  0.0000E+00  0.0000E+00  0.0000E+00
    -11.700  0.3204E-01  0.6199E-03  0.6199E-03  0.6199E-03  0.0000E+00  0.0000E+00  0.0000E+00  0.0000E+00  0.0000E+00
    -11.549  0.3375E-01  0.7355E-03  0.7355E-03  0.7355E-03  0.0000E+00  0.0000E+00  0.0000E+00  0.0000E+00  0.0000E+00
    -11.398  0.3553E-01  0.8535E-03  0.8535E-03  0.8535E-03  0.0000E+00  0.0000E+00  0.0000E+00  0.0000E+00  0.0000E+00
    -11.246  0.3705E-01  0.9812E-03  0.9812E-03  0.9812E-03  0.0000E+00  0.0000E+00  0.0000E+00  0.0000E+00  0.0000E+00
    -11.095  0.3865E-01  0.1111E-02  0.1111E-02  0.1111E-02  0.0000E+00  0.0000E+00  0.0000E+00  0.0000E+00  0.0000E+00
    -10.943  0.4005E-01  0.1249E-02  0.1249E-02  0.1249E-02  0.0000E+00  0.0000E+00  0.0000E+00  0.0000E+00  0.0000E+00
    -10.792  0.4154E-01  0.1388E-02  0.1388E-02  0.1388E-02  0.0000E+00  0.0000E+00  0.0000E+00  0.0000E+00  0.0000E+00
    -10.641  0.4283E-01  0.1537E-02  0.1537E-02  0.1537E-02  0.0000E+00  0.0000E+00  0.0000E+00  0.0000E+00  0.0000E+00
    -10.489  0.4422E-01  0.1686E-02  0.1686E-02  0.1686E-02  0.0000E+00  0.0000E+00  0.0000E+00  0.0000E+00  0.0000E+00
    -10.338  0.4545E-01  0.1844E-02  0.1844E-02  0.1844E-02  0.0000E+00  0.0000E+00  0.0000E+00  0.0000E+00  0.0000E+00
    -10.187  0.4673E-01  0.2003E-02  0.2003E-02  0.2003E-02  0.0000E+00  0.0000E+00  0.0000E+00  0.0000E+00  0.0000E+00
    -10.035  0.4797E-01  0.2167E-02  0.2167E-02  0.2167E-02  0.0000E+00  0.0000E+00  0.0000E+00  0.0000E+00  0.0000E+00
     -9.884  0.4917E-01  0.2337E-02  0.2337E-02  0.2337E-02  0.0000E+00  0.0000E+00  0.0000E+00  0.0000E+00  0.0000E+00
     -9.732  0.5043E-01  0.2506E-02  0.2506E-02  0.2506E-02  0.0000E+00  0.0000E+00  0.0000E+00  0.0000E+00  0.0000E+00
     -9.581  0.5157E-01  0.2686E-02  0.2686E-02  0.2686E-02  0.0000E+00  0.0000E+00  0.0000E+00  0.0000E+00  0.0000E+00
     -9.430  0.5277E-01  0.2866E-02  0.2866E-02  0.2866E-02  0.0000E+00  0.0000E+00  0.0000E+00  0.0000E+00  0.0000E+00
     -9.278  0.5399E-01  0.3049E-02  0.3049E-02  0.3049E-02  0.0000E+00  0.0000E+00  0.0000E+00  0.0000E+00  0.0000E+00
     -9.127  0.5515E-01  0.3239E-02  0.3239E-02  0.3239E-02  0.0000E+00  0.0000E+00  0.0000E+00  0.0000E+00  0.0000E+00
     -8.976  0.5638E-01  0.3429E-02  0.3429E-02  0.3429E-02  0.0000E+00  0.0000E+00  0.0000E+00  0.0000E+00  0.0000E+00
     -8.824  0.5761E-01  0.3625E-02  0.3625E-02  0.3625E-02  0.0000E+00  0.0000E+00  0.0000E+00  0.0000E+00  0.0000E+00
     -8.673  0.5885E-01  0.3827E-02  0.3827E-02  0.3827E-02  0.0000E+00  0.0000E+00  0.0000E+00  0.0000E+00  0.0000E+00
     -8.521  0.6018E-01  0.4028E-02  0.4028E-02  0.4028E-02  0.0000E+00  0.0000E+00  0.0000E+00  0.0000E+00  0.0000E+00
     -8.370  0.6153E-01  0.4236E-02  0.4236E-02  0.4236E-02  0.0000E+00  0.0000E+00  0.0000E+00  0.0000E+00  0.0000E+00
     -8.219  0.6294E-01  0.4449E-02  0.4449E-02  0.4449E-02  0.0000E+00  0.0000E+00  0.0000E+00  0.0000E+00  0.0000E+00
     -8.067  0.6447E-01  0.4663E-02  0.4663E-02  0.4663E-02  0.0000E+00  0.0000E+00  0.0000E+00  0.0000E+00  0.0000E+00
     -7.916  0.6610E-01  0.4885E-02  0.4885E-02  0.4885E-02  0.0000E+00  0.0000E+00  0.0000E+00  0.0000E+00  0.0000E+00
     -7.765  0.6789E-01  0.5116E-02  0.5116E-02  0.5116E-02  0.0000E+00  0.0000E+00  0.0000E+00  0.0000E+00  0.0000E+00
     -7.613  0.6990E-01  0.5349E-02  0.5349E-02  0.5349E-02  0.0000E+00  0.0000E+00  0.0000E+00  0.0000E+00  0.0000E+00
     -7.462  0.7224E-01  0.5594E-02  0.5594E-02  0.5594E-02  0.0000E+00  0.0000E+00  0.0000E+00  0.0000E+00  0.0000E+00
     -7.310  0.7505E-01  0.5860E-02  0.5860E-02  0.5860E-02  0.0000E+00  0.0000E+00  0.0000E+00  0.0000E+00  0.0000E+00
     -7.159  0.7872E-01  0.6149E-02  0.6149E-02  0.6149E-02  0.0000E+00  0.0000E+00  0.0000E+00  0.0000E+00  0.0000E+00
     -7.008  0.8430E-01  0.6503E-02  0.6503E-02  0.6503E-02  0.0000E+00  0.0000E+00  0.0000E+00  0.0000E+00  0.0000E+00
     -6.856  0.9838E-01  0.7182E-02  0.7182E-02  0.7182E-02  0.0000E+00  0.0000E+00  0.0000E+00  0.0000E+00  0.0000E+00
     -6.705  0.9402E-01  0.7158E-02  0.7158E-02  0.7158E-02  0.0000E+00  0.0000E+00  0.0000E+00  0.0000E+00  0.0000E+00
     -6.554  0.9236E-01  0.7230E-02  0.7230E-02  0.7230E-02  0.0000E+00  0.0000E+00  0.0000E+00  0.0000E+00  0.0000E+00
     -6.402  0.8769E-01  0.7162E-02  0.7162E-02  0.7162E-02  0.0000E+00  0.0000E+00  0.0000E+00  0.0000E+00  0.0000E+00
     -6.251  0.8542E-01  0.7191E-02  0.7191E-02  0.7191E-02  0.0000E+00  0.0000E+00  0.0000E+00  0.0000E+00  0.0000E+00
     -6.099  0.8187E-01  0.7129E-02  0.7129E-02  0.7129E-02  0.0000E+00  0.0000E+00  0.0000E+00  0.0000E+00  0.0000E+00
     -5.948  0.7940E-01  0.7131E-02  0.7131E-02  0.7131E-02  0.0000E+00  0.0000E+00  0.0000E+00  0.0000E+00  0.0000E+00
     -5.797  0.7669E-01  0.7091E-02  0.7091E-02  0.7091E-02  0.0000E+00  0.0000E+00  0.0000E+00  0.0000E+00  0.0000E+00
     -5.645  0.7360E-01  0.7016E-02  0.7016E-02  0.7016E-02  0.0000E+00  0.0000E+00  0.0000E+00  0.0000E+00  0.0000E+00
     -5.494  0.7098E-01  0.6967E-02  0.6967E-02  0.6967E-02  0.0000E+00  0.0000E+00  0.0000E+00  0.0000E+00  0.0000E+00
     -5.343  0.6830E-01  0.6891E-02  0.6891E-02  0.6891E-02  0.0000E+00  0.0000E+00  0.0000E+00  0.0000E+00  0.0000E+00
     -5.191  0.6531E-01  0.6781E-02  0.6781E-02  0.6781E-02  0.0000E+00  0.0000E+00  0.0000E+00  0.0000E+00  0.0000E+00
     -5.040  0.6289E-01  0.6702E-02  0.6702E-02  0.6702E-02  0.0000E+00  0.0000E+00  0.0000E+00  0.0000E+00  0.0000E+00
     -4.888  0.5978E-01  0.6557E-02  0.6557E-02  0.6557E-02  0.0000E+00  0.0000E+00  0.0000E+00  0.0000E+00  0.0000E+00
     -4.737  0.5708E-01  0.6424E-02  0.6424E-02  0.6424E-02  0.0000E+00  0.0000E+00  0.0000E+00  0.0000E+00  0.0000E+00
     -4.586  0.5414E-01  0.6266E-02  0.6266E-02  0.6266E-02  0.0000E+00  0.0000E+00  0.0000E+00  0.0000E+00  0.0000E+00
     -4.434  0.5134E-01  0.6095E-02  0.6095E-02  0.6095E-02  0.0000E+00  0.0000E+00  0.0000E+00  0.0000E+00  0.0000E+00
     -4.283  0.4830E-01  0.5898E-02  0.5898E-02  0.5898E-02  0.0000E+00  0.0000E+00  0.0000E+00  0.0000E+00  0.0000E+00
     -4.132  0.4937E-01  0.8598E-02  0.8598E-02  0.8598E-02  0.0000E+00  0.0000E+00  0.0000E+00  0.0000E+00  0.0000E+00
     -3.980  0.4955E-01  0.1018E-01  0.1018E-01  0.1018E-01  0.0000E+00  0.0000E+00  0.0000E+00  0.0000E+00  0.0000E+00
     -3.829  0.5054E-01  0.1160E-01  0.1160E-01  0.1160E-01  0.0000E+00  0.0000E+00  0.0000E+00  0.0000E+00  0.0000E+00
     -3.677  0.4315E-01  0.1181E-01  0.1181E-01  0.1181E-01  0.0000E+00  0.0000E+00  0.0000E+00  0.0000E+00  0.0000E+00
     -3.526  0.3137E-01  0.1085E-01  0.1085E-01  0.1085E-01  0.0000E+00  0.0000E+00  0.0000E+00  0.0000E+00  0.0000E+00
     -3.375  0.3008E-01  0.1188E-01  0.1188E-01  0.1188E-01  0.0000E+00  0.0000E+00  0.0000E+00  0.0000E+00  0.0000E+00
     -3.223  0.3113E-01  0.1288E-01  0.1288E-01  0.1288E-01  0.0000E+00  0.0000E+00  0.0000E+00  0.0000E+00  0.0000E+00
     -3.072  0.3350E-01  0.1437E-01  0.1437E-01  0.1437E-01  0.0000E+00  0.0000E+00  0.0000E+00  0.0000E+00  0.0000E+00
     -2.921  0.4016E-01  0.1629E-01  0.1629E-01  0.1629E-01  0.0000E+00  0.0000E+00  0.0000E+00  0.0000E+00  0.0000E+00
     -2.769  0.4980E-01  0.1902E-01  0.1902E-01  0.1902E-01  0.0000E+00  0.0000E+00  0.0000E+00  0.0000E+00  0.0000E+00
     -2.618  0.6300E-01  0.2244E-01  0.2244E-01  0.2244E-01  0.0000E+00  0.0000E+00  0.0000E+00  0.0000E+00  0.0000E+00
     -2.466  0.7976E-01  0.2730E-01  0.2730E-01  0.2730E-01  0.0000E+00  0.0000E+00  0.0000E+00  0.0000E+00  0.0000E+00
     -2.315  0.1082E+00  0.3520E-01  0.3520E-01  0.3520E-01  0.0000E+00  0.0000E+00  0.0000E+00  0.0000E+00  0.0000E+00
     -2.164  0.9563E-01  0.3085E-01  0.3085E-01  0.3085E-01  0.0000E+00  0.0000E+00  0.0000E+00  0.0000E+00  0.0000E+00
     -2.012  0.7468E-01  0.2501E-01  0.2501E-01  0.2501E-01  0.0000E+00  0.0000E+00  0.0000E+00  0.0000E+00  0.0000E+00
     -1.861  0.6718E-01  0.2291E-01  0.2291E-01  0.2291E-01  0.0000E+00  0.0000E+00  0.0000E+00  0.0000E+00  0.0000E+00
     -1.710  0.6057E-01  0.2117E-01  0.2117E-01  0.2117E-01  0.0000E+00  0.0000E+00  0.0000E+00  0.0000E+00  0.0000E+00
     -1.558  0.5693E-01  0.2023E-01  0.2023E-01  0.2023E-01  0.0000E+00  0.0000E+00  0.0000E+00  0.0000E+00  0.0000E+00
     -1.407  0.5228E-01  0.1907E-01  0.1907E-01  0.1907E-01  0.0000E+00  0.0000E+00  0.0000E+00  0.0000E+00  0.0000E+00
     -1.255  0.4971E-01  0.1848E-01  0.1848E-01  0.1848E-01  0.0000E+00  0.0000E+00  0.0000E+00  0.0000E+00  0.0000E+00
     -1.104  0.4607E-01  0.1758E-01  0.1758E-01  0.1758E-01  0.0000E+00  0.0000E+00  0.0000E+00  0.0000E+00  0.0000E+00
     -0.953  0.4394E-01  0.1713E-01  0.1713E-01  0.1713E-01  0.0000E+00  0.0000E+00  0.0000E+00  0.0000E+00  0.0000E+00
     -0.801  0.4133E-01  0.1651E-01  0.1651E-01  0.1651E-01  0.0000E+00  0.0000E+00  0.0000E+00  0.0000E+00  0.0000E+00
     -0.650  0.3897E-01  0.1597E-01  0.1597E-01  0.1597E-01  0.0000E+00  0.0000E+00  0.0000E+00  0.0000E+00  0.0000E+00
     -0.499  0.3715E-01  0.1559E-01  0.1559E-01  0.1559E-01  0.0000E+00  0.0000E+00  0.0000E+00  0.0000E+00  0.0000E+00
     -0.347  0.3454E-01  0.1493E-01  0.1493E-01  0.1493E-01  0.0000E+00  0.0000E+00  0.0000E+00  0.0000E+00  0.0000E+00
     -0.196  0.3319E-01  0.1467E-01  0.1467E-01  0.1467E-01  0.0000E+00  0.0000E+00  0.0000E+00  0.0000E+00  0.0000E+00
     -0.044  0.3149E-01  0.1577E-01  0.1577E-01  0.1577E-01  0.0000E+00  0.0000E+00  0.0000E+00  0.0000E+00  0.0000E+00
      0.107  0.3091E-01  0.2243E-01  0.2243E-01  0.2243E-01  0.0000E+00  0.0000E+00  0.0000E+00  0.0000E+00  0.0000E+00
      0.258  0.3067E-01  0.2606E-01  0.2606E-01  0.2606E-01  0.0000E+00  0.0000E+00  0.0000E+00  0.0000E+00  0.0000E+00
      0.410  0.2996E-01  0.2896E-01  0.2896E-01  0.2896E-01  0.0000E+00  0.0000E+00  0.0000E+00  0.0000E+00  0.0000E+00
      0.561  0.3042E-01  0.3356E-01  0.3356E-01  0.3356E-01  0.0000E+00  0.0000E+00  0.0000E+00  0.0000E+00  0.0000E+00
      0.712  0.3177E-01  0.4155E-01  0.4155E-01  0.4155E-01  0.0000E+00  0.0000E+00  0.0000E+00  0.0000E+00  0.0000E+00
      0.864  0.3129E-01  0.4087E-01  0.4087E-01  0.4087E-01  0.0000E+00  0.0000E+00  0.0000E+00  0.0000E+00  0.0000E+00
      1.015  0.3121E-01  0.3941E-01  0.3941E-01  0.3941E-01  0.0000E+00  0.0000E+00  0.0000E+00  0.0000E+00  0.0000E+00
      1.167  0.3115E-01  0.3916E-01  0.3916E-01  0.3916E-01  0.0000E+00  0.0000E+00  0.0000E+00  0.0000E+00  0.0000E+00
      1.318  0.3024E-01  0.3823E-01  0.3823E-01  0.3823E-01  0.0000E+00  0.0000E+00  0.0000E+00  0.0000E+00  0.0000E+00
      1.469  0.3016E-01  0.4027E-01  0.4027E-01  0.4027E-01  0.0000E+00  0.0000E+00  0.0000E+00  0.0000E+00  0.0000E+00
      1.621  0.2975E-01  0.4041E-01  0.4041E-01  0.4041E-01  0.0000E+00  0.0000E+00  0.0000E+00  0.0000E+00  0.0000E+00
      1.772  0.2888E-01  0.4154E-01  0.4154E-01  0.4154E-01  0.0000E+00  0.0000E+00  0.0000E+00  0.0000E+00  0.0000E+00
      1.923  0.2854E-01  0.4276E-01  0.4276E-01  0.4276E-01  0.0000E+00  0.0000E+00  0.0000E+00  0.0000E+00  0.0000E+00
      2.075  0.2815E-01  0.4487E-01  0.4487E-01  0.4487E-01  0.0000E+00  0.0000E+00  0.0000E+00  0.0000E+00  0.0000E+00
      2.226  0.2734E-01  0.4581E-01  0.4581E-01  0.4581E-01  0.0000E+00  0.0000E+00  0.0000E+00  0.0000E+00  0.0000E+00
      2.378  0.2667E-01  0.4723E-01  0.4723E-01  0.4723E-01  0.0000E+00  0.0000E+00  0.0000E+00  0.0000E+00  0.0000E+00
      2.529  0.2622E-01  0.4984E-01  0.4984E-01  0.4984E-01  0.0000E+00  0.0000E+00  0.0000E+00  0.0000E+00  0.0000E+00
      2.680  0.2551E-01  0.5143E-01  0.5143E-01  0.5143E-01  0.0000E+00  0.0000E+00  0.0000E+00  0.0000E+00  0.0000E+00
      2.832  0.2465E-01  0.5528E-01  0.5528E-01  0.5528E-01  0.0000E+00  0.0000E+00  0.0000E+00  0.0000E+00  0.0000E+00
      2.983  0.2409E-01  0.5809E-01  0.5809E-01  0.5809E-01  0.0000E+00  0.0000E+00  0.0000E+00  0.0000E+00  0.0000E+00
      3.134  0.2341E-01  0.6339E-01  0.6339E-01  0.6339E-01  0.0000E+00  0.0000E+00  0.0000E+00  0.0000E+00  0.0000E+00
      3.286  0.2240E-01  0.7551E-01  0.7551E-01  0.7551E-01  0.0000E+00  0.0000E+00  0.0000E+00  0.0000E+00  0.0000E+00
      3.437  0.2164E-01  0.7547E-01  0.7547E-01  0.7547E-01  0.0000E+00  0.0000E+00  0.0000E+00  0.0000E+00  0.0000E+00
      3.589  0.2099E-01  0.7462E-01  0.7462E-01  0.7462E-01  0.0000E+00  0.0000E+00  0.0000E+00  0.0000E+00  0.0000E+00
      3.740  0.2012E-01  0.7302E-01  0.7302E-01  0.7302E-01  0.0000E+00  0.0000E+00  0.0000E+00  0.0000E+00  0.0000E+00
      3.891  0.1912E-01  0.7242E-01  0.7242E-01  0.7242E-01  0.0000E+00  0.0000E+00  0.0000E+00  0.0000E+00  0.0000E+00
      4.043  0.1853E-01  0.7235E-01  0.7235E-01  0.7235E-01  0.0000E+00  0.0000E+00  0.0000E+00  0.0000E+00  0.0000E+00
      4.194  0.1780E-01  0.7210E-01  0.7210E-01  0.7210E-01  0.0000E+00  0.0000E+00  0.0000E+00  0.0000E+00  0.0000E+00
      4.345  0.1690E-01  0.7153E-01  0.7153E-01  0.7153E-01  0.0000E+00  0.0000E+00  0.0000E+00  0.0000E+00  0.0000E+00
      4.497  0.1618E-01  0.7126E-01  0.7126E-01  0.7126E-01  0.0000E+00  0.0000E+00  0.0000E+00  0.0000E+00  0.0000E+00
      4.648  0.1554E-01  0.7119E-01  0.7119E-01  0.7119E-01  0.0000E+00  0.0000E+00  0.0000E+00  0.0000E+00  0.0000E+00
      4.800  0.1472E-01  0.7067E-01  0.7067E-01  0.7067E-01  0.0000E+00  0.0000E+00  0.0000E+00  0.0000E+00  0.0000E+00
      4.951  0.1386E-01  0.7049E-01  0.7049E-01  0.7049E-01  0.0000E+00  0.0000E+00  0.0000E+00  0.0000E+00  0.0000E+00
      5.102  0.1326E-01  0.7029E-01  0.7029E-01  0.7029E-01  0.0000E+00  0.0000E+00  0.0000E+00  0.0000E+00  0.0000E+00
      5.254  0.1265E-01  0.6992E-01  0.6992E-01  0.6992E-01  0.0000E+00  0.0000E+00  0.0000E+00  0.0000E+00  0.0000E+00
      5.405  0.1196E-01  0.6975E-01  0.6975E-01  0.6975E-01  0.0000E+00  0.0000E+00  0.0000E+00  0.0000E+00  0.0000E+00
      5.556  0.1121E-01  0.6928E-01  0.6928E-01  0.6928E-01  0.0000E+00  0.0000E+00  0.0000E+00  0.0000E+00  0.0000E+00
      5.708  0.1059E-01  0.6919E-01  0.6919E-01  0.6919E-01  0.0000E+00  0.0000E+00  0.0000E+00  0.0000E+00  0.0000E+00
      5.859  0.9926E-02  0.6881E-01  0.6881E-01  0.6881E-01  0.0000E+00  0.0000E+00  0.0000E+00  0.0000E+00  0.0000E+00
      6.011  0.9243E-02  0.6866E-01  0.6866E-01  0.6866E-01  0.0000E+00  0.0000E+00  0.0000E+00  0.0000E+00  0.0000E+00
      6.162  0.8556E-02  0.6825E-01  0.6825E-01  0.6825E-01  0.0000E+00  0.0000E+00  0.0000E+00  0.0000E+00  0.0000E+00
      6.313  0.8051E-02  0.6811E-01  0.6811E-01  0.6811E-01  0.0000E+00  0.0000E+00  0.0000E+00  0.0000E+00  0.0000E+00
      6.465  0.7513E-02  0.6784E-01  0.6784E-01  0.6784E-01  0.0000E+00  0.0000E+00  0.0000E+00  0.0000E+00  0.0000E+00
      6.616  0.6883E-02  0.6763E-01  0.6763E-01  0.6763E-01  0.0000E+00  0.0000E+00  0.0000E+00  0.0000E+00  0.0000E+00
      6.767  0.6246E-02  0.6709E-01  0.6709E-01  0.6709E-01  0.0000E+00  0.0000E+00  0.0000E+00  0.0000E+00  0.0000E+00
      6.919  0.5725E-02  0.6670E-01  0.6670E-01  0.6670E-01  0.0000E+00  0.0000E+00  0.0000E+00  0.0000E+00  0.0000E+00
      7.070  0.5200E-02  0.6212E-01  0.6212E-01  0.6212E-01  0.0000E+00  0.0000E+00  0.0000E+00  0.0000E+00  0.0000E+00
      7.222  0.4660E-02  0.5181E-01  0.5181E-01  0.5181E-01  0.0000E+00  0.0000E+00  0.0000E+00  0.0000E+00  0.0000E+00
      7.373  0.4197E-02  0.4555E-01  0.4555E-01  0.4555E-01  0.0000E+00  0.0000E+00  0.0000E+00  0.0000E+00  0.0000E+00
      7.524  0.3818E-02  0.4121E-01  0.4121E-01  0.4121E-01  0.0000E+00  0.0000E+00  0.0000E+00  0.0000E+00  0.0000E+00
      7.676  0.3438E-02  0.3766E-01  0.3766E-01  0.3766E-01  0.0000E+00  0.0000E+00  0.0000E+00  0.0000E+00  0.0000E+00
      7.827  0.3056E-02  0.3453E-01  0.3453E-01  0.3453E-01  0.0000E+00  0.0000E+00  0.0000E+00  0.0000E+00  0.0000E+00
      7.978  0.2735E-02  0.3189E-01  0.3189E-01  0.3189E-01  0.0000E+00  0.0000E+00  0.0000E+00  0.0000E+00  0.0000E+00
      8.130  0.2429E-02  0.2941E-01  0.2941E-01  0.2941E-01  0.0000E+00  0.0000E+00  0.0000E+00  0.0000E+00  0.0000E+00
      8.281  0.2141E-02  0.2703E-01  0.2703E-01  0.2703E-01  0.0000E+00  0.0000E+00  0.0000E+00  0.0000E+00  0.0000E+00
      8.433  0.1838E-02  0.2479E-01  0.2479E-01  0.2479E-01  0.0000E+00  0.0000E+00  0.0000E+00  0.0000E+00  0.0000E+00
      8.584  0.1585E-02  0.2278E-01  0.2278E-01  0.2278E-01  0.0000E+00  0.0000E+00  0.0000E+00  0.0000E+00  0.0000E+00
      8.735  0.1360E-02  0.2074E-01  0.2074E-01  0.2074E-01  0.0000E+00  0.0000E+00  0.0000E+00  0.0000E+00  0.0000E+00
      8.887  0.1107E-02  0.1883E-01  0.1883E-01  0.1883E-01  0.0000E+00  0.0000E+00  0.0000E+00  0.0000E+00  0.0000E+00
      9.038  0.9119E-03  0.1700E-01  0.1700E-01  0.1700E-01  0.0000E+00  0.0000E+00  0.0000E+00  0.0000E+00  0.0000E+00
      9.189  0.7278E-03  0.1510E-01  0.1510E-01  0.1510E-01  0.0000E+00  0.0000E+00  0.0000E+00  0.0000E+00  0.0000E+00
      9.341  0.5303E-03  0.1330E-01  0.1330E-01  0.1330E-01  0.0000E+00  0.0000E+00  0.0000E+00  0.0000E+00  0.0000E+00
      9.492  0.3848E-03  0.1141E-01  0.1141E-01  0.1141E-01  0.0000E+00  0.0000E+00  0.0000E+00  0.0000E+00  0.0000E+00
      9.644  0.2552E-03  0.9592E-02  0.9592E-02  0.9592E-02  0.0000E+00  0.0000E+00  0.0000E+00  0.0000E+00  0.0000E+00
      9.795  0.1348E-03  0.7280E-02  0.7280E-02  0.7280E-02  0.0000E+00  0.0000E+00  0.0000E+00  0.0000E+00  0.0000E+00
      9.946  0.4888E-04  0.5105E-02  0.5105E-02  0.5105E-02  0.0000E+00  0.0000E+00  0.0000E+00  0.0000E+00  0.0000E+00
     10.098  0.4666E-05  0.6729E-03  0.6729E-03  0.6729E-03  0.0000E+00  0.0000E+00  0.0000E+00  0.0000E+00  0.0000E+00
     10.249  0.0000E+00  0.0000E+00  0.0000E+00  0.0000E+00  0.0000E+00  0.0000E+00  0.0000E+00  0.0000E+00  0.0000E+00
     10.400  0.0000E+00  0.0000E+00  0.0000E+00  0.0000E+00  0.0000E+00  0.0000E+00  0.0000E+00  0.0000E+00  0.0000E+00
     10.552  0.0000E+00  0.0000E+00  0.0000E+00  0.0000E+00  0.0000E+00  0.0000E+00  0.0000E+00  0.0000E+00  0.0000E+00
     10.703  0.0000E+00  0.0000E+00  0.0000E+00  0.0000E+00  0.0000E+00  0.0000E+00  0.0000E+00  0.0000E+00  0.0000E+00
     10.855  0.0000E+00  0.0000E+00  0.0000E+00  0.0000E+00  0.0000E+00  0.0000E+00  0.0000E+00  0.0000E+00  0.0000E+00
     11.006  0.0000E+00  0.0000E+00  0.0000E+00  0.0000E+00  0.0000E+00  0.0000E+00  0.0000E+00  0.0000E+00  0.0000E+00
     11.157  0.0000E+00  0.0000E+00  0.0000E+00  0.0000E+00  0.0000E+00  0.0000E+00  0.0000E+00  0.0000E+00  0.0000E+00
     11.309  0.0000E+00  0.0000E+00  0.0000E+00  0.0000E+00  0.0000E+00  0.0000E+00  0.0000E+00  0.0000E+00  0.0000E+00
     11.460  0.0000E+00  0.0000E+00  0.0000E+00  0.0000E+00  0.0000E+00  0.0000E+00  0.0000E+00  0.0000E+00  0.0000E+00
     11.611  0.0000E+00  0.0000E+00  0.0000E+00  0.0000E+00  0.0000E+00  0.0000E+00  0.0000E+00  0.0000E+00  0.0000E+00
     11.763  0.0000E+00  0.0000E+00  0.0000E+00  0.0000E+00  0.0000E+00  0.0000E+00  0.0000E+00  0.0000E+00  0.0000E+00
     11.914  0.0000E+00  0.0000E+00  0.0000E+00  0.0000E+00  0.0000E+00  0.0000E+00  0.0000E+00  0.0000E+00  0.0000E+00
     12.066  0.0000E+00  0.0000E+00  0.0000E+00  0.0000E+00  0.0000E+00  0.0000E+00  0.0000E+00  0.0000E+00  0.0000E+00
     12.217  0.0000E+00  0.0000E+00  0.0000E+00  0.0000E+00  0.0000E+00  0.0000E+00  0.0000E+00  0.0000E+00  0.0000E+00
     12.368  0.0000E+00  0.0000E+00  0.0000E+00  0.0000E+00  0.0000E+00  0.0000E+00  0.0000E+00  0.0000E+00  0.0000E+00
     12.520  0.0000E+00  0.0000E+00  0.0000E+00  0.0000E+00  0.0000E+00  0.0000E+00  0.0000E+00  0.0000E+00  0.0000E+00
     12.671  0.0000E+00  0.0000E+00  0.0000E+00  0.0000E+00  0.0000E+00  0.0000E+00  0.0000E+00  0.0000E+00  0.0000E+00
     12.822  0.0000E+00  0.0000E+00  0.0000E+00  0.0000E+00  0.0000E+00  0.0000E+00  0.0000E+00  0.0000E+00  0.0000E+00
     12.974  0.0000E+00  0.0000E+00  0.0000E+00  0.0000E+00  0.0000E+00  0.0000E+00  0.0000E+00  0.0000E+00  0.0000E+00
     13.125  0.0000E+00  0.0000E+00  0.0000E+00  0.0000E+00  0.0000E+00  0.0000E+00  0.0000E+00  0.0000E+00  0.0000E+00
     13.277  0.0000E+00  0.0000E+00  0.0000E+00  0.0000E+00  0.0000E+00  0.0000E+00  0.0000E+00  0.0000E+00  0.0000E+00
     13.428  0.0000E+00  0.0000E+00  0.0000E+00  0.0000E+00  0.0000E+00  0.0000E+00  0.0000E+00  0.0000E+00  0.0000E+00
     13.579  0.0000E+00  0.0000E+00  0.0000E+00  0.0000E+00  0.0000E+00  0.0000E+00  0.0000E+00  0.0000E+00  0.0000E+00
     13.731  0.0000E+00  0.0000E+00  0.0000E+00  0.0000E+00  0.0000E+00  0.0000E+00  0.0000E+00  0.0000E+00  0.0000E+00
     13.882  0.0000E+00  0.0000E+00  0.0000E+00  0.0000E+00  0.0000E+00  0.0000E+00  0.0000E+00  0.0000E+00  0.0000E+00
     14.033  0.0000E+00  0.0000E+00  0.0000E+00  0.0000E+00  0.0000E+00  0.0000E+00  0.0000E+00  0.0000E+00  0.0000E+00
     14.185  0.0000E+00  0.0000E+00  0.0000E+00  0.0000E+00  0.0000E+00  0.0000E+00  0.0000E+00  0.0000E+00  0.0000E+00
     14.336  0.0000E+00  0.0000E+00  0.0000E+00  0.0000E+00  0.0000E+00  0.0000E+00  0.0000E+00  0.0000E+00  0.0000E+00
     14.488  0.1817E-02  0.5688E-03  0.5688E-03  0.5688E-03  0.0000E+00  0.0000E+00  0.0000E+00  0.0000E+00  0.0000E+00
     14.639  0.7885E-02  0.2635E-02  0.2635E-02  0.2635E-02  0.0000E+00  0.0000E+00  0.0000E+00  0.0000E+00  0.0000E+00
     14.790  0.9900E-02  0.3664E-02  0.3664E-02  0.3664E-02  0.0000E+00  0.0000E+00  0.0000E+00  0.0000E+00  0.0000E+00
     14.942  0.1260E-01  0.4979E-02  0.4979E-02  0.4979E-02  0.0000E+00  0.0000E+00  0.0000E+00  0.0000E+00  0.0000E+00
     15.093  0.1561E-01  0.6424E-02  0.6424E-02  0.6424E-02  0.0000E+00  0.0000E+00  0.0000E+00  0.0000E+00  0.0000E+00
     15.244  0.1918E-01  0.8109E-02  0.8109E-02  0.8109E-02  0.0000E+00  0.0000E+00  0.0000E+00  0.0000E+00  0.0000E+00
     15.396  0.2200E-01  0.9843E-02  0.9843E-02  0.9843E-02  0.0000E+00  0.0000E+00  0.0000E+00  0.0000E+00  0.0000E+00
     15.547  0.2364E-01  0.1159E-01  0.1159E-01  0.1159E-01  0.0000E+00  0.0000E+00  0.0000E+00  0.0000E+00  0.0000E+00
     15.699  0.2510E-01  0.1358E-01  0.1358E-01  0.1358E-01  0.0000E+00  0.0000E+00  0.0000E+00  0.0000E+00  0.0000E+00
     15.850  0.2648E-01  0.1603E-01  0.1603E-01  0.1603E-01  0.0000E+00  0.0000E+00  0.0000E+00  0.0000E+00  0.0000E+00
     16.001  0.2771E-01  0.2134E-01  0.2134E-01  0.2134E-01  0.0000E+00  0.0000E+00  0.0000E+00  0.0000E+00  0.0000E+00
     16.153  0.2841E-01  0.2147E-01  0.2147E-01  0.2147E-01  0.0000E+00  0.0000E+00  0.0000E+00  0.0000E+00  0.0000E+00
     16.304  0.2908E-01  0.2291E-01  0.2291E-01  0.2291E-01  0.0000E+00  0.0000E+00  0.0000E+00  0.0000E+00  0.0000E+00
     16.455  0.2975E-01  0.2412E-01  0.2412E-01  0.2412E-01  0.0000E+00  0.0000E+00  0.0000E+00  0.0000E+00  0.0000E+00
     16.607  0.3047E-01  0.2545E-01  0.2545E-01  0.2545E-01  0.0000E+00  0.0000E+00  0.0000E+00  0.0000E+00  0.0000E+00
     16.758  0.3100E-01  0.2693E-01  0.2693E-01  0.2693E-01  0.0000E+00  0.0000E+00  0.0000E+00  0.0000E+00  0.0000E+00
     16.910  0.3141E-01  0.2838E-01  0.2838E-01  0.2838E-01  0.0000E+00  0.0000E+00  0.0000E+00  0.0000E+00  0.0000E+00
     17.061  0.3189E-01  0.2996E-01  0.2996E-01  0.2996E-01  0.0000E+00  0.0000E+00  0.0000E+00  0.0000E+00  0.0000E+00
     17.212  0.3236E-01  0.3163E-01  0.3163E-01  0.3163E-01  0.0000E+00  0.0000E+00  0.0000E+00  0.0000E+00  0.0000E+00
     17.364  0.3283E-01  0.3341E-01  0.3341E-01  0.3341E-01  0.0000E+00  0.0000E+00  0.0000E+00  0.0000E+00  0.0000E+00
     17.515  0.3328E-01  0.3536E-01  0.3536E-01  0.3536E-01  0.0000E+00  0.0000E+00  0.0000E+00  0.0000E+00  0.0000E+00
     17.666  0.3363E-01  0.3735E-01  0.3735E-01  0.3735E-01  0.0000E+00  0.0000E+00  0.0000E+00  0.0000E+00  0.0000E+00
     17.818  0.3403E-01  0.3959E-01  0.3959E-01  0.3959E-01  0.0000E+00  0.0000E+00  0.0000E+00  0.0000E+00  0.0000E+00
     17.969  0.3447E-01  0.4197E-01  0.4197E-01  0.4197E-01  0.0000E+00  0.0000E+00  0.0000E+00  0.0000E+00  0.0000E+00
     18.121  0.3504E-01  0.4482E-01  0.4482E-01  0.4482E-01  0.0000E+00  0.0000E+00  0.0000E+00  0.0000E+00  0.0000E+00
     18.272  0.3557E-01  0.4800E-01  0.4800E-01  0.4800E-01  0.0000E+00  0.0000E+00  0.0000E+00  0.0000E+00  0.0000E+00
     18.423  0.3631E-01  0.5197E-01  0.5197E-01  0.5197E-01  0.0000E+00  0.0000E+00  0.0000E+00  0.0000E+00  0.0000E+00
     18.575  0.3713E-01  0.5728E-01  0.5728E-01  0.5728E-01  0.0000E+00  0.0000E+00  0.0000E+00  0.0000E+00  0.0000E+00
     18.726  0.3960E-01  0.6852E-01  0.6852E-01  0.6852E-01  0.0000E+00  0.0000E+00  0.0000E+00  0.0000E+00  0.0000E+00
     18.877  0.4059E-01  0.7626E-01  0.7626E-01  0.7626E-01  0.0000E+00  0.0000E+00  0.0000E+00  0.0000E+00  0.0000E+00
     19.029  0.4034E-01  0.7151E-01  0.7151E-01  0.7151E-01  0.0000E+00  0.0000E+00  0.0000E+00  0.0000E+00  0.0000E+00
     19.180  0.3643E-01  0.5520E-01  0.5520E-01  0.5520E-01  0.0000E+00  0.0000E+00  0.0000E+00  0.0000E+00  0.0000E+00
     19.332  0.6128E-01  0.7286E-01  0.7286E-01  0.7286E-01  0.0000E+00  0.0000E+00  0.0000E+00  0.0000E+00  0.0000E+00
     19.483  0.6287E-01  0.6146E-01  0.6146E-01  0.6146E-01  0.0000E+00  0.0000E+00  0.0000E+00  0.0000E+00  0.0000E+00
     19.634  0.7229E-01  0.5627E-01  0.5627E-01  0.5627E-01  0.0000E+00  0.0000E+00  0.0000E+00  0.0000E+00  0.0000E+00
     19.786  0.6432E-01  0.5543E-01  0.5543E-01  0.5543E-01  0.0000E+00  0.0000E+00  0.0000E+00  0.0000E+00  0.0000E+00
     19.937  0.6294E-01  0.5441E-01  0.5441E-01  0.5441E-01  0.0000E+00  0.0000E+00  0.0000E+00  0.0000E+00  0.0000E+00
     20.088  0.5641E-01  0.5234E-01  0.5234E-01  0.5234E-01  0.0000E+00  0.0000E+00  0.0000E+00  0.0000E+00  0.0000E+00
     20.240  0.5596E-01  0.5293E-01  0.5293E-01  0.5293E-01  0.0000E+00  0.0000E+00  0.0000E+00  0.0000E+00  0.0000E+00
     20.391  0.5238E-01  0.5189E-01  0.5189E-01  0.5189E-01  0.0000E+00  0.0000E+00  0.0000E+00  0.0000E+00  0.0000E+00
     20.543  0.5022E-01  0.5381E-01  0.5381E-01  0.5381E-01  0.0000E+00  0.0000E+00  0.0000E+00  0.0000E+00  0.0000E+00
     20.694  0.4710E-01  0.5325E-01  0.5325E-01  0.5325E-01  0.0000E+00  0.0000E+00  0.0000E+00  0.0000E+00  0.0000E+00
     20.845  0.4553E-01  0.5225E-01  0.5225E-01  0.5225E-01  0.0000E+00  0.0000E+00  0.0000E+00  0.0000E+00  0.0000E+00
     20.997  0.4347E-01  0.5135E-01  0.5135E-01  0.5135E-01  0.0000E+00  0.0000E+00  0.0000E+00  0.0000E+00  0.0000E+00
     21.148  0.3989E-01  0.4969E-01  0.4969E-01  0.4969E-01  0.0000E+00  0.0000E+00  0.0000E+00  0.0000E+00  0.0000E+00
     21.299  0.3888E-01  0.4859E-01  0.4859E-01  0.4859E-01  0.0000E+00  0.0000E+00  0.0000E+00  0.0000E+00  0.0000E+00
     21.451  0.3943E-01  0.4825E-01  0.4825E-01  0.4825E-01  0.0000E+00  0.0000E+00  0.0000E+00  0.0000E+00  0.0000E+00
     21.602  0.3547E-01  0.4396E-01  0.4396E-01  0.4396E-01  0.0000E+00  0.0000E+00  0.0000E+00  0.0000E+00  0.0000E+00
     21.754  0.2983E-01  0.3921E-01  0.3921E-01  0.3921E-01  0.0000E+00  0.0000E+00  0.0000E+00  0.0000E+00  0.0000E+00
     21.905  0.2815E-01  0.3789E-01  0.3789E-01  0.3789E-01  0.0000E+00  0.0000E+00  0.0000E+00  0.0000E+00  0.0000E+00
     22.056  0.3501E-01  0.4061E-01  0.4061E-01  0.4061E-01  0.0000E+00  0.0000E+00  0.0000E+00  0.0000E+00  0.0000E+00
     22.208  0.3825E-01  0.3962E-01  0.3962E-01  0.3962E-01  0.0000E+00  0.0000E+00  0.0000E+00  0.0000E+00  0.0000E+00
     22.359  0.4489E-01  0.4190E-01  0.4190E-01  0.4190E-01  0.0000E+00  0.0000E+00  0.0000E+00  0.0000E+00  0.0000E+00
     22.510  0.4493E-01  0.4088E-01  0.4088E-01  0.4088E-01  0.0000E+00  0.0000E+00  0.0000E+00  0.0000E+00  0.0000E+00
     22.662  0.4807E-01  0.4222E-01  0.4222E-01  0.4222E-01  0.0000E+00  0.0000E+00  0.0000E+00  0.0000E+00  0.0000E+00
     22.813  0.5291E-01  0.4474E-01  0.4474E-01  0.4474E-01  0.0000E+00  0.0000E+00  0.0000E+00  0.0000E+00  0.0000E+00
     22.965  0.5230E-01  0.4554E-01  0.4554E-01  0.4554E-01  0.0000E+00  0.0000E+00  0.0000E+00  0.0000E+00  0.0000E+00
     23.116  0.5625E-01  0.4816E-01  0.4816E-01  0.4816E-01  0.0000E+00  0.0000E+00  0.0000E+00  0.0000E+00  0.0000E+00
     23.267  0.5544E-01  0.4759E-01  0.4759E-01  0.4759E-01  0.0000E+00  0.0000E+00  0.0000E+00  0.0000E+00  0.0000E+00
     23.419  0.5693E-01  0.4943E-01  0.4943E-01  0.4943E-01  0.0000E+00  0.0000E+00  0.0000E+00  0.0000E+00  0.0000E+00
     23.570  0.5846E-01  0.5179E-01  0.5179E-01  0.5179E-01  0.0000E+00  0.0000E+00  0.0000E+00  0.0000E+00  0.0000E+00
     23.721  0.5502E-01  0.5157E-01  0.5157E-01  0.5157E-01  0.0000E+00  0.0000E+00  0.0000E+00  0.0000E+00  0.0000E+00
     23.873  0.5588E-01  0.5212E-01  0.5212E-01  0.5212E-01  0.0000E+00  0.0000E+00  0.0000E+00  0.0000E+00  0.0000E+00
     24.024  0.5666E-01  0.5318E-01  0.5318E-01  0.5318E-01  0.0000E+00  0.0000E+00  0.0000E+00  0.0000E+00  0.0000E+00
     24.176  0.5834E-01  0.5581E-01  0.5581E-01  0.5581E-01  0.0000E+00  0.0000E+00  0.0000E+00  0.0000E+00  0.0000E+00
     24.327  0.5871E-01  0.5676E-01  0.5676E-01  0.5676E-01  0.0000E+00  0.0000E+00  0.0000E+00  0.0000E+00  0.0000E+00
     24.478  0.6309E-01  0.5901E-01  0.5901E-01  0.5901E-01  0.0000E+00  0.0000E+00  0.0000E+00  0.0000E+00  0.0000E+00
     24.630  0.1212E+00  0.6138E-01  0.6138E-01  0.6138E-01  0.0000E+00  0.0000E+00  0.0000E+00  0.0000E+00  0.0000E+00
     24.781  0.1195E+00  0.6722E-01  0.6722E-01  0.6722E-01  0.0000E+00  0.0000E+00  0.0000E+00  0.0000E+00  0.0000E+00
     24.932  0.9954E-01  0.6437E-01  0.6437E-01  0.6437E-01  0.0000E+00  0.0000E+00  0.0000E+00  0.0000E+00  0.0000E+00
     25.084  0.6338E-01  0.5976E-01  0.5976E-01  0.5976E-01  0.0000E+00  0.0000E+00  0.0000E+00  0.0000E+00  0.0000E+00
     25.235  0.5227E-01  0.6157E-01  0.6157E-01  0.6157E-01  0.0000E+00  0.0000E+00  0.0000E+00  0.0000E+00  0.0000E+00
     25.387  0.4676E-01  0.6451E-01  0.6451E-01  0.6451E-01  0.0000E+00  0.0000E+00  0.0000E+00  0.0000E+00  0.0000E+00
     25.538  0.4759E-01  0.7509E-01  0.7509E-01  0.7509E-01  0.0000E+00  0.0000E+00  0.0000E+00  0.0000E+00  0.0000E+00
     25.689  0.4815E-01  0.8283E-01  0.8283E-01  0.8283E-01  0.0000E+00  0.0000E+00  0.0000E+00  0.0000E+00  0.0000E+00
     25.841  0.4336E-01  0.8046E-01  0.8046E-01  0.8046E-01  0.0000E+00  0.0000E+00  0.0000E+00  0.0000E+00  0.0000E+00
     25.992  0.3604E-01  0.7257E-01  0.7257E-01  0.7257E-01  0.0000E+00  0.0000E+00  0.0000E+00  0.0000E+00  0.0000E+00
     26.143  0.2981E-01  0.6771E-01  0.6771E-01  0.6771E-01  0.0000E+00  0.0000E+00  0.0000E+00  0.0000E+00  0.0000E+00
     26.295  0.2529E-01  0.6549E-01  0.6549E-01  0.6549E-01  0.0000E+00  0.0000E+00  0.0000E+00  0.0000E+00  0.0000E+00
     26.446  0.2101E-01  0.6236E-01  0.6236E-01  0.6236E-01  0.0000E+00  0.0000E+00  0.0000E+00  0.0000E+00  0.0000E+00
     26.598  0.1751E-01  0.6028E-01  0.6028E-01  0.6028E-01  0.0000E+00  0.0000E+00  0.0000E+00  0.0000E+00  0.0000E+00
     26.749  0.1386E-01  0.5749E-01  0.5749E-01  0.5749E-01  0.0000E+00  0.0000E+00  0.0000E+00  0.0000E+00  0.0000E+00
     26.900  0.1041E-01  0.5703E-01  0.5703E-01  0.5703E-01  0.0000E+00  0.0000E+00  0.0000E+00  0.0000E+00  0.0000E+00
     27.052  0.7172E-02  0.4679E-01  0.4679E-01  0.4679E-01  0.0000E+00  0.0000E+00  0.0000E+00  0.0000E+00  0.0000E+00
     27.203  0.4971E-02  0.2743E-01  0.2743E-01  0.2743E-01  0.0000E+00  0.0000E+00  0.0000E+00  0.0000E+00  0.0000E+00
     27.354  0.3881E-02  0.2523E-01  0.2523E-01  0.2523E-01  0.0000E+00  0.0000E+00  0.0000E+00  0.0000E+00  0.0000E+00
     27.506  0.2985E-02  0.2277E-01  0.2277E-01  0.2277E-01  0.0000E+00  0.0000E+00  0.0000E+00  0.0000E+00  0.0000E+00
     27.657  0.2190E-02  0.2019E-01  0.2019E-01  0.2019E-01  0.0000E+00  0.0000E+00  0.0000E+00  0.0000E+00  0.0000E+00
     27.809  0.1466E-02  0.1779E-01  0.1779E-01  0.1779E-01  0.0000E+00  0.0000E+00  0.0000E+00  0.0000E+00  0.0000E+00
     27.960  0.8718E-03  0.1438E-01  0.1438E-01  0.1438E-01  0.0000E+00  0.0000E+00  0.0000E+00  0.0000E+00  0.0000E+00
     28.111  0.3917E-03  0.1090E-01  0.1090E-01  0.1090E-01  0.0000E+00  0.0000E+00  0.0000E+00  0.0000E+00  0.0000E+00
     28.263  0.1147E-03  0.6943E-02  0.6943E-02  0.6943E-02  0.0000E+00  0.0000E+00  0.0000E+00  0.0000E+00  0.0000E+00
     28.414  0.1499E-05  0.3094E-03  0.3094E-03  0.3094E-03  0.0000E+00  0.0000E+00  0.0000E+00  0.0000E+00  0.0000E+00
     28.565  0.0000E+00  0.0000E+00  0.0000E+00  0.0000E+00  0.0000E+00  0.0000E+00  0.0000E+00  0.0000E+00  0.0000E+00
     28.717  0.0000E+00  0.0000E+00  0.0000E+00  0.0000E+00  0.0000E+00  0.0000E+00  0.0000E+00  0.0000E+00  0.0000E+00
     28.868  0.0000E+00  0.0000E+00  0.0000E+00  0.0000E+00  0.0000E+00  0.0000E+00  0.0000E+00  0.0000E+00  0.0000E+00
     29.020  0.0000E+00  0.0000E+00  0.0000E+00  0.0000E+00  0.0000E+00  0.0000E+00  0.0000E+00  0.0000E+00  0.0000E+00
     29.171  0.0000E+00  0.0000E+00  0.0000E+00  0.0000E+00  0.0000E+00  0.0000E+00  0.0000E+00  0.0000E+00  0.0000E+00
     29.322  0.0000E+00  0.0000E+00  0.0000E+00  0.0000E+00  0.0000E+00  0.0000E+00  0.0000E+00  0.0000E+00  0.0000E+00
     29.474  0.0000E+00  0.0000E+00  0.0000E+00  0.0000E+00  0.0000E+00  0.0000E+00  0.0000E+00  0.0000E+00  0.0000E+00
     29.625  0.0000E+00  0.0000E+00  0.0000E+00  0.0000E+00  0.0000E+00  0.0000E+00  0.0000E+00  0.0000E+00  0.0000E+00
     29.776  0.0000E+00  0.0000E+00  0.0000E+00  0.0000E+00  0.0000E+00  0.0000E+00  0.0000E+00  0.0000E+00  0.0000E+00
     29.928  0.0000E+00  0.0000E+00  0.0000E+00  0.0000E+00  0.0000E+00  0.0000E+00  0.0000E+00  0.0000E+00  0.0000E+00
     30.079  0.0000E+00  0.0000E+00  0.0000E+00  0.0000E+00  0.0000E+00  0.0000E+00  0.0000E+00  0.0000E+00  0.0000E+00
     30.231  0.0000E+00  0.0000E+00  0.0000E+00  0.0000E+00  0.0000E+00  0.0000E+00  0.0000E+00  0.0000E+00  0.0000E+00
     30.382  0.0000E+00  0.0000E+00  0.0000E+00  0.0000E+00  0.0000E+00  0.0000E+00  0.0000E+00  0.0000E+00  0.0000E+00
     30.38198799    -15.03058351  301     10.06997036      1.00000000
    -15.031  0.0000E+00  0.0000E+00  0.0000E+00  0.0000E+00  0.0000E+00  0.0000E+00  0.0000E+00  0.0000E+00  0.0000E+00
    -14.879  0.0000E+00  0.0000E+00  0.0000E+00  0.0000E+00  0.0000E+00  0.0000E+00  0.0000E+00  0.0000E+00  0.0000E+00
    -14.728  0.0000E+00  0.0000E+00  0.0000E+00  0.0000E+00  0.0000E+00  0.0000E+00  0.0000E+00  0.0000E+00  0.0000E+00
    -14.576  0.0000E+00  0.0000E+00  0.0000E+00  0.0000E+00  0.0000E+00  0.0000E+00  0.0000E+00  0.0000E+00  0.0000E+00
    -14.425  0.0000E+00  0.0000E+00  0.0000E+00  0.0000E+00  0.0000E+00  0.0000E+00  0.0000E+00  0.0000E+00  0.0000E+00
    -14.274  0.0000E+00  0.0000E+00  0.0000E+00  0.0000E+00  0.0000E+00  0.0000E+00  0.0000E+00  0.0000E+00  0.0000E+00
    -14.122  0.0000E+00  0.0000E+00  0.0000E+00  0.0000E+00  0.0000E+00  0.0000E+00  0.0000E+00  0.0000E+00  0.0000E+00
    -13.971  0.0000E+00  0.0000E+00  0.0000E+00  0.0000E+00  0.0000E+00  0.0000E+00  0.0000E+00  0.0000E+00  0.0000E+00
    -13.820  0.0000E+00  0.0000E+00  0.0000E+00  0.0000E+00  0.0000E+00  0.0000E+00  0.0000E+00  0.0000E+00  0.0000E+00
    -13.668  0.0000E+00  0.0000E+00  0.0000E+00  0.0000E+00  0.0000E+00  0.0000E+00  0.0000E+00  0.0000E+00  0.0000E+00
    -13.517  0.0000E+00  0.0000E+00  0.0000E+00  0.0000E+00  0.0000E+00  0.0000E+00  0.0000E+00  0.0000E+00  0.0000E+00
    -13.365  0.0000E+00  0.0000E+00  0.0000E+00  0.0000E+00  0.0000E+00  0.0000E+00  0.0000E+00  0.0000E+00  0.0000E+00
    -13.214  0.0000E+00  0.0000E+00  0.0000E+00  0.0000E+00  0.0000E+00  0.0000E+00  0.0000E+00  0.0000E+00  0.0000E+00
    -13.063  0.0000E+00  0.0000E+00  0.0000E+00  0.0000E+00  0.0000E+00  0.0000E+00  0.0000E+00  0.0000E+00  0.0000E+00
    -12.911  0.7193E-02  0.5631E-05  0.5631E-05  0.5631E-05  0.0000E+00  0.0000E+00  0.0000E+00  0.0000E+00  0.0000E+00
    -12.760  0.1645E-01  0.4677E-04  0.4677E-04  0.4677E-04  0.0000E+00  0.0000E+00  0.0000E+00  0.0000E+00  0.0000E+00
    -12.609  0.1768E-01  0.9601E-04  0.9601E-04  0.9601E-04  0.0000E+00  0.0000E+00  0.0000E+00  0.0000E+00  0.0000E+00
    -12.457  0.2048E-01  0.1592E-03  0.1592E-03  0.1592E-03  0.0000E+00  0.0000E+00  0.0000E+00  0.0000E+00  0.0000E+00
    -12.306  0.2334E-01  0.2345E-03  0.2345E-03  0.2345E-03  0.0000E+00  0.0000E+00  0.0000E+00  0.0000E+00  0.0000E+00
    -12.154  0.2585E-01  0.3189E-03  0.3189E-03  0.3189E-03  0.0000E+00  0.0000E+00  0.0000E+00  0.0000E+00  0.0000E+00
    -12.003  0.2799E-01  0.4132E-03  0.4132E-03  0.4132E-03  0.0000E+00  0.0000E+00  0.0000E+00  0.0000E+00  0.0000E+00
    -11.852  0.3007E-01  0.5137E-03  0.5137E-03  0.5137E-03  0.0000E+00  0.0000E+00  0.0000E+00  0.0000E+00  0.0000E+00
    -11.700  0.3204E-01  0.6199E-03  0.6199E-03  0.6199E-03  0.0000E+00  0.0000E+00  0.0000E+00  0.0000E+00  0.0000E+00
    -11.549  0.3375E-01  0.7355E-03  0.7355E-03  0.7355E-03  0.0000E+00  0.0000E+00  0.0000E+00  0.0000E+00  0.0000E+00
    -11.398  0.3553E-01  0.8535E-03  0.8535E-03  0.8535E-03  0.0000E+00  0.0000E+00  0.0000E+00  0.0000E+00  0.0000E+00
    -11.246  0.3705E-01  0.9812E-03  0.9812E-03  0.9812E-03  0.0000E+00  0.0000E+00  0.0000E+00  0.0000E+00  0.0000E+00
    -11.095  0.3865E-01  0.1111E-02  0.1111E-02  0.1111E-02  0.0000E+00  0.0000E+00  0.0000E+00  0.0000E+00  0.0000E+00
    -10.943  0.4005E-01  0.1249E-02  0.1249E-02  0.1249E-02  0.0000E+00  0.0000E+00  0.0000E+00  0.0000E+00  0.0000E+00
    -10.792  0.4154E-01  0.1388E-02  0.1388E-02  0.1388E-02  0.0000E+00  0.0000E+00  0.0000E+00  0.0000E+00  0.0000E+00
    -10.641  0.4283E-01  0.1537E-02  0.1537E-02  0.1537E-02  0.0000E+00  0.0000E+00  0.0000E+00  0.0000E+00  0.0000E+00
    -10.489  0.4422E-01  0.1686E-02  0.1686E-02  0.1686E-02  0.0000E+00  0.0000E+00  0.0000E+00  0.0000E+00  0.0000E+00
    -10.338  0.4545E-01  0.1844E-02  0.1844E-02  0.1844E-02  0.0000E+00  0.0000E+00  0.0000E+00  0.0000E+00  0.0000E+00
    -10.187  0.4673E-01  0.2003E-02  0.2003E-02  0.2003E-02  0.0000E+00  0.0000E+00  0.0000E+00  0.0000E+00  0.0000E+00
    -10.035  0.4797E-01  0.2167E-02  0.2167E-02  0.2167E-02  0.0000E+00  0.0000E+00  0.0000E+00  0.0000E+00  0.0000E+00
     -9.884  0.4917E-01  0.2337E-02  0.2337E-02  0.2337E-02  0.0000E+00  0.0000E+00  0.0000E+00  0.0000E+00  0.0000E+00
     -9.732  0.5043E-01  0.2506E-02  0.2506E-02  0.2506E-02  0.0000E+00  0.0000E+00  0.0000E+00  0.0000E+00  0.0000E+00
     -9.581  0.5157E-01  0.2686E-02  0.2686E-02  0.2686E-02  0.0000E+00  0.0000E+00  0.0000E+00  0.0000E+00  0.0000E+00
     -9.430  0.5277E-01  0.2866E-02  0.2866E-02  0.2866E-02  0.0000E+00  0.0000E+00  0.0000E+00  0.0000E+00  0.0000E+00
     -9.278  0.5399E-01  0.3049E-02  0.3049E-02  0.3049E-02  0.0000E+00  0.0000E+00  0.0000E+00  0.0000E+00  0.0000E+00
     -9.127  0.5515E-01  0.3239E-02  0.3239E-02  0.3239E-02  0.0000E+00  0.0000E+00  0.0000E+00  0.0000E+00  0.0000E+00
     -8.976  0.5638E-01  0.3429E-02  0.3429E-02  0.3429E-02  0.0000E+00  0.0000E+00  0.0000E+00  0.0000E+00  0.0000E+00
     -8.824  0.5761E-01  0.3625E-02  0.3625E-02  0.3625E-02  0.0000E+00  0.0000E+00  0.0000E+00  0.0000E+00  0.0000E+00
     -8.673  0.5885E-01  0.3827E-02  0.3827E-02  0.3827E-02  0.0000E+00  0.0000E+00  0.0000E+00  0.0000E+00  0.0000E+00
     -8.521  0.6018E-01  0.4028E-02  0.4028E-02  0.4028E-02  0.0000E+00  0.0000E+00  0.0000E+00  0.0000E+00  0.0000E+00
     -8.370  0.6153E-01  0.4236E-02  0.4236E-02  0.4236E-02  0.0000E+00  0.0000E+00  0.0000E+00  0.0000E+00  0.0000E+00
     -8.219  0.6294E-01  0.4449E-02  0.4449E-02  0.4449E-02  0.0000E+00  0.0000E+00  0.0000E+00  0.0000E+00  0.0000E+00
     -8.067  0.6447E-01  0.4663E-02  0.4663E-02  0.4663E-02  0.0000E+00  0.0000E+00  0.0000E+00  0.0000E+00  0.0000E+00
     -7.916  0.6610E-01  0.4885E-02  0.4885E-02  0.4885E-02  0.0000E+00  0.0000E+00  0.0000E+00  0.0000E+00  0.0000E+00
     -7.765  0.6789E-01  0.5116E-02  0.5116E-02  0.5116E-02  0.0000E+00  0.0000E+00  0.0000E+00  0.0000E+00  0.0000E+00
     -7.613  0.6990E-01  0.5349E-02  0.5349E-02  0.5349E-02  0.0000E+00  0.0000E+00  0.0000E+00  0.0000E+00  0.0000E+00
     -7.462  0.7224E-01  0.5594E-02  0.5594E-02  0.5594E-02  0.0000E+00  0.0000E+00  0.0000E+00  0.0000E+00  0.0000E+00
     -7.310  0.7505E-01  0.5860E-02  0.5860E-02  0.5860E-02  0.0000E+00  0.0000E+00  0.0000E+00  0.0000E+00  0.0000E+00
     -7.159  0.7872E-01  0.6149E-02  0.6149E-02  0.6149E-02  0.0000E+00  0.0000E+00  0.0000E+00  0.0000E+00  0.0000E+00
     -7.008  0.8430E-01  0.6503E-02  0.6503E-02  0.6503E-02  0.0000E+00  0.0000E+00  0.0000E+00  0.0000E+00  0.0000E+00
     -6.856  0.9838E-01  0.7182E-02  0.7182E-02  0.7182E-02  0.0000E+00  0.0000E+00  0.0000E+00  0.0000E+00  0.0000E+00
     -6.705  0.9402E-01  0.7158E-02  0.7158E-02  0.7158E-02  0.0000E+00  0.0000E+00  0.0000E+00  0.0000E+00  0.0000E+00
     -6.554  0.9236E-01  0.7230E-02  0.7230E-02  0.7230E-02  0.0000E+00  0.0000E+00  0.0000E+00  0.0000E+00  0.0000E+00
     -6.402  0.8769E-01  0.7162E-02  0.7162E-02  0.7162E-02  0.0000E+00  0.0000E+00  0.0000E+00  0.0000E+00  0.0000E+00
     -6.251  0.8542E-01  0.7191E-02  0.7191E-02  0.7191E-02  0.0000E+00  0.0000E+00  0.0000E+00  0.0000E+00  0.0000E+00
     -6.099  0.8187E-01  0.7129E-02  0.7129E-02  0.7129E-02  0.0000E+00  0.0000E+00  0.0000E+00  0.0000E+00  0.0000E+00
     -5.948  0.7940E-01  0.7131E-02  0.7131E-02  0.7131E-02  0.0000E+00  0.0000E+00  0.0000E+00  0.0000E+00  0.0000E+00
     -5.797  0.7669E-01  0.7091E-02  0.7091E-02  0.7091E-02  0.0000E+00  0.0000E+00  0.0000E+00  0.0000E+00  0.0000E+00
     -5.645  0.7360E-01  0.7016E-02  0.7016E-02  0.7016E-02  0.0000E+00  0.0000E+00  0.0000E+00  0.0000E+00  0.0000E+00
     -5.494  0.7098E-01  0.6967E-02  0.6967E-02  0.6967E-02  0.0000E+00  0.0000E+00  0.0000E+00  0.0000E+00  0.0000E+00
     -5.343  0.6830E-01  0.6891E-02  0.6891E-02  0.6891E-02  0.0000E+00  0.0000E+00  0.0000E+00  0.0000E+00  0.0000E+00
     -5.191  0.6531E-01  0.6781E-02  0.6781E-02  0.6781E-02  0.0000E+00  0.0000E+00  0.0000E+00  0.0000E+00  0.0000E+00
     -5.040  0.6289E-01  0.6702E-02  0.6702E-02  0.6702E-02  0.0000E+00  0.0000E+00  0.0000E+00  0.0000E+00  0.0000E+00
     -4.888  0.5978E-01  0.6557E-02  0.6557E-02  0.6557E-02  0.0000E+00  0.0000E+00  0.0000E+00  0.0000E+00  0.0000E+00
     -4.737  0.5708E-01  0.6424E-02  0.6424E-02  0.6424E-02  0.0000E+00  0.0000E+00  0.0000E+00  0.0000E+00  0.0000E+00
     -4.586  0.5414E-01  0.6266E-02  0.6266E-02  0.6266E-02  0.0000E+00  0.0000E+00  0.0000E+00  0.0000E+00  0.0000E+00
     -4.434  0.5134E-01  0.6095E-02  0.6095E-02  0.6095E-02  0.0000E+00  0.0000E+00  0.0000E+00  0.0000E+00  0.0000E+00
     -4.283  0.4830E-01  0.5898E-02  0.5898E-02  0.5898E-02  0.0000E+00  0.0000E+00  0.0000E+00  0.0000E+00  0.0000E+00
     -4.132  0.4937E-01  0.8598E-02  0.8598E-02  0.8598E-02  0.0000E+00  0.0000E+00  0.0000E+00  0.0000E+00  0.0000E+00
     -3.980  0.4955E-01  0.1018E-01  0.1018E-01  0.1018E-01  0.0000E+00  0.0000E+00  0.0000E+00  0.0000E+00  0.0000E+00
     -3.829  0.5054E-01  0.1160E-01  0.1160E-01  0.1160E-01  0.0000E+00  0.0000E+00  0.0000E+00  0.0000E+00  0.0000E+00
     -3.677  0.4315E-01  0.1181E-01  0.1181E-01  0.1181E-01  0.0000E+00  0.0000E+00  0.0000E+00  0.0000E+00  0.0000E+00
     -3.526  0.3137E-01  0.1085E-01  0.1085E-01  0.1085E-01  0.0000E+00  0.0000E+00  0.0000E+00  0.0000E+00  0.0000E+00
     -3.375  0.3008E-01  0.1188E-01  0.1188E-01  0.1188E-01  0.0000E+00  0.0000E+00  0.0000E+00  0.0000E+00  0.0000E+00
     -3.223  0.3113E-01  0.1288E-01  0.1288E-01  0.1288E-01  0.0000E+00  0.0000E+00  0.0000E+00  0.0000E+00  0.0000E+00
     -3.072  0.3350E-01  0.1437E-01  0.1437E-01  0.1437E-01  0.0000E+00  0.0000E+00  0.0000E+00  0.0000E+00  0.0000E+00
     -2.921  0.4016E-01  0.1629E-01  0.1629E-01  0.1629E-01  0.0000E+00  0.0000E+00  0.0000E+00  0.0000E+00  0.0000E+00
     -2.769  0.4980E-01  0.1902E-01  0.1902E-01  0.1902E-01  0.0000E+00  0.0000E+00  0.0000E+00  0.0000E+00  0.0000E+00
     -2.618  0.6300E-01  0.2244E-01  0.2244E-01  0.2244E-01  0.0000E+00  0.0000E+00  0.0000E+00  0.0000E+00  0.0000E+00
     -2.466  0.7976E-01  0.2730E-01  0.2730E-01  0.2730E-01  0.0000E+00  0.0000E+00  0.0000E+00  0.0000E+00  0.0000E+00
     -2.315  0.1082E+00  0.3520E-01  0.3520E-01  0.3520E-01  0.0000E+00  0.0000E+00  0.0000E+00  0.0000E+00  0.0000E+00
     -2.164  0.9563E-01  0.3085E-01  0.3085E-01  0.3085E-01  0.0000E+00  0.0000E+00  0.0000E+00  0.0000E+00  0.0000E+00
     -2.012  0.7468E-01  0.2501E-01  0.2501E-01  0.2501E-01  0.0000E+00  0.0000E+00  0.0000E+00  0.0000E+00  0.0000E+00
     -1.861  0.6718E-01  0.2291E-01  0.2291E-01  0.2291E-01  0.0000E+00  0.0000E+00  0.0000E+00  0.0000E+00  0.0000E+00
     -1.710  0.6057E-01  0.2117E-01  0.2117E-01  0.2117E-01  0.0000E+00  0.0000E+00  0.0000E+00  0.0000E+00  0.0000E+00
     -1.558  0.5693E-01  0.2023E-01  0.2023E-01  0.2023E-01  0.0000E+00  0.0000E+00  0.0000E+00  0.0000E+00  0.0000E+00
     -1.407  0.5228E-01  0.1907E-01  0.1907E-01  0.1907E-01  0.0000E+00  0.0000E+00  0.0000E+00  0.0000E+00  0.0000E+00
     -1.255  0.4971E-01  0.1848E-01  0.1848E-01  0.1848E-01  0.0000E+00  0.0000E+00  0.0000E+00  0.0000E+00  0.0000E+00
     -1.104  0.4607E-01  0.1758E-01  0.1758E-01  0.1758E-01  0.0000E+00  0.0000E+00  0.0000E+00  0.0000E+00  0.0000E+00
     -0.953  0.4394E-01  0.1713E-01  0.1713E-01  0.1713E-01  0.0000E+00  0.0000E+00  0.0000E+00  0.0000E+00  0.0000E+00
     -0.801  0.4133E-01  0.1651E-01  0.1651E-01  0.1651E-01  0.0000E+00  0.0000E+00  0.0000E+00  0.0000E+00  0.0000E+00
     -0.650  0.3897E-01  0.1597E-01  0.1597E-01  0.1597E-01  0.0000E+00  0.0000E+00  0.0000E+00  0.0000E+00  0.0000E+00
     -0.499  0.3715E-01  0.1559E-01  0.1559E-01  0.1559E-01  0.0000E+00  0.0000E+00  0.0000E+00  0.0000E+00  0.0000E+00
     -0.347  0.3454E-01  0.1493E-01  0.1493E-01  0.1493E-01  0.0000E+00  0.0000E+00  0.0000E+00  0.0000E+00  0.0000E+00
     -0.196  0.3319E-01  0.1467E-01  0.1467E-01  0.1467E-01  0.0000E+00  0.0000E+00  0.0000E+00  0.0000E+00  0.0000E+00
     -0.044  0.3149E-01  0.1577E-01  0.1577E-01  0.1577E-01  0.0000E+00  0.0000E+00  0.0000E+00  0.0000E+00  0.0000E+00
      0.107  0.3091E-01  0.2243E-01  0.2243E-01  0.2243E-01  0.0000E+00  0.0000E+00  0.0000E+00  0.0000E+00  0.0000E+00
      0.258  0.3067E-01  0.2606E-01  0.2606E-01  0.2606E-01  0.0000E+00  0.0000E+00  0.0000E+00  0.0000E+00  0.0000E+00
      0.410  0.2996E-01  0.2896E-01  0.2896E-01  0.2896E-01  0.0000E+00  0.0000E+00  0.0000E+00  0.0000E+00  0.0000E+00
      0.561  0.3042E-01  0.3356E-01  0.3356E-01  0.3356E-01  0.0000E+00  0.0000E+00  0.0000E+00  0.0000E+00  0.0000E+00
      0.712  0.3177E-01  0.4155E-01  0.4155E-01  0.4155E-01  0.0000E+00  0.0000E+00  0.0000E+00  0.0000E+00  0.0000E+00
      0.864  0.3129E-01  0.4087E-01  0.4087E-01  0.4087E-01  0.0000E+00  0.0000E+00  0.0000E+00  0.0000E+00  0.0000E+00
      1.015  0.3121E-01  0.3941E-01  0.3941E-01  0.3941E-01  0.0000E+00  0.0000E+00  0.0000E+00  0.0000E+00  0.0000E+00
      1.167  0.3115E-01  0.3916E-01  0.3916E-01  0.3916E-01  0.0000E+00  0.0000E+00  0.0000E+00  0.0000E+00  0.0000E+00
      1.318  0.3024E-01  0.3823E-01  0.3823E-01  0.3823E-01  0.0000E+00  0.0000E+00  0.0000E+00  0.0000E+00  0.0000E+00
      1.469  0.3016E-01  0.4027E-01  0.4027E-01  0.4027E-01  0.0000E+00  0.0000E+00  0.0000E+00  0.0000E+00  0.0000E+00
      1.621  0.2975E-01  0.4041E-01  0.4041E-01  0.4041E-01  0.0000E+00  0.0000E+00  0.0000E+00  0.0000E+00  0.0000E+00
      1.772  0.2888E-01  0.4154E-01  0.4154E-01  0.4154E-01  0.0000E+00  0.0000E+00  0.0000E+00  0.0000E+00  0.0000E+00
      1.923  0.2854E-01  0.4276E-01  0.4276E-01  0.4276E-01  0.0000E+00  0.0000E+00  0.0000E+00  0.0000E+00  0.0000E+00
      2.075  0.2815E-01  0.4487E-01  0.4487E-01  0.4487E-01  0.0000E+00  0.0000E+00  0.0000E+00  0.0000E+00  0.0000E+00
      2.226  0.2734E-01  0.4581E-01  0.4581E-01  0.4581E-01  0.0000E+00  0.0000E+00  0.0000E+00  0.0000E+00  0.0000E+00
      2.378  0.2667E-01  0.4723E-01  0.4723E-01  0.4723E-01  0.0000E+00  0.0000E+00  0.0000E+00  0.0000E+00  0.0000E+00
      2.529  0.2622E-01  0.4984E-01  0.4984E-01  0.4984E-01  0.0000E+00  0.0000E+00  0.0000E+00  0.0000E+00  0.0000E+00
      2.680  0.2551E-01  0.5143E-01  0.5143E-01  0.5143E-01  0.0000E+00  0.0000E+00  0.0000E+00  0.0000E+00  0.0000E+00
      2.832  0.2465E-01  0.5528E-01  0.5528E-01  0.5528E-01  0.0000E+00  0.0000E+00  0.0000E+00  0.0000E+00  0.0000E+00
      2.983  0.2409E-01  0.5809E-01  0.5809E-01  0.5809E-01  0.0000E+00  0.0000E+00  0.0000E+00  0.0000E+00  0.0000E+00
      3.134  0.2341E-01  0.6339E-01  0.6339E-01  0.6339E-01  0.0000E+00  0.0000E+00  0.0000E+00  0.0000E+00  0.0000E+00
      3.286  0.2240E-01  0.7551E-01  0.7551E-01  0.7551E-01  0.0000E+00  0.0000E+00  0.0000E+00  0.0000E+00  0.0000E+00
      3.437  0.2164E-01  0.7547E-01  0.7547E-01  0.7547E-01  0.0000E+00  0.0000E+00  0.0000E+00  0.0000E+00  0.0000E+00
      3.589  0.2099E-01  0.7462E-01  0.7462E-01  0.7462E-01  0.0000E+00  0.0000E+00  0.0000E+00  0.0000E+00  0.0000E+00
      3.740  0.2012E-01  0.7302E-01  0.7302E-01  0.7302E-01  0.0000E+00  0.0000E+00  0.0000E+00  0.0000E+00  0.0000E+00
      3.891  0.1912E-01  0.7242E-01  0.7242E-01  0.7242E-01  0.0000E+00  0.0000E+00  0.0000E+00  0.0000E+00  0.0000E+00
      4.043  0.1853E-01  0.7235E-01  0.7235E-01  0.7235E-01  0.0000E+00  0.0000E+00  0.0000E+00  0.0000E+00  0.0000E+00
      4.194  0.1780E-01  0.7210E-01  0.7210E-01  0.7210E-01  0.0000E+00  0.0000E+00  0.0000E+00  0.0000E+00  0.0000E+00
      4.345  0.1690E-01  0.7153E-01  0.7153E-01  0.7153E-01  0.0000E+00  0.0000E+00  0.0000E+00  0.0000E+00  0.0000E+00
      4.497  0.1618E-01  0.7126E-01  0.7126E-01  0.7126E-01  0.0000E+00  0.0000E+00  0.0000E+00  0.0000E+00  0.0000E+00
      4.648  0.1554E-01  0.7119E-01  0.7119E-01  0.7119E-01  0.0000E+00  0.0000E+00  0.0000E+00  0.0000E+00  0.0000E+00
      4.800  0.1472E-01  0.7067E-01  0.7067E-01  0.7067E-01  0.0000E+00  0.0000E+00  0.0000E+00  0.0000E+00  0.0000E+00
      4.951  0.1386E-01  0.7049E-01  0.7049E-01  0.7049E-01  0.0000E+00  0.0000E+00  0.0000E+00  0.0000E+00  0.0000E+00
      5.102  0.1326E-01  0.7029E-01  0.7029E-01  0.7029E-01  0.0000E+00  0.0000E+00  0.0000E+00  0.0000E+00  0.0000E+00
      5.254  0.1265E-01  0.6992E-01  0.6992E-01  0.6992E-01  0.0000E+00  0.0000E+00  0.0000E+00  0.0000E+00  0.0000E+00
      5.405  0.1196E-01  0.6975E-01  0.6975E-01  0.6975E-01  0.0000E+00  0.0000E+00  0.0000E+00  0.0000E+00  0.0000E+00
      5.556  0.1121E-01  0.6928E-01  0.6928E-01  0.6928E-01  0.0000E+00  0.0000E+00  0.0000E+00  0.0000E+00  0.0000E+00
      5.708  0.1059E-01  0.6919E-01  0.6919E-01  0.6919E-01  0.0000E+00  0.0000E+00  0.0000E+00  0.0000E+00  0.0000E+00
      5.859  0.9926E-02  0.6881E-01  0.6881E-01  0.6881E-01  0.0000E+00  0.0000E+00  0.0000E+00  0.0000E+00  0.0000E+00
      6.011  0.9243E-02  0.6866E-01  0.6866E-01  0.6866E-01  0.0000E+00  0.0000E+00  0.0000E+00  0.0000E+00  0.0000E+00
      6.162  0.8556E-02  0.6825E-01  0.6825E-01  0.6825E-01  0.0000E+00  0.0000E+00  0.0000E+00  0.0000E+00  0.0000E+00
      6.313  0.8051E-02  0.6811E-01  0.6811E-01  0.6811E-01  0.0000E+00  0.0000E+00  0.0000E+00  0.0000E+00  0.0000E+00
      6.465  0.7513E-02  0.6784E-01  0.6784E-01  0.6784E-01  0.0000E+00  0.0000E+00  0.0000E+00  0.0000E+00  0.0000E+00
      6.616  0.6883E-02  0.6763E-01  0.6763E-01  0.6763E-01  0.0000E+00  0.0000E+00  0.0000E+00  0.0000E+00  0.0000E+00
      6.767  0.6246E-02  0.6709E-01  0.6709E-01  0.6709E-01  0.0000E+00  0.0000E+00  0.0000E+00  0.0000E+00  0.0000E+00
      6.919  0.5725E-02  0.6670E-01  0.6670E-01  0.6670E-01  0.0000E+00  0.0000E+00  0.0000E+00  0.0000E+00  0.0000E+00
      7.070  0.5200E-02  0.6212E-01  0.6212E-01  0.6212E-01  0.0000E+00  0.0000E+00  0.0000E+00  0.0000E+00  0.0000E+00
      7.222  0.4660E-02  0.5181E-01  0.5181E-01  0.5181E-01  0.0000E+00  0.0000E+00  0.0000E+00  0.0000E+00  0.0000E+00
      7.373  0.4197E-02  0.4555E-01  0.4555E-01  0.4555E-01  0.0000E+00  0.0000E+00  0.0000E+00  0.0000E+00  0.0000E+00
      7.524  0.3818E-02  0.4121E-01  0.4121E-01  0.4121E-01  0.0000E+00  0.0000E+00  0.0000E+00  0.0000E+00  0.0000E+00
      7.676  0.3438E-02  0.3766E-01  0.3766E-01  0.3766E-01  0.0000E+00  0.0000E+00  0.0000E+00  0.0000E+00  0.0000E+00
      7.827  0.3056E-02  0.3453E-01  0.3453E-01  0.3453E-01  0.0000E+00  0.0000E+00  0.0000E+00  0.0000E+00  0.0000E+00
      7.978  0.2735E-02  0.3189E-01  0.3189E-01  0.3189E-01  0.0000E+00  0.0000E+00  0.0000E+00  0.0000E+00  0.0000E+00
      8.130  0.2429E-02  0.2941E-01  0.2941E-01  0.2941E-01  0.0000E+00  0.0000E+00  0.0000E+00  0.0000E+00  0.0000E+00
      8.281  0.2141E-02  0.2703E-01  0.2703E-01  0.2703E-01  0.0000E+00  0.0000E+00  0.0000E+00  0.0000E+00  0.0000E+00
      8.433  0.1838E-02  0.2479E-01  0.2479E-01  0.2479E-01  0.0000E+00  0.0000E+00  0.0000E+00  0.0000E+00  0.0000E+00
      8.584  0.1585E-02  0.2278E-01  0.2278E-01  0.2278E-01  0.0000E+00  0.0000E+00  0.0000E+00  0.0000E+00  0.0000E+00
      8.735  0.1360E-02  0.2074E-01  0.2074E-01  0.2074E-01  0.0000E+00  0.0000E+00  0.0000E+00  0.0000E+00  0.0000E+00
      8.887  0.1107E-02  0.1883E-01  0.1883E-01  0.1883E-01  0.0000E+00  0.0000E+00  0.0000E+00  0.0000E+00  0.0000E+00
      9.038  0.9119E-03  0.1700E-01  0.1700E-01  0.1700E-01  0.0000E+00  0.0000E+00  0.0000E+00  0.0000E+00  0.0000E+00
      9.189  0.7278E-03  0.1510E-01  0.1510E-01  0.1510E-01  0.0000E+00  0.0000E+00  0.0000E+00  0.0000E+00  0.0000E+00
      9.341  0.5303E-03  0.1330E-01  0.1330E-01  0.1330E-01  0.0000E+00  0.0000E+00  0.0000E+00  0.0000E+00  0.0000E+00
      9.492  0.3848E-03  0.1141E-01  0.1141E-01  0.1141E-01  0.0000E+00  0.0000E+00  0.0000E+00  0.0000E+00  0.0000E+00
      9.644  0.2552E-03  0.9592E-02  0.9592E-02  0.9592E-02  0.0000E+00  0.0000E+00  0.0000E+00  0.0000E+00  0.0000E+00
      9.795  0.1348E-03  0.7280E-02  0.7280E-02  0.7280E-02  0.0000E+00  0.0000E+00  0.0000E+00  0.0000E+00  0.0000E+00
      9.946  0.4888E-04  0.5105E-02  0.5105E-02  0.5105E-02  0.0000E+00  0.0000E+00  0.0000E+00  0.0000E+00  0.0000E+00
     10.098  0.4666E-05  0.6729E-03  0.6729E-03  0.6729E-03  0.0000E+00  0.0000E+00  0.0000E+00  0.0000E+00  0.0000E+00
     10.249  0.0000E+00  0.0000E+00  0.0000E+00  0.0000E+00  0.0000E+00  0.0000E+00  0.0000E+00  0.0000E+00  0.0000E+00
     10.400  0.0000E+00  0.0000E+00  0.0000E+00  0.0000E+00  0.0000E+00  0.0000E+00  0.0000E+00  0.0000E+00  0.0000E+00
     10.552  0.0000E+00  0.0000E+00  0.0000E+00  0.0000E+00  0.0000E+00  0.0000E+00  0.0000E+00  0.0000E+00  0.0000E+00
     10.703  0.0000E+00  0.0000E+00  0.0000E+00  0.0000E+00  0.0000E+00  0.0000E+00  0.0000E+00  0.0000E+00  0.0000E+00
     10.855  0.0000E+00  0.0000E+00  0.0000E+00  0.0000E+00  0.0000E+00  0.0000E+00  0.0000E+00  0.0000E+00  0.0000E+00
     11.006  0.0000E+00  0.0000E+00  0.0000E+00  0.0000E+00  0.0000E+00  0.0000E+00  0.0000E+00  0.0000E+00  0.0000E+00
     11.157  0.0000E+00  0.0000E+00  0.0000E+00  0.0000E+00  0.0000E+00  0.0000E+00  0.0000E+00  0.0000E+00  0.0000E+00
     11.309  0.0000E+00  0.0000E+00  0.0000E+00  0.0000E+00  0.0000E+00  0.0000E+00  0.0000E+00  0.0000E+00  0.0000E+00
     11.460  0.0000E+00  0.0000E+00  0.0000E+00  0.0000E+00  0.0000E+00  0.0000E+00  0.0000E+00  0.0000E+00  0.0000E+00
     11.611  0.0000E+00  0.0000E+00  0.0000E+00  0.0000E+00  0.0000E+00  0.0000E+00  0.0000E+00  0.0000E+00  0.0000E+00
     11.763  0.0000E+00  0.0000E+00  0.0000E+00  0.0000E+00  0.0000E+00  0.0000E+00  0.0000E+00  0.0000E+00  0.0000E+00
     11.914  0.0000E+00  0.0000E+00  0.0000E+00  0.0000E+00  0.0000E+00  0.0000E+00  0.0000E+00  0.0000E+00  0.0000E+00
     12.066  0.0000E+00  0.0000E+00  0.0000E+00  0.0000E+00  0.0000E+00  0.0000E+00  0.0000E+00  0.0000E+00  0.0000E+00
     12.217  0.0000E+00  0.0000E+00  0.0000E+00  0.0000E+00  0.0000E+00  0.0000E+00  0.0000E+00  0.0000E+00  0.0000E+00
     12.368  0.0000E+00  0.0000E+00  0.0000E+00  0.0000E+00  0.0000E+00  0.0000E+00  0.0000E+00  0.0000E+00  0.0000E+00
     12.520  0.0000E+00  0.0000E+00  0.0000E+00  0.0000E+00  0.0000E+00  0.0000E+00  0.0000E+00  0.0000E+00  0.0000E+00
     12.671  0.0000E+00  0.0000E+00  0.0000E+00  0.0000E+00  0.0000E+00  0.0000E+00  0.0000E+00  0.0000E+00  0.0000E+00
     12.822  0.0000E+00  0.0000E+00  0.0000E+00  0.0000E+00  0.0000E+00  0.0000E+00  0.0000E+00  0.0000E+00  0.0000E+00
     12.974  0.0000E+00  0.0000E+00  0.0000E+00  0.0000E+00  0.0000E+00  0.0000E+00  0.0000E+00  0.0000E+00  0.0000E+00
     13.125  0.0000E+00  0.0000E+00  0.0000E+00  0.0000E+00  0.0000E+00  0.0000E+00  0.0000E+00  0.0000E+00  0.0000E+00
     13.277  0.0000E+00  0.0000E+00  0.0000E+00  0.0000E+00  0.0000E+00  0.0000E+00  0.0000E+00  0.0000E+00  0.0000E+00
     13.428  0.0000E+00  0.0000E+00  0.0000E+00  0.0000E+00  0.0000E+00  0.0000E+00  0.0000E+00  0.0000E+00  0.0000E+00
     13.579  0.0000E+00  0.0000E+00  0.0000E+00  0.0000E+00  0.0000E+00  0.0000E+00  0.0000E+00  0.0000E+00  0.0000E+00
     13.731  0.0000E+00  0.0000E+00  0.0000E+00  0.0000E+00  0.0000E+00  0.0000E+00  0.0000E+00  0.0000E+00  0.0000E+00
     13.882  0.0000E+00  0.0000E+00  0.0000E+00  0.0000E+00  0.0000E+00  0.0000E+00  0.0000E+00  0.0000E+00  0.0000E+00
     14.033  0.0000E+00  0.0000E+00  0.0000E+00  0.0000E+00  0.0000E+00  0.0000E+00  0.0000E+00  0.0000E+00  0.0000E+00
     14.185  0.0000E+00  0.0000E+00  0.0000E+00  0.0000E+00  0.0000E+00  0.0000E+00  0.0000E+00  0.0000E+00  0.0000E+00
     14.336  0.0000E+00  0.0000E+00  0.0000E+00  0.0000E+00  0.0000E+00  0.0000E+00  0.0000E+00  0.0000E+00  0.0000E+00
     14.488  0.1817E-02  0.5688E-03  0.5688E-03  0.5688E-03  0.0000E+00  0.0000E+00  0.0000E+00  0.0000E+00  0.0000E+00
     14.639  0.7885E-02  0.2635E-02  0.2635E-02  0.2635E-02  0.0000E+00  0.0000E+00  0.0000E+00  0.0000E+00  0.0000E+00
     14.790  0.9900E-02  0.3664E-02  0.3664E-02  0.3664E-02  0.0000E+00  0.0000E+00  0.0000E+00  0.0000E+00  0.0000E+00
     14.942  0.1260E-01  0.4979E-02  0.4979E-02  0.4979E-02  0.0000E+00  0.0000E+00  0.0000E+00  0.0000E+00  0.0000E+00
     15.093  0.1561E-01  0.6424E-02  0.6424E-02  0.6424E-02  0.0000E+00  0.0000E+00  0.0000E+00  0.0000E+00  0.0000E+00
     15.244  0.1918E-01  0.8109E-02  0.8109E-02  0.8109E-02  0.0000E+00  0.0000E+00  0.0000E+00  0.0000E+00  0.0000E+00
     15.396  0.2200E-01  0.9843E-02  0.9843E-02  0.9843E-02  0.0000E+00  0.0000E+00  0.0000E+00  0.0000E+00  0.0000E+00
     15.547  0.2364E-01  0.1159E-01  0.1159E-01  0.1159E-01  0.0000E+00  0.0000E+00  0.0000E+00  0.0000E+00  0.0000E+00
     15.699  0.2510E-01  0.1358E-01  0.1358E-01  0.1358E-01  0.0000E+00  0.0000E+00  0.0000E+00  0.0000E+00  0.0000E+00
     15.850  0.2648E-01  0.1603E-01  0.1603E-01  0.1603E-01  0.0000E+00  0.0000E+00  0.0000E+00  0.0000E+00  0.0000E+00
     16.001  0.2771E-01  0.2134E-01  0.2134E-01  0.2134E-01  0.0000E+00  0.0000E+00  0.0000E+00  0.0000E+00  0.0000E+00
     16.153  0.2841E-01  0.2147E-01  0.2147E-01  0.2147E-01  0.0000E+00  0.0000E+00  0.0000E+00  0.0000E+00  0.0000E+00
     16.304  0.2908E-01  0.2291E-01  0.2291E-01  0.2291E-01  0.0000E+00  0.0000E+00  0.0000E+00  0.0000E+00  0.0000E+00
     16.455  0.2975E-01  0.2412E-01  0.2412E-01  0.2412E-01  0.0000E+00  0.0000E+00  0.0000E+00  0.0000E+00  0.0000E+00
     16.607  0.3047E-01  0.2545E-01  0.2545E-01  0.2545E-01  0.0000E+00  0.0000E+00  0.0000E+00  0.0000E+00  0.0000E+00
     16.758  0.3100E-01  0.2693E-01  0.2693E-01  0.2693E-01  0.0000E+00  0.0000E+00  0.0000E+00  0.0000E+00  0.0000E+00
     16.910  0.3141E-01  0.2838E-01  0.2838E-01  0.2838E-01  0.0000E+00  0.0000E+00  0.0000E+00  0.0000E+00  0.0000E+00
     17.061  0.3189E-01  0.2996E-01  0.2996E-01  0.2996E-01  0.0000E+00  0.0000E+00  0.0000E+00  0.0000E+00  0.0000E+00
     17.212  0.3236E-01  0.3163E-01  0.3163E-01  0.3163E-01  0.0000E+00  0.0000E+00  0.0000E+00  0.0000E+00  0.0000E+00
     17.364  0.3283E-01  0.3341E-01  0.3341E-01  0.3341E-01  0.0000E+00  0.0000E+00  0.0000E+00  0.0000E+00  0.0000E+00
     17.515  0.3328E-01  0.3536E-01  0.3536E-01  0.3536E-01  0.0000E+00  0.0000E+00  0.0000E+00  0.0000E+00  0.0000E+00
     17.666  0.3363E-01  0.3735E-01  0.3735E-01  0.3735E-01  0.0000E+00  0.0000E+00  0.0000E+00  0.0000E+00  0.0000E+00
     17.818  0.3403E-01  0.3959E-01  0.3959E-01  0.3959E-01  0.0000E+00  0.0000E+00  0.0000E+00  0.0000E+00  0.0000E+00
     17.969  0.3447E-01  0.4197E-01  0.4197E-01  0.4197E-01  0.0000E+00  0.0000E+00  0.0000E+00  0.0000E+00  0.0000E+00
     18.121  0.3504E-01  0.4482E-01  0.4482E-01  0.4482E-01  0.0000E+00  0.0000E+00  0.0000E+00  0.0000E+00  0.0000E+00
     18.272  0.3557E-01  0.4800E-01  0.4800E-01  0.4800E-01  0.0000E+00  0.0000E+00  0.0000E+00  0.0000E+00  0.0000E+00
     18.423  0.3631E-01  0.5197E-01  0.5197E-01  0.5197E-01  0.0000E+00  0.0000E+00  0.0000E+00  0.0000E+00  0.0000E+00
     18.575  0.3713E-01  0.5728E-01  0.5728E-01  0.5728E-01  0.0000E+00  0.0000E+00  0.0000E+00  0.0000E+00  0.0000E+00
     18.726  0.3960E-01  0.6852E-01  0.6852E-01  0.6852E-01  0.0000E+00  0.0000E+00  0.0000E+00  0.0000E+00  0.0000E+00
     18.877  0.4059E-01  0.7626E-01  0.7626E-01  0.7626E-01  0.0000E+00  0.0000E+00  0.0000E+00  0.0000E+00  0.0000E+00
     19.029  0.4034E-01  0.7151E-01  0.7151E-01  0.7151E-01  0.0000E+00  0.0000E+00  0.0000E+00  0.0000E+00  0.0000E+00
     19.180  0.3643E-01  0.5520E-01  0.5520E-01  0.5520E-01  0.0000E+00  0.0000E+00  0.0000E+00  0.0000E+00  0.0000E+00
     19.332  0.6128E-01  0.7286E-01  0.7286E-01  0.7286E-01  0.0000E+00  0.0000E+00  0.0000E+00  0.0000E+00  0.0000E+00
     19.483  0.6287E-01  0.6146E-01  0.6146E-01  0.6146E-01  0.0000E+00  0.0000E+00  0.0000E+00  0.0000E+00  0.0000E+00
     19.634  0.7229E-01  0.5627E-01  0.5627E-01  0.5627E-01  0.0000E+00  0.0000E+00  0.0000E+00  0.0000E+00  0.0000E+00
     19.786  0.6432E-01  0.5543E-01  0.5543E-01  0.5543E-01  0.0000E+00  0.0000E+00  0.0000E+00  0.0000E+00  0.0000E+00
     19.937  0.6294E-01  0.5441E-01  0.5441E-01  0.5441E-01  0.0000E+00  0.0000E+00  0.0000E+00  0.0000E+00  0.0000E+00
     20.088  0.5641E-01  0.5234E-01  0.5234E-01  0.5234E-01  0.0000E+00  0.0000E+00  0.0000E+00  0.0000E+00  0.0000E+00
     20.240  0.5596E-01  0.5293E-01  0.5293E-01  0.5293E-01  0.0000E+00  0.0000E+00  0.0000E+00  0.0000E+00  0.0000E+00
     20.391  0.5238E-01  0.5189E-01  0.5189E-01  0.5189E-01  0.0000E+00  0.0000E+00  0.0000E+00  0.0000E+00  0.0000E+00
     20.543  0.5022E-01  0.5381E-01  0.5381E-01  0.5381E-01  0.0000E+00  0.0000E+00  0.0000E+00  0.0000E+00  0.0000E+00
     20.694  0.4710E-01  0.5325E-01  0.5325E-01  0.5325E-01  0.0000E+00  0.0000E+00  0.0000E+00  0.0000E+00  0.0000E+00
     20.845  0.4553E-01  0.5225E-01  0.5225E-01  0.5225E-01  0.0000E+00  0.0000E+00  0.0000E+00  0.0000E+00  0.0000E+00
     20.997  0.4347E-01  0.5135E-01  0.5135E-01  0.5135E-01  0.0000E+00  0.0000E+00  0.0000E+00  0.0000E+00  0.0000E+00
     21.148  0.3989E-01  0.4969E-01  0.4969E-01  0.4969E-01  0.0000E+00  0.0000E+00  0.0000E+00  0.0000E+00  0.0000E+00
     21.299  0.3888E-01  0.4859E-01  0.4859E-01  0.4859E-01  0.0000E+00  0.0000E+00  0.0000E+00  0.0000E+00  0.0000E+00
     21.451  0.3943E-01  0.4825E-01  0.4825E-01  0.4825E-01  0.0000E+00  0.0000E+00  0.0000E+00  0.0000E+00  0.0000E+00
     21.602  0.3547E-01  0.4396E-01  0.4396E-01  0.4396E-01  0.0000E+00  0.0000E+00  0.0000E+00  0.0000E+00  0.0000E+00
     21.754  0.2983E-01  0.3921E-01  0.3921E-01  0.3921E-01  0.0000E+00  0.0000E+00  0.0000E+00  0.0000E+00  0.0000E+00
     21.905  0.2815E-01  0.3789E-01  0.3789E-01  0.3789E-01  0.0000E+00  0.0000E+00  0.0000E+00  0.0000E+00  0.0000E+00
     22.056  0.3501E-01  0.4061E-01  0.4061E-01  0.4061E-01  0.0000E+00  0.0000E+00  0.0000E+00  0.0000E+00  0.0000E+00
     22.208  0.3825E-01  0.3962E-01  0.3962E-01  0.3962E-01  0.0000E+00  0.0000E+00  0.0000E+00  0.0000E+00  0.0000E+00
     22.359  0.4489E-01  0.4190E-01  0.4190E-01  0.4190E-01  0.0000E+00  0.0000E+00  0.0000E+00  0.0000E+00  0.0000E+00
     22.510  0.4493E-01  0.4088E-01  0.4088E-01  0.4088E-01  0.0000E+00  0.0000E+00  0.0000E+00  0.0000E+00  0.0000E+00
     22.662  0.4807E-01  0.4222E-01  0.4222E-01  0.4222E-01  0.0000E+00  0.0000E+00  0.0000E+00  0.0000E+00  0.0000E+00
     22.813  0.5291E-01  0.4474E-01  0.4474E-01  0.4474E-01  0.0000E+00  0.0000E+00  0.0000E+00  0.0000E+00  0.0000E+00
     22.965  0.5230E-01  0.4554E-01  0.4554E-01  0.4554E-01  0.0000E+00  0.0000E+00  0.0000E+00  0.0000E+00  0.0000E+00
     23.116  0.5625E-01  0.4816E-01  0.4816E-01  0.4816E-01  0.0000E+00  0.0000E+00  0.0000E+00  0.0000E+00  0.0000E+00
     23.267  0.5544E-01  0.4759E-01  0.4759E-01  0.4759E-01  0.0000E+00  0.0000E+00  0.0000E+00  0.0000E+00  0.0000E+00
     23.419  0.5693E-01  0.4943E-01  0.4943E-01  0.4943E-01  0.0000E+00  0.0000E+00  0.0000E+00  0.0000E+00  0.0000E+00
     23.570  0.5846E-01  0.5179E-01  0.5179E-01  0.5179E-01  0.0000E+00  0.0000E+00  0.0000E+00  0.0000E+00  0.0000E+00
     23.721  0.5502E-01  0.5157E-01  0.5157E-01  0.5157E-01  0.0000E+00  0.0000E+00  0.0000E+00  0.0000E+00  0.0000E+00
     23.873  0.5588E-01  0.5212E-01  0.5212E-01  0.5212E-01  0.0000E+00  0.0000E+00  0.0000E+00  0.0000E+00  0.0000E+00
     24.024  0.5666E-01  0.5318E-01  0.5318E-01  0.5318E-01  0.0000E+00  0.0000E+00  0.0000E+00  0.0000E+00  0.0000E+00
     24.176  0.5834E-01  0.5581E-01  0.5581E-01  0.5581E-01  0.0000E+00  0.0000E+00  0.0000E+00  0.0000E+00  0.0000E+00
     24.327  0.5871E-01  0.5676E-01  0.5676E-01  0.5676E-01  0.0000E+00  0.0000E+00  0.0000E+00  0.0000E+00  0.0000E+00
     24.478  0.6309E-01  0.5901E-01  0.5901E-01  0.5901E-01  0.0000E+00  0.0000E+00  0.0000E+00  0.0000E+00  0.0000E+00
     24.630  0.1212E+00  0.6138E-01  0.6138E-01  0.6138E-01  0.0000E+00  0.0000E+00  0.0000E+00  0.0000E+00  0.0000E+00
     24.781  0.1195E+00  0.6722E-01  0.6722E-01  0.6722E-01  0.0000E+00  0.0000E+00  0.0000E+00  0.0000E+00  0.0000E+00
     24.932  0.9954E-01  0.6437E-01  0.6437E-01  0.6437E-01  0.0000E+00  0.0000E+00  0.0000E+00  0.0000E+00  0.0000E+00
     25.084  0.6338E-01  0.5976E-01  0.5976E-01  0.5976E-01  0.0000E+00  0.0000E+00  0.0000E+00  0.0000E+00  0.0000E+00
     25.235  0.5227E-01  0.6157E-01  0.6157E-01  0.6157E-01  0.0000E+00  0.0000E+00  0.0000E+00  0.0000E+00  0.0000E+00
     25.387  0.4676E-01  0.6451E-01  0.6451E-01  0.6451E-01  0.0000E+00  0.0000E+00  0.0000E+00  0.0000E+00  0.0000E+00
     25.538  0.4759E-01  0.7509E-01  0.7509E-01  0.7509E-01  0.0000E+00  0.0000E+00  0.0000E+00  0.0000E+00  0.0000E+00
     25.689  0.4815E-01  0.8283E-01  0.8283E-01  0.8283E-01  0.0000E+00  0.0000E+00  0.0000E+00  0.0000E+00  0.0000E+00
     25.841  0.4336E-01  0.8046E-01  0.8046E-01  0.8046E-01  0.0000E+00  0.0000E+00  0.0000E+00  0.0000E+00  0.0000E+00
     25.992  0.3604E-01  0.7257E-01  0.7257E-01  0.7257E-01  0.0000E+00  0.0000E+00  0.0000E+00  0.0000E+00  0.0000E+00
     26.143  0.2981E-01  0.6771E-01  0.6771E-01  0.6771E-01  0.0000E+00  0.0000E+00  0.0000E+00  0.0000E+00  0.0000E+00
     26.295  0.2529E-01  0.6549E-01  0.6549E-01  0.6549E-01  0.0000E+00  0.0000E+00  0.0000E+00  0.0000E+00  0.0000E+00
     26.446  0.2101E-01  0.6236E-01  0.6236E-01  0.6236E-01  0.0000E+00  0.0000E+00  0.0000E+00  0.0000E+00  0.0000E+00
     26.598  0.1751E-01  0.6028E-01  0.6028E-01  0.6028E-01  0.0000E+00  0.0000E+00  0.0000E+00  0.0000E+00  0.0000E+00
     26.749  0.1386E-01  0.5749E-01  0.5749E-01  0.5749E-01  0.0000E+00  0.0000E+00  0.0000E+00  0.0000E+00  0.0000E+00
     26.900  0.1041E-01  0.5703E-01  0.5703E-01  0.5703E-01  0.0000E+00  0.0000E+00  0.0000E+00  0.0000E+00  0.0000E+00
     27.052  0.7172E-02  0.4679E-01  0.4679E-01  0.4679E-01  0.0000E+00  0.0000E+00  0.0000E+00  0.0000E+00  0.0000E+00
     27.203  0.4971E-02  0.2743E-01  0.2743E-01  0.2743E-01  0.0000E+00  0.0000E+00  0.0000E+00  0.0000E+00  0.0000E+00
     27.354  0.3881E-02  0.2523E-01  0.2523E-01  0.2523E-01  0.0000E+00  0.0000E+00  0.0000E+00  0.0000E+00  0.0000E+00
     27.506  0.2985E-02  0.2277E-01  0.2277E-01  0.2277E-01  0.0000E+00  0.0000E+00  0.0000E+00  0.0000E+00  0.0000E+00
     27.657  0.2190E-02  0.2019E-01  0.2019E-01  0.2019E-01  0.0000E+00  0.0000E+00  0.0000E+00  0.0000E+00  0.0000E+00
     27.809  0.1466E-02  0.1779E-01  0.1779E-01  0.1779E-01  0.0000E+00  0.0000E+00  0.0000E+00  0.0000E+00  0.0000E+00
     27.960  0.8718E-03  0.1438E-01  0.1438E-01  0.1438E-01  0.0000E+00  0.0000E+00  0.0000E+00  0.0000E+00  0.0000E+00
     28.111  0.3917E-03  0.1090E-01  0.1090E-01  0.1090E-01  0.0000E+00  0.0000E+00  0.0000E+00  0.0000E+00  0.0000E+00
     28.263  0.1147E-03  0.6943E-02  0.6943E-02  0.6943E-02  0.0000E+00  0.0000E+00  0.0000E+00  0.0000E+00  0.0000E+00
     28.414  0.1499E-05  0.3094E-03  0.3094E-03  0.3094E-03  0.0000E+00  0.0000E+00  0.0000E+00  0.0000E+00  0.0000E+00
     28.565  0.0000E+00  0.0000E+00  0.0000E+00  0.0000E+00  0.0000E+00  0.0000E+00  0.0000E+00  0.0000E+00  0.0000E+00
     28.717  0.0000E+00  0.0000E+00  0.0000E+00  0.0000E+00  0.0000E+00  0.0000E+00  0.0000E+00  0.0000E+00  0.0000E+00
     28.868  0.0000E+00  0.0000E+00  0.0000E+00  0.0000E+00  0.0000E+00  0.0000E+00  0.0000E+00  0.0000E+00  0.0000E+00
     29.020  0.0000E+00  0.0000E+00  0.0000E+00  0.0000E+00  0.0000E+00  0.0000E+00  0.0000E+00  0.0000E+00  0.0000E+00
     29.171  0.0000E+00  0.0000E+00  0.0000E+00  0.0000E+00  0.0000E+00  0.0000E+00  0.0000E+00  0.0000E+00  0.0000E+00
     29.322  0.0000E+00  0.0000E+00  0.0000E+00  0.0000E+00  0.0000E+00  0.0000E+00  0.0000E+00  0.0000E+00  0.0000E+00
     29.474  0.0000E+00  0.0000E+00  0.0000E+00  0.0000E+00  0.0000E+00  0.0000E+00  0.0000E+00  0.0000E+00  0.0000E+00
     29.625  0.0000E+00  0.0000E+00  0.0000E+00  0.0000E+00  0.0000E+00  0.0000E+00  0.0000E+00  0.0000E+00  0.0000E+00
     29.776  0.0000E+00  0.0000E+00  0.0000E+00  0.0000E+00  0.0000E+00  0.0000E+00  0.0000E+00  0.0000E+00  0.0000E+00
     29.928  0.0000E+00  0.0000E+00  0.0000E+00  0.0000E+00  0.0000E+00  0.0000E+00  0.0000E+00  0.0000E+00  0.0000E+00
     30.079  0.0000E+00  0.0000E+00  0.0000E+00  0.0000E+00  0.0000E+00  0.0000E+00  0.0000E+00  0.0000E+00  0.0000E+00
     30.231  0.0000E+00  0.0000E+00  0.0000E+00  0.0000E+00  0.0000E+00  0.0000E+00  0.0000E+00  0.0000E+00  0.0000E+00
     30.382  0.0000E+00  0.0000E+00  0.0000E+00  0.0000E+00  0.0000E+00  0.0000E+00  0.0000E+00  0.0000E+00  0.0000E+00
