   2   2   1   0
  0.5747361E+01  0.2533210E-09  0.2533210E-09  0.2533210E-09  0.5000000E-15
  1.000000000000000E-004
  CAR 
 C                                       
     29.18642623    -15.00128583  301     13.81025528      1.00000000
    -15.001  0.0000E+00  0.0000E+00
    -14.854  0.0000E+00  0.0000E+00
    -14.707  0.0000E+00  0.0000E+00
    -14.559  0.0000E+00  0.0000E+00
    -14.412  0.0000E+00  0.0000E+00
    -14.265  0.0000E+00  0.0000E+00
    -14.118  0.0000E+00  0.0000E+00
    -13.970  0.0000E+00  0.0000E+00
    -13.823  0.0000E+00  0.0000E+00
    -13.676  0.0000E+00  0.0000E+00
    -13.528  0.0000E+00  0.0000E+00
    -13.381  0.0000E+00  0.0000E+00
    -13.234  0.0000E+00  0.0000E+00
    -13.086  0.0000E+00  0.0000E+00
    -12.939  0.2566E-01  0.7154E-03
    -12.792  0.5901E-01  0.6066E-02
    -12.645  0.7059E-01  0.1418E-01
    -12.497  0.7500E-01  0.2431E-01
    -12.350  0.8575E-01  0.3612E-01
    -12.203  0.9494E-01  0.4942E-01
    -12.055  0.1037E+00  0.6408E-01
    -11.908  0.1122E+00  0.7998E-01
    -11.761  0.1195E+00  0.9703E-01
    -11.614  0.1269E+00  0.1152E+00
    -11.466  0.1339E+00  0.1344E+00
    -11.319  0.1406E+00  0.1546E+00
    -11.172  0.1470E+00  0.1758E+00
    -11.024  0.1533E+00  0.1980E+00
    -10.877  0.1594E+00  0.2210E+00
    -10.730  0.1655E+00  0.2449E+00
    -10.583  0.1712E+00  0.2697E+00
    -10.435  0.1772E+00  0.2954E+00
    -10.288  0.1826E+00  0.3219E+00
    -10.141  0.1883E+00  0.3492E+00
     -9.993  0.1939E+00  0.3773E+00
     -9.846  0.1993E+00  0.4063E+00
     -9.699  0.2049E+00  0.4360E+00
     -9.551  0.2103E+00  0.4666E+00
     -9.404  0.2158E+00  0.4980E+00
     -9.257  0.2215E+00  0.5302E+00
     -9.110  0.2270E+00  0.5632E+00
     -8.962  0.2327E+00  0.5971E+00
     -8.815  0.2386E+00  0.6318E+00
     -8.668  0.2444E+00  0.6674E+00
     -8.520  0.2505E+00  0.7038E+00
     -8.373  0.2570E+00  0.7412E+00
     -8.226  0.2637E+00  0.7795E+00
     -8.079  0.2708E+00  0.8189E+00
     -7.931  0.2786E+00  0.8593E+00
     -7.784  0.2871E+00  0.9010E+00
     -7.637  0.2970E+00  0.9440E+00
     -7.489  0.3088E+00  0.9885E+00
     -7.342  0.3244E+00  0.1035E+01
     -7.195  0.3513E+00  0.1085E+01
     -7.047  0.3887E+00  0.1140E+01
     -6.900  0.3754E+00  0.1195E+01
     -6.753  0.3575E+00  0.1248E+01
     -6.606  0.3493E+00  0.1301E+01
     -6.458  0.3369E+00  0.1351E+01
     -6.311  0.3286E+00  0.1400E+01
     -6.164  0.3166E+00  0.1448E+01
     -6.016  0.3077E+00  0.1494E+01
     -5.869  0.2975E+00  0.1538E+01
     -5.722  0.2863E+00  0.1581E+01
     -5.575  0.2767E+00  0.1623E+01
     -5.427  0.2659E+00  0.1663E+01
     -5.280  0.2560E+00  0.1701E+01
     -5.133  0.2446E+00  0.1738E+01
     -4.985  0.2347E+00  0.1773E+01
     -4.838  0.2226E+00  0.1807E+01
     -4.691  0.2121E+00  0.1839E+01
     -4.544  0.2001E+00  0.1869E+01
     -4.396  0.1887E+00  0.1898E+01
     -4.249  0.2388E+00  0.1928E+01
     -4.102  0.2634E+00  0.1964E+01
     -3.954  0.2233E+00  0.2001E+01
     -3.807  0.1936E+00  0.2031E+01
     -3.660  0.2075E+00  0.2060E+01
     -3.512  0.2235E+00  0.2091E+01
     -3.365  0.2549E+00  0.2126E+01
     -3.218  0.2958E+00  0.2167E+01
     -3.071  0.3522E+00  0.2214E+01
     -2.923  0.4169E+00  0.2271E+01
     -2.776  0.5072E+00  0.2338E+01
     -2.629  0.7135E+00  0.2427E+01
     -2.481  0.6579E+00  0.2528E+01
     -2.334  0.5006E+00  0.2609E+01
     -2.187  0.4416E+00  0.2678E+01
     -2.040  0.4079E+00  0.2741E+01
     -1.892  0.3767E+00  0.2798E+01
     -1.745  0.3570E+00  0.2852E+01
     -1.598  0.3332E+00  0.2903E+01
     -1.450  0.3197E+00  0.2951E+01
     -1.303  0.3001E+00  0.2997E+01
     -1.156  0.2892E+00  0.3040E+01
     -1.009  0.2765E+00  0.3082E+01
     -0.861  0.2626E+00  0.3121E+01
     -0.714  0.2539E+00  0.3159E+01
     -0.567  0.2400E+00  0.3196E+01
     -0.419  0.2324E+00  0.3231E+01
     -0.272  0.2244E+00  0.3264E+01
     -0.125  0.3023E+00  0.3302E+01
      0.023  0.3423E+00  0.3349E+01
      0.170  0.3834E+00  0.3403E+01
      0.317  0.4276E+00  0.3462E+01
      0.464  0.5099E+00  0.3530E+01
      0.612  0.5384E+00  0.3608E+01
      0.759  0.5102E+00  0.3684E+01
      0.906  0.4957E+00  0.3758E+01
      1.054  0.4905E+00  0.3831E+01
      1.201  0.4875E+00  0.3903E+01
      1.348  0.4951E+00  0.3975E+01
      1.495  0.5050E+00  0.4049E+01
      1.643  0.5093E+00  0.4124E+01
      1.790  0.5307E+00  0.4200E+01
      1.937  0.5344E+00  0.4278E+01
      2.085  0.5457E+00  0.4357E+01
      2.232  0.5651E+00  0.4439E+01
      2.379  0.5797E+00  0.4523E+01
      2.527  0.6083E+00  0.4610E+01
      2.674  0.6264E+00  0.4701E+01
      2.821  0.6783E+00  0.4798E+01
      2.968  0.7883E+00  0.4904E+01
      3.116  0.7957E+00  0.5017E+01
      3.263  0.7567E+00  0.5129E+01
      3.410  0.7495E+00  0.5240E+01
      3.558  0.7411E+00  0.5349E+01
      3.705  0.7328E+00  0.5458E+01
      3.852  0.7221E+00  0.5565E+01
      3.999  0.7171E+00  0.5671E+01
      4.147  0.7109E+00  0.5776E+01
      4.294  0.6995E+00  0.5880E+01
      4.441  0.6937E+00  0.5983E+01
      4.589  0.6875E+00  0.6084E+01
      4.736  0.6788E+00  0.6185E+01
      4.883  0.6725E+00  0.6284E+01
      5.030  0.6650E+00  0.6383E+01
      5.178  0.6582E+00  0.6480E+01
      5.325  0.6514E+00  0.6577E+01
      5.472  0.6435E+00  0.6672E+01
      5.620  0.6363E+00  0.6766E+01
      5.767  0.6300E+00  0.6860E+01
      5.914  0.6232E+00  0.6952E+01
      6.062  0.6170E+00  0.7043E+01
      6.209  0.6089E+00  0.7134E+01
      6.356  0.6044E+00  0.7223E+01
      6.503  0.6016E+00  0.7311E+01
      6.651  0.5223E+00  0.7393E+01
      6.798  0.4356E+00  0.7462E+01
      6.945  0.3911E+00  0.7522E+01
      7.093  0.3553E+00  0.7577E+01
      7.240  0.3236E+00  0.7627E+01
      7.387  0.2968E+00  0.7673E+01
      7.534  0.2724E+00  0.7715E+01
      7.682  0.2494E+00  0.7753E+01
      7.829  0.2275E+00  0.7788E+01
      7.976  0.2089E+00  0.7820E+01
      8.124  0.1900E+00  0.7850E+01
      8.271  0.1720E+00  0.7876E+01
      8.418  0.1550E+00  0.7900E+01
      8.565  0.1382E+00  0.7922E+01
      8.713  0.1224E+00  0.7941E+01
      8.860  0.1056E+00  0.7958E+01
      9.007  0.8894E-01  0.7972E+01
      9.155  0.7220E-01  0.7984E+01
      9.302  0.5480E-01  0.7993E+01
      9.449  0.2864E-01  0.7999E+01
      9.597  0.0000E+00  0.8000E+01
      9.744  0.0000E+00  0.8000E+01
      9.891  0.0000E+00  0.8000E+01
     10.038  0.0000E+00  0.8000E+01
     10.186  0.0000E+00  0.8000E+01
     10.333  0.0000E+00  0.8000E+01
     10.480  0.0000E+00  0.8000E+01
     10.628  0.0000E+00  0.8000E+01
     10.775  0.0000E+00  0.8000E+01
     10.922  0.0000E+00  0.8000E+01
     11.069  0.0000E+00  0.8000E+01
     11.217  0.0000E+00  0.8000E+01
     11.364  0.0000E+00  0.8000E+01
     11.511  0.0000E+00  0.8000E+01
     11.659  0.0000E+00  0.8000E+01
     11.806  0.0000E+00  0.8000E+01
     11.953  0.0000E+00  0.8000E+01
     12.101  0.0000E+00  0.8000E+01
     12.248  0.0000E+00  0.8000E+01
     12.395  0.0000E+00  0.8000E+01
     12.542  0.0000E+00  0.8000E+01
     12.690  0.0000E+00  0.8000E+01
     12.837  0.0000E+00  0.8000E+01
     12.984  0.0000E+00  0.8000E+01
     13.132  0.0000E+00  0.8000E+01
     13.279  0.0000E+00  0.8000E+01
     13.426  0.0000E+00  0.8000E+01
     13.573  0.0000E+00  0.8000E+01
     13.721  0.0000E+00  0.8000E+01
     13.868  0.3397E-01  0.8001E+01
     14.015  0.7703E-01  0.8009E+01
     14.163  0.1052E+00  0.8022E+01
     14.310  0.1358E+00  0.8040E+01
     14.457  0.1719E+00  0.8062E+01
     14.604  0.2122E+00  0.8091E+01
     14.752  0.2450E+00  0.8124E+01
     14.899  0.2851E+00  0.8163E+01
     15.046  0.3113E+00  0.8207E+01
     15.194  0.3457E+00  0.8255E+01
     15.341  0.4110E+00  0.8309E+01
     15.488  0.4189E+00  0.8370E+01
     15.636  0.4390E+00  0.8433E+01
     15.783  0.4567E+00  0.8499E+01
     15.930  0.4761E+00  0.8568E+01
     16.077  0.4972E+00  0.8639E+01
     16.225  0.5161E+00  0.8714E+01
     16.372  0.5364E+00  0.8791E+01
     16.519  0.5575E+00  0.8872E+01
     16.667  0.5808E+00  0.8956E+01
     16.814  0.6049E+00  0.9043E+01
     16.961  0.6300E+00  0.9134E+01
     17.108  0.6572E+00  0.9229E+01
     17.256  0.6856E+00  0.9328E+01
     17.403  0.7209E+00  0.9431E+01
     17.550  0.7579E+00  0.9540E+01
     17.698  0.8083E+00  0.9655E+01
     17.845  0.8738E+00  0.9779E+01
     17.992  0.9919E+00  0.9915E+01
     18.139  0.1162E+01  0.1008E+02
     18.287  0.1139E+01  0.1025E+02
     18.434  0.1025E+01  0.1038E+02
     18.581  0.1068E+01  0.1054E+02
     18.729  0.9144E+00  0.1068E+02
     18.876  0.8884E+00  0.1081E+02
     19.023  0.8519E+00  0.1094E+02
     19.171  0.8072E+00  0.1106E+02
     19.318  0.7962E+00  0.1118E+02
     19.465  0.7834E+00  0.1130E+02
     19.612  0.7558E+00  0.1141E+02
     19.760  0.7697E+00  0.1152E+02
     19.907  0.7819E+00  0.1164E+02
     20.054  0.7647E+00  0.1175E+02
     20.202  0.7327E+00  0.1186E+02
     20.349  0.7028E+00  0.1197E+02
     20.496  0.6965E+00  0.1207E+02
     20.643  0.6916E+00  0.1217E+02
     20.791  0.5622E+00  0.1227E+02
     20.938  0.5132E+00  0.1235E+02
     21.085  0.5511E+00  0.1242E+02
     21.233  0.5718E+00  0.1250E+02
     21.380  0.6482E+00  0.1259E+02
     21.527  0.6058E+00  0.1268E+02
     21.675  0.5964E+00  0.1277E+02
     21.822  0.6446E+00  0.1286E+02
     21.969  0.6201E+00  0.1295E+02
     22.116  0.6763E+00  0.1305E+02
     22.264  0.6780E+00  0.1315E+02
     22.411  0.6659E+00  0.1325E+02
     22.558  0.6642E+00  0.1335E+02
     22.706  0.7068E+00  0.1345E+02
     22.853  0.6872E+00  0.1355E+02
     23.000  0.7041E+00  0.1365E+02
     23.147  0.7648E+00  0.1376E+02
     23.295  0.9156E+00  0.1388E+02
     23.442  0.8652E+00  0.1401E+02
     23.589  0.8343E+00  0.1413E+02
     23.737  0.8832E+00  0.1426E+02
     23.884  0.7371E+00  0.1438E+02
     24.031  0.6958E+00  0.1448E+02
     24.178  0.6850E+00  0.1458E+02
     24.326  0.7175E+00  0.1469E+02
     24.473  0.8286E+00  0.1480E+02
     24.620  0.9156E+00  0.1493E+02
     24.768  0.8258E+00  0.1506E+02
     24.915  0.7456E+00  0.1518E+02
     25.062  0.6783E+00  0.1528E+02
     25.210  0.6324E+00  0.1538E+02
     25.357  0.6002E+00  0.1547E+02
     25.504  0.5620E+00  0.1555E+02
     25.651  0.5335E+00  0.1563E+02
     25.799  0.5068E+00  0.1571E+02
     25.946  0.4895E+00  0.1578E+02
     26.093  0.3838E+00  0.1585E+02
     26.241  0.2040E+00  0.1588E+02
     26.388  0.1820E+00  0.1591E+02
     26.535  0.1583E+00  0.1594E+02
     26.682  0.1345E+00  0.1596E+02
     26.830  0.1096E+00  0.1598E+02
     26.977  0.8127E-01  0.1599E+02
     27.124  0.5442E-01  0.1600E+02
     27.272  0.0000E+00  0.1600E+02
     27.419  0.0000E+00  0.1600E+02
     27.566  0.0000E+00  0.1600E+02
     27.714  0.0000E+00  0.1600E+02
     27.861  0.0000E+00  0.1600E+02
     28.008  0.0000E+00  0.1600E+02
     28.155  0.0000E+00  0.1600E+02
     28.303  0.0000E+00  0.1600E+02
     28.450  0.0000E+00  0.1600E+02
     28.597  0.0000E+00  0.1600E+02
     28.745  0.0000E+00  0.1600E+02
     28.892  0.0000E+00  0.1600E+02
     29.039  0.0000E+00  0.1600E+02
     29.186  0.0000E+00  0.1600E+02
     29.18642623    -15.00128583  301     13.81025528      1.00000000
    -15.001  0.0000E+00  0.0000E+00  0.0000E+00  0.0000E+00  0.0000E+00  0.0000E+00  0.0000E+00  0.0000E+00  0.0000E+00
    -14.854  0.0000E+00  0.0000E+00  0.0000E+00  0.0000E+00  0.0000E+00  0.0000E+00  0.0000E+00  0.0000E+00  0.0000E+00
    -14.707  0.0000E+00  0.0000E+00  0.0000E+00  0.0000E+00  0.0000E+00  0.0000E+00  0.0000E+00  0.0000E+00  0.0000E+00
    -14.559  0.0000E+00  0.0000E+00  0.0000E+00  0.0000E+00  0.0000E+00  0.0000E+00  0.0000E+00  0.0000E+00  0.0000E+00
    -14.412  0.0000E+00  0.0000E+00  0.0000E+00  0.0000E+00  0.0000E+00  0.0000E+00  0.0000E+00  0.0000E+00  0.0000E+00
    -14.265  0.0000E+00  0.0000E+00  0.0000E+00  0.0000E+00  0.0000E+00  0.0000E+00  0.0000E+00  0.0000E+00  0.0000E+00
    -14.118  0.0000E+00  0.0000E+00  0.0000E+00  0.0000E+00  0.0000E+00  0.0000E+00  0.0000E+00  0.0000E+00  0.0000E+00
    -13.970  0.0000E+00  0.0000E+00  0.0000E+00  0.0000E+00  0.0000E+00  0.0000E+00  0.0000E+00  0.0000E+00  0.0000E+00
    -13.823  0.0000E+00  0.0000E+00  0.0000E+00  0.0000E+00  0.0000E+00  0.0000E+00  0.0000E+00  0.0000E+00  0.0000E+00
    -13.676  0.0000E+00  0.0000E+00  0.0000E+00  0.0000E+00  0.0000E+00  0.0000E+00  0.0000E+00  0.0000E+00  0.0000E+00
    -13.528  0.0000E+00  0.0000E+00  0.0000E+00  0.0000E+00  0.0000E+00  0.0000E+00  0.0000E+00  0.0000E+00  0.0000E+00
    -13.381  0.0000E+00  0.0000E+00  0.0000E+00  0.0000E+00  0.0000E+00  0.0000E+00  0.0000E+00  0.0000E+00  0.0000E+00
    -13.234  0.0000E+00  0.0000E+00  0.0000E+00  0.0000E+00  0.0000E+00  0.0000E+00  0.0000E+00  0.0000E+00  0.0000E+00
    -13.086  0.0000E+00  0.0000E+00  0.0000E+00  0.0000E+00  0.0000E+00  0.0000E+00  0.0000E+00  0.0000E+00  0.0000E+00
    -12.939  0.7172E-02  0.5492E-05  0.5492E-05  0.5492E-05  0.0000E+00  0.0000E+00  0.0000E+00  0.0000E+00  0.0000E+00
    -12.792  0.1642E-01  0.4583E-04  0.4583E-04  0.4583E-04  0.0000E+00  0.0000E+00  0.0000E+00  0.0000E+00  0.0000E+00
    -12.645  0.1955E-01  0.9965E-04  0.9965E-04  0.9965E-04  0.0000E+00  0.0000E+00  0.0000E+00  0.0000E+00  0.0000E+00
    -12.497  0.2068E-01  0.1539E-03  0.1539E-03  0.1539E-03  0.0000E+00  0.0000E+00  0.0000E+00  0.0000E+00  0.0000E+00
    -12.350  0.2354E-01  0.2270E-03  0.2270E-03  0.2270E-03  0.0000E+00  0.0000E+00  0.0000E+00  0.0000E+00  0.0000E+00
    -12.203  0.2594E-01  0.3105E-03  0.3105E-03  0.3105E-03  0.0000E+00  0.0000E+00  0.0000E+00  0.0000E+00  0.0000E+00
    -12.055  0.2820E-01  0.4012E-03  0.4012E-03  0.4012E-03  0.0000E+00  0.0000E+00  0.0000E+00  0.0000E+00  0.0000E+00
    -11.908  0.3040E-01  0.4972E-03  0.4972E-03  0.4972E-03  0.0000E+00  0.0000E+00  0.0000E+00  0.0000E+00  0.0000E+00
    -11.761  0.3225E-01  0.6030E-03  0.6030E-03  0.6030E-03  0.0000E+00  0.0000E+00  0.0000E+00  0.0000E+00  0.0000E+00
    -11.614  0.3409E-01  0.7135E-03  0.7135E-03  0.7135E-03  0.0000E+00  0.0000E+00  0.0000E+00  0.0000E+00  0.0000E+00
    -11.466  0.3581E-01  0.8300E-03  0.8300E-03  0.8300E-03  0.0000E+00  0.0000E+00  0.0000E+00  0.0000E+00  0.0000E+00
    -11.319  0.3744E-01  0.9527E-03  0.9527E-03  0.9527E-03  0.0000E+00  0.0000E+00  0.0000E+00  0.0000E+00  0.0000E+00
    -11.172  0.3901E-01  0.1080E-02  0.1080E-02  0.1080E-02  0.0000E+00  0.0000E+00  0.0000E+00  0.0000E+00  0.0000E+00
    -11.024  0.4051E-01  0.1213E-02  0.1213E-02  0.1213E-02  0.0000E+00  0.0000E+00  0.0000E+00  0.0000E+00  0.0000E+00
    -10.877  0.4196E-01  0.1351E-02  0.1351E-02  0.1351E-02  0.0000E+00  0.0000E+00  0.0000E+00  0.0000E+00  0.0000E+00
    -10.730  0.4339E-01  0.1493E-02  0.1493E-02  0.1493E-02  0.0000E+00  0.0000E+00  0.0000E+00  0.0000E+00  0.0000E+00
    -10.583  0.4471E-01  0.1641E-02  0.1641E-02  0.1641E-02  0.0000E+00  0.0000E+00  0.0000E+00  0.0000E+00  0.0000E+00
    -10.435  0.4612E-01  0.1790E-02  0.1790E-02  0.1790E-02  0.0000E+00  0.0000E+00  0.0000E+00  0.0000E+00  0.0000E+00
    -10.288  0.4736E-01  0.1949E-02  0.1949E-02  0.1949E-02  0.0000E+00  0.0000E+00  0.0000E+00  0.0000E+00  0.0000E+00
    -10.141  0.4866E-01  0.2108E-02  0.2108E-02  0.2108E-02  0.0000E+00  0.0000E+00  0.0000E+00  0.0000E+00  0.0000E+00
     -9.993  0.4993E-01  0.2273E-02  0.2273E-02  0.2273E-02  0.0000E+00  0.0000E+00  0.0000E+00  0.0000E+00  0.0000E+00
     -9.846  0.5116E-01  0.2443E-02  0.2443E-02  0.2443E-02  0.0000E+00  0.0000E+00  0.0000E+00  0.0000E+00  0.0000E+00
     -9.699  0.5246E-01  0.2612E-02  0.2612E-02  0.2612E-02  0.0000E+00  0.0000E+00  0.0000E+00  0.0000E+00  0.0000E+00
     -9.551  0.5366E-01  0.2791E-02  0.2791E-02  0.2791E-02  0.0000E+00  0.0000E+00  0.0000E+00  0.0000E+00  0.0000E+00
     -9.404  0.5491E-01  0.2971E-02  0.2971E-02  0.2971E-02  0.0000E+00  0.0000E+00  0.0000E+00  0.0000E+00  0.0000E+00
     -9.257  0.5622E-01  0.3152E-02  0.3152E-02  0.3152E-02  0.0000E+00  0.0000E+00  0.0000E+00  0.0000E+00  0.0000E+00
     -9.110  0.5746E-01  0.3344E-02  0.3344E-02  0.3344E-02  0.0000E+00  0.0000E+00  0.0000E+00  0.0000E+00  0.0000E+00
     -8.962  0.5877E-01  0.3536E-02  0.3536E-02  0.3536E-02  0.0000E+00  0.0000E+00  0.0000E+00  0.0000E+00  0.0000E+00
     -8.815  0.6014E-01  0.3728E-02  0.3728E-02  0.3728E-02  0.0000E+00  0.0000E+00  0.0000E+00  0.0000E+00  0.0000E+00
     -8.668  0.6150E-01  0.3932E-02  0.3932E-02  0.3932E-02  0.0000E+00  0.0000E+00  0.0000E+00  0.0000E+00  0.0000E+00
     -8.520  0.6296E-01  0.4136E-02  0.4136E-02  0.4136E-02  0.0000E+00  0.0000E+00  0.0000E+00  0.0000E+00  0.0000E+00
     -8.373  0.6452E-01  0.4341E-02  0.4341E-02  0.4341E-02  0.0000E+00  0.0000E+00  0.0000E+00  0.0000E+00  0.0000E+00
     -8.226  0.6614E-01  0.4560E-02  0.4560E-02  0.4560E-02  0.0000E+00  0.0000E+00  0.0000E+00  0.0000E+00  0.0000E+00
     -8.079  0.6793E-01  0.4781E-02  0.4781E-02  0.4781E-02  0.0000E+00  0.0000E+00  0.0000E+00  0.0000E+00  0.0000E+00
     -7.931  0.6992E-01  0.5004E-02  0.5004E-02  0.5004E-02  0.0000E+00  0.0000E+00  0.0000E+00  0.0000E+00  0.0000E+00
     -7.784  0.7214E-01  0.5245E-02  0.5245E-02  0.5245E-02  0.0000E+00  0.0000E+00  0.0000E+00  0.0000E+00  0.0000E+00
     -7.637  0.7477E-01  0.5496E-02  0.5496E-02  0.5496E-02  0.0000E+00  0.0000E+00  0.0000E+00  0.0000E+00  0.0000E+00
     -7.489  0.7802E-01  0.5763E-02  0.5763E-02  0.5763E-02  0.0000E+00  0.0000E+00  0.0000E+00  0.0000E+00  0.0000E+00
     -7.342  0.8240E-01  0.6075E-02  0.6075E-02  0.6075E-02  0.0000E+00  0.0000E+00  0.0000E+00  0.0000E+00  0.0000E+00
     -7.195  0.9016E-01  0.6508E-02  0.6508E-02  0.6508E-02  0.0000E+00  0.0000E+00  0.0000E+00  0.0000E+00  0.0000E+00
     -7.047  0.1011E+00  0.7051E-02  0.7051E-02  0.7051E-02  0.0000E+00  0.0000E+00  0.0000E+00  0.0000E+00  0.0000E+00
     -6.900  0.9715E-01  0.7055E-02  0.7055E-02  0.7055E-02  0.0000E+00  0.0000E+00  0.0000E+00  0.0000E+00  0.0000E+00
     -6.753  0.9197E-01  0.6987E-02  0.6987E-02  0.6987E-02  0.0000E+00  0.0000E+00  0.0000E+00  0.0000E+00  0.0000E+00
     -6.606  0.8962E-01  0.7023E-02  0.7023E-02  0.7023E-02  0.0000E+00  0.0000E+00  0.0000E+00  0.0000E+00  0.0000E+00
     -6.458  0.8606E-01  0.6978E-02  0.6978E-02  0.6978E-02  0.0000E+00  0.0000E+00  0.0000E+00  0.0000E+00  0.0000E+00
     -6.311  0.8369E-01  0.7006E-02  0.7006E-02  0.7006E-02  0.0000E+00  0.0000E+00  0.0000E+00  0.0000E+00  0.0000E+00
     -6.164  0.8031E-01  0.6947E-02  0.6947E-02  0.6947E-02  0.0000E+00  0.0000E+00  0.0000E+00  0.0000E+00  0.0000E+00
     -6.016  0.7780E-01  0.6919E-02  0.6919E-02  0.6919E-02  0.0000E+00  0.0000E+00  0.0000E+00  0.0000E+00  0.0000E+00
     -5.869  0.7496E-01  0.6880E-02  0.6880E-02  0.6880E-02  0.0000E+00  0.0000E+00  0.0000E+00  0.0000E+00  0.0000E+00
     -5.722  0.7187E-01  0.6796E-02  0.6796E-02  0.6796E-02  0.0000E+00  0.0000E+00  0.0000E+00  0.0000E+00  0.0000E+00
     -5.575  0.6922E-01  0.6726E-02  0.6726E-02  0.6726E-02  0.0000E+00  0.0000E+00  0.0000E+00  0.0000E+00  0.0000E+00
     -5.427  0.6629E-01  0.6635E-02  0.6635E-02  0.6635E-02  0.0000E+00  0.0000E+00  0.0000E+00  0.0000E+00  0.0000E+00
     -5.280  0.6359E-01  0.6534E-02  0.6534E-02  0.6534E-02  0.0000E+00  0.0000E+00  0.0000E+00  0.0000E+00  0.0000E+00
     -5.133  0.6053E-01  0.6400E-02  0.6400E-02  0.6400E-02  0.0000E+00  0.0000E+00  0.0000E+00  0.0000E+00  0.0000E+00
     -4.985  0.5787E-01  0.6281E-02  0.6281E-02  0.6281E-02  0.0000E+00  0.0000E+00  0.0000E+00  0.0000E+00  0.0000E+00
     -4.838  0.5465E-01  0.6104E-02  0.6104E-02  0.6104E-02  0.0000E+00  0.0000E+00  0.0000E+00  0.0000E+00  0.0000E+00
     -4.691  0.5187E-01  0.5947E-02  0.5947E-02  0.5947E-02  0.0000E+00  0.0000E+00  0.0000E+00  0.0000E+00  0.0000E+00
     -4.544  0.4869E-01  0.5743E-02  0.5743E-02  0.5743E-02  0.0000E+00  0.0000E+00  0.0000E+00  0.0000E+00  0.0000E+00
     -4.396  0.4569E-01  0.5543E-02  0.5543E-02  0.5543E-02  0.0000E+00  0.0000E+00  0.0000E+00  0.0000E+00  0.0000E+00
     -4.249  0.4856E-01  0.8987E-02  0.8987E-02  0.8987E-02  0.0000E+00  0.0000E+00  0.0000E+00  0.0000E+00  0.0000E+00
     -4.102  0.4955E-01  0.1083E-01  0.1083E-01  0.1083E-01  0.0000E+00  0.0000E+00  0.0000E+00  0.0000E+00  0.0000E+00
     -3.954  0.3816E-01  0.1004E-01  0.1004E-01  0.1004E-01  0.0000E+00  0.0000E+00  0.0000E+00  0.0000E+00  0.0000E+00
     -3.807  0.2828E-01  0.9761E-02  0.9761E-02  0.9761E-02  0.0000E+00  0.0000E+00  0.0000E+00  0.0000E+00  0.0000E+00
     -3.660  0.2825E-01  0.1094E-01  0.1094E-01  0.1094E-01  0.0000E+00  0.0000E+00  0.0000E+00  0.0000E+00  0.0000E+00
     -3.512  0.2937E-01  0.1207E-01  0.1207E-01  0.1207E-01  0.0000E+00  0.0000E+00  0.0000E+00  0.0000E+00  0.0000E+00
     -3.365  0.3367E-01  0.1383E-01  0.1383E-01  0.1383E-01  0.0000E+00  0.0000E+00  0.0000E+00  0.0000E+00  0.0000E+00
     -3.218  0.4081E-01  0.1583E-01  0.1583E-01  0.1583E-01  0.0000E+00  0.0000E+00  0.0000E+00  0.0000E+00  0.0000E+00
     -3.071  0.5081E-01  0.1855E-01  0.1855E-01  0.1855E-01  0.0000E+00  0.0000E+00  0.0000E+00  0.0000E+00  0.0000E+00
     -2.923  0.6254E-01  0.2167E-01  0.2167E-01  0.2167E-01  0.0000E+00  0.0000E+00  0.0000E+00  0.0000E+00  0.0000E+00
     -2.776  0.7844E-01  0.2613E-01  0.2613E-01  0.2613E-01  0.0000E+00  0.0000E+00  0.0000E+00  0.0000E+00  0.0000E+00
     -2.629  0.1145E+00  0.3628E-01  0.3628E-01  0.3628E-01  0.0000E+00  0.0000E+00  0.0000E+00  0.0000E+00  0.0000E+00
     -2.481  0.1075E+00  0.3338E-01  0.3338E-01  0.3338E-01  0.0000E+00  0.0000E+00  0.0000E+00  0.0000E+00  0.0000E+00
     -2.334  0.8026E-01  0.2587E-01  0.2587E-01  0.2587E-01  0.0000E+00  0.0000E+00  0.0000E+00  0.0000E+00  0.0000E+00
     -2.187  0.7013E-01  0.2314E-01  0.2314E-01  0.2314E-01  0.0000E+00  0.0000E+00  0.0000E+00  0.0000E+00  0.0000E+00
     -2.040  0.6438E-01  0.2162E-01  0.2162E-01  0.2162E-01  0.0000E+00  0.0000E+00  0.0000E+00  0.0000E+00  0.0000E+00
     -1.892  0.5890E-01  0.2023E-01  0.2023E-01  0.2023E-01  0.0000E+00  0.0000E+00  0.0000E+00  0.0000E+00  0.0000E+00
     -1.745  0.5544E-01  0.1939E-01  0.1939E-01  0.1939E-01  0.0000E+00  0.0000E+00  0.0000E+00  0.0000E+00  0.0000E+00
     -1.598  0.5115E-01  0.1835E-01  0.1835E-01  0.1835E-01  0.0000E+00  0.0000E+00  0.0000E+00  0.0000E+00  0.0000E+00
     -1.450  0.4871E-01  0.1781E-01  0.1781E-01  0.1781E-01  0.0000E+00  0.0000E+00  0.0000E+00  0.0000E+00  0.0000E+00
     -1.303  0.4516E-01  0.1696E-01  0.1696E-01  0.1696E-01  0.0000E+00  0.0000E+00  0.0000E+00  0.0000E+00  0.0000E+00
     -1.156  0.4314E-01  0.1654E-01  0.1654E-01  0.1654E-01  0.0000E+00  0.0000E+00  0.0000E+00  0.0000E+00  0.0000E+00
     -1.009  0.4079E-01  0.1602E-01  0.1602E-01  0.1602E-01  0.0000E+00  0.0000E+00  0.0000E+00  0.0000E+00  0.0000E+00
     -0.861  0.3826E-01  0.1542E-01  0.1542E-01  0.1542E-01  0.0000E+00  0.0000E+00  0.0000E+00  0.0000E+00  0.0000E+00
     -0.714  0.3659E-01  0.1509E-01  0.1509E-01  0.1509E-01  0.0000E+00  0.0000E+00  0.0000E+00  0.0000E+00  0.0000E+00
     -0.567  0.3408E-01  0.1447E-01  0.1447E-01  0.1447E-01  0.0000E+00  0.0000E+00  0.0000E+00  0.0000E+00  0.0000E+00
     -0.419  0.3263E-01  0.1418E-01  0.1418E-01  0.1418E-01  0.0000E+00  0.0000E+00  0.0000E+00  0.0000E+00  0.0000E+00
     -0.272  0.3112E-01  0.1386E-01  0.1386E-01  0.1386E-01  0.0000E+00  0.0000E+00  0.0000E+00  0.0000E+00  0.0000E+00
     -0.125  0.3004E-01  0.2101E-01  0.2101E-01  0.2101E-01  0.0000E+00  0.0000E+00  0.0000E+00  0.0000E+00  0.0000E+00
      0.023  0.2991E-01  0.2473E-01  0.2473E-01  0.2473E-01  0.0000E+00  0.0000E+00  0.0000E+00  0.0000E+00  0.0000E+00
      0.170  0.2976E-01  0.2858E-01  0.2858E-01  0.2858E-01  0.0000E+00  0.0000E+00  0.0000E+00  0.0000E+00  0.0000E+00
      0.317  0.2938E-01  0.3280E-01  0.3280E-01  0.3280E-01  0.0000E+00  0.0000E+00  0.0000E+00  0.0000E+00  0.0000E+00
      0.464  0.3070E-01  0.4021E-01  0.4021E-01  0.4021E-01  0.0000E+00  0.0000E+00  0.0000E+00  0.0000E+00  0.0000E+00
      0.612  0.3131E-01  0.4295E-01  0.4295E-01  0.4295E-01  0.0000E+00  0.0000E+00  0.0000E+00  0.0000E+00  0.0000E+00
      0.759  0.3055E-01  0.4081E-01  0.4081E-01  0.4081E-01  0.0000E+00  0.0000E+00  0.0000E+00  0.0000E+00  0.0000E+00
      0.906  0.3051E-01  0.3977E-01  0.3977E-01  0.3977E-01  0.0000E+00  0.0000E+00  0.0000E+00  0.0000E+00  0.0000E+00
      1.054  0.3028E-01  0.3960E-01  0.3960E-01  0.3960E-01  0.0000E+00  0.0000E+00  0.0000E+00  0.0000E+00  0.0000E+00
      1.201  0.2944E-01  0.3977E-01  0.3977E-01  0.3977E-01  0.0000E+00  0.0000E+00  0.0000E+00  0.0000E+00  0.0000E+00
      1.348  0.2924E-01  0.4079E-01  0.4079E-01  0.4079E-01  0.0000E+00  0.0000E+00  0.0000E+00  0.0000E+00  0.0000E+00
      1.495  0.2894E-01  0.4207E-01  0.4207E-01  0.4207E-01  0.0000E+00  0.0000E+00  0.0000E+00  0.0000E+00  0.0000E+00
      1.643  0.2806E-01  0.4295E-01  0.4295E-01  0.4295E-01  0.0000E+00  0.0000E+00  0.0000E+00  0.0000E+00  0.0000E+00
      1.790  0.2770E-01  0.4543E-01  0.4543E-01  0.4543E-01  0.0000E+00  0.0000E+00  0.0000E+00  0.0000E+00  0.0000E+00
      1.937  0.2722E-01  0.4617E-01  0.4617E-01  0.4617E-01  0.0000E+00  0.0000E+00  0.0000E+00  0.0000E+00  0.0000E+00
      2.085  0.2654E-01  0.4775E-01  0.4775E-01  0.4775E-01  0.0000E+00  0.0000E+00  0.0000E+00  0.0000E+00  0.0000E+00
      2.232  0.2574E-01  0.5022E-01  0.5022E-01  0.5022E-01  0.0000E+00  0.0000E+00  0.0000E+00  0.0000E+00  0.0000E+00
      2.379  0.2525E-01  0.5211E-01  0.5211E-01  0.5211E-01  0.0000E+00  0.0000E+00  0.0000E+00  0.0000E+00  0.0000E+00
      2.527  0.2468E-01  0.5556E-01  0.5556E-01  0.5556E-01  0.0000E+00  0.0000E+00  0.0000E+00  0.0000E+00  0.0000E+00
      2.674  0.2372E-01  0.5802E-01  0.5802E-01  0.5802E-01  0.0000E+00  0.0000E+00  0.0000E+00  0.0000E+00  0.0000E+00
      2.821  0.2306E-01  0.6405E-01  0.6405E-01  0.6405E-01  0.0000E+00  0.0000E+00  0.0000E+00  0.0000E+00  0.0000E+00
      2.968  0.2244E-01  0.7649E-01  0.7649E-01  0.7649E-01  0.0000E+00  0.0000E+00  0.0000E+00  0.0000E+00  0.0000E+00
      3.116  0.2164E-01  0.7785E-01  0.7785E-01  0.7785E-01  0.0000E+00  0.0000E+00  0.0000E+00  0.0000E+00  0.0000E+00
      3.263  0.2057E-01  0.7424E-01  0.7424E-01  0.7424E-01  0.0000E+00  0.0000E+00  0.0000E+00  0.0000E+00  0.0000E+00
      3.410  0.1991E-01  0.7400E-01  0.7400E-01  0.7400E-01  0.0000E+00  0.0000E+00  0.0000E+00  0.0000E+00  0.0000E+00
      3.558  0.1927E-01  0.7357E-01  0.7357E-01  0.7357E-01  0.0000E+00  0.0000E+00  0.0000E+00  0.0000E+00  0.0000E+00
      3.705  0.1841E-01  0.7324E-01  0.7324E-01  0.7324E-01  0.0000E+00  0.0000E+00  0.0000E+00  0.0000E+00  0.0000E+00
      3.852  0.1748E-01  0.7269E-01  0.7269E-01  0.7269E-01  0.0000E+00  0.0000E+00  0.0000E+00  0.0000E+00  0.0000E+00
      3.999  0.1692E-01  0.7261E-01  0.7261E-01  0.7261E-01  0.0000E+00  0.0000E+00  0.0000E+00  0.0000E+00  0.0000E+00
      4.147  0.1622E-01  0.7248E-01  0.7248E-01  0.7248E-01  0.0000E+00  0.0000E+00  0.0000E+00  0.0000E+00  0.0000E+00
      4.294  0.1538E-01  0.7180E-01  0.7180E-01  0.7180E-01  0.0000E+00  0.0000E+00  0.0000E+00  0.0000E+00  0.0000E+00
      4.441  0.1462E-01  0.7170E-01  0.7170E-01  0.7170E-01  0.0000E+00  0.0000E+00  0.0000E+00  0.0000E+00  0.0000E+00
      4.589  0.1396E-01  0.7155E-01  0.7155E-01  0.7155E-01  0.0000E+00  0.0000E+00  0.0000E+00  0.0000E+00  0.0000E+00
      4.736  0.1323E-01  0.7113E-01  0.7113E-01  0.7113E-01  0.0000E+00  0.0000E+00  0.0000E+00  0.0000E+00  0.0000E+00
      4.883  0.1246E-01  0.7099E-01  0.7099E-01  0.7099E-01  0.0000E+00  0.0000E+00  0.0000E+00  0.0000E+00  0.0000E+00
      5.030  0.1183E-01  0.7067E-01  0.7067E-01  0.7067E-01  0.0000E+00  0.0000E+00  0.0000E+00  0.0000E+00  0.0000E+00
      5.178  0.1126E-01  0.7041E-01  0.7041E-01  0.7041E-01  0.0000E+00  0.0000E+00  0.0000E+00  0.0000E+00  0.0000E+00
      5.325  0.1060E-01  0.7019E-01  0.7019E-01  0.7019E-01  0.0000E+00  0.0000E+00  0.0000E+00  0.0000E+00  0.0000E+00
      5.472  0.9882E-02  0.6983E-01  0.6983E-01  0.6983E-01  0.0000E+00  0.0000E+00  0.0000E+00  0.0000E+00  0.0000E+00
      5.620  0.9199E-02  0.6956E-01  0.6956E-01  0.6956E-01  0.0000E+00  0.0000E+00  0.0000E+00  0.0000E+00  0.0000E+00
      5.767  0.8611E-02  0.6938E-01  0.6938E-01  0.6938E-01  0.0000E+00  0.0000E+00  0.0000E+00  0.0000E+00  0.0000E+00
      5.914  0.8002E-02  0.6912E-01  0.6912E-01  0.6912E-01  0.0000E+00  0.0000E+00  0.0000E+00  0.0000E+00  0.0000E+00
      6.062  0.7340E-02  0.6896E-01  0.6896E-01  0.6896E-01  0.0000E+00  0.0000E+00  0.0000E+00  0.0000E+00  0.0000E+00
      6.209  0.6759E-02  0.6855E-01  0.6855E-01  0.6855E-01  0.0000E+00  0.0000E+00  0.0000E+00  0.0000E+00  0.0000E+00
      6.356  0.6233E-02  0.6854E-01  0.6854E-01  0.6854E-01  0.0000E+00  0.0000E+00  0.0000E+00  0.0000E+00  0.0000E+00
      6.503  0.5660E-02  0.6874E-01  0.6874E-01  0.6874E-01  0.0000E+00  0.0000E+00  0.0000E+00  0.0000E+00  0.0000E+00
      6.651  0.5082E-02  0.5978E-01  0.5978E-01  0.5978E-01  0.0000E+00  0.0000E+00  0.0000E+00  0.0000E+00  0.0000E+00
      6.798  0.4583E-02  0.4982E-01  0.4982E-01  0.4982E-01  0.0000E+00  0.0000E+00  0.0000E+00  0.0000E+00  0.0000E+00
      6.945  0.4180E-02  0.4482E-01  0.4482E-01  0.4482E-01  0.0000E+00  0.0000E+00  0.0000E+00  0.0000E+00  0.0000E+00
      7.093  0.3774E-02  0.4085E-01  0.4085E-01  0.4085E-01  0.0000E+00  0.0000E+00  0.0000E+00  0.0000E+00  0.0000E+00
      7.240  0.3351E-02  0.3735E-01  0.3735E-01  0.3735E-01  0.0000E+00  0.0000E+00  0.0000E+00  0.0000E+00  0.0000E+00
      7.387  0.3000E-02  0.3439E-01  0.3439E-01  0.3439E-01  0.0000E+00  0.0000E+00  0.0000E+00  0.0000E+00  0.0000E+00
      7.534  0.2691E-02  0.3167E-01  0.3167E-01  0.3167E-01  0.0000E+00  0.0000E+00  0.0000E+00  0.0000E+00  0.0000E+00
      7.682  0.2382E-02  0.2911E-01  0.2911E-01  0.2911E-01  0.0000E+00  0.0000E+00  0.0000E+00  0.0000E+00  0.0000E+00
      7.829  0.2045E-02  0.2668E-01  0.2668E-01  0.2668E-01  0.0000E+00  0.0000E+00  0.0000E+00  0.0000E+00  0.0000E+00
      7.976  0.1796E-02  0.2460E-01  0.2460E-01  0.2460E-01  0.0000E+00  0.0000E+00  0.0000E+00  0.0000E+00  0.0000E+00
      8.124  0.1549E-02  0.2248E-01  0.2248E-01  0.2248E-01  0.0000E+00  0.0000E+00  0.0000E+00  0.0000E+00  0.0000E+00
      8.271  0.1283E-02  0.2045E-01  0.2045E-01  0.2045E-01  0.0000E+00  0.0000E+00  0.0000E+00  0.0000E+00  0.0000E+00
      8.418  0.1067E-02  0.1851E-01  0.1851E-01  0.1851E-01  0.0000E+00  0.0000E+00  0.0000E+00  0.0000E+00  0.0000E+00
      8.565  0.8580E-03  0.1658E-01  0.1658E-01  0.1658E-01  0.0000E+00  0.0000E+00  0.0000E+00  0.0000E+00  0.0000E+00
      8.713  0.6680E-03  0.1476E-01  0.1476E-01  0.1476E-01  0.0000E+00  0.0000E+00  0.0000E+00  0.0000E+00  0.0000E+00
      8.860  0.4933E-03  0.1279E-01  0.1279E-01  0.1279E-01  0.0000E+00  0.0000E+00  0.0000E+00  0.0000E+00  0.0000E+00
      9.007  0.3399E-03  0.1083E-01  0.1083E-01  0.1083E-01  0.0000E+00  0.0000E+00  0.0000E+00  0.0000E+00  0.0000E+00
      9.155  0.1992E-03  0.8847E-02  0.8847E-02  0.8847E-02  0.0000E+00  0.0000E+00  0.0000E+00  0.0000E+00  0.0000E+00
      9.302  0.9760E-04  0.6750E-02  0.6750E-02  0.6750E-02  0.0000E+00  0.0000E+00  0.0000E+00  0.0000E+00  0.0000E+00
      9.449  0.2738E-04  0.3543E-02  0.3543E-02  0.3543E-02  0.0000E+00  0.0000E+00  0.0000E+00  0.0000E+00  0.0000E+00
      9.597  0.0000E+00  0.0000E+00  0.0000E+00  0.0000E+00  0.0000E+00  0.0000E+00  0.0000E+00  0.0000E+00  0.0000E+00
      9.744  0.0000E+00  0.0000E+00  0.0000E+00  0.0000E+00  0.0000E+00  0.0000E+00  0.0000E+00  0.0000E+00  0.0000E+00
      9.891  0.0000E+00  0.0000E+00  0.0000E+00  0.0000E+00  0.0000E+00  0.0000E+00  0.0000E+00  0.0000E+00  0.0000E+00
     10.038  0.0000E+00  0.0000E+00  0.0000E+00  0.0000E+00  0.0000E+00  0.0000E+00  0.0000E+00  0.0000E+00  0.0000E+00
     10.186  0.0000E+00  0.0000E+00  0.0000E+00  0.0000E+00  0.0000E+00  0.0000E+00  0.0000E+00  0.0000E+00  0.0000E+00
     10.333  0.0000E+00  0.0000E+00  0.0000E+00  0.0000E+00  0.0000E+00  0.0000E+00  0.0000E+00  0.0000E+00  0.0000E+00
     10.480  0.0000E+00  0.0000E+00  0.0000E+00  0.0000E+00  0.0000E+00  0.0000E+00  0.0000E+00  0.0000E+00  0.0000E+00
     10.628  0.0000E+00  0.0000E+00  0.0000E+00  0.0000E+00  0.0000E+00  0.0000E+00  0.0000E+00  0.0000E+00  0.0000E+00
     10.775  0.0000E+00  0.0000E+00  0.0000E+00  0.0000E+00  0.0000E+00  0.0000E+00  0.0000E+00  0.0000E+00  0.0000E+00
     10.922  0.0000E+00  0.0000E+00  0.0000E+00  0.0000E+00  0.0000E+00  0.0000E+00  0.0000E+00  0.0000E+00  0.0000E+00
     11.069  0.0000E+00  0.0000E+00  0.0000E+00  0.0000E+00  0.0000E+00  0.0000E+00  0.0000E+00  0.0000E+00  0.0000E+00
     11.217  0.0000E+00  0.0000E+00  0.0000E+00  0.0000E+00  0.0000E+00  0.0000E+00  0.0000E+00  0.0000E+00  0.0000E+00
     11.364  0.0000E+00  0.0000E+00  0.0000E+00  0.0000E+00  0.0000E+00  0.0000E+00  0.0000E+00  0.0000E+00  0.0000E+00
     11.511  0.0000E+00  0.0000E+00  0.0000E+00  0.0000E+00  0.0000E+00  0.0000E+00  0.0000E+00  0.0000E+00  0.0000E+00
     11.659  0.0000E+00  0.0000E+00  0.0000E+00  0.0000E+00  0.0000E+00  0.0000E+00  0.0000E+00  0.0000E+00  0.0000E+00
     11.806  0.0000E+00  0.0000E+00  0.0000E+00  0.0000E+00  0.0000E+00  0.0000E+00  0.0000E+00  0.0000E+00  0.0000E+00
     11.953  0.0000E+00  0.0000E+00  0.0000E+00  0.0000E+00  0.0000E+00  0.0000E+00  0.0000E+00  0.0000E+00  0.0000E+00
     12.101  0.0000E+00  0.0000E+00  0.0000E+00  0.0000E+00  0.0000E+00  0.0000E+00  0.0000E+00  0.0000E+00  0.0000E+00
     12.248  0.0000E+00  0.0000E+00  0.0000E+00  0.0000E+00  0.0000E+00  0.0000E+00  0.0000E+00  0.0000E+00  0.0000E+00
     12.395  0.0000E+00  0.0000E+00  0.0000E+00  0.0000E+00  0.0000E+00  0.0000E+00  0.0000E+00  0.0000E+00  0.0000E+00
     12.542  0.0000E+00  0.0000E+00  0.0000E+00  0.0000E+00  0.0000E+00  0.0000E+00  0.0000E+00  0.0000E+00  0.0000E+00
     12.690  0.0000E+00  0.0000E+00  0.0000E+00  0.0000E+00  0.0000E+00  0.0000E+00  0.0000E+00  0.0000E+00  0.0000E+00
     12.837  0.0000E+00  0.0000E+00  0.0000E+00  0.0000E+00  0.0000E+00  0.0000E+00  0.0000E+00  0.0000E+00  0.0000E+00
     12.984  0.0000E+00  0.0000E+00  0.0000E+00  0.0000E+00  0.0000E+00  0.0000E+00  0.0000E+00  0.0000E+00  0.0000E+00
     13.132  0.0000E+00  0.0000E+00  0.0000E+00  0.0000E+00  0.0000E+00  0.0000E+00  0.0000E+00  0.0000E+00  0.0000E+00
     13.279  0.0000E+00  0.0000E+00  0.0000E+00  0.0000E+00  0.0000E+00  0.0000E+00  0.0000E+00  0.0000E+00  0.0000E+00
     13.426  0.0000E+00  0.0000E+00  0.0000E+00  0.0000E+00  0.0000E+00  0.0000E+00  0.0000E+00  0.0000E+00  0.0000E+00
     13.573  0.0000E+00  0.0000E+00  0.0000E+00  0.0000E+00  0.0000E+00  0.0000E+00  0.0000E+00  0.0000E+00  0.0000E+00
     13.721  0.0000E+00  0.0000E+00  0.0000E+00  0.0000E+00  0.0000E+00  0.0000E+00  0.0000E+00  0.0000E+00  0.0000E+00
     13.868  0.3519E-02  0.1181E-02  0.1181E-02  0.1181E-02  0.0000E+00  0.0000E+00  0.0000E+00  0.0000E+00  0.0000E+00
     14.015  0.7737E-02  0.2815E-02  0.2815E-02  0.2815E-02  0.0000E+00  0.0000E+00  0.0000E+00  0.0000E+00  0.0000E+00
     14.163  0.1023E-01  0.4022E-02  0.4022E-02  0.4022E-02  0.0000E+00  0.0000E+00  0.0000E+00  0.0000E+00  0.0000E+00
     14.310  0.1285E-01  0.5376E-02  0.5376E-02  0.5376E-02  0.0000E+00  0.0000E+00  0.0000E+00  0.0000E+00  0.0000E+00
     14.457  0.1595E-01  0.6902E-02  0.6902E-02  0.6902E-02  0.0000E+00  0.0000E+00  0.0000E+00  0.0000E+00  0.0000E+00
     14.604  0.1931E-01  0.8626E-02  0.8626E-02  0.8626E-02  0.0000E+00  0.0000E+00  0.0000E+00  0.0000E+00  0.0000E+00
     14.752  0.2160E-01  0.1032E-01  0.1032E-01  0.1032E-01  0.0000E+00  0.0000E+00  0.0000E+00  0.0000E+00  0.0000E+00
     14.899  0.2441E-01  0.1235E-01  0.1235E-01  0.1235E-01  0.0000E+00  0.0000E+00  0.0000E+00  0.0000E+00  0.0000E+00
     15.046  0.2535E-01  0.1428E-01  0.1428E-01  0.1428E-01  0.0000E+00  0.0000E+00  0.0000E+00  0.0000E+00  0.0000E+00
     15.194  0.2666E-01  0.1675E-01  0.1675E-01  0.1675E-01  0.0000E+00  0.0000E+00  0.0000E+00  0.0000E+00  0.0000E+00
     15.341  0.2798E-01  0.2222E-01  0.2222E-01  0.2222E-01  0.0000E+00  0.0000E+00  0.0000E+00  0.0000E+00  0.0000E+00
     15.488  0.2882E-01  0.2240E-01  0.2240E-01  0.2240E-01  0.0000E+00  0.0000E+00  0.0000E+00  0.0000E+00  0.0000E+00
     15.636  0.2952E-01  0.2390E-01  0.2390E-01  0.2390E-01  0.0000E+00  0.0000E+00  0.0000E+00  0.0000E+00  0.0000E+00
     15.783  0.3030E-01  0.2509E-01  0.2509E-01  0.2509E-01  0.0000E+00  0.0000E+00  0.0000E+00  0.0000E+00  0.0000E+00
     15.930  0.3106E-01  0.2647E-01  0.2647E-01  0.2647E-01  0.0000E+00  0.0000E+00  0.0000E+00  0.0000E+00  0.0000E+00
     16.077  0.3181E-01  0.2803E-01  0.2803E-01  0.2803E-01  0.0000E+00  0.0000E+00  0.0000E+00  0.0000E+00  0.0000E+00
     16.225  0.3234E-01  0.2953E-01  0.2953E-01  0.2953E-01  0.0000E+00  0.0000E+00  0.0000E+00  0.0000E+00  0.0000E+00
     16.372  0.3292E-01  0.3116E-01  0.3116E-01  0.3116E-01  0.0000E+00  0.0000E+00  0.0000E+00  0.0000E+00  0.0000E+00
     16.519  0.3351E-01  0.3286E-01  0.3286E-01  0.3286E-01  0.0000E+00  0.0000E+00  0.0000E+00  0.0000E+00  0.0000E+00
     16.667  0.3423E-01  0.3472E-01  0.3472E-01  0.3472E-01  0.0000E+00  0.0000E+00  0.0000E+00  0.0000E+00  0.0000E+00
     16.814  0.3489E-01  0.3670E-01  0.3670E-01  0.3670E-01  0.0000E+00  0.0000E+00  0.0000E+00  0.0000E+00  0.0000E+00
     16.961  0.3556E-01  0.3881E-01  0.3881E-01  0.3881E-01  0.0000E+00  0.0000E+00  0.0000E+00  0.0000E+00  0.0000E+00
     17.108  0.3629E-01  0.4111E-01  0.4111E-01  0.4111E-01  0.0000E+00  0.0000E+00  0.0000E+00  0.0000E+00  0.0000E+00
     17.256  0.3707E-01  0.4350E-01  0.4350E-01  0.4350E-01  0.0000E+00  0.0000E+00  0.0000E+00  0.0000E+00  0.0000E+00
     17.403  0.3821E-01  0.4643E-01  0.4643E-01  0.4643E-01  0.0000E+00  0.0000E+00  0.0000E+00  0.0000E+00  0.0000E+00
     17.550  0.3933E-01  0.4950E-01  0.4950E-01  0.4950E-01  0.0000E+00  0.0000E+00  0.0000E+00  0.0000E+00  0.0000E+00
     17.698  0.4094E-01  0.5363E-01  0.5363E-01  0.5363E-01  0.0000E+00  0.0000E+00  0.0000E+00  0.0000E+00  0.0000E+00
     17.845  0.4297E-01  0.5886E-01  0.5886E-01  0.5886E-01  0.0000E+00  0.0000E+00  0.0000E+00  0.0000E+00  0.0000E+00
     17.992  0.4635E-01  0.6782E-01  0.6782E-01  0.6782E-01  0.0000E+00  0.0000E+00  0.0000E+00  0.0000E+00  0.0000E+00
     18.139  0.5259E-01  0.8098E-01  0.8098E-01  0.8098E-01  0.0000E+00  0.0000E+00  0.0000E+00  0.0000E+00  0.0000E+00
     18.287  0.5927E-01  0.7964E-01  0.7964E-01  0.7964E-01  0.0000E+00  0.0000E+00  0.0000E+00  0.0000E+00  0.0000E+00
     18.434  0.7379E-01  0.6816E-01  0.6816E-01  0.6816E-01  0.0000E+00  0.0000E+00  0.0000E+00  0.0000E+00  0.0000E+00
     18.581  0.8442E-01  0.7025E-01  0.7025E-01  0.7025E-01  0.0000E+00  0.0000E+00  0.0000E+00  0.0000E+00  0.0000E+00
     18.729  0.6965E-01  0.6071E-01  0.6071E-01  0.6071E-01  0.0000E+00  0.0000E+00  0.0000E+00  0.0000E+00  0.0000E+00
     18.876  0.6619E-01  0.5963E-01  0.5963E-01  0.5963E-01  0.0000E+00  0.0000E+00  0.0000E+00  0.0000E+00  0.0000E+00
     19.023  0.6341E-01  0.5731E-01  0.5731E-01  0.5731E-01  0.0000E+00  0.0000E+00  0.0000E+00  0.0000E+00  0.0000E+00
     19.171  0.5726E-01  0.5519E-01  0.5519E-01  0.5519E-01  0.0000E+00  0.0000E+00  0.0000E+00  0.0000E+00  0.0000E+00
     19.318  0.5620E-01  0.5476E-01  0.5476E-01  0.5476E-01  0.0000E+00  0.0000E+00  0.0000E+00  0.0000E+00  0.0000E+00
     19.465  0.5428E-01  0.5421E-01  0.5421E-01  0.5421E-01  0.0000E+00  0.0000E+00  0.0000E+00  0.0000E+00  0.0000E+00
     19.612  0.4979E-01  0.5301E-01  0.5301E-01  0.5301E-01  0.0000E+00  0.0000E+00  0.0000E+00  0.0000E+00  0.0000E+00
     19.760  0.4958E-01  0.5412E-01  0.5412E-01  0.5412E-01  0.0000E+00  0.0000E+00  0.0000E+00  0.0000E+00  0.0000E+00
     19.907  0.4772E-01  0.5518E-01  0.5518E-01  0.5518E-01  0.0000E+00  0.0000E+00  0.0000E+00  0.0000E+00  0.0000E+00
     20.054  0.4600E-01  0.5445E-01  0.5445E-01  0.5445E-01  0.0000E+00  0.0000E+00  0.0000E+00  0.0000E+00  0.0000E+00
     20.202  0.4321E-01  0.5297E-01  0.5297E-01  0.5297E-01  0.0000E+00  0.0000E+00  0.0000E+00  0.0000E+00  0.0000E+00
     20.349  0.4152E-01  0.5145E-01  0.5145E-01  0.5145E-01  0.0000E+00  0.0000E+00  0.0000E+00  0.0000E+00  0.0000E+00
     20.496  0.4159E-01  0.5142E-01  0.5142E-01  0.5142E-01  0.0000E+00  0.0000E+00  0.0000E+00  0.0000E+00  0.0000E+00
     20.643  0.4254E-01  0.5132E-01  0.5132E-01  0.5132E-01  0.0000E+00  0.0000E+00  0.0000E+00  0.0000E+00  0.0000E+00
     20.791  0.3384E-01  0.4282E-01  0.4282E-01  0.4282E-01  0.0000E+00  0.0000E+00  0.0000E+00  0.0000E+00  0.0000E+00
     20.938  0.2987E-01  0.4005E-01  0.4005E-01  0.4005E-01  0.0000E+00  0.0000E+00  0.0000E+00  0.0000E+00  0.0000E+00
     21.085  0.3503E-01  0.4240E-01  0.4240E-01  0.4240E-01  0.0000E+00  0.0000E+00  0.0000E+00  0.0000E+00  0.0000E+00
     21.233  0.3932E-01  0.4351E-01  0.4351E-01  0.4351E-01  0.0000E+00  0.0000E+00  0.0000E+00  0.0000E+00  0.0000E+00
     21.380  0.4972E-01  0.4884E-01  0.4884E-01  0.4884E-01  0.0000E+00  0.0000E+00  0.0000E+00  0.0000E+00  0.0000E+00
     21.527  0.4696E-01  0.4582E-01  0.4582E-01  0.4582E-01  0.0000E+00  0.0000E+00  0.0000E+00  0.0000E+00  0.0000E+00
     21.675  0.4718E-01  0.4528E-01  0.4528E-01  0.4528E-01  0.0000E+00  0.0000E+00  0.0000E+00  0.0000E+00  0.0000E+00
     21.822  0.5422E-01  0.4858E-01  0.4858E-01  0.4858E-01  0.0000E+00  0.0000E+00  0.0000E+00  0.0000E+00  0.0000E+00
     21.969  0.5103E-01  0.4738E-01  0.4738E-01  0.4738E-01  0.0000E+00  0.0000E+00  0.0000E+00  0.0000E+00  0.0000E+00
     22.116  0.5690E-01  0.5194E-01  0.5194E-01  0.5194E-01  0.0000E+00  0.0000E+00  0.0000E+00  0.0000E+00  0.0000E+00
     22.264  0.5620E-01  0.5253E-01  0.5253E-01  0.5253E-01  0.0000E+00  0.0000E+00  0.0000E+00  0.0000E+00  0.0000E+00
     22.411  0.5512E-01  0.5196E-01  0.5196E-01  0.5196E-01  0.0000E+00  0.0000E+00  0.0000E+00  0.0000E+00  0.0000E+00
     22.558  0.5526E-01  0.5208E-01  0.5208E-01  0.5208E-01  0.0000E+00  0.0000E+00  0.0000E+00  0.0000E+00  0.0000E+00
     22.706  0.5897E-01  0.5594E-01  0.5594E-01  0.5594E-01  0.0000E+00  0.0000E+00  0.0000E+00  0.0000E+00  0.0000E+00
     22.853  0.5662E-01  0.5482E-01  0.5482E-01  0.5482E-01  0.0000E+00  0.0000E+00  0.0000E+00  0.0000E+00  0.0000E+00
     23.000  0.5918E-01  0.5614E-01  0.5614E-01  0.5614E-01  0.0000E+00  0.0000E+00  0.0000E+00  0.0000E+00  0.0000E+00
     23.147  0.8228E-01  0.5673E-01  0.5673E-01  0.5673E-01  0.0000E+00  0.0000E+00  0.0000E+00  0.0000E+00  0.0000E+00
     23.295  0.1149E+00  0.6470E-01  0.6470E-01  0.6470E-01  0.0000E+00  0.0000E+00  0.0000E+00  0.0000E+00  0.0000E+00
     23.442  0.9770E-01  0.6433E-01  0.6433E-01  0.6433E-01  0.0000E+00  0.0000E+00  0.0000E+00  0.0000E+00  0.0000E+00
     23.589  0.8557E-01  0.6455E-01  0.6455E-01  0.6455E-01  0.0000E+00  0.0000E+00  0.0000E+00  0.0000E+00  0.0000E+00
     23.737  0.8857E-01  0.6907E-01  0.6907E-01  0.6907E-01  0.0000E+00  0.0000E+00  0.0000E+00  0.0000E+00  0.0000E+00
     23.884  0.6017E-01  0.6187E-01  0.6187E-01  0.6187E-01  0.0000E+00  0.0000E+00  0.0000E+00  0.0000E+00  0.0000E+00
     24.031  0.5021E-01  0.6066E-01  0.6066E-01  0.6066E-01  0.0000E+00  0.0000E+00  0.0000E+00  0.0000E+00  0.0000E+00
     24.178  0.4362E-01  0.6202E-01  0.6202E-01  0.6202E-01  0.0000E+00  0.0000E+00  0.0000E+00  0.0000E+00  0.0000E+00
     24.326  0.4167E-01  0.6670E-01  0.6670E-01  0.6670E-01  0.0000E+00  0.0000E+00  0.0000E+00  0.0000E+00  0.0000E+00
     24.473  0.4566E-01  0.7872E-01  0.7872E-01  0.7872E-01  0.0000E+00  0.0000E+00  0.0000E+00  0.0000E+00  0.0000E+00
     24.620  0.4808E-01  0.8940E-01  0.8940E-01  0.8940E-01  0.0000E+00  0.0000E+00  0.0000E+00  0.0000E+00  0.0000E+00
     24.768  0.4185E-01  0.8160E-01  0.8160E-01  0.8160E-01  0.0000E+00  0.0000E+00  0.0000E+00  0.0000E+00  0.0000E+00
     24.915  0.3454E-01  0.7528E-01  0.7528E-01  0.7528E-01  0.0000E+00  0.0000E+00  0.0000E+00  0.0000E+00  0.0000E+00
     25.062  0.2876E-01  0.6960E-01  0.6960E-01  0.6960E-01  0.0000E+00  0.0000E+00  0.0000E+00  0.0000E+00  0.0000E+00
     25.210  0.2452E-01  0.6585E-01  0.6585E-01  0.6585E-01  0.0000E+00  0.0000E+00  0.0000E+00  0.0000E+00  0.0000E+00
     25.357  0.2088E-01  0.6341E-01  0.6341E-01  0.6341E-01  0.0000E+00  0.0000E+00  0.0000E+00  0.0000E+00  0.0000E+00
     25.504  0.1720E-01  0.6016E-01  0.6016E-01  0.6016E-01  0.0000E+00  0.0000E+00  0.0000E+00  0.0000E+00  0.0000E+00
     25.651  0.1416E-01  0.5752E-01  0.5752E-01  0.5752E-01  0.0000E+00  0.0000E+00  0.0000E+00  0.0000E+00  0.0000E+00
     25.799  0.1122E-01  0.5481E-01  0.5481E-01  0.5481E-01  0.0000E+00  0.0000E+00  0.0000E+00  0.0000E+00  0.0000E+00
     25.946  0.8228E-02  0.5270E-01  0.5270E-01  0.5270E-01  0.0000E+00  0.0000E+00  0.0000E+00  0.0000E+00  0.0000E+00
     26.093  0.5414E-02  0.4210E-01  0.4210E-01  0.4210E-01  0.0000E+00  0.0000E+00  0.0000E+00  0.0000E+00  0.0000E+00
     26.241  0.3690E-02  0.2574E-01  0.2574E-01  0.2574E-01  0.0000E+00  0.0000E+00  0.0000E+00  0.0000E+00  0.0000E+00
     26.388  0.2769E-02  0.2333E-01  0.2333E-01  0.2333E-01  0.0000E+00  0.0000E+00  0.0000E+00  0.0000E+00  0.0000E+00
     26.535  0.1989E-02  0.2058E-01  0.2058E-01  0.2058E-01  0.0000E+00  0.0000E+00  0.0000E+00  0.0000E+00  0.0000E+00
     26.682  0.1342E-02  0.1775E-01  0.1775E-01  0.1775E-01  0.0000E+00  0.0000E+00  0.0000E+00  0.0000E+00  0.0000E+00
     26.830  0.7789E-03  0.1468E-01  0.1468E-01  0.1468E-01  0.0000E+00  0.0000E+00  0.0000E+00  0.0000E+00  0.0000E+00
     26.977  0.3356E-03  0.1105E-01  0.1105E-01  0.1105E-01  0.0000E+00  0.0000E+00  0.0000E+00  0.0000E+00  0.0000E+00
     27.124  0.7008E-04  0.7512E-02  0.7512E-02  0.7512E-02  0.0000E+00  0.0000E+00  0.0000E+00  0.0000E+00  0.0000E+00
     27.272  0.0000E+00  0.0000E+00  0.0000E+00  0.0000E+00  0.0000E+00  0.0000E+00  0.0000E+00  0.0000E+00  0.0000E+00
     27.419  0.0000E+00  0.0000E+00  0.0000E+00  0.0000E+00  0.0000E+00  0.0000E+00  0.0000E+00  0.0000E+00  0.0000E+00
     27.566  0.0000E+00  0.0000E+00  0.0000E+00  0.0000E+00  0.0000E+00  0.0000E+00  0.0000E+00  0.0000E+00  0.0000E+00
     27.714  0.0000E+00  0.0000E+00  0.0000E+00  0.0000E+00  0.0000E+00  0.0000E+00  0.0000E+00  0.0000E+00  0.0000E+00
     27.861  0.0000E+00  0.0000E+00  0.0000E+00  0.0000E+00  0.0000E+00  0.0000E+00  0.0000E+00  0.0000E+00  0.0000E+00
     28.008  0.0000E+00  0.0000E+00  0.0000E+00  0.0000E+00  0.0000E+00  0.0000E+00  0.0000E+00  0.0000E+00  0.0000E+00
     28.155  0.0000E+00  0.0000E+00  0.0000E+00  0.0000E+00  0.0000E+00  0.0000E+00  0.0000E+00  0.0000E+00  0.0000E+00
     28.303  0.0000E+00  0.0000E+00  0.0000E+00  0.0000E+00  0.0000E+00  0.0000E+00  0.0000E+00  0.0000E+00  0.0000E+00
     28.450  0.0000E+00  0.0000E+00  0.0000E+00  0.0000E+00  0.0000E+00  0.0000E+00  0.0000E+00  0.0000E+00  0.0000E+00
     28.597  0.0000E+00  0.0000E+00  0.0000E+00  0.0000E+00  0.0000E+00  0.0000E+00  0.0000E+00  0.0000E+00  0.0000E+00
     28.745  0.0000E+00  0.0000E+00  0.0000E+00  0.0000E+00  0.0000E+00  0.0000E+00  0.0000E+00  0.0000E+00  0.0000E+00
     28.892  0.0000E+00  0.0000E+00  0.0000E+00  0.0000E+00  0.0000E+00  0.0000E+00  0.0000E+00  0.0000E+00  0.0000E+00
     29.039  0.0000E+00  0.0000E+00  0.0000E+00  0.0000E+00  0.0000E+00  0.0000E+00  0.0000E+00  0.0000E+00  0.0000E+00
     29.186  0.0000E+00  0.0000E+00  0.0000E+00  0.0000E+00  0.0000E+00  0.0000E+00  0.0000E+00  0.0000E+00  0.0000E+00
     29.18642623    -15.00128583  301     13.81025528      1.00000000
    -15.001  0.0000E+00  0.0000E+00  0.0000E+00  0.0000E+00  0.0000E+00  0.0000E+00  0.0000E+00  0.0000E+00  0.0000E+00
    -14.854  0.0000E+00  0.0000E+00  0.0000E+00  0.0000E+00  0.0000E+00  0.0000E+00  0.0000E+00  0.0000E+00  0.0000E+00
    -14.707  0.0000E+00  0.0000E+00  0.0000E+00  0.0000E+00  0.0000E+00  0.0000E+00  0.0000E+00  0.0000E+00  0.0000E+00
    -14.559  0.0000E+00  0.0000E+00  0.0000E+00  0.0000E+00  0.0000E+00  0.0000E+00  0.0000E+00  0.0000E+00  0.0000E+00
    -14.412  0.0000E+00  0.0000E+00  0.0000E+00  0.0000E+00  0.0000E+00  0.0000E+00  0.0000E+00  0.0000E+00  0.0000E+00
    -14.265  0.0000E+00  0.0000E+00  0.0000E+00  0.0000E+00  0.0000E+00  0.0000E+00  0.0000E+00  0.0000E+00  0.0000E+00
    -14.118  0.0000E+00  0.0000E+00  0.0000E+00  0.0000E+00  0.0000E+00  0.0000E+00  0.0000E+00  0.0000E+00  0.0000E+00
    -13.970  0.0000E+00  0.0000E+00  0.0000E+00  0.0000E+00  0.0000E+00  0.0000E+00  0.0000E+00  0.0000E+00  0.0000E+00
    -13.823  0.0000E+00  0.0000E+00  0.0000E+00  0.0000E+00  0.0000E+00  0.0000E+00  0.0000E+00  0.0000E+00  0.0000E+00
    -13.676  0.0000E+00  0.0000E+00  0.0000E+00  0.0000E+00  0.0000E+00  0.0000E+00  0.0000E+00  0.0000E+00  0.0000E+00
    -13.528  0.0000E+00  0.0000E+00  0.0000E+00  0.0000E+00  0.0000E+00  0.0000E+00  0.0000E+00  0.0000E+00  0.0000E+00
    -13.381  0.0000E+00  0.0000E+00  0.0000E+00  0.0000E+00  0.0000E+00  0.0000E+00  0.0000E+00  0.0000E+00  0.0000E+00
    -13.234  0.0000E+00  0.0000E+00  0.0000E+00  0.0000E+00  0.0000E+00  0.0000E+00  0.0000E+00  0.0000E+00  0.0000E+00
    -13.086  0.0000E+00  0.0000E+00  0.0000E+00  0.0000E+00  0.0000E+00  0.0000E+00  0.0000E+00  0.0000E+00  0.0000E+00
    -12.939  0.7172E-02  0.5492E-05  0.5492E-05  0.5492E-05  0.0000E+00  0.0000E+00  0.0000E+00  0.0000E+00  0.0000E+00
    -12.792  0.1642E-01  0.4583E-04  0.4583E-04  0.4583E-04  0.0000E+00  0.0000E+00  0.0000E+00  0.0000E+00  0.0000E+00
    -12.645  0.1955E-01  0.9965E-04  0.9965E-04  0.9965E-04  0.0000E+00  0.0000E+00  0.0000E+00  0.0000E+00  0.0000E+00
    -12.497  0.2068E-01  0.1539E-03  0.1539E-03  0.1539E-03  0.0000E+00  0.0000E+00  0.0000E+00  0.0000E+00  0.0000E+00
    -12.350  0.2354E-01  0.2270E-03  0.2270E-03  0.2270E-03  0.0000E+00  0.0000E+00  0.0000E+00  0.0000E+00  0.0000E+00
    -12.203  0.2594E-01  0.3105E-03  0.3105E-03  0.3105E-03  0.0000E+00  0.0000E+00  0.0000E+00  0.0000E+00  0.0000E+00
    -12.055  0.2820E-01  0.4012E-03  0.4012E-03  0.4012E-03  0.0000E+00  0.0000E+00  0.0000E+00  0.0000E+00  0.0000E+00
    -11.908  0.3040E-01  0.4972E-03  0.4972E-03  0.4972E-03  0.0000E+00  0.0000E+00  0.0000E+00  0.0000E+00  0.0000E+00
    -11.761  0.3225E-01  0.6030E-03  0.6030E-03  0.6030E-03  0.0000E+00  0.0000E+00  0.0000E+00  0.0000E+00  0.0000E+00
    -11.614  0.3409E-01  0.7135E-03  0.7135E-03  0.7135E-03  0.0000E+00  0.0000E+00  0.0000E+00  0.0000E+00  0.0000E+00
    -11.466  0.3581E-01  0.8300E-03  0.8300E-03  0.8300E-03  0.0000E+00  0.0000E+00  0.0000E+00  0.0000E+00  0.0000E+00
    -11.319  0.3744E-01  0.9527E-03  0.9527E-03  0.9527E-03  0.0000E+00  0.0000E+00  0.0000E+00  0.0000E+00  0.0000E+00
    -11.172  0.3901E-01  0.1080E-02  0.1080E-02  0.1080E-02  0.0000E+00  0.0000E+00  0.0000E+00  0.0000E+00  0.0000E+00
    -11.024  0.4051E-01  0.1213E-02  0.1213E-02  0.1213E-02  0.0000E+00  0.0000E+00  0.0000E+00  0.0000E+00  0.0000E+00
    -10.877  0.4196E-01  0.1351E-02  0.1351E-02  0.1351E-02  0.0000E+00  0.0000E+00  0.0000E+00  0.0000E+00  0.0000E+00
    -10.730  0.4339E-01  0.1493E-02  0.1493E-02  0.1493E-02  0.0000E+00  0.0000E+00  0.0000E+00  0.0000E+00  0.0000E+00
    -10.583  0.4471E-01  0.1641E-02  0.1641E-02  0.1641E-02  0.0000E+00  0.0000E+00  0.0000E+00  0.0000E+00  0.0000E+00
    -10.435  0.4612E-01  0.1790E-02  0.1790E-02  0.1790E-02  0.0000E+00  0.0000E+00  0.0000E+00  0.0000E+00  0.0000E+00
    -10.288  0.4736E-01  0.1949E-02  0.1949E-02  0.1949E-02  0.0000E+00  0.0000E+00  0.0000E+00  0.0000E+00  0.0000E+00
    -10.141  0.4866E-01  0.2108E-02  0.2108E-02  0.2108E-02  0.0000E+00  0.0000E+00  0.0000E+00  0.0000E+00  0.0000E+00
     -9.993  0.4993E-01  0.2273E-02  0.2273E-02  0.2273E-02  0.0000E+00  0.0000E+00  0.0000E+00  0.0000E+00  0.0000E+00
     -9.846  0.5116E-01  0.2443E-02  0.2443E-02  0.2443E-02  0.0000E+00  0.0000E+00  0.0000E+00  0.0000E+00  0.0000E+00
     -9.699  0.5246E-01  0.2612E-02  0.2612E-02  0.2612E-02  0.0000E+00  0.0000E+00  0.0000E+00  0.0000E+00  0.0000E+00
     -9.551  0.5366E-01  0.2791E-02  0.2791E-02  0.2791E-02  0.0000E+00  0.0000E+00  0.0000E+00  0.0000E+00  0.0000E+00
     -9.404  0.5491E-01  0.2971E-02  0.2971E-02  0.2971E-02  0.0000E+00  0.0000E+00  0.0000E+00  0.0000E+00  0.0000E+00
     -9.257  0.5622E-01  0.3152E-02  0.3152E-02  0.3152E-02  0.0000E+00  0.0000E+00  0.0000E+00  0.0000E+00  0.0000E+00
     -9.110  0.5746E-01  0.3344E-02  0.3344E-02  0.3344E-02  0.0000E+00  0.0000E+00  0.0000E+00  0.0000E+00  0.0000E+00
     -8.962  0.5877E-01  0.3536E-02  0.3536E-02  0.3536E-02  0.0000E+00  0.0000E+00  0.0000E+00  0.0000E+00  0.0000E+00
     -8.815  0.6014E-01  0.3728E-02  0.3728E-02  0.3728E-02  0.0000E+00  0.0000E+00  0.0000E+00  0.0000E+00  0.0000E+00
     -8.668  0.6150E-01  0.3932E-02  0.3932E-02  0.3932E-02  0.0000E+00  0.0000E+00  0.0000E+00  0.0000E+00  0.0000E+00
     -8.520  0.6296E-01  0.4136E-02  0.4136E-02  0.4136E-02  0.0000E+00  0.0000E+00  0.0000E+00  0.0000E+00  0.0000E+00
     -8.373  0.6452E-01  0.4341E-02  0.4341E-02  0.4341E-02  0.0000E+00  0.0000E+00  0.0000E+00  0.0000E+00  0.0000E+00
     -8.226  0.6614E-01  0.4560E-02  0.4560E-02  0.4560E-02  0.0000E+00  0.0000E+00  0.0000E+00  0.0000E+00  0.0000E+00
     -8.079  0.6793E-01  0.4781E-02  0.4781E-02  0.4781E-02  0.0000E+00  0.0000E+00  0.0000E+00  0.0000E+00  0.0000E+00
     -7.931  0.6992E-01  0.5004E-02  0.5004E-02  0.5004E-02  0.0000E+00  0.0000E+00  0.0000E+00  0.0000E+00  0.0000E+00
     -7.784  0.7214E-01  0.5245E-02  0.5245E-02  0.5245E-02  0.0000E+00  0.0000E+00  0.0000E+00  0.0000E+00  0.0000E+00
     -7.637  0.7477E-01  0.5496E-02  0.5496E-02  0.5496E-02  0.0000E+00  0.0000E+00  0.0000E+00  0.0000E+00  0.0000E+00
     -7.489  0.7802E-01  0.5763E-02  0.5763E-02  0.5763E-02  0.0000E+00  0.0000E+00  0.0000E+00  0.0000E+00  0.0000E+00
     -7.342  0.8240E-01  0.6075E-02  0.6075E-02  0.6075E-02  0.0000E+00  0.0000E+00  0.0000E+00  0.0000E+00  0.0000E+00
     -7.195  0.9016E-01  0.6508E-02  0.6508E-02  0.6508E-02  0.0000E+00  0.0000E+00  0.0000E+00  0.0000E+00  0.0000E+00
     -7.047  0.1011E+00  0.7051E-02  0.7051E-02  0.7051E-02  0.0000E+00  0.0000E+00  0.0000E+00  0.0000E+00  0.0000E+00
     -6.900  0.9715E-01  0.7055E-02  0.7055E-02  0.7055E-02  0.0000E+00  0.0000E+00  0.0000E+00  0.0000E+00  0.0000E+00
     -6.753  0.9197E-01  0.6987E-02  0.6987E-02  0.6987E-02  0.0000E+00  0.0000E+00  0.0000E+00  0.0000E+00  0.0000E+00
     -6.606  0.8962E-01  0.7023E-02  0.7023E-02  0.7023E-02  0.0000E+00  0.0000E+00  0.0000E+00  0.0000E+00  0.0000E+00
     -6.458  0.8606E-01  0.6978E-02  0.6978E-02  0.6978E-02  0.0000E+00  0.0000E+00  0.0000E+00  0.0000E+00  0.0000E+00
     -6.311  0.8369E-01  0.7006E-02  0.7006E-02  0.7006E-02  0.0000E+00  0.0000E+00  0.0000E+00  0.0000E+00  0.0000E+00
     -6.164  0.8031E-01  0.6947E-02  0.6947E-02  0.6947E-02  0.0000E+00  0.0000E+00  0.0000E+00  0.0000E+00  0.0000E+00
     -6.016  0.7780E-01  0.6919E-02  0.6919E-02  0.6919E-02  0.0000E+00  0.0000E+00  0.0000E+00  0.0000E+00  0.0000E+00
     -5.869  0.7496E-01  0.6880E-02  0.6880E-02  0.6880E-02  0.0000E+00  0.0000E+00  0.0000E+00  0.0000E+00  0.0000E+00
     -5.722  0.7187E-01  0.6796E-02  0.6796E-02  0.6796E-02  0.0000E+00  0.0000E+00  0.0000E+00  0.0000E+00  0.0000E+00
     -5.575  0.6922E-01  0.6726E-02  0.6726E-02  0.6726E-02  0.0000E+00  0.0000E+00  0.0000E+00  0.0000E+00  0.0000E+00
     -5.427  0.6629E-01  0.6635E-02  0.6635E-02  0.6635E-02  0.0000E+00  0.0000E+00  0.0000E+00  0.0000E+00  0.0000E+00
     -5.280  0.6359E-01  0.6534E-02  0.6534E-02  0.6534E-02  0.0000E+00  0.0000E+00  0.0000E+00  0.0000E+00  0.0000E+00
     -5.133  0.6053E-01  0.6400E-02  0.6400E-02  0.6400E-02  0.0000E+00  0.0000E+00  0.0000E+00  0.0000E+00  0.0000E+00
     -4.985  0.5787E-01  0.6281E-02  0.6281E-02  0.6281E-02  0.0000E+00  0.0000E+00  0.0000E+00  0.0000E+00  0.0000E+00
     -4.838  0.5465E-01  0.6104E-02  0.6104E-02  0.6104E-02  0.0000E+00  0.0000E+00  0.0000E+00  0.0000E+00  0.0000E+00
     -4.691  0.5187E-01  0.5947E-02  0.5947E-02  0.5947E-02  0.0000E+00  0.0000E+00  0.0000E+00  0.0000E+00  0.0000E+00
     -4.544  0.4869E-01  0.5743E-02  0.5743E-02  0.5743E-02  0.0000E+00  0.0000E+00  0.0000E+00  0.0000E+00  0.0000E+00
     -4.396  0.4569E-01  0.5543E-02  0.5543E-02  0.5543E-02  0.0000E+00  0.0000E+00  0.0000E+00  0.0000E+00  0.0000E+00
     -4.249  0.4856E-01  0.8987E-02  0.8987E-02  0.8987E-02  0.0000E+00  0.0000E+00  0.0000E+00  0.0000E+00  0.0000E+00
     -4.102  0.4955E-01  0.1083E-01  0.1083E-01  0.1083E-01  0.0000E+00  0.0000E+00  0.0000E+00  0.0000E+00  0.0000E+00
     -3.954  0.3816E-01  0.1004E-01  0.1004E-01  0.1004E-01  0.0000E+00  0.0000E+00  0.0000E+00  0.0000E+00  0.0000E+00
     -3.807  0.2828E-01  0.9761E-02  0.9761E-02  0.9761E-02  0.0000E+00  0.0000E+00  0.0000E+00  0.0000E+00  0.0000E+00
     -3.660  0.2825E-01  0.1094E-01  0.1094E-01  0.1094E-01  0.0000E+00  0.0000E+00  0.0000E+00  0.0000E+00  0.0000E+00
     -3.512  0.2937E-01  0.1207E-01  0.1207E-01  0.1207E-01  0.0000E+00  0.0000E+00  0.0000E+00  0.0000E+00  0.0000E+00
     -3.365  0.3367E-01  0.1383E-01  0.1383E-01  0.1383E-01  0.0000E+00  0.0000E+00  0.0000E+00  0.0000E+00  0.0000E+00
     -3.218  0.4081E-01  0.1583E-01  0.1583E-01  0.1583E-01  0.0000E+00  0.0000E+00  0.0000E+00  0.0000E+00  0.0000E+00
     -3.071  0.5081E-01  0.1855E-01  0.1855E-01  0.1855E-01  0.0000E+00  0.0000E+00  0.0000E+00  0.0000E+00  0.0000E+00
     -2.923  0.6254E-01  0.2167E-01  0.2167E-01  0.2167E-01  0.0000E+00  0.0000E+00  0.0000E+00  0.0000E+00  0.0000E+00
     -2.776  0.7844E-01  0.2613E-01  0.2613E-01  0.2613E-01  0.0000E+00  0.0000E+00  0.0000E+00  0.0000E+00  0.0000E+00
     -2.629  0.1145E+00  0.3628E-01  0.3628E-01  0.3628E-01  0.0000E+00  0.0000E+00  0.0000E+00  0.0000E+00  0.0000E+00
     -2.481  0.1075E+00  0.3338E-01  0.3338E-01  0.3338E-01  0.0000E+00  0.0000E+00  0.0000E+00  0.0000E+00  0.0000E+00
     -2.334  0.8026E-01  0.2587E-01  0.2587E-01  0.2587E-01  0.0000E+00  0.0000E+00  0.0000E+00  0.0000E+00  0.0000E+00
     -2.187  0.7013E-01  0.2314E-01  0.2314E-01  0.2314E-01  0.0000E+00  0.0000E+00  0.0000E+00  0.0000E+00  0.0000E+00
     -2.040  0.6438E-01  0.2162E-01  0.2162E-01  0.2162E-01  0.0000E+00  0.0000E+00  0.0000E+00  0.0000E+00  0.0000E+00
     -1.892  0.5890E-01  0.2023E-01  0.2023E-01  0.2023E-01  0.0000E+00  0.0000E+00  0.0000E+00  0.0000E+00  0.0000E+00
     -1.745  0.5544E-01  0.1939E-01  0.1939E-01  0.1939E-01  0.0000E+00  0.0000E+00  0.0000E+00  0.0000E+00  0.0000E+00
     -1.598  0.5115E-01  0.1835E-01  0.1835E-01  0.1835E-01  0.0000E+00  0.0000E+00  0.0000E+00  0.0000E+00  0.0000E+00
     -1.450  0.4871E-01  0.1781E-01  0.1781E-01  0.1781E-01  0.0000E+00  0.0000E+00  0.0000E+00  0.0000E+00  0.0000E+00
     -1.303  0.4516E-01  0.1696E-01  0.1696E-01  0.1696E-01  0.0000E+00  0.0000E+00  0.0000E+00  0.0000E+00  0.0000E+00
     -1.156  0.4314E-01  0.1654E-01  0.1654E-01  0.1654E-01  0.0000E+00  0.0000E+00  0.0000E+00  0.0000E+00  0.0000E+00
     -1.009  0.4079E-01  0.1602E-01  0.1602E-01  0.1602E-01  0.0000E+00  0.0000E+00  0.0000E+00  0.0000E+00  0.0000E+00
     -0.861  0.3826E-01  0.1542E-01  0.1542E-01  0.1542E-01  0.0000E+00  0.0000E+00  0.0000E+00  0.0000E+00  0.0000E+00
     -0.714  0.3659E-01  0.1509E-01  0.1509E-01  0.1509E-01  0.0000E+00  0.0000E+00  0.0000E+00  0.0000E+00  0.0000E+00
     -0.567  0.3408E-01  0.1447E-01  0.1447E-01  0.1447E-01  0.0000E+00  0.0000E+00  0.0000E+00  0.0000E+00  0.0000E+00
     -0.419  0.3263E-01  0.1418E-01  0.1418E-01  0.1418E-01  0.0000E+00  0.0000E+00  0.0000E+00  0.0000E+00  0.0000E+00
     -0.272  0.3112E-01  0.1386E-01  0.1386E-01  0.1386E-01  0.0000E+00  0.0000E+00  0.0000E+00  0.0000E+00  0.0000E+00
     -0.125  0.3004E-01  0.2101E-01  0.2101E-01  0.2101E-01  0.0000E+00  0.0000E+00  0.0000E+00  0.0000E+00  0.0000E+00
      0.023  0.2991E-01  0.2473E-01  0.2473E-01  0.2473E-01  0.0000E+00  0.0000E+00  0.0000E+00  0.0000E+00  0.0000E+00
      0.170  0.2976E-01  0.2858E-01  0.2858E-01  0.2858E-01  0.0000E+00  0.0000E+00  0.0000E+00  0.0000E+00  0.0000E+00
      0.317  0.2938E-01  0.3280E-01  0.3280E-01  0.3280E-01  0.0000E+00  0.0000E+00  0.0000E+00  0.0000E+00  0.0000E+00
      0.464  0.3070E-01  0.4021E-01  0.4021E-01  0.4021E-01  0.0000E+00  0.0000E+00  0.0000E+00  0.0000E+00  0.0000E+00
      0.612  0.3131E-01  0.4295E-01  0.4295E-01  0.4295E-01  0.0000E+00  0.0000E+00  0.0000E+00  0.0000E+00  0.0000E+00
      0.759  0.3055E-01  0.4081E-01  0.4081E-01  0.4081E-01  0.0000E+00  0.0000E+00  0.0000E+00  0.0000E+00  0.0000E+00
      0.906  0.3051E-01  0.3977E-01  0.3977E-01  0.3977E-01  0.0000E+00  0.0000E+00  0.0000E+00  0.0000E+00  0.0000E+00
      1.054  0.3028E-01  0.3960E-01  0.3960E-01  0.3960E-01  0.0000E+00  0.0000E+00  0.0000E+00  0.0000E+00  0.0000E+00
      1.201  0.2944E-01  0.3977E-01  0.3977E-01  0.3977E-01  0.0000E+00  0.0000E+00  0.0000E+00  0.0000E+00  0.0000E+00
      1.348  0.2924E-01  0.4079E-01  0.4079E-01  0.4079E-01  0.0000E+00  0.0000E+00  0.0000E+00  0.0000E+00  0.0000E+00
      1.495  0.2894E-01  0.4207E-01  0.4207E-01  0.4207E-01  0.0000E+00  0.0000E+00  0.0000E+00  0.0000E+00  0.0000E+00
      1.643  0.2806E-01  0.4295E-01  0.4295E-01  0.4295E-01  0.0000E+00  0.0000E+00  0.0000E+00  0.0000E+00  0.0000E+00
      1.790  0.2770E-01  0.4543E-01  0.4543E-01  0.4543E-01  0.0000E+00  0.0000E+00  0.0000E+00  0.0000E+00  0.0000E+00
      1.937  0.2722E-01  0.4617E-01  0.4617E-01  0.4617E-01  0.0000E+00  0.0000E+00  0.0000E+00  0.0000E+00  0.0000E+00
      2.085  0.2654E-01  0.4775E-01  0.4775E-01  0.4775E-01  0.0000E+00  0.0000E+00  0.0000E+00  0.0000E+00  0.0000E+00
      2.232  0.2574E-01  0.5022E-01  0.5022E-01  0.5022E-01  0.0000E+00  0.0000E+00  0.0000E+00  0.0000E+00  0.0000E+00
      2.379  0.2525E-01  0.5211E-01  0.5211E-01  0.5211E-01  0.0000E+00  0.0000E+00  0.0000E+00  0.0000E+00  0.0000E+00
      2.527  0.2468E-01  0.5556E-01  0.5556E-01  0.5556E-01  0.0000E+00  0.0000E+00  0.0000E+00  0.0000E+00  0.0000E+00
      2.674  0.2372E-01  0.5802E-01  0.5802E-01  0.5802E-01  0.0000E+00  0.0000E+00  0.0000E+00  0.0000E+00  0.0000E+00
      2.821  0.2306E-01  0.6405E-01  0.6405E-01  0.6405E-01  0.0000E+00  0.0000E+00  0.0000E+00  0.0000E+00  0.0000E+00
      2.968  0.2244E-01  0.7649E-01  0.7649E-01  0.7649E-01  0.0000E+00  0.0000E+00  0.0000E+00  0.0000E+00  0.0000E+00
      3.116  0.2164E-01  0.7785E-01  0.7785E-01  0.7785E-01  0.0000E+00  0.0000E+00  0.0000E+00  0.0000E+00  0.0000E+00
      3.263  0.2057E-01  0.7424E-01  0.7424E-01  0.7424E-01  0.0000E+00  0.0000E+00  0.0000E+00  0.0000E+00  0.0000E+00
      3.410  0.1991E-01  0.7400E-01  0.7400E-01  0.7400E-01  0.0000E+00  0.0000E+00  0.0000E+00  0.0000E+00  0.0000E+00
      3.558  0.1927E-01  0.7357E-01  0.7357E-01  0.7357E-01  0.0000E+00  0.0000E+00  0.0000E+00  0.0000E+00  0.0000E+00
      3.705  0.1841E-01  0.7324E-01  0.7324E-01  0.7324E-01  0.0000E+00  0.0000E+00  0.0000E+00  0.0000E+00  0.0000E+00
      3.852  0.1748E-01  0.7269E-01  0.7269E-01  0.7269E-01  0.0000E+00  0.0000E+00  0.0000E+00  0.0000E+00  0.0000E+00
      3.999  0.1692E-01  0.7261E-01  0.7261E-01  0.7261E-01  0.0000E+00  0.0000E+00  0.0000E+00  0.0000E+00  0.0000E+00
      4.147  0.1622E-01  0.7248E-01  0.7248E-01  0.7248E-01  0.0000E+00  0.0000E+00  0.0000E+00  0.0000E+00  0.0000E+00
      4.294  0.1538E-01  0.7180E-01  0.7180E-01  0.7180E-01  0.0000E+00  0.0000E+00  0.0000E+00  0.0000E+00  0.0000E+00
      4.441  0.1462E-01  0.7170E-01  0.7170E-01  0.7170E-01  0.0000E+00  0.0000E+00  0.0000E+00  0.0000E+00  0.0000E+00
      4.589  0.1396E-01  0.7155E-01  0.7155E-01  0.7155E-01  0.0000E+00  0.0000E+00  0.0000E+00  0.0000E+00  0.0000E+00
      4.736  0.1323E-01  0.7113E-01  0.7113E-01  0.7113E-01  0.0000E+00  0.0000E+00  0.0000E+00  0.0000E+00  0.0000E+00
      4.883  0.1246E-01  0.7099E-01  0.7099E-01  0.7099E-01  0.0000E+00  0.0000E+00  0.0000E+00  0.0000E+00  0.0000E+00
      5.030  0.1183E-01  0.7067E-01  0.7067E-01  0.7067E-01  0.0000E+00  0.0000E+00  0.0000E+00  0.0000E+00  0.0000E+00
      5.178  0.1126E-01  0.7041E-01  0.7041E-01  0.7041E-01  0.0000E+00  0.0000E+00  0.0000E+00  0.0000E+00  0.0000E+00
      5.325  0.1060E-01  0.7019E-01  0.7019E-01  0.7019E-01  0.0000E+00  0.0000E+00  0.0000E+00  0.0000E+00  0.0000E+00
      5.472  0.9882E-02  0.6983E-01  0.6983E-01  0.6983E-01  0.0000E+00  0.0000E+00  0.0000E+00  0.0000E+00  0.0000E+00
      5.620  0.9199E-02  0.6956E-01  0.6956E-01  0.6956E-01  0.0000E+00  0.0000E+00  0.0000E+00  0.0000E+00  0.0000E+00
      5.767  0.8611E-02  0.6938E-01  0.6938E-01  0.6938E-01  0.0000E+00  0.0000E+00  0.0000E+00  0.0000E+00  0.0000E+00
      5.914  0.8002E-02  0.6912E-01  0.6912E-01  0.6912E-01  0.0000E+00  0.0000E+00  0.0000E+00  0.0000E+00  0.0000E+00
      6.062  0.7340E-02  0.6896E-01  0.6896E-01  0.6896E-01  0.0000E+00  0.0000E+00  0.0000E+00  0.0000E+00  0.0000E+00
      6.209  0.6759E-02  0.6855E-01  0.6855E-01  0.6855E-01  0.0000E+00  0.0000E+00  0.0000E+00  0.0000E+00  0.0000E+00
      6.356  0.6233E-02  0.6854E-01  0.6854E-01  0.6854E-01  0.0000E+00  0.0000E+00  0.0000E+00  0.0000E+00  0.0000E+00
      6.503  0.5660E-02  0.6874E-01  0.6874E-01  0.6874E-01  0.0000E+00  0.0000E+00  0.0000E+00  0.0000E+00  0.0000E+00
      6.651  0.5082E-02  0.5978E-01  0.5978E-01  0.5978E-01  0.0000E+00  0.0000E+00  0.0000E+00  0.0000E+00  0.0000E+00
      6.798  0.4583E-02  0.4982E-01  0.4982E-01  0.4982E-01  0.0000E+00  0.0000E+00  0.0000E+00  0.0000E+00  0.0000E+00
      6.945  0.4180E-02  0.4482E-01  0.4482E-01  0.4482E-01  0.0000E+00  0.0000E+00  0.0000E+00  0.0000E+00  0.0000E+00
      7.093  0.3774E-02  0.4085E-01  0.4085E-01  0.4085E-01  0.0000E+00  0.0000E+00  0.0000E+00  0.0000E+00  0.0000E+00
      7.240  0.3351E-02  0.3735E-01  0.3735E-01  0.3735E-01  0.0000E+00  0.0000E+00  0.0000E+00  0.0000E+00  0.0000E+00
      7.387  0.3000E-02  0.3439E-01  0.3439E-01  0.3439E-01  0.0000E+00  0.0000E+00  0.0000E+00  0.0000E+00  0.0000E+00
      7.534  0.2691E-02  0.3167E-01  0.3167E-01  0.3167E-01  0.0000E+00  0.0000E+00  0.0000E+00  0.0000E+00  0.0000E+00
      7.682  0.2382E-02  0.2911E-01  0.2911E-01  0.2911E-01  0.0000E+00  0.0000E+00  0.0000E+00  0.0000E+00  0.0000E+00
      7.829  0.2045E-02  0.2668E-01  0.2668E-01  0.2668E-01  0.0000E+00  0.0000E+00  0.0000E+00  0.0000E+00  0.0000E+00
      7.976  0.1796E-02  0.2460E-01  0.2460E-01  0.2460E-01  0.0000E+00  0.0000E+00  0.0000E+00  0.0000E+00  0.0000E+00
      8.124  0.1549E-02  0.2248E-01  0.2248E-01  0.2248E-01  0.0000E+00  0.0000E+00  0.0000E+00  0.0000E+00  0.0000E+00
      8.271  0.1283E-02  0.2045E-01  0.2045E-01  0.2045E-01  0.0000E+00  0.0000E+00  0.0000E+00  0.0000E+00  0.0000E+00
      8.418  0.1067E-02  0.1851E-01  0.1851E-01  0.1851E-01  0.0000E+00  0.0000E+00  0.0000E+00  0.0000E+00  0.0000E+00
      8.565  0.8580E-03  0.1658E-01  0.1658E-01  0.1658E-01  0.0000E+00  0.0000E+00  0.0000E+00  0.0000E+00  0.0000E+00
      8.713  0.6680E-03  0.1476E-01  0.1476E-01  0.1476E-01  0.0000E+00  0.0000E+00  0.0000E+00  0.0000E+00  0.0000E+00
      8.860  0.4933E-03  0.1279E-01  0.1279E-01  0.1279E-01  0.0000E+00  0.0000E+00  0.0000E+00  0.0000E+00  0.0000E+00
      9.007  0.3399E-03  0.1083E-01  0.1083E-01  0.1083E-01  0.0000E+00  0.0000E+00  0.0000E+00  0.0000E+00  0.0000E+00
      9.155  0.1992E-03  0.8847E-02  0.8847E-02  0.8847E-02  0.0000E+00  0.0000E+00  0.0000E+00  0.0000E+00  0.0000E+00
      9.302  0.9760E-04  0.6750E-02  0.6750E-02  0.6750E-02  0.0000E+00  0.0000E+00  0.0000E+00  0.0000E+00  0.0000E+00
      9.449  0.2738E-04  0.3543E-02  0.3543E-02  0.3543E-02  0.0000E+00  0.0000E+00  0.0000E+00  0.0000E+00  0.0000E+00
      9.597  0.0000E+00  0.0000E+00  0.0000E+00  0.0000E+00  0.0000E+00  0.0000E+00  0.0000E+00  0.0000E+00  0.0000E+00
      9.744  0.0000E+00  0.0000E+00  0.0000E+00  0.0000E+00  0.0000E+00  0.0000E+00  0.0000E+00  0.0000E+00  0.0000E+00
      9.891  0.0000E+00  0.0000E+00  0.0000E+00  0.0000E+00  0.0000E+00  0.0000E+00  0.0000E+00  0.0000E+00  0.0000E+00
     10.038  0.0000E+00  0.0000E+00  0.0000E+00  0.0000E+00  0.0000E+00  0.0000E+00  0.0000E+00  0.0000E+00  0.0000E+00
     10.186  0.0000E+00  0.0000E+00  0.0000E+00  0.0000E+00  0.0000E+00  0.0000E+00  0.0000E+00  0.0000E+00  0.0000E+00
     10.333  0.0000E+00  0.0000E+00  0.0000E+00  0.0000E+00  0.0000E+00  0.0000E+00  0.0000E+00  0.0000E+00  0.0000E+00
     10.480  0.0000E+00  0.0000E+00  0.0000E+00  0.0000E+00  0.0000E+00  0.0000E+00  0.0000E+00  0.0000E+00  0.0000E+00
     10.628  0.0000E+00  0.0000E+00  0.0000E+00  0.0000E+00  0.0000E+00  0.0000E+00  0.0000E+00  0.0000E+00  0.0000E+00
     10.775  0.0000E+00  0.0000E+00  0.0000E+00  0.0000E+00  0.0000E+00  0.0000E+00  0.0000E+00  0.0000E+00  0.0000E+00
     10.922  0.0000E+00  0.0000E+00  0.0000E+00  0.0000E+00  0.0000E+00  0.0000E+00  0.0000E+00  0.0000E+00  0.0000E+00
     11.069  0.0000E+00  0.0000E+00  0.0000E+00  0.0000E+00  0.0000E+00  0.0000E+00  0.0000E+00  0.0000E+00  0.0000E+00
     11.217  0.0000E+00  0.0000E+00  0.0000E+00  0.0000E+00  0.0000E+00  0.0000E+00  0.0000E+00  0.0000E+00  0.0000E+00
     11.364  0.0000E+00  0.0000E+00  0.0000E+00  0.0000E+00  0.0000E+00  0.0000E+00  0.0000E+00  0.0000E+00  0.0000E+00
     11.511  0.0000E+00  0.0000E+00  0.0000E+00  0.0000E+00  0.0000E+00  0.0000E+00  0.0000E+00  0.0000E+00  0.0000E+00
     11.659  0.0000E+00  0.0000E+00  0.0000E+00  0.0000E+00  0.0000E+00  0.0000E+00  0.0000E+00  0.0000E+00  0.0000E+00
     11.806  0.0000E+00  0.0000E+00  0.0000E+00  0.0000E+00  0.0000E+00  0.0000E+00  0.0000E+00  0.0000E+00  0.0000E+00
     11.953  0.0000E+00  0.0000E+00  0.0000E+00  0.0000E+00  0.0000E+00  0.0000E+00  0.0000E+00  0.0000E+00  0.0000E+00
     12.101  0.0000E+00  0.0000E+00  0.0000E+00  0.0000E+00  0.0000E+00  0.0000E+00  0.0000E+00  0.0000E+00  0.0000E+00
     12.248  0.0000E+00  0.0000E+00  0.0000E+00  0.0000E+00  0.0000E+00  0.0000E+00  0.0000E+00  0.0000E+00  0.0000E+00
     12.395  0.0000E+00  0.0000E+00  0.0000E+00  0.0000E+00  0.0000E+00  0.0000E+00  0.0000E+00  0.0000E+00  0.0000E+00
     12.542  0.0000E+00  0.0000E+00  0.0000E+00  0.0000E+00  0.0000E+00  0.0000E+00  0.0000E+00  0.0000E+00  0.0000E+00
     12.690  0.0000E+00  0.0000E+00  0.0000E+00  0.0000E+00  0.0000E+00  0.0000E+00  0.0000E+00  0.0000E+00  0.0000E+00
     12.837  0.0000E+00  0.0000E+00  0.0000E+00  0.0000E+00  0.0000E+00  0.0000E+00  0.0000E+00  0.0000E+00  0.0000E+00
     12.984  0.0000E+00  0.0000E+00  0.0000E+00  0.0000E+00  0.0000E+00  0.0000E+00  0.0000E+00  0.0000E+00  0.0000E+00
     13.132  0.0000E+00  0.0000E+00  0.0000E+00  0.0000E+00  0.0000E+00  0.0000E+00  0.0000E+00  0.0000E+00  0.0000E+00
     13.279  0.0000E+00  0.0000E+00  0.0000E+00  0.0000E+00  0.0000E+00  0.0000E+00  0.0000E+00  0.0000E+00  0.0000E+00
     13.426  0.0000E+00  0.0000E+00  0.0000E+00  0.0000E+00  0.0000E+00  0.0000E+00  0.0000E+00  0.0000E+00  0.0000E+00
     13.573  0.0000E+00  0.0000E+00  0.0000E+00  0.0000E+00  0.0000E+00  0.0000E+00  0.0000E+00  0.0000E+00  0.0000E+00
     13.721  0.0000E+00  0.0000E+00  0.0000E+00  0.0000E+00  0.0000E+00  0.0000E+00  0.0000E+00  0.0000E+00  0.0000E+00
     13.868  0.3519E-02  0.1181E-02  0.1181E-02  0.1181E-02  0.0000E+00  0.0000E+00  0.0000E+00  0.0000E+00  0.0000E+00
     14.015  0.7737E-02  0.2815E-02  0.2815E-02  0.2815E-02  0.0000E+00  0.0000E+00  0.0000E+00  0.0000E+00  0.0000E+00
     14.163  0.1023E-01  0.4022E-02  0.4022E-02  0.4022E-02  0.0000E+00  0.0000E+00  0.0000E+00  0.0000E+00  0.0000E+00
     14.310  0.1285E-01  0.5376E-02  0.5376E-02  0.5376E-02  0.0000E+00  0.0000E+00  0.0000E+00  0.0000E+00  0.0000E+00
     14.457  0.1595E-01  0.6902E-02  0.6902E-02  0.6902E-02  0.0000E+00  0.0000E+00  0.0000E+00  0.0000E+00  0.0000E+00
     14.604  0.1931E-01  0.8626E-02  0.8626E-02  0.8626E-02  0.0000E+00  0.0000E+00  0.0000E+00  0.0000E+00  0.0000E+00
     14.752  0.2160E-01  0.1032E-01  0.1032E-01  0.1032E-01  0.0000E+00  0.0000E+00  0.0000E+00  0.0000E+00  0.0000E+00
     14.899  0.2441E-01  0.1235E-01  0.1235E-01  0.1235E-01  0.0000E+00  0.0000E+00  0.0000E+00  0.0000E+00  0.0000E+00
     15.046  0.2535E-01  0.1428E-01  0.1428E-01  0.1428E-01  0.0000E+00  0.0000E+00  0.0000E+00  0.0000E+00  0.0000E+00
     15.194  0.2666E-01  0.1675E-01  0.1675E-01  0.1675E-01  0.0000E+00  0.0000E+00  0.0000E+00  0.0000E+00  0.0000E+00
     15.341  0.2798E-01  0.2222E-01  0.2222E-01  0.2222E-01  0.0000E+00  0.0000E+00  0.0000E+00  0.0000E+00  0.0000E+00
     15.488  0.2882E-01  0.2240E-01  0.2240E-01  0.2240E-01  0.0000E+00  0.0000E+00  0.0000E+00  0.0000E+00  0.0000E+00
     15.636  0.2952E-01  0.2390E-01  0.2390E-01  0.2390E-01  0.0000E+00  0.0000E+00  0.0000E+00  0.0000E+00  0.0000E+00
     15.783  0.3030E-01  0.2509E-01  0.2509E-01  0.2509E-01  0.0000E+00  0.0000E+00  0.0000E+00  0.0000E+00  0.0000E+00
     15.930  0.3106E-01  0.2647E-01  0.2647E-01  0.2647E-01  0.0000E+00  0.0000E+00  0.0000E+00  0.0000E+00  0.0000E+00
     16.077  0.3181E-01  0.2803E-01  0.2803E-01  0.2803E-01  0.0000E+00  0.0000E+00  0.0000E+00  0.0000E+00  0.0000E+00
     16.225  0.3234E-01  0.2953E-01  0.2953E-01  0.2953E-01  0.0000E+00  0.0000E+00  0.0000E+00  0.0000E+00  0.0000E+00
     16.372  0.3292E-01  0.3116E-01  0.3116E-01  0.3116E-01  0.0000E+00  0.0000E+00  0.0000E+00  0.0000E+00  0.0000E+00
     16.519  0.3351E-01  0.3286E-01  0.3286E-01  0.3286E-01  0.0000E+00  0.0000E+00  0.0000E+00  0.0000E+00  0.0000E+00
     16.667  0.3423E-01  0.3472E-01  0.3472E-01  0.3472E-01  0.0000E+00  0.0000E+00  0.0000E+00  0.0000E+00  0.0000E+00
     16.814  0.3489E-01  0.3670E-01  0.3670E-01  0.3670E-01  0.0000E+00  0.0000E+00  0.0000E+00  0.0000E+00  0.0000E+00
     16.961  0.3556E-01  0.3881E-01  0.3881E-01  0.3881E-01  0.0000E+00  0.0000E+00  0.0000E+00  0.0000E+00  0.0000E+00
     17.108  0.3629E-01  0.4111E-01  0.4111E-01  0.4111E-01  0.0000E+00  0.0000E+00  0.0000E+00  0.0000E+00  0.0000E+00
     17.256  0.3707E-01  0.4350E-01  0.4350E-01  0.4350E-01  0.0000E+00  0.0000E+00  0.0000E+00  0.0000E+00  0.0000E+00
     17.403  0.3821E-01  0.4643E-01  0.4643E-01  0.4643E-01  0.0000E+00  0.0000E+00  0.0000E+00  0.0000E+00  0.0000E+00
     17.550  0.3933E-01  0.4950E-01  0.4950E-01  0.4950E-01  0.0000E+00  0.0000E+00  0.0000E+00  0.0000E+00  0.0000E+00
     17.698  0.4094E-01  0.5363E-01  0.5363E-01  0.5363E-01  0.0000E+00  0.0000E+00  0.0000E+00  0.0000E+00  0.0000E+00
     17.845  0.4297E-01  0.5886E-01  0.5886E-01  0.5886E-01  0.0000E+00  0.0000E+00  0.0000E+00  0.0000E+00  0.0000E+00
     17.992  0.4635E-01  0.6782E-01  0.6782E-01  0.6782E-01  0.0000E+00  0.0000E+00  0.0000E+00  0.0000E+00  0.0000E+00
     18.139  0.5259E-01  0.8098E-01  0.8098E-01  0.8098E-01  0.0000E+00  0.0000E+00  0.0000E+00  0.0000E+00  0.0000E+00
     18.287  0.5927E-01  0.7964E-01  0.7964E-01  0.7964E-01  0.0000E+00  0.0000E+00  0.0000E+00  0.0000E+00  0.0000E+00
     18.434  0.7379E-01  0.6816E-01  0.6816E-01  0.6816E-01  0.0000E+00  0.0000E+00  0.0000E+00  0.0000E+00  0.0000E+00
     18.581  0.8442E-01  0.7025E-01  0.7025E-01  0.7025E-01  0.0000E+00  0.0000E+00  0.0000E+00  0.0000E+00  0.0000E+00
     18.729  0.6965E-01  0.6071E-01  0.6071E-01  0.6071E-01  0.0000E+00  0.0000E+00  0.0000E+00  0.0000E+00  0.0000E+00
     18.876  0.6619E-01  0.5963E-01  0.5963E-01  0.5963E-01  0.0000E+00  0.0000E+00  0.0000E+00  0.0000E+00  0.0000E+00
     19.023  0.6341E-01  0.5731E-01  0.5731E-01  0.5731E-01  0.0000E+00  0.0000E+00  0.0000E+00  0.0000E+00  0.0000E+00
     19.171  0.5726E-01  0.5519E-01  0.5519E-01  0.5519E-01  0.0000E+00  0.0000E+00  0.0000E+00  0.0000E+00  0.0000E+00
     19.318  0.5620E-01  0.5476E-01  0.5476E-01  0.5476E-01  0.0000E+00  0.0000E+00  0.0000E+00  0.0000E+00  0.0000E+00
     19.465  0.5428E-01  0.5421E-01  0.5421E-01  0.5421E-01  0.0000E+00  0.0000E+00  0.0000E+00  0.0000E+00  0.0000E+00
     19.612  0.4979E-01  0.5301E-01  0.5301E-01  0.5301E-01  0.0000E+00  0.0000E+00  0.0000E+00  0.0000E+00  0.0000E+00
     19.760  0.4958E-01  0.5412E-01  0.5412E-01  0.5412E-01  0.0000E+00  0.0000E+00  0.0000E+00  0.0000E+00  0.0000E+00
     19.907  0.4772E-01  0.5518E-01  0.5518E-01  0.5518E-01  0.0000E+00  0.0000E+00  0.0000E+00  0.0000E+00  0.0000E+00
     20.054  0.4600E-01  0.5445E-01  0.5445E-01  0.5445E-01  0.0000E+00  0.0000E+00  0.0000E+00  0.0000E+00  0.0000E+00
     20.202  0.4321E-01  0.5297E-01  0.5297E-01  0.5297E-01  0.0000E+00  0.0000E+00  0.0000E+00  0.0000E+00  0.0000E+00
     20.349  0.4152E-01  0.5145E-01  0.5145E-01  0.5145E-01  0.0000E+00  0.0000E+00  0.0000E+00  0.0000E+00  0.0000E+00
     20.496  0.4159E-01  0.5142E-01  0.5142E-01  0.5142E-01  0.0000E+00  0.0000E+00  0.0000E+00  0.0000E+00  0.0000E+00
     20.643  0.4254E-01  0.5132E-01  0.5132E-01  0.5132E-01  0.0000E+00  0.0000E+00  0.0000E+00  0.0000E+00  0.0000E+00
     20.791  0.3384E-01  0.4282E-01  0.4282E-01  0.4282E-01  0.0000E+00  0.0000E+00  0.0000E+00  0.0000E+00  0.0000E+00
     20.938  0.2987E-01  0.4005E-01  0.4005E-01  0.4005E-01  0.0000E+00  0.0000E+00  0.0000E+00  0.0000E+00  0.0000E+00
     21.085  0.3503E-01  0.4240E-01  0.4240E-01  0.4240E-01  0.0000E+00  0.0000E+00  0.0000E+00  0.0000E+00  0.0000E+00
     21.233  0.3932E-01  0.4351E-01  0.4351E-01  0.4351E-01  0.0000E+00  0.0000E+00  0.0000E+00  0.0000E+00  0.0000E+00
     21.380  0.4972E-01  0.4884E-01  0.4884E-01  0.4884E-01  0.0000E+00  0.0000E+00  0.0000E+00  0.0000E+00  0.0000E+00
     21.527  0.4696E-01  0.4582E-01  0.4582E-01  0.4582E-01  0.0000E+00  0.0000E+00  0.0000E+00  0.0000E+00  0.0000E+00
     21.675  0.4718E-01  0.4528E-01  0.4528E-01  0.4528E-01  0.0000E+00  0.0000E+00  0.0000E+00  0.0000E+00  0.0000E+00
     21.822  0.5422E-01  0.4858E-01  0.4858E-01  0.4858E-01  0.0000E+00  0.0000E+00  0.0000E+00  0.0000E+00  0.0000E+00
     21.969  0.5103E-01  0.4738E-01  0.4738E-01  0.4738E-01  0.0000E+00  0.0000E+00  0.0000E+00  0.0000E+00  0.0000E+00
     22.116  0.5690E-01  0.5194E-01  0.5194E-01  0.5194E-01  0.0000E+00  0.0000E+00  0.0000E+00  0.0000E+00  0.0000E+00
     22.264  0.5620E-01  0.5253E-01  0.5253E-01  0.5253E-01  0.0000E+00  0.0000E+00  0.0000E+00  0.0000E+00  0.0000E+00
     22.411  0.5512E-01  0.5196E-01  0.5196E-01  0.5196E-01  0.0000E+00  0.0000E+00  0.0000E+00  0.0000E+00  0.0000E+00
     22.558  0.5526E-01  0.5208E-01  0.5208E-01  0.5208E-01  0.0000E+00  0.0000E+00  0.0000E+00  0.0000E+00  0.0000E+00
     22.706  0.5897E-01  0.5594E-01  0.5594E-01  0.5594E-01  0.0000E+00  0.0000E+00  0.0000E+00  0.0000E+00  0.0000E+00
     22.853  0.5662E-01  0.5482E-01  0.5482E-01  0.5482E-01  0.0000E+00  0.0000E+00  0.0000E+00  0.0000E+00  0.0000E+00
     23.000  0.5918E-01  0.5614E-01  0.5614E-01  0.5614E-01  0.0000E+00  0.0000E+00  0.0000E+00  0.0000E+00  0.0000E+00
     23.147  0.8228E-01  0.5673E-01  0.5673E-01  0.5673E-01  0.0000E+00  0.0000E+00  0.0000E+00  0.0000E+00  0.0000E+00
     23.295  0.1149E+00  0.6470E-01  0.6470E-01  0.6470E-01  0.0000E+00  0.0000E+00  0.0000E+00  0.0000E+00  0.0000E+00
     23.442  0.9770E-01  0.6433E-01  0.6433E-01  0.6433E-01  0.0000E+00  0.0000E+00  0.0000E+00  0.0000E+00  0.0000E+00
     23.589  0.8557E-01  0.6455E-01  0.6455E-01  0.6455E-01  0.0000E+00  0.0000E+00  0.0000E+00  0.0000E+00  0.0000E+00
     23.737  0.8857E-01  0.6907E-01  0.6907E-01  0.6907E-01  0.0000E+00  0.0000E+00  0.0000E+00  0.0000E+00  0.0000E+00
     23.884  0.6017E-01  0.6187E-01  0.6187E-01  0.6187E-01  0.0000E+00  0.0000E+00  0.0000E+00  0.0000E+00  0.0000E+00
     24.031  0.5021E-01  0.6066E-01  0.6066E-01  0.6066E-01  0.0000E+00  0.0000E+00  0.0000E+00  0.0000E+00  0.0000E+00
     24.178  0.4362E-01  0.6202E-01  0.6202E-01  0.6202E-01  0.0000E+00  0.0000E+00  0.0000E+00  0.0000E+00  0.0000E+00
     24.326  0.4167E-01  0.6670E-01  0.6670E-01  0.6670E-01  0.0000E+00  0.0000E+00  0.0000E+00  0.0000E+00  0.0000E+00
     24.473  0.4566E-01  0.7872E-01  0.7872E-01  0.7872E-01  0.0000E+00  0.0000E+00  0.0000E+00  0.0000E+00  0.0000E+00
     24.620  0.4808E-01  0.8940E-01  0.8940E-01  0.8940E-01  0.0000E+00  0.0000E+00  0.0000E+00  0.0000E+00  0.0000E+00
     24.768  0.4185E-01  0.8160E-01  0.8160E-01  0.8160E-01  0.0000E+00  0.0000E+00  0.0000E+00  0.0000E+00  0.0000E+00
     24.915  0.3454E-01  0.7528E-01  0.7528E-01  0.7528E-01  0.0000E+00  0.0000E+00  0.0000E+00  0.0000E+00  0.0000E+00
     25.062  0.2876E-01  0.6960E-01  0.6960E-01  0.6960E-01  0.0000E+00  0.0000E+00  0.0000E+00  0.0000E+00  0.0000E+00
     25.210  0.2452E-01  0.6585E-01  0.6585E-01  0.6585E-01  0.0000E+00  0.0000E+00  0.0000E+00  0.0000E+00  0.0000E+00
     25.357  0.2088E-01  0.6341E-01  0.6341E-01  0.6341E-01  0.0000E+00  0.0000E+00  0.0000E+00  0.0000E+00  0.0000E+00
     25.504  0.1720E-01  0.6016E-01  0.6016E-01  0.6016E-01  0.0000E+00  0.0000E+00  0.0000E+00  0.0000E+00  0.0000E+00
     25.651  0.1416E-01  0.5752E-01  0.5752E-01  0.5752E-01  0.0000E+00  0.0000E+00  0.0000E+00  0.0000E+00  0.0000E+00
     25.799  0.1122E-01  0.5481E-01  0.5481E-01  0.5481E-01  0.0000E+00  0.0000E+00  0.0000E+00  0.0000E+00  0.0000E+00
     25.946  0.8228E-02  0.5270E-01  0.5270E-01  0.5270E-01  0.0000E+00  0.0000E+00  0.0000E+00  0.0000E+00  0.0000E+00
     26.093  0.5414E-02  0.4210E-01  0.4210E-01  0.4210E-01  0.0000E+00  0.0000E+00  0.0000E+00  0.0000E+00  0.0000E+00
     26.241  0.3690E-02  0.2574E-01  0.2574E-01  0.2574E-01  0.0000E+00  0.0000E+00  0.0000E+00  0.0000E+00  0.0000E+00
     26.388  0.2769E-02  0.2333E-01  0.2333E-01  0.2333E-01  0.0000E+00  0.0000E+00  0.0000E+00  0.0000E+00  0.0000E+00
     26.535  0.1989E-02  0.2058E-01  0.2058E-01  0.2058E-01  0.0000E+00  0.0000E+00  0.0000E+00  0.0000E+00  0.0000E+00
     26.682  0.1342E-02  0.1775E-01  0.1775E-01  0.1775E-01  0.0000E+00  0.0000E+00  0.0000E+00  0.0000E+00  0.0000E+00
     26.830  0.7789E-03  0.1468E-01  0.1468E-01  0.1468E-01  0.0000E+00  0.0000E+00  0.0000E+00  0.0000E+00  0.0000E+00
     26.977  0.3356E-03  0.1105E-01  0.1105E-01  0.1105E-01  0.0000E+00  0.0000E+00  0.0000E+00  0.0000E+00  0.0000E+00
     27.124  0.7008E-04  0.7512E-02  0.7512E-02  0.7512E-02  0.0000E+00  0.0000E+00  0.0000E+00  0.0000E+00  0.0000E+00
     27.272  0.0000E+00  0.0000E+00  0.0000E+00  0.0000E+00  0.0000E+00  0.0000E+00  0.0000E+00  0.0000E+00  0.0000E+00
     27.419  0.0000E+00  0.0000E+00  0.0000E+00  0.0000E+00  0.0000E+00  0.0000E+00  0.0000E+00  0.0000E+00  0.0000E+00
     27.566  0.0000E+00  0.0000E+00  0.0000E+00  0.0000E+00  0.0000E+00  0.0000E+00  0.0000E+00  0.0000E+00  0.0000E+00
     27.714  0.0000E+00  0.0000E+00  0.0000E+00  0.0000E+00  0.0000E+00  0.0000E+00  0.0000E+00  0.0000E+00  0.0000E+00
     27.861  0.0000E+00  0.0000E+00  0.0000E+00  0.0000E+00  0.0000E+00  0.0000E+00  0.0000E+00  0.0000E+00  0.0000E+00
     28.008  0.0000E+00  0.0000E+00  0.0000E+00  0.0000E+00  0.0000E+00  0.0000E+00  0.0000E+00  0.0000E+00  0.0000E+00
     28.155  0.0000E+00  0.0000E+00  0.0000E+00  0.0000E+00  0.0000E+00  0.0000E+00  0.0000E+00  0.0000E+00  0.0000E+00
     28.303  0.0000E+00  0.0000E+00  0.0000E+00  0.0000E+00  0.0000E+00  0.0000E+00  0.0000E+00  0.0000E+00  0.0000E+00
     28.450  0.0000E+00  0.0000E+00  0.0000E+00  0.0000E+00  0.0000E+00  0.0000E+00  0.0000E+00  0.0000E+00  0.0000E+00
     28.597  0.0000E+00  0.0000E+00  0.0000E+00  0.0000E+00  0.0000E+00  0.0000E+00  0.0000E+00  0.0000E+00  0.0000E+00
     28.745  0.0000E+00  0.0000E+00  0.0000E+00  0.0000E+00  0.0000E+00  0.0000E+00  0.0000E+00  0.0000E+00  0.0000E+00
     28.892  0.0000E+00  0.0000E+00  0.0000E+00  0.0000E+00  0.0000E+00  0.0000E+00  0.0000E+00  0.0000E+00  0.0000E+00
     29.039  0.0000E+00  0.0000E+00  0.0000E+00  0.0000E+00  0.0000E+00  0.0000E+00  0.0000E+00  0.0000E+00  0.0000E+00
     29.186  0.0000E+00  0.0000E+00  0.0000E+00  0.0000E+00  0.0000E+00  0.0000E+00  0.0000E+00  0.0000E+00  0.0000E+00
