   2   2   1   0
  0.5627841E+01  0.2515527E-09  0.2515527E-09  0.2515527E-09  0.5000000E-15
  1.000000000000000E-004
  CAR 
 C                                       
     29.83617839    -15.01712989  301      9.82143734      1.00000000
    -15.017  0.0000E+00  0.0000E+00
    -14.868  0.0000E+00  0.0000E+00
    -14.718  0.0000E+00  0.0000E+00
    -14.569  0.0000E+00  0.0000E+00
    -14.419  0.0000E+00  0.0000E+00
    -14.270  0.0000E+00  0.0000E+00
    -14.120  0.0000E+00  0.0000E+00
    -13.971  0.0000E+00  0.0000E+00
    -13.821  0.0000E+00  0.0000E+00
    -13.672  0.0000E+00  0.0000E+00
    -13.522  0.0000E+00  0.0000E+00
    -13.373  0.0000E+00  0.0000E+00
    -13.223  0.0000E+00  0.0000E+00
    -13.073  0.0000E+00  0.0000E+00
    -12.924  0.2551E-01  0.7265E-03
    -12.774  0.5861E-01  0.6092E-02
    -12.625  0.6333E-01  0.1422E-01
    -12.475  0.7371E-01  0.2436E-01
    -12.326  0.8441E-01  0.3618E-01
    -12.176  0.9392E-01  0.4949E-01
    -12.027  0.1022E+00  0.6415E-01
    -11.877  0.1103E+00  0.8007E-01
    -11.728  0.1181E+00  0.9714E-01
    -11.578  0.1250E+00  0.1153E+00
    -11.429  0.1321E+00  0.1345E+00
    -11.279  0.1384E+00  0.1548E+00
    -11.130  0.1450E+00  0.1760E+00
    -10.980  0.1510E+00  0.1981E+00
    -10.831  0.1572E+00  0.2211E+00
    -10.681  0.1628E+00  0.2450E+00
    -10.532  0.1688E+00  0.2698E+00
    -10.382  0.1742E+00  0.2955E+00
    -10.233  0.1799E+00  0.3219E+00
    -10.083  0.1854E+00  0.3492E+00
     -9.934  0.1907E+00  0.3774E+00
     -9.784  0.1963E+00  0.4063E+00
     -9.635  0.2015E+00  0.4360E+00
     -9.485  0.2069E+00  0.4666E+00
     -9.336  0.2124E+00  0.4979E+00
     -9.186  0.2176E+00  0.5300E+00
     -9.037  0.2232E+00  0.5630E+00
     -8.887  0.2287E+00  0.5968E+00
     -8.738  0.2342E+00  0.6314E+00
     -8.588  0.2401E+00  0.6668E+00
     -8.439  0.2460E+00  0.7032E+00
     -8.289  0.2521E+00  0.7404E+00
     -8.140  0.2585E+00  0.7786E+00
     -7.990  0.2654E+00  0.8177E+00
     -7.841  0.2727E+00  0.8579E+00
     -7.691  0.2808E+00  0.8993E+00
     -7.542  0.2900E+00  0.9420E+00
     -7.392  0.3009E+00  0.9861E+00
     -7.243  0.3149E+00  0.1032E+01
     -7.093  0.3367E+00  0.1081E+01
     -6.944  0.3755E+00  0.1134E+01
     -6.794  0.3707E+00  0.1190E+01
     -6.645  0.3553E+00  0.1243E+01
     -6.495  0.3430E+00  0.1295E+01
     -6.345  0.3347E+00  0.1346E+01
     -6.196  0.3227E+00  0.1395E+01
     -6.046  0.3136E+00  0.1443E+01
     -5.897  0.3035E+00  0.1489E+01
     -5.747  0.2930E+00  0.1533E+01
     -5.598  0.2833E+00  0.1576E+01
     -5.448  0.2735E+00  0.1618E+01
     -5.299  0.2625E+00  0.1658E+01
     -5.149  0.2534E+00  0.1697E+01
     -5.000  0.2420E+00  0.1734E+01
     -4.850  0.2318E+00  0.1769E+01
     -4.701  0.2208E+00  0.1803E+01
     -4.551  0.2099E+00  0.1835E+01
     -4.402  0.1983E+00  0.1866E+01
     -4.252  0.2088E+00  0.1895E+01
     -4.103  0.2561E+00  0.1929E+01
     -3.953  0.2655E+00  0.1967E+01
     -3.804  0.2467E+00  0.2006E+01
     -3.654  0.2057E+00  0.2038E+01
     -3.505  0.2115E+00  0.2069E+01
     -3.355  0.2292E+00  0.2102E+01
     -3.206  0.2513E+00  0.2138E+01
     -3.056  0.2942E+00  0.2178E+01
     -2.907  0.3487E+00  0.2226E+01
     -2.757  0.4180E+00  0.2283E+01
     -2.608  0.5034E+00  0.2351E+01
     -2.458  0.6684E+00  0.2442E+01
     -2.309  0.6214E+00  0.2540E+01
     -2.159  0.4803E+00  0.2619E+01
     -2.010  0.4323E+00  0.2687E+01
     -1.860  0.3930E+00  0.2749E+01
     -1.711  0.3709E+00  0.2806E+01
     -1.561  0.3443E+00  0.2859E+01
     -1.412  0.3295E+00  0.2910E+01
     -1.262  0.3096E+00  0.2957E+01
     -1.113  0.2972E+00  0.3003E+01
     -0.963  0.2835E+00  0.3046E+01
     -0.814  0.2697E+00  0.3087E+01
     -0.664  0.2602E+00  0.3127E+01
     -0.515  0.2455E+00  0.3165E+01
     -0.365  0.2384E+00  0.3201E+01
     -0.216  0.2287E+00  0.3236E+01
     -0.066  0.2823E+00  0.3272E+01
      0.083  0.3383E+00  0.3318E+01
      0.233  0.3648E+00  0.3369E+01
      0.383  0.4059E+00  0.3427E+01
      0.532  0.4622E+00  0.3491E+01
      0.682  0.5284E+00  0.3567E+01
      0.831  0.5052E+00  0.3643E+01
      0.981  0.4942E+00  0.3718E+01
      1.130  0.4768E+00  0.3790E+01
      1.280  0.4850E+00  0.3862E+01
      1.429  0.4868E+00  0.3934E+01
      1.579  0.4908E+00  0.4007E+01
      1.728  0.5023E+00  0.4081E+01
      1.878  0.5098E+00  0.4157E+01
      2.027  0.5210E+00  0.4234E+01
      2.177  0.5317E+00  0.4312E+01
      2.326  0.5497E+00  0.4393E+01
      2.476  0.5669E+00  0.4476E+01
      2.625  0.5888E+00  0.4562E+01
      2.775  0.6080E+00  0.4651E+01
      2.924  0.6476E+00  0.4745E+01
      3.074  0.7261E+00  0.4845E+01
      3.223  0.7729E+00  0.4958E+01
      3.373  0.7581E+00  0.5070E+01
      3.522  0.7425E+00  0.5181E+01
      3.672  0.7308E+00  0.5291E+01
      3.821  0.7227E+00  0.5400E+01
      3.971  0.7172E+00  0.5507E+01
      4.120  0.7089E+00  0.5614E+01
      4.270  0.6974E+00  0.5719E+01
      4.419  0.6949E+00  0.5823E+01
      4.569  0.6858E+00  0.5926E+01
      4.718  0.6761E+00  0.6028E+01
      4.868  0.6717E+00  0.6129E+01
      5.017  0.6645E+00  0.6229E+01
      5.167  0.6580E+00  0.6328E+01
      5.316  0.6495E+00  0.6426E+01
      5.466  0.6431E+00  0.6522E+01
      5.615  0.6361E+00  0.6618E+01
      5.765  0.6292E+00  0.6712E+01
      5.914  0.6211E+00  0.6806E+01
      6.064  0.6154E+00  0.6898E+01
      6.213  0.6085E+00  0.6990E+01
      6.363  0.6034E+00  0.7080E+01
      6.512  0.5935E+00  0.7170E+01
      6.662  0.5907E+00  0.7258E+01
      6.811  0.5809E+00  0.7346E+01
      6.961  0.4699E+00  0.7421E+01
      7.111  0.4070E+00  0.7486E+01
      7.260  0.3725E+00  0.7544E+01
      7.410  0.3367E+00  0.7596E+01
      7.559  0.3077E+00  0.7644E+01
      7.709  0.2814E+00  0.7688E+01
      7.858  0.2590E+00  0.7729E+01
      8.008  0.2372E+00  0.7766E+01
      8.157  0.2163E+00  0.7800E+01
      8.307  0.1985E+00  0.7831E+01
      8.456  0.1804E+00  0.7859E+01
      8.606  0.1631E+00  0.7885E+01
      8.755  0.1466E+00  0.7908E+01
      8.905  0.1303E+00  0.7929E+01
      9.054  0.1151E+00  0.7947E+01
      9.204  0.9844E-01  0.7963E+01
      9.353  0.8207E-01  0.7976E+01
      9.503  0.6384E-01  0.7987E+01
      9.652  0.4439E-01  0.7996E+01
      9.802  0.1473E-01  0.8000E+01
      9.951  0.0000E+00  0.8000E+01
     10.101  0.0000E+00  0.8000E+01
     10.250  0.0000E+00  0.8000E+01
     10.400  0.0000E+00  0.8000E+01
     10.549  0.0000E+00  0.8000E+01
     10.699  0.0000E+00  0.8000E+01
     10.848  0.0000E+00  0.8000E+01
     10.998  0.0000E+00  0.8000E+01
     11.147  0.0000E+00  0.8000E+01
     11.297  0.0000E+00  0.8000E+01
     11.446  0.0000E+00  0.8000E+01
     11.596  0.0000E+00  0.8000E+01
     11.745  0.0000E+00  0.8000E+01
     11.895  0.0000E+00  0.8000E+01
     12.044  0.0000E+00  0.8000E+01
     12.194  0.0000E+00  0.8000E+01
     12.343  0.0000E+00  0.8000E+01
     12.493  0.0000E+00  0.8000E+01
     12.642  0.0000E+00  0.8000E+01
     12.792  0.0000E+00  0.8000E+01
     12.941  0.0000E+00  0.8000E+01
     13.091  0.0000E+00  0.8000E+01
     13.240  0.0000E+00  0.8000E+01
     13.390  0.0000E+00  0.8000E+01
     13.539  0.0000E+00  0.8000E+01
     13.689  0.0000E+00  0.8000E+01
     13.838  0.0000E+00  0.8000E+01
     13.988  0.0000E+00  0.8000E+01
     14.138  0.0000E+00  0.8000E+01
     14.287  0.5874E-01  0.8004E+01
     14.437  0.8833E-01  0.8014E+01
     14.586  0.1221E+00  0.8030E+01
     14.736  0.1500E+00  0.8050E+01
     14.885  0.1890E+00  0.8075E+01
     15.035  0.2263E+00  0.8106E+01
     15.184  0.2597E+00  0.8142E+01
     15.334  0.2923E+00  0.8183E+01
     15.483  0.3227E+00  0.8229E+01
     15.633  0.3686E+00  0.8280E+01
     15.782  0.4110E+00  0.8338E+01
     15.932  0.4233E+00  0.8400E+01
     16.081  0.4395E+00  0.8464E+01
     16.231  0.4605E+00  0.8532E+01
     16.380  0.4792E+00  0.8602E+01
     16.530  0.4980E+00  0.8675E+01
     16.679  0.5172E+00  0.8751E+01
     16.829  0.5380E+00  0.8830E+01
     16.978  0.5597E+00  0.8912E+01
     17.128  0.5826E+00  0.8997E+01
     17.277  0.6061E+00  0.9086E+01
     17.427  0.6311E+00  0.9178E+01
     17.576  0.6580E+00  0.9275E+01
     17.726  0.6903E+00  0.9375E+01
     17.875  0.7243E+00  0.9481E+01
     18.025  0.7682E+00  0.9593E+01
     18.174  0.8208E+00  0.9711E+01
     18.324  0.9054E+00  0.9839E+01
     18.473  0.1131E+01  0.9989E+01
     18.623  0.1096E+01  0.1015E+02
     18.772  0.9055E+00  0.1030E+02
     18.922  0.1123E+01  0.1043E+02
     19.071  0.9894E+00  0.1058E+02
     19.221  0.8722E+00  0.1072E+02
     19.370  0.8494E+00  0.1085E+02
     19.520  0.8410E+00  0.1097E+02
     19.669  0.7814E+00  0.1109E+02
     19.819  0.7911E+00  0.1121E+02
     19.968  0.7679E+00  0.1133E+02
     20.118  0.7650E+00  0.1144E+02
     20.267  0.7788E+00  0.1156E+02
     20.417  0.7631E+00  0.1167E+02
     20.566  0.7455E+00  0.1178E+02
     20.716  0.7081E+00  0.1189E+02
     20.866  0.6854E+00  0.1200E+02
     21.015  0.6877E+00  0.1210E+02
     21.165  0.6235E+00  0.1220E+02
     21.314  0.5469E+00  0.1228E+02
     21.464  0.5055E+00  0.1236E+02
     21.613  0.5259E+00  0.1244E+02
     21.763  0.5589E+00  0.1252E+02
     21.912  0.5834E+00  0.1260E+02
     22.062  0.5640E+00  0.1269E+02
     22.211  0.5808E+00  0.1277E+02
     22.361  0.6251E+00  0.1287E+02
     22.510  0.6250E+00  0.1296E+02
     22.660  0.6539E+00  0.1305E+02
     22.809  0.6421E+00  0.1315E+02
     22.959  0.6515E+00  0.1325E+02
     23.108  0.6857E+00  0.1335E+02
     23.258  0.6656E+00  0.1345E+02
     23.407  0.6827E+00  0.1355E+02
     23.557  0.6798E+00  0.1365E+02
     23.706  0.7232E+00  0.1375E+02
     23.856  0.7392E+00  0.1386E+02
     24.005  0.8866E+00  0.1398E+02
     24.155  0.8797E+00  0.1411E+02
     24.304  0.9341E+00  0.1424E+02
     24.454  0.8043E+00  0.1437E+02
     24.603  0.7022E+00  0.1448E+02
     24.753  0.7023E+00  0.1458E+02
     24.902  0.7062E+00  0.1469E+02
     25.052  0.8137E+00  0.1480E+02
     25.201  0.8761E+00  0.1493E+02
     25.351  0.8315E+00  0.1506E+02
     25.500  0.7355E+00  0.1517E+02
     25.650  0.6740E+00  0.1528E+02
     25.799  0.6385E+00  0.1538E+02
     25.949  0.5980E+00  0.1547E+02
     26.098  0.5648E+00  0.1556E+02
     26.248  0.5372E+00  0.1564E+02
     26.397  0.5382E+00  0.1572E+02
     26.547  0.5312E+00  0.1580E+02
     26.696  0.3023E+00  0.1585E+02
     26.846  0.2034E+00  0.1588E+02
     26.995  0.1807E+00  0.1591E+02
     27.145  0.1580E+00  0.1593E+02
     27.294  0.1372E+00  0.1596E+02
     27.444  0.1091E+00  0.1597E+02
     27.594  0.8144E-01  0.1599E+02
     27.743  0.5112E-01  0.1600E+02
     27.893  0.2255E-02  0.1600E+02
     28.042  0.0000E+00  0.1600E+02
     28.192  0.0000E+00  0.1600E+02
     28.341  0.0000E+00  0.1600E+02
     28.491  0.0000E+00  0.1600E+02
     28.640  0.0000E+00  0.1600E+02
     28.790  0.0000E+00  0.1600E+02
     28.939  0.0000E+00  0.1600E+02
     29.089  0.0000E+00  0.1600E+02
     29.238  0.0000E+00  0.1600E+02
     29.388  0.0000E+00  0.1600E+02
     29.537  0.0000E+00  0.1600E+02
     29.687  0.0000E+00  0.1600E+02
     29.836  0.0000E+00  0.1600E+02
     29.83617839    -15.01712989  301      9.82143734      1.00000000
    -15.017  0.0000E+00  0.0000E+00  0.0000E+00  0.0000E+00  0.0000E+00  0.0000E+00  0.0000E+00  0.0000E+00  0.0000E+00
    -14.868  0.0000E+00  0.0000E+00  0.0000E+00  0.0000E+00  0.0000E+00  0.0000E+00  0.0000E+00  0.0000E+00  0.0000E+00
    -14.718  0.0000E+00  0.0000E+00  0.0000E+00  0.0000E+00  0.0000E+00  0.0000E+00  0.0000E+00  0.0000E+00  0.0000E+00
    -14.569  0.0000E+00  0.0000E+00  0.0000E+00  0.0000E+00  0.0000E+00  0.0000E+00  0.0000E+00  0.0000E+00  0.0000E+00
    -14.419  0.0000E+00  0.0000E+00  0.0000E+00  0.0000E+00  0.0000E+00  0.0000E+00  0.0000E+00  0.0000E+00  0.0000E+00
    -14.270  0.0000E+00  0.0000E+00  0.0000E+00  0.0000E+00  0.0000E+00  0.0000E+00  0.0000E+00  0.0000E+00  0.0000E+00
    -14.120  0.0000E+00  0.0000E+00  0.0000E+00  0.0000E+00  0.0000E+00  0.0000E+00  0.0000E+00  0.0000E+00  0.0000E+00
    -13.971  0.0000E+00  0.0000E+00  0.0000E+00  0.0000E+00  0.0000E+00  0.0000E+00  0.0000E+00  0.0000E+00  0.0000E+00
    -13.821  0.0000E+00  0.0000E+00  0.0000E+00  0.0000E+00  0.0000E+00  0.0000E+00  0.0000E+00  0.0000E+00  0.0000E+00
    -13.672  0.0000E+00  0.0000E+00  0.0000E+00  0.0000E+00  0.0000E+00  0.0000E+00  0.0000E+00  0.0000E+00  0.0000E+00
    -13.522  0.0000E+00  0.0000E+00  0.0000E+00  0.0000E+00  0.0000E+00  0.0000E+00  0.0000E+00  0.0000E+00  0.0000E+00
    -13.373  0.0000E+00  0.0000E+00  0.0000E+00  0.0000E+00  0.0000E+00  0.0000E+00  0.0000E+00  0.0000E+00  0.0000E+00
    -13.223  0.0000E+00  0.0000E+00  0.0000E+00  0.0000E+00  0.0000E+00  0.0000E+00  0.0000E+00  0.0000E+00  0.0000E+00
    -13.073  0.0000E+00  0.0000E+00  0.0000E+00  0.0000E+00  0.0000E+00  0.0000E+00  0.0000E+00  0.0000E+00  0.0000E+00
    -12.924  0.7206E-02  0.5550E-05  0.5550E-05  0.5550E-05  0.0000E+00  0.0000E+00  0.0000E+00  0.0000E+00  0.0000E+00
    -12.774  0.1649E-01  0.4613E-04  0.4613E-04  0.4613E-04  0.0000E+00  0.0000E+00  0.0000E+00  0.0000E+00  0.0000E+00
    -12.625  0.1772E-01  0.9466E-04  0.9466E-04  0.9466E-04  0.0000E+00  0.0000E+00  0.0000E+00  0.0000E+00  0.0000E+00
    -12.475  0.2053E-01  0.1570E-03  0.1570E-03  0.1570E-03  0.0000E+00  0.0000E+00  0.0000E+00  0.0000E+00  0.0000E+00
    -12.326  0.2340E-01  0.2313E-03  0.2313E-03  0.2313E-03  0.0000E+00  0.0000E+00  0.0000E+00  0.0000E+00  0.0000E+00
    -12.176  0.2592E-01  0.3145E-03  0.3145E-03  0.3145E-03  0.0000E+00  0.0000E+00  0.0000E+00  0.0000E+00  0.0000E+00
    -12.027  0.2808E-01  0.4076E-03  0.4076E-03  0.4076E-03  0.0000E+00  0.0000E+00  0.0000E+00  0.0000E+00  0.0000E+00
    -11.877  0.3017E-01  0.5067E-03  0.5067E-03  0.5067E-03  0.0000E+00  0.0000E+00  0.0000E+00  0.0000E+00  0.0000E+00
    -11.728  0.3216E-01  0.6116E-03  0.6116E-03  0.6116E-03  0.0000E+00  0.0000E+00  0.0000E+00  0.0000E+00  0.0000E+00
    -11.578  0.3388E-01  0.7256E-03  0.7256E-03  0.7256E-03  0.0000E+00  0.0000E+00  0.0000E+00  0.0000E+00  0.0000E+00
    -11.429  0.3567E-01  0.8421E-03  0.8421E-03  0.8421E-03  0.0000E+00  0.0000E+00  0.0000E+00  0.0000E+00  0.0000E+00
    -11.279  0.3721E-01  0.9682E-03  0.9682E-03  0.9682E-03  0.0000E+00  0.0000E+00  0.0000E+00  0.0000E+00  0.0000E+00
    -11.130  0.3882E-01  0.1096E-02  0.1096E-02  0.1096E-02  0.0000E+00  0.0000E+00  0.0000E+00  0.0000E+00  0.0000E+00
    -10.980  0.4024E-01  0.1233E-02  0.1233E-02  0.1233E-02  0.0000E+00  0.0000E+00  0.0000E+00  0.0000E+00  0.0000E+00
    -10.831  0.4174E-01  0.1370E-02  0.1370E-02  0.1370E-02  0.0000E+00  0.0000E+00  0.0000E+00  0.0000E+00  0.0000E+00
    -10.681  0.4305E-01  0.1517E-02  0.1517E-02  0.1517E-02  0.0000E+00  0.0000E+00  0.0000E+00  0.0000E+00  0.0000E+00
    -10.532  0.4446E-01  0.1664E-02  0.1664E-02  0.1664E-02  0.0000E+00  0.0000E+00  0.0000E+00  0.0000E+00  0.0000E+00
    -10.382  0.4571E-01  0.1820E-02  0.1820E-02  0.1820E-02  0.0000E+00  0.0000E+00  0.0000E+00  0.0000E+00  0.0000E+00
    -10.233  0.4701E-01  0.1978E-02  0.1978E-02  0.1978E-02  0.0000E+00  0.0000E+00  0.0000E+00  0.0000E+00  0.0000E+00
    -10.083  0.4827E-01  0.2140E-02  0.2140E-02  0.2140E-02  0.0000E+00  0.0000E+00  0.0000E+00  0.0000E+00  0.0000E+00
     -9.934  0.4948E-01  0.2308E-02  0.2308E-02  0.2308E-02  0.0000E+00  0.0000E+00  0.0000E+00  0.0000E+00  0.0000E+00
     -9.784  0.5077E-01  0.2475E-02  0.2475E-02  0.2475E-02  0.0000E+00  0.0000E+00  0.0000E+00  0.0000E+00  0.0000E+00
     -9.635  0.5193E-01  0.2653E-02  0.2653E-02  0.2653E-02  0.0000E+00  0.0000E+00  0.0000E+00  0.0000E+00  0.0000E+00
     -9.485  0.5315E-01  0.2831E-02  0.2831E-02  0.2831E-02  0.0000E+00  0.0000E+00  0.0000E+00  0.0000E+00  0.0000E+00
     -9.336  0.5440E-01  0.3012E-02  0.3012E-02  0.3012E-02  0.0000E+00  0.0000E+00  0.0000E+00  0.0000E+00  0.0000E+00
     -9.186  0.5559E-01  0.3201E-02  0.3201E-02  0.3201E-02  0.0000E+00  0.0000E+00  0.0000E+00  0.0000E+00  0.0000E+00
     -9.037  0.5685E-01  0.3389E-02  0.3389E-02  0.3389E-02  0.0000E+00  0.0000E+00  0.0000E+00  0.0000E+00  0.0000E+00
     -8.887  0.5812E-01  0.3583E-02  0.3583E-02  0.3583E-02  0.0000E+00  0.0000E+00  0.0000E+00  0.0000E+00  0.0000E+00
     -8.738  0.5939E-01  0.3783E-02  0.3783E-02  0.3783E-02  0.0000E+00  0.0000E+00  0.0000E+00  0.0000E+00  0.0000E+00
     -8.588  0.6075E-01  0.3982E-02  0.3982E-02  0.3982E-02  0.0000E+00  0.0000E+00  0.0000E+00  0.0000E+00  0.0000E+00
     -8.439  0.6215E-01  0.4189E-02  0.4189E-02  0.4189E-02  0.0000E+00  0.0000E+00  0.0000E+00  0.0000E+00  0.0000E+00
     -8.289  0.6361E-01  0.4401E-02  0.4401E-02  0.4401E-02  0.0000E+00  0.0000E+00  0.0000E+00  0.0000E+00  0.0000E+00
     -8.140  0.6519E-01  0.4614E-02  0.4614E-02  0.4614E-02  0.0000E+00  0.0000E+00  0.0000E+00  0.0000E+00  0.0000E+00
     -7.990  0.6689E-01  0.4835E-02  0.4835E-02  0.4835E-02  0.0000E+00  0.0000E+00  0.0000E+00  0.0000E+00  0.0000E+00
     -7.841  0.6875E-01  0.5065E-02  0.5065E-02  0.5065E-02  0.0000E+00  0.0000E+00  0.0000E+00  0.0000E+00  0.0000E+00
     -7.691  0.7086E-01  0.5299E-02  0.5299E-02  0.5299E-02  0.0000E+00  0.0000E+00  0.0000E+00  0.0000E+00  0.0000E+00
     -7.542  0.7331E-01  0.5545E-02  0.5545E-02  0.5545E-02  0.0000E+00  0.0000E+00  0.0000E+00  0.0000E+00  0.0000E+00
     -7.392  0.7630E-01  0.5814E-02  0.5814E-02  0.5814E-02  0.0000E+00  0.0000E+00  0.0000E+00  0.0000E+00  0.0000E+00
     -7.243  0.8025E-01  0.6111E-02  0.6111E-02  0.6111E-02  0.0000E+00  0.0000E+00  0.0000E+00  0.0000E+00  0.0000E+00
     -7.093  0.8654E-01  0.6487E-02  0.6487E-02  0.6487E-02  0.0000E+00  0.0000E+00  0.0000E+00  0.0000E+00  0.0000E+00
     -6.944  0.9798E-01  0.7061E-02  0.7061E-02  0.7061E-02  0.0000E+00  0.0000E+00  0.0000E+00  0.0000E+00  0.0000E+00
     -6.794  0.9655E-01  0.7155E-02  0.7155E-02  0.7155E-02  0.0000E+00  0.0000E+00  0.0000E+00  0.0000E+00  0.0000E+00
     -6.645  0.9201E-01  0.7108E-02  0.7108E-02  0.7108E-02  0.0000E+00  0.0000E+00  0.0000E+00  0.0000E+00  0.0000E+00
     -6.495  0.8845E-01  0.7092E-02  0.7092E-02  0.7092E-02  0.0000E+00  0.0000E+00  0.0000E+00  0.0000E+00  0.0000E+00
     -6.345  0.8606E-01  0.7116E-02  0.7116E-02  0.7116E-02  0.0000E+00  0.0000E+00  0.0000E+00  0.0000E+00  0.0000E+00
     -6.196  0.8260E-01  0.7061E-02  0.7061E-02  0.7061E-02  0.0000E+00  0.0000E+00  0.0000E+00  0.0000E+00  0.0000E+00
     -6.046  0.8002E-01  0.7060E-02  0.7060E-02  0.7060E-02  0.0000E+00  0.0000E+00  0.0000E+00  0.0000E+00  0.0000E+00
     -5.897  0.7716E-01  0.7014E-02  0.7014E-02  0.7014E-02  0.0000E+00  0.0000E+00  0.0000E+00  0.0000E+00  0.0000E+00
     -5.747  0.7422E-01  0.6949E-02  0.6949E-02  0.6949E-02  0.0000E+00  0.0000E+00  0.0000E+00  0.0000E+00  0.0000E+00
     -5.598  0.7150E-01  0.6898E-02  0.6898E-02  0.6898E-02  0.0000E+00  0.0000E+00  0.0000E+00  0.0000E+00  0.0000E+00
     -5.448  0.6880E-01  0.6822E-02  0.6822E-02  0.6822E-02  0.0000E+00  0.0000E+00  0.0000E+00  0.0000E+00  0.0000E+00
     -5.299  0.6577E-01  0.6713E-02  0.6713E-02  0.6713E-02  0.0000E+00  0.0000E+00  0.0000E+00  0.0000E+00  0.0000E+00
     -5.149  0.6330E-01  0.6633E-02  0.6633E-02  0.6633E-02  0.0000E+00  0.0000E+00  0.0000E+00  0.0000E+00  0.0000E+00
     -5.000  0.6019E-01  0.6491E-02  0.6491E-02  0.6491E-02  0.0000E+00  0.0000E+00  0.0000E+00  0.0000E+00  0.0000E+00
     -4.850  0.5742E-01  0.6357E-02  0.6357E-02  0.6357E-02  0.0000E+00  0.0000E+00  0.0000E+00  0.0000E+00  0.0000E+00
     -4.701  0.5447E-01  0.6201E-02  0.6201E-02  0.6201E-02  0.0000E+00  0.0000E+00  0.0000E+00  0.0000E+00  0.0000E+00
     -4.551  0.5159E-01  0.6027E-02  0.6027E-02  0.6027E-02  0.0000E+00  0.0000E+00  0.0000E+00  0.0000E+00  0.0000E+00
     -4.402  0.4851E-01  0.5831E-02  0.5831E-02  0.5831E-02  0.0000E+00  0.0000E+00  0.0000E+00  0.0000E+00  0.0000E+00
     -4.252  0.4743E-01  0.6967E-02  0.6967E-02  0.6967E-02  0.0000E+00  0.0000E+00  0.0000E+00  0.0000E+00  0.0000E+00
     -4.103  0.4997E-01  0.1033E-01  0.1033E-01  0.1033E-01  0.0000E+00  0.0000E+00  0.0000E+00  0.0000E+00  0.0000E+00
     -3.953  0.5022E-01  0.1113E-01  0.1113E-01  0.1113E-01  0.0000E+00  0.0000E+00  0.0000E+00  0.0000E+00  0.0000E+00
     -3.804  0.4260E-01  0.1126E-01  0.1126E-01  0.1126E-01  0.0000E+00  0.0000E+00  0.0000E+00  0.0000E+00  0.0000E+00
     -3.654  0.3037E-01  0.1051E-01  0.1051E-01  0.1051E-01  0.0000E+00  0.0000E+00  0.0000E+00  0.0000E+00  0.0000E+00
     -3.505  0.2907E-01  0.1133E-01  0.1133E-01  0.1133E-01  0.0000E+00  0.0000E+00  0.0000E+00  0.0000E+00  0.0000E+00
     -3.355  0.3053E-01  0.1254E-01  0.1254E-01  0.1254E-01  0.0000E+00  0.0000E+00  0.0000E+00  0.0000E+00  0.0000E+00
     -3.206  0.3308E-01  0.1393E-01  0.1393E-01  0.1393E-01  0.0000E+00  0.0000E+00  0.0000E+00  0.0000E+00  0.0000E+00
     -3.056  0.4027E-01  0.1612E-01  0.1612E-01  0.1612E-01  0.0000E+00  0.0000E+00  0.0000E+00  0.0000E+00  0.0000E+00
     -2.907  0.5019E-01  0.1876E-01  0.1876E-01  0.1876E-01  0.0000E+00  0.0000E+00  0.0000E+00  0.0000E+00  0.0000E+00
     -2.757  0.6298E-01  0.2212E-01  0.2212E-01  0.2212E-01  0.0000E+00  0.0000E+00  0.0000E+00  0.0000E+00  0.0000E+00
     -2.608  0.7817E-01  0.2641E-01  0.2641E-01  0.2641E-01  0.0000E+00  0.0000E+00  0.0000E+00  0.0000E+00  0.0000E+00
     -2.458  0.1076E+00  0.3463E-01  0.3463E-01  0.3463E-01  0.0000E+00  0.0000E+00  0.0000E+00  0.0000E+00  0.0000E+00
     -2.309  0.1015E+00  0.3219E-01  0.3219E-01  0.3219E-01  0.0000E+00  0.0000E+00  0.0000E+00  0.0000E+00  0.0000E+00
     -2.159  0.7696E-01  0.2536E-01  0.2536E-01  0.2536E-01  0.0000E+00  0.0000E+00  0.0000E+00  0.0000E+00  0.0000E+00
     -2.010  0.6880E-01  0.2309E-01  0.2309E-01  0.2309E-01  0.0000E+00  0.0000E+00  0.0000E+00  0.0000E+00  0.0000E+00
     -1.860  0.6191E-01  0.2128E-01  0.2128E-01  0.2128E-01  0.0000E+00  0.0000E+00  0.0000E+00  0.0000E+00  0.0000E+00
     -1.711  0.5809E-01  0.2031E-01  0.2031E-01  0.2031E-01  0.0000E+00  0.0000E+00  0.0000E+00  0.0000E+00  0.0000E+00
     -1.561  0.5332E-01  0.1912E-01  0.1912E-01  0.1912E-01  0.0000E+00  0.0000E+00  0.0000E+00  0.0000E+00  0.0000E+00
     -1.412  0.5066E-01  0.1850E-01  0.1850E-01  0.1850E-01  0.0000E+00  0.0000E+00  0.0000E+00  0.0000E+00  0.0000E+00
     -1.262  0.4704E-01  0.1763E-01  0.1763E-01  0.1763E-01  0.0000E+00  0.0000E+00  0.0000E+00  0.0000E+00  0.0000E+00
     -1.113  0.4475E-01  0.1713E-01  0.1713E-01  0.1713E-01  0.0000E+00  0.0000E+00  0.0000E+00  0.0000E+00  0.0000E+00
     -0.963  0.4220E-01  0.1655E-01  0.1655E-01  0.1655E-01  0.0000E+00  0.0000E+00  0.0000E+00  0.0000E+00  0.0000E+00
     -0.814  0.3967E-01  0.1596E-01  0.1596E-01  0.1596E-01  0.0000E+00  0.0000E+00  0.0000E+00  0.0000E+00  0.0000E+00
     -0.664  0.3785E-01  0.1558E-01  0.1558E-01  0.1558E-01  0.0000E+00  0.0000E+00  0.0000E+00  0.0000E+00  0.0000E+00
     -0.515  0.3519E-01  0.1491E-01  0.1491E-01  0.1491E-01  0.0000E+00  0.0000E+00  0.0000E+00  0.0000E+00  0.0000E+00
     -0.365  0.3381E-01  0.1465E-01  0.1465E-01  0.1465E-01  0.0000E+00  0.0000E+00  0.0000E+00  0.0000E+00  0.0000E+00
     -0.216  0.3200E-01  0.1424E-01  0.1424E-01  0.1424E-01  0.0000E+00  0.0000E+00  0.0000E+00  0.0000E+00  0.0000E+00
     -0.066  0.3078E-01  0.1932E-01  0.1932E-01  0.1932E-01  0.0000E+00  0.0000E+00  0.0000E+00  0.0000E+00  0.0000E+00
      0.083  0.3064E-01  0.2448E-01  0.2448E-01  0.2448E-01  0.0000E+00  0.0000E+00  0.0000E+00  0.0000E+00  0.0000E+00
      0.233  0.2987E-01  0.2717E-01  0.2717E-01  0.2717E-01  0.0000E+00  0.0000E+00  0.0000E+00  0.0000E+00  0.0000E+00
      0.383  0.2992E-01  0.3106E-01  0.3106E-01  0.3106E-01  0.0000E+00  0.0000E+00  0.0000E+00  0.0000E+00  0.0000E+00
      0.532  0.3061E-01  0.3625E-01  0.3625E-01  0.3625E-01  0.0000E+00  0.0000E+00  0.0000E+00  0.0000E+00  0.0000E+00
      0.682  0.3121E-01  0.4246E-01  0.4246E-01  0.4246E-01  0.0000E+00  0.0000E+00  0.0000E+00  0.0000E+00  0.0000E+00
      0.831  0.3110E-01  0.4062E-01  0.4062E-01  0.4062E-01  0.0000E+00  0.0000E+00  0.0000E+00  0.0000E+00  0.0000E+00
      0.981  0.3106E-01  0.3989E-01  0.3989E-01  0.3989E-01  0.0000E+00  0.0000E+00  0.0000E+00  0.0000E+00  0.0000E+00
      1.130  0.3028E-01  0.3869E-01  0.3869E-01  0.3869E-01  0.0000E+00  0.0000E+00  0.0000E+00  0.0000E+00  0.0000E+00
      1.280  0.3010E-01  0.3976E-01  0.3976E-01  0.3976E-01  0.0000E+00  0.0000E+00  0.0000E+00  0.0000E+00  0.0000E+00
      1.429  0.2986E-01  0.4025E-01  0.4025E-01  0.4025E-01  0.0000E+00  0.0000E+00  0.0000E+00  0.0000E+00  0.0000E+00
      1.579  0.2901E-01  0.4108E-01  0.4108E-01  0.4108E-01  0.0000E+00  0.0000E+00  0.0000E+00  0.0000E+00  0.0000E+00
      1.728  0.2863E-01  0.4254E-01  0.4254E-01  0.4254E-01  0.0000E+00  0.0000E+00  0.0000E+00  0.0000E+00  0.0000E+00
      1.878  0.2824E-01  0.4364E-01  0.4364E-01  0.4364E-01  0.0000E+00  0.0000E+00  0.0000E+00  0.0000E+00  0.0000E+00
      2.027  0.2755E-01  0.4521E-01  0.4521E-01  0.4521E-01  0.0000E+00  0.0000E+00  0.0000E+00  0.0000E+00  0.0000E+00
      2.177  0.2683E-01  0.4672E-01  0.4672E-01  0.4672E-01  0.0000E+00  0.0000E+00  0.0000E+00  0.0000E+00  0.0000E+00
      2.326  0.2641E-01  0.4895E-01  0.4895E-01  0.4895E-01  0.0000E+00  0.0000E+00  0.0000E+00  0.0000E+00  0.0000E+00
      2.476  0.2574E-01  0.5118E-01  0.5118E-01  0.5118E-01  0.0000E+00  0.0000E+00  0.0000E+00  0.0000E+00  0.0000E+00
      2.625  0.2484E-01  0.5401E-01  0.5401E-01  0.5401E-01  0.0000E+00  0.0000E+00  0.0000E+00  0.0000E+00  0.0000E+00
      2.775  0.2430E-01  0.5648E-01  0.5648E-01  0.5648E-01  0.0000E+00  0.0000E+00  0.0000E+00  0.0000E+00  0.0000E+00
      2.924  0.2368E-01  0.6122E-01  0.6122E-01  0.6122E-01  0.0000E+00  0.0000E+00  0.0000E+00  0.0000E+00  0.0000E+00
      3.074  0.2280E-01  0.7032E-01  0.7032E-01  0.7032E-01  0.0000E+00  0.0000E+00  0.0000E+00  0.0000E+00  0.0000E+00
      3.223  0.2195E-01  0.7604E-01  0.7604E-01  0.7604E-01  0.0000E+00  0.0000E+00  0.0000E+00  0.0000E+00  0.0000E+00
      3.373  0.2126E-01  0.7494E-01  0.7494E-01  0.7494E-01  0.0000E+00  0.0000E+00  0.0000E+00  0.0000E+00  0.0000E+00
      3.522  0.2046E-01  0.7377E-01  0.7377E-01  0.7377E-01  0.0000E+00  0.0000E+00  0.0000E+00  0.0000E+00  0.0000E+00
      3.672  0.1943E-01  0.7312E-01  0.7312E-01  0.7312E-01  0.0000E+00  0.0000E+00  0.0000E+00  0.0000E+00  0.0000E+00
      3.821  0.1879E-01  0.7272E-01  0.7272E-01  0.7272E-01  0.0000E+00  0.0000E+00  0.0000E+00  0.0000E+00  0.0000E+00
      3.971  0.1813E-01  0.7261E-01  0.7261E-01  0.7261E-01  0.0000E+00  0.0000E+00  0.0000E+00  0.0000E+00  0.0000E+00
      4.120  0.1728E-01  0.7229E-01  0.7229E-01  0.7229E-01  0.0000E+00  0.0000E+00  0.0000E+00  0.0000E+00  0.0000E+00
      4.270  0.1641E-01  0.7158E-01  0.7158E-01  0.7158E-01  0.0000E+00  0.0000E+00  0.0000E+00  0.0000E+00  0.0000E+00
      4.419  0.1584E-01  0.7179E-01  0.7179E-01  0.7179E-01  0.0000E+00  0.0000E+00  0.0000E+00  0.0000E+00  0.0000E+00
      4.569  0.1508E-01  0.7132E-01  0.7132E-01  0.7132E-01  0.0000E+00  0.0000E+00  0.0000E+00  0.0000E+00  0.0000E+00
      4.718  0.1423E-01  0.7081E-01  0.7081E-01  0.7081E-01  0.0000E+00  0.0000E+00  0.0000E+00  0.0000E+00  0.0000E+00
      4.868  0.1358E-01  0.7083E-01  0.7083E-01  0.7083E-01  0.0000E+00  0.0000E+00  0.0000E+00  0.0000E+00  0.0000E+00
      5.017  0.1297E-01  0.7053E-01  0.7053E-01  0.7053E-01  0.0000E+00  0.0000E+00  0.0000E+00  0.0000E+00  0.0000E+00
      5.167  0.1228E-01  0.7034E-01  0.7034E-01  0.7034E-01  0.0000E+00  0.0000E+00  0.0000E+00  0.0000E+00  0.0000E+00
      5.316  0.1148E-01  0.6993E-01  0.6993E-01  0.6993E-01  0.0000E+00  0.0000E+00  0.0000E+00  0.0000E+00  0.0000E+00
      5.466  0.1083E-01  0.6973E-01  0.6973E-01  0.6973E-01  0.0000E+00  0.0000E+00  0.0000E+00  0.0000E+00  0.0000E+00
      5.615  0.1018E-01  0.6947E-01  0.6947E-01  0.6947E-01  0.0000E+00  0.0000E+00  0.0000E+00  0.0000E+00  0.0000E+00
      5.765  0.9554E-02  0.6919E-01  0.6919E-01  0.6919E-01  0.0000E+00  0.0000E+00  0.0000E+00  0.0000E+00  0.0000E+00
      5.914  0.8858E-02  0.6880E-01  0.6880E-01  0.6880E-01  0.0000E+00  0.0000E+00  0.0000E+00  0.0000E+00  0.0000E+00
      6.064  0.8307E-02  0.6865E-01  0.6865E-01  0.6865E-01  0.0000E+00  0.0000E+00  0.0000E+00  0.0000E+00  0.0000E+00
      6.213  0.7775E-02  0.6836E-01  0.6836E-01  0.6836E-01  0.0000E+00  0.0000E+00  0.0000E+00  0.0000E+00  0.0000E+00
      6.363  0.7136E-02  0.6830E-01  0.6830E-01  0.6830E-01  0.0000E+00  0.0000E+00  0.0000E+00  0.0000E+00  0.0000E+00
      6.512  0.6448E-02  0.6769E-01  0.6769E-01  0.6769E-01  0.0000E+00  0.0000E+00  0.0000E+00  0.0000E+00  0.0000E+00
      6.662  0.5938E-02  0.6787E-01  0.6787E-01  0.6787E-01  0.0000E+00  0.0000E+00  0.0000E+00  0.0000E+00  0.0000E+00
      6.811  0.5412E-02  0.6721E-01  0.6721E-01  0.6721E-01  0.0000E+00  0.0000E+00  0.0000E+00  0.0000E+00  0.0000E+00
      6.961  0.4877E-02  0.5425E-01  0.5425E-01  0.5425E-01  0.0000E+00  0.0000E+00  0.0000E+00  0.0000E+00  0.0000E+00
      7.111  0.4362E-02  0.4704E-01  0.4704E-01  0.4704E-01  0.0000E+00  0.0000E+00  0.0000E+00  0.0000E+00  0.0000E+00
      7.260  0.3978E-02  0.4319E-01  0.4319E-01  0.4319E-01  0.0000E+00  0.0000E+00  0.0000E+00  0.0000E+00  0.0000E+00
      7.410  0.3600E-02  0.3915E-01  0.3915E-01  0.3915E-01  0.0000E+00  0.0000E+00  0.0000E+00  0.0000E+00  0.0000E+00
      7.559  0.3210E-02  0.3590E-01  0.3590E-01  0.3590E-01  0.0000E+00  0.0000E+00  0.0000E+00  0.0000E+00  0.0000E+00
      7.709  0.2845E-02  0.3297E-01  0.3297E-01  0.3297E-01  0.0000E+00  0.0000E+00  0.0000E+00  0.0000E+00  0.0000E+00
      7.858  0.2552E-02  0.3046E-01  0.3046E-01  0.3046E-01  0.0000E+00  0.0000E+00  0.0000E+00  0.0000E+00  0.0000E+00
      8.008  0.2254E-02  0.2800E-01  0.2800E-01  0.2800E-01  0.0000E+00  0.0000E+00  0.0000E+00  0.0000E+00  0.0000E+00
      8.157  0.1930E-02  0.2566E-01  0.2566E-01  0.2566E-01  0.0000E+00  0.0000E+00  0.0000E+00  0.0000E+00  0.0000E+00
      8.307  0.1688E-02  0.2364E-01  0.2364E-01  0.2364E-01  0.0000E+00  0.0000E+00  0.0000E+00  0.0000E+00  0.0000E+00
      8.456  0.1448E-02  0.2158E-01  0.2158E-01  0.2158E-01  0.0000E+00  0.0000E+00  0.0000E+00  0.0000E+00  0.0000E+00
      8.606  0.1194E-02  0.1961E-01  0.1961E-01  0.1961E-01  0.0000E+00  0.0000E+00  0.0000E+00  0.0000E+00  0.0000E+00
      8.755  0.9848E-03  0.1771E-01  0.1771E-01  0.1771E-01  0.0000E+00  0.0000E+00  0.0000E+00  0.0000E+00  0.0000E+00
      8.905  0.7852E-03  0.1581E-01  0.1581E-01  0.1581E-01  0.0000E+00  0.0000E+00  0.0000E+00  0.0000E+00  0.0000E+00
      9.054  0.5988E-03  0.1404E-01  0.1404E-01  0.1404E-01  0.0000E+00  0.0000E+00  0.0000E+00  0.0000E+00  0.0000E+00
      9.204  0.4371E-03  0.1206E-01  0.1206E-01  0.1206E-01  0.0000E+00  0.0000E+00  0.0000E+00  0.0000E+00  0.0000E+00
      9.353  0.2939E-03  0.1011E-01  0.1011E-01  0.1011E-01  0.0000E+00  0.0000E+00  0.0000E+00  0.0000E+00  0.0000E+00
      9.503  0.1618E-03  0.7905E-02  0.7905E-02  0.7905E-02  0.0000E+00  0.0000E+00  0.0000E+00  0.0000E+00  0.0000E+00
      9.652  0.6906E-04  0.5525E-02  0.5525E-02  0.5525E-02  0.0000E+00  0.0000E+00  0.0000E+00  0.0000E+00  0.0000E+00
      9.802  0.1163E-04  0.1842E-02  0.1842E-02  0.1842E-02  0.0000E+00  0.0000E+00  0.0000E+00  0.0000E+00  0.0000E+00
      9.951  0.0000E+00  0.0000E+00  0.0000E+00  0.0000E+00  0.0000E+00  0.0000E+00  0.0000E+00  0.0000E+00  0.0000E+00
     10.101  0.0000E+00  0.0000E+00  0.0000E+00  0.0000E+00  0.0000E+00  0.0000E+00  0.0000E+00  0.0000E+00  0.0000E+00
     10.250  0.0000E+00  0.0000E+00  0.0000E+00  0.0000E+00  0.0000E+00  0.0000E+00  0.0000E+00  0.0000E+00  0.0000E+00
     10.400  0.0000E+00  0.0000E+00  0.0000E+00  0.0000E+00  0.0000E+00  0.0000E+00  0.0000E+00  0.0000E+00  0.0000E+00
     10.549  0.0000E+00  0.0000E+00  0.0000E+00  0.0000E+00  0.0000E+00  0.0000E+00  0.0000E+00  0.0000E+00  0.0000E+00
     10.699  0.0000E+00  0.0000E+00  0.0000E+00  0.0000E+00  0.0000E+00  0.0000E+00  0.0000E+00  0.0000E+00  0.0000E+00
     10.848  0.0000E+00  0.0000E+00  0.0000E+00  0.0000E+00  0.0000E+00  0.0000E+00  0.0000E+00  0.0000E+00  0.0000E+00
     10.998  0.0000E+00  0.0000E+00  0.0000E+00  0.0000E+00  0.0000E+00  0.0000E+00  0.0000E+00  0.0000E+00  0.0000E+00
     11.147  0.0000E+00  0.0000E+00  0.0000E+00  0.0000E+00  0.0000E+00  0.0000E+00  0.0000E+00  0.0000E+00  0.0000E+00
     11.297  0.0000E+00  0.0000E+00  0.0000E+00  0.0000E+00  0.0000E+00  0.0000E+00  0.0000E+00  0.0000E+00  0.0000E+00
     11.446  0.0000E+00  0.0000E+00  0.0000E+00  0.0000E+00  0.0000E+00  0.0000E+00  0.0000E+00  0.0000E+00  0.0000E+00
     11.596  0.0000E+00  0.0000E+00  0.0000E+00  0.0000E+00  0.0000E+00  0.0000E+00  0.0000E+00  0.0000E+00  0.0000E+00
     11.745  0.0000E+00  0.0000E+00  0.0000E+00  0.0000E+00  0.0000E+00  0.0000E+00  0.0000E+00  0.0000E+00  0.0000E+00
     11.895  0.0000E+00  0.0000E+00  0.0000E+00  0.0000E+00  0.0000E+00  0.0000E+00  0.0000E+00  0.0000E+00  0.0000E+00
     12.044  0.0000E+00  0.0000E+00  0.0000E+00  0.0000E+00  0.0000E+00  0.0000E+00  0.0000E+00  0.0000E+00  0.0000E+00
     12.194  0.0000E+00  0.0000E+00  0.0000E+00  0.0000E+00  0.0000E+00  0.0000E+00  0.0000E+00  0.0000E+00  0.0000E+00
     12.343  0.0000E+00  0.0000E+00  0.0000E+00  0.0000E+00  0.0000E+00  0.0000E+00  0.0000E+00  0.0000E+00  0.0000E+00
     12.493  0.0000E+00  0.0000E+00  0.0000E+00  0.0000E+00  0.0000E+00  0.0000E+00  0.0000E+00  0.0000E+00  0.0000E+00
     12.642  0.0000E+00  0.0000E+00  0.0000E+00  0.0000E+00  0.0000E+00  0.0000E+00  0.0000E+00  0.0000E+00  0.0000E+00
     12.792  0.0000E+00  0.0000E+00  0.0000E+00  0.0000E+00  0.0000E+00  0.0000E+00  0.0000E+00  0.0000E+00  0.0000E+00
     12.941  0.0000E+00  0.0000E+00  0.0000E+00  0.0000E+00  0.0000E+00  0.0000E+00  0.0000E+00  0.0000E+00  0.0000E+00
     13.091  0.0000E+00  0.0000E+00  0.0000E+00  0.0000E+00  0.0000E+00  0.0000E+00  0.0000E+00  0.0000E+00  0.0000E+00
     13.240  0.0000E+00  0.0000E+00  0.0000E+00  0.0000E+00  0.0000E+00  0.0000E+00  0.0000E+00  0.0000E+00  0.0000E+00
     13.390  0.0000E+00  0.0000E+00  0.0000E+00  0.0000E+00  0.0000E+00  0.0000E+00  0.0000E+00  0.0000E+00  0.0000E+00
     13.539  0.0000E+00  0.0000E+00  0.0000E+00  0.0000E+00  0.0000E+00  0.0000E+00  0.0000E+00  0.0000E+00  0.0000E+00
     13.689  0.0000E+00  0.0000E+00  0.0000E+00  0.0000E+00  0.0000E+00  0.0000E+00  0.0000E+00  0.0000E+00  0.0000E+00
     13.838  0.0000E+00  0.0000E+00  0.0000E+00  0.0000E+00  0.0000E+00  0.0000E+00  0.0000E+00  0.0000E+00  0.0000E+00
     13.988  0.0000E+00  0.0000E+00  0.0000E+00  0.0000E+00  0.0000E+00  0.0000E+00  0.0000E+00  0.0000E+00  0.0000E+00
     14.138  0.0000E+00  0.0000E+00  0.0000E+00  0.0000E+00  0.0000E+00  0.0000E+00  0.0000E+00  0.0000E+00  0.0000E+00
     14.287  0.6094E-02  0.2059E-02  0.2059E-02  0.2059E-02  0.0000E+00  0.0000E+00  0.0000E+00  0.0000E+00  0.0000E+00
     14.437  0.8885E-02  0.3248E-02  0.3248E-02  0.3248E-02  0.0000E+00  0.0000E+00  0.0000E+00  0.0000E+00  0.0000E+00
     14.586  0.1182E-01  0.4750E-02  0.4750E-02  0.4750E-02  0.0000E+00  0.0000E+00  0.0000E+00  0.0000E+00  0.0000E+00
     14.736  0.1422E-01  0.5939E-02  0.5939E-02  0.5939E-02  0.0000E+00  0.0000E+00  0.0000E+00  0.0000E+00  0.0000E+00
     14.885  0.1761E-01  0.7549E-02  0.7549E-02  0.7549E-02  0.0000E+00  0.0000E+00  0.0000E+00  0.0000E+00  0.0000E+00
     15.035  0.2061E-01  0.9198E-02  0.9198E-02  0.9198E-02  0.0000E+00  0.0000E+00  0.0000E+00  0.0000E+00  0.0000E+00
     15.184  0.2279E-01  0.1101E-01  0.1101E-01  0.1101E-01  0.0000E+00  0.0000E+00  0.0000E+00  0.0000E+00  0.0000E+00
     15.334  0.2471E-01  0.1289E-01  0.1289E-01  0.1289E-01  0.0000E+00  0.0000E+00  0.0000E+00  0.0000E+00  0.0000E+00
     15.483  0.2592E-01  0.1505E-01  0.1505E-01  0.1505E-01  0.0000E+00  0.0000E+00  0.0000E+00  0.0000E+00  0.0000E+00
     15.633  0.2730E-01  0.1858E-01  0.1858E-01  0.1858E-01  0.0000E+00  0.0000E+00  0.0000E+00  0.0000E+00  0.0000E+00
     15.782  0.2820E-01  0.2208E-01  0.2208E-01  0.2208E-01  0.0000E+00  0.0000E+00  0.0000E+00  0.0000E+00  0.0000E+00
     15.932  0.2895E-01  0.2274E-01  0.2274E-01  0.2274E-01  0.0000E+00  0.0000E+00  0.0000E+00  0.0000E+00  0.0000E+00
     16.081  0.2963E-01  0.2382E-01  0.2382E-01  0.2382E-01  0.0000E+00  0.0000E+00  0.0000E+00  0.0000E+00  0.0000E+00
     16.231  0.3041E-01  0.2532E-01  0.2532E-01  0.2532E-01  0.0000E+00  0.0000E+00  0.0000E+00  0.0000E+00  0.0000E+00
     16.380  0.3106E-01  0.2668E-01  0.2668E-01  0.2668E-01  0.0000E+00  0.0000E+00  0.0000E+00  0.0000E+00  0.0000E+00
     16.530  0.3157E-01  0.2816E-01  0.2816E-01  0.2816E-01  0.0000E+00  0.0000E+00  0.0000E+00  0.0000E+00  0.0000E+00
     16.679  0.3206E-01  0.2969E-01  0.2969E-01  0.2969E-01  0.0000E+00  0.0000E+00  0.0000E+00  0.0000E+00  0.0000E+00
     16.829  0.3261E-01  0.3133E-01  0.3133E-01  0.3133E-01  0.0000E+00  0.0000E+00  0.0000E+00  0.0000E+00  0.0000E+00
     16.978  0.3316E-01  0.3308E-01  0.3308E-01  0.3308E-01  0.0000E+00  0.0000E+00  0.0000E+00  0.0000E+00  0.0000E+00
     17.128  0.3372E-01  0.3497E-01  0.3497E-01  0.3497E-01  0.0000E+00  0.0000E+00  0.0000E+00  0.0000E+00  0.0000E+00
     17.277  0.3418E-01  0.3695E-01  0.3695E-01  0.3695E-01  0.0000E+00  0.0000E+00  0.0000E+00  0.0000E+00  0.0000E+00
     17.427  0.3470E-01  0.3910E-01  0.3910E-01  0.3910E-01  0.0000E+00  0.0000E+00  0.0000E+00  0.0000E+00  0.0000E+00
     17.576  0.3524E-01  0.4140E-01  0.4140E-01  0.4140E-01  0.0000E+00  0.0000E+00  0.0000E+00  0.0000E+00  0.0000E+00
     17.726  0.3597E-01  0.4412E-01  0.4412E-01  0.4412E-01  0.0000E+00  0.0000E+00  0.0000E+00  0.0000E+00  0.0000E+00
     17.875  0.3671E-01  0.4699E-01  0.4699E-01  0.4699E-01  0.0000E+00  0.0000E+00  0.0000E+00  0.0000E+00  0.0000E+00
     18.025  0.3770E-01  0.5067E-01  0.5067E-01  0.5067E-01  0.0000E+00  0.0000E+00  0.0000E+00  0.0000E+00  0.0000E+00
     18.174  0.3874E-01  0.5503E-01  0.5503E-01  0.5503E-01  0.0000E+00  0.0000E+00  0.0000E+00  0.0000E+00  0.0000E+00
     18.324  0.4043E-01  0.6178E-01  0.6178E-01  0.6178E-01  0.0000E+00  0.0000E+00  0.0000E+00  0.0000E+00  0.0000E+00
     18.473  0.4491E-01  0.7859E-01  0.7859E-01  0.7859E-01  0.0000E+00  0.0000E+00  0.0000E+00  0.0000E+00  0.0000E+00
     18.623  0.4542E-01  0.7785E-01  0.7785E-01  0.7785E-01  0.0000E+00  0.0000E+00  0.0000E+00  0.0000E+00  0.0000E+00
     18.772  0.4457E-01  0.6423E-01  0.6423E-01  0.6423E-01  0.0000E+00  0.0000E+00  0.0000E+00  0.0000E+00  0.0000E+00
     18.922  0.7046E-01  0.7902E-01  0.7902E-01  0.7902E-01  0.0000E+00  0.0000E+00  0.0000E+00  0.0000E+00  0.0000E+00
     19.071  0.7795E-01  0.6461E-01  0.6461E-01  0.6461E-01  0.0000E+00  0.0000E+00  0.0000E+00  0.0000E+00  0.0000E+00
     19.221  0.6937E-01  0.5675E-01  0.5675E-01  0.5675E-01  0.0000E+00  0.0000E+00  0.0000E+00  0.0000E+00  0.0000E+00
     19.370  0.6483E-01  0.5638E-01  0.5638E-01  0.5638E-01  0.0000E+00  0.0000E+00  0.0000E+00  0.0000E+00  0.0000E+00
     19.520  0.6337E-01  0.5606E-01  0.5606E-01  0.5606E-01  0.0000E+00  0.0000E+00  0.0000E+00  0.0000E+00  0.0000E+00
     19.669  0.5597E-01  0.5307E-01  0.5307E-01  0.5307E-01  0.0000E+00  0.0000E+00  0.0000E+00  0.0000E+00  0.0000E+00
     19.819  0.5611E-01  0.5388E-01  0.5388E-01  0.5388E-01  0.0000E+00  0.0000E+00  0.0000E+00  0.0000E+00  0.0000E+00
     19.968  0.5340E-01  0.5270E-01  0.5270E-01  0.5270E-01  0.0000E+00  0.0000E+00  0.0000E+00  0.0000E+00  0.0000E+00
     20.118  0.5005E-01  0.5313E-01  0.5313E-01  0.5313E-01  0.0000E+00  0.0000E+00  0.0000E+00  0.0000E+00  0.0000E+00
     20.267  0.4836E-01  0.5424E-01  0.5424E-01  0.5424E-01  0.0000E+00  0.0000E+00  0.0000E+00  0.0000E+00  0.0000E+00
     20.417  0.4657E-01  0.5360E-01  0.5360E-01  0.5360E-01  0.0000E+00  0.0000E+00  0.0000E+00  0.0000E+00  0.0000E+00
     20.566  0.4505E-01  0.5296E-01  0.5296E-01  0.5296E-01  0.0000E+00  0.0000E+00  0.0000E+00  0.0000E+00  0.0000E+00
     20.716  0.4129E-01  0.5119E-01  0.5119E-01  0.5119E-01  0.0000E+00  0.0000E+00  0.0000E+00  0.0000E+00  0.0000E+00
     20.866  0.4027E-01  0.4999E-01  0.4999E-01  0.4999E-01  0.0000E+00  0.0000E+00  0.0000E+00  0.0000E+00  0.0000E+00
     21.015  0.4117E-01  0.5039E-01  0.5039E-01  0.5039E-01  0.0000E+00  0.0000E+00  0.0000E+00  0.0000E+00  0.0000E+00
     21.165  0.3850E-01  0.4593E-01  0.4593E-01  0.4593E-01  0.0000E+00  0.0000E+00  0.0000E+00  0.0000E+00  0.0000E+00
     21.314  0.3188E-01  0.4166E-01  0.4166E-01  0.4166E-01  0.0000E+00  0.0000E+00  0.0000E+00  0.0000E+00  0.0000E+00
     21.464  0.2890E-01  0.3969E-01  0.3969E-01  0.3969E-01  0.0000E+00  0.0000E+00  0.0000E+00  0.0000E+00  0.0000E+00
     21.613  0.3284E-01  0.4069E-01  0.4069E-01  0.4069E-01  0.0000E+00  0.0000E+00  0.0000E+00  0.0000E+00  0.0000E+00
     21.763  0.3893E-01  0.4263E-01  0.4263E-01  0.4263E-01  0.0000E+00  0.0000E+00  0.0000E+00  0.0000E+00  0.0000E+00
     21.912  0.4538E-01  0.4377E-01  0.4377E-01  0.4377E-01  0.0000E+00  0.0000E+00  0.0000E+00  0.0000E+00  0.0000E+00
     22.062  0.4484E-01  0.4221E-01  0.4221E-01  0.4221E-01  0.0000E+00  0.0000E+00  0.0000E+00  0.0000E+00  0.0000E+00
     22.211  0.4818E-01  0.4328E-01  0.4328E-01  0.4328E-01  0.0000E+00  0.0000E+00  0.0000E+00  0.0000E+00  0.0000E+00
     22.361  0.5379E-01  0.4653E-01  0.4653E-01  0.4653E-01  0.0000E+00  0.0000E+00  0.0000E+00  0.0000E+00  0.0000E+00
     22.510  0.5309E-01  0.4729E-01  0.4729E-01  0.4729E-01  0.0000E+00  0.0000E+00  0.0000E+00  0.0000E+00  0.0000E+00
     22.660  0.5652E-01  0.4963E-01  0.4963E-01  0.4963E-01  0.0000E+00  0.0000E+00  0.0000E+00  0.0000E+00  0.0000E+00
     22.809  0.5533E-01  0.4898E-01  0.4898E-01  0.4898E-01  0.0000E+00  0.0000E+00  0.0000E+00  0.0000E+00  0.0000E+00
     22.959  0.5604E-01  0.5003E-01  0.5003E-01  0.5003E-01  0.0000E+00  0.0000E+00  0.0000E+00  0.0000E+00  0.0000E+00
     23.108  0.5865E-01  0.5321E-01  0.5321E-01  0.5321E-01  0.0000E+00  0.0000E+00  0.0000E+00  0.0000E+00  0.0000E+00
     23.258  0.5514E-01  0.5246E-01  0.5246E-01  0.5246E-01  0.0000E+00  0.0000E+00  0.0000E+00  0.0000E+00  0.0000E+00
     23.407  0.5636E-01  0.5417E-01  0.5417E-01  0.5417E-01  0.0000E+00  0.0000E+00  0.0000E+00  0.0000E+00  0.0000E+00
     23.557  0.5723E-01  0.5385E-01  0.5385E-01  0.5385E-01  0.0000E+00  0.0000E+00  0.0000E+00  0.0000E+00  0.0000E+00
     23.706  0.6084E-01  0.5790E-01  0.5790E-01  0.5790E-01  0.0000E+00  0.0000E+00  0.0000E+00  0.0000E+00  0.0000E+00
     23.856  0.6885E-01  0.5786E-01  0.5786E-01  0.5786E-01  0.0000E+00  0.0000E+00  0.0000E+00  0.0000E+00  0.0000E+00
     24.005  0.1143E+00  0.6168E-01  0.6168E-01  0.6168E-01  0.0000E+00  0.0000E+00  0.0000E+00  0.0000E+00  0.0000E+00
     24.155  0.1049E+00  0.6380E-01  0.6380E-01  0.6380E-01  0.0000E+00  0.0000E+00  0.0000E+00  0.0000E+00  0.0000E+00
     24.304  0.1058E+00  0.6933E-01  0.6933E-01  0.6933E-01  0.0000E+00  0.0000E+00  0.0000E+00  0.0000E+00  0.0000E+00
     24.454  0.7890E-01  0.6329E-01  0.6329E-01  0.6329E-01  0.0000E+00  0.0000E+00  0.0000E+00  0.0000E+00  0.0000E+00
     24.603  0.5509E-01  0.5964E-01  0.5964E-01  0.5964E-01  0.0000E+00  0.0000E+00  0.0000E+00  0.0000E+00  0.0000E+00
     24.753  0.4863E-01  0.6213E-01  0.6213E-01  0.6213E-01  0.0000E+00  0.0000E+00  0.0000E+00  0.0000E+00  0.0000E+00
     24.902  0.4415E-01  0.6445E-01  0.6445E-01  0.6445E-01  0.0000E+00  0.0000E+00  0.0000E+00  0.0000E+00  0.0000E+00
     25.052  0.4682E-01  0.7654E-01  0.7654E-01  0.7654E-01  0.0000E+00  0.0000E+00  0.0000E+00  0.0000E+00  0.0000E+00
     25.201  0.4761E-01  0.8458E-01  0.8458E-01  0.8458E-01  0.0000E+00  0.0000E+00  0.0000E+00  0.0000E+00  0.0000E+00
     25.351  0.4308E-01  0.8189E-01  0.8189E-01  0.8189E-01  0.0000E+00  0.0000E+00  0.0000E+00  0.0000E+00  0.0000E+00
     25.500  0.3538E-01  0.7351E-01  0.7351E-01  0.7351E-01  0.0000E+00  0.0000E+00  0.0000E+00  0.0000E+00  0.0000E+00
     25.650  0.2963E-01  0.6856E-01  0.6856E-01  0.6856E-01  0.0000E+00  0.0000E+00  0.0000E+00  0.0000E+00  0.0000E+00
     25.799  0.2527E-01  0.6612E-01  0.6612E-01  0.6612E-01  0.0000E+00  0.0000E+00  0.0000E+00  0.0000E+00  0.0000E+00
     25.949  0.2104E-01  0.6282E-01  0.6282E-01  0.6282E-01  0.0000E+00  0.0000E+00  0.0000E+00  0.0000E+00  0.0000E+00
     26.098  0.1757E-01  0.5993E-01  0.5993E-01  0.5993E-01  0.0000E+00  0.0000E+00  0.0000E+00  0.0000E+00  0.0000E+00
     26.248  0.1420E-01  0.5738E-01  0.5738E-01  0.5738E-01  0.0000E+00  0.0000E+00  0.0000E+00  0.0000E+00  0.0000E+00
     26.397  0.1123E-01  0.5720E-01  0.5720E-01  0.5720E-01  0.0000E+00  0.0000E+00  0.0000E+00  0.0000E+00  0.0000E+00
     26.547  0.7845E-02  0.5544E-01  0.5544E-01  0.5544E-01  0.0000E+00  0.0000E+00  0.0000E+00  0.0000E+00  0.0000E+00
     26.696  0.5132E-02  0.3450E-01  0.3450E-01  0.3450E-01  0.0000E+00  0.0000E+00  0.0000E+00  0.0000E+00  0.0000E+00
     26.846  0.3829E-02  0.2564E-01  0.2564E-01  0.2564E-01  0.0000E+00  0.0000E+00  0.0000E+00  0.0000E+00  0.0000E+00
     26.995  0.2927E-02  0.2313E-01  0.2313E-01  0.2313E-01  0.0000E+00  0.0000E+00  0.0000E+00  0.0000E+00  0.0000E+00
     27.145  0.2154E-02  0.2050E-01  0.2050E-01  0.2050E-01  0.0000E+00  0.0000E+00  0.0000E+00  0.0000E+00  0.0000E+00
     27.294  0.1442E-02  0.1809E-01  0.1809E-01  0.1809E-01  0.0000E+00  0.0000E+00  0.0000E+00  0.0000E+00  0.0000E+00
     27.444  0.8582E-03  0.1459E-01  0.1459E-01  0.1459E-01  0.0000E+00  0.0000E+00  0.0000E+00  0.0000E+00  0.0000E+00
     27.594  0.3846E-03  0.1107E-01  0.1107E-01  0.1107E-01  0.0000E+00  0.0000E+00  0.0000E+00  0.0000E+00  0.0000E+00
     27.743  0.1139E-03  0.7044E-02  0.7044E-02  0.7044E-02  0.0000E+00  0.0000E+00  0.0000E+00  0.0000E+00  0.0000E+00
     27.893  0.1495E-05  0.3129E-03  0.3129E-03  0.3129E-03  0.0000E+00  0.0000E+00  0.0000E+00  0.0000E+00  0.0000E+00
     28.042  0.0000E+00  0.0000E+00  0.0000E+00  0.0000E+00  0.0000E+00  0.0000E+00  0.0000E+00  0.0000E+00  0.0000E+00
     28.192  0.0000E+00  0.0000E+00  0.0000E+00  0.0000E+00  0.0000E+00  0.0000E+00  0.0000E+00  0.0000E+00  0.0000E+00
     28.341  0.0000E+00  0.0000E+00  0.0000E+00  0.0000E+00  0.0000E+00  0.0000E+00  0.0000E+00  0.0000E+00  0.0000E+00
     28.491  0.0000E+00  0.0000E+00  0.0000E+00  0.0000E+00  0.0000E+00  0.0000E+00  0.0000E+00  0.0000E+00  0.0000E+00
     28.640  0.0000E+00  0.0000E+00  0.0000E+00  0.0000E+00  0.0000E+00  0.0000E+00  0.0000E+00  0.0000E+00  0.0000E+00
     28.790  0.0000E+00  0.0000E+00  0.0000E+00  0.0000E+00  0.0000E+00  0.0000E+00  0.0000E+00  0.0000E+00  0.0000E+00
     28.939  0.0000E+00  0.0000E+00  0.0000E+00  0.0000E+00  0.0000E+00  0.0000E+00  0.0000E+00  0.0000E+00  0.0000E+00
     29.089  0.0000E+00  0.0000E+00  0.0000E+00  0.0000E+00  0.0000E+00  0.0000E+00  0.0000E+00  0.0000E+00  0.0000E+00
     29.238  0.0000E+00  0.0000E+00  0.0000E+00  0.0000E+00  0.0000E+00  0.0000E+00  0.0000E+00  0.0000E+00  0.0000E+00
     29.388  0.0000E+00  0.0000E+00  0.0000E+00  0.0000E+00  0.0000E+00  0.0000E+00  0.0000E+00  0.0000E+00  0.0000E+00
     29.537  0.0000E+00  0.0000E+00  0.0000E+00  0.0000E+00  0.0000E+00  0.0000E+00  0.0000E+00  0.0000E+00  0.0000E+00
     29.687  0.0000E+00  0.0000E+00  0.0000E+00  0.0000E+00  0.0000E+00  0.0000E+00  0.0000E+00  0.0000E+00  0.0000E+00
     29.836  0.0000E+00  0.0000E+00  0.0000E+00  0.0000E+00  0.0000E+00  0.0000E+00  0.0000E+00  0.0000E+00  0.0000E+00
     29.83617839    -15.01712989  301      9.82143734      1.00000000
    -15.017  0.0000E+00  0.0000E+00  0.0000E+00  0.0000E+00  0.0000E+00  0.0000E+00  0.0000E+00  0.0000E+00  0.0000E+00
    -14.868  0.0000E+00  0.0000E+00  0.0000E+00  0.0000E+00  0.0000E+00  0.0000E+00  0.0000E+00  0.0000E+00  0.0000E+00
    -14.718  0.0000E+00  0.0000E+00  0.0000E+00  0.0000E+00  0.0000E+00  0.0000E+00  0.0000E+00  0.0000E+00  0.0000E+00
    -14.569  0.0000E+00  0.0000E+00  0.0000E+00  0.0000E+00  0.0000E+00  0.0000E+00  0.0000E+00  0.0000E+00  0.0000E+00
    -14.419  0.0000E+00  0.0000E+00  0.0000E+00  0.0000E+00  0.0000E+00  0.0000E+00  0.0000E+00  0.0000E+00  0.0000E+00
    -14.270  0.0000E+00  0.0000E+00  0.0000E+00  0.0000E+00  0.0000E+00  0.0000E+00  0.0000E+00  0.0000E+00  0.0000E+00
    -14.120  0.0000E+00  0.0000E+00  0.0000E+00  0.0000E+00  0.0000E+00  0.0000E+00  0.0000E+00  0.0000E+00  0.0000E+00
    -13.971  0.0000E+00  0.0000E+00  0.0000E+00  0.0000E+00  0.0000E+00  0.0000E+00  0.0000E+00  0.0000E+00  0.0000E+00
    -13.821  0.0000E+00  0.0000E+00  0.0000E+00  0.0000E+00  0.0000E+00  0.0000E+00  0.0000E+00  0.0000E+00  0.0000E+00
    -13.672  0.0000E+00  0.0000E+00  0.0000E+00  0.0000E+00  0.0000E+00  0.0000E+00  0.0000E+00  0.0000E+00  0.0000E+00
    -13.522  0.0000E+00  0.0000E+00  0.0000E+00  0.0000E+00  0.0000E+00  0.0000E+00  0.0000E+00  0.0000E+00  0.0000E+00
    -13.373  0.0000E+00  0.0000E+00  0.0000E+00  0.0000E+00  0.0000E+00  0.0000E+00  0.0000E+00  0.0000E+00  0.0000E+00
    -13.223  0.0000E+00  0.0000E+00  0.0000E+00  0.0000E+00  0.0000E+00  0.0000E+00  0.0000E+00  0.0000E+00  0.0000E+00
    -13.073  0.0000E+00  0.0000E+00  0.0000E+00  0.0000E+00  0.0000E+00  0.0000E+00  0.0000E+00  0.0000E+00  0.0000E+00
    -12.924  0.7206E-02  0.5550E-05  0.5550E-05  0.5550E-05  0.0000E+00  0.0000E+00  0.0000E+00  0.0000E+00  0.0000E+00
    -12.774  0.1649E-01  0.4613E-04  0.4613E-04  0.4613E-04  0.0000E+00  0.0000E+00  0.0000E+00  0.0000E+00  0.0000E+00
    -12.625  0.1772E-01  0.9466E-04  0.9466E-04  0.9466E-04  0.0000E+00  0.0000E+00  0.0000E+00  0.0000E+00  0.0000E+00
    -12.475  0.2053E-01  0.1570E-03  0.1570E-03  0.1570E-03  0.0000E+00  0.0000E+00  0.0000E+00  0.0000E+00  0.0000E+00
    -12.326  0.2340E-01  0.2313E-03  0.2313E-03  0.2313E-03  0.0000E+00  0.0000E+00  0.0000E+00  0.0000E+00  0.0000E+00
    -12.176  0.2592E-01  0.3145E-03  0.3145E-03  0.3145E-03  0.0000E+00  0.0000E+00  0.0000E+00  0.0000E+00  0.0000E+00
    -12.027  0.2808E-01  0.4076E-03  0.4076E-03  0.4076E-03  0.0000E+00  0.0000E+00  0.0000E+00  0.0000E+00  0.0000E+00
    -11.877  0.3017E-01  0.5067E-03  0.5067E-03  0.5067E-03  0.0000E+00  0.0000E+00  0.0000E+00  0.0000E+00  0.0000E+00
    -11.728  0.3216E-01  0.6116E-03  0.6116E-03  0.6116E-03  0.0000E+00  0.0000E+00  0.0000E+00  0.0000E+00  0.0000E+00
    -11.578  0.3388E-01  0.7256E-03  0.7256E-03  0.7256E-03  0.0000E+00  0.0000E+00  0.0000E+00  0.0000E+00  0.0000E+00
    -11.429  0.3567E-01  0.8421E-03  0.8421E-03  0.8421E-03  0.0000E+00  0.0000E+00  0.0000E+00  0.0000E+00  0.0000E+00
    -11.279  0.3721E-01  0.9682E-03  0.9682E-03  0.9682E-03  0.0000E+00  0.0000E+00  0.0000E+00  0.0000E+00  0.0000E+00
    -11.130  0.3882E-01  0.1096E-02  0.1096E-02  0.1096E-02  0.0000E+00  0.0000E+00  0.0000E+00  0.0000E+00  0.0000E+00
    -10.980  0.4024E-01  0.1233E-02  0.1233E-02  0.1233E-02  0.0000E+00  0.0000E+00  0.0000E+00  0.0000E+00  0.0000E+00
    -10.831  0.4174E-01  0.1370E-02  0.1370E-02  0.1370E-02  0.0000E+00  0.0000E+00  0.0000E+00  0.0000E+00  0.0000E+00
    -10.681  0.4305E-01  0.1517E-02  0.1517E-02  0.1517E-02  0.0000E+00  0.0000E+00  0.0000E+00  0.0000E+00  0.0000E+00
    -10.532  0.4446E-01  0.1664E-02  0.1664E-02  0.1664E-02  0.0000E+00  0.0000E+00  0.0000E+00  0.0000E+00  0.0000E+00
    -10.382  0.4571E-01  0.1820E-02  0.1820E-02  0.1820E-02  0.0000E+00  0.0000E+00  0.0000E+00  0.0000E+00  0.0000E+00
    -10.233  0.4701E-01  0.1978E-02  0.1978E-02  0.1978E-02  0.0000E+00  0.0000E+00  0.0000E+00  0.0000E+00  0.0000E+00
    -10.083  0.4827E-01  0.2140E-02  0.2140E-02  0.2140E-02  0.0000E+00  0.0000E+00  0.0000E+00  0.0000E+00  0.0000E+00
     -9.934  0.4948E-01  0.2308E-02  0.2308E-02  0.2308E-02  0.0000E+00  0.0000E+00  0.0000E+00  0.0000E+00  0.0000E+00
     -9.784  0.5077E-01  0.2475E-02  0.2475E-02  0.2475E-02  0.0000E+00  0.0000E+00  0.0000E+00  0.0000E+00  0.0000E+00
     -9.635  0.5193E-01  0.2653E-02  0.2653E-02  0.2653E-02  0.0000E+00  0.0000E+00  0.0000E+00  0.0000E+00  0.0000E+00
     -9.485  0.5315E-01  0.2831E-02  0.2831E-02  0.2831E-02  0.0000E+00  0.0000E+00  0.0000E+00  0.0000E+00  0.0000E+00
     -9.336  0.5440E-01  0.3012E-02  0.3012E-02  0.3012E-02  0.0000E+00  0.0000E+00  0.0000E+00  0.0000E+00  0.0000E+00
     -9.186  0.5559E-01  0.3201E-02  0.3201E-02  0.3201E-02  0.0000E+00  0.0000E+00  0.0000E+00  0.0000E+00  0.0000E+00
     -9.037  0.5685E-01  0.3389E-02  0.3389E-02  0.3389E-02  0.0000E+00  0.0000E+00  0.0000E+00  0.0000E+00  0.0000E+00
     -8.887  0.5812E-01  0.3583E-02  0.3583E-02  0.3583E-02  0.0000E+00  0.0000E+00  0.0000E+00  0.0000E+00  0.0000E+00
     -8.738  0.5939E-01  0.3783E-02  0.3783E-02  0.3783E-02  0.0000E+00  0.0000E+00  0.0000E+00  0.0000E+00  0.0000E+00
     -8.588  0.6075E-01  0.3982E-02  0.3982E-02  0.3982E-02  0.0000E+00  0.0000E+00  0.0000E+00  0.0000E+00  0.0000E+00
     -8.439  0.6215E-01  0.4189E-02  0.4189E-02  0.4189E-02  0.0000E+00  0.0000E+00  0.0000E+00  0.0000E+00  0.0000E+00
     -8.289  0.6361E-01  0.4401E-02  0.4401E-02  0.4401E-02  0.0000E+00  0.0000E+00  0.0000E+00  0.0000E+00  0.0000E+00
     -8.140  0.6519E-01  0.4614E-02  0.4614E-02  0.4614E-02  0.0000E+00  0.0000E+00  0.0000E+00  0.0000E+00  0.0000E+00
     -7.990  0.6689E-01  0.4835E-02  0.4835E-02  0.4835E-02  0.0000E+00  0.0000E+00  0.0000E+00  0.0000E+00  0.0000E+00
     -7.841  0.6875E-01  0.5065E-02  0.5065E-02  0.5065E-02  0.0000E+00  0.0000E+00  0.0000E+00  0.0000E+00  0.0000E+00
     -7.691  0.7086E-01  0.5299E-02  0.5299E-02  0.5299E-02  0.0000E+00  0.0000E+00  0.0000E+00  0.0000E+00  0.0000E+00
     -7.542  0.7331E-01  0.5545E-02  0.5545E-02  0.5545E-02  0.0000E+00  0.0000E+00  0.0000E+00  0.0000E+00  0.0000E+00
     -7.392  0.7630E-01  0.5814E-02  0.5814E-02  0.5814E-02  0.0000E+00  0.0000E+00  0.0000E+00  0.0000E+00  0.0000E+00
     -7.243  0.8025E-01  0.6111E-02  0.6111E-02  0.6111E-02  0.0000E+00  0.0000E+00  0.0000E+00  0.0000E+00  0.0000E+00
     -7.093  0.8654E-01  0.6487E-02  0.6487E-02  0.6487E-02  0.0000E+00  0.0000E+00  0.0000E+00  0.0000E+00  0.0000E+00
     -6.944  0.9798E-01  0.7061E-02  0.7061E-02  0.7061E-02  0.0000E+00  0.0000E+00  0.0000E+00  0.0000E+00  0.0000E+00
     -6.794  0.9655E-01  0.7155E-02  0.7155E-02  0.7155E-02  0.0000E+00  0.0000E+00  0.0000E+00  0.0000E+00  0.0000E+00
     -6.645  0.9201E-01  0.7108E-02  0.7108E-02  0.7108E-02  0.0000E+00  0.0000E+00  0.0000E+00  0.0000E+00  0.0000E+00
     -6.495  0.8845E-01  0.7092E-02  0.7092E-02  0.7092E-02  0.0000E+00  0.0000E+00  0.0000E+00  0.0000E+00  0.0000E+00
     -6.345  0.8606E-01  0.7116E-02  0.7116E-02  0.7116E-02  0.0000E+00  0.0000E+00  0.0000E+00  0.0000E+00  0.0000E+00
     -6.196  0.8260E-01  0.7061E-02  0.7061E-02  0.7061E-02  0.0000E+00  0.0000E+00  0.0000E+00  0.0000E+00  0.0000E+00
     -6.046  0.8002E-01  0.7060E-02  0.7060E-02  0.7060E-02  0.0000E+00  0.0000E+00  0.0000E+00  0.0000E+00  0.0000E+00
     -5.897  0.7716E-01  0.7014E-02  0.7014E-02  0.7014E-02  0.0000E+00  0.0000E+00  0.0000E+00  0.0000E+00  0.0000E+00
     -5.747  0.7422E-01  0.6949E-02  0.6949E-02  0.6949E-02  0.0000E+00  0.0000E+00  0.0000E+00  0.0000E+00  0.0000E+00
     -5.598  0.7150E-01  0.6898E-02  0.6898E-02  0.6898E-02  0.0000E+00  0.0000E+00  0.0000E+00  0.0000E+00  0.0000E+00
     -5.448  0.6880E-01  0.6822E-02  0.6822E-02  0.6822E-02  0.0000E+00  0.0000E+00  0.0000E+00  0.0000E+00  0.0000E+00
     -5.299  0.6577E-01  0.6713E-02  0.6713E-02  0.6713E-02  0.0000E+00  0.0000E+00  0.0000E+00  0.0000E+00  0.0000E+00
     -5.149  0.6330E-01  0.6633E-02  0.6633E-02  0.6633E-02  0.0000E+00  0.0000E+00  0.0000E+00  0.0000E+00  0.0000E+00
     -5.000  0.6019E-01  0.6491E-02  0.6491E-02  0.6491E-02  0.0000E+00  0.0000E+00  0.0000E+00  0.0000E+00  0.0000E+00
     -4.850  0.5742E-01  0.6357E-02  0.6357E-02  0.6357E-02  0.0000E+00  0.0000E+00  0.0000E+00  0.0000E+00  0.0000E+00
     -4.701  0.5447E-01  0.6201E-02  0.6201E-02  0.6201E-02  0.0000E+00  0.0000E+00  0.0000E+00  0.0000E+00  0.0000E+00
     -4.551  0.5159E-01  0.6027E-02  0.6027E-02  0.6027E-02  0.0000E+00  0.0000E+00  0.0000E+00  0.0000E+00  0.0000E+00
     -4.402  0.4851E-01  0.5831E-02  0.5831E-02  0.5831E-02  0.0000E+00  0.0000E+00  0.0000E+00  0.0000E+00  0.0000E+00
     -4.252  0.4743E-01  0.6967E-02  0.6967E-02  0.6967E-02  0.0000E+00  0.0000E+00  0.0000E+00  0.0000E+00  0.0000E+00
     -4.103  0.4997E-01  0.1033E-01  0.1033E-01  0.1033E-01  0.0000E+00  0.0000E+00  0.0000E+00  0.0000E+00  0.0000E+00
     -3.953  0.5022E-01  0.1113E-01  0.1113E-01  0.1113E-01  0.0000E+00  0.0000E+00  0.0000E+00  0.0000E+00  0.0000E+00
     -3.804  0.4260E-01  0.1126E-01  0.1126E-01  0.1126E-01  0.0000E+00  0.0000E+00  0.0000E+00  0.0000E+00  0.0000E+00
     -3.654  0.3037E-01  0.1051E-01  0.1051E-01  0.1051E-01  0.0000E+00  0.0000E+00  0.0000E+00  0.0000E+00  0.0000E+00
     -3.505  0.2907E-01  0.1133E-01  0.1133E-01  0.1133E-01  0.0000E+00  0.0000E+00  0.0000E+00  0.0000E+00  0.0000E+00
     -3.355  0.3053E-01  0.1254E-01  0.1254E-01  0.1254E-01  0.0000E+00  0.0000E+00  0.0000E+00  0.0000E+00  0.0000E+00
     -3.206  0.3308E-01  0.1393E-01  0.1393E-01  0.1393E-01  0.0000E+00  0.0000E+00  0.0000E+00  0.0000E+00  0.0000E+00
     -3.056  0.4027E-01  0.1612E-01  0.1612E-01  0.1612E-01  0.0000E+00  0.0000E+00  0.0000E+00  0.0000E+00  0.0000E+00
     -2.907  0.5019E-01  0.1876E-01  0.1876E-01  0.1876E-01  0.0000E+00  0.0000E+00  0.0000E+00  0.0000E+00  0.0000E+00
     -2.757  0.6298E-01  0.2212E-01  0.2212E-01  0.2212E-01  0.0000E+00  0.0000E+00  0.0000E+00  0.0000E+00  0.0000E+00
     -2.608  0.7817E-01  0.2641E-01  0.2641E-01  0.2641E-01  0.0000E+00  0.0000E+00  0.0000E+00  0.0000E+00  0.0000E+00
     -2.458  0.1076E+00  0.3463E-01  0.3463E-01  0.3463E-01  0.0000E+00  0.0000E+00  0.0000E+00  0.0000E+00  0.0000E+00
     -2.309  0.1015E+00  0.3219E-01  0.3219E-01  0.3219E-01  0.0000E+00  0.0000E+00  0.0000E+00  0.0000E+00  0.0000E+00
     -2.159  0.7696E-01  0.2536E-01  0.2536E-01  0.2536E-01  0.0000E+00  0.0000E+00  0.0000E+00  0.0000E+00  0.0000E+00
     -2.010  0.6880E-01  0.2309E-01  0.2309E-01  0.2309E-01  0.0000E+00  0.0000E+00  0.0000E+00  0.0000E+00  0.0000E+00
     -1.860  0.6191E-01  0.2128E-01  0.2128E-01  0.2128E-01  0.0000E+00  0.0000E+00  0.0000E+00  0.0000E+00  0.0000E+00
     -1.711  0.5809E-01  0.2031E-01  0.2031E-01  0.2031E-01  0.0000E+00  0.0000E+00  0.0000E+00  0.0000E+00  0.0000E+00
     -1.561  0.5332E-01  0.1912E-01  0.1912E-01  0.1912E-01  0.0000E+00  0.0000E+00  0.0000E+00  0.0000E+00  0.0000E+00
     -1.412  0.5066E-01  0.1850E-01  0.1850E-01  0.1850E-01  0.0000E+00  0.0000E+00  0.0000E+00  0.0000E+00  0.0000E+00
     -1.262  0.4704E-01  0.1763E-01  0.1763E-01  0.1763E-01  0.0000E+00  0.0000E+00  0.0000E+00  0.0000E+00  0.0000E+00
     -1.113  0.4475E-01  0.1713E-01  0.1713E-01  0.1713E-01  0.0000E+00  0.0000E+00  0.0000E+00  0.0000E+00  0.0000E+00
     -0.963  0.4220E-01  0.1655E-01  0.1655E-01  0.1655E-01  0.0000E+00  0.0000E+00  0.0000E+00  0.0000E+00  0.0000E+00
     -0.814  0.3967E-01  0.1596E-01  0.1596E-01  0.1596E-01  0.0000E+00  0.0000E+00  0.0000E+00  0.0000E+00  0.0000E+00
     -0.664  0.3785E-01  0.1558E-01  0.1558E-01  0.1558E-01  0.0000E+00  0.0000E+00  0.0000E+00  0.0000E+00  0.0000E+00
     -0.515  0.3519E-01  0.1491E-01  0.1491E-01  0.1491E-01  0.0000E+00  0.0000E+00  0.0000E+00  0.0000E+00  0.0000E+00
     -0.365  0.3381E-01  0.1465E-01  0.1465E-01  0.1465E-01  0.0000E+00  0.0000E+00  0.0000E+00  0.0000E+00  0.0000E+00
     -0.216  0.3200E-01  0.1424E-01  0.1424E-01  0.1424E-01  0.0000E+00  0.0000E+00  0.0000E+00  0.0000E+00  0.0000E+00
     -0.066  0.3078E-01  0.1932E-01  0.1932E-01  0.1932E-01  0.0000E+00  0.0000E+00  0.0000E+00  0.0000E+00  0.0000E+00
      0.083  0.3064E-01  0.2448E-01  0.2448E-01  0.2448E-01  0.0000E+00  0.0000E+00  0.0000E+00  0.0000E+00  0.0000E+00
      0.233  0.2987E-01  0.2717E-01  0.2717E-01  0.2717E-01  0.0000E+00  0.0000E+00  0.0000E+00  0.0000E+00  0.0000E+00
      0.383  0.2992E-01  0.3106E-01  0.3106E-01  0.3106E-01  0.0000E+00  0.0000E+00  0.0000E+00  0.0000E+00  0.0000E+00
      0.532  0.3061E-01  0.3625E-01  0.3625E-01  0.3625E-01  0.0000E+00  0.0000E+00  0.0000E+00  0.0000E+00  0.0000E+00
      0.682  0.3121E-01  0.4246E-01  0.4246E-01  0.4246E-01  0.0000E+00  0.0000E+00  0.0000E+00  0.0000E+00  0.0000E+00
      0.831  0.3110E-01  0.4062E-01  0.4062E-01  0.4062E-01  0.0000E+00  0.0000E+00  0.0000E+00  0.0000E+00  0.0000E+00
      0.981  0.3106E-01  0.3989E-01  0.3989E-01  0.3989E-01  0.0000E+00  0.0000E+00  0.0000E+00  0.0000E+00  0.0000E+00
      1.130  0.3028E-01  0.3869E-01  0.3869E-01  0.3869E-01  0.0000E+00  0.0000E+00  0.0000E+00  0.0000E+00  0.0000E+00
      1.280  0.3010E-01  0.3976E-01  0.3976E-01  0.3976E-01  0.0000E+00  0.0000E+00  0.0000E+00  0.0000E+00  0.0000E+00
      1.429  0.2986E-01  0.4025E-01  0.4025E-01  0.4025E-01  0.0000E+00  0.0000E+00  0.0000E+00  0.0000E+00  0.0000E+00
      1.579  0.2901E-01  0.4108E-01  0.4108E-01  0.4108E-01  0.0000E+00  0.0000E+00  0.0000E+00  0.0000E+00  0.0000E+00
      1.728  0.2863E-01  0.4254E-01  0.4254E-01  0.4254E-01  0.0000E+00  0.0000E+00  0.0000E+00  0.0000E+00  0.0000E+00
      1.878  0.2824E-01  0.4364E-01  0.4364E-01  0.4364E-01  0.0000E+00  0.0000E+00  0.0000E+00  0.0000E+00  0.0000E+00
      2.027  0.2755E-01  0.4521E-01  0.4521E-01  0.4521E-01  0.0000E+00  0.0000E+00  0.0000E+00  0.0000E+00  0.0000E+00
      2.177  0.2683E-01  0.4672E-01  0.4672E-01  0.4672E-01  0.0000E+00  0.0000E+00  0.0000E+00  0.0000E+00  0.0000E+00
      2.326  0.2641E-01  0.4895E-01  0.4895E-01  0.4895E-01  0.0000E+00  0.0000E+00  0.0000E+00  0.0000E+00  0.0000E+00
      2.476  0.2574E-01  0.5118E-01  0.5118E-01  0.5118E-01  0.0000E+00  0.0000E+00  0.0000E+00  0.0000E+00  0.0000E+00
      2.625  0.2484E-01  0.5401E-01  0.5401E-01  0.5401E-01  0.0000E+00  0.0000E+00  0.0000E+00  0.0000E+00  0.0000E+00
      2.775  0.2430E-01  0.5648E-01  0.5648E-01  0.5648E-01  0.0000E+00  0.0000E+00  0.0000E+00  0.0000E+00  0.0000E+00
      2.924  0.2368E-01  0.6122E-01  0.6122E-01  0.6122E-01  0.0000E+00  0.0000E+00  0.0000E+00  0.0000E+00  0.0000E+00
      3.074  0.2280E-01  0.7032E-01  0.7032E-01  0.7032E-01  0.0000E+00  0.0000E+00  0.0000E+00  0.0000E+00  0.0000E+00
      3.223  0.2195E-01  0.7604E-01  0.7604E-01  0.7604E-01  0.0000E+00  0.0000E+00  0.0000E+00  0.0000E+00  0.0000E+00
      3.373  0.2126E-01  0.7494E-01  0.7494E-01  0.7494E-01  0.0000E+00  0.0000E+00  0.0000E+00  0.0000E+00  0.0000E+00
      3.522  0.2046E-01  0.7377E-01  0.7377E-01  0.7377E-01  0.0000E+00  0.0000E+00  0.0000E+00  0.0000E+00  0.0000E+00
      3.672  0.1943E-01  0.7312E-01  0.7312E-01  0.7312E-01  0.0000E+00  0.0000E+00  0.0000E+00  0.0000E+00  0.0000E+00
      3.821  0.1879E-01  0.7272E-01  0.7272E-01  0.7272E-01  0.0000E+00  0.0000E+00  0.0000E+00  0.0000E+00  0.0000E+00
      3.971  0.1813E-01  0.7261E-01  0.7261E-01  0.7261E-01  0.0000E+00  0.0000E+00  0.0000E+00  0.0000E+00  0.0000E+00
      4.120  0.1728E-01  0.7229E-01  0.7229E-01  0.7229E-01  0.0000E+00  0.0000E+00  0.0000E+00  0.0000E+00  0.0000E+00
      4.270  0.1641E-01  0.7158E-01  0.7158E-01  0.7158E-01  0.0000E+00  0.0000E+00  0.0000E+00  0.0000E+00  0.0000E+00
      4.419  0.1584E-01  0.7179E-01  0.7179E-01  0.7179E-01  0.0000E+00  0.0000E+00  0.0000E+00  0.0000E+00  0.0000E+00
      4.569  0.1508E-01  0.7132E-01  0.7132E-01  0.7132E-01  0.0000E+00  0.0000E+00  0.0000E+00  0.0000E+00  0.0000E+00
      4.718  0.1423E-01  0.7081E-01  0.7081E-01  0.7081E-01  0.0000E+00  0.0000E+00  0.0000E+00  0.0000E+00  0.0000E+00
      4.868  0.1358E-01  0.7083E-01  0.7083E-01  0.7083E-01  0.0000E+00  0.0000E+00  0.0000E+00  0.0000E+00  0.0000E+00
      5.017  0.1297E-01  0.7053E-01  0.7053E-01  0.7053E-01  0.0000E+00  0.0000E+00  0.0000E+00  0.0000E+00  0.0000E+00
      5.167  0.1228E-01  0.7034E-01  0.7034E-01  0.7034E-01  0.0000E+00  0.0000E+00  0.0000E+00  0.0000E+00  0.0000E+00
      5.316  0.1148E-01  0.6993E-01  0.6993E-01  0.6993E-01  0.0000E+00  0.0000E+00  0.0000E+00  0.0000E+00  0.0000E+00
      5.466  0.1083E-01  0.6973E-01  0.6973E-01  0.6973E-01  0.0000E+00  0.0000E+00  0.0000E+00  0.0000E+00  0.0000E+00
      5.615  0.1018E-01  0.6947E-01  0.6947E-01  0.6947E-01  0.0000E+00  0.0000E+00  0.0000E+00  0.0000E+00  0.0000E+00
      5.765  0.9554E-02  0.6919E-01  0.6919E-01  0.6919E-01  0.0000E+00  0.0000E+00  0.0000E+00  0.0000E+00  0.0000E+00
      5.914  0.8858E-02  0.6880E-01  0.6880E-01  0.6880E-01  0.0000E+00  0.0000E+00  0.0000E+00  0.0000E+00  0.0000E+00
      6.064  0.8307E-02  0.6865E-01  0.6865E-01  0.6865E-01  0.0000E+00  0.0000E+00  0.0000E+00  0.0000E+00  0.0000E+00
      6.213  0.7775E-02  0.6836E-01  0.6836E-01  0.6836E-01  0.0000E+00  0.0000E+00  0.0000E+00  0.0000E+00  0.0000E+00
      6.363  0.7136E-02  0.6830E-01  0.6830E-01  0.6830E-01  0.0000E+00  0.0000E+00  0.0000E+00  0.0000E+00  0.0000E+00
      6.512  0.6448E-02  0.6769E-01  0.6769E-01  0.6769E-01  0.0000E+00  0.0000E+00  0.0000E+00  0.0000E+00  0.0000E+00
      6.662  0.5938E-02  0.6787E-01  0.6787E-01  0.6787E-01  0.0000E+00  0.0000E+00  0.0000E+00  0.0000E+00  0.0000E+00
      6.811  0.5412E-02  0.6721E-01  0.6721E-01  0.6721E-01  0.0000E+00  0.0000E+00  0.0000E+00  0.0000E+00  0.0000E+00
      6.961  0.4877E-02  0.5425E-01  0.5425E-01  0.5425E-01  0.0000E+00  0.0000E+00  0.0000E+00  0.0000E+00  0.0000E+00
      7.111  0.4362E-02  0.4704E-01  0.4704E-01  0.4704E-01  0.0000E+00  0.0000E+00  0.0000E+00  0.0000E+00  0.0000E+00
      7.260  0.3978E-02  0.4319E-01  0.4319E-01  0.4319E-01  0.0000E+00  0.0000E+00  0.0000E+00  0.0000E+00  0.0000E+00
      7.410  0.3600E-02  0.3915E-01  0.3915E-01  0.3915E-01  0.0000E+00  0.0000E+00  0.0000E+00  0.0000E+00  0.0000E+00
      7.559  0.3210E-02  0.3590E-01  0.3590E-01  0.3590E-01  0.0000E+00  0.0000E+00  0.0000E+00  0.0000E+00  0.0000E+00
      7.709  0.2845E-02  0.3297E-01  0.3297E-01  0.3297E-01  0.0000E+00  0.0000E+00  0.0000E+00  0.0000E+00  0.0000E+00
      7.858  0.2552E-02  0.3046E-01  0.3046E-01  0.3046E-01  0.0000E+00  0.0000E+00  0.0000E+00  0.0000E+00  0.0000E+00
      8.008  0.2254E-02  0.2800E-01  0.2800E-01  0.2800E-01  0.0000E+00  0.0000E+00  0.0000E+00  0.0000E+00  0.0000E+00
      8.157  0.1930E-02  0.2566E-01  0.2566E-01  0.2566E-01  0.0000E+00  0.0000E+00  0.0000E+00  0.0000E+00  0.0000E+00
      8.307  0.1688E-02  0.2364E-01  0.2364E-01  0.2364E-01  0.0000E+00  0.0000E+00  0.0000E+00  0.0000E+00  0.0000E+00
      8.456  0.1448E-02  0.2158E-01  0.2158E-01  0.2158E-01  0.0000E+00  0.0000E+00  0.0000E+00  0.0000E+00  0.0000E+00
      8.606  0.1194E-02  0.1961E-01  0.1961E-01  0.1961E-01  0.0000E+00  0.0000E+00  0.0000E+00  0.0000E+00  0.0000E+00
      8.755  0.9848E-03  0.1771E-01  0.1771E-01  0.1771E-01  0.0000E+00  0.0000E+00  0.0000E+00  0.0000E+00  0.0000E+00
      8.905  0.7852E-03  0.1581E-01  0.1581E-01  0.1581E-01  0.0000E+00  0.0000E+00  0.0000E+00  0.0000E+00  0.0000E+00
      9.054  0.5988E-03  0.1404E-01  0.1404E-01  0.1404E-01  0.0000E+00  0.0000E+00  0.0000E+00  0.0000E+00  0.0000E+00
      9.204  0.4371E-03  0.1206E-01  0.1206E-01  0.1206E-01  0.0000E+00  0.0000E+00  0.0000E+00  0.0000E+00  0.0000E+00
      9.353  0.2939E-03  0.1011E-01  0.1011E-01  0.1011E-01  0.0000E+00  0.0000E+00  0.0000E+00  0.0000E+00  0.0000E+00
      9.503  0.1618E-03  0.7905E-02  0.7905E-02  0.7905E-02  0.0000E+00  0.0000E+00  0.0000E+00  0.0000E+00  0.0000E+00
      9.652  0.6906E-04  0.5525E-02  0.5525E-02  0.5525E-02  0.0000E+00  0.0000E+00  0.0000E+00  0.0000E+00  0.0000E+00
      9.802  0.1163E-04  0.1842E-02  0.1842E-02  0.1842E-02  0.0000E+00  0.0000E+00  0.0000E+00  0.0000E+00  0.0000E+00
      9.951  0.0000E+00  0.0000E+00  0.0000E+00  0.0000E+00  0.0000E+00  0.0000E+00  0.0000E+00  0.0000E+00  0.0000E+00
     10.101  0.0000E+00  0.0000E+00  0.0000E+00  0.0000E+00  0.0000E+00  0.0000E+00  0.0000E+00  0.0000E+00  0.0000E+00
     10.250  0.0000E+00  0.0000E+00  0.0000E+00  0.0000E+00  0.0000E+00  0.0000E+00  0.0000E+00  0.0000E+00  0.0000E+00
     10.400  0.0000E+00  0.0000E+00  0.0000E+00  0.0000E+00  0.0000E+00  0.0000E+00  0.0000E+00  0.0000E+00  0.0000E+00
     10.549  0.0000E+00  0.0000E+00  0.0000E+00  0.0000E+00  0.0000E+00  0.0000E+00  0.0000E+00  0.0000E+00  0.0000E+00
     10.699  0.0000E+00  0.0000E+00  0.0000E+00  0.0000E+00  0.0000E+00  0.0000E+00  0.0000E+00  0.0000E+00  0.0000E+00
     10.848  0.0000E+00  0.0000E+00  0.0000E+00  0.0000E+00  0.0000E+00  0.0000E+00  0.0000E+00  0.0000E+00  0.0000E+00
     10.998  0.0000E+00  0.0000E+00  0.0000E+00  0.0000E+00  0.0000E+00  0.0000E+00  0.0000E+00  0.0000E+00  0.0000E+00
     11.147  0.0000E+00  0.0000E+00  0.0000E+00  0.0000E+00  0.0000E+00  0.0000E+00  0.0000E+00  0.0000E+00  0.0000E+00
     11.297  0.0000E+00  0.0000E+00  0.0000E+00  0.0000E+00  0.0000E+00  0.0000E+00  0.0000E+00  0.0000E+00  0.0000E+00
     11.446  0.0000E+00  0.0000E+00  0.0000E+00  0.0000E+00  0.0000E+00  0.0000E+00  0.0000E+00  0.0000E+00  0.0000E+00
     11.596  0.0000E+00  0.0000E+00  0.0000E+00  0.0000E+00  0.0000E+00  0.0000E+00  0.0000E+00  0.0000E+00  0.0000E+00
     11.745  0.0000E+00  0.0000E+00  0.0000E+00  0.0000E+00  0.0000E+00  0.0000E+00  0.0000E+00  0.0000E+00  0.0000E+00
     11.895  0.0000E+00  0.0000E+00  0.0000E+00  0.0000E+00  0.0000E+00  0.0000E+00  0.0000E+00  0.0000E+00  0.0000E+00
     12.044  0.0000E+00  0.0000E+00  0.0000E+00  0.0000E+00  0.0000E+00  0.0000E+00  0.0000E+00  0.0000E+00  0.0000E+00
     12.194  0.0000E+00  0.0000E+00  0.0000E+00  0.0000E+00  0.0000E+00  0.0000E+00  0.0000E+00  0.0000E+00  0.0000E+00
     12.343  0.0000E+00  0.0000E+00  0.0000E+00  0.0000E+00  0.0000E+00  0.0000E+00  0.0000E+00  0.0000E+00  0.0000E+00
     12.493  0.0000E+00  0.0000E+00  0.0000E+00  0.0000E+00  0.0000E+00  0.0000E+00  0.0000E+00  0.0000E+00  0.0000E+00
     12.642  0.0000E+00  0.0000E+00  0.0000E+00  0.0000E+00  0.0000E+00  0.0000E+00  0.0000E+00  0.0000E+00  0.0000E+00
     12.792  0.0000E+00  0.0000E+00  0.0000E+00  0.0000E+00  0.0000E+00  0.0000E+00  0.0000E+00  0.0000E+00  0.0000E+00
     12.941  0.0000E+00  0.0000E+00  0.0000E+00  0.0000E+00  0.0000E+00  0.0000E+00  0.0000E+00  0.0000E+00  0.0000E+00
     13.091  0.0000E+00  0.0000E+00  0.0000E+00  0.0000E+00  0.0000E+00  0.0000E+00  0.0000E+00  0.0000E+00  0.0000E+00
     13.240  0.0000E+00  0.0000E+00  0.0000E+00  0.0000E+00  0.0000E+00  0.0000E+00  0.0000E+00  0.0000E+00  0.0000E+00
     13.390  0.0000E+00  0.0000E+00  0.0000E+00  0.0000E+00  0.0000E+00  0.0000E+00  0.0000E+00  0.0000E+00  0.0000E+00
     13.539  0.0000E+00  0.0000E+00  0.0000E+00  0.0000E+00  0.0000E+00  0.0000E+00  0.0000E+00  0.0000E+00  0.0000E+00
     13.689  0.0000E+00  0.0000E+00  0.0000E+00  0.0000E+00  0.0000E+00  0.0000E+00  0.0000E+00  0.0000E+00  0.0000E+00
     13.838  0.0000E+00  0.0000E+00  0.0000E+00  0.0000E+00  0.0000E+00  0.0000E+00  0.0000E+00  0.0000E+00  0.0000E+00
     13.988  0.0000E+00  0.0000E+00  0.0000E+00  0.0000E+00  0.0000E+00  0.0000E+00  0.0000E+00  0.0000E+00  0.0000E+00
     14.138  0.0000E+00  0.0000E+00  0.0000E+00  0.0000E+00  0.0000E+00  0.0000E+00  0.0000E+00  0.0000E+00  0.0000E+00
     14.287  0.6094E-02  0.2059E-02  0.2059E-02  0.2059E-02  0.0000E+00  0.0000E+00  0.0000E+00  0.0000E+00  0.0000E+00
     14.437  0.8885E-02  0.3248E-02  0.3248E-02  0.3248E-02  0.0000E+00  0.0000E+00  0.0000E+00  0.0000E+00  0.0000E+00
     14.586  0.1182E-01  0.4750E-02  0.4750E-02  0.4750E-02  0.0000E+00  0.0000E+00  0.0000E+00  0.0000E+00  0.0000E+00
     14.736  0.1422E-01  0.5939E-02  0.5939E-02  0.5939E-02  0.0000E+00  0.0000E+00  0.0000E+00  0.0000E+00  0.0000E+00
     14.885  0.1761E-01  0.7549E-02  0.7549E-02  0.7549E-02  0.0000E+00  0.0000E+00  0.0000E+00  0.0000E+00  0.0000E+00
     15.035  0.2061E-01  0.9198E-02  0.9198E-02  0.9198E-02  0.0000E+00  0.0000E+00  0.0000E+00  0.0000E+00  0.0000E+00
     15.184  0.2279E-01  0.1101E-01  0.1101E-01  0.1101E-01  0.0000E+00  0.0000E+00  0.0000E+00  0.0000E+00  0.0000E+00
     15.334  0.2471E-01  0.1289E-01  0.1289E-01  0.1289E-01  0.0000E+00  0.0000E+00  0.0000E+00  0.0000E+00  0.0000E+00
     15.483  0.2592E-01  0.1505E-01  0.1505E-01  0.1505E-01  0.0000E+00  0.0000E+00  0.0000E+00  0.0000E+00  0.0000E+00
     15.633  0.2730E-01  0.1858E-01  0.1858E-01  0.1858E-01  0.0000E+00  0.0000E+00  0.0000E+00  0.0000E+00  0.0000E+00
     15.782  0.2820E-01  0.2208E-01  0.2208E-01  0.2208E-01  0.0000E+00  0.0000E+00  0.0000E+00  0.0000E+00  0.0000E+00
     15.932  0.2895E-01  0.2274E-01  0.2274E-01  0.2274E-01  0.0000E+00  0.0000E+00  0.0000E+00  0.0000E+00  0.0000E+00
     16.081  0.2963E-01  0.2382E-01  0.2382E-01  0.2382E-01  0.0000E+00  0.0000E+00  0.0000E+00  0.0000E+00  0.0000E+00
     16.231  0.3041E-01  0.2532E-01  0.2532E-01  0.2532E-01  0.0000E+00  0.0000E+00  0.0000E+00  0.0000E+00  0.0000E+00
     16.380  0.3106E-01  0.2668E-01  0.2668E-01  0.2668E-01  0.0000E+00  0.0000E+00  0.0000E+00  0.0000E+00  0.0000E+00
     16.530  0.3157E-01  0.2816E-01  0.2816E-01  0.2816E-01  0.0000E+00  0.0000E+00  0.0000E+00  0.0000E+00  0.0000E+00
     16.679  0.3206E-01  0.2969E-01  0.2969E-01  0.2969E-01  0.0000E+00  0.0000E+00  0.0000E+00  0.0000E+00  0.0000E+00
     16.829  0.3261E-01  0.3133E-01  0.3133E-01  0.3133E-01  0.0000E+00  0.0000E+00  0.0000E+00  0.0000E+00  0.0000E+00
     16.978  0.3316E-01  0.3308E-01  0.3308E-01  0.3308E-01  0.0000E+00  0.0000E+00  0.0000E+00  0.0000E+00  0.0000E+00
     17.128  0.3372E-01  0.3497E-01  0.3497E-01  0.3497E-01  0.0000E+00  0.0000E+00  0.0000E+00  0.0000E+00  0.0000E+00
     17.277  0.3418E-01  0.3695E-01  0.3695E-01  0.3695E-01  0.0000E+00  0.0000E+00  0.0000E+00  0.0000E+00  0.0000E+00
     17.427  0.3470E-01  0.3910E-01  0.3910E-01  0.3910E-01  0.0000E+00  0.0000E+00  0.0000E+00  0.0000E+00  0.0000E+00
     17.576  0.3524E-01  0.4140E-01  0.4140E-01  0.4140E-01  0.0000E+00  0.0000E+00  0.0000E+00  0.0000E+00  0.0000E+00
     17.726  0.3597E-01  0.4412E-01  0.4412E-01  0.4412E-01  0.0000E+00  0.0000E+00  0.0000E+00  0.0000E+00  0.0000E+00
     17.875  0.3671E-01  0.4699E-01  0.4699E-01  0.4699E-01  0.0000E+00  0.0000E+00  0.0000E+00  0.0000E+00  0.0000E+00
     18.025  0.3770E-01  0.5067E-01  0.5067E-01  0.5067E-01  0.0000E+00  0.0000E+00  0.0000E+00  0.0000E+00  0.0000E+00
     18.174  0.3874E-01  0.5503E-01  0.5503E-01  0.5503E-01  0.0000E+00  0.0000E+00  0.0000E+00  0.0000E+00  0.0000E+00
     18.324  0.4043E-01  0.6178E-01  0.6178E-01  0.6178E-01  0.0000E+00  0.0000E+00  0.0000E+00  0.0000E+00  0.0000E+00
     18.473  0.4491E-01  0.7859E-01  0.7859E-01  0.7859E-01  0.0000E+00  0.0000E+00  0.0000E+00  0.0000E+00  0.0000E+00
     18.623  0.4542E-01  0.7785E-01  0.7785E-01  0.7785E-01  0.0000E+00  0.0000E+00  0.0000E+00  0.0000E+00  0.0000E+00
     18.772  0.4457E-01  0.6423E-01  0.6423E-01  0.6423E-01  0.0000E+00  0.0000E+00  0.0000E+00  0.0000E+00  0.0000E+00
     18.922  0.7046E-01  0.7902E-01  0.7902E-01  0.7902E-01  0.0000E+00  0.0000E+00  0.0000E+00  0.0000E+00  0.0000E+00
     19.071  0.7795E-01  0.6461E-01  0.6461E-01  0.6461E-01  0.0000E+00  0.0000E+00  0.0000E+00  0.0000E+00  0.0000E+00
     19.221  0.6937E-01  0.5675E-01  0.5675E-01  0.5675E-01  0.0000E+00  0.0000E+00  0.0000E+00  0.0000E+00  0.0000E+00
     19.370  0.6483E-01  0.5638E-01  0.5638E-01  0.5638E-01  0.0000E+00  0.0000E+00  0.0000E+00  0.0000E+00  0.0000E+00
     19.520  0.6337E-01  0.5606E-01  0.5606E-01  0.5606E-01  0.0000E+00  0.0000E+00  0.0000E+00  0.0000E+00  0.0000E+00
     19.669  0.5597E-01  0.5307E-01  0.5307E-01  0.5307E-01  0.0000E+00  0.0000E+00  0.0000E+00  0.0000E+00  0.0000E+00
     19.819  0.5611E-01  0.5388E-01  0.5388E-01  0.5388E-01  0.0000E+00  0.0000E+00  0.0000E+00  0.0000E+00  0.0000E+00
     19.968  0.5340E-01  0.5270E-01  0.5270E-01  0.5270E-01  0.0000E+00  0.0000E+00  0.0000E+00  0.0000E+00  0.0000E+00
     20.118  0.5005E-01  0.5313E-01  0.5313E-01  0.5313E-01  0.0000E+00  0.0000E+00  0.0000E+00  0.0000E+00  0.0000E+00
     20.267  0.4836E-01  0.5424E-01  0.5424E-01  0.5424E-01  0.0000E+00  0.0000E+00  0.0000E+00  0.0000E+00  0.0000E+00
     20.417  0.4657E-01  0.5360E-01  0.5360E-01  0.5360E-01  0.0000E+00  0.0000E+00  0.0000E+00  0.0000E+00  0.0000E+00
     20.566  0.4505E-01  0.5296E-01  0.5296E-01  0.5296E-01  0.0000E+00  0.0000E+00  0.0000E+00  0.0000E+00  0.0000E+00
     20.716  0.4129E-01  0.5119E-01  0.5119E-01  0.5119E-01  0.0000E+00  0.0000E+00  0.0000E+00  0.0000E+00  0.0000E+00
     20.866  0.4027E-01  0.4999E-01  0.4999E-01  0.4999E-01  0.0000E+00  0.0000E+00  0.0000E+00  0.0000E+00  0.0000E+00
     21.015  0.4117E-01  0.5039E-01  0.5039E-01  0.5039E-01  0.0000E+00  0.0000E+00  0.0000E+00  0.0000E+00  0.0000E+00
     21.165  0.3850E-01  0.4593E-01  0.4593E-01  0.4593E-01  0.0000E+00  0.0000E+00  0.0000E+00  0.0000E+00  0.0000E+00
     21.314  0.3188E-01  0.4166E-01  0.4166E-01  0.4166E-01  0.0000E+00  0.0000E+00  0.0000E+00  0.0000E+00  0.0000E+00
     21.464  0.2890E-01  0.3969E-01  0.3969E-01  0.3969E-01  0.0000E+00  0.0000E+00  0.0000E+00  0.0000E+00  0.0000E+00
     21.613  0.3284E-01  0.4069E-01  0.4069E-01  0.4069E-01  0.0000E+00  0.0000E+00  0.0000E+00  0.0000E+00  0.0000E+00
     21.763  0.3893E-01  0.4263E-01  0.4263E-01  0.4263E-01  0.0000E+00  0.0000E+00  0.0000E+00  0.0000E+00  0.0000E+00
     21.912  0.4538E-01  0.4377E-01  0.4377E-01  0.4377E-01  0.0000E+00  0.0000E+00  0.0000E+00  0.0000E+00  0.0000E+00
     22.062  0.4484E-01  0.4221E-01  0.4221E-01  0.4221E-01  0.0000E+00  0.0000E+00  0.0000E+00  0.0000E+00  0.0000E+00
     22.211  0.4818E-01  0.4328E-01  0.4328E-01  0.4328E-01  0.0000E+00  0.0000E+00  0.0000E+00  0.0000E+00  0.0000E+00
     22.361  0.5379E-01  0.4653E-01  0.4653E-01  0.4653E-01  0.0000E+00  0.0000E+00  0.0000E+00  0.0000E+00  0.0000E+00
     22.510  0.5309E-01  0.4729E-01  0.4729E-01  0.4729E-01  0.0000E+00  0.0000E+00  0.0000E+00  0.0000E+00  0.0000E+00
     22.660  0.5652E-01  0.4963E-01  0.4963E-01  0.4963E-01  0.0000E+00  0.0000E+00  0.0000E+00  0.0000E+00  0.0000E+00
     22.809  0.5533E-01  0.4898E-01  0.4898E-01  0.4898E-01  0.0000E+00  0.0000E+00  0.0000E+00  0.0000E+00  0.0000E+00
     22.959  0.5604E-01  0.5003E-01  0.5003E-01  0.5003E-01  0.0000E+00  0.0000E+00  0.0000E+00  0.0000E+00  0.0000E+00
     23.108  0.5865E-01  0.5321E-01  0.5321E-01  0.5321E-01  0.0000E+00  0.0000E+00  0.0000E+00  0.0000E+00  0.0000E+00
     23.258  0.5514E-01  0.5246E-01  0.5246E-01  0.5246E-01  0.0000E+00  0.0000E+00  0.0000E+00  0.0000E+00  0.0000E+00
     23.407  0.5636E-01  0.5417E-01  0.5417E-01  0.5417E-01  0.0000E+00  0.0000E+00  0.0000E+00  0.0000E+00  0.0000E+00
     23.557  0.5723E-01  0.5385E-01  0.5385E-01  0.5385E-01  0.0000E+00  0.0000E+00  0.0000E+00  0.0000E+00  0.0000E+00
     23.706  0.6084E-01  0.5790E-01  0.5790E-01  0.5790E-01  0.0000E+00  0.0000E+00  0.0000E+00  0.0000E+00  0.0000E+00
     23.856  0.6885E-01  0.5786E-01  0.5786E-01  0.5786E-01  0.0000E+00  0.0000E+00  0.0000E+00  0.0000E+00  0.0000E+00
     24.005  0.1143E+00  0.6168E-01  0.6168E-01  0.6168E-01  0.0000E+00  0.0000E+00  0.0000E+00  0.0000E+00  0.0000E+00
     24.155  0.1049E+00  0.6380E-01  0.6380E-01  0.6380E-01  0.0000E+00  0.0000E+00  0.0000E+00  0.0000E+00  0.0000E+00
     24.304  0.1058E+00  0.6933E-01  0.6933E-01  0.6933E-01  0.0000E+00  0.0000E+00  0.0000E+00  0.0000E+00  0.0000E+00
     24.454  0.7890E-01  0.6329E-01  0.6329E-01  0.6329E-01  0.0000E+00  0.0000E+00  0.0000E+00  0.0000E+00  0.0000E+00
     24.603  0.5509E-01  0.5964E-01  0.5964E-01  0.5964E-01  0.0000E+00  0.0000E+00  0.0000E+00  0.0000E+00  0.0000E+00
     24.753  0.4863E-01  0.6213E-01  0.6213E-01  0.6213E-01  0.0000E+00  0.0000E+00  0.0000E+00  0.0000E+00  0.0000E+00
     24.902  0.4415E-01  0.6445E-01  0.6445E-01  0.6445E-01  0.0000E+00  0.0000E+00  0.0000E+00  0.0000E+00  0.0000E+00
     25.052  0.4682E-01  0.7654E-01  0.7654E-01  0.7654E-01  0.0000E+00  0.0000E+00  0.0000E+00  0.0000E+00  0.0000E+00
     25.201  0.4761E-01  0.8458E-01  0.8458E-01  0.8458E-01  0.0000E+00  0.0000E+00  0.0000E+00  0.0000E+00  0.0000E+00
     25.351  0.4308E-01  0.8189E-01  0.8189E-01  0.8189E-01  0.0000E+00  0.0000E+00  0.0000E+00  0.0000E+00  0.0000E+00
     25.500  0.3538E-01  0.7351E-01  0.7351E-01  0.7351E-01  0.0000E+00  0.0000E+00  0.0000E+00  0.0000E+00  0.0000E+00
     25.650  0.2963E-01  0.6856E-01  0.6856E-01  0.6856E-01  0.0000E+00  0.0000E+00  0.0000E+00  0.0000E+00  0.0000E+00
     25.799  0.2527E-01  0.6612E-01  0.6612E-01  0.6612E-01  0.0000E+00  0.0000E+00  0.0000E+00  0.0000E+00  0.0000E+00
     25.949  0.2104E-01  0.6282E-01  0.6282E-01  0.6282E-01  0.0000E+00  0.0000E+00  0.0000E+00  0.0000E+00  0.0000E+00
     26.098  0.1757E-01  0.5993E-01  0.5993E-01  0.5993E-01  0.0000E+00  0.0000E+00  0.0000E+00  0.0000E+00  0.0000E+00
     26.248  0.1420E-01  0.5738E-01  0.5738E-01  0.5738E-01  0.0000E+00  0.0000E+00  0.0000E+00  0.0000E+00  0.0000E+00
     26.397  0.1123E-01  0.5720E-01  0.5720E-01  0.5720E-01  0.0000E+00  0.0000E+00  0.0000E+00  0.0000E+00  0.0000E+00
     26.547  0.7845E-02  0.5544E-01  0.5544E-01  0.5544E-01  0.0000E+00  0.0000E+00  0.0000E+00  0.0000E+00  0.0000E+00
     26.696  0.5132E-02  0.3450E-01  0.3450E-01  0.3450E-01  0.0000E+00  0.0000E+00  0.0000E+00  0.0000E+00  0.0000E+00
     26.846  0.3829E-02  0.2564E-01  0.2564E-01  0.2564E-01  0.0000E+00  0.0000E+00  0.0000E+00  0.0000E+00  0.0000E+00
     26.995  0.2927E-02  0.2313E-01  0.2313E-01  0.2313E-01  0.0000E+00  0.0000E+00  0.0000E+00  0.0000E+00  0.0000E+00
     27.145  0.2154E-02  0.2050E-01  0.2050E-01  0.2050E-01  0.0000E+00  0.0000E+00  0.0000E+00  0.0000E+00  0.0000E+00
     27.294  0.1442E-02  0.1809E-01  0.1809E-01  0.1809E-01  0.0000E+00  0.0000E+00  0.0000E+00  0.0000E+00  0.0000E+00
     27.444  0.8582E-03  0.1459E-01  0.1459E-01  0.1459E-01  0.0000E+00  0.0000E+00  0.0000E+00  0.0000E+00  0.0000E+00
     27.594  0.3846E-03  0.1107E-01  0.1107E-01  0.1107E-01  0.0000E+00  0.0000E+00  0.0000E+00  0.0000E+00  0.0000E+00
     27.743  0.1139E-03  0.7044E-02  0.7044E-02  0.7044E-02  0.0000E+00  0.0000E+00  0.0000E+00  0.0000E+00  0.0000E+00
     27.893  0.1495E-05  0.3129E-03  0.3129E-03  0.3129E-03  0.0000E+00  0.0000E+00  0.0000E+00  0.0000E+00  0.0000E+00
     28.042  0.0000E+00  0.0000E+00  0.0000E+00  0.0000E+00  0.0000E+00  0.0000E+00  0.0000E+00  0.0000E+00  0.0000E+00
     28.192  0.0000E+00  0.0000E+00  0.0000E+00  0.0000E+00  0.0000E+00  0.0000E+00  0.0000E+00  0.0000E+00  0.0000E+00
     28.341  0.0000E+00  0.0000E+00  0.0000E+00  0.0000E+00  0.0000E+00  0.0000E+00  0.0000E+00  0.0000E+00  0.0000E+00
     28.491  0.0000E+00  0.0000E+00  0.0000E+00  0.0000E+00  0.0000E+00  0.0000E+00  0.0000E+00  0.0000E+00  0.0000E+00
     28.640  0.0000E+00  0.0000E+00  0.0000E+00  0.0000E+00  0.0000E+00  0.0000E+00  0.0000E+00  0.0000E+00  0.0000E+00
     28.790  0.0000E+00  0.0000E+00  0.0000E+00  0.0000E+00  0.0000E+00  0.0000E+00  0.0000E+00  0.0000E+00  0.0000E+00
     28.939  0.0000E+00  0.0000E+00  0.0000E+00  0.0000E+00  0.0000E+00  0.0000E+00  0.0000E+00  0.0000E+00  0.0000E+00
     29.089  0.0000E+00  0.0000E+00  0.0000E+00  0.0000E+00  0.0000E+00  0.0000E+00  0.0000E+00  0.0000E+00  0.0000E+00
     29.238  0.0000E+00  0.0000E+00  0.0000E+00  0.0000E+00  0.0000E+00  0.0000E+00  0.0000E+00  0.0000E+00  0.0000E+00
     29.388  0.0000E+00  0.0000E+00  0.0000E+00  0.0000E+00  0.0000E+00  0.0000E+00  0.0000E+00  0.0000E+00  0.0000E+00
     29.537  0.0000E+00  0.0000E+00  0.0000E+00  0.0000E+00  0.0000E+00  0.0000E+00  0.0000E+00  0.0000E+00  0.0000E+00
     29.687  0.0000E+00  0.0000E+00  0.0000E+00  0.0000E+00  0.0000E+00  0.0000E+00  0.0000E+00  0.0000E+00  0.0000E+00
     29.836  0.0000E+00  0.0000E+00  0.0000E+00  0.0000E+00  0.0000E+00  0.0000E+00  0.0000E+00  0.0000E+00  0.0000E+00
