   2   2   1   0
  0.6875258E+01  0.2689127E-09  0.2689127E-09  0.2689127E-09  0.5000000E-15
  1.000000000000000E-004
  CAR 
 C                                       
     24.12045672    -15.09848920  301     10.99872675      1.00000000
    -15.098  0.0000E+00  0.0000E+00
    -14.968  0.0000E+00  0.0000E+00
    -14.837  0.0000E+00  0.0000E+00
    -14.706  0.0000E+00  0.0000E+00
    -14.576  0.0000E+00  0.0000E+00
    -14.445  0.0000E+00  0.0000E+00
    -14.314  0.0000E+00  0.0000E+00
    -14.183  0.0000E+00  0.0000E+00
    -14.053  0.0000E+00  0.0000E+00
    -13.922  0.0000E+00  0.0000E+00
    -13.791  0.0000E+00  0.0000E+00
    -13.660  0.0000E+00  0.0000E+00
    -13.530  0.0000E+00  0.0000E+00
    -13.399  0.0000E+00  0.0000E+00
    -13.268  0.0000E+00  0.0000E+00
    -13.138  0.0000E+00  0.0000E+00
    -13.007  0.4612E-01  0.2127E-02
    -12.876  0.6313E-01  0.8618E-02
    -12.745  0.7890E-01  0.1755E-01
    -12.615  0.8993E-01  0.2840E-01
    -12.484  0.1015E+00  0.4089E-01
    -12.353  0.1118E+00  0.5485E-01
    -12.222  0.1219E+00  0.7016E-01
    -12.092  0.1312E+00  0.8669E-01
    -11.961  0.1397E+00  0.1044E+00
    -11.830  0.1484E+00  0.1233E+00
    -11.700  0.1561E+00  0.1432E+00
    -11.569  0.1641E+00  0.1641E+00
    -11.438  0.1714E+00  0.1860E+00
    -11.307  0.1789E+00  0.2089E+00
    -11.177  0.1860E+00  0.2328E+00
    -11.046  0.1930E+00  0.2576E+00
    -10.915  0.2002E+00  0.2833E+00
    -10.784  0.2069E+00  0.3099E+00
    -10.654  0.2139E+00  0.3374E+00
    -10.523  0.2206E+00  0.3658E+00
    -10.392  0.2273E+00  0.3951E+00
    -10.261  0.2344E+00  0.4252E+00
    -10.131  0.2411E+00  0.4563E+00
    -10.000  0.2480E+00  0.4883E+00
     -9.869  0.2553E+00  0.5212E+00
     -9.739  0.2623E+00  0.5550E+00
     -9.608  0.2697E+00  0.5898E+00
     -9.477  0.2775E+00  0.6255E+00
     -9.346  0.2854E+00  0.6623E+00
     -9.216  0.2938E+00  0.7002E+00
     -9.085  0.3028E+00  0.7392E+00
     -8.954  0.3124E+00  0.7794E+00
     -8.823  0.3230E+00  0.8209E+00
     -8.693  0.3351E+00  0.8639E+00
     -8.562  0.3494E+00  0.9086E+00
     -8.431  0.3674E+00  0.9554E+00
     -8.301  0.3938E+00  0.1005E+01
     -8.170  0.4524E+00  0.1060E+01
     -8.039  0.4515E+00  0.1119E+01
     -7.908  0.4302E+00  0.1176E+01
     -7.778  0.4162E+00  0.1231E+01
     -7.647  0.4074E+00  0.1285E+01
     -7.516  0.3932E+00  0.1337E+01
     -7.385  0.3808E+00  0.1388E+01
     -7.255  0.3703E+00  0.1437E+01
     -7.124  0.3576E+00  0.1484E+01
     -6.993  0.3449E+00  0.1530E+01
     -6.863  0.3343E+00  0.1575E+01
     -6.732  0.3206E+00  0.1618E+01
     -6.601  0.3092E+00  0.1659E+01
     -6.470  0.2958E+00  0.1698E+01
     -6.340  0.2836E+00  0.1736E+01
     -6.209  0.2700E+00  0.1772E+01
     -6.078  0.2570E+00  0.1807E+01
     -5.947  0.2425E+00  0.1839E+01
     -5.817  0.2285E+00  0.1870E+01
     -5.686  0.2138E+00  0.1899E+01
     -5.555  0.2009E+00  0.1926E+01
     -5.424  0.1989E+00  0.1952E+01
     -5.294  0.1606E+00  0.1975E+01
     -5.163  0.7311E-01  0.1989E+01
     -5.032  0.4827E-01  0.1997E+01
     -4.902  0.8719E-01  0.2003E+01
     -4.771  0.1608E+00  0.2020E+01
     -4.640  0.2268E+00  0.2044E+01
     -4.509  0.2918E+00  0.2077E+01
     -4.379  0.3529E+00  0.2119E+01
     -4.248  0.4226E+00  0.2170E+01
     -4.117  0.5118E+00  0.2231E+01
     -3.986  0.6333E+00  0.2304E+01
     -3.856  0.9760E+00  0.2404E+01
     -3.725  0.7496E+00  0.2518E+01
     -3.594  0.5812E+00  0.2600E+01
     -3.464  0.5106E+00  0.2672E+01
     -3.333  0.4690E+00  0.2736E+01
     -3.202  0.4334E+00  0.2795E+01
     -3.071  0.4050E+00  0.2849E+01
     -2.941  0.3824E+00  0.2901E+01
     -2.810  0.3587E+00  0.2949E+01
     -2.679  0.3430E+00  0.2995E+01
     -2.548  0.3257E+00  0.3039E+01
     -2.418  0.3096E+00  0.3080E+01
     -2.287  0.2973E+00  0.3120E+01
     -2.156  0.2824E+00  0.3158E+01
     -2.026  0.2711E+00  0.3194E+01
     -1.895  0.2612E+00  0.3228E+01
     -1.764  0.2483E+00  0.3262E+01
     -1.633  0.2392E+00  0.3294E+01
     -1.503  0.2310E+00  0.3324E+01
     -1.372  0.2209E+00  0.3354E+01
     -1.241  0.2118E+00  0.3382E+01
     -1.110  0.2051E+00  0.3409E+01
     -0.980  0.2823E+00  0.3438E+01
     -0.849  0.3773E+00  0.3481E+01
     -0.718  0.4464E+00  0.3533E+01
     -0.587  0.5012E+00  0.3594E+01
     -0.457  0.6456E+00  0.3667E+01
     -0.326  0.6327E+00  0.3751E+01
     -0.195  0.6046E+00  0.3832E+01
     -0.065  0.5874E+00  0.3910E+01
      0.066  0.5712E+00  0.3986E+01
      0.197  0.5699E+00  0.4060E+01
      0.328  0.5778E+00  0.4136E+01
      0.458  0.5824E+00  0.4211E+01
      0.589  0.5963E+00  0.4289E+01
      0.720  0.6097E+00  0.4367E+01
      0.851  0.6320E+00  0.4448E+01
      0.981  0.6475E+00  0.4531E+01
      1.112  0.6728E+00  0.4616E+01
      1.243  0.6974E+00  0.4706E+01
      1.373  0.7341E+00  0.4799E+01
      1.504  0.7936E+00  0.4899E+01
      1.635  0.9192E+00  0.5011E+01
      1.766  0.8842E+00  0.5127E+01
      1.896  0.8750E+00  0.5241E+01
      2.027  0.8605E+00  0.5354E+01
      2.158  0.8517E+00  0.5466E+01
      2.289  0.8433E+00  0.5577E+01
      2.419  0.8335E+00  0.5686E+01
      2.550  0.8264E+00  0.5795E+01
      2.681  0.8152E+00  0.5902E+01
      2.811  0.8070E+00  0.6008E+01
      2.942  0.7991E+00  0.6113E+01
      3.073  0.7921E+00  0.6217E+01
      3.204  0.7811E+00  0.6320E+01
      3.334  0.7739E+00  0.6422E+01
      3.465  0.7686E+00  0.6523E+01
      3.596  0.7592E+00  0.6622E+01
      3.727  0.7510E+00  0.6721E+01
      3.857  0.7419E+00  0.6819E+01
      3.988  0.7356E+00  0.6915E+01
      4.119  0.7289E+00  0.7011E+01
      4.250  0.7189E+00  0.7106E+01
      4.380  0.7132E+00  0.7199E+01
      4.511  0.7010E+00  0.7292E+01
      4.642  0.6523E+00  0.7382E+01
      4.772  0.5359E+00  0.7456E+01
      4.903  0.4663E+00  0.7520E+01
      5.034  0.4201E+00  0.7578E+01
      5.165  0.3813E+00  0.7630E+01
      5.295  0.3479E+00  0.7678E+01
      5.426  0.3159E+00  0.7721E+01
      5.557  0.2876E+00  0.7761E+01
      5.688  0.2631E+00  0.7797E+01
      5.818  0.2387E+00  0.7829E+01
      5.949  0.2145E+00  0.7859E+01
      6.080  0.1938E+00  0.7886E+01
      6.210  0.1729E+00  0.7910E+01
      6.341  0.1523E+00  0.7931E+01
      6.472  0.1328E+00  0.7950E+01
      6.603  0.1128E+00  0.7966E+01
      6.733  0.9393E-01  0.7979E+01
      6.864  0.6928E-01  0.7990E+01
      6.995  0.5038E-01  0.7997E+01
      7.126  0.7870E-02  0.8000E+01
      7.256  0.0000E+00  0.8000E+01
      7.387  0.0000E+00  0.8000E+01
      7.518  0.0000E+00  0.8000E+01
      7.648  0.0000E+00  0.8000E+01
      7.779  0.0000E+00  0.8000E+01
      7.910  0.0000E+00  0.8000E+01
      8.041  0.0000E+00  0.8000E+01
      8.171  0.0000E+00  0.8000E+01
      8.302  0.0000E+00  0.8000E+01
      8.433  0.0000E+00  0.8000E+01
      8.564  0.0000E+00  0.8000E+01
      8.694  0.0000E+00  0.8000E+01
      8.825  0.0000E+00  0.8000E+01
      8.956  0.0000E+00  0.8000E+01
      9.087  0.0000E+00  0.8000E+01
      9.217  0.0000E+00  0.8000E+01
      9.348  0.0000E+00  0.8000E+01
      9.479  0.0000E+00  0.8000E+01
      9.609  0.0000E+00  0.8000E+01
      9.740  0.0000E+00  0.8000E+01
      9.871  0.0000E+00  0.8000E+01
     10.002  0.0000E+00  0.8000E+01
     10.132  0.0000E+00  0.8000E+01
     10.263  0.0000E+00  0.8000E+01
     10.394  0.0000E+00  0.8000E+01
     10.525  0.0000E+00  0.8000E+01
     10.655  0.0000E+00  0.8000E+01
     10.786  0.0000E+00  0.8000E+01
     10.917  0.0000E+00  0.8000E+01
     11.047  0.3046E-01  0.8001E+01
     11.178  0.8478E-01  0.8008E+01
     11.309  0.1157E+00  0.8022E+01
     11.440  0.1492E+00  0.8039E+01
     11.570  0.1839E+00  0.8061E+01
     11.701  0.2271E+00  0.8088E+01
     11.832  0.2712E+00  0.8121E+01
     11.963  0.3094E+00  0.8159E+01
     12.093  0.3479E+00  0.8202E+01
     12.224  0.3855E+00  0.8250E+01
     12.355  0.4295E+00  0.8303E+01
     12.486  0.4931E+00  0.8363E+01
     12.616  0.5083E+00  0.8428E+01
     12.747  0.5316E+00  0.8496E+01
     12.878  0.5593E+00  0.8568E+01
     13.008  0.5859E+00  0.8642E+01
     13.139  0.6166E+00  0.8721E+01
     13.270  0.6471E+00  0.8804E+01
     13.401  0.6828E+00  0.8891E+01
     13.531  0.7262E+00  0.8983E+01
     13.662  0.7812E+00  0.9081E+01
     13.793  0.1113E+01  0.9200E+01
     13.924  0.1146E+01  0.9340E+01
     14.054  0.1185E+01  0.9488E+01
     14.185  0.1162E+01  0.9640E+01
     14.316  0.1125E+01  0.9788E+01
     14.446  0.1128E+01  0.9934E+01
     14.577  0.1130E+01  0.1008E+02
     14.708  0.1005E+01  0.1022E+02
     14.839  0.9283E+00  0.1034E+02
     14.969  0.1019E+01  0.1047E+02
     15.100  0.1477E+01  0.1062E+02
     15.231  0.1176E+01  0.1079E+02
     15.362  0.1061E+01  0.1093E+02
     15.492  0.1014E+01  0.1107E+02
     15.623  0.9541E+00  0.1119E+02
     15.754  0.9377E+00  0.1132E+02
     15.884  0.9226E+00  0.1144E+02
     16.015  0.9016E+00  0.1156E+02
     16.146  0.9520E+00  0.1168E+02
     16.277  0.1008E+01  0.1181E+02
     16.407  0.9184E+00  0.1194E+02
     16.538  0.7976E+00  0.1205E+02
     16.669  0.7328E+00  0.1215E+02
     16.800  0.6797E+00  0.1224E+02
     16.930  0.6657E+00  0.1233E+02
     17.061  0.6635E+00  0.1241E+02
     17.192  0.7528E+00  0.1251E+02
     17.323  0.9094E+00  0.1261E+02
     17.453  0.9695E+00  0.1274E+02
     17.584  0.9276E+00  0.1286E+02
     17.715  0.9145E+00  0.1298E+02
     17.845  0.9085E+00  0.1310E+02
     17.976  0.8866E+00  0.1321E+02
     18.107  0.8791E+00  0.1333E+02
     18.238  0.8891E+00  0.1345E+02
     18.368  0.8522E+00  0.1356E+02
     18.499  0.8831E+00  0.1367E+02
     18.630  0.8648E+00  0.1379E+02
     18.761  0.8647E+00  0.1390E+02
     18.891  0.8611E+00  0.1401E+02
     19.022  0.8282E+00  0.1412E+02
     19.153  0.8078E+00  0.1423E+02
     19.283  0.6979E+00  0.1433E+02
     19.414  0.6994E+00  0.1442E+02
     19.545  0.7250E+00  0.1451E+02
     19.676  0.8055E+00  0.1461E+02
     19.806  0.9186E+00  0.1472E+02
     19.937  0.1147E+01  0.1486E+02
     20.068  0.1030E+01  0.1500E+02
     20.199  0.8538E+00  0.1512E+02
     20.329  0.7767E+00  0.1523E+02
     20.460  0.7191E+00  0.1533E+02
     20.591  0.6728E+00  0.1542E+02
     20.721  0.6206E+00  0.1550E+02
     20.852  0.5732E+00  0.1558E+02
     20.983  0.5321E+00  0.1565E+02
     21.114  0.4917E+00  0.1572E+02
     21.244  0.4457E+00  0.1578E+02
     21.375  0.4033E+00  0.1584E+02
     21.506  0.3586E+00  0.1589E+02
     21.637  0.3123E+00  0.1593E+02
     21.767  0.2340E+00  0.1597E+02
     21.898  0.1161E+00  0.1599E+02
     22.029  0.6465E-01  0.1600E+02
     22.160  0.9181E-02  0.1600E+02
     22.290  0.0000E+00  0.1600E+02
     22.421  0.0000E+00  0.1600E+02
     22.552  0.0000E+00  0.1600E+02
     22.682  0.0000E+00  0.1600E+02
     22.813  0.0000E+00  0.1600E+02
     22.944  0.0000E+00  0.1600E+02
     23.075  0.0000E+00  0.1600E+02
     23.205  0.0000E+00  0.1600E+02
     23.336  0.0000E+00  0.1600E+02
     23.467  0.0000E+00  0.1600E+02
     23.598  0.0000E+00  0.1600E+02
     23.728  0.0000E+00  0.1600E+02
     23.859  0.0000E+00  0.1600E+02
     23.990  0.0000E+00  0.1600E+02
     24.120  0.0000E+00  0.1600E+02
     24.12045672    -15.09848920  301     10.99872675      1.00000000
    -15.098  0.0000E+00  0.0000E+00  0.0000E+00  0.0000E+00  0.0000E+00  0.0000E+00  0.0000E+00  0.0000E+00  0.0000E+00
    -14.968  0.0000E+00  0.0000E+00  0.0000E+00  0.0000E+00  0.0000E+00  0.0000E+00  0.0000E+00  0.0000E+00  0.0000E+00
    -14.837  0.0000E+00  0.0000E+00  0.0000E+00  0.0000E+00  0.0000E+00  0.0000E+00  0.0000E+00  0.0000E+00  0.0000E+00
    -14.706  0.0000E+00  0.0000E+00  0.0000E+00  0.0000E+00  0.0000E+00  0.0000E+00  0.0000E+00  0.0000E+00  0.0000E+00
    -14.576  0.0000E+00  0.0000E+00  0.0000E+00  0.0000E+00  0.0000E+00  0.0000E+00  0.0000E+00  0.0000E+00  0.0000E+00
    -14.445  0.0000E+00  0.0000E+00  0.0000E+00  0.0000E+00  0.0000E+00  0.0000E+00  0.0000E+00  0.0000E+00  0.0000E+00
    -14.314  0.0000E+00  0.0000E+00  0.0000E+00  0.0000E+00  0.0000E+00  0.0000E+00  0.0000E+00  0.0000E+00  0.0000E+00
    -14.183  0.0000E+00  0.0000E+00  0.0000E+00  0.0000E+00  0.0000E+00  0.0000E+00  0.0000E+00  0.0000E+00  0.0000E+00
    -14.053  0.0000E+00  0.0000E+00  0.0000E+00  0.0000E+00  0.0000E+00  0.0000E+00  0.0000E+00  0.0000E+00  0.0000E+00
    -13.922  0.0000E+00  0.0000E+00  0.0000E+00  0.0000E+00  0.0000E+00  0.0000E+00  0.0000E+00  0.0000E+00  0.0000E+00
    -13.791  0.0000E+00  0.0000E+00  0.0000E+00  0.0000E+00  0.0000E+00  0.0000E+00  0.0000E+00  0.0000E+00  0.0000E+00
    -13.660  0.0000E+00  0.0000E+00  0.0000E+00  0.0000E+00  0.0000E+00  0.0000E+00  0.0000E+00  0.0000E+00  0.0000E+00
    -13.530  0.0000E+00  0.0000E+00  0.0000E+00  0.0000E+00  0.0000E+00  0.0000E+00  0.0000E+00  0.0000E+00  0.0000E+00
    -13.399  0.0000E+00  0.0000E+00  0.0000E+00  0.0000E+00  0.0000E+00  0.0000E+00  0.0000E+00  0.0000E+00  0.0000E+00
    -13.268  0.0000E+00  0.0000E+00  0.0000E+00  0.0000E+00  0.0000E+00  0.0000E+00  0.0000E+00  0.0000E+00  0.0000E+00
    -13.138  0.0000E+00  0.0000E+00  0.0000E+00  0.0000E+00  0.0000E+00  0.0000E+00  0.0000E+00  0.0000E+00  0.0000E+00
    -13.007  0.1185E-01  0.1459E-04  0.1459E-04  0.1459E-04  0.0000E+00  0.0000E+00  0.0000E+00  0.0000E+00  0.0000E+00
    -12.876  0.1617E-01  0.5039E-04  0.5039E-04  0.5039E-04  0.0000E+00  0.0000E+00  0.0000E+00  0.0000E+00  0.0000E+00
    -12.745  0.2014E-01  0.1013E-03  0.1013E-03  0.1013E-03  0.0000E+00  0.0000E+00  0.0000E+00  0.0000E+00  0.0000E+00
    -12.615  0.2288E-01  0.1578E-03  0.1578E-03  0.1578E-03  0.0000E+00  0.0000E+00  0.0000E+00  0.0000E+00  0.0000E+00
    -12.484  0.2575E-01  0.2263E-03  0.2263E-03  0.2263E-03  0.0000E+00  0.0000E+00  0.0000E+00  0.0000E+00  0.0000E+00
    -12.353  0.2827E-01  0.3034E-03  0.3034E-03  0.3034E-03  0.0000E+00  0.0000E+00  0.0000E+00  0.0000E+00  0.0000E+00
    -12.222  0.3073E-01  0.3859E-03  0.3859E-03  0.3859E-03  0.0000E+00  0.0000E+00  0.0000E+00  0.0000E+00  0.0000E+00
    -12.092  0.3297E-01  0.4751E-03  0.4751E-03  0.4751E-03  0.0000E+00  0.0000E+00  0.0000E+00  0.0000E+00  0.0000E+00
    -11.961  0.3502E-01  0.5716E-03  0.5716E-03  0.5716E-03  0.0000E+00  0.0000E+00  0.0000E+00  0.0000E+00  0.0000E+00
    -11.830  0.3708E-01  0.6713E-03  0.6713E-03  0.6713E-03  0.0000E+00  0.0000E+00  0.0000E+00  0.0000E+00  0.0000E+00
    -11.700  0.3889E-01  0.7796E-03  0.7796E-03  0.7796E-03  0.0000E+00  0.0000E+00  0.0000E+00  0.0000E+00  0.0000E+00
    -11.569  0.4079E-01  0.8897E-03  0.8897E-03  0.8897E-03  0.0000E+00  0.0000E+00  0.0000E+00  0.0000E+00  0.0000E+00
    -11.438  0.4247E-01  0.1008E-02  0.1008E-02  0.1008E-02  0.0000E+00  0.0000E+00  0.0000E+00  0.0000E+00  0.0000E+00
    -11.307  0.4421E-01  0.1129E-02  0.1129E-02  0.1129E-02  0.0000E+00  0.0000E+00  0.0000E+00  0.0000E+00  0.0000E+00
    -11.177  0.4585E-01  0.1256E-02  0.1256E-02  0.1256E-02  0.0000E+00  0.0000E+00  0.0000E+00  0.0000E+00  0.0000E+00
    -11.046  0.4747E-01  0.1387E-02  0.1387E-02  0.1387E-02  0.0000E+00  0.0000E+00  0.0000E+00  0.0000E+00  0.0000E+00
    -10.915  0.4912E-01  0.1520E-02  0.1520E-02  0.1520E-02  0.0000E+00  0.0000E+00  0.0000E+00  0.0000E+00  0.0000E+00
    -10.784  0.5063E-01  0.1662E-02  0.1662E-02  0.1662E-02  0.0000E+00  0.0000E+00  0.0000E+00  0.0000E+00  0.0000E+00
    -10.654  0.5224E-01  0.1804E-02  0.1804E-02  0.1804E-02  0.0000E+00  0.0000E+00  0.0000E+00  0.0000E+00  0.0000E+00
    -10.523  0.5377E-01  0.1953E-02  0.1953E-02  0.1953E-02  0.0000E+00  0.0000E+00  0.0000E+00  0.0000E+00  0.0000E+00
    -10.392  0.5531E-01  0.2107E-02  0.2107E-02  0.2107E-02  0.0000E+00  0.0000E+00  0.0000E+00  0.0000E+00  0.0000E+00
    -10.261  0.5693E-01  0.2260E-02  0.2260E-02  0.2260E-02  0.0000E+00  0.0000E+00  0.0000E+00  0.0000E+00  0.0000E+00
    -10.131  0.5845E-01  0.2424E-02  0.2424E-02  0.2424E-02  0.0000E+00  0.0000E+00  0.0000E+00  0.0000E+00  0.0000E+00
    -10.000  0.6005E-01  0.2589E-02  0.2589E-02  0.2589E-02  0.0000E+00  0.0000E+00  0.0000E+00  0.0000E+00  0.0000E+00
     -9.869  0.6173E-01  0.2755E-02  0.2755E-02  0.2755E-02  0.0000E+00  0.0000E+00  0.0000E+00  0.0000E+00  0.0000E+00
     -9.739  0.6336E-01  0.2934E-02  0.2934E-02  0.2934E-02  0.0000E+00  0.0000E+00  0.0000E+00  0.0000E+00  0.0000E+00
     -9.608  0.6509E-01  0.3112E-02  0.3112E-02  0.3112E-02  0.0000E+00  0.0000E+00  0.0000E+00  0.0000E+00  0.0000E+00
     -9.477  0.6693E-01  0.3293E-02  0.3293E-02  0.3293E-02  0.0000E+00  0.0000E+00  0.0000E+00  0.0000E+00  0.0000E+00
     -9.346  0.6880E-01  0.3487E-02  0.3487E-02  0.3487E-02  0.0000E+00  0.0000E+00  0.0000E+00  0.0000E+00  0.0000E+00
     -9.216  0.7083E-01  0.3683E-02  0.3683E-02  0.3683E-02  0.0000E+00  0.0000E+00  0.0000E+00  0.0000E+00  0.0000E+00
     -9.085  0.7302E-01  0.3881E-02  0.3881E-02  0.3881E-02  0.0000E+00  0.0000E+00  0.0000E+00  0.0000E+00  0.0000E+00
     -8.954  0.7540E-01  0.4097E-02  0.4097E-02  0.4097E-02  0.0000E+00  0.0000E+00  0.0000E+00  0.0000E+00  0.0000E+00
     -8.823  0.7807E-01  0.4321E-02  0.4321E-02  0.4321E-02  0.0000E+00  0.0000E+00  0.0000E+00  0.0000E+00  0.0000E+00
     -8.693  0.8115E-01  0.4552E-02  0.4552E-02  0.4552E-02  0.0000E+00  0.0000E+00  0.0000E+00  0.0000E+00  0.0000E+00
     -8.562  0.8484E-01  0.4813E-02  0.4813E-02  0.4813E-02  0.0000E+00  0.0000E+00  0.0000E+00  0.0000E+00  0.0000E+00
     -8.431  0.8958E-01  0.5107E-02  0.5107E-02  0.5107E-02  0.0000E+00  0.0000E+00  0.0000E+00  0.0000E+00  0.0000E+00
     -8.301  0.9663E-01  0.5470E-02  0.5470E-02  0.5470E-02  0.0000E+00  0.0000E+00  0.0000E+00  0.0000E+00  0.0000E+00
     -8.170  0.1125E+00  0.6120E-02  0.6120E-02  0.6120E-02  0.0000E+00  0.0000E+00  0.0000E+00  0.0000E+00  0.0000E+00
     -8.039  0.1122E+00  0.6278E-02  0.6278E-02  0.6278E-02  0.0000E+00  0.0000E+00  0.0000E+00  0.0000E+00  0.0000E+00
     -7.908  0.1064E+00  0.6240E-02  0.6240E-02  0.6240E-02  0.0000E+00  0.0000E+00  0.0000E+00  0.0000E+00  0.0000E+00
     -7.778  0.1027E+00  0.6243E-02  0.6243E-02  0.6243E-02  0.0000E+00  0.0000E+00  0.0000E+00  0.0000E+00  0.0000E+00
     -7.647  0.1003E+00  0.6313E-02  0.6313E-02  0.6313E-02  0.0000E+00  0.0000E+00  0.0000E+00  0.0000E+00  0.0000E+00
     -7.516  0.9646E-01  0.6292E-02  0.6292E-02  0.6292E-02  0.0000E+00  0.0000E+00  0.0000E+00  0.0000E+00  0.0000E+00
     -7.385  0.9316E-01  0.6283E-02  0.6283E-02  0.6283E-02  0.0000E+00  0.0000E+00  0.0000E+00  0.0000E+00  0.0000E+00
     -7.255  0.9036E-01  0.6296E-02  0.6296E-02  0.6296E-02  0.0000E+00  0.0000E+00  0.0000E+00  0.0000E+00  0.0000E+00
     -7.124  0.8700E-01  0.6259E-02  0.6259E-02  0.6259E-02  0.0000E+00  0.0000E+00  0.0000E+00  0.0000E+00  0.0000E+00
     -6.993  0.8365E-01  0.6213E-02  0.6213E-02  0.6213E-02  0.0000E+00  0.0000E+00  0.0000E+00  0.0000E+00  0.0000E+00
     -6.863  0.8090E-01  0.6189E-02  0.6189E-02  0.6189E-02  0.0000E+00  0.0000E+00  0.0000E+00  0.0000E+00  0.0000E+00
     -6.732  0.7733E-01  0.6104E-02  0.6104E-02  0.6104E-02  0.0000E+00  0.0000E+00  0.0000E+00  0.0000E+00  0.0000E+00
     -6.601  0.7437E-01  0.6039E-02  0.6039E-02  0.6039E-02  0.0000E+00  0.0000E+00  0.0000E+00  0.0000E+00  0.0000E+00
     -6.470  0.7091E-01  0.5940E-02  0.5940E-02  0.5940E-02  0.0000E+00  0.0000E+00  0.0000E+00  0.0000E+00  0.0000E+00
     -6.340  0.6779E-01  0.5837E-02  0.5837E-02  0.5837E-02  0.0000E+00  0.0000E+00  0.0000E+00  0.0000E+00  0.0000E+00
     -6.209  0.6430E-01  0.5707E-02  0.5707E-02  0.5707E-02  0.0000E+00  0.0000E+00  0.0000E+00  0.0000E+00  0.0000E+00
     -6.078  0.6099E-01  0.5567E-02  0.5567E-02  0.5567E-02  0.0000E+00  0.0000E+00  0.0000E+00  0.0000E+00  0.0000E+00
     -5.947  0.5732E-01  0.5392E-02  0.5392E-02  0.5392E-02  0.0000E+00  0.0000E+00  0.0000E+00  0.0000E+00  0.0000E+00
     -5.817  0.5378E-01  0.5210E-02  0.5210E-02  0.5210E-02  0.0000E+00  0.0000E+00  0.0000E+00  0.0000E+00  0.0000E+00
     -5.686  0.5007E-01  0.4999E-02  0.4999E-02  0.4999E-02  0.0000E+00  0.0000E+00  0.0000E+00  0.0000E+00  0.0000E+00
     -5.555  0.4676E-01  0.4833E-02  0.4833E-02  0.4833E-02  0.0000E+00  0.0000E+00  0.0000E+00  0.0000E+00  0.0000E+00
     -5.424  0.4583E-01  0.4944E-02  0.4944E-02  0.4944E-02  0.0000E+00  0.0000E+00  0.0000E+00  0.0000E+00  0.0000E+00
     -5.294  0.3673E-01  0.4104E-02  0.4104E-02  0.4104E-02  0.0000E+00  0.0000E+00  0.0000E+00  0.0000E+00  0.0000E+00
     -5.163  0.1682E-01  0.1878E-02  0.1878E-02  0.1878E-02  0.0000E+00  0.0000E+00  0.0000E+00  0.0000E+00  0.0000E+00
     -5.032  0.1087E-01  0.1310E-02  0.1310E-02  0.1310E-02  0.0000E+00  0.0000E+00  0.0000E+00  0.0000E+00  0.0000E+00
     -4.902  0.1403E-01  0.3470E-02  0.3470E-02  0.3470E-02  0.0000E+00  0.0000E+00  0.0000E+00  0.0000E+00  0.0000E+00
     -4.771  0.2264E-01  0.7074E-02  0.7074E-02  0.7074E-02  0.0000E+00  0.0000E+00  0.0000E+00  0.0000E+00  0.0000E+00
     -4.640  0.3233E-01  0.9995E-02  0.9995E-02  0.9995E-02  0.0000E+00  0.0000E+00  0.0000E+00  0.0000E+00  0.0000E+00
     -4.509  0.4311E-01  0.1267E-01  0.1267E-01  0.1267E-01  0.0000E+00  0.0000E+00  0.0000E+00  0.0000E+00  0.0000E+00
     -4.379  0.5335E-01  0.1523E-01  0.1523E-01  0.1523E-01  0.0000E+00  0.0000E+00  0.0000E+00  0.0000E+00  0.0000E+00
     -4.248  0.6471E-01  0.1824E-01  0.1824E-01  0.1824E-01  0.0000E+00  0.0000E+00  0.0000E+00  0.0000E+00  0.0000E+00
     -4.117  0.7927E-01  0.2212E-01  0.2212E-01  0.2212E-01  0.0000E+00  0.0000E+00  0.0000E+00  0.0000E+00  0.0000E+00
     -3.986  0.9929E-01  0.2740E-01  0.2740E-01  0.2740E-01  0.0000E+00  0.0000E+00  0.0000E+00  0.0000E+00  0.0000E+00
     -3.856  0.1561E+00  0.4206E-01  0.4206E-01  0.4206E-01  0.0000E+00  0.0000E+00  0.0000E+00  0.0000E+00  0.0000E+00
     -3.725  0.1203E+00  0.3250E-01  0.3250E-01  0.3250E-01  0.0000E+00  0.0000E+00  0.0000E+00  0.0000E+00  0.0000E+00
     -3.594  0.9282E-01  0.2549E-01  0.2549E-01  0.2549E-01  0.0000E+00  0.0000E+00  0.0000E+00  0.0000E+00  0.0000E+00
     -3.464  0.8108E-01  0.2268E-01  0.2268E-01  0.2268E-01  0.0000E+00  0.0000E+00  0.0000E+00  0.0000E+00  0.0000E+00
     -3.333  0.7424E-01  0.2104E-01  0.2104E-01  0.2104E-01  0.0000E+00  0.0000E+00  0.0000E+00  0.0000E+00  0.0000E+00
     -3.202  0.6821E-01  0.1969E-01  0.1969E-01  0.1969E-01  0.0000E+00  0.0000E+00  0.0000E+00  0.0000E+00  0.0000E+00
     -3.071  0.6337E-01  0.1862E-01  0.1862E-01  0.1862E-01  0.0000E+00  0.0000E+00  0.0000E+00  0.0000E+00  0.0000E+00
     -2.941  0.5946E-01  0.1779E-01  0.1779E-01  0.1779E-01  0.0000E+00  0.0000E+00  0.0000E+00  0.0000E+00  0.0000E+00
     -2.810  0.5531E-01  0.1692E-01  0.1692E-01  0.1692E-01  0.0000E+00  0.0000E+00  0.0000E+00  0.0000E+00  0.0000E+00
     -2.679  0.5256E-01  0.1637E-01  0.1637E-01  0.1637E-01  0.0000E+00  0.0000E+00  0.0000E+00  0.0000E+00  0.0000E+00
     -2.548  0.4949E-01  0.1575E-01  0.1575E-01  0.1575E-01  0.0000E+00  0.0000E+00  0.0000E+00  0.0000E+00  0.0000E+00
     -2.418  0.4664E-01  0.1517E-01  0.1517E-01  0.1517E-01  0.0000E+00  0.0000E+00  0.0000E+00  0.0000E+00  0.0000E+00
     -2.287  0.4443E-01  0.1475E-01  0.1475E-01  0.1475E-01  0.0000E+00  0.0000E+00  0.0000E+00  0.0000E+00  0.0000E+00
     -2.156  0.4175E-01  0.1420E-01  0.1420E-01  0.1420E-01  0.0000E+00  0.0000E+00  0.0000E+00  0.0000E+00  0.0000E+00
     -2.026  0.3973E-01  0.1380E-01  0.1380E-01  0.1380E-01  0.0000E+00  0.0000E+00  0.0000E+00  0.0000E+00  0.0000E+00
     -1.895  0.3793E-01  0.1347E-01  0.1347E-01  0.1347E-01  0.0000E+00  0.0000E+00  0.0000E+00  0.0000E+00  0.0000E+00
     -1.764  0.3563E-01  0.1298E-01  0.1298E-01  0.1298E-01  0.0000E+00  0.0000E+00  0.0000E+00  0.0000E+00  0.0000E+00
     -1.633  0.3399E-01  0.1266E-01  0.1266E-01  0.1266E-01  0.0000E+00  0.0000E+00  0.0000E+00  0.0000E+00  0.0000E+00
     -1.503  0.3249E-01  0.1238E-01  0.1238E-01  0.1238E-01  0.0000E+00  0.0000E+00  0.0000E+00  0.0000E+00  0.0000E+00
     -1.372  0.3070E-01  0.1200E-01  0.1200E-01  0.1200E-01  0.0000E+00  0.0000E+00  0.0000E+00  0.0000E+00  0.0000E+00
     -1.241  0.2911E-01  0.1165E-01  0.1165E-01  0.1165E-01  0.0000E+00  0.0000E+00  0.0000E+00  0.0000E+00  0.0000E+00
     -1.110  0.2788E-01  0.1142E-01  0.1142E-01  0.1142E-01  0.0000E+00  0.0000E+00  0.0000E+00  0.0000E+00  0.0000E+00
     -0.980  0.2708E-01  0.1791E-01  0.1791E-01  0.1791E-01  0.0000E+00  0.0000E+00  0.0000E+00  0.0000E+00  0.0000E+00
     -0.849  0.2670E-01  0.2585E-01  0.2585E-01  0.2585E-01  0.0000E+00  0.0000E+00  0.0000E+00  0.0000E+00  0.0000E+00
     -0.718  0.2689E-01  0.3166E-01  0.3166E-01  0.3166E-01  0.0000E+00  0.0000E+00  0.0000E+00  0.0000E+00  0.0000E+00
     -0.587  0.2721E-01  0.3638E-01  0.3638E-01  0.3638E-01  0.0000E+00  0.0000E+00  0.0000E+00  0.0000E+00  0.0000E+00
     -0.457  0.2838E-01  0.4846E-01  0.4846E-01  0.4846E-01  0.0000E+00  0.0000E+00  0.0000E+00  0.0000E+00  0.0000E+00
     -0.326  0.2860E-01  0.4766E-01  0.4766E-01  0.4766E-01  0.0000E+00  0.0000E+00  0.0000E+00  0.0000E+00  0.0000E+00
     -0.195  0.2857E-01  0.4564E-01  0.4564E-01  0.4564E-01  0.0000E+00  0.0000E+00  0.0000E+00  0.0000E+00  0.0000E+00
     -0.065  0.2838E-01  0.4452E-01  0.4452E-01  0.4452E-01  0.0000E+00  0.0000E+00  0.0000E+00  0.0000E+00  0.0000E+00
      0.066  0.2781E-01  0.4357E-01  0.4357E-01  0.4357E-01  0.0000E+00  0.0000E+00  0.0000E+00  0.0000E+00  0.0000E+00
      0.197  0.2767E-01  0.4380E-01  0.4380E-01  0.4380E-01  0.0000E+00  0.0000E+00  0.0000E+00  0.0000E+00  0.0000E+00
      0.328  0.2739E-01  0.4485E-01  0.4485E-01  0.4485E-01  0.0000E+00  0.0000E+00  0.0000E+00  0.0000E+00  0.0000E+00
      0.458  0.2674E-01  0.4572E-01  0.4572E-01  0.4572E-01  0.0000E+00  0.0000E+00  0.0000E+00  0.0000E+00  0.0000E+00
      0.589  0.2623E-01  0.4740E-01  0.4740E-01  0.4740E-01  0.0000E+00  0.0000E+00  0.0000E+00  0.0000E+00  0.0000E+00
      0.720  0.2585E-01  0.4901E-01  0.4901E-01  0.4901E-01  0.0000E+00  0.0000E+00  0.0000E+00  0.0000E+00  0.0000E+00
      0.851  0.2538E-01  0.5153E-01  0.5153E-01  0.5153E-01  0.0000E+00  0.0000E+00  0.0000E+00  0.0000E+00  0.0000E+00
      0.981  0.2468E-01  0.5346E-01  0.5346E-01  0.5346E-01  0.0000E+00  0.0000E+00  0.0000E+00  0.0000E+00  0.0000E+00
      1.112  0.2401E-01  0.5637E-01  0.5637E-01  0.5637E-01  0.0000E+00  0.0000E+00  0.0000E+00  0.0000E+00  0.0000E+00
      1.243  0.2352E-01  0.5919E-01  0.5919E-01  0.5919E-01  0.0000E+00  0.0000E+00  0.0000E+00  0.0000E+00  0.0000E+00
      1.373  0.2287E-01  0.6328E-01  0.6328E-01  0.6328E-01  0.0000E+00  0.0000E+00  0.0000E+00  0.0000E+00  0.0000E+00
      1.504  0.2211E-01  0.6968E-01  0.6968E-01  0.6968E-01  0.0000E+00  0.0000E+00  0.0000E+00  0.0000E+00  0.0000E+00
      1.635  0.2131E-01  0.8275E-01  0.8275E-01  0.8275E-01  0.0000E+00  0.0000E+00  0.0000E+00  0.0000E+00  0.0000E+00
      1.766  0.2066E-01  0.7987E-01  0.7987E-01  0.7987E-01  0.0000E+00  0.0000E+00  0.0000E+00  0.0000E+00  0.0000E+00
      1.896  0.1994E-01  0.7957E-01  0.7957E-01  0.7957E-01  0.0000E+00  0.0000E+00  0.0000E+00  0.0000E+00  0.0000E+00
      2.027  0.1912E-01  0.7874E-01  0.7874E-01  0.7874E-01  0.0000E+00  0.0000E+00  0.0000E+00  0.0000E+00  0.0000E+00
      2.158  0.1832E-01  0.7848E-01  0.7848E-01  0.7848E-01  0.0000E+00  0.0000E+00  0.0000E+00  0.0000E+00  0.0000E+00
      2.289  0.1767E-01  0.7823E-01  0.7823E-01  0.7823E-01  0.0000E+00  0.0000E+00  0.0000E+00  0.0000E+00  0.0000E+00
      2.419  0.1696E-01  0.7786E-01  0.7786E-01  0.7786E-01  0.0000E+00  0.0000E+00  0.0000E+00  0.0000E+00  0.0000E+00
      2.550  0.1623E-01  0.7773E-01  0.7773E-01  0.7773E-01  0.0000E+00  0.0000E+00  0.0000E+00  0.0000E+00  0.0000E+00
      2.681  0.1541E-01  0.7721E-01  0.7721E-01  0.7721E-01  0.0000E+00  0.0000E+00  0.0000E+00  0.0000E+00  0.0000E+00
      2.811  0.1475E-01  0.7700E-01  0.7700E-01  0.7700E-01  0.0000E+00  0.0000E+00  0.0000E+00  0.0000E+00  0.0000E+00
      2.942  0.1414E-01  0.7675E-01  0.7675E-01  0.7675E-01  0.0000E+00  0.0000E+00  0.0000E+00  0.0000E+00  0.0000E+00
      3.073  0.1345E-01  0.7664E-01  0.7664E-01  0.7664E-01  0.0000E+00  0.0000E+00  0.0000E+00  0.0000E+00  0.0000E+00
      3.204  0.1262E-01  0.7614E-01  0.7614E-01  0.7614E-01  0.0000E+00  0.0000E+00  0.0000E+00  0.0000E+00  0.0000E+00
      3.334  0.1194E-01  0.7600E-01  0.7600E-01  0.7600E-01  0.0000E+00  0.0000E+00  0.0000E+00  0.0000E+00  0.0000E+00
      3.465  0.1130E-01  0.7603E-01  0.7603E-01  0.7603E-01  0.0000E+00  0.0000E+00  0.0000E+00  0.0000E+00  0.0000E+00
      3.596  0.1062E-01  0.7565E-01  0.7565E-01  0.7565E-01  0.0000E+00  0.0000E+00  0.0000E+00  0.0000E+00  0.0000E+00
      3.727  0.9817E-02  0.7545E-01  0.7545E-01  0.7545E-01  0.0000E+00  0.0000E+00  0.0000E+00  0.0000E+00  0.0000E+00
      3.857  0.9154E-02  0.7509E-01  0.7509E-01  0.7509E-01  0.0000E+00  0.0000E+00  0.0000E+00  0.0000E+00  0.0000E+00
      3.988  0.8588E-02  0.7499E-01  0.7499E-01  0.7499E-01  0.0000E+00  0.0000E+00  0.0000E+00  0.0000E+00  0.0000E+00
      4.119  0.7976E-02  0.7488E-01  0.7488E-01  0.7488E-01  0.0000E+00  0.0000E+00  0.0000E+00  0.0000E+00  0.0000E+00
      4.250  0.7323E-02  0.7441E-01  0.7441E-01  0.7441E-01  0.0000E+00  0.0000E+00  0.0000E+00  0.0000E+00  0.0000E+00
      4.380  0.6646E-02  0.7441E-01  0.7441E-01  0.7441E-01  0.0000E+00  0.0000E+00  0.0000E+00  0.0000E+00  0.0000E+00
      4.511  0.6105E-02  0.7366E-01  0.7366E-01  0.7366E-01  0.0000E+00  0.0000E+00  0.0000E+00  0.0000E+00  0.0000E+00
      4.642  0.5573E-02  0.6887E-01  0.6887E-01  0.6887E-01  0.0000E+00  0.0000E+00  0.0000E+00  0.0000E+00  0.0000E+00
      4.772  0.4977E-02  0.5657E-01  0.5657E-01  0.5657E-01  0.0000E+00  0.0000E+00  0.0000E+00  0.0000E+00  0.0000E+00
      4.903  0.4398E-02  0.4935E-01  0.4935E-01  0.4935E-01  0.0000E+00  0.0000E+00  0.0000E+00  0.0000E+00  0.0000E+00
      5.034  0.3978E-02  0.4461E-01  0.4461E-01  0.4461E-01  0.0000E+00  0.0000E+00  0.0000E+00  0.0000E+00  0.0000E+00
      5.165  0.3587E-02  0.4063E-01  0.4063E-01  0.4063E-01  0.0000E+00  0.0000E+00  0.0000E+00  0.0000E+00  0.0000E+00
      5.295  0.3201E-02  0.3722E-01  0.3722E-01  0.3722E-01  0.0000E+00  0.0000E+00  0.0000E+00  0.0000E+00  0.0000E+00
      5.426  0.2771E-02  0.3397E-01  0.3397E-01  0.3397E-01  0.0000E+00  0.0000E+00  0.0000E+00  0.0000E+00  0.0000E+00
      5.557  0.2424E-02  0.3106E-01  0.3106E-01  0.3106E-01  0.0000E+00  0.0000E+00  0.0000E+00  0.0000E+00  0.0000E+00
      5.688  0.2141E-02  0.2855E-01  0.2855E-01  0.2855E-01  0.0000E+00  0.0000E+00  0.0000E+00  0.0000E+00  0.0000E+00
      5.818  0.1850E-02  0.2602E-01  0.2602E-01  0.2602E-01  0.0000E+00  0.0000E+00  0.0000E+00  0.0000E+00  0.0000E+00
      5.949  0.1532E-02  0.2352E-01  0.2352E-01  0.2352E-01  0.0000E+00  0.0000E+00  0.0000E+00  0.0000E+00  0.0000E+00
      6.080  0.1305E-02  0.2134E-01  0.2134E-01  0.2134E-01  0.0000E+00  0.0000E+00  0.0000E+00  0.0000E+00  0.0000E+00
      6.210  0.1064E-02  0.1915E-01  0.1915E-01  0.1915E-01  0.0000E+00  0.0000E+00  0.0000E+00  0.0000E+00  0.0000E+00
      6.341  0.8360E-03  0.1695E-01  0.1695E-01  0.1695E-01  0.0000E+00  0.0000E+00  0.0000E+00  0.0000E+00  0.0000E+00
      6.472  0.6295E-03  0.1487E-01  0.1487E-01  0.1487E-01  0.0000E+00  0.0000E+00  0.0000E+00  0.0000E+00  0.0000E+00
      6.603  0.4478E-03  0.1270E-01  0.1270E-01  0.1270E-01  0.0000E+00  0.0000E+00  0.0000E+00  0.0000E+00  0.0000E+00
      6.733  0.2885E-03  0.1064E-01  0.1064E-01  0.1064E-01  0.0000E+00  0.0000E+00  0.0000E+00  0.0000E+00  0.0000E+00
      6.864  0.1641E-03  0.7888E-02  0.7888E-02  0.7888E-02  0.0000E+00  0.0000E+00  0.0000E+00  0.0000E+00  0.0000E+00
      6.995  0.6224E-04  0.5775E-02  0.5775E-02  0.5775E-02  0.0000E+00  0.0000E+00  0.0000E+00  0.0000E+00  0.0000E+00
      7.126  0.1024E-04  0.9036E-03  0.9036E-03  0.9036E-03  0.0000E+00  0.0000E+00  0.0000E+00  0.0000E+00  0.0000E+00
      7.256  0.0000E+00  0.0000E+00  0.0000E+00  0.0000E+00  0.0000E+00  0.0000E+00  0.0000E+00  0.0000E+00  0.0000E+00
      7.387  0.0000E+00  0.0000E+00  0.0000E+00  0.0000E+00  0.0000E+00  0.0000E+00  0.0000E+00  0.0000E+00  0.0000E+00
      7.518  0.0000E+00  0.0000E+00  0.0000E+00  0.0000E+00  0.0000E+00  0.0000E+00  0.0000E+00  0.0000E+00  0.0000E+00
      7.648  0.0000E+00  0.0000E+00  0.0000E+00  0.0000E+00  0.0000E+00  0.0000E+00  0.0000E+00  0.0000E+00  0.0000E+00
      7.779  0.0000E+00  0.0000E+00  0.0000E+00  0.0000E+00  0.0000E+00  0.0000E+00  0.0000E+00  0.0000E+00  0.0000E+00
      7.910  0.0000E+00  0.0000E+00  0.0000E+00  0.0000E+00  0.0000E+00  0.0000E+00  0.0000E+00  0.0000E+00  0.0000E+00
      8.041  0.0000E+00  0.0000E+00  0.0000E+00  0.0000E+00  0.0000E+00  0.0000E+00  0.0000E+00  0.0000E+00  0.0000E+00
      8.171  0.0000E+00  0.0000E+00  0.0000E+00  0.0000E+00  0.0000E+00  0.0000E+00  0.0000E+00  0.0000E+00  0.0000E+00
      8.302  0.0000E+00  0.0000E+00  0.0000E+00  0.0000E+00  0.0000E+00  0.0000E+00  0.0000E+00  0.0000E+00  0.0000E+00
      8.433  0.0000E+00  0.0000E+00  0.0000E+00  0.0000E+00  0.0000E+00  0.0000E+00  0.0000E+00  0.0000E+00  0.0000E+00
      8.564  0.0000E+00  0.0000E+00  0.0000E+00  0.0000E+00  0.0000E+00  0.0000E+00  0.0000E+00  0.0000E+00  0.0000E+00
      8.694  0.0000E+00  0.0000E+00  0.0000E+00  0.0000E+00  0.0000E+00  0.0000E+00  0.0000E+00  0.0000E+00  0.0000E+00
      8.825  0.0000E+00  0.0000E+00  0.0000E+00  0.0000E+00  0.0000E+00  0.0000E+00  0.0000E+00  0.0000E+00  0.0000E+00
      8.956  0.0000E+00  0.0000E+00  0.0000E+00  0.0000E+00  0.0000E+00  0.0000E+00  0.0000E+00  0.0000E+00  0.0000E+00
      9.087  0.0000E+00  0.0000E+00  0.0000E+00  0.0000E+00  0.0000E+00  0.0000E+00  0.0000E+00  0.0000E+00  0.0000E+00
      9.217  0.0000E+00  0.0000E+00  0.0000E+00  0.0000E+00  0.0000E+00  0.0000E+00  0.0000E+00  0.0000E+00  0.0000E+00
      9.348  0.0000E+00  0.0000E+00  0.0000E+00  0.0000E+00  0.0000E+00  0.0000E+00  0.0000E+00  0.0000E+00  0.0000E+00
      9.479  0.0000E+00  0.0000E+00  0.0000E+00  0.0000E+00  0.0000E+00  0.0000E+00  0.0000E+00  0.0000E+00  0.0000E+00
      9.609  0.0000E+00  0.0000E+00  0.0000E+00  0.0000E+00  0.0000E+00  0.0000E+00  0.0000E+00  0.0000E+00  0.0000E+00
      9.740  0.0000E+00  0.0000E+00  0.0000E+00  0.0000E+00  0.0000E+00  0.0000E+00  0.0000E+00  0.0000E+00  0.0000E+00
      9.871  0.0000E+00  0.0000E+00  0.0000E+00  0.0000E+00  0.0000E+00  0.0000E+00  0.0000E+00  0.0000E+00  0.0000E+00
     10.002  0.0000E+00  0.0000E+00  0.0000E+00  0.0000E+00  0.0000E+00  0.0000E+00  0.0000E+00  0.0000E+00  0.0000E+00
     10.132  0.0000E+00  0.0000E+00  0.0000E+00  0.0000E+00  0.0000E+00  0.0000E+00  0.0000E+00  0.0000E+00  0.0000E+00
     10.263  0.0000E+00  0.0000E+00  0.0000E+00  0.0000E+00  0.0000E+00  0.0000E+00  0.0000E+00  0.0000E+00  0.0000E+00
     10.394  0.0000E+00  0.0000E+00  0.0000E+00  0.0000E+00  0.0000E+00  0.0000E+00  0.0000E+00  0.0000E+00  0.0000E+00
     10.525  0.0000E+00  0.0000E+00  0.0000E+00  0.0000E+00  0.0000E+00  0.0000E+00  0.0000E+00  0.0000E+00  0.0000E+00
     10.655  0.0000E+00  0.0000E+00  0.0000E+00  0.0000E+00  0.0000E+00  0.0000E+00  0.0000E+00  0.0000E+00  0.0000E+00
     10.786  0.0000E+00  0.0000E+00  0.0000E+00  0.0000E+00  0.0000E+00  0.0000E+00  0.0000E+00  0.0000E+00  0.0000E+00
     10.917  0.0000E+00  0.0000E+00  0.0000E+00  0.0000E+00  0.0000E+00  0.0000E+00  0.0000E+00  0.0000E+00  0.0000E+00
     11.047  0.2751E-02  0.1208E-02  0.1208E-02  0.1208E-02  0.0000E+00  0.0000E+00  0.0000E+00  0.0000E+00  0.0000E+00
     11.178  0.7439E-02  0.3503E-02  0.3503E-02  0.3503E-02  0.0000E+00  0.0000E+00  0.0000E+00  0.0000E+00  0.0000E+00
     11.309  0.9891E-02  0.4946E-02  0.4946E-02  0.4946E-02  0.0000E+00  0.0000E+00  0.0000E+00  0.0000E+00  0.0000E+00
     11.440  0.1247E-01  0.6563E-02  0.6563E-02  0.6563E-02  0.0000E+00  0.0000E+00  0.0000E+00  0.0000E+00  0.0000E+00
     11.570  0.1505E-01  0.8273E-02  0.8273E-02  0.8273E-02  0.0000E+00  0.0000E+00  0.0000E+00  0.0000E+00  0.0000E+00
     11.701  0.1842E-01  0.1029E-01  0.1029E-01  0.1029E-01  0.0000E+00  0.0000E+00  0.0000E+00  0.0000E+00  0.0000E+00
     11.832  0.2168E-01  0.1248E-01  0.1248E-01  0.1248E-01  0.0000E+00  0.0000E+00  0.0000E+00  0.0000E+00  0.0000E+00
     11.963  0.2413E-01  0.1465E-01  0.1465E-01  0.1465E-01  0.0000E+00  0.0000E+00  0.0000E+00  0.0000E+00  0.0000E+00
     12.093  0.2636E-01  0.1700E-01  0.1700E-01  0.1700E-01  0.0000E+00  0.0000E+00  0.0000E+00  0.0000E+00  0.0000E+00
     12.224  0.2813E-01  0.1959E-01  0.1959E-01  0.1959E-01  0.0000E+00  0.0000E+00  0.0000E+00  0.0000E+00  0.0000E+00
     12.355  0.2980E-01  0.2289E-01  0.2289E-01  0.2289E-01  0.0000E+00  0.0000E+00  0.0000E+00  0.0000E+00  0.0000E+00
     12.486  0.3153E-01  0.2804E-01  0.2804E-01  0.2804E-01  0.0000E+00  0.0000E+00  0.0000E+00  0.0000E+00  0.0000E+00
     12.616  0.3292E-01  0.2885E-01  0.2885E-01  0.2885E-01  0.0000E+00  0.0000E+00  0.0000E+00  0.0000E+00  0.0000E+00
     12.747  0.3424E-01  0.3053E-01  0.3053E-01  0.3053E-01  0.0000E+00  0.0000E+00  0.0000E+00  0.0000E+00  0.0000E+00
     12.878  0.3586E-01  0.3250E-01  0.3250E-01  0.3250E-01  0.0000E+00  0.0000E+00  0.0000E+00  0.0000E+00  0.0000E+00
     13.008  0.3761E-01  0.3435E-01  0.3435E-01  0.3435E-01  0.0000E+00  0.0000E+00  0.0000E+00  0.0000E+00  0.0000E+00
     13.139  0.3961E-01  0.3657E-01  0.3657E-01  0.3657E-01  0.0000E+00  0.0000E+00  0.0000E+00  0.0000E+00  0.0000E+00
     13.270  0.4192E-01  0.3876E-01  0.3876E-01  0.3876E-01  0.0000E+00  0.0000E+00  0.0000E+00  0.0000E+00  0.0000E+00
     13.401  0.4478E-01  0.4131E-01  0.4131E-01  0.4131E-01  0.0000E+00  0.0000E+00  0.0000E+00  0.0000E+00  0.0000E+00
     13.531  0.4914E-01  0.4420E-01  0.4420E-01  0.4420E-01  0.0000E+00  0.0000E+00  0.0000E+00  0.0000E+00  0.0000E+00
     13.662  0.5562E-01  0.4758E-01  0.4758E-01  0.4758E-01  0.0000E+00  0.0000E+00  0.0000E+00  0.0000E+00  0.0000E+00
     13.793  0.1284E+00  0.5806E-01  0.5806E-01  0.5806E-01  0.0000E+00  0.0000E+00  0.0000E+00  0.0000E+00  0.0000E+00
     13.924  0.1310E+00  0.6054E-01  0.6054E-01  0.6054E-01  0.0000E+00  0.0000E+00  0.0000E+00  0.0000E+00  0.0000E+00
     14.054  0.1362E+00  0.6302E-01  0.6302E-01  0.6302E-01  0.0000E+00  0.0000E+00  0.0000E+00  0.0000E+00  0.0000E+00
     14.185  0.1282E+00  0.6408E-01  0.6408E-01  0.6408E-01  0.0000E+00  0.0000E+00  0.0000E+00  0.0000E+00  0.0000E+00
     14.316  0.1163E+00  0.6518E-01  0.6518E-01  0.6518E-01  0.0000E+00  0.0000E+00  0.0000E+00  0.0000E+00  0.0000E+00
     14.446  0.1099E+00  0.6840E-01  0.6840E-01  0.6840E-01  0.0000E+00  0.0000E+00  0.0000E+00  0.0000E+00  0.0000E+00
     14.577  0.1021E+00  0.7209E-01  0.7209E-01  0.7209E-01  0.0000E+00  0.0000E+00  0.0000E+00  0.0000E+00  0.0000E+00
     14.708  0.7869E-01  0.6764E-01  0.6764E-01  0.6764E-01  0.0000E+00  0.0000E+00  0.0000E+00  0.0000E+00  0.0000E+00
     14.839  0.6302E-01  0.6524E-01  0.6524E-01  0.6524E-01  0.0000E+00  0.0000E+00  0.0000E+00  0.0000E+00  0.0000E+00
     14.969  0.6042E-01  0.7447E-01  0.7447E-01  0.7447E-01  0.0000E+00  0.0000E+00  0.0000E+00  0.0000E+00  0.0000E+00
     15.100  0.6776E-01  0.1118E+00  0.1118E+00  0.1118E+00  0.0000E+00  0.0000E+00  0.0000E+00  0.0000E+00  0.0000E+00
     15.231  0.6160E-01  0.8804E-01  0.8804E-01  0.8804E-01  0.0000E+00  0.0000E+00  0.0000E+00  0.0000E+00  0.0000E+00
     15.362  0.6093E-01  0.7878E-01  0.7878E-01  0.7878E-01  0.0000E+00  0.0000E+00  0.0000E+00  0.0000E+00  0.0000E+00
     15.492  0.6157E-01  0.7514E-01  0.7514E-01  0.7514E-01  0.0000E+00  0.0000E+00  0.0000E+00  0.0000E+00  0.0000E+00
     15.623  0.6013E-01  0.7077E-01  0.7077E-01  0.7077E-01  0.0000E+00  0.0000E+00  0.0000E+00  0.0000E+00  0.0000E+00
     15.754  0.6132E-01  0.6958E-01  0.6958E-01  0.6958E-01  0.0000E+00  0.0000E+00  0.0000E+00  0.0000E+00  0.0000E+00
     15.884  0.6280E-01  0.6839E-01  0.6839E-01  0.6839E-01  0.0000E+00  0.0000E+00  0.0000E+00  0.0000E+00  0.0000E+00
     16.015  0.6394E-01  0.6685E-01  0.6685E-01  0.6685E-01  0.0000E+00  0.0000E+00  0.0000E+00  0.0000E+00  0.0000E+00
     16.146  0.7308E-01  0.6986E-01  0.6986E-01  0.6986E-01  0.0000E+00  0.0000E+00  0.0000E+00  0.0000E+00  0.0000E+00
     16.277  0.8660E-01  0.7229E-01  0.7229E-01  0.7229E-01  0.0000E+00  0.0000E+00  0.0000E+00  0.0000E+00  0.0000E+00
     16.407  0.7404E-01  0.6781E-01  0.6781E-01  0.6781E-01  0.0000E+00  0.0000E+00  0.0000E+00  0.0000E+00  0.0000E+00
     16.538  0.5508E-01  0.6183E-01  0.6183E-01  0.6183E-01  0.0000E+00  0.0000E+00  0.0000E+00  0.0000E+00  0.0000E+00
     16.669  0.4960E-01  0.5785E-01  0.5785E-01  0.5785E-01  0.0000E+00  0.0000E+00  0.0000E+00  0.0000E+00  0.0000E+00
     16.800  0.4646E-01  0.5424E-01  0.5424E-01  0.5424E-01  0.0000E+00  0.0000E+00  0.0000E+00  0.0000E+00  0.0000E+00
     16.930  0.4769E-01  0.5346E-01  0.5346E-01  0.5346E-01  0.0000E+00  0.0000E+00  0.0000E+00  0.0000E+00  0.0000E+00
     17.061  0.4793E-01  0.5330E-01  0.5330E-01  0.5330E-01  0.0000E+00  0.0000E+00  0.0000E+00  0.0000E+00  0.0000E+00
     17.192  0.5538E-01  0.5966E-01  0.5966E-01  0.5966E-01  0.0000E+00  0.0000E+00  0.0000E+00  0.0000E+00  0.0000E+00
     17.323  0.7010E-01  0.7052E-01  0.7052E-01  0.7052E-01  0.0000E+00  0.0000E+00  0.0000E+00  0.0000E+00  0.0000E+00
     17.453  0.7053E-01  0.7598E-01  0.7598E-01  0.7598E-01  0.0000E+00  0.0000E+00  0.0000E+00  0.0000E+00  0.0000E+00
     17.584  0.6714E-01  0.7367E-01  0.7367E-01  0.7367E-01  0.0000E+00  0.0000E+00  0.0000E+00  0.0000E+00  0.0000E+00
     17.715  0.6636E-01  0.7364E-01  0.7364E-01  0.7364E-01  0.0000E+00  0.0000E+00  0.0000E+00  0.0000E+00  0.0000E+00
     17.845  0.6519E-01  0.7413E-01  0.7413E-01  0.7413E-01  0.0000E+00  0.0000E+00  0.0000E+00  0.0000E+00  0.0000E+00
     17.976  0.6250E-01  0.7321E-01  0.7321E-01  0.7321E-01  0.0000E+00  0.0000E+00  0.0000E+00  0.0000E+00  0.0000E+00
     18.107  0.5999E-01  0.7335E-01  0.7335E-01  0.7335E-01  0.0000E+00  0.0000E+00  0.0000E+00  0.0000E+00  0.0000E+00
     18.238  0.5953E-01  0.7531E-01  0.7531E-01  0.7531E-01  0.0000E+00  0.0000E+00  0.0000E+00  0.0000E+00  0.0000E+00
     18.368  0.5593E-01  0.7306E-01  0.7306E-01  0.7306E-01  0.0000E+00  0.0000E+00  0.0000E+00  0.0000E+00  0.0000E+00
     18.499  0.5610E-01  0.7685E-01  0.7685E-01  0.7685E-01  0.0000E+00  0.0000E+00  0.0000E+00  0.0000E+00  0.0000E+00
     18.630  0.5244E-01  0.7599E-01  0.7599E-01  0.7599E-01  0.0000E+00  0.0000E+00  0.0000E+00  0.0000E+00  0.0000E+00
     18.761  0.5201E-01  0.7666E-01  0.7666E-01  0.7666E-01  0.0000E+00  0.0000E+00  0.0000E+00  0.0000E+00  0.0000E+00
     18.891  0.4916E-01  0.7786E-01  0.7786E-01  0.7786E-01  0.0000E+00  0.0000E+00  0.0000E+00  0.0000E+00  0.0000E+00
     19.022  0.4402E-01  0.7646E-01  0.7646E-01  0.7646E-01  0.0000E+00  0.0000E+00  0.0000E+00  0.0000E+00  0.0000E+00
     19.153  0.4060E-01  0.7576E-01  0.7576E-01  0.7576E-01  0.0000E+00  0.0000E+00  0.0000E+00  0.0000E+00  0.0000E+00
     19.283  0.3278E-01  0.6615E-01  0.6615E-01  0.6615E-01  0.0000E+00  0.0000E+00  0.0000E+00  0.0000E+00  0.0000E+00
     19.414  0.3069E-01  0.6737E-01  0.6737E-01  0.6737E-01  0.0000E+00  0.0000E+00  0.0000E+00  0.0000E+00  0.0000E+00
     19.545  0.2986E-01  0.7085E-01  0.7085E-01  0.7085E-01  0.0000E+00  0.0000E+00  0.0000E+00  0.0000E+00  0.0000E+00
     19.676  0.3306E-01  0.7985E-01  0.7985E-01  0.7985E-01  0.0000E+00  0.0000E+00  0.0000E+00  0.0000E+00  0.0000E+00
     19.806  0.3756E-01  0.9206E-01  0.9206E-01  0.9206E-01  0.0000E+00  0.0000E+00  0.0000E+00  0.0000E+00  0.0000E+00
     19.937  0.4648E-01  0.1159E+00  0.1159E+00  0.1159E+00  0.0000E+00  0.0000E+00  0.0000E+00  0.0000E+00  0.0000E+00
     20.068  0.3948E-01  0.1065E+00  0.1065E+00  0.1065E+00  0.0000E+00  0.0000E+00  0.0000E+00  0.0000E+00  0.0000E+00
     20.199  0.3046E-01  0.8950E-01  0.8950E-01  0.8950E-01  0.0000E+00  0.0000E+00  0.0000E+00  0.0000E+00  0.0000E+00
     20.329  0.2615E-01  0.8248E-01  0.8248E-01  0.8248E-01  0.0000E+00  0.0000E+00  0.0000E+00  0.0000E+00  0.0000E+00
     20.460  0.2260E-01  0.7747E-01  0.7747E-01  0.7747E-01  0.0000E+00  0.0000E+00  0.0000E+00  0.0000E+00  0.0000E+00
     20.591  0.1947E-01  0.7359E-01  0.7359E-01  0.7359E-01  0.0000E+00  0.0000E+00  0.0000E+00  0.0000E+00  0.0000E+00
     20.721  0.1675E-01  0.6858E-01  0.6858E-01  0.6858E-01  0.0000E+00  0.0000E+00  0.0000E+00  0.0000E+00  0.0000E+00
     20.852  0.1422E-01  0.6403E-01  0.6403E-01  0.6403E-01  0.0000E+00  0.0000E+00  0.0000E+00  0.0000E+00  0.0000E+00
     20.983  0.1188E-01  0.6016E-01  0.6016E-01  0.6016E-01  0.0000E+00  0.0000E+00  0.0000E+00  0.0000E+00  0.0000E+00
     21.114  0.9784E-02  0.5619E-01  0.5619E-01  0.5619E-01  0.0000E+00  0.0000E+00  0.0000E+00  0.0000E+00  0.0000E+00
     21.244  0.7799E-02  0.5134E-01  0.5134E-01  0.5134E-01  0.0000E+00  0.0000E+00  0.0000E+00  0.0000E+00  0.0000E+00
     21.375  0.6046E-02  0.4686E-01  0.4686E-01  0.4686E-01  0.0000E+00  0.0000E+00  0.0000E+00  0.0000E+00  0.0000E+00
     21.506  0.4389E-02  0.4201E-01  0.4201E-01  0.4201E-01  0.0000E+00  0.0000E+00  0.0000E+00  0.0000E+00  0.0000E+00
     21.637  0.2982E-02  0.3666E-01  0.3666E-01  0.3666E-01  0.0000E+00  0.0000E+00  0.0000E+00  0.0000E+00  0.0000E+00
     21.767  0.1477E-02  0.2810E-01  0.2810E-01  0.2810E-01  0.0000E+00  0.0000E+00  0.0000E+00  0.0000E+00  0.0000E+00
     21.898  0.4531E-03  0.1522E-01  0.1522E-01  0.1522E-01  0.0000E+00  0.0000E+00  0.0000E+00  0.0000E+00  0.0000E+00
     22.029  0.1056E-03  0.8740E-02  0.8740E-02  0.8740E-02  0.0000E+00  0.0000E+00  0.0000E+00  0.0000E+00  0.0000E+00
     22.160  0.5974E-05  0.1249E-02  0.1249E-02  0.1249E-02  0.0000E+00  0.0000E+00  0.0000E+00  0.0000E+00  0.0000E+00
     22.290  0.0000E+00  0.0000E+00  0.0000E+00  0.0000E+00  0.0000E+00  0.0000E+00  0.0000E+00  0.0000E+00  0.0000E+00
     22.421  0.0000E+00  0.0000E+00  0.0000E+00  0.0000E+00  0.0000E+00  0.0000E+00  0.0000E+00  0.0000E+00  0.0000E+00
     22.552  0.0000E+00  0.0000E+00  0.0000E+00  0.0000E+00  0.0000E+00  0.0000E+00  0.0000E+00  0.0000E+00  0.0000E+00
     22.682  0.0000E+00  0.0000E+00  0.0000E+00  0.0000E+00  0.0000E+00  0.0000E+00  0.0000E+00  0.0000E+00  0.0000E+00
     22.813  0.0000E+00  0.0000E+00  0.0000E+00  0.0000E+00  0.0000E+00  0.0000E+00  0.0000E+00  0.0000E+00  0.0000E+00
     22.944  0.0000E+00  0.0000E+00  0.0000E+00  0.0000E+00  0.0000E+00  0.0000E+00  0.0000E+00  0.0000E+00  0.0000E+00
     23.075  0.0000E+00  0.0000E+00  0.0000E+00  0.0000E+00  0.0000E+00  0.0000E+00  0.0000E+00  0.0000E+00  0.0000E+00
     23.205  0.0000E+00  0.0000E+00  0.0000E+00  0.0000E+00  0.0000E+00  0.0000E+00  0.0000E+00  0.0000E+00  0.0000E+00
     23.336  0.0000E+00  0.0000E+00  0.0000E+00  0.0000E+00  0.0000E+00  0.0000E+00  0.0000E+00  0.0000E+00  0.0000E+00
     23.467  0.0000E+00  0.0000E+00  0.0000E+00  0.0000E+00  0.0000E+00  0.0000E+00  0.0000E+00  0.0000E+00  0.0000E+00
     23.598  0.0000E+00  0.0000E+00  0.0000E+00  0.0000E+00  0.0000E+00  0.0000E+00  0.0000E+00  0.0000E+00  0.0000E+00
     23.728  0.0000E+00  0.0000E+00  0.0000E+00  0.0000E+00  0.0000E+00  0.0000E+00  0.0000E+00  0.0000E+00  0.0000E+00
     23.859  0.0000E+00  0.0000E+00  0.0000E+00  0.0000E+00  0.0000E+00  0.0000E+00  0.0000E+00  0.0000E+00  0.0000E+00
     23.990  0.0000E+00  0.0000E+00  0.0000E+00  0.0000E+00  0.0000E+00  0.0000E+00  0.0000E+00  0.0000E+00  0.0000E+00
     24.120  0.0000E+00  0.0000E+00  0.0000E+00  0.0000E+00  0.0000E+00  0.0000E+00  0.0000E+00  0.0000E+00  0.0000E+00
     24.12045672    -15.09848920  301     10.99872675      1.00000000
    -15.098  0.0000E+00  0.0000E+00  0.0000E+00  0.0000E+00  0.0000E+00  0.0000E+00  0.0000E+00  0.0000E+00  0.0000E+00
    -14.968  0.0000E+00  0.0000E+00  0.0000E+00  0.0000E+00  0.0000E+00  0.0000E+00  0.0000E+00  0.0000E+00  0.0000E+00
    -14.837  0.0000E+00  0.0000E+00  0.0000E+00  0.0000E+00  0.0000E+00  0.0000E+00  0.0000E+00  0.0000E+00  0.0000E+00
    -14.706  0.0000E+00  0.0000E+00  0.0000E+00  0.0000E+00  0.0000E+00  0.0000E+00  0.0000E+00  0.0000E+00  0.0000E+00
    -14.576  0.0000E+00  0.0000E+00  0.0000E+00  0.0000E+00  0.0000E+00  0.0000E+00  0.0000E+00  0.0000E+00  0.0000E+00
    -14.445  0.0000E+00  0.0000E+00  0.0000E+00  0.0000E+00  0.0000E+00  0.0000E+00  0.0000E+00  0.0000E+00  0.0000E+00
    -14.314  0.0000E+00  0.0000E+00  0.0000E+00  0.0000E+00  0.0000E+00  0.0000E+00  0.0000E+00  0.0000E+00  0.0000E+00
    -14.183  0.0000E+00  0.0000E+00  0.0000E+00  0.0000E+00  0.0000E+00  0.0000E+00  0.0000E+00  0.0000E+00  0.0000E+00
    -14.053  0.0000E+00  0.0000E+00  0.0000E+00  0.0000E+00  0.0000E+00  0.0000E+00  0.0000E+00  0.0000E+00  0.0000E+00
    -13.922  0.0000E+00  0.0000E+00  0.0000E+00  0.0000E+00  0.0000E+00  0.0000E+00  0.0000E+00  0.0000E+00  0.0000E+00
    -13.791  0.0000E+00  0.0000E+00  0.0000E+00  0.0000E+00  0.0000E+00  0.0000E+00  0.0000E+00  0.0000E+00  0.0000E+00
    -13.660  0.0000E+00  0.0000E+00  0.0000E+00  0.0000E+00  0.0000E+00  0.0000E+00  0.0000E+00  0.0000E+00  0.0000E+00
    -13.530  0.0000E+00  0.0000E+00  0.0000E+00  0.0000E+00  0.0000E+00  0.0000E+00  0.0000E+00  0.0000E+00  0.0000E+00
    -13.399  0.0000E+00  0.0000E+00  0.0000E+00  0.0000E+00  0.0000E+00  0.0000E+00  0.0000E+00  0.0000E+00  0.0000E+00
    -13.268  0.0000E+00  0.0000E+00  0.0000E+00  0.0000E+00  0.0000E+00  0.0000E+00  0.0000E+00  0.0000E+00  0.0000E+00
    -13.138  0.0000E+00  0.0000E+00  0.0000E+00  0.0000E+00  0.0000E+00  0.0000E+00  0.0000E+00  0.0000E+00  0.0000E+00
    -13.007  0.1185E-01  0.1459E-04  0.1459E-04  0.1459E-04  0.0000E+00  0.0000E+00  0.0000E+00  0.0000E+00  0.0000E+00
    -12.876  0.1617E-01  0.5039E-04  0.5039E-04  0.5039E-04  0.0000E+00  0.0000E+00  0.0000E+00  0.0000E+00  0.0000E+00
    -12.745  0.2014E-01  0.1013E-03  0.1013E-03  0.1013E-03  0.0000E+00  0.0000E+00  0.0000E+00  0.0000E+00  0.0000E+00
    -12.615  0.2288E-01  0.1578E-03  0.1578E-03  0.1578E-03  0.0000E+00  0.0000E+00  0.0000E+00  0.0000E+00  0.0000E+00
    -12.484  0.2575E-01  0.2263E-03  0.2263E-03  0.2263E-03  0.0000E+00  0.0000E+00  0.0000E+00  0.0000E+00  0.0000E+00
    -12.353  0.2827E-01  0.3034E-03  0.3034E-03  0.3034E-03  0.0000E+00  0.0000E+00  0.0000E+00  0.0000E+00  0.0000E+00
    -12.222  0.3073E-01  0.3859E-03  0.3859E-03  0.3859E-03  0.0000E+00  0.0000E+00  0.0000E+00  0.0000E+00  0.0000E+00
    -12.092  0.3297E-01  0.4751E-03  0.4751E-03  0.4751E-03  0.0000E+00  0.0000E+00  0.0000E+00  0.0000E+00  0.0000E+00
    -11.961  0.3502E-01  0.5716E-03  0.5716E-03  0.5716E-03  0.0000E+00  0.0000E+00  0.0000E+00  0.0000E+00  0.0000E+00
    -11.830  0.3708E-01  0.6713E-03  0.6713E-03  0.6713E-03  0.0000E+00  0.0000E+00  0.0000E+00  0.0000E+00  0.0000E+00
    -11.700  0.3889E-01  0.7796E-03  0.7796E-03  0.7796E-03  0.0000E+00  0.0000E+00  0.0000E+00  0.0000E+00  0.0000E+00
    -11.569  0.4079E-01  0.8897E-03  0.8897E-03  0.8897E-03  0.0000E+00  0.0000E+00  0.0000E+00  0.0000E+00  0.0000E+00
    -11.438  0.4247E-01  0.1008E-02  0.1008E-02  0.1008E-02  0.0000E+00  0.0000E+00  0.0000E+00  0.0000E+00  0.0000E+00
    -11.307  0.4421E-01  0.1129E-02  0.1129E-02  0.1129E-02  0.0000E+00  0.0000E+00  0.0000E+00  0.0000E+00  0.0000E+00
    -11.177  0.4585E-01  0.1256E-02  0.1256E-02  0.1256E-02  0.0000E+00  0.0000E+00  0.0000E+00  0.0000E+00  0.0000E+00
    -11.046  0.4747E-01  0.1387E-02  0.1387E-02  0.1387E-02  0.0000E+00  0.0000E+00  0.0000E+00  0.0000E+00  0.0000E+00
    -10.915  0.4912E-01  0.1520E-02  0.1520E-02  0.1520E-02  0.0000E+00  0.0000E+00  0.0000E+00  0.0000E+00  0.0000E+00
    -10.784  0.5063E-01  0.1662E-02  0.1662E-02  0.1662E-02  0.0000E+00  0.0000E+00  0.0000E+00  0.0000E+00  0.0000E+00
    -10.654  0.5224E-01  0.1804E-02  0.1804E-02  0.1804E-02  0.0000E+00  0.0000E+00  0.0000E+00  0.0000E+00  0.0000E+00
    -10.523  0.5377E-01  0.1953E-02  0.1953E-02  0.1953E-02  0.0000E+00  0.0000E+00  0.0000E+00  0.0000E+00  0.0000E+00
    -10.392  0.5531E-01  0.2107E-02  0.2107E-02  0.2107E-02  0.0000E+00  0.0000E+00  0.0000E+00  0.0000E+00  0.0000E+00
    -10.261  0.5693E-01  0.2260E-02  0.2260E-02  0.2260E-02  0.0000E+00  0.0000E+00  0.0000E+00  0.0000E+00  0.0000E+00
    -10.131  0.5845E-01  0.2424E-02  0.2424E-02  0.2424E-02  0.0000E+00  0.0000E+00  0.0000E+00  0.0000E+00  0.0000E+00
    -10.000  0.6005E-01  0.2589E-02  0.2589E-02  0.2589E-02  0.0000E+00  0.0000E+00  0.0000E+00  0.0000E+00  0.0000E+00
     -9.869  0.6173E-01  0.2755E-02  0.2755E-02  0.2755E-02  0.0000E+00  0.0000E+00  0.0000E+00  0.0000E+00  0.0000E+00
     -9.739  0.6336E-01  0.2934E-02  0.2934E-02  0.2934E-02  0.0000E+00  0.0000E+00  0.0000E+00  0.0000E+00  0.0000E+00
     -9.608  0.6509E-01  0.3112E-02  0.3112E-02  0.3112E-02  0.0000E+00  0.0000E+00  0.0000E+00  0.0000E+00  0.0000E+00
     -9.477  0.6693E-01  0.3293E-02  0.3293E-02  0.3293E-02  0.0000E+00  0.0000E+00  0.0000E+00  0.0000E+00  0.0000E+00
     -9.346  0.6880E-01  0.3487E-02  0.3487E-02  0.3487E-02  0.0000E+00  0.0000E+00  0.0000E+00  0.0000E+00  0.0000E+00
     -9.216  0.7083E-01  0.3683E-02  0.3683E-02  0.3683E-02  0.0000E+00  0.0000E+00  0.0000E+00  0.0000E+00  0.0000E+00
     -9.085  0.7302E-01  0.3881E-02  0.3881E-02  0.3881E-02  0.0000E+00  0.0000E+00  0.0000E+00  0.0000E+00  0.0000E+00
     -8.954  0.7540E-01  0.4097E-02  0.4097E-02  0.4097E-02  0.0000E+00  0.0000E+00  0.0000E+00  0.0000E+00  0.0000E+00
     -8.823  0.7807E-01  0.4321E-02  0.4321E-02  0.4321E-02  0.0000E+00  0.0000E+00  0.0000E+00  0.0000E+00  0.0000E+00
     -8.693  0.8115E-01  0.4552E-02  0.4552E-02  0.4552E-02  0.0000E+00  0.0000E+00  0.0000E+00  0.0000E+00  0.0000E+00
     -8.562  0.8484E-01  0.4813E-02  0.4813E-02  0.4813E-02  0.0000E+00  0.0000E+00  0.0000E+00  0.0000E+00  0.0000E+00
     -8.431  0.8958E-01  0.5107E-02  0.5107E-02  0.5107E-02  0.0000E+00  0.0000E+00  0.0000E+00  0.0000E+00  0.0000E+00
     -8.301  0.9663E-01  0.5470E-02  0.5470E-02  0.5470E-02  0.0000E+00  0.0000E+00  0.0000E+00  0.0000E+00  0.0000E+00
     -8.170  0.1125E+00  0.6120E-02  0.6120E-02  0.6120E-02  0.0000E+00  0.0000E+00  0.0000E+00  0.0000E+00  0.0000E+00
     -8.039  0.1122E+00  0.6278E-02  0.6278E-02  0.6278E-02  0.0000E+00  0.0000E+00  0.0000E+00  0.0000E+00  0.0000E+00
     -7.908  0.1064E+00  0.6240E-02  0.6240E-02  0.6240E-02  0.0000E+00  0.0000E+00  0.0000E+00  0.0000E+00  0.0000E+00
     -7.778  0.1027E+00  0.6243E-02  0.6243E-02  0.6243E-02  0.0000E+00  0.0000E+00  0.0000E+00  0.0000E+00  0.0000E+00
     -7.647  0.1003E+00  0.6313E-02  0.6313E-02  0.6313E-02  0.0000E+00  0.0000E+00  0.0000E+00  0.0000E+00  0.0000E+00
     -7.516  0.9646E-01  0.6292E-02  0.6292E-02  0.6292E-02  0.0000E+00  0.0000E+00  0.0000E+00  0.0000E+00  0.0000E+00
     -7.385  0.9316E-01  0.6283E-02  0.6283E-02  0.6283E-02  0.0000E+00  0.0000E+00  0.0000E+00  0.0000E+00  0.0000E+00
     -7.255  0.9036E-01  0.6296E-02  0.6296E-02  0.6296E-02  0.0000E+00  0.0000E+00  0.0000E+00  0.0000E+00  0.0000E+00
     -7.124  0.8700E-01  0.6259E-02  0.6259E-02  0.6259E-02  0.0000E+00  0.0000E+00  0.0000E+00  0.0000E+00  0.0000E+00
     -6.993  0.8365E-01  0.6213E-02  0.6213E-02  0.6213E-02  0.0000E+00  0.0000E+00  0.0000E+00  0.0000E+00  0.0000E+00
     -6.863  0.8090E-01  0.6189E-02  0.6189E-02  0.6189E-02  0.0000E+00  0.0000E+00  0.0000E+00  0.0000E+00  0.0000E+00
     -6.732  0.7733E-01  0.6104E-02  0.6104E-02  0.6104E-02  0.0000E+00  0.0000E+00  0.0000E+00  0.0000E+00  0.0000E+00
     -6.601  0.7437E-01  0.6039E-02  0.6039E-02  0.6039E-02  0.0000E+00  0.0000E+00  0.0000E+00  0.0000E+00  0.0000E+00
     -6.470  0.7091E-01  0.5940E-02  0.5940E-02  0.5940E-02  0.0000E+00  0.0000E+00  0.0000E+00  0.0000E+00  0.0000E+00
     -6.340  0.6779E-01  0.5837E-02  0.5837E-02  0.5837E-02  0.0000E+00  0.0000E+00  0.0000E+00  0.0000E+00  0.0000E+00
     -6.209  0.6430E-01  0.5707E-02  0.5707E-02  0.5707E-02  0.0000E+00  0.0000E+00  0.0000E+00  0.0000E+00  0.0000E+00
     -6.078  0.6099E-01  0.5567E-02  0.5567E-02  0.5567E-02  0.0000E+00  0.0000E+00  0.0000E+00  0.0000E+00  0.0000E+00
     -5.947  0.5732E-01  0.5392E-02  0.5392E-02  0.5392E-02  0.0000E+00  0.0000E+00  0.0000E+00  0.0000E+00  0.0000E+00
     -5.817  0.5378E-01  0.5210E-02  0.5210E-02  0.5210E-02  0.0000E+00  0.0000E+00  0.0000E+00  0.0000E+00  0.0000E+00
     -5.686  0.5007E-01  0.4999E-02  0.4999E-02  0.4999E-02  0.0000E+00  0.0000E+00  0.0000E+00  0.0000E+00  0.0000E+00
     -5.555  0.4676E-01  0.4833E-02  0.4833E-02  0.4833E-02  0.0000E+00  0.0000E+00  0.0000E+00  0.0000E+00  0.0000E+00
     -5.424  0.4583E-01  0.4944E-02  0.4944E-02  0.4944E-02  0.0000E+00  0.0000E+00  0.0000E+00  0.0000E+00  0.0000E+00
     -5.294  0.3673E-01  0.4104E-02  0.4104E-02  0.4104E-02  0.0000E+00  0.0000E+00  0.0000E+00  0.0000E+00  0.0000E+00
     -5.163  0.1682E-01  0.1878E-02  0.1878E-02  0.1878E-02  0.0000E+00  0.0000E+00  0.0000E+00  0.0000E+00  0.0000E+00
     -5.032  0.1087E-01  0.1310E-02  0.1310E-02  0.1310E-02  0.0000E+00  0.0000E+00  0.0000E+00  0.0000E+00  0.0000E+00
     -4.902  0.1403E-01  0.3470E-02  0.3470E-02  0.3470E-02  0.0000E+00  0.0000E+00  0.0000E+00  0.0000E+00  0.0000E+00
     -4.771  0.2264E-01  0.7074E-02  0.7074E-02  0.7074E-02  0.0000E+00  0.0000E+00  0.0000E+00  0.0000E+00  0.0000E+00
     -4.640  0.3233E-01  0.9995E-02  0.9995E-02  0.9995E-02  0.0000E+00  0.0000E+00  0.0000E+00  0.0000E+00  0.0000E+00
     -4.509  0.4311E-01  0.1267E-01  0.1267E-01  0.1267E-01  0.0000E+00  0.0000E+00  0.0000E+00  0.0000E+00  0.0000E+00
     -4.379  0.5335E-01  0.1523E-01  0.1523E-01  0.1523E-01  0.0000E+00  0.0000E+00  0.0000E+00  0.0000E+00  0.0000E+00
     -4.248  0.6471E-01  0.1824E-01  0.1824E-01  0.1824E-01  0.0000E+00  0.0000E+00  0.0000E+00  0.0000E+00  0.0000E+00
     -4.117  0.7927E-01  0.2212E-01  0.2212E-01  0.2212E-01  0.0000E+00  0.0000E+00  0.0000E+00  0.0000E+00  0.0000E+00
     -3.986  0.9929E-01  0.2740E-01  0.2740E-01  0.2740E-01  0.0000E+00  0.0000E+00  0.0000E+00  0.0000E+00  0.0000E+00
     -3.856  0.1561E+00  0.4206E-01  0.4206E-01  0.4206E-01  0.0000E+00  0.0000E+00  0.0000E+00  0.0000E+00  0.0000E+00
     -3.725  0.1203E+00  0.3250E-01  0.3250E-01  0.3250E-01  0.0000E+00  0.0000E+00  0.0000E+00  0.0000E+00  0.0000E+00
     -3.594  0.9282E-01  0.2549E-01  0.2549E-01  0.2549E-01  0.0000E+00  0.0000E+00  0.0000E+00  0.0000E+00  0.0000E+00
     -3.464  0.8108E-01  0.2268E-01  0.2268E-01  0.2268E-01  0.0000E+00  0.0000E+00  0.0000E+00  0.0000E+00  0.0000E+00
     -3.333  0.7424E-01  0.2104E-01  0.2104E-01  0.2104E-01  0.0000E+00  0.0000E+00  0.0000E+00  0.0000E+00  0.0000E+00
     -3.202  0.6821E-01  0.1969E-01  0.1969E-01  0.1969E-01  0.0000E+00  0.0000E+00  0.0000E+00  0.0000E+00  0.0000E+00
     -3.071  0.6337E-01  0.1862E-01  0.1862E-01  0.1862E-01  0.0000E+00  0.0000E+00  0.0000E+00  0.0000E+00  0.0000E+00
     -2.941  0.5946E-01  0.1779E-01  0.1779E-01  0.1779E-01  0.0000E+00  0.0000E+00  0.0000E+00  0.0000E+00  0.0000E+00
     -2.810  0.5531E-01  0.1692E-01  0.1692E-01  0.1692E-01  0.0000E+00  0.0000E+00  0.0000E+00  0.0000E+00  0.0000E+00
     -2.679  0.5256E-01  0.1637E-01  0.1637E-01  0.1637E-01  0.0000E+00  0.0000E+00  0.0000E+00  0.0000E+00  0.0000E+00
     -2.548  0.4949E-01  0.1575E-01  0.1575E-01  0.1575E-01  0.0000E+00  0.0000E+00  0.0000E+00  0.0000E+00  0.0000E+00
     -2.418  0.4664E-01  0.1517E-01  0.1517E-01  0.1517E-01  0.0000E+00  0.0000E+00  0.0000E+00  0.0000E+00  0.0000E+00
     -2.287  0.4443E-01  0.1475E-01  0.1475E-01  0.1475E-01  0.0000E+00  0.0000E+00  0.0000E+00  0.0000E+00  0.0000E+00
     -2.156  0.4175E-01  0.1420E-01  0.1420E-01  0.1420E-01  0.0000E+00  0.0000E+00  0.0000E+00  0.0000E+00  0.0000E+00
     -2.026  0.3973E-01  0.1380E-01  0.1380E-01  0.1380E-01  0.0000E+00  0.0000E+00  0.0000E+00  0.0000E+00  0.0000E+00
     -1.895  0.3793E-01  0.1347E-01  0.1347E-01  0.1347E-01  0.0000E+00  0.0000E+00  0.0000E+00  0.0000E+00  0.0000E+00
     -1.764  0.3563E-01  0.1298E-01  0.1298E-01  0.1298E-01  0.0000E+00  0.0000E+00  0.0000E+00  0.0000E+00  0.0000E+00
     -1.633  0.3399E-01  0.1266E-01  0.1266E-01  0.1266E-01  0.0000E+00  0.0000E+00  0.0000E+00  0.0000E+00  0.0000E+00
     -1.503  0.3249E-01  0.1238E-01  0.1238E-01  0.1238E-01  0.0000E+00  0.0000E+00  0.0000E+00  0.0000E+00  0.0000E+00
     -1.372  0.3070E-01  0.1200E-01  0.1200E-01  0.1200E-01  0.0000E+00  0.0000E+00  0.0000E+00  0.0000E+00  0.0000E+00
     -1.241  0.2911E-01  0.1165E-01  0.1165E-01  0.1165E-01  0.0000E+00  0.0000E+00  0.0000E+00  0.0000E+00  0.0000E+00
     -1.110  0.2788E-01  0.1142E-01  0.1142E-01  0.1142E-01  0.0000E+00  0.0000E+00  0.0000E+00  0.0000E+00  0.0000E+00
     -0.980  0.2708E-01  0.1791E-01  0.1791E-01  0.1791E-01  0.0000E+00  0.0000E+00  0.0000E+00  0.0000E+00  0.0000E+00
     -0.849  0.2670E-01  0.2585E-01  0.2585E-01  0.2585E-01  0.0000E+00  0.0000E+00  0.0000E+00  0.0000E+00  0.0000E+00
     -0.718  0.2689E-01  0.3166E-01  0.3166E-01  0.3166E-01  0.0000E+00  0.0000E+00  0.0000E+00  0.0000E+00  0.0000E+00
     -0.587  0.2721E-01  0.3638E-01  0.3638E-01  0.3638E-01  0.0000E+00  0.0000E+00  0.0000E+00  0.0000E+00  0.0000E+00
     -0.457  0.2838E-01  0.4846E-01  0.4846E-01  0.4846E-01  0.0000E+00  0.0000E+00  0.0000E+00  0.0000E+00  0.0000E+00
     -0.326  0.2860E-01  0.4766E-01  0.4766E-01  0.4766E-01  0.0000E+00  0.0000E+00  0.0000E+00  0.0000E+00  0.0000E+00
     -0.195  0.2857E-01  0.4564E-01  0.4564E-01  0.4564E-01  0.0000E+00  0.0000E+00  0.0000E+00  0.0000E+00  0.0000E+00
     -0.065  0.2838E-01  0.4452E-01  0.4452E-01  0.4452E-01  0.0000E+00  0.0000E+00  0.0000E+00  0.0000E+00  0.0000E+00
      0.066  0.2781E-01  0.4357E-01  0.4357E-01  0.4357E-01  0.0000E+00  0.0000E+00  0.0000E+00  0.0000E+00  0.0000E+00
      0.197  0.2767E-01  0.4380E-01  0.4380E-01  0.4380E-01  0.0000E+00  0.0000E+00  0.0000E+00  0.0000E+00  0.0000E+00
      0.328  0.2739E-01  0.4485E-01  0.4485E-01  0.4485E-01  0.0000E+00  0.0000E+00  0.0000E+00  0.0000E+00  0.0000E+00
      0.458  0.2674E-01  0.4572E-01  0.4572E-01  0.4572E-01  0.0000E+00  0.0000E+00  0.0000E+00  0.0000E+00  0.0000E+00
      0.589  0.2623E-01  0.4740E-01  0.4740E-01  0.4740E-01  0.0000E+00  0.0000E+00  0.0000E+00  0.0000E+00  0.0000E+00
      0.720  0.2585E-01  0.4901E-01  0.4901E-01  0.4901E-01  0.0000E+00  0.0000E+00  0.0000E+00  0.0000E+00  0.0000E+00
      0.851  0.2538E-01  0.5153E-01  0.5153E-01  0.5153E-01  0.0000E+00  0.0000E+00  0.0000E+00  0.0000E+00  0.0000E+00
      0.981  0.2468E-01  0.5346E-01  0.5346E-01  0.5346E-01  0.0000E+00  0.0000E+00  0.0000E+00  0.0000E+00  0.0000E+00
      1.112  0.2401E-01  0.5637E-01  0.5637E-01  0.5637E-01  0.0000E+00  0.0000E+00  0.0000E+00  0.0000E+00  0.0000E+00
      1.243  0.2352E-01  0.5919E-01  0.5919E-01  0.5919E-01  0.0000E+00  0.0000E+00  0.0000E+00  0.0000E+00  0.0000E+00
      1.373  0.2287E-01  0.6328E-01  0.6328E-01  0.6328E-01  0.0000E+00  0.0000E+00  0.0000E+00  0.0000E+00  0.0000E+00
      1.504  0.2211E-01  0.6968E-01  0.6968E-01  0.6968E-01  0.0000E+00  0.0000E+00  0.0000E+00  0.0000E+00  0.0000E+00
      1.635  0.2131E-01  0.8275E-01  0.8275E-01  0.8275E-01  0.0000E+00  0.0000E+00  0.0000E+00  0.0000E+00  0.0000E+00
      1.766  0.2066E-01  0.7987E-01  0.7987E-01  0.7987E-01  0.0000E+00  0.0000E+00  0.0000E+00  0.0000E+00  0.0000E+00
      1.896  0.1994E-01  0.7957E-01  0.7957E-01  0.7957E-01  0.0000E+00  0.0000E+00  0.0000E+00  0.0000E+00  0.0000E+00
      2.027  0.1912E-01  0.7874E-01  0.7874E-01  0.7874E-01  0.0000E+00  0.0000E+00  0.0000E+00  0.0000E+00  0.0000E+00
      2.158  0.1832E-01  0.7848E-01  0.7848E-01  0.7848E-01  0.0000E+00  0.0000E+00  0.0000E+00  0.0000E+00  0.0000E+00
      2.289  0.1767E-01  0.7823E-01  0.7823E-01  0.7823E-01  0.0000E+00  0.0000E+00  0.0000E+00  0.0000E+00  0.0000E+00
      2.419  0.1696E-01  0.7786E-01  0.7786E-01  0.7786E-01  0.0000E+00  0.0000E+00  0.0000E+00  0.0000E+00  0.0000E+00
      2.550  0.1623E-01  0.7773E-01  0.7773E-01  0.7773E-01  0.0000E+00  0.0000E+00  0.0000E+00  0.0000E+00  0.0000E+00
      2.681  0.1541E-01  0.7721E-01  0.7721E-01  0.7721E-01  0.0000E+00  0.0000E+00  0.0000E+00  0.0000E+00  0.0000E+00
      2.811  0.1475E-01  0.7700E-01  0.7700E-01  0.7700E-01  0.0000E+00  0.0000E+00  0.0000E+00  0.0000E+00  0.0000E+00
      2.942  0.1414E-01  0.7675E-01  0.7675E-01  0.7675E-01  0.0000E+00  0.0000E+00  0.0000E+00  0.0000E+00  0.0000E+00
      3.073  0.1345E-01  0.7664E-01  0.7664E-01  0.7664E-01  0.0000E+00  0.0000E+00  0.0000E+00  0.0000E+00  0.0000E+00
      3.204  0.1262E-01  0.7614E-01  0.7614E-01  0.7614E-01  0.0000E+00  0.0000E+00  0.0000E+00  0.0000E+00  0.0000E+00
      3.334  0.1194E-01  0.7600E-01  0.7600E-01  0.7600E-01  0.0000E+00  0.0000E+00  0.0000E+00  0.0000E+00  0.0000E+00
      3.465  0.1130E-01  0.7603E-01  0.7603E-01  0.7603E-01  0.0000E+00  0.0000E+00  0.0000E+00  0.0000E+00  0.0000E+00
      3.596  0.1062E-01  0.7565E-01  0.7565E-01  0.7565E-01  0.0000E+00  0.0000E+00  0.0000E+00  0.0000E+00  0.0000E+00
      3.727  0.9817E-02  0.7545E-01  0.7545E-01  0.7545E-01  0.0000E+00  0.0000E+00  0.0000E+00  0.0000E+00  0.0000E+00
      3.857  0.9154E-02  0.7509E-01  0.7509E-01  0.7509E-01  0.0000E+00  0.0000E+00  0.0000E+00  0.0000E+00  0.0000E+00
      3.988  0.8588E-02  0.7499E-01  0.7499E-01  0.7499E-01  0.0000E+00  0.0000E+00  0.0000E+00  0.0000E+00  0.0000E+00
      4.119  0.7976E-02  0.7488E-01  0.7488E-01  0.7488E-01  0.0000E+00  0.0000E+00  0.0000E+00  0.0000E+00  0.0000E+00
      4.250  0.7323E-02  0.7441E-01  0.7441E-01  0.7441E-01  0.0000E+00  0.0000E+00  0.0000E+00  0.0000E+00  0.0000E+00
      4.380  0.6646E-02  0.7441E-01  0.7441E-01  0.7441E-01  0.0000E+00  0.0000E+00  0.0000E+00  0.0000E+00  0.0000E+00
      4.511  0.6105E-02  0.7366E-01  0.7366E-01  0.7366E-01  0.0000E+00  0.0000E+00  0.0000E+00  0.0000E+00  0.0000E+00
      4.642  0.5573E-02  0.6887E-01  0.6887E-01  0.6887E-01  0.0000E+00  0.0000E+00  0.0000E+00  0.0000E+00  0.0000E+00
      4.772  0.4977E-02  0.5657E-01  0.5657E-01  0.5657E-01  0.0000E+00  0.0000E+00  0.0000E+00  0.0000E+00  0.0000E+00
      4.903  0.4398E-02  0.4935E-01  0.4935E-01  0.4935E-01  0.0000E+00  0.0000E+00  0.0000E+00  0.0000E+00  0.0000E+00
      5.034  0.3978E-02  0.4461E-01  0.4461E-01  0.4461E-01  0.0000E+00  0.0000E+00  0.0000E+00  0.0000E+00  0.0000E+00
      5.165  0.3587E-02  0.4063E-01  0.4063E-01  0.4063E-01  0.0000E+00  0.0000E+00  0.0000E+00  0.0000E+00  0.0000E+00
      5.295  0.3201E-02  0.3722E-01  0.3722E-01  0.3722E-01  0.0000E+00  0.0000E+00  0.0000E+00  0.0000E+00  0.0000E+00
      5.426  0.2771E-02  0.3397E-01  0.3397E-01  0.3397E-01  0.0000E+00  0.0000E+00  0.0000E+00  0.0000E+00  0.0000E+00
      5.557  0.2424E-02  0.3106E-01  0.3106E-01  0.3106E-01  0.0000E+00  0.0000E+00  0.0000E+00  0.0000E+00  0.0000E+00
      5.688  0.2141E-02  0.2855E-01  0.2855E-01  0.2855E-01  0.0000E+00  0.0000E+00  0.0000E+00  0.0000E+00  0.0000E+00
      5.818  0.1850E-02  0.2602E-01  0.2602E-01  0.2602E-01  0.0000E+00  0.0000E+00  0.0000E+00  0.0000E+00  0.0000E+00
      5.949  0.1532E-02  0.2352E-01  0.2352E-01  0.2352E-01  0.0000E+00  0.0000E+00  0.0000E+00  0.0000E+00  0.0000E+00
      6.080  0.1305E-02  0.2134E-01  0.2134E-01  0.2134E-01  0.0000E+00  0.0000E+00  0.0000E+00  0.0000E+00  0.0000E+00
      6.210  0.1064E-02  0.1915E-01  0.1915E-01  0.1915E-01  0.0000E+00  0.0000E+00  0.0000E+00  0.0000E+00  0.0000E+00
      6.341  0.8360E-03  0.1695E-01  0.1695E-01  0.1695E-01  0.0000E+00  0.0000E+00  0.0000E+00  0.0000E+00  0.0000E+00
      6.472  0.6295E-03  0.1487E-01  0.1487E-01  0.1487E-01  0.0000E+00  0.0000E+00  0.0000E+00  0.0000E+00  0.0000E+00
      6.603  0.4478E-03  0.1270E-01  0.1270E-01  0.1270E-01  0.0000E+00  0.0000E+00  0.0000E+00  0.0000E+00  0.0000E+00
      6.733  0.2885E-03  0.1064E-01  0.1064E-01  0.1064E-01  0.0000E+00  0.0000E+00  0.0000E+00  0.0000E+00  0.0000E+00
      6.864  0.1641E-03  0.7888E-02  0.7888E-02  0.7888E-02  0.0000E+00  0.0000E+00  0.0000E+00  0.0000E+00  0.0000E+00
      6.995  0.6224E-04  0.5775E-02  0.5775E-02  0.5775E-02  0.0000E+00  0.0000E+00  0.0000E+00  0.0000E+00  0.0000E+00
      7.126  0.1024E-04  0.9036E-03  0.9036E-03  0.9036E-03  0.0000E+00  0.0000E+00  0.0000E+00  0.0000E+00  0.0000E+00
      7.256  0.0000E+00  0.0000E+00  0.0000E+00  0.0000E+00  0.0000E+00  0.0000E+00  0.0000E+00  0.0000E+00  0.0000E+00
      7.387  0.0000E+00  0.0000E+00  0.0000E+00  0.0000E+00  0.0000E+00  0.0000E+00  0.0000E+00  0.0000E+00  0.0000E+00
      7.518  0.0000E+00  0.0000E+00  0.0000E+00  0.0000E+00  0.0000E+00  0.0000E+00  0.0000E+00  0.0000E+00  0.0000E+00
      7.648  0.0000E+00  0.0000E+00  0.0000E+00  0.0000E+00  0.0000E+00  0.0000E+00  0.0000E+00  0.0000E+00  0.0000E+00
      7.779  0.0000E+00  0.0000E+00  0.0000E+00  0.0000E+00  0.0000E+00  0.0000E+00  0.0000E+00  0.0000E+00  0.0000E+00
      7.910  0.0000E+00  0.0000E+00  0.0000E+00  0.0000E+00  0.0000E+00  0.0000E+00  0.0000E+00  0.0000E+00  0.0000E+00
      8.041  0.0000E+00  0.0000E+00  0.0000E+00  0.0000E+00  0.0000E+00  0.0000E+00  0.0000E+00  0.0000E+00  0.0000E+00
      8.171  0.0000E+00  0.0000E+00  0.0000E+00  0.0000E+00  0.0000E+00  0.0000E+00  0.0000E+00  0.0000E+00  0.0000E+00
      8.302  0.0000E+00  0.0000E+00  0.0000E+00  0.0000E+00  0.0000E+00  0.0000E+00  0.0000E+00  0.0000E+00  0.0000E+00
      8.433  0.0000E+00  0.0000E+00  0.0000E+00  0.0000E+00  0.0000E+00  0.0000E+00  0.0000E+00  0.0000E+00  0.0000E+00
      8.564  0.0000E+00  0.0000E+00  0.0000E+00  0.0000E+00  0.0000E+00  0.0000E+00  0.0000E+00  0.0000E+00  0.0000E+00
      8.694  0.0000E+00  0.0000E+00  0.0000E+00  0.0000E+00  0.0000E+00  0.0000E+00  0.0000E+00  0.0000E+00  0.0000E+00
      8.825  0.0000E+00  0.0000E+00  0.0000E+00  0.0000E+00  0.0000E+00  0.0000E+00  0.0000E+00  0.0000E+00  0.0000E+00
      8.956  0.0000E+00  0.0000E+00  0.0000E+00  0.0000E+00  0.0000E+00  0.0000E+00  0.0000E+00  0.0000E+00  0.0000E+00
      9.087  0.0000E+00  0.0000E+00  0.0000E+00  0.0000E+00  0.0000E+00  0.0000E+00  0.0000E+00  0.0000E+00  0.0000E+00
      9.217  0.0000E+00  0.0000E+00  0.0000E+00  0.0000E+00  0.0000E+00  0.0000E+00  0.0000E+00  0.0000E+00  0.0000E+00
      9.348  0.0000E+00  0.0000E+00  0.0000E+00  0.0000E+00  0.0000E+00  0.0000E+00  0.0000E+00  0.0000E+00  0.0000E+00
      9.479  0.0000E+00  0.0000E+00  0.0000E+00  0.0000E+00  0.0000E+00  0.0000E+00  0.0000E+00  0.0000E+00  0.0000E+00
      9.609  0.0000E+00  0.0000E+00  0.0000E+00  0.0000E+00  0.0000E+00  0.0000E+00  0.0000E+00  0.0000E+00  0.0000E+00
      9.740  0.0000E+00  0.0000E+00  0.0000E+00  0.0000E+00  0.0000E+00  0.0000E+00  0.0000E+00  0.0000E+00  0.0000E+00
      9.871  0.0000E+00  0.0000E+00  0.0000E+00  0.0000E+00  0.0000E+00  0.0000E+00  0.0000E+00  0.0000E+00  0.0000E+00
     10.002  0.0000E+00  0.0000E+00  0.0000E+00  0.0000E+00  0.0000E+00  0.0000E+00  0.0000E+00  0.0000E+00  0.0000E+00
     10.132  0.0000E+00  0.0000E+00  0.0000E+00  0.0000E+00  0.0000E+00  0.0000E+00  0.0000E+00  0.0000E+00  0.0000E+00
     10.263  0.0000E+00  0.0000E+00  0.0000E+00  0.0000E+00  0.0000E+00  0.0000E+00  0.0000E+00  0.0000E+00  0.0000E+00
     10.394  0.0000E+00  0.0000E+00  0.0000E+00  0.0000E+00  0.0000E+00  0.0000E+00  0.0000E+00  0.0000E+00  0.0000E+00
     10.525  0.0000E+00  0.0000E+00  0.0000E+00  0.0000E+00  0.0000E+00  0.0000E+00  0.0000E+00  0.0000E+00  0.0000E+00
     10.655  0.0000E+00  0.0000E+00  0.0000E+00  0.0000E+00  0.0000E+00  0.0000E+00  0.0000E+00  0.0000E+00  0.0000E+00
     10.786  0.0000E+00  0.0000E+00  0.0000E+00  0.0000E+00  0.0000E+00  0.0000E+00  0.0000E+00  0.0000E+00  0.0000E+00
     10.917  0.0000E+00  0.0000E+00  0.0000E+00  0.0000E+00  0.0000E+00  0.0000E+00  0.0000E+00  0.0000E+00  0.0000E+00
     11.047  0.2751E-02  0.1208E-02  0.1208E-02  0.1208E-02  0.0000E+00  0.0000E+00  0.0000E+00  0.0000E+00  0.0000E+00
     11.178  0.7439E-02  0.3503E-02  0.3503E-02  0.3503E-02  0.0000E+00  0.0000E+00  0.0000E+00  0.0000E+00  0.0000E+00
     11.309  0.9891E-02  0.4946E-02  0.4946E-02  0.4946E-02  0.0000E+00  0.0000E+00  0.0000E+00  0.0000E+00  0.0000E+00
     11.440  0.1247E-01  0.6563E-02  0.6563E-02  0.6563E-02  0.0000E+00  0.0000E+00  0.0000E+00  0.0000E+00  0.0000E+00
     11.570  0.1505E-01  0.8273E-02  0.8273E-02  0.8273E-02  0.0000E+00  0.0000E+00  0.0000E+00  0.0000E+00  0.0000E+00
     11.701  0.1842E-01  0.1029E-01  0.1029E-01  0.1029E-01  0.0000E+00  0.0000E+00  0.0000E+00  0.0000E+00  0.0000E+00
     11.832  0.2168E-01  0.1248E-01  0.1248E-01  0.1248E-01  0.0000E+00  0.0000E+00  0.0000E+00  0.0000E+00  0.0000E+00
     11.963  0.2413E-01  0.1465E-01  0.1465E-01  0.1465E-01  0.0000E+00  0.0000E+00  0.0000E+00  0.0000E+00  0.0000E+00
     12.093  0.2636E-01  0.1700E-01  0.1700E-01  0.1700E-01  0.0000E+00  0.0000E+00  0.0000E+00  0.0000E+00  0.0000E+00
     12.224  0.2813E-01  0.1959E-01  0.1959E-01  0.1959E-01  0.0000E+00  0.0000E+00  0.0000E+00  0.0000E+00  0.0000E+00
     12.355  0.2980E-01  0.2289E-01  0.2289E-01  0.2289E-01  0.0000E+00  0.0000E+00  0.0000E+00  0.0000E+00  0.0000E+00
     12.486  0.3153E-01  0.2804E-01  0.2804E-01  0.2804E-01  0.0000E+00  0.0000E+00  0.0000E+00  0.0000E+00  0.0000E+00
     12.616  0.3292E-01  0.2885E-01  0.2885E-01  0.2885E-01  0.0000E+00  0.0000E+00  0.0000E+00  0.0000E+00  0.0000E+00
     12.747  0.3424E-01  0.3053E-01  0.3053E-01  0.3053E-01  0.0000E+00  0.0000E+00  0.0000E+00  0.0000E+00  0.0000E+00
     12.878  0.3586E-01  0.3250E-01  0.3250E-01  0.3250E-01  0.0000E+00  0.0000E+00  0.0000E+00  0.0000E+00  0.0000E+00
     13.008  0.3761E-01  0.3435E-01  0.3435E-01  0.3435E-01  0.0000E+00  0.0000E+00  0.0000E+00  0.0000E+00  0.0000E+00
     13.139  0.3961E-01  0.3657E-01  0.3657E-01  0.3657E-01  0.0000E+00  0.0000E+00  0.0000E+00  0.0000E+00  0.0000E+00
     13.270  0.4192E-01  0.3876E-01  0.3876E-01  0.3876E-01  0.0000E+00  0.0000E+00  0.0000E+00  0.0000E+00  0.0000E+00
     13.401  0.4478E-01  0.4131E-01  0.4131E-01  0.4131E-01  0.0000E+00  0.0000E+00  0.0000E+00  0.0000E+00  0.0000E+00
     13.531  0.4914E-01  0.4420E-01  0.4420E-01  0.4420E-01  0.0000E+00  0.0000E+00  0.0000E+00  0.0000E+00  0.0000E+00
     13.662  0.5562E-01  0.4758E-01  0.4758E-01  0.4758E-01  0.0000E+00  0.0000E+00  0.0000E+00  0.0000E+00  0.0000E+00
     13.793  0.1284E+00  0.5806E-01  0.5806E-01  0.5806E-01  0.0000E+00  0.0000E+00  0.0000E+00  0.0000E+00  0.0000E+00
     13.924  0.1310E+00  0.6054E-01  0.6054E-01  0.6054E-01  0.0000E+00  0.0000E+00  0.0000E+00  0.0000E+00  0.0000E+00
     14.054  0.1362E+00  0.6302E-01  0.6302E-01  0.6302E-01  0.0000E+00  0.0000E+00  0.0000E+00  0.0000E+00  0.0000E+00
     14.185  0.1282E+00  0.6408E-01  0.6408E-01  0.6408E-01  0.0000E+00  0.0000E+00  0.0000E+00  0.0000E+00  0.0000E+00
     14.316  0.1163E+00  0.6518E-01  0.6518E-01  0.6518E-01  0.0000E+00  0.0000E+00  0.0000E+00  0.0000E+00  0.0000E+00
     14.446  0.1099E+00  0.6840E-01  0.6840E-01  0.6840E-01  0.0000E+00  0.0000E+00  0.0000E+00  0.0000E+00  0.0000E+00
     14.577  0.1021E+00  0.7209E-01  0.7209E-01  0.7209E-01  0.0000E+00  0.0000E+00  0.0000E+00  0.0000E+00  0.0000E+00
     14.708  0.7869E-01  0.6764E-01  0.6764E-01  0.6764E-01  0.0000E+00  0.0000E+00  0.0000E+00  0.0000E+00  0.0000E+00
     14.839  0.6302E-01  0.6524E-01  0.6524E-01  0.6524E-01  0.0000E+00  0.0000E+00  0.0000E+00  0.0000E+00  0.0000E+00
     14.969  0.6042E-01  0.7447E-01  0.7447E-01  0.7447E-01  0.0000E+00  0.0000E+00  0.0000E+00  0.0000E+00  0.0000E+00
     15.100  0.6776E-01  0.1118E+00  0.1118E+00  0.1118E+00  0.0000E+00  0.0000E+00  0.0000E+00  0.0000E+00  0.0000E+00
     15.231  0.6160E-01  0.8804E-01  0.8804E-01  0.8804E-01  0.0000E+00  0.0000E+00  0.0000E+00  0.0000E+00  0.0000E+00
     15.362  0.6093E-01  0.7878E-01  0.7878E-01  0.7878E-01  0.0000E+00  0.0000E+00  0.0000E+00  0.0000E+00  0.0000E+00
     15.492  0.6157E-01  0.7514E-01  0.7514E-01  0.7514E-01  0.0000E+00  0.0000E+00  0.0000E+00  0.0000E+00  0.0000E+00
     15.623  0.6013E-01  0.7077E-01  0.7077E-01  0.7077E-01  0.0000E+00  0.0000E+00  0.0000E+00  0.0000E+00  0.0000E+00
     15.754  0.6132E-01  0.6958E-01  0.6958E-01  0.6958E-01  0.0000E+00  0.0000E+00  0.0000E+00  0.0000E+00  0.0000E+00
     15.884  0.6280E-01  0.6839E-01  0.6839E-01  0.6839E-01  0.0000E+00  0.0000E+00  0.0000E+00  0.0000E+00  0.0000E+00
     16.015  0.6394E-01  0.6685E-01  0.6685E-01  0.6685E-01  0.0000E+00  0.0000E+00  0.0000E+00  0.0000E+00  0.0000E+00
     16.146  0.7308E-01  0.6986E-01  0.6986E-01  0.6986E-01  0.0000E+00  0.0000E+00  0.0000E+00  0.0000E+00  0.0000E+00
     16.277  0.8660E-01  0.7229E-01  0.7229E-01  0.7229E-01  0.0000E+00  0.0000E+00  0.0000E+00  0.0000E+00  0.0000E+00
     16.407  0.7404E-01  0.6781E-01  0.6781E-01  0.6781E-01  0.0000E+00  0.0000E+00  0.0000E+00  0.0000E+00  0.0000E+00
     16.538  0.5508E-01  0.6183E-01  0.6183E-01  0.6183E-01  0.0000E+00  0.0000E+00  0.0000E+00  0.0000E+00  0.0000E+00
     16.669  0.4960E-01  0.5785E-01  0.5785E-01  0.5785E-01  0.0000E+00  0.0000E+00  0.0000E+00  0.0000E+00  0.0000E+00
     16.800  0.4646E-01  0.5424E-01  0.5424E-01  0.5424E-01  0.0000E+00  0.0000E+00  0.0000E+00  0.0000E+00  0.0000E+00
     16.930  0.4769E-01  0.5346E-01  0.5346E-01  0.5346E-01  0.0000E+00  0.0000E+00  0.0000E+00  0.0000E+00  0.0000E+00
     17.061  0.4793E-01  0.5330E-01  0.5330E-01  0.5330E-01  0.0000E+00  0.0000E+00  0.0000E+00  0.0000E+00  0.0000E+00
     17.192  0.5538E-01  0.5966E-01  0.5966E-01  0.5966E-01  0.0000E+00  0.0000E+00  0.0000E+00  0.0000E+00  0.0000E+00
     17.323  0.7010E-01  0.7052E-01  0.7052E-01  0.7052E-01  0.0000E+00  0.0000E+00  0.0000E+00  0.0000E+00  0.0000E+00
     17.453  0.7053E-01  0.7598E-01  0.7598E-01  0.7598E-01  0.0000E+00  0.0000E+00  0.0000E+00  0.0000E+00  0.0000E+00
     17.584  0.6714E-01  0.7367E-01  0.7367E-01  0.7367E-01  0.0000E+00  0.0000E+00  0.0000E+00  0.0000E+00  0.0000E+00
     17.715  0.6636E-01  0.7364E-01  0.7364E-01  0.7364E-01  0.0000E+00  0.0000E+00  0.0000E+00  0.0000E+00  0.0000E+00
     17.845  0.6519E-01  0.7413E-01  0.7413E-01  0.7413E-01  0.0000E+00  0.0000E+00  0.0000E+00  0.0000E+00  0.0000E+00
     17.976  0.6250E-01  0.7321E-01  0.7321E-01  0.7321E-01  0.0000E+00  0.0000E+00  0.0000E+00  0.0000E+00  0.0000E+00
     18.107  0.5999E-01  0.7335E-01  0.7335E-01  0.7335E-01  0.0000E+00  0.0000E+00  0.0000E+00  0.0000E+00  0.0000E+00
     18.238  0.5953E-01  0.7531E-01  0.7531E-01  0.7531E-01  0.0000E+00  0.0000E+00  0.0000E+00  0.0000E+00  0.0000E+00
     18.368  0.5593E-01  0.7306E-01  0.7306E-01  0.7306E-01  0.0000E+00  0.0000E+00  0.0000E+00  0.0000E+00  0.0000E+00
     18.499  0.5610E-01  0.7685E-01  0.7685E-01  0.7685E-01  0.0000E+00  0.0000E+00  0.0000E+00  0.0000E+00  0.0000E+00
     18.630  0.5244E-01  0.7599E-01  0.7599E-01  0.7599E-01  0.0000E+00  0.0000E+00  0.0000E+00  0.0000E+00  0.0000E+00
     18.761  0.5201E-01  0.7666E-01  0.7666E-01  0.7666E-01  0.0000E+00  0.0000E+00  0.0000E+00  0.0000E+00  0.0000E+00
     18.891  0.4916E-01  0.7786E-01  0.7786E-01  0.7786E-01  0.0000E+00  0.0000E+00  0.0000E+00  0.0000E+00  0.0000E+00
     19.022  0.4402E-01  0.7646E-01  0.7646E-01  0.7646E-01  0.0000E+00  0.0000E+00  0.0000E+00  0.0000E+00  0.0000E+00
     19.153  0.4060E-01  0.7576E-01  0.7576E-01  0.7576E-01  0.0000E+00  0.0000E+00  0.0000E+00  0.0000E+00  0.0000E+00
     19.283  0.3278E-01  0.6615E-01  0.6615E-01  0.6615E-01  0.0000E+00  0.0000E+00  0.0000E+00  0.0000E+00  0.0000E+00
     19.414  0.3069E-01  0.6737E-01  0.6737E-01  0.6737E-01  0.0000E+00  0.0000E+00  0.0000E+00  0.0000E+00  0.0000E+00
     19.545  0.2986E-01  0.7085E-01  0.7085E-01  0.7085E-01  0.0000E+00  0.0000E+00  0.0000E+00  0.0000E+00  0.0000E+00
     19.676  0.3306E-01  0.7985E-01  0.7985E-01  0.7985E-01  0.0000E+00  0.0000E+00  0.0000E+00  0.0000E+00  0.0000E+00
     19.806  0.3756E-01  0.9206E-01  0.9206E-01  0.9206E-01  0.0000E+00  0.0000E+00  0.0000E+00  0.0000E+00  0.0000E+00
     19.937  0.4648E-01  0.1159E+00  0.1159E+00  0.1159E+00  0.0000E+00  0.0000E+00  0.0000E+00  0.0000E+00  0.0000E+00
     20.068  0.3948E-01  0.1065E+00  0.1065E+00  0.1065E+00  0.0000E+00  0.0000E+00  0.0000E+00  0.0000E+00  0.0000E+00
     20.199  0.3046E-01  0.8950E-01  0.8950E-01  0.8950E-01  0.0000E+00  0.0000E+00  0.0000E+00  0.0000E+00  0.0000E+00
     20.329  0.2615E-01  0.8248E-01  0.8248E-01  0.8248E-01  0.0000E+00  0.0000E+00  0.0000E+00  0.0000E+00  0.0000E+00
     20.460  0.2260E-01  0.7747E-01  0.7747E-01  0.7747E-01  0.0000E+00  0.0000E+00  0.0000E+00  0.0000E+00  0.0000E+00
     20.591  0.1947E-01  0.7359E-01  0.7359E-01  0.7359E-01  0.0000E+00  0.0000E+00  0.0000E+00  0.0000E+00  0.0000E+00
     20.721  0.1675E-01  0.6858E-01  0.6858E-01  0.6858E-01  0.0000E+00  0.0000E+00  0.0000E+00  0.0000E+00  0.0000E+00
     20.852  0.1422E-01  0.6403E-01  0.6403E-01  0.6403E-01  0.0000E+00  0.0000E+00  0.0000E+00  0.0000E+00  0.0000E+00
     20.983  0.1188E-01  0.6016E-01  0.6016E-01  0.6016E-01  0.0000E+00  0.0000E+00  0.0000E+00  0.0000E+00  0.0000E+00
     21.114  0.9784E-02  0.5619E-01  0.5619E-01  0.5619E-01  0.0000E+00  0.0000E+00  0.0000E+00  0.0000E+00  0.0000E+00
     21.244  0.7799E-02  0.5134E-01  0.5134E-01  0.5134E-01  0.0000E+00  0.0000E+00  0.0000E+00  0.0000E+00  0.0000E+00
     21.375  0.6046E-02  0.4686E-01  0.4686E-01  0.4686E-01  0.0000E+00  0.0000E+00  0.0000E+00  0.0000E+00  0.0000E+00
     21.506  0.4389E-02  0.4201E-01  0.4201E-01  0.4201E-01  0.0000E+00  0.0000E+00  0.0000E+00  0.0000E+00  0.0000E+00
     21.637  0.2982E-02  0.3666E-01  0.3666E-01  0.3666E-01  0.0000E+00  0.0000E+00  0.0000E+00  0.0000E+00  0.0000E+00
     21.767  0.1477E-02  0.2810E-01  0.2810E-01  0.2810E-01  0.0000E+00  0.0000E+00  0.0000E+00  0.0000E+00  0.0000E+00
     21.898  0.4531E-03  0.1522E-01  0.1522E-01  0.1522E-01  0.0000E+00  0.0000E+00  0.0000E+00  0.0000E+00  0.0000E+00
     22.029  0.1056E-03  0.8740E-02  0.8740E-02  0.8740E-02  0.0000E+00  0.0000E+00  0.0000E+00  0.0000E+00  0.0000E+00
     22.160  0.5974E-05  0.1249E-02  0.1249E-02  0.1249E-02  0.0000E+00  0.0000E+00  0.0000E+00  0.0000E+00  0.0000E+00
     22.290  0.0000E+00  0.0000E+00  0.0000E+00  0.0000E+00  0.0000E+00  0.0000E+00  0.0000E+00  0.0000E+00  0.0000E+00
     22.421  0.0000E+00  0.0000E+00  0.0000E+00  0.0000E+00  0.0000E+00  0.0000E+00  0.0000E+00  0.0000E+00  0.0000E+00
     22.552  0.0000E+00  0.0000E+00  0.0000E+00  0.0000E+00  0.0000E+00  0.0000E+00  0.0000E+00  0.0000E+00  0.0000E+00
     22.682  0.0000E+00  0.0000E+00  0.0000E+00  0.0000E+00  0.0000E+00  0.0000E+00  0.0000E+00  0.0000E+00  0.0000E+00
     22.813  0.0000E+00  0.0000E+00  0.0000E+00  0.0000E+00  0.0000E+00  0.0000E+00  0.0000E+00  0.0000E+00  0.0000E+00
     22.944  0.0000E+00  0.0000E+00  0.0000E+00  0.0000E+00  0.0000E+00  0.0000E+00  0.0000E+00  0.0000E+00  0.0000E+00
     23.075  0.0000E+00  0.0000E+00  0.0000E+00  0.0000E+00  0.0000E+00  0.0000E+00  0.0000E+00  0.0000E+00  0.0000E+00
     23.205  0.0000E+00  0.0000E+00  0.0000E+00  0.0000E+00  0.0000E+00  0.0000E+00  0.0000E+00  0.0000E+00  0.0000E+00
     23.336  0.0000E+00  0.0000E+00  0.0000E+00  0.0000E+00  0.0000E+00  0.0000E+00  0.0000E+00  0.0000E+00  0.0000E+00
     23.467  0.0000E+00  0.0000E+00  0.0000E+00  0.0000E+00  0.0000E+00  0.0000E+00  0.0000E+00  0.0000E+00  0.0000E+00
     23.598  0.0000E+00  0.0000E+00  0.0000E+00  0.0000E+00  0.0000E+00  0.0000E+00  0.0000E+00  0.0000E+00  0.0000E+00
     23.728  0.0000E+00  0.0000E+00  0.0000E+00  0.0000E+00  0.0000E+00  0.0000E+00  0.0000E+00  0.0000E+00  0.0000E+00
     23.859  0.0000E+00  0.0000E+00  0.0000E+00  0.0000E+00  0.0000E+00  0.0000E+00  0.0000E+00  0.0000E+00  0.0000E+00
     23.990  0.0000E+00  0.0000E+00  0.0000E+00  0.0000E+00  0.0000E+00  0.0000E+00  0.0000E+00  0.0000E+00  0.0000E+00
     24.120  0.0000E+00  0.0000E+00  0.0000E+00  0.0000E+00  0.0000E+00  0.0000E+00  0.0000E+00  0.0000E+00  0.0000E+00
