   2   2   1   0
  0.4504387E+01  0.2335574E-09  0.2335574E-09  0.2335574E-09  0.5000000E-15
  1.000000000000000E-004
  CAR 
 C                                       
     37.59102783    -15.18974441  301     18.24287606      1.00000000
    -15.190  0.0000E+00  0.0000E+00
    -15.014  0.0000E+00  0.0000E+00
    -14.838  0.0000E+00  0.0000E+00
    -14.662  0.0000E+00  0.0000E+00
    -14.486  0.0000E+00  0.0000E+00
    -14.310  0.0000E+00  0.0000E+00
    -14.134  0.0000E+00  0.0000E+00
    -13.958  0.0000E+00  0.0000E+00
    -13.782  0.0000E+00  0.0000E+00
    -13.606  0.0000E+00  0.0000E+00
    -13.430  0.0000E+00  0.0000E+00
    -13.254  0.0000E+00  0.0000E+00
    -13.079  0.0000E+00  0.0000E+00
    -12.903  0.0000E+00  0.0000E+00
    -12.727  0.2194E-01  0.7779E-03
    -12.551  0.5697E-01  0.6313E-02
    -12.375  0.5547E-01  0.1465E-01
    -12.199  0.6620E-01  0.2506E-01
    -12.023  0.7342E-01  0.3720E-01
    -11.847  0.8212E-01  0.5086E-01
    -11.671  0.8897E-01  0.6589E-01
    -11.495  0.9609E-01  0.8217E-01
    -11.319  0.1025E+00  0.9962E-01
    -11.143  0.1085E+00  0.1182E+00
    -10.967  0.1147E+00  0.1378E+00
    -10.791  0.1200E+00  0.1585E+00
    -10.615  0.1255E+00  0.1801E+00
    -10.439  0.1306E+00  0.2026E+00
    -10.264  0.1358E+00  0.2261E+00
    -10.088  0.1406E+00  0.2504E+00
     -9.912  0.1455E+00  0.2755E+00
     -9.736  0.1501E+00  0.3015E+00
     -9.560  0.1549E+00  0.3284E+00
     -9.384  0.1592E+00  0.3560E+00
     -9.208  0.1638E+00  0.3844E+00
     -9.032  0.1681E+00  0.4136E+00
     -8.856  0.1724E+00  0.4435E+00
     -8.680  0.1767E+00  0.4743E+00
     -8.504  0.1809E+00  0.5057E+00
     -8.328  0.1852E+00  0.5379E+00
     -8.152  0.1894E+00  0.5709E+00
     -7.976  0.1936E+00  0.6046E+00
     -7.800  0.1979E+00  0.6390E+00
     -7.625  0.2020E+00  0.6742E+00
     -7.449  0.2063E+00  0.7101E+00
     -7.273  0.2107E+00  0.7468E+00
     -7.097  0.2150E+00  0.7842E+00
     -6.921  0.2195E+00  0.8224E+00
     -6.745  0.2242E+00  0.8615E+00
     -6.569  0.2290E+00  0.9013E+00
     -6.393  0.2341E+00  0.9420E+00
     -6.217  0.2396E+00  0.9837E+00
     -6.041  0.2457E+00  0.1026E+01
     -5.865  0.2528E+00  0.1070E+01
     -5.689  0.2617E+00  0.1115E+01
     -5.513  0.2754E+00  0.1163E+01
     -5.337  0.3064E+00  0.1214E+01
     -5.161  0.2985E+00  0.1266E+01
     -4.985  0.2867E+00  0.1317E+01
     -4.810  0.2759E+00  0.1366E+01
     -4.634  0.2709E+00  0.1414E+01
     -4.458  0.2583E+00  0.1460E+01
     -4.282  0.2506E+00  0.1506E+01
     -4.106  0.2418E+00  0.1549E+01
     -3.930  0.2352E+00  0.1591E+01
     -3.754  0.2251E+00  0.1631E+01
     -3.578  0.2175E+00  0.1670E+01
     -3.402  0.2469E+00  0.1711E+01
     -3.226  0.2550E+00  0.1755E+01
     -3.050  0.2612E+00  0.1800E+01
     -2.874  0.2625E+00  0.1846E+01
     -2.698  0.2690E+00  0.1892E+01
     -2.522  0.2714E+00  0.1940E+01
     -2.346  0.2799E+00  0.1989E+01
     -2.170  0.2845E+00  0.2038E+01
     -1.995  0.2848E+00  0.2088E+01
     -1.819  0.2637E+00  0.2137E+01
     -1.643  0.2528E+00  0.2182E+01
     -1.467  0.2566E+00  0.2227E+01
     -1.291  0.2720E+00  0.2273E+01
     -1.115  0.2972E+00  0.2323E+01
     -0.939  0.3381E+00  0.2379E+01
     -0.763  0.4480E+00  0.2446E+01
     -0.587  0.4563E+00  0.2526E+01
     -0.411  0.4520E+00  0.2605E+01
     -0.235  0.3798E+00  0.2677E+01
     -0.059  0.3435E+00  0.2740E+01
      0.117  0.3196E+00  0.2799E+01
      0.293  0.3012E+00  0.2853E+01
      0.469  0.2849E+00  0.2905E+01
      0.644  0.2717E+00  0.2954E+01
      0.820  0.2577E+00  0.3000E+01
      0.996  0.2509E+00  0.3045E+01
      1.172  0.2951E+00  0.3093E+01
      1.348  0.3130E+00  0.3146E+01
      1.524  0.3302E+00  0.3201E+01
      1.700  0.3511E+00  0.3261E+01
      1.876  0.3811E+00  0.3325E+01
      2.052  0.4195E+00  0.3397E+01
      2.228  0.4106E+00  0.3469E+01
      2.404  0.4003E+00  0.3540E+01
      2.580  0.4037E+00  0.3611E+01
      2.756  0.4032E+00  0.3682E+01
      2.932  0.4108E+00  0.3753E+01
      3.108  0.4158E+00  0.3827E+01
      3.284  0.4221E+00  0.3900E+01
      3.459  0.4316E+00  0.3975E+01
      3.635  0.4387E+00  0.4052E+01
      3.811  0.4499E+00  0.4129E+01
      3.987  0.4618E+00  0.4209E+01
      4.163  0.4662E+00  0.4291E+01
      4.339  0.4895E+00  0.4375E+01
      4.515  0.4983E+00  0.4461E+01
      4.691  0.5212E+00  0.4551E+01
      4.867  0.5533E+00  0.4645E+01
      5.043  0.6047E+00  0.4745E+01
      5.219  0.6624E+00  0.4857E+01
      5.395  0.6526E+00  0.4969E+01
      5.571  0.6285E+00  0.5080E+01
      5.747  0.6182E+00  0.5189E+01
      5.923  0.6120E+00  0.5297E+01
      6.099  0.6037E+00  0.5404E+01
      6.274  0.5980E+00  0.5510E+01
      6.450  0.5892E+00  0.5614E+01
      6.626  0.5851E+00  0.5718E+01
      6.802  0.5775E+00  0.5820E+01
      6.978  0.5700E+00  0.5921E+01
      7.154  0.5651E+00  0.6021E+01
      7.330  0.5586E+00  0.6120E+01
      7.506  0.5515E+00  0.6217E+01
      7.682  0.5451E+00  0.6314E+01
      7.858  0.5401E+00  0.6409E+01
      8.034  0.5314E+00  0.6503E+01
      8.210  0.5261E+00  0.6596E+01
      8.386  0.5212E+00  0.6689E+01
      8.562  0.5142E+00  0.6780E+01
      8.738  0.5068E+00  0.6869E+01
      8.913  0.5032E+00  0.6958E+01
      9.089  0.4961E+00  0.7046E+01
      9.265  0.4905E+00  0.7133E+01
      9.441  0.4835E+00  0.7219E+01
      9.617  0.4816E+00  0.7303E+01
      9.793  0.4198E+00  0.7382E+01
      9.969  0.3623E+00  0.7448E+01
     10.145  0.3226E+00  0.7507E+01
     10.321  0.2916E+00  0.7561E+01
     10.497  0.2670E+00  0.7610E+01
     10.673  0.2463E+00  0.7655E+01
     10.849  0.2270E+00  0.7697E+01
     11.025  0.2088E+00  0.7735E+01
     11.201  0.1924E+00  0.7770E+01
     11.377  0.1771E+00  0.7803E+01
     11.553  0.1622E+00  0.7833E+01
     11.728  0.1481E+00  0.7860E+01
     11.904  0.1346E+00  0.7885E+01
     12.080  0.1219E+00  0.7907E+01
     12.256  0.1087E+00  0.7928E+01
     12.432  0.9594E-01  0.7946E+01
     12.608  0.8333E-01  0.7962E+01
     12.784  0.7030E-01  0.7975E+01
     12.960  0.5726E-01  0.7986E+01
     13.136  0.4499E-01  0.7995E+01
     13.312  0.2952E-01  0.8000E+01
     13.488  0.0000E+00  0.8000E+01
     13.664  0.0000E+00  0.8000E+01
     13.840  0.0000E+00  0.8000E+01
     14.016  0.0000E+00  0.8000E+01
     14.192  0.0000E+00  0.8000E+01
     14.367  0.0000E+00  0.8000E+01
     14.543  0.0000E+00  0.8000E+01
     14.719  0.0000E+00  0.8000E+01
     14.895  0.0000E+00  0.8000E+01
     15.071  0.0000E+00  0.8000E+01
     15.247  0.0000E+00  0.8000E+01
     15.423  0.0000E+00  0.8000E+01
     15.599  0.0000E+00  0.8000E+01
     15.775  0.0000E+00  0.8000E+01
     15.951  0.0000E+00  0.8000E+01
     16.127  0.0000E+00  0.8000E+01
     16.303  0.0000E+00  0.8000E+01
     16.479  0.0000E+00  0.8000E+01
     16.655  0.0000E+00  0.8000E+01
     16.831  0.0000E+00  0.8000E+01
     17.007  0.0000E+00  0.8000E+01
     17.182  0.0000E+00  0.8000E+01
     17.358  0.0000E+00  0.8000E+01
     17.534  0.0000E+00  0.8000E+01
     17.710  0.0000E+00  0.8000E+01
     17.886  0.0000E+00  0.8000E+01
     18.062  0.0000E+00  0.8000E+01
     18.238  0.0000E+00  0.8000E+01
     18.414  0.6976E-01  0.8006E+01
     18.590  0.9200E-01  0.8018E+01
     18.766  0.1193E+00  0.8036E+01
     18.942  0.1617E+00  0.8061E+01
     19.118  0.1992E+00  0.8092E+01
     19.294  0.2291E+00  0.8129E+01
     19.470  0.2571E+00  0.8171E+01
     19.646  0.2866E+00  0.8219E+01
     19.822  0.3317E+00  0.8273E+01
     19.997  0.3598E+00  0.8334E+01
     20.173  0.3718E+00  0.8397E+01
     20.349  0.3882E+00  0.8464E+01
     20.525  0.4043E+00  0.8534E+01
     20.701  0.4209E+00  0.8606E+01
     20.877  0.4376E+00  0.8682E+01
     21.053  0.4565E+00  0.8760E+01
     21.229  0.4753E+00  0.8842E+01
     21.405  0.4943E+00  0.8928E+01
     21.581  0.5145E+00  0.9016E+01
     21.757  0.5371E+00  0.9109E+01
     21.933  0.5630E+00  0.9206E+01
     22.109  0.5931E+00  0.9307E+01
     22.285  0.6270E+00  0.9414E+01
     22.461  0.6736E+00  0.9529E+01
     22.636  0.7513E+00  0.9653E+01
     22.812  0.8970E+00  0.9799E+01
     22.988  0.8505E+00  0.9949E+01
     23.164  0.7903E+00  0.1009E+02
     23.340  0.6250E+00  0.1020E+02
     23.516  0.5876E+00  0.1031E+02
     23.692  0.5344E+00  0.1041E+02
     23.868  0.5446E+00  0.1050E+02
     24.044  0.6365E+00  0.1061E+02
     24.220  0.6245E+00  0.1072E+02
     24.396  0.6092E+00  0.1083E+02
     24.572  0.6323E+00  0.1093E+02
     24.748  0.6432E+00  0.1105E+02
     24.924  0.6552E+00  0.1116E+02
     25.100  0.6374E+00  0.1127E+02
     25.276  0.6199E+00  0.1138E+02
     25.451  0.6197E+00  0.1149E+02
     25.627  0.6008E+00  0.1160E+02
     25.803  0.6047E+00  0.1170E+02
     25.979  0.6191E+00  0.1181E+02
     26.155  0.6127E+00  0.1192E+02
     26.331  0.5518E+00  0.1202E+02
     26.507  0.4677E+00  0.1211E+02
     26.683  0.4156E+00  0.1219E+02
     26.859  0.3855E+00  0.1226E+02
     27.035  0.3617E+00  0.1232E+02
     27.211  0.3560E+00  0.1239E+02
     27.387  0.3585E+00  0.1245E+02
     27.563  0.3542E+00  0.1251E+02
     27.739  0.3691E+00  0.1257E+02
     27.915  0.3708E+00  0.1264E+02
     28.090  0.3852E+00  0.1271E+02
     28.266  0.4020E+00  0.1277E+02
     28.442  0.4213E+00  0.1285E+02
     28.618  0.4427E+00  0.1292E+02
     28.794  0.4671E+00  0.1300E+02
     28.970  0.4951E+00  0.1309E+02
     29.146  0.5141E+00  0.1317E+02
     29.322  0.5334E+00  0.1327E+02
     29.498  0.5810E+00  0.1336E+02
     29.674  0.5759E+00  0.1346E+02
     29.850  0.5949E+00  0.1356E+02
     30.026  0.6030E+00  0.1367E+02
     30.202  0.6265E+00  0.1378E+02
     30.378  0.5931E+00  0.1388E+02
     30.554  0.5792E+00  0.1399E+02
     30.730  0.5839E+00  0.1409E+02
     30.905  0.6009E+00  0.1419E+02
     31.081  0.6176E+00  0.1430E+02
     31.257  0.6390E+00  0.1441E+02
     31.433  0.6575E+00  0.1452E+02
     31.609  0.6621E+00  0.1464E+02
     31.785  0.7304E+00  0.1476E+02
     31.961  0.7560E+00  0.1489E+02
     32.137  0.8031E+00  0.1503E+02
     32.313  0.1175E+01  0.1519E+02
     32.489  0.8871E+00  0.1536E+02
     32.665  0.6683E+00  0.1549E+02
     32.841  0.4514E+00  0.1558E+02
     33.017  0.3726E+00  0.1564E+02
     33.193  0.2742E+00  0.1569E+02
     33.369  0.2424E+00  0.1574E+02
     33.545  0.2237E+00  0.1578E+02
     33.720  0.2054E+00  0.1582E+02
     33.896  0.1883E+00  0.1585E+02
     34.072  0.1695E+00  0.1588E+02
     34.248  0.1515E+00  0.1591E+02
     34.424  0.1334E+00  0.1594E+02
     34.600  0.1144E+00  0.1596E+02
     34.776  0.9306E-01  0.1598E+02
     34.952  0.7126E-01  0.1599E+02
     35.128  0.3141E-01  0.1600E+02
     35.304  0.1841E-02  0.1600E+02
     35.480  0.0000E+00  0.1600E+02
     35.656  0.0000E+00  0.1600E+02
     35.832  0.0000E+00  0.1600E+02
     36.008  0.0000E+00  0.1600E+02
     36.184  0.0000E+00  0.1600E+02
     36.359  0.0000E+00  0.1600E+02
     36.535  0.0000E+00  0.1600E+02
     36.711  0.0000E+00  0.1600E+02
     36.887  0.0000E+00  0.1600E+02
     37.063  0.0000E+00  0.1600E+02
     37.239  0.0000E+00  0.1600E+02
     37.415  0.0000E+00  0.1600E+02
     37.591  0.0000E+00  0.1600E+02
     37.59102783    -15.18974441  301     18.24287606      1.00000000
    -15.190  0.0000E+00  0.0000E+00  0.0000E+00  0.0000E+00  0.0000E+00  0.0000E+00  0.0000E+00  0.0000E+00  0.0000E+00
    -15.014  0.0000E+00  0.0000E+00  0.0000E+00  0.0000E+00  0.0000E+00  0.0000E+00  0.0000E+00  0.0000E+00  0.0000E+00
    -14.838  0.0000E+00  0.0000E+00  0.0000E+00  0.0000E+00  0.0000E+00  0.0000E+00  0.0000E+00  0.0000E+00  0.0000E+00
    -14.662  0.0000E+00  0.0000E+00  0.0000E+00  0.0000E+00  0.0000E+00  0.0000E+00  0.0000E+00  0.0000E+00  0.0000E+00
    -14.486  0.0000E+00  0.0000E+00  0.0000E+00  0.0000E+00  0.0000E+00  0.0000E+00  0.0000E+00  0.0000E+00  0.0000E+00
    -14.310  0.0000E+00  0.0000E+00  0.0000E+00  0.0000E+00  0.0000E+00  0.0000E+00  0.0000E+00  0.0000E+00  0.0000E+00
    -14.134  0.0000E+00  0.0000E+00  0.0000E+00  0.0000E+00  0.0000E+00  0.0000E+00  0.0000E+00  0.0000E+00  0.0000E+00
    -13.958  0.0000E+00  0.0000E+00  0.0000E+00  0.0000E+00  0.0000E+00  0.0000E+00  0.0000E+00  0.0000E+00  0.0000E+00
    -13.782  0.0000E+00  0.0000E+00  0.0000E+00  0.0000E+00  0.0000E+00  0.0000E+00  0.0000E+00  0.0000E+00  0.0000E+00
    -13.606  0.0000E+00  0.0000E+00  0.0000E+00  0.0000E+00  0.0000E+00  0.0000E+00  0.0000E+00  0.0000E+00  0.0000E+00
    -13.430  0.0000E+00  0.0000E+00  0.0000E+00  0.0000E+00  0.0000E+00  0.0000E+00  0.0000E+00  0.0000E+00  0.0000E+00
    -13.254  0.0000E+00  0.0000E+00  0.0000E+00  0.0000E+00  0.0000E+00  0.0000E+00  0.0000E+00  0.0000E+00  0.0000E+00
    -13.079  0.0000E+00  0.0000E+00  0.0000E+00  0.0000E+00  0.0000E+00  0.0000E+00  0.0000E+00  0.0000E+00  0.0000E+00
    -12.903  0.0000E+00  0.0000E+00  0.0000E+00  0.0000E+00  0.0000E+00  0.0000E+00  0.0000E+00  0.0000E+00  0.0000E+00
    -12.727  0.7036E-02  0.6882E-05  0.6882E-05  0.6882E-05  0.0000E+00  0.0000E+00  0.0000E+00  0.0000E+00  0.0000E+00
    -12.551  0.1817E-01  0.6212E-04  0.6212E-04  0.6212E-04  0.0000E+00  0.0000E+00  0.0000E+00  0.0000E+00  0.0000E+00
    -12.375  0.1756E-01  0.1159E-03  0.1159E-03  0.1159E-03  0.0000E+00  0.0000E+00  0.0000E+00  0.0000E+00  0.0000E+00
    -12.199  0.2082E-01  0.1956E-03  0.1956E-03  0.1956E-03  0.0000E+00  0.0000E+00  0.0000E+00  0.0000E+00  0.0000E+00
    -12.023  0.2294E-01  0.2819E-03  0.2819E-03  0.2819E-03  0.0000E+00  0.0000E+00  0.0000E+00  0.0000E+00  0.0000E+00
    -11.847  0.2550E-01  0.3865E-03  0.3865E-03  0.3865E-03  0.0000E+00  0.0000E+00  0.0000E+00  0.0000E+00  0.0000E+00
    -11.671  0.2745E-01  0.4952E-03  0.4952E-03  0.4952E-03  0.0000E+00  0.0000E+00  0.0000E+00  0.0000E+00  0.0000E+00
    -11.495  0.2946E-01  0.6139E-03  0.6139E-03  0.6139E-03  0.0000E+00  0.0000E+00  0.0000E+00  0.0000E+00  0.0000E+00
    -11.319  0.3121E-01  0.7426E-03  0.7426E-03  0.7426E-03  0.0000E+00  0.0000E+00  0.0000E+00  0.0000E+00  0.0000E+00
    -11.143  0.3285E-01  0.8789E-03  0.8789E-03  0.8789E-03  0.0000E+00  0.0000E+00  0.0000E+00  0.0000E+00  0.0000E+00
    -10.967  0.3449E-01  0.1019E-02  0.1019E-02  0.1019E-02  0.0000E+00  0.0000E+00  0.0000E+00  0.0000E+00  0.0000E+00
    -10.791  0.3586E-01  0.1171E-02  0.1171E-02  0.1171E-02  0.0000E+00  0.0000E+00  0.0000E+00  0.0000E+00  0.0000E+00
    -10.615  0.3729E-01  0.1325E-02  0.1325E-02  0.1325E-02  0.0000E+00  0.0000E+00  0.0000E+00  0.0000E+00  0.0000E+00
    -10.439  0.3855E-01  0.1488E-02  0.1488E-02  0.1488E-02  0.0000E+00  0.0000E+00  0.0000E+00  0.0000E+00  0.0000E+00
    -10.264  0.3984E-01  0.1654E-02  0.1654E-02  0.1654E-02  0.0000E+00  0.0000E+00  0.0000E+00  0.0000E+00  0.0000E+00
    -10.088  0.4099E-01  0.1828E-02  0.1828E-02  0.1828E-02  0.0000E+00  0.0000E+00  0.0000E+00  0.0000E+00  0.0000E+00
     -9.912  0.4217E-01  0.2004E-02  0.2004E-02  0.2004E-02  0.0000E+00  0.0000E+00  0.0000E+00  0.0000E+00  0.0000E+00
     -9.736  0.4323E-01  0.2189E-02  0.2189E-02  0.2189E-02  0.0000E+00  0.0000E+00  0.0000E+00  0.0000E+00  0.0000E+00
     -9.560  0.4436E-01  0.2373E-02  0.2373E-02  0.2373E-02  0.0000E+00  0.0000E+00  0.0000E+00  0.0000E+00  0.0000E+00
     -9.384  0.4531E-01  0.2569E-02  0.2569E-02  0.2569E-02  0.0000E+00  0.0000E+00  0.0000E+00  0.0000E+00  0.0000E+00
     -9.208  0.4635E-01  0.2764E-02  0.2764E-02  0.2764E-02  0.0000E+00  0.0000E+00  0.0000E+00  0.0000E+00  0.0000E+00
     -9.032  0.4729E-01  0.2967E-02  0.2967E-02  0.2967E-02  0.0000E+00  0.0000E+00  0.0000E+00  0.0000E+00  0.0000E+00
     -8.856  0.4823E-01  0.3172E-02  0.3172E-02  0.3172E-02  0.0000E+00  0.0000E+00  0.0000E+00  0.0000E+00  0.0000E+00
     -8.680  0.4919E-01  0.3380E-02  0.3380E-02  0.3380E-02  0.0000E+00  0.0000E+00  0.0000E+00  0.0000E+00  0.0000E+00
     -8.504  0.5006E-01  0.3595E-02  0.3595E-02  0.3595E-02  0.0000E+00  0.0000E+00  0.0000E+00  0.0000E+00  0.0000E+00
     -8.328  0.5099E-01  0.3810E-02  0.3810E-02  0.3810E-02  0.0000E+00  0.0000E+00  0.0000E+00  0.0000E+00  0.0000E+00
     -8.152  0.5187E-01  0.4032E-02  0.4032E-02  0.4032E-02  0.0000E+00  0.0000E+00  0.0000E+00  0.0000E+00  0.0000E+00
     -7.976  0.5275E-01  0.4257E-02  0.4257E-02  0.4257E-02  0.0000E+00  0.0000E+00  0.0000E+00  0.0000E+00  0.0000E+00
     -7.800  0.5369E-01  0.4481E-02  0.4481E-02  0.4481E-02  0.0000E+00  0.0000E+00  0.0000E+00  0.0000E+00  0.0000E+00
     -7.625  0.5454E-01  0.4715E-02  0.4715E-02  0.4715E-02  0.0000E+00  0.0000E+00  0.0000E+00  0.0000E+00  0.0000E+00
     -7.449  0.5546E-01  0.4948E-02  0.4948E-02  0.4948E-02  0.0000E+00  0.0000E+00  0.0000E+00  0.0000E+00  0.0000E+00
     -7.273  0.5642E-01  0.5182E-02  0.5182E-02  0.5182E-02  0.0000E+00  0.0000E+00  0.0000E+00  0.0000E+00  0.0000E+00
     -7.097  0.5736E-01  0.5425E-02  0.5425E-02  0.5425E-02  0.0000E+00  0.0000E+00  0.0000E+00  0.0000E+00  0.0000E+00
     -6.921  0.5838E-01  0.5666E-02  0.5666E-02  0.5666E-02  0.0000E+00  0.0000E+00  0.0000E+00  0.0000E+00  0.0000E+00
     -6.745  0.5946E-01  0.5909E-02  0.5909E-02  0.5909E-02  0.0000E+00  0.0000E+00  0.0000E+00  0.0000E+00  0.0000E+00
     -6.569  0.6060E-01  0.6159E-02  0.6159E-02  0.6159E-02  0.0000E+00  0.0000E+00  0.0000E+00  0.0000E+00  0.0000E+00
     -6.393  0.6187E-01  0.6407E-02  0.6407E-02  0.6407E-02  0.0000E+00  0.0000E+00  0.0000E+00  0.0000E+00  0.0000E+00
     -6.217  0.6330E-01  0.6659E-02  0.6659E-02  0.6659E-02  0.0000E+00  0.0000E+00  0.0000E+00  0.0000E+00  0.0000E+00
     -6.041  0.6495E-01  0.6920E-02  0.6920E-02  0.6920E-02  0.0000E+00  0.0000E+00  0.0000E+00  0.0000E+00  0.0000E+00
     -5.865  0.6698E-01  0.7184E-02  0.7184E-02  0.7184E-02  0.0000E+00  0.0000E+00  0.0000E+00  0.0000E+00  0.0000E+00
     -5.689  0.6968E-01  0.7464E-02  0.7464E-02  0.7464E-02  0.0000E+00  0.0000E+00  0.0000E+00  0.0000E+00  0.0000E+00
     -5.513  0.7400E-01  0.7808E-02  0.7808E-02  0.7808E-02  0.0000E+00  0.0000E+00  0.0000E+00  0.0000E+00  0.0000E+00
     -5.337  0.8418E-01  0.8384E-02  0.8384E-02  0.8384E-02  0.0000E+00  0.0000E+00  0.0000E+00  0.0000E+00  0.0000E+00
     -5.161  0.8169E-01  0.8373E-02  0.8373E-02  0.8373E-02  0.0000E+00  0.0000E+00  0.0000E+00  0.0000E+00  0.0000E+00
     -4.985  0.7793E-01  0.8299E-02  0.8299E-02  0.8299E-02  0.0000E+00  0.0000E+00  0.0000E+00  0.0000E+00  0.0000E+00
     -4.810  0.7456E-01  0.8215E-02  0.8215E-02  0.8215E-02  0.0000E+00  0.0000E+00  0.0000E+00  0.0000E+00  0.0000E+00
     -4.634  0.7307E-01  0.8223E-02  0.8223E-02  0.8223E-02  0.0000E+00  0.0000E+00  0.0000E+00  0.0000E+00  0.0000E+00
     -4.458  0.6917E-01  0.8078E-02  0.8078E-02  0.8078E-02  0.0000E+00  0.0000E+00  0.0000E+00  0.0000E+00  0.0000E+00
     -4.282  0.6687E-01  0.8013E-02  0.8013E-02  0.8013E-02  0.0000E+00  0.0000E+00  0.0000E+00  0.0000E+00  0.0000E+00
     -4.106  0.6423E-01  0.7904E-02  0.7904E-02  0.7904E-02  0.0000E+00  0.0000E+00  0.0000E+00  0.0000E+00  0.0000E+00
     -3.930  0.6229E-01  0.7850E-02  0.7850E-02  0.7850E-02  0.0000E+00  0.0000E+00  0.0000E+00  0.0000E+00  0.0000E+00
     -3.754  0.5932E-01  0.7691E-02  0.7691E-02  0.7691E-02  0.0000E+00  0.0000E+00  0.0000E+00  0.0000E+00  0.0000E+00
     -3.578  0.5699E-01  0.7595E-02  0.7595E-02  0.7595E-02  0.0000E+00  0.0000E+00  0.0000E+00  0.0000E+00  0.0000E+00
     -3.402  0.5800E-01  0.1021E-01  0.1021E-01  0.1021E-01  0.0000E+00  0.0000E+00  0.0000E+00  0.0000E+00  0.0000E+00
     -3.226  0.5702E-01  0.1129E-01  0.1129E-01  0.1129E-01  0.0000E+00  0.0000E+00  0.0000E+00  0.0000E+00  0.0000E+00
     -3.050  0.5630E-01  0.1214E-01  0.1214E-01  0.1214E-01  0.0000E+00  0.0000E+00  0.0000E+00  0.0000E+00  0.0000E+00
     -2.874  0.5508E-01  0.1265E-01  0.1265E-01  0.1265E-01  0.0000E+00  0.0000E+00  0.0000E+00  0.0000E+00  0.0000E+00
     -2.698  0.5442E-01  0.1351E-01  0.1351E-01  0.1351E-01  0.0000E+00  0.0000E+00  0.0000E+00  0.0000E+00  0.0000E+00
     -2.522  0.5341E-01  0.1407E-01  0.1407E-01  0.1407E-01  0.0000E+00  0.0000E+00  0.0000E+00  0.0000E+00  0.0000E+00
     -2.346  0.5344E-01  0.1498E-01  0.1498E-01  0.1498E-01  0.0000E+00  0.0000E+00  0.0000E+00  0.0000E+00  0.0000E+00
     -2.170  0.5288E-01  0.1566E-01  0.1566E-01  0.1566E-01  0.0000E+00  0.0000E+00  0.0000E+00  0.0000E+00  0.0000E+00
     -1.995  0.5117E-01  0.1616E-01  0.1616E-01  0.1616E-01  0.0000E+00  0.0000E+00  0.0000E+00  0.0000E+00  0.0000E+00
     -1.819  0.4424E-01  0.1575E-01  0.1575E-01  0.1575E-01  0.0000E+00  0.0000E+00  0.0000E+00  0.0000E+00  0.0000E+00
     -1.643  0.3909E-01  0.1589E-01  0.1589E-01  0.1589E-01  0.0000E+00  0.0000E+00  0.0000E+00  0.0000E+00  0.0000E+00
     -1.467  0.3802E-01  0.1658E-01  0.1658E-01  0.1658E-01  0.0000E+00  0.0000E+00  0.0000E+00  0.0000E+00  0.0000E+00
     -1.291  0.3980E-01  0.1780E-01  0.1780E-01  0.1780E-01  0.0000E+00  0.0000E+00  0.0000E+00  0.0000E+00  0.0000E+00
     -1.115  0.4353E-01  0.1957E-01  0.1957E-01  0.1957E-01  0.0000E+00  0.0000E+00  0.0000E+00  0.0000E+00  0.0000E+00
     -0.939  0.5112E-01  0.2210E-01  0.2210E-01  0.2210E-01  0.0000E+00  0.0000E+00  0.0000E+00  0.0000E+00  0.0000E+00
     -0.763  0.7173E-01  0.2871E-01  0.2871E-01  0.2871E-01  0.0000E+00  0.0000E+00  0.0000E+00  0.0000E+00  0.0000E+00
     -0.587  0.7545E-01  0.2900E-01  0.2900E-01  0.2900E-01  0.0000E+00  0.0000E+00  0.0000E+00  0.0000E+00  0.0000E+00
     -0.411  0.7647E-01  0.2862E-01  0.2862E-01  0.2862E-01  0.0000E+00  0.0000E+00  0.0000E+00  0.0000E+00  0.0000E+00
     -0.235  0.6309E-01  0.2445E-01  0.2445E-01  0.2445E-01  0.0000E+00  0.0000E+00  0.0000E+00  0.0000E+00  0.0000E+00
     -0.059  0.5623E-01  0.2244E-01  0.2244E-01  0.2244E-01  0.0000E+00  0.0000E+00  0.0000E+00  0.0000E+00  0.0000E+00
      0.117  0.5177E-01  0.2114E-01  0.2114E-01  0.2114E-01  0.0000E+00  0.0000E+00  0.0000E+00  0.0000E+00  0.0000E+00
      0.293  0.4820E-01  0.2019E-01  0.2019E-01  0.2019E-01  0.0000E+00  0.0000E+00  0.0000E+00  0.0000E+00  0.0000E+00
      0.469  0.4504E-01  0.1934E-01  0.1934E-01  0.1934E-01  0.0000E+00  0.0000E+00  0.0000E+00  0.0000E+00  0.0000E+00
      0.644  0.4240E-01  0.1868E-01  0.1868E-01  0.1868E-01  0.0000E+00  0.0000E+00  0.0000E+00  0.0000E+00  0.0000E+00
      0.820  0.3962E-01  0.1796E-01  0.1796E-01  0.1796E-01  0.0000E+00  0.0000E+00  0.0000E+00  0.0000E+00  0.0000E+00
      0.996  0.3766E-01  0.1779E-01  0.1779E-01  0.1779E-01  0.0000E+00  0.0000E+00  0.0000E+00  0.0000E+00  0.0000E+00
      1.172  0.3647E-01  0.2256E-01  0.2256E-01  0.2256E-01  0.0000E+00  0.0000E+00  0.0000E+00  0.0000E+00  0.0000E+00
      1.348  0.3581E-01  0.2464E-01  0.2464E-01  0.2464E-01  0.0000E+00  0.0000E+00  0.0000E+00  0.0000E+00  0.0000E+00
      1.524  0.3473E-01  0.2674E-01  0.2674E-01  0.2674E-01  0.0000E+00  0.0000E+00  0.0000E+00  0.0000E+00  0.0000E+00
      1.700  0.3468E-01  0.2905E-01  0.2905E-01  0.2905E-01  0.0000E+00  0.0000E+00  0.0000E+00  0.0000E+00  0.0000E+00
      1.876  0.3459E-01  0.3233E-01  0.3233E-01  0.3233E-01  0.0000E+00  0.0000E+00  0.0000E+00  0.0000E+00  0.0000E+00
      2.052  0.3526E-01  0.3636E-01  0.3636E-01  0.3636E-01  0.0000E+00  0.0000E+00  0.0000E+00  0.0000E+00  0.0000E+00
      2.228  0.3505E-01  0.3572E-01  0.3572E-01  0.3572E-01  0.0000E+00  0.0000E+00  0.0000E+00  0.0000E+00  0.0000E+00
      2.404  0.3426E-01  0.3503E-01  0.3503E-01  0.3503E-01  0.0000E+00  0.0000E+00  0.0000E+00  0.0000E+00  0.0000E+00
      2.580  0.3429E-01  0.3561E-01  0.3561E-01  0.3561E-01  0.0000E+00  0.0000E+00  0.0000E+00  0.0000E+00  0.0000E+00
      2.756  0.3331E-01  0.3600E-01  0.3600E-01  0.3600E-01  0.0000E+00  0.0000E+00  0.0000E+00  0.0000E+00  0.0000E+00
      2.932  0.3304E-01  0.3709E-01  0.3709E-01  0.3709E-01  0.0000E+00  0.0000E+00  0.0000E+00  0.0000E+00  0.0000E+00
      3.108  0.3241E-01  0.3799E-01  0.3799E-01  0.3799E-01  0.0000E+00  0.0000E+00  0.0000E+00  0.0000E+00  0.0000E+00
      3.284  0.3153E-01  0.3911E-01  0.3911E-01  0.3911E-01  0.0000E+00  0.0000E+00  0.0000E+00  0.0000E+00  0.0000E+00
      3.459  0.3126E-01  0.4045E-01  0.4045E-01  0.4045E-01  0.0000E+00  0.0000E+00  0.0000E+00  0.0000E+00  0.0000E+00
      3.635  0.3031E-01  0.4169E-01  0.4169E-01  0.4169E-01  0.0000E+00  0.0000E+00  0.0000E+00  0.0000E+00  0.0000E+00
      3.811  0.2972E-01  0.4334E-01  0.4334E-01  0.4334E-01  0.0000E+00  0.0000E+00  0.0000E+00  0.0000E+00  0.0000E+00
      3.987  0.2921E-01  0.4505E-01  0.4505E-01  0.4505E-01  0.0000E+00  0.0000E+00  0.0000E+00  0.0000E+00  0.0000E+00
      4.163  0.2804E-01  0.4610E-01  0.4610E-01  0.4610E-01  0.0000E+00  0.0000E+00  0.0000E+00  0.0000E+00  0.0000E+00
      4.339  0.2762E-01  0.4917E-01  0.4917E-01  0.4917E-01  0.0000E+00  0.0000E+00  0.0000E+00  0.0000E+00  0.0000E+00
      4.515  0.2689E-01  0.5064E-01  0.5064E-01  0.5064E-01  0.0000E+00  0.0000E+00  0.0000E+00  0.0000E+00  0.0000E+00
      4.691  0.2581E-01  0.5394E-01  0.5394E-01  0.5394E-01  0.0000E+00  0.0000E+00  0.0000E+00  0.0000E+00  0.0000E+00
      4.867  0.2522E-01  0.5826E-01  0.5826E-01  0.5826E-01  0.0000E+00  0.0000E+00  0.0000E+00  0.0000E+00  0.0000E+00
      5.043  0.2445E-01  0.6506E-01  0.6506E-01  0.6506E-01  0.0000E+00  0.0000E+00  0.0000E+00  0.0000E+00  0.0000E+00
      5.219  0.2323E-01  0.7286E-01  0.7286E-01  0.7286E-01  0.0000E+00  0.0000E+00  0.0000E+00  0.0000E+00  0.0000E+00
      5.395  0.2251E-01  0.7209E-01  0.7209E-01  0.7209E-01  0.0000E+00  0.0000E+00  0.0000E+00  0.0000E+00  0.0000E+00
      5.571  0.2162E-01  0.6961E-01  0.6961E-01  0.6961E-01  0.0000E+00  0.0000E+00  0.0000E+00  0.0000E+00  0.0000E+00
      5.747  0.2053E-01  0.6889E-01  0.6889E-01  0.6889E-01  0.0000E+00  0.0000E+00  0.0000E+00  0.0000E+00  0.0000E+00
      5.923  0.1979E-01  0.6859E-01  0.6859E-01  0.6859E-01  0.0000E+00  0.0000E+00  0.0000E+00  0.0000E+00  0.0000E+00
      6.099  0.1899E-01  0.6805E-01  0.6805E-01  0.6805E-01  0.0000E+00  0.0000E+00  0.0000E+00  0.0000E+00  0.0000E+00
      6.274  0.1802E-01  0.6787E-01  0.6787E-01  0.6787E-01  0.0000E+00  0.0000E+00  0.0000E+00  0.0000E+00  0.0000E+00
      6.450  0.1725E-01  0.6724E-01  0.6724E-01  0.6724E-01  0.0000E+00  0.0000E+00  0.0000E+00  0.0000E+00  0.0000E+00
      6.626  0.1652E-01  0.6721E-01  0.6721E-01  0.6721E-01  0.0000E+00  0.0000E+00  0.0000E+00  0.0000E+00  0.0000E+00
      6.802  0.1564E-01  0.6676E-01  0.6676E-01  0.6676E-01  0.0000E+00  0.0000E+00  0.0000E+00  0.0000E+00  0.0000E+00
      6.978  0.1481E-01  0.6635E-01  0.6635E-01  0.6635E-01  0.0000E+00  0.0000E+00  0.0000E+00  0.0000E+00  0.0000E+00
      7.154  0.1416E-01  0.6617E-01  0.6617E-01  0.6617E-01  0.0000E+00  0.0000E+00  0.0000E+00  0.0000E+00  0.0000E+00
      7.330  0.1347E-01  0.6580E-01  0.6580E-01  0.6580E-01  0.0000E+00  0.0000E+00  0.0000E+00  0.0000E+00  0.0000E+00
      7.506  0.1266E-01  0.6543E-01  0.6543E-01  0.6543E-01  0.0000E+00  0.0000E+00  0.0000E+00  0.0000E+00  0.0000E+00
      7.682  0.1205E-01  0.6506E-01  0.6506E-01  0.6506E-01  0.0000E+00  0.0000E+00  0.0000E+00  0.0000E+00  0.0000E+00
      7.858  0.1136E-01  0.6490E-01  0.6490E-01  0.6490E-01  0.0000E+00  0.0000E+00  0.0000E+00  0.0000E+00  0.0000E+00
      8.034  0.1055E-01  0.6431E-01  0.6431E-01  0.6431E-01  0.0000E+00  0.0000E+00  0.0000E+00  0.0000E+00  0.0000E+00
      8.210  0.9975E-02  0.6408E-01  0.6408E-01  0.6408E-01  0.0000E+00  0.0000E+00  0.0000E+00  0.0000E+00  0.0000E+00
      8.386  0.9416E-02  0.6388E-01  0.6388E-01  0.6388E-01  0.0000E+00  0.0000E+00  0.0000E+00  0.0000E+00  0.0000E+00
      8.562  0.8746E-02  0.6347E-01  0.6347E-01  0.6347E-01  0.0000E+00  0.0000E+00  0.0000E+00  0.0000E+00  0.0000E+00
      8.738  0.8110E-02  0.6299E-01  0.6299E-01  0.6299E-01  0.0000E+00  0.0000E+00  0.0000E+00  0.0000E+00  0.0000E+00
      8.913  0.7560E-02  0.6297E-01  0.6297E-01  0.6297E-01  0.0000E+00  0.0000E+00  0.0000E+00  0.0000E+00  0.0000E+00
      9.089  0.6984E-02  0.6251E-01  0.6251E-01  0.6251E-01  0.0000E+00  0.0000E+00  0.0000E+00  0.0000E+00  0.0000E+00
      9.265  0.6369E-02  0.6227E-01  0.6227E-01  0.6227E-01  0.0000E+00  0.0000E+00  0.0000E+00  0.0000E+00  0.0000E+00
      9.441  0.5855E-02  0.6177E-01  0.6177E-01  0.6177E-01  0.0000E+00  0.0000E+00  0.0000E+00  0.0000E+00  0.0000E+00
      9.617  0.5343E-02  0.6199E-01  0.6199E-01  0.6199E-01  0.0000E+00  0.0000E+00  0.0000E+00  0.0000E+00  0.0000E+00
      9.793  0.4805E-02  0.5408E-01  0.5408E-01  0.5408E-01  0.0000E+00  0.0000E+00  0.0000E+00  0.0000E+00  0.0000E+00
      9.969  0.4353E-02  0.4664E-01  0.4664E-01  0.4664E-01  0.0000E+00  0.0000E+00  0.0000E+00  0.0000E+00  0.0000E+00
     10.145  0.3963E-02  0.4158E-01  0.4158E-01  0.4158E-01  0.0000E+00  0.0000E+00  0.0000E+00  0.0000E+00  0.0000E+00
     10.321  0.3579E-02  0.3767E-01  0.3767E-01  0.3767E-01  0.0000E+00  0.0000E+00  0.0000E+00  0.0000E+00  0.0000E+00
     10.497  0.3211E-02  0.3459E-01  0.3459E-01  0.3459E-01  0.0000E+00  0.0000E+00  0.0000E+00  0.0000E+00  0.0000E+00
     10.673  0.2908E-02  0.3200E-01  0.3200E-01  0.3200E-01  0.0000E+00  0.0000E+00  0.0000E+00  0.0000E+00  0.0000E+00
     10.849  0.2613E-02  0.2958E-01  0.2958E-01  0.2958E-01  0.0000E+00  0.0000E+00  0.0000E+00  0.0000E+00  0.0000E+00
     11.025  0.2300E-02  0.2732E-01  0.2732E-01  0.2732E-01  0.0000E+00  0.0000E+00  0.0000E+00  0.0000E+00  0.0000E+00
     11.201  0.2039E-02  0.2525E-01  0.2525E-01  0.2525E-01  0.0000E+00  0.0000E+00  0.0000E+00  0.0000E+00  0.0000E+00
     11.377  0.1795E-02  0.2332E-01  0.2332E-01  0.2332E-01  0.0000E+00  0.0000E+00  0.0000E+00  0.0000E+00  0.0000E+00
     11.553  0.1538E-02  0.2145E-01  0.2145E-01  0.2145E-01  0.0000E+00  0.0000E+00  0.0000E+00  0.0000E+00  0.0000E+00
     11.728  0.1321E-02  0.1966E-01  0.1966E-01  0.1966E-01  0.0000E+00  0.0000E+00  0.0000E+00  0.0000E+00  0.0000E+00
     11.904  0.1115E-02  0.1793E-01  0.1793E-01  0.1793E-01  0.0000E+00  0.0000E+00  0.0000E+00  0.0000E+00  0.0000E+00
     12.080  0.9070E-03  0.1631E-01  0.1631E-01  0.1631E-01  0.0000E+00  0.0000E+00  0.0000E+00  0.0000E+00  0.0000E+00
     12.256  0.7319E-03  0.1460E-01  0.1460E-01  0.1460E-01  0.0000E+00  0.0000E+00  0.0000E+00  0.0000E+00  0.0000E+00
     12.432  0.5666E-03  0.1294E-01  0.1294E-01  0.1294E-01  0.0000E+00  0.0000E+00  0.0000E+00  0.0000E+00  0.0000E+00
     12.608  0.4042E-03  0.1129E-01  0.1129E-01  0.1129E-01  0.0000E+00  0.0000E+00  0.0000E+00  0.0000E+00  0.0000E+00
     12.784  0.2759E-03  0.9564E-02  0.9564E-02  0.9564E-02  0.0000E+00  0.0000E+00  0.0000E+00  0.0000E+00  0.0000E+00
     12.960  0.1618E-03  0.7825E-02  0.7825E-02  0.7825E-02  0.0000E+00  0.0000E+00  0.0000E+00  0.0000E+00  0.0000E+00
     13.136  0.7209E-04  0.6177E-02  0.6177E-02  0.6177E-02  0.0000E+00  0.0000E+00  0.0000E+00  0.0000E+00  0.0000E+00
     13.312  0.1910E-04  0.4067E-02  0.4067E-02  0.4067E-02  0.0000E+00  0.0000E+00  0.0000E+00  0.0000E+00  0.0000E+00
     13.488  0.0000E+00  0.0000E+00  0.0000E+00  0.0000E+00  0.0000E+00  0.0000E+00  0.0000E+00  0.0000E+00  0.0000E+00
     13.664  0.0000E+00  0.0000E+00  0.0000E+00  0.0000E+00  0.0000E+00  0.0000E+00  0.0000E+00  0.0000E+00  0.0000E+00
     13.840  0.0000E+00  0.0000E+00  0.0000E+00  0.0000E+00  0.0000E+00  0.0000E+00  0.0000E+00  0.0000E+00  0.0000E+00
     14.016  0.0000E+00  0.0000E+00  0.0000E+00  0.0000E+00  0.0000E+00  0.0000E+00  0.0000E+00  0.0000E+00  0.0000E+00
     14.192  0.0000E+00  0.0000E+00  0.0000E+00  0.0000E+00  0.0000E+00  0.0000E+00  0.0000E+00  0.0000E+00  0.0000E+00
     14.367  0.0000E+00  0.0000E+00  0.0000E+00  0.0000E+00  0.0000E+00  0.0000E+00  0.0000E+00  0.0000E+00  0.0000E+00
     14.543  0.0000E+00  0.0000E+00  0.0000E+00  0.0000E+00  0.0000E+00  0.0000E+00  0.0000E+00  0.0000E+00  0.0000E+00
     14.719  0.0000E+00  0.0000E+00  0.0000E+00  0.0000E+00  0.0000E+00  0.0000E+00  0.0000E+00  0.0000E+00  0.0000E+00
     14.895  0.0000E+00  0.0000E+00  0.0000E+00  0.0000E+00  0.0000E+00  0.0000E+00  0.0000E+00  0.0000E+00  0.0000E+00
     15.071  0.0000E+00  0.0000E+00  0.0000E+00  0.0000E+00  0.0000E+00  0.0000E+00  0.0000E+00  0.0000E+00  0.0000E+00
     15.247  0.0000E+00  0.0000E+00  0.0000E+00  0.0000E+00  0.0000E+00  0.0000E+00  0.0000E+00  0.0000E+00  0.0000E+00
     15.423  0.0000E+00  0.0000E+00  0.0000E+00  0.0000E+00  0.0000E+00  0.0000E+00  0.0000E+00  0.0000E+00  0.0000E+00
     15.599  0.0000E+00  0.0000E+00  0.0000E+00  0.0000E+00  0.0000E+00  0.0000E+00  0.0000E+00  0.0000E+00  0.0000E+00
     15.775  0.0000E+00  0.0000E+00  0.0000E+00  0.0000E+00  0.0000E+00  0.0000E+00  0.0000E+00  0.0000E+00  0.0000E+00
     15.951  0.0000E+00  0.0000E+00  0.0000E+00  0.0000E+00  0.0000E+00  0.0000E+00  0.0000E+00  0.0000E+00  0.0000E+00
     16.127  0.0000E+00  0.0000E+00  0.0000E+00  0.0000E+00  0.0000E+00  0.0000E+00  0.0000E+00  0.0000E+00  0.0000E+00
     16.303  0.0000E+00  0.0000E+00  0.0000E+00  0.0000E+00  0.0000E+00  0.0000E+00  0.0000E+00  0.0000E+00  0.0000E+00
     16.479  0.0000E+00  0.0000E+00  0.0000E+00  0.0000E+00  0.0000E+00  0.0000E+00  0.0000E+00  0.0000E+00  0.0000E+00
     16.655  0.0000E+00  0.0000E+00  0.0000E+00  0.0000E+00  0.0000E+00  0.0000E+00  0.0000E+00  0.0000E+00  0.0000E+00
     16.831  0.0000E+00  0.0000E+00  0.0000E+00  0.0000E+00  0.0000E+00  0.0000E+00  0.0000E+00  0.0000E+00  0.0000E+00
     17.007  0.0000E+00  0.0000E+00  0.0000E+00  0.0000E+00  0.0000E+00  0.0000E+00  0.0000E+00  0.0000E+00  0.0000E+00
     17.182  0.0000E+00  0.0000E+00  0.0000E+00  0.0000E+00  0.0000E+00  0.0000E+00  0.0000E+00  0.0000E+00  0.0000E+00
     17.358  0.0000E+00  0.0000E+00  0.0000E+00  0.0000E+00  0.0000E+00  0.0000E+00  0.0000E+00  0.0000E+00  0.0000E+00
     17.534  0.0000E+00  0.0000E+00  0.0000E+00  0.0000E+00  0.0000E+00  0.0000E+00  0.0000E+00  0.0000E+00  0.0000E+00
     17.710  0.0000E+00  0.0000E+00  0.0000E+00  0.0000E+00  0.0000E+00  0.0000E+00  0.0000E+00  0.0000E+00  0.0000E+00
     17.886  0.0000E+00  0.0000E+00  0.0000E+00  0.0000E+00  0.0000E+00  0.0000E+00  0.0000E+00  0.0000E+00  0.0000E+00
     18.062  0.0000E+00  0.0000E+00  0.0000E+00  0.0000E+00  0.0000E+00  0.0000E+00  0.0000E+00  0.0000E+00  0.0000E+00
     18.238  0.0000E+00  0.0000E+00  0.0000E+00  0.0000E+00  0.0000E+00  0.0000E+00  0.0000E+00  0.0000E+00  0.0000E+00
     18.414  0.8556E-02  0.2014E-02  0.2014E-02  0.2014E-02  0.0000E+00  0.0000E+00  0.0000E+00  0.0000E+00  0.0000E+00
     18.590  0.1079E-01  0.2902E-02  0.2902E-02  0.2902E-02  0.0000E+00  0.0000E+00  0.0000E+00  0.0000E+00  0.0000E+00
     18.766  0.1356E-01  0.3885E-02  0.3885E-02  0.3885E-02  0.0000E+00  0.0000E+00  0.0000E+00  0.0000E+00  0.0000E+00
     18.942  0.1795E-01  0.5263E-02  0.5263E-02  0.5263E-02  0.0000E+00  0.0000E+00  0.0000E+00  0.0000E+00  0.0000E+00
     19.118  0.2123E-01  0.6811E-02  0.6811E-02  0.6811E-02  0.0000E+00  0.0000E+00  0.0000E+00  0.0000E+00  0.0000E+00
     19.294  0.2319E-01  0.8444E-02  0.8444E-02  0.8444E-02  0.0000E+00  0.0000E+00  0.0000E+00  0.0000E+00  0.0000E+00
     19.470  0.2469E-01  0.1012E-01  0.1012E-01  0.1012E-01  0.0000E+00  0.0000E+00  0.0000E+00  0.0000E+00  0.0000E+00
     19.646  0.2590E-01  0.1212E-01  0.1212E-01  0.1212E-01  0.0000E+00  0.0000E+00  0.0000E+00  0.0000E+00  0.0000E+00
     19.822  0.2701E-01  0.1574E-01  0.1574E-01  0.1574E-01  0.0000E+00  0.0000E+00  0.0000E+00  0.0000E+00  0.0000E+00
     19.997  0.2737E-01  0.1810E-01  0.1810E-01  0.1810E-01  0.0000E+00  0.0000E+00  0.0000E+00  0.0000E+00  0.0000E+00
     20.173  0.2783E-01  0.1871E-01  0.1871E-01  0.1871E-01  0.0000E+00  0.0000E+00  0.0000E+00  0.0000E+00  0.0000E+00
     20.349  0.2827E-01  0.1979E-01  0.1979E-01  0.1979E-01  0.0000E+00  0.0000E+00  0.0000E+00  0.0000E+00  0.0000E+00
     20.525  0.2848E-01  0.2096E-01  0.2096E-01  0.2096E-01  0.0000E+00  0.0000E+00  0.0000E+00  0.0000E+00  0.0000E+00
     20.701  0.2853E-01  0.2229E-01  0.2229E-01  0.2229E-01  0.0000E+00  0.0000E+00  0.0000E+00  0.0000E+00  0.0000E+00
     20.877  0.2857E-01  0.2359E-01  0.2359E-01  0.2359E-01  0.0000E+00  0.0000E+00  0.0000E+00  0.0000E+00  0.0000E+00
     21.053  0.2865E-01  0.2508E-01  0.2508E-01  0.2508E-01  0.0000E+00  0.0000E+00  0.0000E+00  0.0000E+00  0.0000E+00
     21.229  0.2857E-01  0.2663E-01  0.2663E-01  0.2663E-01  0.0000E+00  0.0000E+00  0.0000E+00  0.0000E+00  0.0000E+00
     21.405  0.2832E-01  0.2828E-01  0.2828E-01  0.2828E-01  0.0000E+00  0.0000E+00  0.0000E+00  0.0000E+00  0.0000E+00
     21.581  0.2803E-01  0.3004E-01  0.3004E-01  0.3004E-01  0.0000E+00  0.0000E+00  0.0000E+00  0.0000E+00  0.0000E+00
     21.757  0.2772E-01  0.3200E-01  0.3200E-01  0.3200E-01  0.0000E+00  0.0000E+00  0.0000E+00  0.0000E+00  0.0000E+00
     21.933  0.2740E-01  0.3421E-01  0.3421E-01  0.3421E-01  0.0000E+00  0.0000E+00  0.0000E+00  0.0000E+00  0.0000E+00
     22.109  0.2699E-01  0.3680E-01  0.3680E-01  0.3680E-01  0.0000E+00  0.0000E+00  0.0000E+00  0.0000E+00  0.0000E+00
     22.285  0.2645E-01  0.3973E-01  0.3973E-01  0.3973E-01  0.0000E+00  0.0000E+00  0.0000E+00  0.0000E+00  0.0000E+00
     22.461  0.2592E-01  0.4359E-01  0.4359E-01  0.4359E-01  0.0000E+00  0.0000E+00  0.0000E+00  0.0000E+00  0.0000E+00
     22.636  0.2564E-01  0.4961E-01  0.4961E-01  0.4961E-01  0.0000E+00  0.0000E+00  0.0000E+00  0.0000E+00  0.0000E+00
     22.812  0.2583E-01  0.6052E-01  0.6052E-01  0.6052E-01  0.0000E+00  0.0000E+00  0.0000E+00  0.0000E+00  0.0000E+00
     22.988  0.2308E-01  0.5903E-01  0.5903E-01  0.5903E-01  0.0000E+00  0.0000E+00  0.0000E+00  0.0000E+00  0.0000E+00
     23.164  0.2086E-01  0.5584E-01  0.5584E-01  0.5584E-01  0.0000E+00  0.0000E+00  0.0000E+00  0.0000E+00  0.0000E+00
     23.340  0.1889E-01  0.4412E-01  0.4412E-01  0.4412E-01  0.0000E+00  0.0000E+00  0.0000E+00  0.0000E+00  0.0000E+00
     23.516  0.1771E-01  0.4228E-01  0.4228E-01  0.4228E-01  0.0000E+00  0.0000E+00  0.0000E+00  0.0000E+00  0.0000E+00
     23.692  0.1591E-01  0.3910E-01  0.3910E-01  0.3910E-01  0.0000E+00  0.0000E+00  0.0000E+00  0.0000E+00  0.0000E+00
     23.868  0.1644E-01  0.4053E-01  0.4053E-01  0.4053E-01  0.0000E+00  0.0000E+00  0.0000E+00  0.0000E+00  0.0000E+00
     24.044  0.2093E-01  0.4820E-01  0.4820E-01  0.4820E-01  0.0000E+00  0.0000E+00  0.0000E+00  0.0000E+00  0.0000E+00
     24.220  0.2154E-01  0.4686E-01  0.4686E-01  0.4686E-01  0.0000E+00  0.0000E+00  0.0000E+00  0.0000E+00  0.0000E+00
     24.396  0.2186E-01  0.4512E-01  0.4512E-01  0.4512E-01  0.0000E+00  0.0000E+00  0.0000E+00  0.0000E+00  0.0000E+00
     24.572  0.2346E-01  0.4618E-01  0.4618E-01  0.4618E-01  0.0000E+00  0.0000E+00  0.0000E+00  0.0000E+00  0.0000E+00
     24.748  0.2471E-01  0.4638E-01  0.4638E-01  0.4638E-01  0.0000E+00  0.0000E+00  0.0000E+00  0.0000E+00  0.0000E+00
     24.924  0.2599E-01  0.4688E-01  0.4688E-01  0.4688E-01  0.0000E+00  0.0000E+00  0.0000E+00  0.0000E+00  0.0000E+00
     25.100  0.2728E-01  0.4556E-01  0.4556E-01  0.4556E-01  0.0000E+00  0.0000E+00  0.0000E+00  0.0000E+00  0.0000E+00
     25.276  0.2796E-01  0.4419E-01  0.4419E-01  0.4419E-01  0.0000E+00  0.0000E+00  0.0000E+00  0.0000E+00  0.0000E+00
     25.451  0.2997E-01  0.4384E-01  0.4384E-01  0.4384E-01  0.0000E+00  0.0000E+00  0.0000E+00  0.0000E+00  0.0000E+00
     25.627  0.3091E-01  0.4216E-01  0.4216E-01  0.4216E-01  0.0000E+00  0.0000E+00  0.0000E+00  0.0000E+00  0.0000E+00
     25.803  0.3413E-01  0.4172E-01  0.4172E-01  0.4172E-01  0.0000E+00  0.0000E+00  0.0000E+00  0.0000E+00  0.0000E+00
     25.979  0.4364E-01  0.4049E-01  0.4049E-01  0.4049E-01  0.0000E+00  0.0000E+00  0.0000E+00  0.0000E+00  0.0000E+00
     26.155  0.4516E-01  0.3969E-01  0.3969E-01  0.3969E-01  0.0000E+00  0.0000E+00  0.0000E+00  0.0000E+00  0.0000E+00
     26.331  0.3835E-01  0.3681E-01  0.3681E-01  0.3681E-01  0.0000E+00  0.0000E+00  0.0000E+00  0.0000E+00  0.0000E+00
     26.507  0.3423E-01  0.3159E-01  0.3159E-01  0.3159E-01  0.0000E+00  0.0000E+00  0.0000E+00  0.0000E+00  0.0000E+00
     26.683  0.3075E-01  0.2857E-01  0.2857E-01  0.2857E-01  0.0000E+00  0.0000E+00  0.0000E+00  0.0000E+00  0.0000E+00
     26.859  0.2893E-01  0.2669E-01  0.2669E-01  0.2669E-01  0.0000E+00  0.0000E+00  0.0000E+00  0.0000E+00  0.0000E+00
     27.035  0.2715E-01  0.2541E-01  0.2541E-01  0.2541E-01  0.0000E+00  0.0000E+00  0.0000E+00  0.0000E+00  0.0000E+00
     27.211  0.2616E-01  0.2534E-01  0.2534E-01  0.2534E-01  0.0000E+00  0.0000E+00  0.0000E+00  0.0000E+00  0.0000E+00
     27.387  0.2654E-01  0.2553E-01  0.2553E-01  0.2553E-01  0.0000E+00  0.0000E+00  0.0000E+00  0.0000E+00  0.0000E+00
     27.563  0.2615E-01  0.2547E-01  0.2547E-01  0.2547E-01  0.0000E+00  0.0000E+00  0.0000E+00  0.0000E+00  0.0000E+00
     27.739  0.2781E-01  0.2633E-01  0.2633E-01  0.2633E-01  0.0000E+00  0.0000E+00  0.0000E+00  0.0000E+00  0.0000E+00
     27.915  0.2905E-01  0.2628E-01  0.2628E-01  0.2628E-01  0.0000E+00  0.0000E+00  0.0000E+00  0.0000E+00  0.0000E+00
     28.090  0.3122E-01  0.2706E-01  0.2706E-01  0.2706E-01  0.0000E+00  0.0000E+00  0.0000E+00  0.0000E+00  0.0000E+00
     28.266  0.3320E-01  0.2807E-01  0.2807E-01  0.2807E-01  0.0000E+00  0.0000E+00  0.0000E+00  0.0000E+00  0.0000E+00
     28.442  0.3678E-01  0.2885E-01  0.2885E-01  0.2885E-01  0.0000E+00  0.0000E+00  0.0000E+00  0.0000E+00  0.0000E+00
     28.618  0.4052E-01  0.2983E-01  0.2983E-01  0.2983E-01  0.0000E+00  0.0000E+00  0.0000E+00  0.0000E+00  0.0000E+00
     28.794  0.4355E-01  0.3138E-01  0.3138E-01  0.3138E-01  0.0000E+00  0.0000E+00  0.0000E+00  0.0000E+00  0.0000E+00
     28.970  0.4737E-01  0.3316E-01  0.3316E-01  0.3316E-01  0.0000E+00  0.0000E+00  0.0000E+00  0.0000E+00  0.0000E+00
     29.146  0.4943E-01  0.3456E-01  0.3456E-01  0.3456E-01  0.0000E+00  0.0000E+00  0.0000E+00  0.0000E+00  0.0000E+00
     29.322  0.5243E-01  0.3583E-01  0.3583E-01  0.3583E-01  0.0000E+00  0.0000E+00  0.0000E+00  0.0000E+00  0.0000E+00
     29.498  0.5783E-01  0.3919E-01  0.3919E-01  0.3919E-01  0.0000E+00  0.0000E+00  0.0000E+00  0.0000E+00  0.0000E+00
     29.674  0.5494E-01  0.3986E-01  0.3986E-01  0.3986E-01  0.0000E+00  0.0000E+00  0.0000E+00  0.0000E+00  0.0000E+00
     29.850  0.5493E-01  0.4211E-01  0.4211E-01  0.4211E-01  0.0000E+00  0.0000E+00  0.0000E+00  0.0000E+00  0.0000E+00
     30.026  0.5324E-01  0.4381E-01  0.4381E-01  0.4381E-01  0.0000E+00  0.0000E+00  0.0000E+00  0.0000E+00  0.0000E+00
     30.202  0.5275E-01  0.4678E-01  0.4678E-01  0.4678E-01  0.0000E+00  0.0000E+00  0.0000E+00  0.0000E+00  0.0000E+00
     30.378  0.4973E-01  0.4425E-01  0.4425E-01  0.4425E-01  0.0000E+00  0.0000E+00  0.0000E+00  0.0000E+00  0.0000E+00
     30.554  0.4818E-01  0.4345E-01  0.4345E-01  0.4345E-01  0.0000E+00  0.0000E+00  0.0000E+00  0.0000E+00  0.0000E+00
     30.730  0.4840E-01  0.4398E-01  0.4398E-01  0.4398E-01  0.0000E+00  0.0000E+00  0.0000E+00  0.0000E+00  0.0000E+00
     30.905  0.4961E-01  0.4557E-01  0.4557E-01  0.4557E-01  0.0000E+00  0.0000E+00  0.0000E+00  0.0000E+00  0.0000E+00
     31.081  0.5043E-01  0.4739E-01  0.4739E-01  0.4739E-01  0.0000E+00  0.0000E+00  0.0000E+00  0.0000E+00  0.0000E+00
     31.257  0.5279E-01  0.4862E-01  0.4862E-01  0.4862E-01  0.0000E+00  0.0000E+00  0.0000E+00  0.0000E+00  0.0000E+00
     31.433  0.5364E-01  0.5050E-01  0.5050E-01  0.5050E-01  0.0000E+00  0.0000E+00  0.0000E+00  0.0000E+00  0.0000E+00
     31.609  0.5171E-01  0.5208E-01  0.5208E-01  0.5208E-01  0.0000E+00  0.0000E+00  0.0000E+00  0.0000E+00  0.0000E+00
     31.785  0.5464E-01  0.5943E-01  0.5943E-01  0.5943E-01  0.0000E+00  0.0000E+00  0.0000E+00  0.0000E+00  0.0000E+00
     31.961  0.5383E-01  0.6284E-01  0.6284E-01  0.6284E-01  0.0000E+00  0.0000E+00  0.0000E+00  0.0000E+00  0.0000E+00
     32.137  0.5445E-01  0.6759E-01  0.6759E-01  0.6759E-01  0.0000E+00  0.0000E+00  0.0000E+00  0.0000E+00  0.0000E+00
     32.313  0.5647E-01  0.9427E-01  0.9427E-01  0.9427E-01  0.0000E+00  0.0000E+00  0.0000E+00  0.0000E+00  0.0000E+00
     32.489  0.4760E-01  0.7602E-01  0.7602E-01  0.7602E-01  0.0000E+00  0.0000E+00  0.0000E+00  0.0000E+00  0.0000E+00
     32.665  0.4224E-01  0.6026E-01  0.6026E-01  0.6026E-01  0.0000E+00  0.0000E+00  0.0000E+00  0.0000E+00  0.0000E+00
     32.841  0.3772E-01  0.4128E-01  0.4128E-01  0.4128E-01  0.0000E+00  0.0000E+00  0.0000E+00  0.0000E+00  0.0000E+00
     33.017  0.4358E-01  0.3172E-01  0.3172E-01  0.3172E-01  0.0000E+00  0.0000E+00  0.0000E+00  0.0000E+00  0.0000E+00
     33.193  0.1682E-01  0.2927E-01  0.2927E-01  0.2927E-01  0.0000E+00  0.0000E+00  0.0000E+00  0.0000E+00  0.0000E+00
     33.369  0.1014E-01  0.2780E-01  0.2780E-01  0.2780E-01  0.0000E+00  0.0000E+00  0.0000E+00  0.0000E+00  0.0000E+00
     33.545  0.8715E-02  0.2608E-01  0.2608E-01  0.2608E-01  0.0000E+00  0.0000E+00  0.0000E+00  0.0000E+00  0.0000E+00
     33.720  0.7303E-02  0.2440E-01  0.2440E-01  0.2440E-01  0.0000E+00  0.0000E+00  0.0000E+00  0.0000E+00  0.0000E+00
     33.896  0.6052E-02  0.2279E-01  0.2279E-01  0.2279E-01  0.0000E+00  0.0000E+00  0.0000E+00  0.0000E+00  0.0000E+00
     34.072  0.4830E-02  0.2091E-01  0.2091E-01  0.2091E-01  0.0000E+00  0.0000E+00  0.0000E+00  0.0000E+00  0.0000E+00
     34.248  0.3730E-02  0.1904E-01  0.1904E-01  0.1904E-01  0.0000E+00  0.0000E+00  0.0000E+00  0.0000E+00  0.0000E+00
     34.424  0.2720E-02  0.1712E-01  0.1712E-01  0.1712E-01  0.0000E+00  0.0000E+00  0.0000E+00  0.0000E+00  0.0000E+00
     34.600  0.1884E-02  0.1496E-01  0.1496E-01  0.1496E-01  0.0000E+00  0.0000E+00  0.0000E+00  0.0000E+00  0.0000E+00
     34.776  0.1076E-02  0.1244E-01  0.1244E-01  0.1244E-01  0.0000E+00  0.0000E+00  0.0000E+00  0.0000E+00  0.0000E+00
     34.952  0.4927E-03  0.9715E-02  0.9715E-02  0.9715E-02  0.0000E+00  0.0000E+00  0.0000E+00  0.0000E+00  0.0000E+00
     35.128  0.6122E-04  0.4372E-02  0.4372E-02  0.4372E-02  0.0000E+00  0.0000E+00  0.0000E+00  0.0000E+00  0.0000E+00
     35.304  0.2338E-05  0.2572E-03  0.2572E-03  0.2572E-03  0.0000E+00  0.0000E+00  0.0000E+00  0.0000E+00  0.0000E+00
     35.480  0.0000E+00  0.0000E+00  0.0000E+00  0.0000E+00  0.0000E+00  0.0000E+00  0.0000E+00  0.0000E+00  0.0000E+00
     35.656  0.0000E+00  0.0000E+00  0.0000E+00  0.0000E+00  0.0000E+00  0.0000E+00  0.0000E+00  0.0000E+00  0.0000E+00
     35.832  0.0000E+00  0.0000E+00  0.0000E+00  0.0000E+00  0.0000E+00  0.0000E+00  0.0000E+00  0.0000E+00  0.0000E+00
     36.008  0.0000E+00  0.0000E+00  0.0000E+00  0.0000E+00  0.0000E+00  0.0000E+00  0.0000E+00  0.0000E+00  0.0000E+00
     36.184  0.0000E+00  0.0000E+00  0.0000E+00  0.0000E+00  0.0000E+00  0.0000E+00  0.0000E+00  0.0000E+00  0.0000E+00
     36.359  0.0000E+00  0.0000E+00  0.0000E+00  0.0000E+00  0.0000E+00  0.0000E+00  0.0000E+00  0.0000E+00  0.0000E+00
     36.535  0.0000E+00  0.0000E+00  0.0000E+00  0.0000E+00  0.0000E+00  0.0000E+00  0.0000E+00  0.0000E+00  0.0000E+00
     36.711  0.0000E+00  0.0000E+00  0.0000E+00  0.0000E+00  0.0000E+00  0.0000E+00  0.0000E+00  0.0000E+00  0.0000E+00
     36.887  0.0000E+00  0.0000E+00  0.0000E+00  0.0000E+00  0.0000E+00  0.0000E+00  0.0000E+00  0.0000E+00  0.0000E+00
     37.063  0.0000E+00  0.0000E+00  0.0000E+00  0.0000E+00  0.0000E+00  0.0000E+00  0.0000E+00  0.0000E+00  0.0000E+00
     37.239  0.0000E+00  0.0000E+00  0.0000E+00  0.0000E+00  0.0000E+00  0.0000E+00  0.0000E+00  0.0000E+00  0.0000E+00
     37.415  0.0000E+00  0.0000E+00  0.0000E+00  0.0000E+00  0.0000E+00  0.0000E+00  0.0000E+00  0.0000E+00  0.0000E+00
     37.591  0.0000E+00  0.0000E+00  0.0000E+00  0.0000E+00  0.0000E+00  0.0000E+00  0.0000E+00  0.0000E+00  0.0000E+00
     37.59102783    -15.18974441  301     18.24287606      1.00000000
    -15.190  0.0000E+00  0.0000E+00  0.0000E+00  0.0000E+00  0.0000E+00  0.0000E+00  0.0000E+00  0.0000E+00  0.0000E+00
    -15.014  0.0000E+00  0.0000E+00  0.0000E+00  0.0000E+00  0.0000E+00  0.0000E+00  0.0000E+00  0.0000E+00  0.0000E+00
    -14.838  0.0000E+00  0.0000E+00  0.0000E+00  0.0000E+00  0.0000E+00  0.0000E+00  0.0000E+00  0.0000E+00  0.0000E+00
    -14.662  0.0000E+00  0.0000E+00  0.0000E+00  0.0000E+00  0.0000E+00  0.0000E+00  0.0000E+00  0.0000E+00  0.0000E+00
    -14.486  0.0000E+00  0.0000E+00  0.0000E+00  0.0000E+00  0.0000E+00  0.0000E+00  0.0000E+00  0.0000E+00  0.0000E+00
    -14.310  0.0000E+00  0.0000E+00  0.0000E+00  0.0000E+00  0.0000E+00  0.0000E+00  0.0000E+00  0.0000E+00  0.0000E+00
    -14.134  0.0000E+00  0.0000E+00  0.0000E+00  0.0000E+00  0.0000E+00  0.0000E+00  0.0000E+00  0.0000E+00  0.0000E+00
    -13.958  0.0000E+00  0.0000E+00  0.0000E+00  0.0000E+00  0.0000E+00  0.0000E+00  0.0000E+00  0.0000E+00  0.0000E+00
    -13.782  0.0000E+00  0.0000E+00  0.0000E+00  0.0000E+00  0.0000E+00  0.0000E+00  0.0000E+00  0.0000E+00  0.0000E+00
    -13.606  0.0000E+00  0.0000E+00  0.0000E+00  0.0000E+00  0.0000E+00  0.0000E+00  0.0000E+00  0.0000E+00  0.0000E+00
    -13.430  0.0000E+00  0.0000E+00  0.0000E+00  0.0000E+00  0.0000E+00  0.0000E+00  0.0000E+00  0.0000E+00  0.0000E+00
    -13.254  0.0000E+00  0.0000E+00  0.0000E+00  0.0000E+00  0.0000E+00  0.0000E+00  0.0000E+00  0.0000E+00  0.0000E+00
    -13.079  0.0000E+00  0.0000E+00  0.0000E+00  0.0000E+00  0.0000E+00  0.0000E+00  0.0000E+00  0.0000E+00  0.0000E+00
    -12.903  0.0000E+00  0.0000E+00  0.0000E+00  0.0000E+00  0.0000E+00  0.0000E+00  0.0000E+00  0.0000E+00  0.0000E+00
    -12.727  0.7036E-02  0.6882E-05  0.6882E-05  0.6882E-05  0.0000E+00  0.0000E+00  0.0000E+00  0.0000E+00  0.0000E+00
    -12.551  0.1817E-01  0.6212E-04  0.6212E-04  0.6212E-04  0.0000E+00  0.0000E+00  0.0000E+00  0.0000E+00  0.0000E+00
    -12.375  0.1756E-01  0.1159E-03  0.1159E-03  0.1159E-03  0.0000E+00  0.0000E+00  0.0000E+00  0.0000E+00  0.0000E+00
    -12.199  0.2082E-01  0.1956E-03  0.1956E-03  0.1956E-03  0.0000E+00  0.0000E+00  0.0000E+00  0.0000E+00  0.0000E+00
    -12.023  0.2294E-01  0.2819E-03  0.2819E-03  0.2819E-03  0.0000E+00  0.0000E+00  0.0000E+00  0.0000E+00  0.0000E+00
    -11.847  0.2550E-01  0.3865E-03  0.3865E-03  0.3865E-03  0.0000E+00  0.0000E+00  0.0000E+00  0.0000E+00  0.0000E+00
    -11.671  0.2745E-01  0.4952E-03  0.4952E-03  0.4952E-03  0.0000E+00  0.0000E+00  0.0000E+00  0.0000E+00  0.0000E+00
    -11.495  0.2946E-01  0.6139E-03  0.6139E-03  0.6139E-03  0.0000E+00  0.0000E+00  0.0000E+00  0.0000E+00  0.0000E+00
    -11.319  0.3121E-01  0.7426E-03  0.7426E-03  0.7426E-03  0.0000E+00  0.0000E+00  0.0000E+00  0.0000E+00  0.0000E+00
    -11.143  0.3285E-01  0.8789E-03  0.8789E-03  0.8789E-03  0.0000E+00  0.0000E+00  0.0000E+00  0.0000E+00  0.0000E+00
    -10.967  0.3449E-01  0.1019E-02  0.1019E-02  0.1019E-02  0.0000E+00  0.0000E+00  0.0000E+00  0.0000E+00  0.0000E+00
    -10.791  0.3586E-01  0.1171E-02  0.1171E-02  0.1171E-02  0.0000E+00  0.0000E+00  0.0000E+00  0.0000E+00  0.0000E+00
    -10.615  0.3729E-01  0.1325E-02  0.1325E-02  0.1325E-02  0.0000E+00  0.0000E+00  0.0000E+00  0.0000E+00  0.0000E+00
    -10.439  0.3855E-01  0.1488E-02  0.1488E-02  0.1488E-02  0.0000E+00  0.0000E+00  0.0000E+00  0.0000E+00  0.0000E+00
    -10.264  0.3984E-01  0.1654E-02  0.1654E-02  0.1654E-02  0.0000E+00  0.0000E+00  0.0000E+00  0.0000E+00  0.0000E+00
    -10.088  0.4099E-01  0.1828E-02  0.1828E-02  0.1828E-02  0.0000E+00  0.0000E+00  0.0000E+00  0.0000E+00  0.0000E+00
     -9.912  0.4217E-01  0.2004E-02  0.2004E-02  0.2004E-02  0.0000E+00  0.0000E+00  0.0000E+00  0.0000E+00  0.0000E+00
     -9.736  0.4323E-01  0.2189E-02  0.2189E-02  0.2189E-02  0.0000E+00  0.0000E+00  0.0000E+00  0.0000E+00  0.0000E+00
     -9.560  0.4436E-01  0.2373E-02  0.2373E-02  0.2373E-02  0.0000E+00  0.0000E+00  0.0000E+00  0.0000E+00  0.0000E+00
     -9.384  0.4531E-01  0.2569E-02  0.2569E-02  0.2569E-02  0.0000E+00  0.0000E+00  0.0000E+00  0.0000E+00  0.0000E+00
     -9.208  0.4635E-01  0.2764E-02  0.2764E-02  0.2764E-02  0.0000E+00  0.0000E+00  0.0000E+00  0.0000E+00  0.0000E+00
     -9.032  0.4729E-01  0.2967E-02  0.2967E-02  0.2967E-02  0.0000E+00  0.0000E+00  0.0000E+00  0.0000E+00  0.0000E+00
     -8.856  0.4823E-01  0.3172E-02  0.3172E-02  0.3172E-02  0.0000E+00  0.0000E+00  0.0000E+00  0.0000E+00  0.0000E+00
     -8.680  0.4919E-01  0.3380E-02  0.3380E-02  0.3380E-02  0.0000E+00  0.0000E+00  0.0000E+00  0.0000E+00  0.0000E+00
     -8.504  0.5006E-01  0.3595E-02  0.3595E-02  0.3595E-02  0.0000E+00  0.0000E+00  0.0000E+00  0.0000E+00  0.0000E+00
     -8.328  0.5099E-01  0.3810E-02  0.3810E-02  0.3810E-02  0.0000E+00  0.0000E+00  0.0000E+00  0.0000E+00  0.0000E+00
     -8.152  0.5187E-01  0.4032E-02  0.4032E-02  0.4032E-02  0.0000E+00  0.0000E+00  0.0000E+00  0.0000E+00  0.0000E+00
     -7.976  0.5275E-01  0.4257E-02  0.4257E-02  0.4257E-02  0.0000E+00  0.0000E+00  0.0000E+00  0.0000E+00  0.0000E+00
     -7.800  0.5369E-01  0.4481E-02  0.4481E-02  0.4481E-02  0.0000E+00  0.0000E+00  0.0000E+00  0.0000E+00  0.0000E+00
     -7.625  0.5454E-01  0.4715E-02  0.4715E-02  0.4715E-02  0.0000E+00  0.0000E+00  0.0000E+00  0.0000E+00  0.0000E+00
     -7.449  0.5546E-01  0.4948E-02  0.4948E-02  0.4948E-02  0.0000E+00  0.0000E+00  0.0000E+00  0.0000E+00  0.0000E+00
     -7.273  0.5642E-01  0.5182E-02  0.5182E-02  0.5182E-02  0.0000E+00  0.0000E+00  0.0000E+00  0.0000E+00  0.0000E+00
     -7.097  0.5736E-01  0.5425E-02  0.5425E-02  0.5425E-02  0.0000E+00  0.0000E+00  0.0000E+00  0.0000E+00  0.0000E+00
     -6.921  0.5838E-01  0.5666E-02  0.5666E-02  0.5666E-02  0.0000E+00  0.0000E+00  0.0000E+00  0.0000E+00  0.0000E+00
     -6.745  0.5946E-01  0.5909E-02  0.5909E-02  0.5909E-02  0.0000E+00  0.0000E+00  0.0000E+00  0.0000E+00  0.0000E+00
     -6.569  0.6060E-01  0.6159E-02  0.6159E-02  0.6159E-02  0.0000E+00  0.0000E+00  0.0000E+00  0.0000E+00  0.0000E+00
     -6.393  0.6187E-01  0.6407E-02  0.6407E-02  0.6407E-02  0.0000E+00  0.0000E+00  0.0000E+00  0.0000E+00  0.0000E+00
     -6.217  0.6330E-01  0.6659E-02  0.6659E-02  0.6659E-02  0.0000E+00  0.0000E+00  0.0000E+00  0.0000E+00  0.0000E+00
     -6.041  0.6495E-01  0.6920E-02  0.6920E-02  0.6920E-02  0.0000E+00  0.0000E+00  0.0000E+00  0.0000E+00  0.0000E+00
     -5.865  0.6698E-01  0.7184E-02  0.7184E-02  0.7184E-02  0.0000E+00  0.0000E+00  0.0000E+00  0.0000E+00  0.0000E+00
     -5.689  0.6968E-01  0.7464E-02  0.7464E-02  0.7464E-02  0.0000E+00  0.0000E+00  0.0000E+00  0.0000E+00  0.0000E+00
     -5.513  0.7400E-01  0.7808E-02  0.7808E-02  0.7808E-02  0.0000E+00  0.0000E+00  0.0000E+00  0.0000E+00  0.0000E+00
     -5.337  0.8418E-01  0.8384E-02  0.8384E-02  0.8384E-02  0.0000E+00  0.0000E+00  0.0000E+00  0.0000E+00  0.0000E+00
     -5.161  0.8169E-01  0.8373E-02  0.8373E-02  0.8373E-02  0.0000E+00  0.0000E+00  0.0000E+00  0.0000E+00  0.0000E+00
     -4.985  0.7793E-01  0.8299E-02  0.8299E-02  0.8299E-02  0.0000E+00  0.0000E+00  0.0000E+00  0.0000E+00  0.0000E+00
     -4.810  0.7456E-01  0.8215E-02  0.8215E-02  0.8215E-02  0.0000E+00  0.0000E+00  0.0000E+00  0.0000E+00  0.0000E+00
     -4.634  0.7307E-01  0.8223E-02  0.8223E-02  0.8223E-02  0.0000E+00  0.0000E+00  0.0000E+00  0.0000E+00  0.0000E+00
     -4.458  0.6917E-01  0.8078E-02  0.8078E-02  0.8078E-02  0.0000E+00  0.0000E+00  0.0000E+00  0.0000E+00  0.0000E+00
     -4.282  0.6687E-01  0.8013E-02  0.8013E-02  0.8013E-02  0.0000E+00  0.0000E+00  0.0000E+00  0.0000E+00  0.0000E+00
     -4.106  0.6423E-01  0.7904E-02  0.7904E-02  0.7904E-02  0.0000E+00  0.0000E+00  0.0000E+00  0.0000E+00  0.0000E+00
     -3.930  0.6229E-01  0.7850E-02  0.7850E-02  0.7850E-02  0.0000E+00  0.0000E+00  0.0000E+00  0.0000E+00  0.0000E+00
     -3.754  0.5932E-01  0.7691E-02  0.7691E-02  0.7691E-02  0.0000E+00  0.0000E+00  0.0000E+00  0.0000E+00  0.0000E+00
     -3.578  0.5699E-01  0.7595E-02  0.7595E-02  0.7595E-02  0.0000E+00  0.0000E+00  0.0000E+00  0.0000E+00  0.0000E+00
     -3.402  0.5800E-01  0.1021E-01  0.1021E-01  0.1021E-01  0.0000E+00  0.0000E+00  0.0000E+00  0.0000E+00  0.0000E+00
     -3.226  0.5702E-01  0.1129E-01  0.1129E-01  0.1129E-01  0.0000E+00  0.0000E+00  0.0000E+00  0.0000E+00  0.0000E+00
     -3.050  0.5630E-01  0.1214E-01  0.1214E-01  0.1214E-01  0.0000E+00  0.0000E+00  0.0000E+00  0.0000E+00  0.0000E+00
     -2.874  0.5508E-01  0.1265E-01  0.1265E-01  0.1265E-01  0.0000E+00  0.0000E+00  0.0000E+00  0.0000E+00  0.0000E+00
     -2.698  0.5442E-01  0.1351E-01  0.1351E-01  0.1351E-01  0.0000E+00  0.0000E+00  0.0000E+00  0.0000E+00  0.0000E+00
     -2.522  0.5341E-01  0.1407E-01  0.1407E-01  0.1407E-01  0.0000E+00  0.0000E+00  0.0000E+00  0.0000E+00  0.0000E+00
     -2.346  0.5344E-01  0.1498E-01  0.1498E-01  0.1498E-01  0.0000E+00  0.0000E+00  0.0000E+00  0.0000E+00  0.0000E+00
     -2.170  0.5288E-01  0.1566E-01  0.1566E-01  0.1566E-01  0.0000E+00  0.0000E+00  0.0000E+00  0.0000E+00  0.0000E+00
     -1.995  0.5117E-01  0.1616E-01  0.1616E-01  0.1616E-01  0.0000E+00  0.0000E+00  0.0000E+00  0.0000E+00  0.0000E+00
     -1.819  0.4424E-01  0.1575E-01  0.1575E-01  0.1575E-01  0.0000E+00  0.0000E+00  0.0000E+00  0.0000E+00  0.0000E+00
     -1.643  0.3909E-01  0.1589E-01  0.1589E-01  0.1589E-01  0.0000E+00  0.0000E+00  0.0000E+00  0.0000E+00  0.0000E+00
     -1.467  0.3802E-01  0.1658E-01  0.1658E-01  0.1658E-01  0.0000E+00  0.0000E+00  0.0000E+00  0.0000E+00  0.0000E+00
     -1.291  0.3980E-01  0.1780E-01  0.1780E-01  0.1780E-01  0.0000E+00  0.0000E+00  0.0000E+00  0.0000E+00  0.0000E+00
     -1.115  0.4353E-01  0.1957E-01  0.1957E-01  0.1957E-01  0.0000E+00  0.0000E+00  0.0000E+00  0.0000E+00  0.0000E+00
     -0.939  0.5112E-01  0.2210E-01  0.2210E-01  0.2210E-01  0.0000E+00  0.0000E+00  0.0000E+00  0.0000E+00  0.0000E+00
     -0.763  0.7173E-01  0.2871E-01  0.2871E-01  0.2871E-01  0.0000E+00  0.0000E+00  0.0000E+00  0.0000E+00  0.0000E+00
     -0.587  0.7545E-01  0.2900E-01  0.2900E-01  0.2900E-01  0.0000E+00  0.0000E+00  0.0000E+00  0.0000E+00  0.0000E+00
     -0.411  0.7647E-01  0.2862E-01  0.2862E-01  0.2862E-01  0.0000E+00  0.0000E+00  0.0000E+00  0.0000E+00  0.0000E+00
     -0.235  0.6309E-01  0.2445E-01  0.2445E-01  0.2445E-01  0.0000E+00  0.0000E+00  0.0000E+00  0.0000E+00  0.0000E+00
     -0.059  0.5623E-01  0.2244E-01  0.2244E-01  0.2244E-01  0.0000E+00  0.0000E+00  0.0000E+00  0.0000E+00  0.0000E+00
      0.117  0.5177E-01  0.2114E-01  0.2114E-01  0.2114E-01  0.0000E+00  0.0000E+00  0.0000E+00  0.0000E+00  0.0000E+00
      0.293  0.4820E-01  0.2019E-01  0.2019E-01  0.2019E-01  0.0000E+00  0.0000E+00  0.0000E+00  0.0000E+00  0.0000E+00
      0.469  0.4504E-01  0.1934E-01  0.1934E-01  0.1934E-01  0.0000E+00  0.0000E+00  0.0000E+00  0.0000E+00  0.0000E+00
      0.644  0.4240E-01  0.1868E-01  0.1868E-01  0.1868E-01  0.0000E+00  0.0000E+00  0.0000E+00  0.0000E+00  0.0000E+00
      0.820  0.3962E-01  0.1796E-01  0.1796E-01  0.1796E-01  0.0000E+00  0.0000E+00  0.0000E+00  0.0000E+00  0.0000E+00
      0.996  0.3766E-01  0.1779E-01  0.1779E-01  0.1779E-01  0.0000E+00  0.0000E+00  0.0000E+00  0.0000E+00  0.0000E+00
      1.172  0.3647E-01  0.2256E-01  0.2256E-01  0.2256E-01  0.0000E+00  0.0000E+00  0.0000E+00  0.0000E+00  0.0000E+00
      1.348  0.3581E-01  0.2464E-01  0.2464E-01  0.2464E-01  0.0000E+00  0.0000E+00  0.0000E+00  0.0000E+00  0.0000E+00
      1.524  0.3473E-01  0.2674E-01  0.2674E-01  0.2674E-01  0.0000E+00  0.0000E+00  0.0000E+00  0.0000E+00  0.0000E+00
      1.700  0.3468E-01  0.2905E-01  0.2905E-01  0.2905E-01  0.0000E+00  0.0000E+00  0.0000E+00  0.0000E+00  0.0000E+00
      1.876  0.3459E-01  0.3233E-01  0.3233E-01  0.3233E-01  0.0000E+00  0.0000E+00  0.0000E+00  0.0000E+00  0.0000E+00
      2.052  0.3526E-01  0.3636E-01  0.3636E-01  0.3636E-01  0.0000E+00  0.0000E+00  0.0000E+00  0.0000E+00  0.0000E+00
      2.228  0.3505E-01  0.3572E-01  0.3572E-01  0.3572E-01  0.0000E+00  0.0000E+00  0.0000E+00  0.0000E+00  0.0000E+00
      2.404  0.3426E-01  0.3503E-01  0.3503E-01  0.3503E-01  0.0000E+00  0.0000E+00  0.0000E+00  0.0000E+00  0.0000E+00
      2.580  0.3429E-01  0.3561E-01  0.3561E-01  0.3561E-01  0.0000E+00  0.0000E+00  0.0000E+00  0.0000E+00  0.0000E+00
      2.756  0.3331E-01  0.3600E-01  0.3600E-01  0.3600E-01  0.0000E+00  0.0000E+00  0.0000E+00  0.0000E+00  0.0000E+00
      2.932  0.3304E-01  0.3709E-01  0.3709E-01  0.3709E-01  0.0000E+00  0.0000E+00  0.0000E+00  0.0000E+00  0.0000E+00
      3.108  0.3241E-01  0.3799E-01  0.3799E-01  0.3799E-01  0.0000E+00  0.0000E+00  0.0000E+00  0.0000E+00  0.0000E+00
      3.284  0.3153E-01  0.3911E-01  0.3911E-01  0.3911E-01  0.0000E+00  0.0000E+00  0.0000E+00  0.0000E+00  0.0000E+00
      3.459  0.3126E-01  0.4045E-01  0.4045E-01  0.4045E-01  0.0000E+00  0.0000E+00  0.0000E+00  0.0000E+00  0.0000E+00
      3.635  0.3031E-01  0.4169E-01  0.4169E-01  0.4169E-01  0.0000E+00  0.0000E+00  0.0000E+00  0.0000E+00  0.0000E+00
      3.811  0.2972E-01  0.4334E-01  0.4334E-01  0.4334E-01  0.0000E+00  0.0000E+00  0.0000E+00  0.0000E+00  0.0000E+00
      3.987  0.2921E-01  0.4505E-01  0.4505E-01  0.4505E-01  0.0000E+00  0.0000E+00  0.0000E+00  0.0000E+00  0.0000E+00
      4.163  0.2804E-01  0.4610E-01  0.4610E-01  0.4610E-01  0.0000E+00  0.0000E+00  0.0000E+00  0.0000E+00  0.0000E+00
      4.339  0.2762E-01  0.4917E-01  0.4917E-01  0.4917E-01  0.0000E+00  0.0000E+00  0.0000E+00  0.0000E+00  0.0000E+00
      4.515  0.2689E-01  0.5064E-01  0.5064E-01  0.5064E-01  0.0000E+00  0.0000E+00  0.0000E+00  0.0000E+00  0.0000E+00
      4.691  0.2581E-01  0.5394E-01  0.5394E-01  0.5394E-01  0.0000E+00  0.0000E+00  0.0000E+00  0.0000E+00  0.0000E+00
      4.867  0.2522E-01  0.5826E-01  0.5826E-01  0.5826E-01  0.0000E+00  0.0000E+00  0.0000E+00  0.0000E+00  0.0000E+00
      5.043  0.2445E-01  0.6506E-01  0.6506E-01  0.6506E-01  0.0000E+00  0.0000E+00  0.0000E+00  0.0000E+00  0.0000E+00
      5.219  0.2323E-01  0.7286E-01  0.7286E-01  0.7286E-01  0.0000E+00  0.0000E+00  0.0000E+00  0.0000E+00  0.0000E+00
      5.395  0.2251E-01  0.7209E-01  0.7209E-01  0.7209E-01  0.0000E+00  0.0000E+00  0.0000E+00  0.0000E+00  0.0000E+00
      5.571  0.2162E-01  0.6961E-01  0.6961E-01  0.6961E-01  0.0000E+00  0.0000E+00  0.0000E+00  0.0000E+00  0.0000E+00
      5.747  0.2053E-01  0.6889E-01  0.6889E-01  0.6889E-01  0.0000E+00  0.0000E+00  0.0000E+00  0.0000E+00  0.0000E+00
      5.923  0.1979E-01  0.6859E-01  0.6859E-01  0.6859E-01  0.0000E+00  0.0000E+00  0.0000E+00  0.0000E+00  0.0000E+00
      6.099  0.1899E-01  0.6805E-01  0.6805E-01  0.6805E-01  0.0000E+00  0.0000E+00  0.0000E+00  0.0000E+00  0.0000E+00
      6.274  0.1802E-01  0.6787E-01  0.6787E-01  0.6787E-01  0.0000E+00  0.0000E+00  0.0000E+00  0.0000E+00  0.0000E+00
      6.450  0.1725E-01  0.6724E-01  0.6724E-01  0.6724E-01  0.0000E+00  0.0000E+00  0.0000E+00  0.0000E+00  0.0000E+00
      6.626  0.1652E-01  0.6721E-01  0.6721E-01  0.6721E-01  0.0000E+00  0.0000E+00  0.0000E+00  0.0000E+00  0.0000E+00
      6.802  0.1564E-01  0.6676E-01  0.6676E-01  0.6676E-01  0.0000E+00  0.0000E+00  0.0000E+00  0.0000E+00  0.0000E+00
      6.978  0.1481E-01  0.6635E-01  0.6635E-01  0.6635E-01  0.0000E+00  0.0000E+00  0.0000E+00  0.0000E+00  0.0000E+00
      7.154  0.1416E-01  0.6617E-01  0.6617E-01  0.6617E-01  0.0000E+00  0.0000E+00  0.0000E+00  0.0000E+00  0.0000E+00
      7.330  0.1347E-01  0.6580E-01  0.6580E-01  0.6580E-01  0.0000E+00  0.0000E+00  0.0000E+00  0.0000E+00  0.0000E+00
      7.506  0.1266E-01  0.6543E-01  0.6543E-01  0.6543E-01  0.0000E+00  0.0000E+00  0.0000E+00  0.0000E+00  0.0000E+00
      7.682  0.1205E-01  0.6506E-01  0.6506E-01  0.6506E-01  0.0000E+00  0.0000E+00  0.0000E+00  0.0000E+00  0.0000E+00
      7.858  0.1136E-01  0.6490E-01  0.6490E-01  0.6490E-01  0.0000E+00  0.0000E+00  0.0000E+00  0.0000E+00  0.0000E+00
      8.034  0.1055E-01  0.6431E-01  0.6431E-01  0.6431E-01  0.0000E+00  0.0000E+00  0.0000E+00  0.0000E+00  0.0000E+00
      8.210  0.9975E-02  0.6408E-01  0.6408E-01  0.6408E-01  0.0000E+00  0.0000E+00  0.0000E+00  0.0000E+00  0.0000E+00
      8.386  0.9416E-02  0.6388E-01  0.6388E-01  0.6388E-01  0.0000E+00  0.0000E+00  0.0000E+00  0.0000E+00  0.0000E+00
      8.562  0.8746E-02  0.6347E-01  0.6347E-01  0.6347E-01  0.0000E+00  0.0000E+00  0.0000E+00  0.0000E+00  0.0000E+00
      8.738  0.8110E-02  0.6299E-01  0.6299E-01  0.6299E-01  0.0000E+00  0.0000E+00  0.0000E+00  0.0000E+00  0.0000E+00
      8.913  0.7560E-02  0.6297E-01  0.6297E-01  0.6297E-01  0.0000E+00  0.0000E+00  0.0000E+00  0.0000E+00  0.0000E+00
      9.089  0.6984E-02  0.6251E-01  0.6251E-01  0.6251E-01  0.0000E+00  0.0000E+00  0.0000E+00  0.0000E+00  0.0000E+00
      9.265  0.6369E-02  0.6227E-01  0.6227E-01  0.6227E-01  0.0000E+00  0.0000E+00  0.0000E+00  0.0000E+00  0.0000E+00
      9.441  0.5855E-02  0.6177E-01  0.6177E-01  0.6177E-01  0.0000E+00  0.0000E+00  0.0000E+00  0.0000E+00  0.0000E+00
      9.617  0.5343E-02  0.6199E-01  0.6199E-01  0.6199E-01  0.0000E+00  0.0000E+00  0.0000E+00  0.0000E+00  0.0000E+00
      9.793  0.4805E-02  0.5408E-01  0.5408E-01  0.5408E-01  0.0000E+00  0.0000E+00  0.0000E+00  0.0000E+00  0.0000E+00
      9.969  0.4353E-02  0.4664E-01  0.4664E-01  0.4664E-01  0.0000E+00  0.0000E+00  0.0000E+00  0.0000E+00  0.0000E+00
     10.145  0.3963E-02  0.4158E-01  0.4158E-01  0.4158E-01  0.0000E+00  0.0000E+00  0.0000E+00  0.0000E+00  0.0000E+00
     10.321  0.3579E-02  0.3767E-01  0.3767E-01  0.3767E-01  0.0000E+00  0.0000E+00  0.0000E+00  0.0000E+00  0.0000E+00
     10.497  0.3211E-02  0.3459E-01  0.3459E-01  0.3459E-01  0.0000E+00  0.0000E+00  0.0000E+00  0.0000E+00  0.0000E+00
     10.673  0.2908E-02  0.3200E-01  0.3200E-01  0.3200E-01  0.0000E+00  0.0000E+00  0.0000E+00  0.0000E+00  0.0000E+00
     10.849  0.2613E-02  0.2958E-01  0.2958E-01  0.2958E-01  0.0000E+00  0.0000E+00  0.0000E+00  0.0000E+00  0.0000E+00
     11.025  0.2300E-02  0.2732E-01  0.2732E-01  0.2732E-01  0.0000E+00  0.0000E+00  0.0000E+00  0.0000E+00  0.0000E+00
     11.201  0.2039E-02  0.2525E-01  0.2525E-01  0.2525E-01  0.0000E+00  0.0000E+00  0.0000E+00  0.0000E+00  0.0000E+00
     11.377  0.1795E-02  0.2332E-01  0.2332E-01  0.2332E-01  0.0000E+00  0.0000E+00  0.0000E+00  0.0000E+00  0.0000E+00
     11.553  0.1538E-02  0.2145E-01  0.2145E-01  0.2145E-01  0.0000E+00  0.0000E+00  0.0000E+00  0.0000E+00  0.0000E+00
     11.728  0.1321E-02  0.1966E-01  0.1966E-01  0.1966E-01  0.0000E+00  0.0000E+00  0.0000E+00  0.0000E+00  0.0000E+00
     11.904  0.1115E-02  0.1793E-01  0.1793E-01  0.1793E-01  0.0000E+00  0.0000E+00  0.0000E+00  0.0000E+00  0.0000E+00
     12.080  0.9070E-03  0.1631E-01  0.1631E-01  0.1631E-01  0.0000E+00  0.0000E+00  0.0000E+00  0.0000E+00  0.0000E+00
     12.256  0.7319E-03  0.1460E-01  0.1460E-01  0.1460E-01  0.0000E+00  0.0000E+00  0.0000E+00  0.0000E+00  0.0000E+00
     12.432  0.5666E-03  0.1294E-01  0.1294E-01  0.1294E-01  0.0000E+00  0.0000E+00  0.0000E+00  0.0000E+00  0.0000E+00
     12.608  0.4042E-03  0.1129E-01  0.1129E-01  0.1129E-01  0.0000E+00  0.0000E+00  0.0000E+00  0.0000E+00  0.0000E+00
     12.784  0.2759E-03  0.9564E-02  0.9564E-02  0.9564E-02  0.0000E+00  0.0000E+00  0.0000E+00  0.0000E+00  0.0000E+00
     12.960  0.1618E-03  0.7825E-02  0.7825E-02  0.7825E-02  0.0000E+00  0.0000E+00  0.0000E+00  0.0000E+00  0.0000E+00
     13.136  0.7209E-04  0.6177E-02  0.6177E-02  0.6177E-02  0.0000E+00  0.0000E+00  0.0000E+00  0.0000E+00  0.0000E+00
     13.312  0.1910E-04  0.4067E-02  0.4067E-02  0.4067E-02  0.0000E+00  0.0000E+00  0.0000E+00  0.0000E+00  0.0000E+00
     13.488  0.0000E+00  0.0000E+00  0.0000E+00  0.0000E+00  0.0000E+00  0.0000E+00  0.0000E+00  0.0000E+00  0.0000E+00
     13.664  0.0000E+00  0.0000E+00  0.0000E+00  0.0000E+00  0.0000E+00  0.0000E+00  0.0000E+00  0.0000E+00  0.0000E+00
     13.840  0.0000E+00  0.0000E+00  0.0000E+00  0.0000E+00  0.0000E+00  0.0000E+00  0.0000E+00  0.0000E+00  0.0000E+00
     14.016  0.0000E+00  0.0000E+00  0.0000E+00  0.0000E+00  0.0000E+00  0.0000E+00  0.0000E+00  0.0000E+00  0.0000E+00
     14.192  0.0000E+00  0.0000E+00  0.0000E+00  0.0000E+00  0.0000E+00  0.0000E+00  0.0000E+00  0.0000E+00  0.0000E+00
     14.367  0.0000E+00  0.0000E+00  0.0000E+00  0.0000E+00  0.0000E+00  0.0000E+00  0.0000E+00  0.0000E+00  0.0000E+00
     14.543  0.0000E+00  0.0000E+00  0.0000E+00  0.0000E+00  0.0000E+00  0.0000E+00  0.0000E+00  0.0000E+00  0.0000E+00
     14.719  0.0000E+00  0.0000E+00  0.0000E+00  0.0000E+00  0.0000E+00  0.0000E+00  0.0000E+00  0.0000E+00  0.0000E+00
     14.895  0.0000E+00  0.0000E+00  0.0000E+00  0.0000E+00  0.0000E+00  0.0000E+00  0.0000E+00  0.0000E+00  0.0000E+00
     15.071  0.0000E+00  0.0000E+00  0.0000E+00  0.0000E+00  0.0000E+00  0.0000E+00  0.0000E+00  0.0000E+00  0.0000E+00
     15.247  0.0000E+00  0.0000E+00  0.0000E+00  0.0000E+00  0.0000E+00  0.0000E+00  0.0000E+00  0.0000E+00  0.0000E+00
     15.423  0.0000E+00  0.0000E+00  0.0000E+00  0.0000E+00  0.0000E+00  0.0000E+00  0.0000E+00  0.0000E+00  0.0000E+00
     15.599  0.0000E+00  0.0000E+00  0.0000E+00  0.0000E+00  0.0000E+00  0.0000E+00  0.0000E+00  0.0000E+00  0.0000E+00
     15.775  0.0000E+00  0.0000E+00  0.0000E+00  0.0000E+00  0.0000E+00  0.0000E+00  0.0000E+00  0.0000E+00  0.0000E+00
     15.951  0.0000E+00  0.0000E+00  0.0000E+00  0.0000E+00  0.0000E+00  0.0000E+00  0.0000E+00  0.0000E+00  0.0000E+00
     16.127  0.0000E+00  0.0000E+00  0.0000E+00  0.0000E+00  0.0000E+00  0.0000E+00  0.0000E+00  0.0000E+00  0.0000E+00
     16.303  0.0000E+00  0.0000E+00  0.0000E+00  0.0000E+00  0.0000E+00  0.0000E+00  0.0000E+00  0.0000E+00  0.0000E+00
     16.479  0.0000E+00  0.0000E+00  0.0000E+00  0.0000E+00  0.0000E+00  0.0000E+00  0.0000E+00  0.0000E+00  0.0000E+00
     16.655  0.0000E+00  0.0000E+00  0.0000E+00  0.0000E+00  0.0000E+00  0.0000E+00  0.0000E+00  0.0000E+00  0.0000E+00
     16.831  0.0000E+00  0.0000E+00  0.0000E+00  0.0000E+00  0.0000E+00  0.0000E+00  0.0000E+00  0.0000E+00  0.0000E+00
     17.007  0.0000E+00  0.0000E+00  0.0000E+00  0.0000E+00  0.0000E+00  0.0000E+00  0.0000E+00  0.0000E+00  0.0000E+00
     17.182  0.0000E+00  0.0000E+00  0.0000E+00  0.0000E+00  0.0000E+00  0.0000E+00  0.0000E+00  0.0000E+00  0.0000E+00
     17.358  0.0000E+00  0.0000E+00  0.0000E+00  0.0000E+00  0.0000E+00  0.0000E+00  0.0000E+00  0.0000E+00  0.0000E+00
     17.534  0.0000E+00  0.0000E+00  0.0000E+00  0.0000E+00  0.0000E+00  0.0000E+00  0.0000E+00  0.0000E+00  0.0000E+00
     17.710  0.0000E+00  0.0000E+00  0.0000E+00  0.0000E+00  0.0000E+00  0.0000E+00  0.0000E+00  0.0000E+00  0.0000E+00
     17.886  0.0000E+00  0.0000E+00  0.0000E+00  0.0000E+00  0.0000E+00  0.0000E+00  0.0000E+00  0.0000E+00  0.0000E+00
     18.062  0.0000E+00  0.0000E+00  0.0000E+00  0.0000E+00  0.0000E+00  0.0000E+00  0.0000E+00  0.0000E+00  0.0000E+00
     18.238  0.0000E+00  0.0000E+00  0.0000E+00  0.0000E+00  0.0000E+00  0.0000E+00  0.0000E+00  0.0000E+00  0.0000E+00
     18.414  0.8556E-02  0.2014E-02  0.2014E-02  0.2014E-02  0.0000E+00  0.0000E+00  0.0000E+00  0.0000E+00  0.0000E+00
     18.590  0.1079E-01  0.2902E-02  0.2902E-02  0.2902E-02  0.0000E+00  0.0000E+00  0.0000E+00  0.0000E+00  0.0000E+00
     18.766  0.1356E-01  0.3885E-02  0.3885E-02  0.3885E-02  0.0000E+00  0.0000E+00  0.0000E+00  0.0000E+00  0.0000E+00
     18.942  0.1795E-01  0.5263E-02  0.5263E-02  0.5263E-02  0.0000E+00  0.0000E+00  0.0000E+00  0.0000E+00  0.0000E+00
     19.118  0.2123E-01  0.6811E-02  0.6811E-02  0.6811E-02  0.0000E+00  0.0000E+00  0.0000E+00  0.0000E+00  0.0000E+00
     19.294  0.2319E-01  0.8444E-02  0.8444E-02  0.8444E-02  0.0000E+00  0.0000E+00  0.0000E+00  0.0000E+00  0.0000E+00
     19.470  0.2469E-01  0.1012E-01  0.1012E-01  0.1012E-01  0.0000E+00  0.0000E+00  0.0000E+00  0.0000E+00  0.0000E+00
     19.646  0.2590E-01  0.1212E-01  0.1212E-01  0.1212E-01  0.0000E+00  0.0000E+00  0.0000E+00  0.0000E+00  0.0000E+00
     19.822  0.2701E-01  0.1574E-01  0.1574E-01  0.1574E-01  0.0000E+00  0.0000E+00  0.0000E+00  0.0000E+00  0.0000E+00
     19.997  0.2737E-01  0.1810E-01  0.1810E-01  0.1810E-01  0.0000E+00  0.0000E+00  0.0000E+00  0.0000E+00  0.0000E+00
     20.173  0.2783E-01  0.1871E-01  0.1871E-01  0.1871E-01  0.0000E+00  0.0000E+00  0.0000E+00  0.0000E+00  0.0000E+00
     20.349  0.2827E-01  0.1979E-01  0.1979E-01  0.1979E-01  0.0000E+00  0.0000E+00  0.0000E+00  0.0000E+00  0.0000E+00
     20.525  0.2848E-01  0.2096E-01  0.2096E-01  0.2096E-01  0.0000E+00  0.0000E+00  0.0000E+00  0.0000E+00  0.0000E+00
     20.701  0.2853E-01  0.2229E-01  0.2229E-01  0.2229E-01  0.0000E+00  0.0000E+00  0.0000E+00  0.0000E+00  0.0000E+00
     20.877  0.2857E-01  0.2359E-01  0.2359E-01  0.2359E-01  0.0000E+00  0.0000E+00  0.0000E+00  0.0000E+00  0.0000E+00
     21.053  0.2865E-01  0.2508E-01  0.2508E-01  0.2508E-01  0.0000E+00  0.0000E+00  0.0000E+00  0.0000E+00  0.0000E+00
     21.229  0.2857E-01  0.2663E-01  0.2663E-01  0.2663E-01  0.0000E+00  0.0000E+00  0.0000E+00  0.0000E+00  0.0000E+00
     21.405  0.2832E-01  0.2828E-01  0.2828E-01  0.2828E-01  0.0000E+00  0.0000E+00  0.0000E+00  0.0000E+00  0.0000E+00
     21.581  0.2803E-01  0.3004E-01  0.3004E-01  0.3004E-01  0.0000E+00  0.0000E+00  0.0000E+00  0.0000E+00  0.0000E+00
     21.757  0.2772E-01  0.3200E-01  0.3200E-01  0.3200E-01  0.0000E+00  0.0000E+00  0.0000E+00  0.0000E+00  0.0000E+00
     21.933  0.2740E-01  0.3421E-01  0.3421E-01  0.3421E-01  0.0000E+00  0.0000E+00  0.0000E+00  0.0000E+00  0.0000E+00
     22.109  0.2699E-01  0.3680E-01  0.3680E-01  0.3680E-01  0.0000E+00  0.0000E+00  0.0000E+00  0.0000E+00  0.0000E+00
     22.285  0.2645E-01  0.3973E-01  0.3973E-01  0.3973E-01  0.0000E+00  0.0000E+00  0.0000E+00  0.0000E+00  0.0000E+00
     22.461  0.2592E-01  0.4359E-01  0.4359E-01  0.4359E-01  0.0000E+00  0.0000E+00  0.0000E+00  0.0000E+00  0.0000E+00
     22.636  0.2564E-01  0.4961E-01  0.4961E-01  0.4961E-01  0.0000E+00  0.0000E+00  0.0000E+00  0.0000E+00  0.0000E+00
     22.812  0.2583E-01  0.6052E-01  0.6052E-01  0.6052E-01  0.0000E+00  0.0000E+00  0.0000E+00  0.0000E+00  0.0000E+00
     22.988  0.2308E-01  0.5903E-01  0.5903E-01  0.5903E-01  0.0000E+00  0.0000E+00  0.0000E+00  0.0000E+00  0.0000E+00
     23.164  0.2086E-01  0.5584E-01  0.5584E-01  0.5584E-01  0.0000E+00  0.0000E+00  0.0000E+00  0.0000E+00  0.0000E+00
     23.340  0.1889E-01  0.4412E-01  0.4412E-01  0.4412E-01  0.0000E+00  0.0000E+00  0.0000E+00  0.0000E+00  0.0000E+00
     23.516  0.1771E-01  0.4228E-01  0.4228E-01  0.4228E-01  0.0000E+00  0.0000E+00  0.0000E+00  0.0000E+00  0.0000E+00
     23.692  0.1591E-01  0.3910E-01  0.3910E-01  0.3910E-01  0.0000E+00  0.0000E+00  0.0000E+00  0.0000E+00  0.0000E+00
     23.868  0.1644E-01  0.4053E-01  0.4053E-01  0.4053E-01  0.0000E+00  0.0000E+00  0.0000E+00  0.0000E+00  0.0000E+00
     24.044  0.2093E-01  0.4820E-01  0.4820E-01  0.4820E-01  0.0000E+00  0.0000E+00  0.0000E+00  0.0000E+00  0.0000E+00
     24.220  0.2154E-01  0.4686E-01  0.4686E-01  0.4686E-01  0.0000E+00  0.0000E+00  0.0000E+00  0.0000E+00  0.0000E+00
     24.396  0.2186E-01  0.4512E-01  0.4512E-01  0.4512E-01  0.0000E+00  0.0000E+00  0.0000E+00  0.0000E+00  0.0000E+00
     24.572  0.2346E-01  0.4618E-01  0.4618E-01  0.4618E-01  0.0000E+00  0.0000E+00  0.0000E+00  0.0000E+00  0.0000E+00
     24.748  0.2471E-01  0.4638E-01  0.4638E-01  0.4638E-01  0.0000E+00  0.0000E+00  0.0000E+00  0.0000E+00  0.0000E+00
     24.924  0.2599E-01  0.4688E-01  0.4688E-01  0.4688E-01  0.0000E+00  0.0000E+00  0.0000E+00  0.0000E+00  0.0000E+00
     25.100  0.2728E-01  0.4556E-01  0.4556E-01  0.4556E-01  0.0000E+00  0.0000E+00  0.0000E+00  0.0000E+00  0.0000E+00
     25.276  0.2796E-01  0.4419E-01  0.4419E-01  0.4419E-01  0.0000E+00  0.0000E+00  0.0000E+00  0.0000E+00  0.0000E+00
     25.451  0.2997E-01  0.4384E-01  0.4384E-01  0.4384E-01  0.0000E+00  0.0000E+00  0.0000E+00  0.0000E+00  0.0000E+00
     25.627  0.3091E-01  0.4216E-01  0.4216E-01  0.4216E-01  0.0000E+00  0.0000E+00  0.0000E+00  0.0000E+00  0.0000E+00
     25.803  0.3413E-01  0.4172E-01  0.4172E-01  0.4172E-01  0.0000E+00  0.0000E+00  0.0000E+00  0.0000E+00  0.0000E+00
     25.979  0.4364E-01  0.4049E-01  0.4049E-01  0.4049E-01  0.0000E+00  0.0000E+00  0.0000E+00  0.0000E+00  0.0000E+00
     26.155  0.4516E-01  0.3969E-01  0.3969E-01  0.3969E-01  0.0000E+00  0.0000E+00  0.0000E+00  0.0000E+00  0.0000E+00
     26.331  0.3835E-01  0.3681E-01  0.3681E-01  0.3681E-01  0.0000E+00  0.0000E+00  0.0000E+00  0.0000E+00  0.0000E+00
     26.507  0.3423E-01  0.3159E-01  0.3159E-01  0.3159E-01  0.0000E+00  0.0000E+00  0.0000E+00  0.0000E+00  0.0000E+00
     26.683  0.3075E-01  0.2857E-01  0.2857E-01  0.2857E-01  0.0000E+00  0.0000E+00  0.0000E+00  0.0000E+00  0.0000E+00
     26.859  0.2893E-01  0.2669E-01  0.2669E-01  0.2669E-01  0.0000E+00  0.0000E+00  0.0000E+00  0.0000E+00  0.0000E+00
     27.035  0.2715E-01  0.2541E-01  0.2541E-01  0.2541E-01  0.0000E+00  0.0000E+00  0.0000E+00  0.0000E+00  0.0000E+00
     27.211  0.2616E-01  0.2534E-01  0.2534E-01  0.2534E-01  0.0000E+00  0.0000E+00  0.0000E+00  0.0000E+00  0.0000E+00
     27.387  0.2654E-01  0.2553E-01  0.2553E-01  0.2553E-01  0.0000E+00  0.0000E+00  0.0000E+00  0.0000E+00  0.0000E+00
     27.563  0.2615E-01  0.2547E-01  0.2547E-01  0.2547E-01  0.0000E+00  0.0000E+00  0.0000E+00  0.0000E+00  0.0000E+00
     27.739  0.2781E-01  0.2633E-01  0.2633E-01  0.2633E-01  0.0000E+00  0.0000E+00  0.0000E+00  0.0000E+00  0.0000E+00
     27.915  0.2905E-01  0.2628E-01  0.2628E-01  0.2628E-01  0.0000E+00  0.0000E+00  0.0000E+00  0.0000E+00  0.0000E+00
     28.090  0.3122E-01  0.2706E-01  0.2706E-01  0.2706E-01  0.0000E+00  0.0000E+00  0.0000E+00  0.0000E+00  0.0000E+00
     28.266  0.3320E-01  0.2807E-01  0.2807E-01  0.2807E-01  0.0000E+00  0.0000E+00  0.0000E+00  0.0000E+00  0.0000E+00
     28.442  0.3678E-01  0.2885E-01  0.2885E-01  0.2885E-01  0.0000E+00  0.0000E+00  0.0000E+00  0.0000E+00  0.0000E+00
     28.618  0.4052E-01  0.2983E-01  0.2983E-01  0.2983E-01  0.0000E+00  0.0000E+00  0.0000E+00  0.0000E+00  0.0000E+00
     28.794  0.4355E-01  0.3138E-01  0.3138E-01  0.3138E-01  0.0000E+00  0.0000E+00  0.0000E+00  0.0000E+00  0.0000E+00
     28.970  0.4737E-01  0.3316E-01  0.3316E-01  0.3316E-01  0.0000E+00  0.0000E+00  0.0000E+00  0.0000E+00  0.0000E+00
     29.146  0.4943E-01  0.3456E-01  0.3456E-01  0.3456E-01  0.0000E+00  0.0000E+00  0.0000E+00  0.0000E+00  0.0000E+00
     29.322  0.5243E-01  0.3583E-01  0.3583E-01  0.3583E-01  0.0000E+00  0.0000E+00  0.0000E+00  0.0000E+00  0.0000E+00
     29.498  0.5783E-01  0.3919E-01  0.3919E-01  0.3919E-01  0.0000E+00  0.0000E+00  0.0000E+00  0.0000E+00  0.0000E+00
     29.674  0.5494E-01  0.3986E-01  0.3986E-01  0.3986E-01  0.0000E+00  0.0000E+00  0.0000E+00  0.0000E+00  0.0000E+00
     29.850  0.5493E-01  0.4211E-01  0.4211E-01  0.4211E-01  0.0000E+00  0.0000E+00  0.0000E+00  0.0000E+00  0.0000E+00
     30.026  0.5324E-01  0.4381E-01  0.4381E-01  0.4381E-01  0.0000E+00  0.0000E+00  0.0000E+00  0.0000E+00  0.0000E+00
     30.202  0.5275E-01  0.4678E-01  0.4678E-01  0.4678E-01  0.0000E+00  0.0000E+00  0.0000E+00  0.0000E+00  0.0000E+00
     30.378  0.4973E-01  0.4425E-01  0.4425E-01  0.4425E-01  0.0000E+00  0.0000E+00  0.0000E+00  0.0000E+00  0.0000E+00
     30.554  0.4818E-01  0.4345E-01  0.4345E-01  0.4345E-01  0.0000E+00  0.0000E+00  0.0000E+00  0.0000E+00  0.0000E+00
     30.730  0.4840E-01  0.4398E-01  0.4398E-01  0.4398E-01  0.0000E+00  0.0000E+00  0.0000E+00  0.0000E+00  0.0000E+00
     30.905  0.4961E-01  0.4557E-01  0.4557E-01  0.4557E-01  0.0000E+00  0.0000E+00  0.0000E+00  0.0000E+00  0.0000E+00
     31.081  0.5043E-01  0.4739E-01  0.4739E-01  0.4739E-01  0.0000E+00  0.0000E+00  0.0000E+00  0.0000E+00  0.0000E+00
     31.257  0.5279E-01  0.4862E-01  0.4862E-01  0.4862E-01  0.0000E+00  0.0000E+00  0.0000E+00  0.0000E+00  0.0000E+00
     31.433  0.5364E-01  0.5050E-01  0.5050E-01  0.5050E-01  0.0000E+00  0.0000E+00  0.0000E+00  0.0000E+00  0.0000E+00
     31.609  0.5171E-01  0.5208E-01  0.5208E-01  0.5208E-01  0.0000E+00  0.0000E+00  0.0000E+00  0.0000E+00  0.0000E+00
     31.785  0.5464E-01  0.5943E-01  0.5943E-01  0.5943E-01  0.0000E+00  0.0000E+00  0.0000E+00  0.0000E+00  0.0000E+00
     31.961  0.5383E-01  0.6284E-01  0.6284E-01  0.6284E-01  0.0000E+00  0.0000E+00  0.0000E+00  0.0000E+00  0.0000E+00
     32.137  0.5445E-01  0.6759E-01  0.6759E-01  0.6759E-01  0.0000E+00  0.0000E+00  0.0000E+00  0.0000E+00  0.0000E+00
     32.313  0.5647E-01  0.9427E-01  0.9427E-01  0.9427E-01  0.0000E+00  0.0000E+00  0.0000E+00  0.0000E+00  0.0000E+00
     32.489  0.4760E-01  0.7602E-01  0.7602E-01  0.7602E-01  0.0000E+00  0.0000E+00  0.0000E+00  0.0000E+00  0.0000E+00
     32.665  0.4224E-01  0.6026E-01  0.6026E-01  0.6026E-01  0.0000E+00  0.0000E+00  0.0000E+00  0.0000E+00  0.0000E+00
     32.841  0.3772E-01  0.4128E-01  0.4128E-01  0.4128E-01  0.0000E+00  0.0000E+00  0.0000E+00  0.0000E+00  0.0000E+00
     33.017  0.4358E-01  0.3172E-01  0.3172E-01  0.3172E-01  0.0000E+00  0.0000E+00  0.0000E+00  0.0000E+00  0.0000E+00
     33.193  0.1682E-01  0.2927E-01  0.2927E-01  0.2927E-01  0.0000E+00  0.0000E+00  0.0000E+00  0.0000E+00  0.0000E+00
     33.369  0.1014E-01  0.2780E-01  0.2780E-01  0.2780E-01  0.0000E+00  0.0000E+00  0.0000E+00  0.0000E+00  0.0000E+00
     33.545  0.8715E-02  0.2608E-01  0.2608E-01  0.2608E-01  0.0000E+00  0.0000E+00  0.0000E+00  0.0000E+00  0.0000E+00
     33.720  0.7303E-02  0.2440E-01  0.2440E-01  0.2440E-01  0.0000E+00  0.0000E+00  0.0000E+00  0.0000E+00  0.0000E+00
     33.896  0.6052E-02  0.2279E-01  0.2279E-01  0.2279E-01  0.0000E+00  0.0000E+00  0.0000E+00  0.0000E+00  0.0000E+00
     34.072  0.4830E-02  0.2091E-01  0.2091E-01  0.2091E-01  0.0000E+00  0.0000E+00  0.0000E+00  0.0000E+00  0.0000E+00
     34.248  0.3730E-02  0.1904E-01  0.1904E-01  0.1904E-01  0.0000E+00  0.0000E+00  0.0000E+00  0.0000E+00  0.0000E+00
     34.424  0.2720E-02  0.1712E-01  0.1712E-01  0.1712E-01  0.0000E+00  0.0000E+00  0.0000E+00  0.0000E+00  0.0000E+00
     34.600  0.1884E-02  0.1496E-01  0.1496E-01  0.1496E-01  0.0000E+00  0.0000E+00  0.0000E+00  0.0000E+00  0.0000E+00
     34.776  0.1076E-02  0.1244E-01  0.1244E-01  0.1244E-01  0.0000E+00  0.0000E+00  0.0000E+00  0.0000E+00  0.0000E+00
     34.952  0.4927E-03  0.9715E-02  0.9715E-02  0.9715E-02  0.0000E+00  0.0000E+00  0.0000E+00  0.0000E+00  0.0000E+00
     35.128  0.6122E-04  0.4372E-02  0.4372E-02  0.4372E-02  0.0000E+00  0.0000E+00  0.0000E+00  0.0000E+00  0.0000E+00
     35.304  0.2338E-05  0.2572E-03  0.2572E-03  0.2572E-03  0.0000E+00  0.0000E+00  0.0000E+00  0.0000E+00  0.0000E+00
     35.480  0.0000E+00  0.0000E+00  0.0000E+00  0.0000E+00  0.0000E+00  0.0000E+00  0.0000E+00  0.0000E+00  0.0000E+00
     35.656  0.0000E+00  0.0000E+00  0.0000E+00  0.0000E+00  0.0000E+00  0.0000E+00  0.0000E+00  0.0000E+00  0.0000E+00
     35.832  0.0000E+00  0.0000E+00  0.0000E+00  0.0000E+00  0.0000E+00  0.0000E+00  0.0000E+00  0.0000E+00  0.0000E+00
     36.008  0.0000E+00  0.0000E+00  0.0000E+00  0.0000E+00  0.0000E+00  0.0000E+00  0.0000E+00  0.0000E+00  0.0000E+00
     36.184  0.0000E+00  0.0000E+00  0.0000E+00  0.0000E+00  0.0000E+00  0.0000E+00  0.0000E+00  0.0000E+00  0.0000E+00
     36.359  0.0000E+00  0.0000E+00  0.0000E+00  0.0000E+00  0.0000E+00  0.0000E+00  0.0000E+00  0.0000E+00  0.0000E+00
     36.535  0.0000E+00  0.0000E+00  0.0000E+00  0.0000E+00  0.0000E+00  0.0000E+00  0.0000E+00  0.0000E+00  0.0000E+00
     36.711  0.0000E+00  0.0000E+00  0.0000E+00  0.0000E+00  0.0000E+00  0.0000E+00  0.0000E+00  0.0000E+00  0.0000E+00
     36.887  0.0000E+00  0.0000E+00  0.0000E+00  0.0000E+00  0.0000E+00  0.0000E+00  0.0000E+00  0.0000E+00  0.0000E+00
     37.063  0.0000E+00  0.0000E+00  0.0000E+00  0.0000E+00  0.0000E+00  0.0000E+00  0.0000E+00  0.0000E+00  0.0000E+00
     37.239  0.0000E+00  0.0000E+00  0.0000E+00  0.0000E+00  0.0000E+00  0.0000E+00  0.0000E+00  0.0000E+00  0.0000E+00
     37.415  0.0000E+00  0.0000E+00  0.0000E+00  0.0000E+00  0.0000E+00  0.0000E+00  0.0000E+00  0.0000E+00  0.0000E+00
     37.591  0.0000E+00  0.0000E+00  0.0000E+00  0.0000E+00  0.0000E+00  0.0000E+00  0.0000E+00  0.0000E+00  0.0000E+00
