   2   2   1   0
  0.5417000E+01  0.2483712E-09  0.2483712E-09  0.2483712E-09  0.5000000E-15
  1.000000000000000E-004
  CAR 
 C                                       
     31.07798831    -15.04749179  301     10.38695823      1.00000000
    -15.047  0.0000E+00  0.0000E+00
    -14.894  0.0000E+00  0.0000E+00
    -14.740  0.0000E+00  0.0000E+00
    -14.586  0.0000E+00  0.0000E+00
    -14.432  0.0000E+00  0.0000E+00
    -14.279  0.0000E+00  0.0000E+00
    -14.125  0.0000E+00  0.0000E+00
    -13.971  0.0000E+00  0.0000E+00
    -13.817  0.0000E+00  0.0000E+00
    -13.664  0.0000E+00  0.0000E+00
    -13.510  0.0000E+00  0.0000E+00
    -13.356  0.0000E+00  0.0000E+00
    -13.202  0.0000E+00  0.0000E+00
    -13.049  0.0000E+00  0.0000E+00
    -12.895  0.2489E-01  0.7295E-03
    -12.741  0.5716E-01  0.6114E-02
    -12.587  0.6176E-01  0.1427E-01
    -12.434  0.7189E-01  0.2444E-01
    -12.280  0.8231E-01  0.3630E-01
    -12.126  0.9160E-01  0.4964E-01
    -11.972  0.9967E-01  0.6435E-01
    -11.819  0.1075E+00  0.8031E-01
    -11.665  0.1151E+00  0.9741E-01
    -11.511  0.1218E+00  0.1156E+00
    -11.357  0.1287E+00  0.1349E+00
    -11.204  0.1349E+00  0.1552E+00
    -11.050  0.1413E+00  0.1764E+00
    -10.896  0.1470E+00  0.1986E+00
    -10.742  0.1531E+00  0.2216E+00
    -10.589  0.1585E+00  0.2456E+00
    -10.435  0.1643E+00  0.2704E+00
    -10.281  0.1696E+00  0.2961E+00
    -10.127  0.1750E+00  0.3226E+00
     -9.974  0.1803E+00  0.3499E+00
     -9.820  0.1855E+00  0.3780E+00
     -9.666  0.1909E+00  0.4069E+00
     -9.512  0.1958E+00  0.4367E+00
     -9.359  0.2010E+00  0.4672E+00
     -9.205  0.2062E+00  0.4985E+00
     -9.051  0.2113E+00  0.5306E+00
     -8.897  0.2165E+00  0.5635E+00
     -8.744  0.2218E+00  0.5972E+00
     -8.590  0.2271E+00  0.6317E+00
     -8.436  0.2326E+00  0.6670E+00
     -8.282  0.2381E+00  0.7032E+00
     -8.129  0.2438E+00  0.7402E+00
     -7.975  0.2499E+00  0.7782E+00
     -7.821  0.2562E+00  0.8171E+00
     -7.667  0.2629E+00  0.8570E+00
     -7.514  0.2703E+00  0.8980E+00
     -7.360  0.2785E+00  0.9401E+00
     -7.206  0.2880E+00  0.9837E+00
     -7.052  0.2999E+00  0.1029E+01
     -6.899  0.3166E+00  0.1076E+01
     -6.745  0.3558E+00  0.1127E+01
     -6.591  0.3635E+00  0.1183E+01
     -6.437  0.3500E+00  0.1236E+01
     -6.284  0.3325E+00  0.1288E+01
     -6.130  0.3256E+00  0.1339E+01
     -5.976  0.3134E+00  0.1388E+01
     -5.822  0.3070E+00  0.1436E+01
     -5.669  0.2962E+00  0.1482E+01
     -5.515  0.2853E+00  0.1527E+01
     -5.361  0.2770E+00  0.1570E+01
     -5.207  0.2666E+00  0.1612E+01
     -5.054  0.2559E+00  0.1652E+01
     -4.900  0.2474E+00  0.1691E+01
     -4.746  0.2361E+00  0.1728E+01
     -4.592  0.2265E+00  0.1763E+01
     -4.439  0.2159E+00  0.1797E+01
     -4.285  0.2057E+00  0.1830E+01
     -4.131  0.2126E+00  0.1861E+01
     -3.977  0.2517E+00  0.1897E+01
     -3.824  0.2614E+00  0.1935E+01
     -3.670  0.2740E+00  0.1976E+01
     -3.516  0.2564E+00  0.2018E+01
     -3.362  0.2171E+00  0.2053E+01
     -3.209  0.2217E+00  0.2087E+01
     -3.055  0.2359E+00  0.2122E+01
     -2.901  0.2548E+00  0.2160E+01
     -2.747  0.2934E+00  0.2202E+01
     -2.594  0.3452E+00  0.2251E+01
     -2.440  0.4188E+00  0.2309E+01
     -2.286  0.5212E+00  0.2380E+01
     -2.132  0.6511E+00  0.2473E+01
     -1.979  0.5567E+00  0.2566E+01
     -1.825  0.4491E+00  0.2641E+01
     -1.671  0.4094E+00  0.2706E+01
     -1.517  0.3741E+00  0.2767E+01
     -1.364  0.3545E+00  0.2823E+01
     -1.210  0.3298E+00  0.2875E+01
     -1.056  0.3163E+00  0.2925E+01
     -0.902  0.2966E+00  0.2972E+01
     -0.749  0.2861E+00  0.3017E+01
     -0.595  0.2713E+00  0.3060E+01
     -0.441  0.2602E+00  0.3101E+01
     -0.287  0.2507E+00  0.3140E+01
     -0.134  0.2370E+00  0.3177E+01
      0.020  0.2302E+00  0.3213E+01
      0.174  0.3035E+00  0.3254E+01
      0.328  0.3336E+00  0.3302E+01
      0.481  0.3720E+00  0.3356E+01
      0.635  0.4036E+00  0.3415E+01
      0.789  0.4750E+00  0.3482E+01
      0.943  0.4960E+00  0.3558E+01
      1.096  0.4819E+00  0.3634E+01
      1.250  0.4735E+00  0.3707E+01
      1.404  0.4629E+00  0.3778E+01
      1.558  0.4698E+00  0.3850E+01
      1.711  0.4731E+00  0.3922E+01
      1.865  0.4895E+00  0.3996E+01
      2.019  0.4847E+00  0.4070E+01
      2.173  0.4981E+00  0.4145E+01
      2.326  0.5079E+00  0.4223E+01
      2.480  0.5205E+00  0.4302E+01
      2.634  0.5342E+00  0.4383E+01
      2.788  0.5513E+00  0.4466E+01
      2.941  0.5775E+00  0.4552E+01
      3.095  0.5926E+00  0.4642E+01
      3.249  0.6333E+00  0.4736E+01
      3.403  0.7059E+00  0.4837E+01
      3.556  0.7630E+00  0.4950E+01
      3.710  0.7277E+00  0.5061E+01
      3.864  0.7230E+00  0.5172E+01
      4.018  0.7097E+00  0.5282E+01
      4.171  0.6999E+00  0.5391E+01
      4.325  0.6955E+00  0.5498E+01
      4.479  0.6880E+00  0.5604E+01
      4.633  0.6759E+00  0.5709E+01
      4.786  0.6733E+00  0.5813E+01
      4.940  0.6651E+00  0.5916E+01
      5.094  0.6568E+00  0.6017E+01
      5.248  0.6506E+00  0.6118E+01
      5.401  0.6435E+00  0.6217E+01
      5.555  0.6376E+00  0.6316E+01
      5.709  0.6306E+00  0.6413E+01
      5.863  0.6228E+00  0.6510E+01
      6.016  0.6164E+00  0.6605E+01
      6.170  0.6095E+00  0.6699E+01
      6.324  0.6021E+00  0.6792E+01
      6.478  0.5953E+00  0.6884E+01
      6.631  0.5890E+00  0.6975E+01
      6.785  0.5849E+00  0.7066E+01
      6.939  0.5755E+00  0.7155E+01
      7.093  0.5716E+00  0.7243E+01
      7.246  0.5686E+00  0.7330E+01
      7.400  0.4727E+00  0.7407E+01
      7.554  0.4018E+00  0.7473E+01
      7.708  0.3633E+00  0.7532E+01
      7.861  0.3317E+00  0.7585E+01
      8.015  0.3035E+00  0.7634E+01
      8.169  0.2770E+00  0.7678E+01
      8.323  0.2555E+00  0.7719E+01
      8.477  0.2342E+00  0.7757E+01
      8.630  0.2141E+00  0.7792E+01
      8.784  0.1965E+00  0.7823E+01
      8.938  0.1789E+00  0.7852E+01
      9.092  0.1622E+00  0.7878E+01
      9.245  0.1462E+00  0.7902E+01
      9.399  0.1306E+00  0.7923E+01
      9.553  0.1152E+00  0.7942E+01
      9.707  0.9973E-01  0.7959E+01
      9.860  0.8426E-01  0.7973E+01
     10.014  0.6863E-01  0.7984E+01
     10.168  0.5731E-01  0.7993E+01
     10.322  0.2614E-01  0.7999E+01
     10.475  0.1754E-02  0.8000E+01
     10.629  0.0000E+00  0.8000E+01
     10.783  0.0000E+00  0.8000E+01
     10.937  0.0000E+00  0.8000E+01
     11.090  0.0000E+00  0.8000E+01
     11.244  0.0000E+00  0.8000E+01
     11.398  0.0000E+00  0.8000E+01
     11.552  0.0000E+00  0.8000E+01
     11.705  0.0000E+00  0.8000E+01
     11.859  0.0000E+00  0.8000E+01
     12.013  0.0000E+00  0.8000E+01
     12.167  0.0000E+00  0.8000E+01
     12.320  0.0000E+00  0.8000E+01
     12.474  0.0000E+00  0.8000E+01
     12.628  0.0000E+00  0.8000E+01
     12.782  0.0000E+00  0.8000E+01
     12.935  0.0000E+00  0.8000E+01
     13.089  0.0000E+00  0.8000E+01
     13.243  0.0000E+00  0.8000E+01
     13.397  0.0000E+00  0.8000E+01
     13.550  0.0000E+00  0.8000E+01
     13.704  0.0000E+00  0.8000E+01
     13.858  0.0000E+00  0.8000E+01
     14.012  0.0000E+00  0.8000E+01
     14.165  0.0000E+00  0.8000E+01
     14.319  0.0000E+00  0.8000E+01
     14.473  0.0000E+00  0.8000E+01
     14.627  0.0000E+00  0.8000E+01
     14.780  0.0000E+00  0.8000E+01
     14.934  0.5567E-01  0.8003E+01
     15.088  0.8513E-01  0.8014E+01
     15.242  0.1182E+00  0.8029E+01
     15.395  0.1464E+00  0.8049E+01
     15.549  0.1847E+00  0.8074E+01
     15.703  0.2217E+00  0.8105E+01
     15.857  0.2572E+00  0.8142E+01
     16.010  0.2855E+00  0.8183E+01
     16.164  0.3183E+00  0.8229E+01
     16.318  0.3618E+00  0.8281E+01
     16.472  0.4017E+00  0.8340E+01
     16.625  0.4133E+00  0.8402E+01
     16.779  0.4289E+00  0.8466E+01
     16.933  0.4493E+00  0.8534E+01
     17.087  0.4674E+00  0.8604E+01
     17.240  0.4853E+00  0.8678E+01
     17.394  0.5042E+00  0.8754E+01
     17.548  0.5242E+00  0.8833E+01
     17.702  0.5452E+00  0.8915E+01
     17.855  0.5677E+00  0.9000E+01
     18.009  0.5903E+00  0.9089E+01
     18.163  0.6146E+00  0.9182E+01
     18.317  0.6411E+00  0.9279E+01
     18.470  0.6727E+00  0.9379E+01
     18.624  0.7069E+00  0.9485E+01
     18.778  0.7505E+00  0.9597E+01
     18.932  0.8090E+00  0.9717E+01
     19.085  0.9171E+00  0.9848E+01
     19.239  0.1027E+01  0.1000E+02
     19.393  0.1021E+01  0.1016E+02
     19.547  0.8682E+00  0.1029E+02
     19.700  0.7783E+00  0.1041E+02
     19.854  0.8671E+00  0.1054E+02
     20.008  0.8220E+00  0.1067E+02
     20.162  0.8477E+00  0.1079E+02
     20.315  0.8294E+00  0.1092E+02
     20.469  0.7974E+00  0.1105E+02
     20.623  0.7778E+00  0.1117E+02
     20.777  0.7771E+00  0.1129E+02
     20.930  0.7686E+00  0.1141E+02
     21.084  0.7758E+00  0.1153E+02
     21.238  0.7449E+00  0.1164E+02
     21.392  0.7231E+00  0.1175E+02
     21.545  0.7032E+00  0.1186E+02
     21.699  0.6632E+00  0.1197E+02
     21.853  0.6454E+00  0.1207E+02
     22.007  0.6138E+00  0.1217E+02
     22.160  0.5374E+00  0.1226E+02
     22.314  0.4749E+00  0.1233E+02
     22.468  0.4623E+00  0.1240E+02
     22.622  0.5039E+00  0.1248E+02
     22.775  0.4992E+00  0.1255E+02
     22.929  0.5378E+00  0.1263E+02
     23.083  0.5355E+00  0.1272E+02
     23.237  0.5521E+00  0.1280E+02
     23.390  0.6096E+00  0.1289E+02
     23.544  0.5876E+00  0.1298E+02
     23.698  0.6136E+00  0.1307E+02
     23.852  0.6160E+00  0.1317E+02
     24.005  0.6542E+00  0.1326E+02
     24.159  0.6556E+00  0.1336E+02
     24.313  0.6527E+00  0.1346E+02
     24.467  0.6469E+00  0.1356E+02
     24.620  0.6672E+00  0.1366E+02
     24.774  0.6760E+00  0.1377E+02
     24.928  0.6896E+00  0.1387E+02
     25.082  0.7101E+00  0.1398E+02
     25.235  0.7236E+00  0.1409E+02
     25.389  0.8665E+00  0.1421E+02
     25.543  0.9237E+00  0.1435E+02
     25.697  0.8565E+00  0.1448E+02
     25.850  0.7316E+00  0.1459E+02
     26.004  0.7264E+00  0.1470E+02
     26.158  0.8058E+00  0.1482E+02
     26.312  0.8488E+00  0.1495E+02
     26.465  0.8011E+00  0.1508E+02
     26.619  0.7225E+00  0.1520E+02
     26.773  0.6641E+00  0.1530E+02
     26.927  0.6317E+00  0.1540E+02
     27.080  0.5961E+00  0.1550E+02
     27.234  0.5794E+00  0.1559E+02
     27.388  0.5979E+00  0.1567E+02
     27.542  0.9834E+00  0.1577E+02
     27.695  0.2454E+00  0.1581E+02
     27.849  0.2171E+00  0.1585E+02
     28.003  0.1968E+00  0.1588E+02
     28.157  0.1748E+00  0.1591E+02
     28.310  0.1528E+00  0.1593E+02
     28.464  0.1321E+00  0.1596E+02
     28.618  0.1055E+00  0.1597E+02
     28.772  0.7857E-01  0.1599E+02
     28.925  0.4933E-01  0.1600E+02
     29.079  0.2193E-02  0.1600E+02
     29.233  0.0000E+00  0.1600E+02
     29.387  0.0000E+00  0.1600E+02
     29.540  0.0000E+00  0.1600E+02
     29.694  0.0000E+00  0.1600E+02
     29.848  0.0000E+00  0.1600E+02
     30.002  0.0000E+00  0.1600E+02
     30.155  0.0000E+00  0.1600E+02
     30.309  0.0000E+00  0.1600E+02
     30.463  0.0000E+00  0.1600E+02
     30.617  0.0000E+00  0.1600E+02
     30.770  0.0000E+00  0.1600E+02
     30.924  0.0000E+00  0.1600E+02
     31.078  0.0000E+00  0.1600E+02
     31.07798831    -15.04749179  301     10.38695823      1.00000000
    -15.047  0.0000E+00  0.0000E+00  0.0000E+00  0.0000E+00  0.0000E+00  0.0000E+00  0.0000E+00  0.0000E+00  0.0000E+00
    -14.894  0.0000E+00  0.0000E+00  0.0000E+00  0.0000E+00  0.0000E+00  0.0000E+00  0.0000E+00  0.0000E+00  0.0000E+00
    -14.740  0.0000E+00  0.0000E+00  0.0000E+00  0.0000E+00  0.0000E+00  0.0000E+00  0.0000E+00  0.0000E+00  0.0000E+00
    -14.586  0.0000E+00  0.0000E+00  0.0000E+00  0.0000E+00  0.0000E+00  0.0000E+00  0.0000E+00  0.0000E+00  0.0000E+00
    -14.432  0.0000E+00  0.0000E+00  0.0000E+00  0.0000E+00  0.0000E+00  0.0000E+00  0.0000E+00  0.0000E+00  0.0000E+00
    -14.279  0.0000E+00  0.0000E+00  0.0000E+00  0.0000E+00  0.0000E+00  0.0000E+00  0.0000E+00  0.0000E+00  0.0000E+00
    -14.125  0.0000E+00  0.0000E+00  0.0000E+00  0.0000E+00  0.0000E+00  0.0000E+00  0.0000E+00  0.0000E+00  0.0000E+00
    -13.971  0.0000E+00  0.0000E+00  0.0000E+00  0.0000E+00  0.0000E+00  0.0000E+00  0.0000E+00  0.0000E+00  0.0000E+00
    -13.817  0.0000E+00  0.0000E+00  0.0000E+00  0.0000E+00  0.0000E+00  0.0000E+00  0.0000E+00  0.0000E+00  0.0000E+00
    -13.664  0.0000E+00  0.0000E+00  0.0000E+00  0.0000E+00  0.0000E+00  0.0000E+00  0.0000E+00  0.0000E+00  0.0000E+00
    -13.510  0.0000E+00  0.0000E+00  0.0000E+00  0.0000E+00  0.0000E+00  0.0000E+00  0.0000E+00  0.0000E+00  0.0000E+00
    -13.356  0.0000E+00  0.0000E+00  0.0000E+00  0.0000E+00  0.0000E+00  0.0000E+00  0.0000E+00  0.0000E+00  0.0000E+00
    -13.202  0.0000E+00  0.0000E+00  0.0000E+00  0.0000E+00  0.0000E+00  0.0000E+00  0.0000E+00  0.0000E+00  0.0000E+00
    -13.049  0.0000E+00  0.0000E+00  0.0000E+00  0.0000E+00  0.0000E+00  0.0000E+00  0.0000E+00  0.0000E+00  0.0000E+00
    -12.895  0.7176E-02  0.5732E-05  0.5732E-05  0.5732E-05  0.0000E+00  0.0000E+00  0.0000E+00  0.0000E+00  0.0000E+00
    -12.741  0.1640E-01  0.4759E-04  0.4759E-04  0.4759E-04  0.0000E+00  0.0000E+00  0.0000E+00  0.0000E+00  0.0000E+00
    -12.587  0.1763E-01  0.9774E-04  0.9774E-04  0.9774E-04  0.0000E+00  0.0000E+00  0.0000E+00  0.0000E+00  0.0000E+00
    -12.434  0.2042E-01  0.1621E-03  0.1621E-03  0.1621E-03  0.0000E+00  0.0000E+00  0.0000E+00  0.0000E+00  0.0000E+00
    -12.280  0.2326E-01  0.2387E-03  0.2387E-03  0.2387E-03  0.0000E+00  0.0000E+00  0.0000E+00  0.0000E+00  0.0000E+00
    -12.126  0.2576E-01  0.3245E-03  0.3245E-03  0.3245E-03  0.0000E+00  0.0000E+00  0.0000E+00  0.0000E+00  0.0000E+00
    -11.972  0.2789E-01  0.4205E-03  0.4205E-03  0.4205E-03  0.0000E+00  0.0000E+00  0.0000E+00  0.0000E+00  0.0000E+00
    -11.819  0.2995E-01  0.5228E-03  0.5228E-03  0.5228E-03  0.0000E+00  0.0000E+00  0.0000E+00  0.0000E+00  0.0000E+00
    -11.665  0.3191E-01  0.6307E-03  0.6307E-03  0.6307E-03  0.0000E+00  0.0000E+00  0.0000E+00  0.0000E+00  0.0000E+00
    -11.511  0.3360E-01  0.7482E-03  0.7482E-03  0.7482E-03  0.0000E+00  0.0000E+00  0.0000E+00  0.0000E+00  0.0000E+00
    -11.357  0.3536E-01  0.8683E-03  0.8683E-03  0.8683E-03  0.0000E+00  0.0000E+00  0.0000E+00  0.0000E+00  0.0000E+00
    -11.204  0.3687E-01  0.9981E-03  0.9981E-03  0.9981E-03  0.0000E+00  0.0000E+00  0.0000E+00  0.0000E+00  0.0000E+00
    -11.050  0.3844E-01  0.1130E-02  0.1130E-02  0.1130E-02  0.0000E+00  0.0000E+00  0.0000E+00  0.0000E+00  0.0000E+00
    -10.896  0.3983E-01  0.1270E-02  0.1270E-02  0.1270E-02  0.0000E+00  0.0000E+00  0.0000E+00  0.0000E+00  0.0000E+00
    -10.742  0.4130E-01  0.1412E-02  0.1412E-02  0.1412E-02  0.0000E+00  0.0000E+00  0.0000E+00  0.0000E+00  0.0000E+00
    -10.589  0.4257E-01  0.1563E-02  0.1563E-02  0.1563E-02  0.0000E+00  0.0000E+00  0.0000E+00  0.0000E+00  0.0000E+00
    -10.435  0.4394E-01  0.1714E-02  0.1714E-02  0.1714E-02  0.0000E+00  0.0000E+00  0.0000E+00  0.0000E+00  0.0000E+00
    -10.281  0.4515E-01  0.1874E-02  0.1874E-02  0.1874E-02  0.0000E+00  0.0000E+00  0.0000E+00  0.0000E+00  0.0000E+00
    -10.127  0.4640E-01  0.2036E-02  0.2036E-02  0.2036E-02  0.0000E+00  0.0000E+00  0.0000E+00  0.0000E+00  0.0000E+00
     -9.974  0.4762E-01  0.2203E-02  0.2203E-02  0.2203E-02  0.0000E+00  0.0000E+00  0.0000E+00  0.0000E+00  0.0000E+00
     -9.820  0.4879E-01  0.2375E-02  0.2375E-02  0.2375E-02  0.0000E+00  0.0000E+00  0.0000E+00  0.0000E+00  0.0000E+00
     -9.666  0.5003E-01  0.2547E-02  0.2547E-02  0.2547E-02  0.0000E+00  0.0000E+00  0.0000E+00  0.0000E+00  0.0000E+00
     -9.512  0.5113E-01  0.2729E-02  0.2729E-02  0.2729E-02  0.0000E+00  0.0000E+00  0.0000E+00  0.0000E+00  0.0000E+00
     -9.359  0.5230E-01  0.2911E-02  0.2911E-02  0.2911E-02  0.0000E+00  0.0000E+00  0.0000E+00  0.0000E+00  0.0000E+00
     -9.205  0.5349E-01  0.3096E-02  0.3096E-02  0.3096E-02  0.0000E+00  0.0000E+00  0.0000E+00  0.0000E+00  0.0000E+00
     -9.051  0.5461E-01  0.3290E-02  0.3290E-02  0.3290E-02  0.0000E+00  0.0000E+00  0.0000E+00  0.0000E+00  0.0000E+00
     -8.897  0.5581E-01  0.3482E-02  0.3482E-02  0.3482E-02  0.0000E+00  0.0000E+00  0.0000E+00  0.0000E+00  0.0000E+00
     -8.744  0.5701E-01  0.3680E-02  0.3680E-02  0.3680E-02  0.0000E+00  0.0000E+00  0.0000E+00  0.0000E+00  0.0000E+00
     -8.590  0.5820E-01  0.3884E-02  0.3884E-02  0.3884E-02  0.0000E+00  0.0000E+00  0.0000E+00  0.0000E+00  0.0000E+00
     -8.436  0.5948E-01  0.4087E-02  0.4087E-02  0.4087E-02  0.0000E+00  0.0000E+00  0.0000E+00  0.0000E+00  0.0000E+00
     -8.282  0.6078E-01  0.4297E-02  0.4297E-02  0.4297E-02  0.0000E+00  0.0000E+00  0.0000E+00  0.0000E+00  0.0000E+00
     -8.129  0.6213E-01  0.4513E-02  0.4513E-02  0.4513E-02  0.0000E+00  0.0000E+00  0.0000E+00  0.0000E+00  0.0000E+00
     -7.975  0.6360E-01  0.4728E-02  0.4728E-02  0.4728E-02  0.0000E+00  0.0000E+00  0.0000E+00  0.0000E+00  0.0000E+00
     -7.821  0.6516E-01  0.4951E-02  0.4951E-02  0.4951E-02  0.0000E+00  0.0000E+00  0.0000E+00  0.0000E+00  0.0000E+00
     -7.667  0.6685E-01  0.5182E-02  0.5182E-02  0.5182E-02  0.0000E+00  0.0000E+00  0.0000E+00  0.0000E+00  0.0000E+00
     -7.514  0.6876E-01  0.5415E-02  0.5415E-02  0.5415E-02  0.0000E+00  0.0000E+00  0.0000E+00  0.0000E+00  0.0000E+00
     -7.360  0.7095E-01  0.5658E-02  0.5658E-02  0.5658E-02  0.0000E+00  0.0000E+00  0.0000E+00  0.0000E+00  0.0000E+00
     -7.206  0.7356E-01  0.5921E-02  0.5921E-02  0.5921E-02  0.0000E+00  0.0000E+00  0.0000E+00  0.0000E+00  0.0000E+00
     -7.052  0.7691E-01  0.6203E-02  0.6203E-02  0.6203E-02  0.0000E+00  0.0000E+00  0.0000E+00  0.0000E+00  0.0000E+00
     -6.899  0.8178E-01  0.6534E-02  0.6534E-02  0.6534E-02  0.0000E+00  0.0000E+00  0.0000E+00  0.0000E+00  0.0000E+00
     -6.745  0.9345E-01  0.7129E-02  0.7129E-02  0.7129E-02  0.0000E+00  0.0000E+00  0.0000E+00  0.0000E+00  0.0000E+00
     -6.591  0.9577E-01  0.7362E-02  0.7362E-02  0.7362E-02  0.0000E+00  0.0000E+00  0.0000E+00  0.0000E+00  0.0000E+00
     -6.437  0.9172E-01  0.7340E-02  0.7340E-02  0.7340E-02  0.0000E+00  0.0000E+00  0.0000E+00  0.0000E+00  0.0000E+00
     -6.284  0.8654E-01  0.7243E-02  0.7243E-02  0.7243E-02  0.0000E+00  0.0000E+00  0.0000E+00  0.0000E+00  0.0000E+00
     -6.130  0.8455E-01  0.7285E-02  0.7285E-02  0.7285E-02  0.0000E+00  0.0000E+00  0.0000E+00  0.0000E+00  0.0000E+00
     -5.976  0.8098E-01  0.7218E-02  0.7218E-02  0.7218E-02  0.0000E+00  0.0000E+00  0.0000E+00  0.0000E+00  0.0000E+00
     -5.822  0.7913E-01  0.7248E-02  0.7248E-02  0.7248E-02  0.0000E+00  0.0000E+00  0.0000E+00  0.0000E+00  0.0000E+00
     -5.669  0.7603E-01  0.7187E-02  0.7187E-02  0.7187E-02  0.0000E+00  0.0000E+00  0.0000E+00  0.0000E+00  0.0000E+00
     -5.515  0.7294E-01  0.7107E-02  0.7107E-02  0.7107E-02  0.0000E+00  0.0000E+00  0.0000E+00  0.0000E+00  0.0000E+00
     -5.361  0.7061E-01  0.7072E-02  0.7072E-02  0.7072E-02  0.0000E+00  0.0000E+00  0.0000E+00  0.0000E+00  0.0000E+00
     -5.207  0.6766E-01  0.6978E-02  0.6978E-02  0.6978E-02  0.0000E+00  0.0000E+00  0.0000E+00  0.0000E+00  0.0000E+00
     -5.054  0.6468E-01  0.6864E-02  0.6864E-02  0.6864E-02  0.0000E+00  0.0000E+00  0.0000E+00  0.0000E+00  0.0000E+00
     -4.900  0.6234E-01  0.6788E-02  0.6788E-02  0.6788E-02  0.0000E+00  0.0000E+00  0.0000E+00  0.0000E+00  0.0000E+00
     -4.746  0.5924E-01  0.6639E-02  0.6639E-02  0.6639E-02  0.0000E+00  0.0000E+00  0.0000E+00  0.0000E+00  0.0000E+00
     -4.592  0.5663E-01  0.6508E-02  0.6508E-02  0.6508E-02  0.0000E+00  0.0000E+00  0.0000E+00  0.0000E+00  0.0000E+00
     -4.439  0.5374E-01  0.6350E-02  0.6350E-02  0.6350E-02  0.0000E+00  0.0000E+00  0.0000E+00  0.0000E+00  0.0000E+00
     -4.285  0.5101E-01  0.6180E-02  0.6180E-02  0.6180E-02  0.0000E+00  0.0000E+00  0.0000E+00  0.0000E+00  0.0000E+00
     -4.131  0.4951E-01  0.7151E-02  0.7151E-02  0.7151E-02  0.0000E+00  0.0000E+00  0.0000E+00  0.0000E+00  0.0000E+00
     -3.977  0.5107E-01  0.1012E-01  0.1012E-01  0.1012E-01  0.0000E+00  0.0000E+00  0.0000E+00  0.0000E+00  0.0000E+00
     -3.824  0.5053E-01  0.1113E-01  0.1113E-01  0.1113E-01  0.0000E+00  0.0000E+00  0.0000E+00  0.0000E+00  0.0000E+00
     -3.670  0.5074E-01  0.1223E-01  0.1223E-01  0.1223E-01  0.0000E+00  0.0000E+00  0.0000E+00  0.0000E+00  0.0000E+00
     -3.516  0.4410E-01  0.1224E-01  0.1224E-01  0.1224E-01  0.0000E+00  0.0000E+00  0.0000E+00  0.0000E+00  0.0000E+00
     -3.362  0.3258E-01  0.1142E-01  0.1142E-01  0.1142E-01  0.0000E+00  0.0000E+00  0.0000E+00  0.0000E+00  0.0000E+00
     -3.209  0.3089E-01  0.1223E-01  0.1223E-01  0.1223E-01  0.0000E+00  0.0000E+00  0.0000E+00  0.0000E+00  0.0000E+00
     -3.055  0.3183E-01  0.1331E-01  0.1331E-01  0.1331E-01  0.0000E+00  0.0000E+00  0.0000E+00  0.0000E+00  0.0000E+00
     -2.901  0.3347E-01  0.1465E-01  0.1465E-01  0.1465E-01  0.0000E+00  0.0000E+00  0.0000E+00  0.0000E+00  0.0000E+00
     -2.747  0.4029E-01  0.1664E-01  0.1664E-01  0.1664E-01  0.0000E+00  0.0000E+00  0.0000E+00  0.0000E+00  0.0000E+00
     -2.594  0.4951E-01  0.1930E-01  0.1930E-01  0.1930E-01  0.0000E+00  0.0000E+00  0.0000E+00  0.0000E+00  0.0000E+00
     -2.440  0.6360E-01  0.2292E-01  0.2292E-01  0.2292E-01  0.0000E+00  0.0000E+00  0.0000E+00  0.0000E+00  0.0000E+00
     -2.286  0.8159E-01  0.2828E-01  0.2828E-01  0.2828E-01  0.0000E+00  0.0000E+00  0.0000E+00  0.0000E+00  0.0000E+00
     -2.132  0.1058E+00  0.3487E-01  0.3487E-01  0.3487E-01  0.0000E+00  0.0000E+00  0.0000E+00  0.0000E+00  0.0000E+00
     -1.979  0.9113E-01  0.2994E-01  0.2994E-01  0.2994E-01  0.0000E+00  0.0000E+00  0.0000E+00  0.0000E+00  0.0000E+00
     -1.825  0.7208E-01  0.2462E-01  0.2462E-01  0.2462E-01  0.0000E+00  0.0000E+00  0.0000E+00  0.0000E+00  0.0000E+00
     -1.671  0.6525E-01  0.2270E-01  0.2270E-01  0.2270E-01  0.0000E+00  0.0000E+00  0.0000E+00  0.0000E+00  0.0000E+00
     -1.517  0.5898E-01  0.2103E-01  0.2103E-01  0.2103E-01  0.0000E+00  0.0000E+00  0.0000E+00  0.0000E+00  0.0000E+00
     -1.364  0.5553E-01  0.2015E-01  0.2015E-01  0.2015E-01  0.0000E+00  0.0000E+00  0.0000E+00  0.0000E+00  0.0000E+00
     -1.210  0.5104E-01  0.1901E-01  0.1901E-01  0.1901E-01  0.0000E+00  0.0000E+00  0.0000E+00  0.0000E+00  0.0000E+00
     -1.056  0.4857E-01  0.1844E-01  0.1844E-01  0.1844E-01  0.0000E+00  0.0000E+00  0.0000E+00  0.0000E+00  0.0000E+00
     -0.902  0.4495E-01  0.1754E-01  0.1754E-01  0.1754E-01  0.0000E+00  0.0000E+00  0.0000E+00  0.0000E+00  0.0000E+00
     -0.749  0.4297E-01  0.1712E-01  0.1712E-01  0.1712E-01  0.0000E+00  0.0000E+00  0.0000E+00  0.0000E+00  0.0000E+00
     -0.595  0.4022E-01  0.1646E-01  0.1646E-01  0.1646E-01  0.0000E+00  0.0000E+00  0.0000E+00  0.0000E+00  0.0000E+00
     -0.441  0.3812E-01  0.1599E-01  0.1599E-01  0.1599E-01  0.0000E+00  0.0000E+00  0.0000E+00  0.0000E+00  0.0000E+00
     -0.287  0.3629E-01  0.1560E-01  0.1560E-01  0.1560E-01  0.0000E+00  0.0000E+00  0.0000E+00  0.0000E+00  0.0000E+00
     -0.134  0.3378E-01  0.1495E-01  0.1495E-01  0.1495E-01  0.0000E+00  0.0000E+00  0.0000E+00  0.0000E+00  0.0000E+00
      0.020  0.3243E-01  0.1469E-01  0.1469E-01  0.1469E-01  0.0000E+00  0.0000E+00  0.0000E+00  0.0000E+00  0.0000E+00
      0.174  0.3158E-01  0.2159E-01  0.2159E-01  0.2159E-01  0.0000E+00  0.0000E+00  0.0000E+00  0.0000E+00  0.0000E+00
      0.328  0.3098E-01  0.2460E-01  0.2460E-01  0.2460E-01  0.0000E+00  0.0000E+00  0.0000E+00  0.0000E+00  0.0000E+00
      0.481  0.3094E-01  0.2829E-01  0.2829E-01  0.2829E-01  0.0000E+00  0.0000E+00  0.0000E+00  0.0000E+00  0.0000E+00
      0.635  0.3037E-01  0.3151E-01  0.3151E-01  0.3151E-01  0.0000E+00  0.0000E+00  0.0000E+00  0.0000E+00  0.0000E+00
      0.789  0.3152E-01  0.3814E-01  0.3814E-01  0.3814E-01  0.0000E+00  0.0000E+00  0.0000E+00  0.0000E+00  0.0000E+00
      0.943  0.3202E-01  0.4026E-01  0.4026E-01  0.4026E-01  0.0000E+00  0.0000E+00  0.0000E+00  0.0000E+00  0.0000E+00
      1.096  0.3132E-01  0.3934E-01  0.3934E-01  0.3934E-01  0.0000E+00  0.0000E+00  0.0000E+00  0.0000E+00  0.0000E+00
      1.250  0.3146E-01  0.3879E-01  0.3879E-01  0.3879E-01  0.0000E+00  0.0000E+00  0.0000E+00  0.0000E+00  0.0000E+00
      1.404  0.3109E-01  0.3810E-01  0.3810E-01  0.3810E-01  0.0000E+00  0.0000E+00  0.0000E+00  0.0000E+00  0.0000E+00
      1.558  0.3027E-01  0.3919E-01  0.3919E-01  0.3919E-01  0.0000E+00  0.0000E+00  0.0000E+00  0.0000E+00  0.0000E+00
      1.711  0.3012E-01  0.3980E-01  0.3980E-01  0.3980E-01  0.0000E+00  0.0000E+00  0.0000E+00  0.0000E+00  0.0000E+00
      1.865  0.2973E-01  0.4178E-01  0.4178E-01  0.4178E-01  0.0000E+00  0.0000E+00  0.0000E+00  0.0000E+00  0.0000E+00
      2.019  0.2874E-01  0.4176E-01  0.4176E-01  0.4176E-01  0.0000E+00  0.0000E+00  0.0000E+00  0.0000E+00  0.0000E+00
      2.173  0.2844E-01  0.4344E-01  0.4344E-01  0.4344E-01  0.0000E+00  0.0000E+00  0.0000E+00  0.0000E+00  0.0000E+00
      2.326  0.2789E-01  0.4485E-01  0.4485E-01  0.4485E-01  0.0000E+00  0.0000E+00  0.0000E+00  0.0000E+00  0.0000E+00
      2.480  0.2703E-01  0.4661E-01  0.4661E-01  0.4661E-01  0.0000E+00  0.0000E+00  0.0000E+00  0.0000E+00  0.0000E+00
      2.634  0.2651E-01  0.4846E-01  0.4846E-01  0.4846E-01  0.0000E+00  0.0000E+00  0.0000E+00  0.0000E+00  0.0000E+00
      2.788  0.2598E-01  0.5067E-01  0.5067E-01  0.5067E-01  0.0000E+00  0.0000E+00  0.0000E+00  0.0000E+00  0.0000E+00
      2.941  0.2527E-01  0.5395E-01  0.5395E-01  0.5395E-01  0.0000E+00  0.0000E+00  0.0000E+00  0.0000E+00  0.0000E+00
      3.095  0.2437E-01  0.5611E-01  0.5611E-01  0.5611E-01  0.0000E+00  0.0000E+00  0.0000E+00  0.0000E+00  0.0000E+00
      3.249  0.2383E-01  0.6102E-01  0.6102E-01  0.6102E-01  0.0000E+00  0.0000E+00  0.0000E+00  0.0000E+00  0.0000E+00
      3.403  0.2307E-01  0.6961E-01  0.6961E-01  0.6961E-01  0.0000E+00  0.0000E+00  0.0000E+00  0.0000E+00  0.0000E+00
      3.556  0.2199E-01  0.7664E-01  0.7664E-01  0.7664E-01  0.0000E+00  0.0000E+00  0.0000E+00  0.0000E+00  0.0000E+00
      3.710  0.2130E-01  0.7320E-01  0.7320E-01  0.7320E-01  0.0000E+00  0.0000E+00  0.0000E+00  0.0000E+00  0.0000E+00
      3.864  0.2060E-01  0.7317E-01  0.7317E-01  0.7317E-01  0.0000E+00  0.0000E+00  0.0000E+00  0.0000E+00  0.0000E+00
      4.018  0.1967E-01  0.7227E-01  0.7227E-01  0.7227E-01  0.0000E+00  0.0000E+00  0.0000E+00  0.0000E+00  0.0000E+00
      4.171  0.1878E-01  0.7174E-01  0.7174E-01  0.7174E-01  0.0000E+00  0.0000E+00  0.0000E+00  0.0000E+00  0.0000E+00
      4.325  0.1818E-01  0.7170E-01  0.7170E-01  0.7170E-01  0.0000E+00  0.0000E+00  0.0000E+00  0.0000E+00  0.0000E+00
      4.479  0.1738E-01  0.7143E-01  0.7143E-01  0.7143E-01  0.0000E+00  0.0000E+00  0.0000E+00  0.0000E+00  0.0000E+00
      4.633  0.1643E-01  0.7063E-01  0.7063E-01  0.7063E-01  0.0000E+00  0.0000E+00  0.0000E+00  0.0000E+00  0.0000E+00
      4.786  0.1583E-01  0.7083E-01  0.7083E-01  0.7083E-01  0.0000E+00  0.0000E+00  0.0000E+00  0.0000E+00  0.0000E+00
      4.940  0.1513E-01  0.7041E-01  0.7041E-01  0.7041E-01  0.0000E+00  0.0000E+00  0.0000E+00  0.0000E+00  0.0000E+00
      5.094  0.1432E-01  0.7001E-01  0.7001E-01  0.7001E-01  0.0000E+00  0.0000E+00  0.0000E+00  0.0000E+00  0.0000E+00
      5.248  0.1349E-01  0.6987E-01  0.6987E-01  0.6987E-01  0.0000E+00  0.0000E+00  0.0000E+00  0.0000E+00  0.0000E+00
      5.401  0.1288E-01  0.6954E-01  0.6954E-01  0.6954E-01  0.0000E+00  0.0000E+00  0.0000E+00  0.0000E+00  0.0000E+00
      5.555  0.1224E-01  0.6939E-01  0.6939E-01  0.6939E-01  0.0000E+00  0.0000E+00  0.0000E+00  0.0000E+00  0.0000E+00
      5.709  0.1159E-01  0.6908E-01  0.6908E-01  0.6908E-01  0.0000E+00  0.0000E+00  0.0000E+00  0.0000E+00  0.0000E+00
      5.863  0.1089E-01  0.6871E-01  0.6871E-01  0.6871E-01  0.0000E+00  0.0000E+00  0.0000E+00  0.0000E+00  0.0000E+00
      6.016  0.1028E-01  0.6847E-01  0.6847E-01  0.6847E-01  0.0000E+00  0.0000E+00  0.0000E+00  0.0000E+00  0.0000E+00
      6.170  0.9628E-02  0.6819E-01  0.6819E-01  0.6819E-01  0.0000E+00  0.0000E+00  0.0000E+00  0.0000E+00  0.0000E+00
      6.324  0.8904E-02  0.6786E-01  0.6786E-01  0.6786E-01  0.0000E+00  0.0000E+00  0.0000E+00  0.0000E+00  0.0000E+00
      6.478  0.8261E-02  0.6759E-01  0.6759E-01  0.6759E-01  0.0000E+00  0.0000E+00  0.0000E+00  0.0000E+00  0.0000E+00
      6.631  0.7754E-02  0.6733E-01  0.6733E-01  0.6733E-01  0.0000E+00  0.0000E+00  0.0000E+00  0.0000E+00  0.0000E+00
      6.785  0.7198E-02  0.6733E-01  0.6733E-01  0.6733E-01  0.0000E+00  0.0000E+00  0.0000E+00  0.0000E+00  0.0000E+00
      6.939  0.6530E-02  0.6676E-01  0.6676E-01  0.6676E-01  0.0000E+00  0.0000E+00  0.0000E+00  0.0000E+00  0.0000E+00
      7.093  0.5957E-02  0.6681E-01  0.6681E-01  0.6681E-01  0.0000E+00  0.0000E+00  0.0000E+00  0.0000E+00  0.0000E+00
      7.246  0.5451E-02  0.6695E-01  0.6695E-01  0.6695E-01  0.0000E+00  0.0000E+00  0.0000E+00  0.0000E+00  0.0000E+00
      7.400  0.4931E-02  0.5559E-01  0.5559E-01  0.5559E-01  0.0000E+00  0.0000E+00  0.0000E+00  0.0000E+00  0.0000E+00
      7.554  0.4401E-02  0.4726E-01  0.4726E-01  0.4726E-01  0.0000E+00  0.0000E+00  0.0000E+00  0.0000E+00  0.0000E+00
      7.708  0.4005E-02  0.4284E-01  0.4284E-01  0.4284E-01  0.0000E+00  0.0000E+00  0.0000E+00  0.0000E+00  0.0000E+00
      7.861  0.3637E-02  0.3923E-01  0.3923E-01  0.3923E-01  0.0000E+00  0.0000E+00  0.0000E+00  0.0000E+00  0.0000E+00
      8.015  0.3262E-02  0.3601E-01  0.3601E-01  0.3601E-01  0.0000E+00  0.0000E+00  0.0000E+00  0.0000E+00  0.0000E+00
      8.169  0.2875E-02  0.3301E-01  0.3301E-01  0.3301E-01  0.0000E+00  0.0000E+00  0.0000E+00  0.0000E+00  0.0000E+00
      8.323  0.2592E-02  0.3055E-01  0.3055E-01  0.3055E-01  0.0000E+00  0.0000E+00  0.0000E+00  0.0000E+00  0.0000E+00
      8.477  0.2293E-02  0.2811E-01  0.2811E-01  0.2811E-01  0.0000E+00  0.0000E+00  0.0000E+00  0.0000E+00  0.0000E+00
      8.630  0.1984E-02  0.2582E-01  0.2582E-01  0.2582E-01  0.0000E+00  0.0000E+00  0.0000E+00  0.0000E+00  0.0000E+00
      8.784  0.1730E-02  0.2379E-01  0.2379E-01  0.2379E-01  0.0000E+00  0.0000E+00  0.0000E+00  0.0000E+00  0.0000E+00
      8.938  0.1483E-02  0.2175E-01  0.2175E-01  0.2175E-01  0.0000E+00  0.0000E+00  0.0000E+00  0.0000E+00  0.0000E+00
      9.092  0.1251E-02  0.1982E-01  0.1982E-01  0.1982E-01  0.0000E+00  0.0000E+00  0.0000E+00  0.0000E+00  0.0000E+00
      9.245  0.1022E-02  0.1794E-01  0.1794E-01  0.1794E-01  0.0000E+00  0.0000E+00  0.0000E+00  0.0000E+00  0.0000E+00
      9.399  0.8198E-03  0.1611E-01  0.1611E-01  0.1611E-01  0.0000E+00  0.0000E+00  0.0000E+00  0.0000E+00  0.0000E+00
      9.553  0.6473E-03  0.1427E-01  0.1427E-01  0.1427E-01  0.0000E+00  0.0000E+00  0.0000E+00  0.0000E+00  0.0000E+00
      9.707  0.4710E-03  0.1241E-01  0.1241E-01  0.1241E-01  0.0000E+00  0.0000E+00  0.0000E+00  0.0000E+00  0.0000E+00
      9.860  0.3220E-03  0.1054E-01  0.1054E-01  0.1054E-01  0.0000E+00  0.0000E+00  0.0000E+00  0.0000E+00  0.0000E+00
     10.014  0.1916E-03  0.8632E-02  0.8632E-02  0.8632E-02  0.0000E+00  0.0000E+00  0.0000E+00  0.0000E+00  0.0000E+00
     10.168  0.9921E-04  0.7246E-02  0.7246E-02  0.7246E-02  0.0000E+00  0.0000E+00  0.0000E+00  0.0000E+00  0.0000E+00
     10.322  0.2350E-04  0.3318E-02  0.3318E-02  0.3318E-02  0.0000E+00  0.0000E+00  0.0000E+00  0.0000E+00  0.0000E+00
     10.475  0.1121E-05  0.2230E-03  0.2230E-03  0.2230E-03  0.0000E+00  0.0000E+00  0.0000E+00  0.0000E+00  0.0000E+00
     10.629  0.0000E+00  0.0000E+00  0.0000E+00  0.0000E+00  0.0000E+00  0.0000E+00  0.0000E+00  0.0000E+00  0.0000E+00
     10.783  0.0000E+00  0.0000E+00  0.0000E+00  0.0000E+00  0.0000E+00  0.0000E+00  0.0000E+00  0.0000E+00  0.0000E+00
     10.937  0.0000E+00  0.0000E+00  0.0000E+00  0.0000E+00  0.0000E+00  0.0000E+00  0.0000E+00  0.0000E+00  0.0000E+00
     11.090  0.0000E+00  0.0000E+00  0.0000E+00  0.0000E+00  0.0000E+00  0.0000E+00  0.0000E+00  0.0000E+00  0.0000E+00
     11.244  0.0000E+00  0.0000E+00  0.0000E+00  0.0000E+00  0.0000E+00  0.0000E+00  0.0000E+00  0.0000E+00  0.0000E+00
     11.398  0.0000E+00  0.0000E+00  0.0000E+00  0.0000E+00  0.0000E+00  0.0000E+00  0.0000E+00  0.0000E+00  0.0000E+00
     11.552  0.0000E+00  0.0000E+00  0.0000E+00  0.0000E+00  0.0000E+00  0.0000E+00  0.0000E+00  0.0000E+00  0.0000E+00
     11.705  0.0000E+00  0.0000E+00  0.0000E+00  0.0000E+00  0.0000E+00  0.0000E+00  0.0000E+00  0.0000E+00  0.0000E+00
     11.859  0.0000E+00  0.0000E+00  0.0000E+00  0.0000E+00  0.0000E+00  0.0000E+00  0.0000E+00  0.0000E+00  0.0000E+00
     12.013  0.0000E+00  0.0000E+00  0.0000E+00  0.0000E+00  0.0000E+00  0.0000E+00  0.0000E+00  0.0000E+00  0.0000E+00
     12.167  0.0000E+00  0.0000E+00  0.0000E+00  0.0000E+00  0.0000E+00  0.0000E+00  0.0000E+00  0.0000E+00  0.0000E+00
     12.320  0.0000E+00  0.0000E+00  0.0000E+00  0.0000E+00  0.0000E+00  0.0000E+00  0.0000E+00  0.0000E+00  0.0000E+00
     12.474  0.0000E+00  0.0000E+00  0.0000E+00  0.0000E+00  0.0000E+00  0.0000E+00  0.0000E+00  0.0000E+00  0.0000E+00
     12.628  0.0000E+00  0.0000E+00  0.0000E+00  0.0000E+00  0.0000E+00  0.0000E+00  0.0000E+00  0.0000E+00  0.0000E+00
     12.782  0.0000E+00  0.0000E+00  0.0000E+00  0.0000E+00  0.0000E+00  0.0000E+00  0.0000E+00  0.0000E+00  0.0000E+00
     12.935  0.0000E+00  0.0000E+00  0.0000E+00  0.0000E+00  0.0000E+00  0.0000E+00  0.0000E+00  0.0000E+00  0.0000E+00
     13.089  0.0000E+00  0.0000E+00  0.0000E+00  0.0000E+00  0.0000E+00  0.0000E+00  0.0000E+00  0.0000E+00  0.0000E+00
     13.243  0.0000E+00  0.0000E+00  0.0000E+00  0.0000E+00  0.0000E+00  0.0000E+00  0.0000E+00  0.0000E+00  0.0000E+00
     13.397  0.0000E+00  0.0000E+00  0.0000E+00  0.0000E+00  0.0000E+00  0.0000E+00  0.0000E+00  0.0000E+00  0.0000E+00
     13.550  0.0000E+00  0.0000E+00  0.0000E+00  0.0000E+00  0.0000E+00  0.0000E+00  0.0000E+00  0.0000E+00  0.0000E+00
     13.704  0.0000E+00  0.0000E+00  0.0000E+00  0.0000E+00  0.0000E+00  0.0000E+00  0.0000E+00  0.0000E+00  0.0000E+00
     13.858  0.0000E+00  0.0000E+00  0.0000E+00  0.0000E+00  0.0000E+00  0.0000E+00  0.0000E+00  0.0000E+00  0.0000E+00
     14.012  0.0000E+00  0.0000E+00  0.0000E+00  0.0000E+00  0.0000E+00  0.0000E+00  0.0000E+00  0.0000E+00  0.0000E+00
     14.165  0.0000E+00  0.0000E+00  0.0000E+00  0.0000E+00  0.0000E+00  0.0000E+00  0.0000E+00  0.0000E+00  0.0000E+00
     14.319  0.0000E+00  0.0000E+00  0.0000E+00  0.0000E+00  0.0000E+00  0.0000E+00  0.0000E+00  0.0000E+00  0.0000E+00
     14.473  0.0000E+00  0.0000E+00  0.0000E+00  0.0000E+00  0.0000E+00  0.0000E+00  0.0000E+00  0.0000E+00  0.0000E+00
     14.627  0.0000E+00  0.0000E+00  0.0000E+00  0.0000E+00  0.0000E+00  0.0000E+00  0.0000E+00  0.0000E+00  0.0000E+00
     14.780  0.0000E+00  0.0000E+00  0.0000E+00  0.0000E+00  0.0000E+00  0.0000E+00  0.0000E+00  0.0000E+00  0.0000E+00
     14.934  0.5959E-02  0.1887E-02  0.1887E-02  0.1887E-02  0.0000E+00  0.0000E+00  0.0000E+00  0.0000E+00  0.0000E+00
     15.088  0.8828E-02  0.3034E-02  0.3034E-02  0.3034E-02  0.0000E+00  0.0000E+00  0.0000E+00  0.0000E+00  0.0000E+00
     15.242  0.1178E-01  0.4473E-02  0.4473E-02  0.4473E-02  0.0000E+00  0.0000E+00  0.0000E+00  0.0000E+00  0.0000E+00
     15.395  0.1428E-01  0.5639E-02  0.5639E-02  0.5639E-02  0.0000E+00  0.0000E+00  0.0000E+00  0.0000E+00  0.0000E+00
     15.549  0.1766E-01  0.7188E-02  0.7188E-02  0.7188E-02  0.0000E+00  0.0000E+00  0.0000E+00  0.0000E+00  0.0000E+00
     15.703  0.2068E-01  0.8797E-02  0.8797E-02  0.8797E-02  0.0000E+00  0.0000E+00  0.0000E+00  0.0000E+00  0.0000E+00
     15.857  0.2314E-01  0.1062E-01  0.1062E-01  0.1062E-01  0.0000E+00  0.0000E+00  0.0000E+00  0.0000E+00  0.0000E+00
     16.010  0.2459E-01  0.1240E-01  0.1240E-01  0.1240E-01  0.0000E+00  0.0000E+00  0.0000E+00  0.0000E+00  0.0000E+00
     16.164  0.2589E-01  0.1471E-01  0.1471E-01  0.1471E-01  0.0000E+00  0.0000E+00  0.0000E+00  0.0000E+00  0.0000E+00
     16.318  0.2716E-01  0.1808E-01  0.1808E-01  0.1808E-01  0.0000E+00  0.0000E+00  0.0000E+00  0.0000E+00  0.0000E+00
     16.472  0.2798E-01  0.2137E-01  0.2137E-01  0.2137E-01  0.0000E+00  0.0000E+00  0.0000E+00  0.0000E+00  0.0000E+00
     16.625  0.2863E-01  0.2199E-01  0.2199E-01  0.2199E-01  0.0000E+00  0.0000E+00  0.0000E+00  0.0000E+00  0.0000E+00
     16.779  0.2924E-01  0.2303E-01  0.2303E-01  0.2303E-01  0.0000E+00  0.0000E+00  0.0000E+00  0.0000E+00  0.0000E+00
     16.933  0.2993E-01  0.2447E-01  0.2447E-01  0.2447E-01  0.0000E+00  0.0000E+00  0.0000E+00  0.0000E+00  0.0000E+00
     17.087  0.3047E-01  0.2580E-01  0.2580E-01  0.2580E-01  0.0000E+00  0.0000E+00  0.0000E+00  0.0000E+00  0.0000E+00
     17.240  0.3085E-01  0.2722E-01  0.2722E-01  0.2722E-01  0.0000E+00  0.0000E+00  0.0000E+00  0.0000E+00  0.0000E+00
     17.394  0.3122E-01  0.2874E-01  0.2874E-01  0.2874E-01  0.0000E+00  0.0000E+00  0.0000E+00  0.0000E+00  0.0000E+00
     17.548  0.3163E-01  0.3034E-01  0.3034E-01  0.3034E-01  0.0000E+00  0.0000E+00  0.0000E+00  0.0000E+00  0.0000E+00
     17.702  0.3201E-01  0.3205E-01  0.3205E-01  0.3205E-01  0.0000E+00  0.0000E+00  0.0000E+00  0.0000E+00  0.0000E+00
     17.855  0.3239E-01  0.3390E-01  0.3390E-01  0.3390E-01  0.0000E+00  0.0000E+00  0.0000E+00  0.0000E+00  0.0000E+00
     18.009  0.3264E-01  0.3585E-01  0.3585E-01  0.3585E-01  0.0000E+00  0.0000E+00  0.0000E+00  0.0000E+00  0.0000E+00
     18.163  0.3289E-01  0.3797E-01  0.3797E-01  0.3797E-01  0.0000E+00  0.0000E+00  0.0000E+00  0.0000E+00  0.0000E+00
     18.317  0.3317E-01  0.4026E-01  0.4026E-01  0.4026E-01  0.0000E+00  0.0000E+00  0.0000E+00  0.0000E+00  0.0000E+00
     18.470  0.3350E-01  0.4297E-01  0.4297E-01  0.4297E-01  0.0000E+00  0.0000E+00  0.0000E+00  0.0000E+00  0.0000E+00
     18.624  0.3384E-01  0.4591E-01  0.4591E-01  0.4591E-01  0.0000E+00  0.0000E+00  0.0000E+00  0.0000E+00  0.0000E+00
     18.778  0.3417E-01  0.4964E-01  0.4964E-01  0.4964E-01  0.0000E+00  0.0000E+00  0.0000E+00  0.0000E+00  0.0000E+00
     18.932  0.3468E-01  0.5451E-01  0.5451E-01  0.5451E-01  0.0000E+00  0.0000E+00  0.0000E+00  0.0000E+00  0.0000E+00
     19.085  0.3582E-01  0.6296E-01  0.6296E-01  0.6296E-01  0.0000E+00  0.0000E+00  0.0000E+00  0.0000E+00  0.0000E+00
     19.239  0.3669E-01  0.7214E-01  0.7214E-01  0.7214E-01  0.0000E+00  0.0000E+00  0.0000E+00  0.0000E+00  0.0000E+00
     19.393  0.3616E-01  0.7345E-01  0.7345E-01  0.7345E-01  0.0000E+00  0.0000E+00  0.0000E+00  0.0000E+00  0.0000E+00
     19.547  0.3646E-01  0.6246E-01  0.6246E-01  0.6246E-01  0.0000E+00  0.0000E+00  0.0000E+00  0.0000E+00  0.0000E+00
     19.700  0.3572E-01  0.5635E-01  0.5635E-01  0.5635E-01  0.0000E+00  0.0000E+00  0.0000E+00  0.0000E+00  0.0000E+00
     19.854  0.4805E-01  0.6199E-01  0.6199E-01  0.6199E-01  0.0000E+00  0.0000E+00  0.0000E+00  0.0000E+00  0.0000E+00
     20.008  0.5137E-01  0.5700E-01  0.5700E-01  0.5700E-01  0.0000E+00  0.0000E+00  0.0000E+00  0.0000E+00  0.0000E+00
     20.162  0.6461E-01  0.5571E-01  0.5571E-01  0.5571E-01  0.0000E+00  0.0000E+00  0.0000E+00  0.0000E+00  0.0000E+00
     20.315  0.6674E-01  0.5359E-01  0.5359E-01  0.5359E-01  0.0000E+00  0.0000E+00  0.0000E+00  0.0000E+00  0.0000E+00
     20.469  0.6100E-01  0.5243E-01  0.5243E-01  0.5243E-01  0.0000E+00  0.0000E+00  0.0000E+00  0.0000E+00  0.0000E+00
     20.623  0.5779E-01  0.5160E-01  0.5160E-01  0.5160E-01  0.0000E+00  0.0000E+00  0.0000E+00  0.0000E+00  0.0000E+00
     20.777  0.5459E-01  0.5230E-01  0.5230E-01  0.5230E-01  0.0000E+00  0.0000E+00  0.0000E+00  0.0000E+00  0.0000E+00
     20.930  0.5140E-01  0.5194E-01  0.5194E-01  0.5194E-01  0.0000E+00  0.0000E+00  0.0000E+00  0.0000E+00  0.0000E+00
     21.084  0.4942E-01  0.5301E-01  0.5301E-01  0.5301E-01  0.0000E+00  0.0000E+00  0.0000E+00  0.0000E+00  0.0000E+00
     21.238  0.4585E-01  0.5161E-01  0.5161E-01  0.5161E-01  0.0000E+00  0.0000E+00  0.0000E+00  0.0000E+00  0.0000E+00
     21.392  0.4422E-01  0.5055E-01  0.5055E-01  0.5055E-01  0.0000E+00  0.0000E+00  0.0000E+00  0.0000E+00  0.0000E+00
     21.545  0.4173E-01  0.4988E-01  0.4988E-01  0.4988E-01  0.0000E+00  0.0000E+00  0.0000E+00  0.0000E+00  0.0000E+00
     21.699  0.3843E-01  0.4791E-01  0.4791E-01  0.4791E-01  0.0000E+00  0.0000E+00  0.0000E+00  0.0000E+00  0.0000E+00
     21.853  0.3742E-01  0.4697E-01  0.4697E-01  0.4697E-01  0.0000E+00  0.0000E+00  0.0000E+00  0.0000E+00  0.0000E+00
     22.007  0.3612E-01  0.4484E-01  0.4484E-01  0.4484E-01  0.0000E+00  0.0000E+00  0.0000E+00  0.0000E+00  0.0000E+00
     22.160  0.3167E-01  0.4011E-01  0.4011E-01  0.4011E-01  0.0000E+00  0.0000E+00  0.0000E+00  0.0000E+00  0.0000E+00
     22.314  0.2782E-01  0.3660E-01  0.3660E-01  0.3660E-01  0.0000E+00  0.0000E+00  0.0000E+00  0.0000E+00  0.0000E+00
     22.468  0.2774E-01  0.3605E-01  0.3605E-01  0.3605E-01  0.0000E+00  0.0000E+00  0.0000E+00  0.0000E+00  0.0000E+00
     22.622  0.3444E-01  0.3816E-01  0.3816E-01  0.3816E-01  0.0000E+00  0.0000E+00  0.0000E+00  0.0000E+00  0.0000E+00
     22.775  0.3746E-01  0.3723E-01  0.3723E-01  0.3723E-01  0.0000E+00  0.0000E+00  0.0000E+00  0.0000E+00  0.0000E+00
     22.929  0.4349E-01  0.3959E-01  0.3959E-01  0.3959E-01  0.0000E+00  0.0000E+00  0.0000E+00  0.0000E+00  0.0000E+00
     23.083  0.4485E-01  0.3926E-01  0.3926E-01  0.3926E-01  0.0000E+00  0.0000E+00  0.0000E+00  0.0000E+00  0.0000E+00
     23.237  0.4750E-01  0.4039E-01  0.4039E-01  0.4039E-01  0.0000E+00  0.0000E+00  0.0000E+00  0.0000E+00  0.0000E+00
     23.390  0.5513E-01  0.4448E-01  0.4448E-01  0.4448E-01  0.0000E+00  0.0000E+00  0.0000E+00  0.0000E+00  0.0000E+00
     23.544  0.5156E-01  0.4362E-01  0.4362E-01  0.4362E-01  0.0000E+00  0.0000E+00  0.0000E+00  0.0000E+00  0.0000E+00
     23.698  0.5507E-01  0.4560E-01  0.4560E-01  0.4560E-01  0.0000E+00  0.0000E+00  0.0000E+00  0.0000E+00  0.0000E+00
     23.852  0.5543E-01  0.4598E-01  0.4598E-01  0.4598E-01  0.0000E+00  0.0000E+00  0.0000E+00  0.0000E+00  0.0000E+00
     24.005  0.5841E-01  0.4928E-01  0.4928E-01  0.4928E-01  0.0000E+00  0.0000E+00  0.0000E+00  0.0000E+00  0.0000E+00
     24.159  0.5800E-01  0.4993E-01  0.4993E-01  0.4993E-01  0.0000E+00  0.0000E+00  0.0000E+00  0.0000E+00  0.0000E+00
     24.313  0.5535E-01  0.5069E-01  0.5069E-01  0.5069E-01  0.0000E+00  0.0000E+00  0.0000E+00  0.0000E+00  0.0000E+00
     24.467  0.5568E-01  0.5032E-01  0.5032E-01  0.5032E-01  0.0000E+00  0.0000E+00  0.0000E+00  0.0000E+00  0.0000E+00
     24.620  0.5632E-01  0.5249E-01  0.5249E-01  0.5249E-01  0.0000E+00  0.0000E+00  0.0000E+00  0.0000E+00  0.0000E+00
     24.774  0.5631E-01  0.5379E-01  0.5379E-01  0.5379E-01  0.0000E+00  0.0000E+00  0.0000E+00  0.0000E+00  0.0000E+00
     24.928  0.5651E-01  0.5557E-01  0.5557E-01  0.5557E-01  0.0000E+00  0.0000E+00  0.0000E+00  0.0000E+00  0.0000E+00
     25.082  0.5889E-01  0.5720E-01  0.5720E-01  0.5720E-01  0.0000E+00  0.0000E+00  0.0000E+00  0.0000E+00  0.0000E+00
     25.235  0.6261E-01  0.5773E-01  0.5773E-01  0.5773E-01  0.0000E+00  0.0000E+00  0.0000E+00  0.0000E+00  0.0000E+00
     25.389  0.9790E-01  0.6362E-01  0.6362E-01  0.6362E-01  0.0000E+00  0.0000E+00  0.0000E+00  0.0000E+00  0.0000E+00
     25.543  0.1263E+00  0.6206E-01  0.6206E-01  0.6206E-01  0.0000E+00  0.0000E+00  0.0000E+00  0.0000E+00  0.0000E+00
     25.697  0.1021E+00  0.6214E-01  0.6214E-01  0.6214E-01  0.0000E+00  0.0000E+00  0.0000E+00  0.0000E+00  0.0000E+00
     25.850  0.6048E-01  0.6141E-01  0.6141E-01  0.6141E-01  0.0000E+00  0.0000E+00  0.0000E+00  0.0000E+00  0.0000E+00
     26.004  0.5132E-01  0.6419E-01  0.6419E-01  0.6419E-01  0.0000E+00  0.0000E+00  0.0000E+00  0.0000E+00  0.0000E+00
     26.158  0.4997E-01  0.7425E-01  0.7425E-01  0.7425E-01  0.0000E+00  0.0000E+00  0.0000E+00  0.0000E+00  0.0000E+00
     26.312  0.4880E-01  0.8072E-01  0.8072E-01  0.8072E-01  0.0000E+00  0.0000E+00  0.0000E+00  0.0000E+00  0.0000E+00
     26.465  0.4354E-01  0.7776E-01  0.7776E-01  0.7776E-01  0.0000E+00  0.0000E+00  0.0000E+00  0.0000E+00  0.0000E+00
     26.619  0.3655E-01  0.7118E-01  0.7118E-01  0.7118E-01  0.0000E+00  0.0000E+00  0.0000E+00  0.0000E+00  0.0000E+00
     26.773  0.3006E-01  0.6679E-01  0.6679E-01  0.6679E-01  0.0000E+00  0.0000E+00  0.0000E+00  0.0000E+00  0.0000E+00
     26.927  0.2524E-01  0.6473E-01  0.6473E-01  0.6473E-01  0.0000E+00  0.0000E+00  0.0000E+00  0.0000E+00  0.0000E+00
     27.080  0.2090E-01  0.6185E-01  0.6185E-01  0.6185E-01  0.0000E+00  0.0000E+00  0.0000E+00  0.0000E+00  0.0000E+00
     27.234  0.1717E-01  0.6046E-01  0.6046E-01  0.6046E-01  0.0000E+00  0.0000E+00  0.0000E+00  0.0000E+00  0.0000E+00
     27.388  0.1376E-01  0.6179E-01  0.6179E-01  0.6179E-01  0.0000E+00  0.0000E+00  0.0000E+00  0.0000E+00  0.0000E+00
     27.542  0.1016E-01  0.9259E-01  0.9259E-01  0.9259E-01  0.0000E+00  0.0000E+00  0.0000E+00  0.0000E+00  0.0000E+00
     27.695  0.6246E-02  0.2968E-01  0.2968E-01  0.2968E-01  0.0000E+00  0.0000E+00  0.0000E+00  0.0000E+00  0.0000E+00
     27.849  0.5063E-02  0.2688E-01  0.2688E-01  0.2688E-01  0.0000E+00  0.0000E+00  0.0000E+00  0.0000E+00  0.0000E+00
     28.003  0.3975E-02  0.2478E-01  0.2478E-01  0.2478E-01  0.0000E+00  0.0000E+00  0.0000E+00  0.0000E+00  0.0000E+00
     28.157  0.3066E-02  0.2234E-01  0.2234E-01  0.2234E-01  0.0000E+00  0.0000E+00  0.0000E+00  0.0000E+00  0.0000E+00
     28.310  0.2236E-02  0.1982E-01  0.1982E-01  0.1982E-01  0.0000E+00  0.0000E+00  0.0000E+00  0.0000E+00  0.0000E+00
     28.464  0.1498E-02  0.1743E-01  0.1743E-01  0.1743E-01  0.0000E+00  0.0000E+00  0.0000E+00  0.0000E+00  0.0000E+00
     28.618  0.8892E-03  0.1413E-01  0.1413E-01  0.1413E-01  0.0000E+00  0.0000E+00  0.0000E+00  0.0000E+00  0.0000E+00
     28.772  0.4006E-03  0.1069E-01  0.1069E-01  0.1069E-01  0.0000E+00  0.0000E+00  0.0000E+00  0.0000E+00  0.0000E+00
     28.925  0.1154E-03  0.6812E-02  0.6812E-02  0.6812E-02  0.0000E+00  0.0000E+00  0.0000E+00  0.0000E+00  0.0000E+00
     29.079  0.1502E-05  0.3050E-03  0.3050E-03  0.3050E-03  0.0000E+00  0.0000E+00  0.0000E+00  0.0000E+00  0.0000E+00
     29.233  0.0000E+00  0.0000E+00  0.0000E+00  0.0000E+00  0.0000E+00  0.0000E+00  0.0000E+00  0.0000E+00  0.0000E+00
     29.387  0.0000E+00  0.0000E+00  0.0000E+00  0.0000E+00  0.0000E+00  0.0000E+00  0.0000E+00  0.0000E+00  0.0000E+00
     29.540  0.0000E+00  0.0000E+00  0.0000E+00  0.0000E+00  0.0000E+00  0.0000E+00  0.0000E+00  0.0000E+00  0.0000E+00
     29.694  0.0000E+00  0.0000E+00  0.0000E+00  0.0000E+00  0.0000E+00  0.0000E+00  0.0000E+00  0.0000E+00  0.0000E+00
     29.848  0.0000E+00  0.0000E+00  0.0000E+00  0.0000E+00  0.0000E+00  0.0000E+00  0.0000E+00  0.0000E+00  0.0000E+00
     30.002  0.0000E+00  0.0000E+00  0.0000E+00  0.0000E+00  0.0000E+00  0.0000E+00  0.0000E+00  0.0000E+00  0.0000E+00
     30.155  0.0000E+00  0.0000E+00  0.0000E+00  0.0000E+00  0.0000E+00  0.0000E+00  0.0000E+00  0.0000E+00  0.0000E+00
     30.309  0.0000E+00  0.0000E+00  0.0000E+00  0.0000E+00  0.0000E+00  0.0000E+00  0.0000E+00  0.0000E+00  0.0000E+00
     30.463  0.0000E+00  0.0000E+00  0.0000E+00  0.0000E+00  0.0000E+00  0.0000E+00  0.0000E+00  0.0000E+00  0.0000E+00
     30.617  0.0000E+00  0.0000E+00  0.0000E+00  0.0000E+00  0.0000E+00  0.0000E+00  0.0000E+00  0.0000E+00  0.0000E+00
     30.770  0.0000E+00  0.0000E+00  0.0000E+00  0.0000E+00  0.0000E+00  0.0000E+00  0.0000E+00  0.0000E+00  0.0000E+00
     30.924  0.0000E+00  0.0000E+00  0.0000E+00  0.0000E+00  0.0000E+00  0.0000E+00  0.0000E+00  0.0000E+00  0.0000E+00
     31.078  0.0000E+00  0.0000E+00  0.0000E+00  0.0000E+00  0.0000E+00  0.0000E+00  0.0000E+00  0.0000E+00  0.0000E+00
     31.07798831    -15.04749179  301     10.38695823      1.00000000
    -15.047  0.0000E+00  0.0000E+00  0.0000E+00  0.0000E+00  0.0000E+00  0.0000E+00  0.0000E+00  0.0000E+00  0.0000E+00
    -14.894  0.0000E+00  0.0000E+00  0.0000E+00  0.0000E+00  0.0000E+00  0.0000E+00  0.0000E+00  0.0000E+00  0.0000E+00
    -14.740  0.0000E+00  0.0000E+00  0.0000E+00  0.0000E+00  0.0000E+00  0.0000E+00  0.0000E+00  0.0000E+00  0.0000E+00
    -14.586  0.0000E+00  0.0000E+00  0.0000E+00  0.0000E+00  0.0000E+00  0.0000E+00  0.0000E+00  0.0000E+00  0.0000E+00
    -14.432  0.0000E+00  0.0000E+00  0.0000E+00  0.0000E+00  0.0000E+00  0.0000E+00  0.0000E+00  0.0000E+00  0.0000E+00
    -14.279  0.0000E+00  0.0000E+00  0.0000E+00  0.0000E+00  0.0000E+00  0.0000E+00  0.0000E+00  0.0000E+00  0.0000E+00
    -14.125  0.0000E+00  0.0000E+00  0.0000E+00  0.0000E+00  0.0000E+00  0.0000E+00  0.0000E+00  0.0000E+00  0.0000E+00
    -13.971  0.0000E+00  0.0000E+00  0.0000E+00  0.0000E+00  0.0000E+00  0.0000E+00  0.0000E+00  0.0000E+00  0.0000E+00
    -13.817  0.0000E+00  0.0000E+00  0.0000E+00  0.0000E+00  0.0000E+00  0.0000E+00  0.0000E+00  0.0000E+00  0.0000E+00
    -13.664  0.0000E+00  0.0000E+00  0.0000E+00  0.0000E+00  0.0000E+00  0.0000E+00  0.0000E+00  0.0000E+00  0.0000E+00
    -13.510  0.0000E+00  0.0000E+00  0.0000E+00  0.0000E+00  0.0000E+00  0.0000E+00  0.0000E+00  0.0000E+00  0.0000E+00
    -13.356  0.0000E+00  0.0000E+00  0.0000E+00  0.0000E+00  0.0000E+00  0.0000E+00  0.0000E+00  0.0000E+00  0.0000E+00
    -13.202  0.0000E+00  0.0000E+00  0.0000E+00  0.0000E+00  0.0000E+00  0.0000E+00  0.0000E+00  0.0000E+00  0.0000E+00
    -13.049  0.0000E+00  0.0000E+00  0.0000E+00  0.0000E+00  0.0000E+00  0.0000E+00  0.0000E+00  0.0000E+00  0.0000E+00
    -12.895  0.7176E-02  0.5732E-05  0.5732E-05  0.5732E-05  0.0000E+00  0.0000E+00  0.0000E+00  0.0000E+00  0.0000E+00
    -12.741  0.1640E-01  0.4759E-04  0.4759E-04  0.4759E-04  0.0000E+00  0.0000E+00  0.0000E+00  0.0000E+00  0.0000E+00
    -12.587  0.1763E-01  0.9774E-04  0.9774E-04  0.9774E-04  0.0000E+00  0.0000E+00  0.0000E+00  0.0000E+00  0.0000E+00
    -12.434  0.2042E-01  0.1621E-03  0.1621E-03  0.1621E-03  0.0000E+00  0.0000E+00  0.0000E+00  0.0000E+00  0.0000E+00
    -12.280  0.2326E-01  0.2387E-03  0.2387E-03  0.2387E-03  0.0000E+00  0.0000E+00  0.0000E+00  0.0000E+00  0.0000E+00
    -12.126  0.2576E-01  0.3245E-03  0.3245E-03  0.3245E-03  0.0000E+00  0.0000E+00  0.0000E+00  0.0000E+00  0.0000E+00
    -11.972  0.2789E-01  0.4205E-03  0.4205E-03  0.4205E-03  0.0000E+00  0.0000E+00  0.0000E+00  0.0000E+00  0.0000E+00
    -11.819  0.2995E-01  0.5228E-03  0.5228E-03  0.5228E-03  0.0000E+00  0.0000E+00  0.0000E+00  0.0000E+00  0.0000E+00
    -11.665  0.3191E-01  0.6307E-03  0.6307E-03  0.6307E-03  0.0000E+00  0.0000E+00  0.0000E+00  0.0000E+00  0.0000E+00
    -11.511  0.3360E-01  0.7482E-03  0.7482E-03  0.7482E-03  0.0000E+00  0.0000E+00  0.0000E+00  0.0000E+00  0.0000E+00
    -11.357  0.3536E-01  0.8683E-03  0.8683E-03  0.8683E-03  0.0000E+00  0.0000E+00  0.0000E+00  0.0000E+00  0.0000E+00
    -11.204  0.3687E-01  0.9981E-03  0.9981E-03  0.9981E-03  0.0000E+00  0.0000E+00  0.0000E+00  0.0000E+00  0.0000E+00
    -11.050  0.3844E-01  0.1130E-02  0.1130E-02  0.1130E-02  0.0000E+00  0.0000E+00  0.0000E+00  0.0000E+00  0.0000E+00
    -10.896  0.3983E-01  0.1270E-02  0.1270E-02  0.1270E-02  0.0000E+00  0.0000E+00  0.0000E+00  0.0000E+00  0.0000E+00
    -10.742  0.4130E-01  0.1412E-02  0.1412E-02  0.1412E-02  0.0000E+00  0.0000E+00  0.0000E+00  0.0000E+00  0.0000E+00
    -10.589  0.4257E-01  0.1563E-02  0.1563E-02  0.1563E-02  0.0000E+00  0.0000E+00  0.0000E+00  0.0000E+00  0.0000E+00
    -10.435  0.4394E-01  0.1714E-02  0.1714E-02  0.1714E-02  0.0000E+00  0.0000E+00  0.0000E+00  0.0000E+00  0.0000E+00
    -10.281  0.4515E-01  0.1874E-02  0.1874E-02  0.1874E-02  0.0000E+00  0.0000E+00  0.0000E+00  0.0000E+00  0.0000E+00
    -10.127  0.4640E-01  0.2036E-02  0.2036E-02  0.2036E-02  0.0000E+00  0.0000E+00  0.0000E+00  0.0000E+00  0.0000E+00
     -9.974  0.4762E-01  0.2203E-02  0.2203E-02  0.2203E-02  0.0000E+00  0.0000E+00  0.0000E+00  0.0000E+00  0.0000E+00
     -9.820  0.4879E-01  0.2375E-02  0.2375E-02  0.2375E-02  0.0000E+00  0.0000E+00  0.0000E+00  0.0000E+00  0.0000E+00
     -9.666  0.5003E-01  0.2547E-02  0.2547E-02  0.2547E-02  0.0000E+00  0.0000E+00  0.0000E+00  0.0000E+00  0.0000E+00
     -9.512  0.5113E-01  0.2729E-02  0.2729E-02  0.2729E-02  0.0000E+00  0.0000E+00  0.0000E+00  0.0000E+00  0.0000E+00
     -9.359  0.5230E-01  0.2911E-02  0.2911E-02  0.2911E-02  0.0000E+00  0.0000E+00  0.0000E+00  0.0000E+00  0.0000E+00
     -9.205  0.5349E-01  0.3096E-02  0.3096E-02  0.3096E-02  0.0000E+00  0.0000E+00  0.0000E+00  0.0000E+00  0.0000E+00
     -9.051  0.5461E-01  0.3290E-02  0.3290E-02  0.3290E-02  0.0000E+00  0.0000E+00  0.0000E+00  0.0000E+00  0.0000E+00
     -8.897  0.5581E-01  0.3482E-02  0.3482E-02  0.3482E-02  0.0000E+00  0.0000E+00  0.0000E+00  0.0000E+00  0.0000E+00
     -8.744  0.5701E-01  0.3680E-02  0.3680E-02  0.3680E-02  0.0000E+00  0.0000E+00  0.0000E+00  0.0000E+00  0.0000E+00
     -8.590  0.5820E-01  0.3884E-02  0.3884E-02  0.3884E-02  0.0000E+00  0.0000E+00  0.0000E+00  0.0000E+00  0.0000E+00
     -8.436  0.5948E-01  0.4087E-02  0.4087E-02  0.4087E-02  0.0000E+00  0.0000E+00  0.0000E+00  0.0000E+00  0.0000E+00
     -8.282  0.6078E-01  0.4297E-02  0.4297E-02  0.4297E-02  0.0000E+00  0.0000E+00  0.0000E+00  0.0000E+00  0.0000E+00
     -8.129  0.6213E-01  0.4513E-02  0.4513E-02  0.4513E-02  0.0000E+00  0.0000E+00  0.0000E+00  0.0000E+00  0.0000E+00
     -7.975  0.6360E-01  0.4728E-02  0.4728E-02  0.4728E-02  0.0000E+00  0.0000E+00  0.0000E+00  0.0000E+00  0.0000E+00
     -7.821  0.6516E-01  0.4951E-02  0.4951E-02  0.4951E-02  0.0000E+00  0.0000E+00  0.0000E+00  0.0000E+00  0.0000E+00
     -7.667  0.6685E-01  0.5182E-02  0.5182E-02  0.5182E-02  0.0000E+00  0.0000E+00  0.0000E+00  0.0000E+00  0.0000E+00
     -7.514  0.6876E-01  0.5415E-02  0.5415E-02  0.5415E-02  0.0000E+00  0.0000E+00  0.0000E+00  0.0000E+00  0.0000E+00
     -7.360  0.7095E-01  0.5658E-02  0.5658E-02  0.5658E-02  0.0000E+00  0.0000E+00  0.0000E+00  0.0000E+00  0.0000E+00
     -7.206  0.7356E-01  0.5921E-02  0.5921E-02  0.5921E-02  0.0000E+00  0.0000E+00  0.0000E+00  0.0000E+00  0.0000E+00
     -7.052  0.7691E-01  0.6203E-02  0.6203E-02  0.6203E-02  0.0000E+00  0.0000E+00  0.0000E+00  0.0000E+00  0.0000E+00
     -6.899  0.8178E-01  0.6534E-02  0.6534E-02  0.6534E-02  0.0000E+00  0.0000E+00  0.0000E+00  0.0000E+00  0.0000E+00
     -6.745  0.9345E-01  0.7129E-02  0.7129E-02  0.7129E-02  0.0000E+00  0.0000E+00  0.0000E+00  0.0000E+00  0.0000E+00
     -6.591  0.9577E-01  0.7362E-02  0.7362E-02  0.7362E-02  0.0000E+00  0.0000E+00  0.0000E+00  0.0000E+00  0.0000E+00
     -6.437  0.9172E-01  0.7340E-02  0.7340E-02  0.7340E-02  0.0000E+00  0.0000E+00  0.0000E+00  0.0000E+00  0.0000E+00
     -6.284  0.8654E-01  0.7243E-02  0.7243E-02  0.7243E-02  0.0000E+00  0.0000E+00  0.0000E+00  0.0000E+00  0.0000E+00
     -6.130  0.8455E-01  0.7285E-02  0.7285E-02  0.7285E-02  0.0000E+00  0.0000E+00  0.0000E+00  0.0000E+00  0.0000E+00
     -5.976  0.8098E-01  0.7218E-02  0.7218E-02  0.7218E-02  0.0000E+00  0.0000E+00  0.0000E+00  0.0000E+00  0.0000E+00
     -5.822  0.7913E-01  0.7248E-02  0.7248E-02  0.7248E-02  0.0000E+00  0.0000E+00  0.0000E+00  0.0000E+00  0.0000E+00
     -5.669  0.7603E-01  0.7187E-02  0.7187E-02  0.7187E-02  0.0000E+00  0.0000E+00  0.0000E+00  0.0000E+00  0.0000E+00
     -5.515  0.7294E-01  0.7107E-02  0.7107E-02  0.7107E-02  0.0000E+00  0.0000E+00  0.0000E+00  0.0000E+00  0.0000E+00
     -5.361  0.7061E-01  0.7072E-02  0.7072E-02  0.7072E-02  0.0000E+00  0.0000E+00  0.0000E+00  0.0000E+00  0.0000E+00
     -5.207  0.6766E-01  0.6978E-02  0.6978E-02  0.6978E-02  0.0000E+00  0.0000E+00  0.0000E+00  0.0000E+00  0.0000E+00
     -5.054  0.6468E-01  0.6864E-02  0.6864E-02  0.6864E-02  0.0000E+00  0.0000E+00  0.0000E+00  0.0000E+00  0.0000E+00
     -4.900  0.6234E-01  0.6788E-02  0.6788E-02  0.6788E-02  0.0000E+00  0.0000E+00  0.0000E+00  0.0000E+00  0.0000E+00
     -4.746  0.5924E-01  0.6639E-02  0.6639E-02  0.6639E-02  0.0000E+00  0.0000E+00  0.0000E+00  0.0000E+00  0.0000E+00
     -4.592  0.5663E-01  0.6508E-02  0.6508E-02  0.6508E-02  0.0000E+00  0.0000E+00  0.0000E+00  0.0000E+00  0.0000E+00
     -4.439  0.5374E-01  0.6350E-02  0.6350E-02  0.6350E-02  0.0000E+00  0.0000E+00  0.0000E+00  0.0000E+00  0.0000E+00
     -4.285  0.5101E-01  0.6180E-02  0.6180E-02  0.6180E-02  0.0000E+00  0.0000E+00  0.0000E+00  0.0000E+00  0.0000E+00
     -4.131  0.4951E-01  0.7151E-02  0.7151E-02  0.7151E-02  0.0000E+00  0.0000E+00  0.0000E+00  0.0000E+00  0.0000E+00
     -3.977  0.5107E-01  0.1012E-01  0.1012E-01  0.1012E-01  0.0000E+00  0.0000E+00  0.0000E+00  0.0000E+00  0.0000E+00
     -3.824  0.5053E-01  0.1113E-01  0.1113E-01  0.1113E-01  0.0000E+00  0.0000E+00  0.0000E+00  0.0000E+00  0.0000E+00
     -3.670  0.5074E-01  0.1223E-01  0.1223E-01  0.1223E-01  0.0000E+00  0.0000E+00  0.0000E+00  0.0000E+00  0.0000E+00
     -3.516  0.4410E-01  0.1224E-01  0.1224E-01  0.1224E-01  0.0000E+00  0.0000E+00  0.0000E+00  0.0000E+00  0.0000E+00
     -3.362  0.3258E-01  0.1142E-01  0.1142E-01  0.1142E-01  0.0000E+00  0.0000E+00  0.0000E+00  0.0000E+00  0.0000E+00
     -3.209  0.3089E-01  0.1223E-01  0.1223E-01  0.1223E-01  0.0000E+00  0.0000E+00  0.0000E+00  0.0000E+00  0.0000E+00
     -3.055  0.3183E-01  0.1331E-01  0.1331E-01  0.1331E-01  0.0000E+00  0.0000E+00  0.0000E+00  0.0000E+00  0.0000E+00
     -2.901  0.3347E-01  0.1465E-01  0.1465E-01  0.1465E-01  0.0000E+00  0.0000E+00  0.0000E+00  0.0000E+00  0.0000E+00
     -2.747  0.4029E-01  0.1664E-01  0.1664E-01  0.1664E-01  0.0000E+00  0.0000E+00  0.0000E+00  0.0000E+00  0.0000E+00
     -2.594  0.4951E-01  0.1930E-01  0.1930E-01  0.1930E-01  0.0000E+00  0.0000E+00  0.0000E+00  0.0000E+00  0.0000E+00
     -2.440  0.6360E-01  0.2292E-01  0.2292E-01  0.2292E-01  0.0000E+00  0.0000E+00  0.0000E+00  0.0000E+00  0.0000E+00
     -2.286  0.8159E-01  0.2828E-01  0.2828E-01  0.2828E-01  0.0000E+00  0.0000E+00  0.0000E+00  0.0000E+00  0.0000E+00
     -2.132  0.1058E+00  0.3487E-01  0.3487E-01  0.3487E-01  0.0000E+00  0.0000E+00  0.0000E+00  0.0000E+00  0.0000E+00
     -1.979  0.9113E-01  0.2994E-01  0.2994E-01  0.2994E-01  0.0000E+00  0.0000E+00  0.0000E+00  0.0000E+00  0.0000E+00
     -1.825  0.7208E-01  0.2462E-01  0.2462E-01  0.2462E-01  0.0000E+00  0.0000E+00  0.0000E+00  0.0000E+00  0.0000E+00
     -1.671  0.6525E-01  0.2270E-01  0.2270E-01  0.2270E-01  0.0000E+00  0.0000E+00  0.0000E+00  0.0000E+00  0.0000E+00
     -1.517  0.5898E-01  0.2103E-01  0.2103E-01  0.2103E-01  0.0000E+00  0.0000E+00  0.0000E+00  0.0000E+00  0.0000E+00
     -1.364  0.5553E-01  0.2015E-01  0.2015E-01  0.2015E-01  0.0000E+00  0.0000E+00  0.0000E+00  0.0000E+00  0.0000E+00
     -1.210  0.5104E-01  0.1901E-01  0.1901E-01  0.1901E-01  0.0000E+00  0.0000E+00  0.0000E+00  0.0000E+00  0.0000E+00
     -1.056  0.4857E-01  0.1844E-01  0.1844E-01  0.1844E-01  0.0000E+00  0.0000E+00  0.0000E+00  0.0000E+00  0.0000E+00
     -0.902  0.4495E-01  0.1754E-01  0.1754E-01  0.1754E-01  0.0000E+00  0.0000E+00  0.0000E+00  0.0000E+00  0.0000E+00
     -0.749  0.4297E-01  0.1712E-01  0.1712E-01  0.1712E-01  0.0000E+00  0.0000E+00  0.0000E+00  0.0000E+00  0.0000E+00
     -0.595  0.4022E-01  0.1646E-01  0.1646E-01  0.1646E-01  0.0000E+00  0.0000E+00  0.0000E+00  0.0000E+00  0.0000E+00
     -0.441  0.3812E-01  0.1599E-01  0.1599E-01  0.1599E-01  0.0000E+00  0.0000E+00  0.0000E+00  0.0000E+00  0.0000E+00
     -0.287  0.3629E-01  0.1560E-01  0.1560E-01  0.1560E-01  0.0000E+00  0.0000E+00  0.0000E+00  0.0000E+00  0.0000E+00
     -0.134  0.3378E-01  0.1495E-01  0.1495E-01  0.1495E-01  0.0000E+00  0.0000E+00  0.0000E+00  0.0000E+00  0.0000E+00
      0.020  0.3243E-01  0.1469E-01  0.1469E-01  0.1469E-01  0.0000E+00  0.0000E+00  0.0000E+00  0.0000E+00  0.0000E+00
      0.174  0.3158E-01  0.2159E-01  0.2159E-01  0.2159E-01  0.0000E+00  0.0000E+00  0.0000E+00  0.0000E+00  0.0000E+00
      0.328  0.3098E-01  0.2460E-01  0.2460E-01  0.2460E-01  0.0000E+00  0.0000E+00  0.0000E+00  0.0000E+00  0.0000E+00
      0.481  0.3094E-01  0.2829E-01  0.2829E-01  0.2829E-01  0.0000E+00  0.0000E+00  0.0000E+00  0.0000E+00  0.0000E+00
      0.635  0.3037E-01  0.3151E-01  0.3151E-01  0.3151E-01  0.0000E+00  0.0000E+00  0.0000E+00  0.0000E+00  0.0000E+00
      0.789  0.3152E-01  0.3814E-01  0.3814E-01  0.3814E-01  0.0000E+00  0.0000E+00  0.0000E+00  0.0000E+00  0.0000E+00
      0.943  0.3202E-01  0.4026E-01  0.4026E-01  0.4026E-01  0.0000E+00  0.0000E+00  0.0000E+00  0.0000E+00  0.0000E+00
      1.096  0.3132E-01  0.3934E-01  0.3934E-01  0.3934E-01  0.0000E+00  0.0000E+00  0.0000E+00  0.0000E+00  0.0000E+00
      1.250  0.3146E-01  0.3879E-01  0.3879E-01  0.3879E-01  0.0000E+00  0.0000E+00  0.0000E+00  0.0000E+00  0.0000E+00
      1.404  0.3109E-01  0.3810E-01  0.3810E-01  0.3810E-01  0.0000E+00  0.0000E+00  0.0000E+00  0.0000E+00  0.0000E+00
      1.558  0.3027E-01  0.3919E-01  0.3919E-01  0.3919E-01  0.0000E+00  0.0000E+00  0.0000E+00  0.0000E+00  0.0000E+00
      1.711  0.3012E-01  0.3980E-01  0.3980E-01  0.3980E-01  0.0000E+00  0.0000E+00  0.0000E+00  0.0000E+00  0.0000E+00
      1.865  0.2973E-01  0.4178E-01  0.4178E-01  0.4178E-01  0.0000E+00  0.0000E+00  0.0000E+00  0.0000E+00  0.0000E+00
      2.019  0.2874E-01  0.4176E-01  0.4176E-01  0.4176E-01  0.0000E+00  0.0000E+00  0.0000E+00  0.0000E+00  0.0000E+00
      2.173  0.2844E-01  0.4344E-01  0.4344E-01  0.4344E-01  0.0000E+00  0.0000E+00  0.0000E+00  0.0000E+00  0.0000E+00
      2.326  0.2789E-01  0.4485E-01  0.4485E-01  0.4485E-01  0.0000E+00  0.0000E+00  0.0000E+00  0.0000E+00  0.0000E+00
      2.480  0.2703E-01  0.4661E-01  0.4661E-01  0.4661E-01  0.0000E+00  0.0000E+00  0.0000E+00  0.0000E+00  0.0000E+00
      2.634  0.2651E-01  0.4846E-01  0.4846E-01  0.4846E-01  0.0000E+00  0.0000E+00  0.0000E+00  0.0000E+00  0.0000E+00
      2.788  0.2598E-01  0.5067E-01  0.5067E-01  0.5067E-01  0.0000E+00  0.0000E+00  0.0000E+00  0.0000E+00  0.0000E+00
      2.941  0.2527E-01  0.5395E-01  0.5395E-01  0.5395E-01  0.0000E+00  0.0000E+00  0.0000E+00  0.0000E+00  0.0000E+00
      3.095  0.2437E-01  0.5611E-01  0.5611E-01  0.5611E-01  0.0000E+00  0.0000E+00  0.0000E+00  0.0000E+00  0.0000E+00
      3.249  0.2383E-01  0.6102E-01  0.6102E-01  0.6102E-01  0.0000E+00  0.0000E+00  0.0000E+00  0.0000E+00  0.0000E+00
      3.403  0.2307E-01  0.6961E-01  0.6961E-01  0.6961E-01  0.0000E+00  0.0000E+00  0.0000E+00  0.0000E+00  0.0000E+00
      3.556  0.2199E-01  0.7664E-01  0.7664E-01  0.7664E-01  0.0000E+00  0.0000E+00  0.0000E+00  0.0000E+00  0.0000E+00
      3.710  0.2130E-01  0.7320E-01  0.7320E-01  0.7320E-01  0.0000E+00  0.0000E+00  0.0000E+00  0.0000E+00  0.0000E+00
      3.864  0.2060E-01  0.7317E-01  0.7317E-01  0.7317E-01  0.0000E+00  0.0000E+00  0.0000E+00  0.0000E+00  0.0000E+00
      4.018  0.1967E-01  0.7227E-01  0.7227E-01  0.7227E-01  0.0000E+00  0.0000E+00  0.0000E+00  0.0000E+00  0.0000E+00
      4.171  0.1878E-01  0.7174E-01  0.7174E-01  0.7174E-01  0.0000E+00  0.0000E+00  0.0000E+00  0.0000E+00  0.0000E+00
      4.325  0.1818E-01  0.7170E-01  0.7170E-01  0.7170E-01  0.0000E+00  0.0000E+00  0.0000E+00  0.0000E+00  0.0000E+00
      4.479  0.1738E-01  0.7143E-01  0.7143E-01  0.7143E-01  0.0000E+00  0.0000E+00  0.0000E+00  0.0000E+00  0.0000E+00
      4.633  0.1643E-01  0.7063E-01  0.7063E-01  0.7063E-01  0.0000E+00  0.0000E+00  0.0000E+00  0.0000E+00  0.0000E+00
      4.786  0.1583E-01  0.7083E-01  0.7083E-01  0.7083E-01  0.0000E+00  0.0000E+00  0.0000E+00  0.0000E+00  0.0000E+00
      4.940  0.1513E-01  0.7041E-01  0.7041E-01  0.7041E-01  0.0000E+00  0.0000E+00  0.0000E+00  0.0000E+00  0.0000E+00
      5.094  0.1432E-01  0.7001E-01  0.7001E-01  0.7001E-01  0.0000E+00  0.0000E+00  0.0000E+00  0.0000E+00  0.0000E+00
      5.248  0.1349E-01  0.6987E-01  0.6987E-01  0.6987E-01  0.0000E+00  0.0000E+00  0.0000E+00  0.0000E+00  0.0000E+00
      5.401  0.1288E-01  0.6954E-01  0.6954E-01  0.6954E-01  0.0000E+00  0.0000E+00  0.0000E+00  0.0000E+00  0.0000E+00
      5.555  0.1224E-01  0.6939E-01  0.6939E-01  0.6939E-01  0.0000E+00  0.0000E+00  0.0000E+00  0.0000E+00  0.0000E+00
      5.709  0.1159E-01  0.6908E-01  0.6908E-01  0.6908E-01  0.0000E+00  0.0000E+00  0.0000E+00  0.0000E+00  0.0000E+00
      5.863  0.1089E-01  0.6871E-01  0.6871E-01  0.6871E-01  0.0000E+00  0.0000E+00  0.0000E+00  0.0000E+00  0.0000E+00
      6.016  0.1028E-01  0.6847E-01  0.6847E-01  0.6847E-01  0.0000E+00  0.0000E+00  0.0000E+00  0.0000E+00  0.0000E+00
      6.170  0.9628E-02  0.6819E-01  0.6819E-01  0.6819E-01  0.0000E+00  0.0000E+00  0.0000E+00  0.0000E+00  0.0000E+00
      6.324  0.8904E-02  0.6786E-01  0.6786E-01  0.6786E-01  0.0000E+00  0.0000E+00  0.0000E+00  0.0000E+00  0.0000E+00
      6.478  0.8261E-02  0.6759E-01  0.6759E-01  0.6759E-01  0.0000E+00  0.0000E+00  0.0000E+00  0.0000E+00  0.0000E+00
      6.631  0.7754E-02  0.6733E-01  0.6733E-01  0.6733E-01  0.0000E+00  0.0000E+00  0.0000E+00  0.0000E+00  0.0000E+00
      6.785  0.7198E-02  0.6733E-01  0.6733E-01  0.6733E-01  0.0000E+00  0.0000E+00  0.0000E+00  0.0000E+00  0.0000E+00
      6.939  0.6530E-02  0.6676E-01  0.6676E-01  0.6676E-01  0.0000E+00  0.0000E+00  0.0000E+00  0.0000E+00  0.0000E+00
      7.093  0.5957E-02  0.6681E-01  0.6681E-01  0.6681E-01  0.0000E+00  0.0000E+00  0.0000E+00  0.0000E+00  0.0000E+00
      7.246  0.5451E-02  0.6695E-01  0.6695E-01  0.6695E-01  0.0000E+00  0.0000E+00  0.0000E+00  0.0000E+00  0.0000E+00
      7.400  0.4931E-02  0.5559E-01  0.5559E-01  0.5559E-01  0.0000E+00  0.0000E+00  0.0000E+00  0.0000E+00  0.0000E+00
      7.554  0.4401E-02  0.4726E-01  0.4726E-01  0.4726E-01  0.0000E+00  0.0000E+00  0.0000E+00  0.0000E+00  0.0000E+00
      7.708  0.4005E-02  0.4284E-01  0.4284E-01  0.4284E-01  0.0000E+00  0.0000E+00  0.0000E+00  0.0000E+00  0.0000E+00
      7.861  0.3637E-02  0.3923E-01  0.3923E-01  0.3923E-01  0.0000E+00  0.0000E+00  0.0000E+00  0.0000E+00  0.0000E+00
      8.015  0.3262E-02  0.3601E-01  0.3601E-01  0.3601E-01  0.0000E+00  0.0000E+00  0.0000E+00  0.0000E+00  0.0000E+00
      8.169  0.2875E-02  0.3301E-01  0.3301E-01  0.3301E-01  0.0000E+00  0.0000E+00  0.0000E+00  0.0000E+00  0.0000E+00
      8.323  0.2592E-02  0.3055E-01  0.3055E-01  0.3055E-01  0.0000E+00  0.0000E+00  0.0000E+00  0.0000E+00  0.0000E+00
      8.477  0.2293E-02  0.2811E-01  0.2811E-01  0.2811E-01  0.0000E+00  0.0000E+00  0.0000E+00  0.0000E+00  0.0000E+00
      8.630  0.1984E-02  0.2582E-01  0.2582E-01  0.2582E-01  0.0000E+00  0.0000E+00  0.0000E+00  0.0000E+00  0.0000E+00
      8.784  0.1730E-02  0.2379E-01  0.2379E-01  0.2379E-01  0.0000E+00  0.0000E+00  0.0000E+00  0.0000E+00  0.0000E+00
      8.938  0.1483E-02  0.2175E-01  0.2175E-01  0.2175E-01  0.0000E+00  0.0000E+00  0.0000E+00  0.0000E+00  0.0000E+00
      9.092  0.1251E-02  0.1982E-01  0.1982E-01  0.1982E-01  0.0000E+00  0.0000E+00  0.0000E+00  0.0000E+00  0.0000E+00
      9.245  0.1022E-02  0.1794E-01  0.1794E-01  0.1794E-01  0.0000E+00  0.0000E+00  0.0000E+00  0.0000E+00  0.0000E+00
      9.399  0.8198E-03  0.1611E-01  0.1611E-01  0.1611E-01  0.0000E+00  0.0000E+00  0.0000E+00  0.0000E+00  0.0000E+00
      9.553  0.6473E-03  0.1427E-01  0.1427E-01  0.1427E-01  0.0000E+00  0.0000E+00  0.0000E+00  0.0000E+00  0.0000E+00
      9.707  0.4710E-03  0.1241E-01  0.1241E-01  0.1241E-01  0.0000E+00  0.0000E+00  0.0000E+00  0.0000E+00  0.0000E+00
      9.860  0.3220E-03  0.1054E-01  0.1054E-01  0.1054E-01  0.0000E+00  0.0000E+00  0.0000E+00  0.0000E+00  0.0000E+00
     10.014  0.1916E-03  0.8632E-02  0.8632E-02  0.8632E-02  0.0000E+00  0.0000E+00  0.0000E+00  0.0000E+00  0.0000E+00
     10.168  0.9921E-04  0.7246E-02  0.7246E-02  0.7246E-02  0.0000E+00  0.0000E+00  0.0000E+00  0.0000E+00  0.0000E+00
     10.322  0.2350E-04  0.3318E-02  0.3318E-02  0.3318E-02  0.0000E+00  0.0000E+00  0.0000E+00  0.0000E+00  0.0000E+00
     10.475  0.1121E-05  0.2230E-03  0.2230E-03  0.2230E-03  0.0000E+00  0.0000E+00  0.0000E+00  0.0000E+00  0.0000E+00
     10.629  0.0000E+00  0.0000E+00  0.0000E+00  0.0000E+00  0.0000E+00  0.0000E+00  0.0000E+00  0.0000E+00  0.0000E+00
     10.783  0.0000E+00  0.0000E+00  0.0000E+00  0.0000E+00  0.0000E+00  0.0000E+00  0.0000E+00  0.0000E+00  0.0000E+00
     10.937  0.0000E+00  0.0000E+00  0.0000E+00  0.0000E+00  0.0000E+00  0.0000E+00  0.0000E+00  0.0000E+00  0.0000E+00
     11.090  0.0000E+00  0.0000E+00  0.0000E+00  0.0000E+00  0.0000E+00  0.0000E+00  0.0000E+00  0.0000E+00  0.0000E+00
     11.244  0.0000E+00  0.0000E+00  0.0000E+00  0.0000E+00  0.0000E+00  0.0000E+00  0.0000E+00  0.0000E+00  0.0000E+00
     11.398  0.0000E+00  0.0000E+00  0.0000E+00  0.0000E+00  0.0000E+00  0.0000E+00  0.0000E+00  0.0000E+00  0.0000E+00
     11.552  0.0000E+00  0.0000E+00  0.0000E+00  0.0000E+00  0.0000E+00  0.0000E+00  0.0000E+00  0.0000E+00  0.0000E+00
     11.705  0.0000E+00  0.0000E+00  0.0000E+00  0.0000E+00  0.0000E+00  0.0000E+00  0.0000E+00  0.0000E+00  0.0000E+00
     11.859  0.0000E+00  0.0000E+00  0.0000E+00  0.0000E+00  0.0000E+00  0.0000E+00  0.0000E+00  0.0000E+00  0.0000E+00
     12.013  0.0000E+00  0.0000E+00  0.0000E+00  0.0000E+00  0.0000E+00  0.0000E+00  0.0000E+00  0.0000E+00  0.0000E+00
     12.167  0.0000E+00  0.0000E+00  0.0000E+00  0.0000E+00  0.0000E+00  0.0000E+00  0.0000E+00  0.0000E+00  0.0000E+00
     12.320  0.0000E+00  0.0000E+00  0.0000E+00  0.0000E+00  0.0000E+00  0.0000E+00  0.0000E+00  0.0000E+00  0.0000E+00
     12.474  0.0000E+00  0.0000E+00  0.0000E+00  0.0000E+00  0.0000E+00  0.0000E+00  0.0000E+00  0.0000E+00  0.0000E+00
     12.628  0.0000E+00  0.0000E+00  0.0000E+00  0.0000E+00  0.0000E+00  0.0000E+00  0.0000E+00  0.0000E+00  0.0000E+00
     12.782  0.0000E+00  0.0000E+00  0.0000E+00  0.0000E+00  0.0000E+00  0.0000E+00  0.0000E+00  0.0000E+00  0.0000E+00
     12.935  0.0000E+00  0.0000E+00  0.0000E+00  0.0000E+00  0.0000E+00  0.0000E+00  0.0000E+00  0.0000E+00  0.0000E+00
     13.089  0.0000E+00  0.0000E+00  0.0000E+00  0.0000E+00  0.0000E+00  0.0000E+00  0.0000E+00  0.0000E+00  0.0000E+00
     13.243  0.0000E+00  0.0000E+00  0.0000E+00  0.0000E+00  0.0000E+00  0.0000E+00  0.0000E+00  0.0000E+00  0.0000E+00
     13.397  0.0000E+00  0.0000E+00  0.0000E+00  0.0000E+00  0.0000E+00  0.0000E+00  0.0000E+00  0.0000E+00  0.0000E+00
     13.550  0.0000E+00  0.0000E+00  0.0000E+00  0.0000E+00  0.0000E+00  0.0000E+00  0.0000E+00  0.0000E+00  0.0000E+00
     13.704  0.0000E+00  0.0000E+00  0.0000E+00  0.0000E+00  0.0000E+00  0.0000E+00  0.0000E+00  0.0000E+00  0.0000E+00
     13.858  0.0000E+00  0.0000E+00  0.0000E+00  0.0000E+00  0.0000E+00  0.0000E+00  0.0000E+00  0.0000E+00  0.0000E+00
     14.012  0.0000E+00  0.0000E+00  0.0000E+00  0.0000E+00  0.0000E+00  0.0000E+00  0.0000E+00  0.0000E+00  0.0000E+00
     14.165  0.0000E+00  0.0000E+00  0.0000E+00  0.0000E+00  0.0000E+00  0.0000E+00  0.0000E+00  0.0000E+00  0.0000E+00
     14.319  0.0000E+00  0.0000E+00  0.0000E+00  0.0000E+00  0.0000E+00  0.0000E+00  0.0000E+00  0.0000E+00  0.0000E+00
     14.473  0.0000E+00  0.0000E+00  0.0000E+00  0.0000E+00  0.0000E+00  0.0000E+00  0.0000E+00  0.0000E+00  0.0000E+00
     14.627  0.0000E+00  0.0000E+00  0.0000E+00  0.0000E+00  0.0000E+00  0.0000E+00  0.0000E+00  0.0000E+00  0.0000E+00
     14.780  0.0000E+00  0.0000E+00  0.0000E+00  0.0000E+00  0.0000E+00  0.0000E+00  0.0000E+00  0.0000E+00  0.0000E+00
     14.934  0.5959E-02  0.1887E-02  0.1887E-02  0.1887E-02  0.0000E+00  0.0000E+00  0.0000E+00  0.0000E+00  0.0000E+00
     15.088  0.8828E-02  0.3034E-02  0.3034E-02  0.3034E-02  0.0000E+00  0.0000E+00  0.0000E+00  0.0000E+00  0.0000E+00
     15.242  0.1178E-01  0.4473E-02  0.4473E-02  0.4473E-02  0.0000E+00  0.0000E+00  0.0000E+00  0.0000E+00  0.0000E+00
     15.395  0.1428E-01  0.5639E-02  0.5639E-02  0.5639E-02  0.0000E+00  0.0000E+00  0.0000E+00  0.0000E+00  0.0000E+00
     15.549  0.1766E-01  0.7188E-02  0.7188E-02  0.7188E-02  0.0000E+00  0.0000E+00  0.0000E+00  0.0000E+00  0.0000E+00
     15.703  0.2068E-01  0.8797E-02  0.8797E-02  0.8797E-02  0.0000E+00  0.0000E+00  0.0000E+00  0.0000E+00  0.0000E+00
     15.857  0.2314E-01  0.1062E-01  0.1062E-01  0.1062E-01  0.0000E+00  0.0000E+00  0.0000E+00  0.0000E+00  0.0000E+00
     16.010  0.2459E-01  0.1240E-01  0.1240E-01  0.1240E-01  0.0000E+00  0.0000E+00  0.0000E+00  0.0000E+00  0.0000E+00
     16.164  0.2589E-01  0.1471E-01  0.1471E-01  0.1471E-01  0.0000E+00  0.0000E+00  0.0000E+00  0.0000E+00  0.0000E+00
     16.318  0.2716E-01  0.1808E-01  0.1808E-01  0.1808E-01  0.0000E+00  0.0000E+00  0.0000E+00  0.0000E+00  0.0000E+00
     16.472  0.2798E-01  0.2137E-01  0.2137E-01  0.2137E-01  0.0000E+00  0.0000E+00  0.0000E+00  0.0000E+00  0.0000E+00
     16.625  0.2863E-01  0.2199E-01  0.2199E-01  0.2199E-01  0.0000E+00  0.0000E+00  0.0000E+00  0.0000E+00  0.0000E+00
     16.779  0.2924E-01  0.2303E-01  0.2303E-01  0.2303E-01  0.0000E+00  0.0000E+00  0.0000E+00  0.0000E+00  0.0000E+00
     16.933  0.2993E-01  0.2447E-01  0.2447E-01  0.2447E-01  0.0000E+00  0.0000E+00  0.0000E+00  0.0000E+00  0.0000E+00
     17.087  0.3047E-01  0.2580E-01  0.2580E-01  0.2580E-01  0.0000E+00  0.0000E+00  0.0000E+00  0.0000E+00  0.0000E+00
     17.240  0.3085E-01  0.2722E-01  0.2722E-01  0.2722E-01  0.0000E+00  0.0000E+00  0.0000E+00  0.0000E+00  0.0000E+00
     17.394  0.3122E-01  0.2874E-01  0.2874E-01  0.2874E-01  0.0000E+00  0.0000E+00  0.0000E+00  0.0000E+00  0.0000E+00
     17.548  0.3163E-01  0.3034E-01  0.3034E-01  0.3034E-01  0.0000E+00  0.0000E+00  0.0000E+00  0.0000E+00  0.0000E+00
     17.702  0.3201E-01  0.3205E-01  0.3205E-01  0.3205E-01  0.0000E+00  0.0000E+00  0.0000E+00  0.0000E+00  0.0000E+00
     17.855  0.3239E-01  0.3390E-01  0.3390E-01  0.3390E-01  0.0000E+00  0.0000E+00  0.0000E+00  0.0000E+00  0.0000E+00
     18.009  0.3264E-01  0.3585E-01  0.3585E-01  0.3585E-01  0.0000E+00  0.0000E+00  0.0000E+00  0.0000E+00  0.0000E+00
     18.163  0.3289E-01  0.3797E-01  0.3797E-01  0.3797E-01  0.0000E+00  0.0000E+00  0.0000E+00  0.0000E+00  0.0000E+00
     18.317  0.3317E-01  0.4026E-01  0.4026E-01  0.4026E-01  0.0000E+00  0.0000E+00  0.0000E+00  0.0000E+00  0.0000E+00
     18.470  0.3350E-01  0.4297E-01  0.4297E-01  0.4297E-01  0.0000E+00  0.0000E+00  0.0000E+00  0.0000E+00  0.0000E+00
     18.624  0.3384E-01  0.4591E-01  0.4591E-01  0.4591E-01  0.0000E+00  0.0000E+00  0.0000E+00  0.0000E+00  0.0000E+00
     18.778  0.3417E-01  0.4964E-01  0.4964E-01  0.4964E-01  0.0000E+00  0.0000E+00  0.0000E+00  0.0000E+00  0.0000E+00
     18.932  0.3468E-01  0.5451E-01  0.5451E-01  0.5451E-01  0.0000E+00  0.0000E+00  0.0000E+00  0.0000E+00  0.0000E+00
     19.085  0.3582E-01  0.6296E-01  0.6296E-01  0.6296E-01  0.0000E+00  0.0000E+00  0.0000E+00  0.0000E+00  0.0000E+00
     19.239  0.3669E-01  0.7214E-01  0.7214E-01  0.7214E-01  0.0000E+00  0.0000E+00  0.0000E+00  0.0000E+00  0.0000E+00
     19.393  0.3616E-01  0.7345E-01  0.7345E-01  0.7345E-01  0.0000E+00  0.0000E+00  0.0000E+00  0.0000E+00  0.0000E+00
     19.547  0.3646E-01  0.6246E-01  0.6246E-01  0.6246E-01  0.0000E+00  0.0000E+00  0.0000E+00  0.0000E+00  0.0000E+00
     19.700  0.3572E-01  0.5635E-01  0.5635E-01  0.5635E-01  0.0000E+00  0.0000E+00  0.0000E+00  0.0000E+00  0.0000E+00
     19.854  0.4805E-01  0.6199E-01  0.6199E-01  0.6199E-01  0.0000E+00  0.0000E+00  0.0000E+00  0.0000E+00  0.0000E+00
     20.008  0.5137E-01  0.5700E-01  0.5700E-01  0.5700E-01  0.0000E+00  0.0000E+00  0.0000E+00  0.0000E+00  0.0000E+00
     20.162  0.6461E-01  0.5571E-01  0.5571E-01  0.5571E-01  0.0000E+00  0.0000E+00  0.0000E+00  0.0000E+00  0.0000E+00
     20.315  0.6674E-01  0.5359E-01  0.5359E-01  0.5359E-01  0.0000E+00  0.0000E+00  0.0000E+00  0.0000E+00  0.0000E+00
     20.469  0.6100E-01  0.5243E-01  0.5243E-01  0.5243E-01  0.0000E+00  0.0000E+00  0.0000E+00  0.0000E+00  0.0000E+00
     20.623  0.5779E-01  0.5160E-01  0.5160E-01  0.5160E-01  0.0000E+00  0.0000E+00  0.0000E+00  0.0000E+00  0.0000E+00
     20.777  0.5459E-01  0.5230E-01  0.5230E-01  0.5230E-01  0.0000E+00  0.0000E+00  0.0000E+00  0.0000E+00  0.0000E+00
     20.930  0.5140E-01  0.5194E-01  0.5194E-01  0.5194E-01  0.0000E+00  0.0000E+00  0.0000E+00  0.0000E+00  0.0000E+00
     21.084  0.4942E-01  0.5301E-01  0.5301E-01  0.5301E-01  0.0000E+00  0.0000E+00  0.0000E+00  0.0000E+00  0.0000E+00
     21.238  0.4585E-01  0.5161E-01  0.5161E-01  0.5161E-01  0.0000E+00  0.0000E+00  0.0000E+00  0.0000E+00  0.0000E+00
     21.392  0.4422E-01  0.5055E-01  0.5055E-01  0.5055E-01  0.0000E+00  0.0000E+00  0.0000E+00  0.0000E+00  0.0000E+00
     21.545  0.4173E-01  0.4988E-01  0.4988E-01  0.4988E-01  0.0000E+00  0.0000E+00  0.0000E+00  0.0000E+00  0.0000E+00
     21.699  0.3843E-01  0.4791E-01  0.4791E-01  0.4791E-01  0.0000E+00  0.0000E+00  0.0000E+00  0.0000E+00  0.0000E+00
     21.853  0.3742E-01  0.4697E-01  0.4697E-01  0.4697E-01  0.0000E+00  0.0000E+00  0.0000E+00  0.0000E+00  0.0000E+00
     22.007  0.3612E-01  0.4484E-01  0.4484E-01  0.4484E-01  0.0000E+00  0.0000E+00  0.0000E+00  0.0000E+00  0.0000E+00
     22.160  0.3167E-01  0.4011E-01  0.4011E-01  0.4011E-01  0.0000E+00  0.0000E+00  0.0000E+00  0.0000E+00  0.0000E+00
     22.314  0.2782E-01  0.3660E-01  0.3660E-01  0.3660E-01  0.0000E+00  0.0000E+00  0.0000E+00  0.0000E+00  0.0000E+00
     22.468  0.2774E-01  0.3605E-01  0.3605E-01  0.3605E-01  0.0000E+00  0.0000E+00  0.0000E+00  0.0000E+00  0.0000E+00
     22.622  0.3444E-01  0.3816E-01  0.3816E-01  0.3816E-01  0.0000E+00  0.0000E+00  0.0000E+00  0.0000E+00  0.0000E+00
     22.775  0.3746E-01  0.3723E-01  0.3723E-01  0.3723E-01  0.0000E+00  0.0000E+00  0.0000E+00  0.0000E+00  0.0000E+00
     22.929  0.4349E-01  0.3959E-01  0.3959E-01  0.3959E-01  0.0000E+00  0.0000E+00  0.0000E+00  0.0000E+00  0.0000E+00
     23.083  0.4485E-01  0.3926E-01  0.3926E-01  0.3926E-01  0.0000E+00  0.0000E+00  0.0000E+00  0.0000E+00  0.0000E+00
     23.237  0.4750E-01  0.4039E-01  0.4039E-01  0.4039E-01  0.0000E+00  0.0000E+00  0.0000E+00  0.0000E+00  0.0000E+00
     23.390  0.5513E-01  0.4448E-01  0.4448E-01  0.4448E-01  0.0000E+00  0.0000E+00  0.0000E+00  0.0000E+00  0.0000E+00
     23.544  0.5156E-01  0.4362E-01  0.4362E-01  0.4362E-01  0.0000E+00  0.0000E+00  0.0000E+00  0.0000E+00  0.0000E+00
     23.698  0.5507E-01  0.4560E-01  0.4560E-01  0.4560E-01  0.0000E+00  0.0000E+00  0.0000E+00  0.0000E+00  0.0000E+00
     23.852  0.5543E-01  0.4598E-01  0.4598E-01  0.4598E-01  0.0000E+00  0.0000E+00  0.0000E+00  0.0000E+00  0.0000E+00
     24.005  0.5841E-01  0.4928E-01  0.4928E-01  0.4928E-01  0.0000E+00  0.0000E+00  0.0000E+00  0.0000E+00  0.0000E+00
     24.159  0.5800E-01  0.4993E-01  0.4993E-01  0.4993E-01  0.0000E+00  0.0000E+00  0.0000E+00  0.0000E+00  0.0000E+00
     24.313  0.5535E-01  0.5069E-01  0.5069E-01  0.5069E-01  0.0000E+00  0.0000E+00  0.0000E+00  0.0000E+00  0.0000E+00
     24.467  0.5568E-01  0.5032E-01  0.5032E-01  0.5032E-01  0.0000E+00  0.0000E+00  0.0000E+00  0.0000E+00  0.0000E+00
     24.620  0.5632E-01  0.5249E-01  0.5249E-01  0.5249E-01  0.0000E+00  0.0000E+00  0.0000E+00  0.0000E+00  0.0000E+00
     24.774  0.5631E-01  0.5379E-01  0.5379E-01  0.5379E-01  0.0000E+00  0.0000E+00  0.0000E+00  0.0000E+00  0.0000E+00
     24.928  0.5651E-01  0.5557E-01  0.5557E-01  0.5557E-01  0.0000E+00  0.0000E+00  0.0000E+00  0.0000E+00  0.0000E+00
     25.082  0.5889E-01  0.5720E-01  0.5720E-01  0.5720E-01  0.0000E+00  0.0000E+00  0.0000E+00  0.0000E+00  0.0000E+00
     25.235  0.6261E-01  0.5773E-01  0.5773E-01  0.5773E-01  0.0000E+00  0.0000E+00  0.0000E+00  0.0000E+00  0.0000E+00
     25.389  0.9790E-01  0.6362E-01  0.6362E-01  0.6362E-01  0.0000E+00  0.0000E+00  0.0000E+00  0.0000E+00  0.0000E+00
     25.543  0.1263E+00  0.6206E-01  0.6206E-01  0.6206E-01  0.0000E+00  0.0000E+00  0.0000E+00  0.0000E+00  0.0000E+00
     25.697  0.1021E+00  0.6214E-01  0.6214E-01  0.6214E-01  0.0000E+00  0.0000E+00  0.0000E+00  0.0000E+00  0.0000E+00
     25.850  0.6048E-01  0.6141E-01  0.6141E-01  0.6141E-01  0.0000E+00  0.0000E+00  0.0000E+00  0.0000E+00  0.0000E+00
     26.004  0.5132E-01  0.6419E-01  0.6419E-01  0.6419E-01  0.0000E+00  0.0000E+00  0.0000E+00  0.0000E+00  0.0000E+00
     26.158  0.4997E-01  0.7425E-01  0.7425E-01  0.7425E-01  0.0000E+00  0.0000E+00  0.0000E+00  0.0000E+00  0.0000E+00
     26.312  0.4880E-01  0.8072E-01  0.8072E-01  0.8072E-01  0.0000E+00  0.0000E+00  0.0000E+00  0.0000E+00  0.0000E+00
     26.465  0.4354E-01  0.7776E-01  0.7776E-01  0.7776E-01  0.0000E+00  0.0000E+00  0.0000E+00  0.0000E+00  0.0000E+00
     26.619  0.3655E-01  0.7118E-01  0.7118E-01  0.7118E-01  0.0000E+00  0.0000E+00  0.0000E+00  0.0000E+00  0.0000E+00
     26.773  0.3006E-01  0.6679E-01  0.6679E-01  0.6679E-01  0.0000E+00  0.0000E+00  0.0000E+00  0.0000E+00  0.0000E+00
     26.927  0.2524E-01  0.6473E-01  0.6473E-01  0.6473E-01  0.0000E+00  0.0000E+00  0.0000E+00  0.0000E+00  0.0000E+00
     27.080  0.2090E-01  0.6185E-01  0.6185E-01  0.6185E-01  0.0000E+00  0.0000E+00  0.0000E+00  0.0000E+00  0.0000E+00
     27.234  0.1717E-01  0.6046E-01  0.6046E-01  0.6046E-01  0.0000E+00  0.0000E+00  0.0000E+00  0.0000E+00  0.0000E+00
     27.388  0.1376E-01  0.6179E-01  0.6179E-01  0.6179E-01  0.0000E+00  0.0000E+00  0.0000E+00  0.0000E+00  0.0000E+00
     27.542  0.1016E-01  0.9259E-01  0.9259E-01  0.9259E-01  0.0000E+00  0.0000E+00  0.0000E+00  0.0000E+00  0.0000E+00
     27.695  0.6246E-02  0.2968E-01  0.2968E-01  0.2968E-01  0.0000E+00  0.0000E+00  0.0000E+00  0.0000E+00  0.0000E+00
     27.849  0.5063E-02  0.2688E-01  0.2688E-01  0.2688E-01  0.0000E+00  0.0000E+00  0.0000E+00  0.0000E+00  0.0000E+00
     28.003  0.3975E-02  0.2478E-01  0.2478E-01  0.2478E-01  0.0000E+00  0.0000E+00  0.0000E+00  0.0000E+00  0.0000E+00
     28.157  0.3066E-02  0.2234E-01  0.2234E-01  0.2234E-01  0.0000E+00  0.0000E+00  0.0000E+00  0.0000E+00  0.0000E+00
     28.310  0.2236E-02  0.1982E-01  0.1982E-01  0.1982E-01  0.0000E+00  0.0000E+00  0.0000E+00  0.0000E+00  0.0000E+00
     28.464  0.1498E-02  0.1743E-01  0.1743E-01  0.1743E-01  0.0000E+00  0.0000E+00  0.0000E+00  0.0000E+00  0.0000E+00
     28.618  0.8892E-03  0.1413E-01  0.1413E-01  0.1413E-01  0.0000E+00  0.0000E+00  0.0000E+00  0.0000E+00  0.0000E+00
     28.772  0.4006E-03  0.1069E-01  0.1069E-01  0.1069E-01  0.0000E+00  0.0000E+00  0.0000E+00  0.0000E+00  0.0000E+00
     28.925  0.1154E-03  0.6812E-02  0.6812E-02  0.6812E-02  0.0000E+00  0.0000E+00  0.0000E+00  0.0000E+00  0.0000E+00
     29.079  0.1502E-05  0.3050E-03  0.3050E-03  0.3050E-03  0.0000E+00  0.0000E+00  0.0000E+00  0.0000E+00  0.0000E+00
     29.233  0.0000E+00  0.0000E+00  0.0000E+00  0.0000E+00  0.0000E+00  0.0000E+00  0.0000E+00  0.0000E+00  0.0000E+00
     29.387  0.0000E+00  0.0000E+00  0.0000E+00  0.0000E+00  0.0000E+00  0.0000E+00  0.0000E+00  0.0000E+00  0.0000E+00
     29.540  0.0000E+00  0.0000E+00  0.0000E+00  0.0000E+00  0.0000E+00  0.0000E+00  0.0000E+00  0.0000E+00  0.0000E+00
     29.694  0.0000E+00  0.0000E+00  0.0000E+00  0.0000E+00  0.0000E+00  0.0000E+00  0.0000E+00  0.0000E+00  0.0000E+00
     29.848  0.0000E+00  0.0000E+00  0.0000E+00  0.0000E+00  0.0000E+00  0.0000E+00  0.0000E+00  0.0000E+00  0.0000E+00
     30.002  0.0000E+00  0.0000E+00  0.0000E+00  0.0000E+00  0.0000E+00  0.0000E+00  0.0000E+00  0.0000E+00  0.0000E+00
     30.155  0.0000E+00  0.0000E+00  0.0000E+00  0.0000E+00  0.0000E+00  0.0000E+00  0.0000E+00  0.0000E+00  0.0000E+00
     30.309  0.0000E+00  0.0000E+00  0.0000E+00  0.0000E+00  0.0000E+00  0.0000E+00  0.0000E+00  0.0000E+00  0.0000E+00
     30.463  0.0000E+00  0.0000E+00  0.0000E+00  0.0000E+00  0.0000E+00  0.0000E+00  0.0000E+00  0.0000E+00  0.0000E+00
     30.617  0.0000E+00  0.0000E+00  0.0000E+00  0.0000E+00  0.0000E+00  0.0000E+00  0.0000E+00  0.0000E+00  0.0000E+00
     30.770  0.0000E+00  0.0000E+00  0.0000E+00  0.0000E+00  0.0000E+00  0.0000E+00  0.0000E+00  0.0000E+00  0.0000E+00
     30.924  0.0000E+00  0.0000E+00  0.0000E+00  0.0000E+00  0.0000E+00  0.0000E+00  0.0000E+00  0.0000E+00  0.0000E+00
     31.078  0.0000E+00  0.0000E+00  0.0000E+00  0.0000E+00  0.0000E+00  0.0000E+00  0.0000E+00  0.0000E+00  0.0000E+00
