   2   2   1   0
  0.5844156E+01  0.2547352E-09  0.2547352E-09  0.2547352E-09  0.5000000E-15
  1.000000000000000E-004
  CAR 
 C                                       
     28.67792192    -15.00386195  301     13.53351266      1.00000000
    -15.004  0.0000E+00  0.0000E+00
    -14.858  0.0000E+00  0.0000E+00
    -14.713  0.0000E+00  0.0000E+00
    -14.567  0.0000E+00  0.0000E+00
    -14.421  0.0000E+00  0.0000E+00
    -14.276  0.0000E+00  0.0000E+00
    -14.130  0.0000E+00  0.0000E+00
    -13.985  0.0000E+00  0.0000E+00
    -13.839  0.0000E+00  0.0000E+00
    -13.693  0.0000E+00  0.0000E+00
    -13.548  0.0000E+00  0.0000E+00
    -13.402  0.0000E+00  0.0000E+00
    -13.257  0.0000E+00  0.0000E+00
    -13.111  0.0000E+00  0.0000E+00
    -12.965  0.1954E-01  0.4087E-03
    -12.820  0.6342E-01  0.5392E-02
    -12.674  0.6227E-01  0.1327E-01
    -12.529  0.7894E-01  0.2322E-01
    -12.383  0.8558E-01  0.3487E-01
    -12.237  0.9506E-01  0.4804E-01
    -12.092  0.1040E+00  0.6257E-01
    -11.946  0.1128E+00  0.7835E-01
    -11.801  0.1202E+00  0.9530E-01
    -11.655  0.1278E+00  0.1134E+00
    -11.509  0.1348E+00  0.1325E+00
    -11.364  0.1416E+00  0.1526E+00
    -11.218  0.1482E+00  0.1737E+00
    -11.073  0.1546E+00  0.1958E+00
    -10.927  0.1607E+00  0.2187E+00
    -10.781  0.1670E+00  0.2426E+00
    -10.636  0.1728E+00  0.2673E+00
    -10.490  0.1788E+00  0.2929E+00
    -10.344  0.1844E+00  0.3194E+00
    -10.199  0.1901E+00  0.3466E+00
    -10.053  0.1959E+00  0.3748E+00
     -9.908  0.2014E+00  0.4037E+00
     -9.762  0.2071E+00  0.4334E+00
     -9.616  0.2126E+00  0.4640E+00
     -9.471  0.2182E+00  0.4953E+00
     -9.325  0.2240E+00  0.5275E+00
     -9.180  0.2296E+00  0.5606E+00
     -9.034  0.2354E+00  0.5944E+00
     -8.888  0.2415E+00  0.6291E+00
     -8.743  0.2475E+00  0.6647E+00
     -8.597  0.2538E+00  0.7012E+00
     -8.452  0.2604E+00  0.7386E+00
     -8.306  0.2672E+00  0.7771E+00
     -8.160  0.2746E+00  0.8165E+00
     -8.015  0.2826E+00  0.8571E+00
     -7.869  0.2915E+00  0.8988E+00
     -7.724  0.3018E+00  0.9420E+00
     -7.578  0.3141E+00  0.9868E+00
     -7.432  0.3307E+00  0.1034E+01
     -7.287  0.3607E+00  0.1084E+01
     -7.141  0.3829E+00  0.1140E+01
     -6.996  0.3839E+00  0.1195E+01
     -6.850  0.3629E+00  0.1248E+01
     -6.704  0.3537E+00  0.1300E+01
     -6.559  0.3418E+00  0.1351E+01
     -6.413  0.3331E+00  0.1400E+01
     -6.268  0.3209E+00  0.1448E+01
     -6.122  0.3118E+00  0.1494E+01
     -5.976  0.3015E+00  0.1538E+01
     -5.831  0.2901E+00  0.1582E+01
     -5.685  0.2804E+00  0.1623E+01
     -5.539  0.2694E+00  0.1663E+01
     -5.394  0.2592E+00  0.1702E+01
     -5.248  0.2476E+00  0.1739E+01
     -5.103  0.2376E+00  0.1774E+01
     -4.957  0.2253E+00  0.1808E+01
     -4.811  0.2146E+00  0.1840E+01
     -4.666  0.2023E+00  0.1870E+01
     -4.520  0.1907E+00  0.1899E+01
     -4.375  0.2129E+00  0.1926E+01
     -4.229  0.2475E+00  0.1960E+01
     -4.083  0.2219E+00  0.1995E+01
     -3.938  0.1903E+00  0.2023E+01
     -3.792  0.1991E+00  0.2051E+01
     -3.647  0.2185E+00  0.2081E+01
     -3.501  0.2477E+00  0.2115E+01
     -3.355  0.2933E+00  0.2154E+01
     -3.210  0.3491E+00  0.2201E+01
     -3.064  0.4141E+00  0.2257E+01
     -2.919  0.4972E+00  0.2323E+01
     -2.773  0.7084E+00  0.2407E+01
     -2.627  0.7047E+00  0.2511E+01
     -2.482  0.5200E+00  0.2596E+01
     -2.336  0.4546E+00  0.2666E+01
     -2.191  0.4187E+00  0.2730E+01
     -2.045  0.3853E+00  0.2788E+01
     -1.899  0.3648E+00  0.2843E+01
     -1.754  0.3399E+00  0.2894E+01
     -1.608  0.3260E+00  0.2943E+01
     -1.463  0.3067E+00  0.2989E+01
     -1.317  0.2944E+00  0.3033E+01
     -1.171  0.2821E+00  0.3075E+01
     -1.026  0.2671E+00  0.3114E+01
     -0.880  0.2584E+00  0.3153E+01
     -0.734  0.2451E+00  0.3190E+01
     -0.589  0.2362E+00  0.3224E+01
     -0.443  0.2283E+00  0.3258E+01
     -0.298  0.2427E+00  0.3291E+01
     -0.152  0.3289E+00  0.3333E+01
     -0.006  0.3632E+00  0.3382E+01
      0.139  0.4028E+00  0.3438E+01
      0.285  0.4578E+00  0.3500E+01
      0.430  0.5462E+00  0.3574E+01
      0.576  0.5230E+00  0.3652E+01
      0.722  0.5122E+00  0.3727E+01
      0.867  0.4995E+00  0.3801E+01
      1.013  0.4995E+00  0.3873E+01
      1.158  0.4963E+00  0.3946E+01
      1.304  0.5131E+00  0.4019E+01
      1.450  0.5112E+00  0.4093E+01
      1.595  0.5200E+00  0.4168E+01
      1.741  0.5362E+00  0.4245E+01
      1.886  0.5431E+00  0.4324E+01
      2.032  0.5636E+00  0.4404E+01
      2.178  0.5769E+00  0.4487E+01
      2.323  0.6021E+00  0.4573E+01
      2.469  0.6281E+00  0.4662E+01
      2.614  0.6707E+00  0.4755E+01
      2.760  0.7240E+00  0.4855E+01
      2.906  0.8006E+00  0.4968E+01
      3.051  0.7780E+00  0.5081E+01
      3.197  0.7619E+00  0.5192E+01
      3.342  0.7549E+00  0.5302E+01
      3.488  0.7471E+00  0.5412E+01
      3.634  0.7361E+00  0.5520E+01
      3.779  0.7288E+00  0.5626E+01
      3.925  0.7233E+00  0.5732E+01
      4.071  0.7145E+00  0.5837E+01
      4.216  0.7039E+00  0.5940E+01
      4.362  0.7005E+00  0.6042E+01
      4.507  0.6924E+00  0.6144E+01
      4.653  0.6842E+00  0.6244E+01
      4.799  0.6779E+00  0.6343E+01
      4.944  0.6706E+00  0.6441E+01
      5.090  0.6643E+00  0.6538E+01
      5.235  0.6555E+00  0.6634E+01
      5.381  0.6484E+00  0.6729E+01
      5.527  0.6415E+00  0.6823E+01
      5.672  0.6352E+00  0.6916E+01
      5.818  0.6280E+00  0.7008E+01
      5.963  0.6210E+00  0.7099E+01
      6.109  0.6136E+00  0.7189E+01
      6.255  0.6072E+00  0.7278E+01
      6.400  0.5717E+00  0.7365E+01
      6.546  0.4694E+00  0.7438E+01
      6.691  0.4127E+00  0.7501E+01
      6.837  0.3738E+00  0.7558E+01
      6.983  0.3400E+00  0.7610E+01
      7.128  0.3096E+00  0.7657E+01
      7.274  0.2852E+00  0.7701E+01
      7.419  0.2610E+00  0.7740E+01
      7.565  0.2380E+00  0.7777E+01
      7.711  0.2185E+00  0.7810E+01
      7.856  0.1990E+00  0.7840E+01
      8.002  0.1800E+00  0.7868E+01
      8.147  0.1627E+00  0.7893E+01
      8.293  0.1458E+00  0.7915E+01
      8.439  0.1287E+00  0.7935E+01
      8.584  0.1123E+00  0.7953E+01
      8.730  0.9595E-01  0.7968E+01
      8.876  0.7918E-01  0.7981E+01
      9.021  0.5984E-01  0.7991E+01
      9.167  0.4185E-01  0.7998E+01
      9.312  0.5006E-02  0.8000E+01
      9.458  0.0000E+00  0.8000E+01
      9.604  0.0000E+00  0.8000E+01
      9.749  0.0000E+00  0.8000E+01
      9.895  0.0000E+00  0.8000E+01
     10.040  0.0000E+00  0.8000E+01
     10.186  0.0000E+00  0.8000E+01
     10.332  0.0000E+00  0.8000E+01
     10.477  0.0000E+00  0.8000E+01
     10.623  0.0000E+00  0.8000E+01
     10.768  0.0000E+00  0.8000E+01
     10.914  0.0000E+00  0.8000E+01
     11.060  0.0000E+00  0.8000E+01
     11.205  0.0000E+00  0.8000E+01
     11.351  0.0000E+00  0.8000E+01
     11.496  0.0000E+00  0.8000E+01
     11.642  0.0000E+00  0.8000E+01
     11.788  0.0000E+00  0.8000E+01
     11.933  0.0000E+00  0.8000E+01
     12.079  0.0000E+00  0.8000E+01
     12.224  0.0000E+00  0.8000E+01
     12.370  0.0000E+00  0.8000E+01
     12.516  0.0000E+00  0.8000E+01
     12.661  0.0000E+00  0.8000E+01
     12.807  0.0000E+00  0.8000E+01
     12.952  0.0000E+00  0.8000E+01
     13.098  0.0000E+00  0.8000E+01
     13.244  0.0000E+00  0.8000E+01
     13.389  0.0000E+00  0.8000E+01
     13.535  0.3869E-04  0.8000E+01
     13.681  0.6669E-01  0.8005E+01
     13.826  0.9538E-01  0.8017E+01
     13.972  0.1246E+00  0.8033E+01
     14.117  0.1562E+00  0.8053E+01
     14.263  0.1951E+00  0.8079E+01
     14.409  0.2372E+00  0.8110E+01
     14.554  0.2682E+00  0.8147E+01
     14.700  0.3020E+00  0.8188E+01
     14.845  0.3379E+00  0.8235E+01
     14.991  0.3770E+00  0.8286E+01
     15.137  0.4256E+00  0.8345E+01
     15.282  0.4368E+00  0.8407E+01
     15.428  0.4537E+00  0.8472E+01
     15.573  0.4750E+00  0.8539E+01
     15.719  0.4945E+00  0.8610E+01
     15.865  0.5157E+00  0.8683E+01
     16.010  0.5350E+00  0.8760E+01
     16.156  0.5563E+00  0.8839E+01
     16.301  0.5791E+00  0.8922E+01
     16.447  0.6033E+00  0.9008E+01
     16.593  0.6294E+00  0.9098E+01
     16.738  0.6551E+00  0.9191E+01
     16.884  0.6845E+00  0.9289E+01
     17.029  0.7176E+00  0.9391E+01
     17.175  0.7550E+00  0.9498E+01
     17.321  0.8016E+00  0.9611E+01
     17.466  0.8590E+00  0.9732E+01
     17.612  0.9420E+00  0.9863E+01
     17.757  0.1169E+01  0.1001E+02
     17.903  0.1224E+01  0.1019E+02
     18.049  0.1051E+01  0.1035E+02
     18.194  0.1136E+01  0.1051E+02
     18.340  0.9331E+00  0.1066E+02
     18.486  0.9117E+00  0.1079E+02
     18.631  0.8681E+00  0.1091E+02
     18.777  0.8224E+00  0.1104E+02
     18.922  0.8071E+00  0.1115E+02
     19.068  0.8057E+00  0.1127E+02
     19.214  0.7637E+00  0.1139E+02
     19.359  0.7710E+00  0.1150E+02
     19.505  0.7787E+00  0.1161E+02
     19.650  0.7799E+00  0.1172E+02
     19.796  0.7588E+00  0.1184E+02
     19.942  0.7231E+00  0.1194E+02
     20.087  0.7118E+00  0.1205E+02
     20.233  0.7342E+00  0.1215E+02
     20.378  0.5860E+00  0.1225E+02
     20.524  0.5310E+00  0.1233E+02
     20.670  0.5501E+00  0.1241E+02
     20.815  0.5950E+00  0.1249E+02
     20.961  0.6472E+00  0.1258E+02
     21.106  0.6168E+00  0.1268E+02
     21.252  0.6117E+00  0.1276E+02
     21.398  0.6493E+00  0.1286E+02
     21.543  0.6422E+00  0.1295E+02
     21.689  0.6838E+00  0.1305E+02
     21.834  0.6906E+00  0.1315E+02
     21.980  0.6859E+00  0.1325E+02
     22.126  0.6779E+00  0.1334E+02
     22.271  0.7093E+00  0.1345E+02
     22.417  0.7171E+00  0.1355E+02
     22.562  0.7936E+00  0.1366E+02
     22.708  0.8485E+00  0.1378E+02
     22.854  0.8662E+00  0.1390E+02
     22.999  0.8484E+00  0.1403E+02
     23.145  0.8708E+00  0.1415E+02
     23.291  0.8201E+00  0.1427E+02
     23.436  0.7203E+00  0.1438E+02
     23.582  0.6879E+00  0.1449E+02
     23.727  0.6857E+00  0.1458E+02
     23.873  0.7175E+00  0.1469E+02
     24.019  0.8485E+00  0.1480E+02
     24.164  0.9274E+00  0.1493E+02
     24.310  0.8382E+00  0.1506E+02
     24.455  0.7487E+00  0.1518E+02
     24.601  0.6813E+00  0.1528E+02
     24.747  0.6350E+00  0.1538E+02
     24.892  0.6007E+00  0.1547E+02
     25.038  0.5619E+00  0.1555E+02
     25.183  0.5319E+00  0.1563E+02
     25.329  0.5018E+00  0.1570E+02
     25.475  0.4817E+00  0.1578E+02
     25.620  0.4637E+00  0.1584E+02
     25.766  0.2592E+00  0.1589E+02
     25.911  0.1830E+00  0.1591E+02
     26.057  0.1584E+00  0.1594E+02
     26.203  0.1339E+00  0.1596E+02
     26.348  0.1070E+00  0.1598E+02
     26.494  0.8176E-01  0.1599E+02
     26.639  0.4420E-01  0.1600E+02
     26.785  0.0000E+00  0.1600E+02
     26.931  0.0000E+00  0.1600E+02
     27.076  0.0000E+00  0.1600E+02
     27.222  0.0000E+00  0.1600E+02
     27.367  0.0000E+00  0.1600E+02
     27.513  0.0000E+00  0.1600E+02
     27.659  0.0000E+00  0.1600E+02
     27.804  0.0000E+00  0.1600E+02
     27.950  0.0000E+00  0.1600E+02
     28.095  0.0000E+00  0.1600E+02
     28.241  0.0000E+00  0.1600E+02
     28.387  0.0000E+00  0.1600E+02
     28.532  0.0000E+00  0.1600E+02
     28.678  0.0000E+00  0.1600E+02
     28.67792192    -15.00386195  301     13.53351266      1.00000000
    -15.004  0.0000E+00  0.0000E+00  0.0000E+00  0.0000E+00  0.0000E+00  0.0000E+00  0.0000E+00  0.0000E+00  0.0000E+00
    -14.858  0.0000E+00  0.0000E+00  0.0000E+00  0.0000E+00  0.0000E+00  0.0000E+00  0.0000E+00  0.0000E+00  0.0000E+00
    -14.713  0.0000E+00  0.0000E+00  0.0000E+00  0.0000E+00  0.0000E+00  0.0000E+00  0.0000E+00  0.0000E+00  0.0000E+00
    -14.567  0.0000E+00  0.0000E+00  0.0000E+00  0.0000E+00  0.0000E+00  0.0000E+00  0.0000E+00  0.0000E+00  0.0000E+00
    -14.421  0.0000E+00  0.0000E+00  0.0000E+00  0.0000E+00  0.0000E+00  0.0000E+00  0.0000E+00  0.0000E+00  0.0000E+00
    -14.276  0.0000E+00  0.0000E+00  0.0000E+00  0.0000E+00  0.0000E+00  0.0000E+00  0.0000E+00  0.0000E+00  0.0000E+00
    -14.130  0.0000E+00  0.0000E+00  0.0000E+00  0.0000E+00  0.0000E+00  0.0000E+00  0.0000E+00  0.0000E+00  0.0000E+00
    -13.985  0.0000E+00  0.0000E+00  0.0000E+00  0.0000E+00  0.0000E+00  0.0000E+00  0.0000E+00  0.0000E+00  0.0000E+00
    -13.839  0.0000E+00  0.0000E+00  0.0000E+00  0.0000E+00  0.0000E+00  0.0000E+00  0.0000E+00  0.0000E+00  0.0000E+00
    -13.693  0.0000E+00  0.0000E+00  0.0000E+00  0.0000E+00  0.0000E+00  0.0000E+00  0.0000E+00  0.0000E+00  0.0000E+00
    -13.548  0.0000E+00  0.0000E+00  0.0000E+00  0.0000E+00  0.0000E+00  0.0000E+00  0.0000E+00  0.0000E+00  0.0000E+00
    -13.402  0.0000E+00  0.0000E+00  0.0000E+00  0.0000E+00  0.0000E+00  0.0000E+00  0.0000E+00  0.0000E+00  0.0000E+00
    -13.257  0.0000E+00  0.0000E+00  0.0000E+00  0.0000E+00  0.0000E+00  0.0000E+00  0.0000E+00  0.0000E+00  0.0000E+00
    -13.111  0.0000E+00  0.0000E+00  0.0000E+00  0.0000E+00  0.0000E+00  0.0000E+00  0.0000E+00  0.0000E+00  0.0000E+00
    -12.965  0.5417E-02  0.3433E-05  0.3433E-05  0.3433E-05  0.0000E+00  0.0000E+00  0.0000E+00  0.0000E+00  0.0000E+00
    -12.820  0.1751E-01  0.4360E-04  0.4360E-04  0.4360E-04  0.0000E+00  0.0000E+00  0.0000E+00  0.0000E+00  0.0000E+00
    -12.674  0.1711E-01  0.8353E-04  0.8353E-04  0.8353E-04  0.0000E+00  0.0000E+00  0.0000E+00  0.0000E+00  0.0000E+00
    -12.529  0.2160E-01  0.1513E-03  0.1513E-03  0.1513E-03  0.0000E+00  0.0000E+00  0.0000E+00  0.0000E+00  0.0000E+00
    -12.383  0.2332E-01  0.2170E-03  0.2170E-03  0.2170E-03  0.0000E+00  0.0000E+00  0.0000E+00  0.0000E+00  0.0000E+00
    -12.237  0.2578E-01  0.2985E-03  0.2985E-03  0.2985E-03  0.0000E+00  0.0000E+00  0.0000E+00  0.0000E+00  0.0000E+00
    -12.092  0.2810E-01  0.3871E-03  0.3871E-03  0.3871E-03  0.0000E+00  0.0000E+00  0.0000E+00  0.0000E+00  0.0000E+00
    -11.946  0.3035E-01  0.4810E-03  0.4810E-03  0.4810E-03  0.0000E+00  0.0000E+00  0.0000E+00  0.0000E+00  0.0000E+00
    -11.801  0.3219E-01  0.5856E-03  0.5856E-03  0.5856E-03  0.0000E+00  0.0000E+00  0.0000E+00  0.0000E+00  0.0000E+00
    -11.655  0.3410E-01  0.6935E-03  0.6935E-03  0.6935E-03  0.0000E+00  0.0000E+00  0.0000E+00  0.0000E+00  0.0000E+00
    -11.509  0.3581E-01  0.8089E-03  0.8089E-03  0.8089E-03  0.0000E+00  0.0000E+00  0.0000E+00  0.0000E+00  0.0000E+00
    -11.364  0.3748E-01  0.9291E-03  0.9291E-03  0.9291E-03  0.0000E+00  0.0000E+00  0.0000E+00  0.0000E+00  0.0000E+00
    -11.218  0.3906E-01  0.1055E-02  0.1055E-02  0.1055E-02  0.0000E+00  0.0000E+00  0.0000E+00  0.0000E+00  0.0000E+00
    -11.073  0.4060E-01  0.1186E-02  0.1186E-02  0.1186E-02  0.0000E+00  0.0000E+00  0.0000E+00  0.0000E+00  0.0000E+00
    -10.927  0.4205E-01  0.1322E-02  0.1322E-02  0.1322E-02  0.0000E+00  0.0000E+00  0.0000E+00  0.0000E+00  0.0000E+00
    -10.781  0.4353E-01  0.1461E-02  0.1461E-02  0.1461E-02  0.0000E+00  0.0000E+00  0.0000E+00  0.0000E+00  0.0000E+00
    -10.636  0.4486E-01  0.1608E-02  0.1608E-02  0.1608E-02  0.0000E+00  0.0000E+00  0.0000E+00  0.0000E+00  0.0000E+00
    -10.490  0.4628E-01  0.1755E-02  0.1755E-02  0.1755E-02  0.0000E+00  0.0000E+00  0.0000E+00  0.0000E+00  0.0000E+00
    -10.344  0.4755E-01  0.1912E-02  0.1912E-02  0.1912E-02  0.0000E+00  0.0000E+00  0.0000E+00  0.0000E+00  0.0000E+00
    -10.199  0.4887E-01  0.2069E-02  0.2069E-02  0.2069E-02  0.0000E+00  0.0000E+00  0.0000E+00  0.0000E+00  0.0000E+00
    -10.053  0.5017E-01  0.2231E-02  0.2231E-02  0.2231E-02  0.0000E+00  0.0000E+00  0.0000E+00  0.0000E+00  0.0000E+00
     -9.908  0.5142E-01  0.2400E-02  0.2400E-02  0.2400E-02  0.0000E+00  0.0000E+00  0.0000E+00  0.0000E+00  0.0000E+00
     -9.762  0.5273E-01  0.2568E-02  0.2568E-02  0.2568E-02  0.0000E+00  0.0000E+00  0.0000E+00  0.0000E+00  0.0000E+00
     -9.616  0.5398E-01  0.2744E-02  0.2744E-02  0.2744E-02  0.0000E+00  0.0000E+00  0.0000E+00  0.0000E+00  0.0000E+00
     -9.471  0.5525E-01  0.2923E-02  0.2923E-02  0.2923E-02  0.0000E+00  0.0000E+00  0.0000E+00  0.0000E+00  0.0000E+00
     -9.325  0.5659E-01  0.3101E-02  0.3101E-02  0.3101E-02  0.0000E+00  0.0000E+00  0.0000E+00  0.0000E+00  0.0000E+00
     -9.180  0.5786E-01  0.3291E-02  0.3291E-02  0.3291E-02  0.0000E+00  0.0000E+00  0.0000E+00  0.0000E+00  0.0000E+00
     -9.034  0.5920E-01  0.3481E-02  0.3481E-02  0.3481E-02  0.0000E+00  0.0000E+00  0.0000E+00  0.0000E+00  0.0000E+00
     -8.888  0.6061E-01  0.3672E-02  0.3672E-02  0.3672E-02  0.0000E+00  0.0000E+00  0.0000E+00  0.0000E+00  0.0000E+00
     -8.743  0.6201E-01  0.3875E-02  0.3875E-02  0.3875E-02  0.0000E+00  0.0000E+00  0.0000E+00  0.0000E+00  0.0000E+00
     -8.597  0.6350E-01  0.4078E-02  0.4078E-02  0.4078E-02  0.0000E+00  0.0000E+00  0.0000E+00  0.0000E+00  0.0000E+00
     -8.452  0.6511E-01  0.4281E-02  0.4281E-02  0.4281E-02  0.0000E+00  0.0000E+00  0.0000E+00  0.0000E+00  0.0000E+00
     -8.306  0.6678E-01  0.4499E-02  0.4499E-02  0.4499E-02  0.0000E+00  0.0000E+00  0.0000E+00  0.0000E+00  0.0000E+00
     -8.160  0.6862E-01  0.4719E-02  0.4719E-02  0.4719E-02  0.0000E+00  0.0000E+00  0.0000E+00  0.0000E+00  0.0000E+00
     -8.015  0.7068E-01  0.4941E-02  0.4941E-02  0.4941E-02  0.0000E+00  0.0000E+00  0.0000E+00  0.0000E+00  0.0000E+00
     -7.869  0.7299E-01  0.5182E-02  0.5182E-02  0.5182E-02  0.0000E+00  0.0000E+00  0.0000E+00  0.0000E+00  0.0000E+00
     -7.724  0.7572E-01  0.5435E-02  0.5435E-02  0.5435E-02  0.0000E+00  0.0000E+00  0.0000E+00  0.0000E+00  0.0000E+00
     -7.578  0.7911E-01  0.5704E-02  0.5704E-02  0.5704E-02  0.0000E+00  0.0000E+00  0.0000E+00  0.0000E+00  0.0000E+00
     -7.432  0.8375E-01  0.6022E-02  0.6022E-02  0.6022E-02  0.0000E+00  0.0000E+00  0.0000E+00  0.0000E+00  0.0000E+00
     -7.287  0.9236E-01  0.6482E-02  0.6482E-02  0.6482E-02  0.0000E+00  0.0000E+00  0.0000E+00  0.0000E+00  0.0000E+00
     -7.141  0.9875E-01  0.6856E-02  0.6856E-02  0.6856E-02  0.0000E+00  0.0000E+00  0.0000E+00  0.0000E+00  0.0000E+00
     -6.996  0.9902E-01  0.7019E-02  0.7019E-02  0.7019E-02  0.0000E+00  0.0000E+00  0.0000E+00  0.0000E+00  0.0000E+00
     -6.850  0.9298E-01  0.6922E-02  0.6922E-02  0.6922E-02  0.0000E+00  0.0000E+00  0.0000E+00  0.0000E+00  0.0000E+00
     -6.704  0.9035E-01  0.6946E-02  0.6946E-02  0.6946E-02  0.0000E+00  0.0000E+00  0.0000E+00  0.0000E+00  0.0000E+00
     -6.559  0.8696E-01  0.6912E-02  0.6912E-02  0.6912E-02  0.0000E+00  0.0000E+00  0.0000E+00  0.0000E+00  0.0000E+00
     -6.413  0.8449E-01  0.6938E-02  0.6938E-02  0.6938E-02  0.0000E+00  0.0000E+00  0.0000E+00  0.0000E+00  0.0000E+00
     -6.268  0.8107E-01  0.6879E-02  0.6879E-02  0.6879E-02  0.0000E+00  0.0000E+00  0.0000E+00  0.0000E+00  0.0000E+00
     -6.122  0.7855E-01  0.6855E-02  0.6855E-02  0.6855E-02  0.0000E+00  0.0000E+00  0.0000E+00  0.0000E+00  0.0000E+00
     -5.976  0.7569E-01  0.6816E-02  0.6816E-02  0.6816E-02  0.0000E+00  0.0000E+00  0.0000E+00  0.0000E+00  0.0000E+00
     -5.831  0.7254E-01  0.6732E-02  0.6732E-02  0.6732E-02  0.0000E+00  0.0000E+00  0.0000E+00  0.0000E+00  0.0000E+00
     -5.685  0.6989E-01  0.6666E-02  0.6666E-02  0.6666E-02  0.0000E+00  0.0000E+00  0.0000E+00  0.0000E+00  0.0000E+00
     -5.539  0.6690E-01  0.6575E-02  0.6575E-02  0.6575E-02  0.0000E+00  0.0000E+00  0.0000E+00  0.0000E+00  0.0000E+00
     -5.394  0.6417E-01  0.6475E-02  0.6475E-02  0.6475E-02  0.0000E+00  0.0000E+00  0.0000E+00  0.0000E+00  0.0000E+00
     -5.248  0.6105E-01  0.6341E-02  0.6341E-02  0.6341E-02  0.0000E+00  0.0000E+00  0.0000E+00  0.0000E+00  0.0000E+00
     -5.103  0.5837E-01  0.6224E-02  0.6224E-02  0.6224E-02  0.0000E+00  0.0000E+00  0.0000E+00  0.0000E+00  0.0000E+00
     -4.957  0.5511E-01  0.6048E-02  0.6048E-02  0.6048E-02  0.0000E+00  0.0000E+00  0.0000E+00  0.0000E+00  0.0000E+00
     -4.811  0.5230E-01  0.5892E-02  0.5892E-02  0.5892E-02  0.0000E+00  0.0000E+00  0.0000E+00  0.0000E+00  0.0000E+00
     -4.666  0.4906E-01  0.5688E-02  0.5688E-02  0.5688E-02  0.0000E+00  0.0000E+00  0.0000E+00  0.0000E+00  0.0000E+00
     -4.520  0.4601E-01  0.5488E-02  0.5488E-02  0.5488E-02  0.0000E+00  0.0000E+00  0.0000E+00  0.0000E+00  0.0000E+00
     -4.375  0.4633E-01  0.7235E-02  0.7235E-02  0.7235E-02  0.0000E+00  0.0000E+00  0.0000E+00  0.0000E+00  0.0000E+00
     -4.229  0.4814E-01  0.9654E-02  0.9654E-02  0.9654E-02  0.0000E+00  0.0000E+00  0.0000E+00  0.0000E+00  0.0000E+00
     -4.083  0.3800E-01  0.9779E-02  0.9779E-02  0.9779E-02  0.0000E+00  0.0000E+00  0.0000E+00  0.0000E+00  0.0000E+00
     -3.938  0.2769E-01  0.9455E-02  0.9455E-02  0.9455E-02  0.0000E+00  0.0000E+00  0.0000E+00  0.0000E+00  0.0000E+00
     -3.792  0.2732E-01  0.1029E-01  0.1029E-01  0.1029E-01  0.0000E+00  0.0000E+00  0.0000E+00  0.0000E+00  0.0000E+00
     -3.647  0.2862E-01  0.1163E-01  0.1163E-01  0.1163E-01  0.0000E+00  0.0000E+00  0.0000E+00  0.0000E+00  0.0000E+00
     -3.501  0.3276E-01  0.1322E-01  0.1322E-01  0.1322E-01  0.0000E+00  0.0000E+00  0.0000E+00  0.0000E+00  0.0000E+00
     -3.355  0.4033E-01  0.1547E-01  0.1547E-01  0.1547E-01  0.0000E+00  0.0000E+00  0.0000E+00  0.0000E+00  0.0000E+00
     -3.210  0.5032E-01  0.1810E-01  0.1810E-01  0.1810E-01  0.0000E+00  0.0000E+00  0.0000E+00  0.0000E+00  0.0000E+00
     -3.064  0.6187E-01  0.2121E-01  0.2121E-01  0.2121E-01  0.0000E+00  0.0000E+00  0.0000E+00  0.0000E+00  0.0000E+00
     -2.919  0.7668E-01  0.2522E-01  0.2522E-01  0.2522E-01  0.0000E+00  0.0000E+00  0.0000E+00  0.0000E+00  0.0000E+00
     -2.773  0.1132E+00  0.3549E-01  0.3549E-01  0.3549E-01  0.0000E+00  0.0000E+00  0.0000E+00  0.0000E+00  0.0000E+00
     -2.627  0.1151E+00  0.3515E-01  0.3515E-01  0.3515E-01  0.0000E+00  0.0000E+00  0.0000E+00  0.0000E+00  0.0000E+00
     -2.482  0.8339E-01  0.2642E-01  0.2642E-01  0.2642E-01  0.0000E+00  0.0000E+00  0.0000E+00  0.0000E+00  0.0000E+00
     -2.336  0.7219E-01  0.2342E-01  0.2342E-01  0.2342E-01  0.0000E+00  0.0000E+00  0.0000E+00  0.0000E+00  0.0000E+00
     -2.191  0.6611E-01  0.2181E-01  0.2181E-01  0.2181E-01  0.0000E+00  0.0000E+00  0.0000E+00  0.0000E+00  0.0000E+00
     -2.045  0.6028E-01  0.2034E-01  0.2034E-01  0.2034E-01  0.0000E+00  0.0000E+00  0.0000E+00  0.0000E+00  0.0000E+00
     -1.899  0.5672E-01  0.1948E-01  0.1948E-01  0.1948E-01  0.0000E+00  0.0000E+00  0.0000E+00  0.0000E+00  0.0000E+00
     -1.754  0.5225E-01  0.1841E-01  0.1841E-01  0.1841E-01  0.0000E+00  0.0000E+00  0.0000E+00  0.0000E+00  0.0000E+00
     -1.608  0.4976E-01  0.1785E-01  0.1785E-01  0.1785E-01  0.0000E+00  0.0000E+00  0.0000E+00  0.0000E+00  0.0000E+00
     -1.463  0.4626E-01  0.1703E-01  0.1703E-01  0.1703E-01  0.0000E+00  0.0000E+00  0.0000E+00  0.0000E+00  0.0000E+00
     -1.317  0.4401E-01  0.1655E-01  0.1655E-01  0.1655E-01  0.0000E+00  0.0000E+00  0.0000E+00  0.0000E+00  0.0000E+00
     -1.171  0.4174E-01  0.1606E-01  0.1606E-01  0.1606E-01  0.0000E+00  0.0000E+00  0.0000E+00  0.0000E+00  0.0000E+00
     -1.026  0.3902E-01  0.1542E-01  0.1542E-01  0.1542E-01  0.0000E+00  0.0000E+00  0.0000E+00  0.0000E+00  0.0000E+00
     -0.880  0.3736E-01  0.1509E-01  0.1509E-01  0.1509E-01  0.0000E+00  0.0000E+00  0.0000E+00  0.0000E+00  0.0000E+00
     -0.734  0.3495E-01  0.1452E-01  0.1452E-01  0.1452E-01  0.0000E+00  0.0000E+00  0.0000E+00  0.0000E+00  0.0000E+00
     -0.589  0.3330E-01  0.1416E-01  0.1416E-01  0.1416E-01  0.0000E+00  0.0000E+00  0.0000E+00  0.0000E+00  0.0000E+00
     -0.443  0.3180E-01  0.1386E-01  0.1386E-01  0.1386E-01  0.0000E+00  0.0000E+00  0.0000E+00  0.0000E+00  0.0000E+00
     -0.298  0.2985E-01  0.1558E-01  0.1558E-01  0.1558E-01  0.0000E+00  0.0000E+00  0.0000E+00  0.0000E+00  0.0000E+00
     -0.152  0.2995E-01  0.2320E-01  0.2320E-01  0.2320E-01  0.0000E+00  0.0000E+00  0.0000E+00  0.0000E+00  0.0000E+00
     -0.006  0.2956E-01  0.2645E-01  0.2645E-01  0.2645E-01  0.0000E+00  0.0000E+00  0.0000E+00  0.0000E+00  0.0000E+00
      0.139  0.2902E-01  0.3025E-01  0.3025E-01  0.3025E-01  0.0000E+00  0.0000E+00  0.0000E+00  0.0000E+00  0.0000E+00
      0.285  0.2966E-01  0.3523E-01  0.3523E-01  0.3523E-01  0.0000E+00  0.0000E+00  0.0000E+00  0.0000E+00  0.0000E+00
      0.430  0.3097E-01  0.4317E-01  0.4317E-01  0.4317E-01  0.0000E+00  0.0000E+00  0.0000E+00  0.0000E+00  0.0000E+00
      0.576  0.3032E-01  0.4149E-01  0.4149E-01  0.4149E-01  0.0000E+00  0.0000E+00  0.0000E+00  0.0000E+00  0.0000E+00
      0.722  0.3044E-01  0.4077E-01  0.4077E-01  0.4077E-01  0.0000E+00  0.0000E+00  0.0000E+00  0.0000E+00  0.0000E+00
      0.867  0.3025E-01  0.3992E-01  0.3992E-01  0.3992E-01  0.0000E+00  0.0000E+00  0.0000E+00  0.0000E+00  0.0000E+00
      1.013  0.2962E-01  0.4031E-01  0.4031E-01  0.4031E-01  0.0000E+00  0.0000E+00  0.0000E+00  0.0000E+00  0.0000E+00
      1.158  0.2925E-01  0.4037E-01  0.4037E-01  0.4037E-01  0.0000E+00  0.0000E+00  0.0000E+00  0.0000E+00  0.0000E+00
      1.304  0.2907E-01  0.4227E-01  0.4227E-01  0.4227E-01  0.0000E+00  0.0000E+00  0.0000E+00  0.0000E+00  0.0000E+00
      1.450  0.2840E-01  0.4250E-01  0.4250E-01  0.4250E-01  0.0000E+00  0.0000E+00  0.0000E+00  0.0000E+00  0.0000E+00
      1.595  0.2768E-01  0.4380E-01  0.4380E-01  0.4380E-01  0.0000E+00  0.0000E+00  0.0000E+00  0.0000E+00  0.0000E+00
      1.741  0.2741E-01  0.4572E-01  0.4572E-01  0.4572E-01  0.0000E+00  0.0000E+00  0.0000E+00  0.0000E+00  0.0000E+00
      1.886  0.2676E-01  0.4682E-01  0.4682E-01  0.4682E-01  0.0000E+00  0.0000E+00  0.0000E+00  0.0000E+00  0.0000E+00
      2.032  0.2590E-01  0.4940E-01  0.4940E-01  0.4940E-01  0.0000E+00  0.0000E+00  0.0000E+00  0.0000E+00  0.0000E+00
      2.178  0.2545E-01  0.5114E-01  0.5114E-01  0.5114E-01  0.0000E+00  0.0000E+00  0.0000E+00  0.0000E+00  0.0000E+00
      2.323  0.2490E-01  0.5416E-01  0.5416E-01  0.5416E-01  0.0000E+00  0.0000E+00  0.0000E+00  0.0000E+00  0.0000E+00
      2.469  0.2413E-01  0.5738E-01  0.5738E-01  0.5738E-01  0.0000E+00  0.0000E+00  0.0000E+00  0.0000E+00  0.0000E+00
      2.614  0.2333E-01  0.6240E-01  0.6240E-01  0.6240E-01  0.0000E+00  0.0000E+00  0.0000E+00  0.0000E+00  0.0000E+00
      2.760  0.2272E-01  0.6859E-01  0.6859E-01  0.6859E-01  0.0000E+00  0.0000E+00  0.0000E+00  0.0000E+00  0.0000E+00
      2.906  0.2197E-01  0.7738E-01  0.7738E-01  0.7738E-01  0.0000E+00  0.0000E+00  0.0000E+00  0.0000E+00  0.0000E+00
      3.051  0.2094E-01  0.7557E-01  0.7557E-01  0.7557E-01  0.0000E+00  0.0000E+00  0.0000E+00  0.0000E+00  0.0000E+00
      3.197  0.2021E-01  0.7440E-01  0.7440E-01  0.7440E-01  0.0000E+00  0.0000E+00  0.0000E+00  0.0000E+00  0.0000E+00
      3.342  0.1957E-01  0.7415E-01  0.7415E-01  0.7415E-01  0.0000E+00  0.0000E+00  0.0000E+00  0.0000E+00  0.0000E+00
      3.488  0.1878E-01  0.7386E-01  0.7386E-01  0.7386E-01  0.0000E+00  0.0000E+00  0.0000E+00  0.0000E+00  0.0000E+00
      3.634  0.1780E-01  0.7330E-01  0.7330E-01  0.7330E-01  0.0000E+00  0.0000E+00  0.0000E+00  0.0000E+00  0.0000E+00
      3.779  0.1718E-01  0.7302E-01  0.7302E-01  0.7302E-01  0.0000E+00  0.0000E+00  0.0000E+00  0.0000E+00  0.0000E+00
      3.925  0.1655E-01  0.7292E-01  0.7292E-01  0.7292E-01  0.0000E+00  0.0000E+00  0.0000E+00  0.0000E+00  0.0000E+00
      4.071  0.1574E-01  0.7256E-01  0.7256E-01  0.7256E-01  0.0000E+00  0.0000E+00  0.0000E+00  0.0000E+00  0.0000E+00
      4.216  0.1488E-01  0.7198E-01  0.7198E-01  0.7198E-01  0.0000E+00  0.0000E+00  0.0000E+00  0.0000E+00  0.0000E+00
      4.362  0.1427E-01  0.7213E-01  0.7213E-01  0.7213E-01  0.0000E+00  0.0000E+00  0.0000E+00  0.0000E+00  0.0000E+00
      4.507  0.1356E-01  0.7178E-01  0.7178E-01  0.7178E-01  0.0000E+00  0.0000E+00  0.0000E+00  0.0000E+00  0.0000E+00
      4.653  0.1279E-01  0.7144E-01  0.7144E-01  0.7144E-01  0.0000E+00  0.0000E+00  0.0000E+00  0.0000E+00  0.0000E+00
      4.799  0.1208E-01  0.7129E-01  0.7129E-01  0.7129E-01  0.0000E+00  0.0000E+00  0.0000E+00  0.0000E+00  0.0000E+00
      4.944  0.1156E-01  0.7096E-01  0.7096E-01  0.7096E-01  0.0000E+00  0.0000E+00  0.0000E+00  0.0000E+00  0.0000E+00
      5.090  0.1090E-01  0.7081E-01  0.7081E-01  0.7081E-01  0.0000E+00  0.0000E+00  0.0000E+00  0.0000E+00  0.0000E+00
      5.235  0.1021E-01  0.7037E-01  0.7037E-01  0.7037E-01  0.0000E+00  0.0000E+00  0.0000E+00  0.0000E+00  0.0000E+00
      5.381  0.9475E-02  0.7014E-01  0.7014E-01  0.7014E-01  0.0000E+00  0.0000E+00  0.0000E+00  0.0000E+00  0.0000E+00
      5.527  0.8885E-02  0.6989E-01  0.6989E-01  0.6989E-01  0.0000E+00  0.0000E+00  0.0000E+00  0.0000E+00  0.0000E+00
      5.672  0.8258E-02  0.6971E-01  0.6971E-01  0.6971E-01  0.0000E+00  0.0000E+00  0.0000E+00  0.0000E+00  0.0000E+00
      5.818  0.7631E-02  0.6942E-01  0.6942E-01  0.6942E-01  0.0000E+00  0.0000E+00  0.0000E+00  0.0000E+00  0.0000E+00
      5.963  0.6996E-02  0.6917E-01  0.6917E-01  0.6917E-01  0.0000E+00  0.0000E+00  0.0000E+00  0.0000E+00  0.0000E+00
      6.109  0.6477E-02  0.6883E-01  0.6883E-01  0.6883E-01  0.0000E+00  0.0000E+00  0.0000E+00  0.0000E+00  0.0000E+00
      6.255  0.5917E-02  0.6862E-01  0.6862E-01  0.6862E-01  0.0000E+00  0.0000E+00  0.0000E+00  0.0000E+00  0.0000E+00
      6.400  0.5335E-02  0.6495E-01  0.6495E-01  0.6495E-01  0.0000E+00  0.0000E+00  0.0000E+00  0.0000E+00  0.0000E+00
      6.546  0.4769E-02  0.5327E-01  0.5327E-01  0.5327E-01  0.0000E+00  0.0000E+00  0.0000E+00  0.0000E+00  0.0000E+00
      6.691  0.4346E-02  0.4690E-01  0.4690E-01  0.4690E-01  0.0000E+00  0.0000E+00  0.0000E+00  0.0000E+00  0.0000E+00
      6.837  0.3939E-02  0.4260E-01  0.4260E-01  0.4260E-01  0.0000E+00  0.0000E+00  0.0000E+00  0.0000E+00  0.0000E+00
      6.983  0.3513E-02  0.3890E-01  0.3890E-01  0.3890E-01  0.0000E+00  0.0000E+00  0.0000E+00  0.0000E+00  0.0000E+00
      7.128  0.3126E-02  0.3555E-01  0.3555E-01  0.3555E-01  0.0000E+00  0.0000E+00  0.0000E+00  0.0000E+00  0.0000E+00
      7.274  0.2825E-02  0.3286E-01  0.3286E-01  0.3286E-01  0.0000E+00  0.0000E+00  0.0000E+00  0.0000E+00  0.0000E+00
      7.419  0.2497E-02  0.3020E-01  0.3020E-01  0.3020E-01  0.0000E+00  0.0000E+00  0.0000E+00  0.0000E+00  0.0000E+00
      7.565  0.2158E-02  0.2767E-01  0.2767E-01  0.2767E-01  0.0000E+00  0.0000E+00  0.0000E+00  0.0000E+00  0.0000E+00
      7.711  0.1896E-02  0.2551E-01  0.2551E-01  0.2551E-01  0.0000E+00  0.0000E+00  0.0000E+00  0.0000E+00  0.0000E+00
      7.856  0.1632E-02  0.2333E-01  0.2333E-01  0.2333E-01  0.0000E+00  0.0000E+00  0.0000E+00  0.0000E+00  0.0000E+00
      8.002  0.1385E-02  0.2121E-01  0.2121E-01  0.2121E-01  0.0000E+00  0.0000E+00  0.0000E+00  0.0000E+00  0.0000E+00
      8.147  0.1136E-02  0.1926E-01  0.1926E-01  0.1926E-01  0.0000E+00  0.0000E+00  0.0000E+00  0.0000E+00  0.0000E+00
      8.293  0.9220E-03  0.1734E-01  0.1734E-01  0.1734E-01  0.0000E+00  0.0000E+00  0.0000E+00  0.0000E+00  0.0000E+00
      8.439  0.7419E-03  0.1538E-01  0.1538E-01  0.1538E-01  0.0000E+00  0.0000E+00  0.0000E+00  0.0000E+00  0.0000E+00
      8.584  0.5421E-03  0.1349E-01  0.1349E-01  0.1349E-01  0.0000E+00  0.0000E+00  0.0000E+00  0.0000E+00  0.0000E+00
      8.730  0.3860E-03  0.1159E-01  0.1159E-01  0.1159E-01  0.0000E+00  0.0000E+00  0.0000E+00  0.0000E+00  0.0000E+00
      8.876  0.2504E-03  0.9611E-02  0.9611E-02  0.9611E-02  0.0000E+00  0.0000E+00  0.0000E+00  0.0000E+00  0.0000E+00
      9.021  0.1357E-03  0.7301E-02  0.7301E-02  0.7301E-02  0.0000E+00  0.0000E+00  0.0000E+00  0.0000E+00  0.0000E+00
      9.167  0.4498E-04  0.5136E-02  0.5136E-02  0.5136E-02  0.0000E+00  0.0000E+00  0.0000E+00  0.0000E+00  0.0000E+00
      9.312  0.5796E-05  0.6153E-03  0.6153E-03  0.6153E-03  0.0000E+00  0.0000E+00  0.0000E+00  0.0000E+00  0.0000E+00
      9.458  0.0000E+00  0.0000E+00  0.0000E+00  0.0000E+00  0.0000E+00  0.0000E+00  0.0000E+00  0.0000E+00  0.0000E+00
      9.604  0.0000E+00  0.0000E+00  0.0000E+00  0.0000E+00  0.0000E+00  0.0000E+00  0.0000E+00  0.0000E+00  0.0000E+00
      9.749  0.0000E+00  0.0000E+00  0.0000E+00  0.0000E+00  0.0000E+00  0.0000E+00  0.0000E+00  0.0000E+00  0.0000E+00
      9.895  0.0000E+00  0.0000E+00  0.0000E+00  0.0000E+00  0.0000E+00  0.0000E+00  0.0000E+00  0.0000E+00  0.0000E+00
     10.040  0.0000E+00  0.0000E+00  0.0000E+00  0.0000E+00  0.0000E+00  0.0000E+00  0.0000E+00  0.0000E+00  0.0000E+00
     10.186  0.0000E+00  0.0000E+00  0.0000E+00  0.0000E+00  0.0000E+00  0.0000E+00  0.0000E+00  0.0000E+00  0.0000E+00
     10.332  0.0000E+00  0.0000E+00  0.0000E+00  0.0000E+00  0.0000E+00  0.0000E+00  0.0000E+00  0.0000E+00  0.0000E+00
     10.477  0.0000E+00  0.0000E+00  0.0000E+00  0.0000E+00  0.0000E+00  0.0000E+00  0.0000E+00  0.0000E+00  0.0000E+00
     10.623  0.0000E+00  0.0000E+00  0.0000E+00  0.0000E+00  0.0000E+00  0.0000E+00  0.0000E+00  0.0000E+00  0.0000E+00
     10.768  0.0000E+00  0.0000E+00  0.0000E+00  0.0000E+00  0.0000E+00  0.0000E+00  0.0000E+00  0.0000E+00  0.0000E+00
     10.914  0.0000E+00  0.0000E+00  0.0000E+00  0.0000E+00  0.0000E+00  0.0000E+00  0.0000E+00  0.0000E+00  0.0000E+00
     11.060  0.0000E+00  0.0000E+00  0.0000E+00  0.0000E+00  0.0000E+00  0.0000E+00  0.0000E+00  0.0000E+00  0.0000E+00
     11.205  0.0000E+00  0.0000E+00  0.0000E+00  0.0000E+00  0.0000E+00  0.0000E+00  0.0000E+00  0.0000E+00  0.0000E+00
     11.351  0.0000E+00  0.0000E+00  0.0000E+00  0.0000E+00  0.0000E+00  0.0000E+00  0.0000E+00  0.0000E+00  0.0000E+00
     11.496  0.0000E+00  0.0000E+00  0.0000E+00  0.0000E+00  0.0000E+00  0.0000E+00  0.0000E+00  0.0000E+00  0.0000E+00
     11.642  0.0000E+00  0.0000E+00  0.0000E+00  0.0000E+00  0.0000E+00  0.0000E+00  0.0000E+00  0.0000E+00  0.0000E+00
     11.788  0.0000E+00  0.0000E+00  0.0000E+00  0.0000E+00  0.0000E+00  0.0000E+00  0.0000E+00  0.0000E+00  0.0000E+00
     11.933  0.0000E+00  0.0000E+00  0.0000E+00  0.0000E+00  0.0000E+00  0.0000E+00  0.0000E+00  0.0000E+00  0.0000E+00
     12.079  0.0000E+00  0.0000E+00  0.0000E+00  0.0000E+00  0.0000E+00  0.0000E+00  0.0000E+00  0.0000E+00  0.0000E+00
     12.224  0.0000E+00  0.0000E+00  0.0000E+00  0.0000E+00  0.0000E+00  0.0000E+00  0.0000E+00  0.0000E+00  0.0000E+00
     12.370  0.0000E+00  0.0000E+00  0.0000E+00  0.0000E+00  0.0000E+00  0.0000E+00  0.0000E+00  0.0000E+00  0.0000E+00
     12.516  0.0000E+00  0.0000E+00  0.0000E+00  0.0000E+00  0.0000E+00  0.0000E+00  0.0000E+00  0.0000E+00  0.0000E+00
     12.661  0.0000E+00  0.0000E+00  0.0000E+00  0.0000E+00  0.0000E+00  0.0000E+00  0.0000E+00  0.0000E+00  0.0000E+00
     12.807  0.0000E+00  0.0000E+00  0.0000E+00  0.0000E+00  0.0000E+00  0.0000E+00  0.0000E+00  0.0000E+00  0.0000E+00
     12.952  0.0000E+00  0.0000E+00  0.0000E+00  0.0000E+00  0.0000E+00  0.0000E+00  0.0000E+00  0.0000E+00  0.0000E+00
     13.098  0.0000E+00  0.0000E+00  0.0000E+00  0.0000E+00  0.0000E+00  0.0000E+00  0.0000E+00  0.0000E+00  0.0000E+00
     13.244  0.0000E+00  0.0000E+00  0.0000E+00  0.0000E+00  0.0000E+00  0.0000E+00  0.0000E+00  0.0000E+00  0.0000E+00
     13.389  0.0000E+00  0.0000E+00  0.0000E+00  0.0000E+00  0.0000E+00  0.0000E+00  0.0000E+00  0.0000E+00  0.0000E+00
     13.535  0.3979E-05  0.1350E-05  0.1350E-05  0.1350E-05  0.0000E+00  0.0000E+00  0.0000E+00  0.0000E+00  0.0000E+00
     13.681  0.6679E-02  0.2432E-02  0.2432E-02  0.2432E-02  0.0000E+00  0.0000E+00  0.0000E+00  0.0000E+00  0.0000E+00
     13.826  0.9254E-02  0.3645E-02  0.3645E-02  0.3645E-02  0.0000E+00  0.0000E+00  0.0000E+00  0.0000E+00  0.0000E+00
     13.972  0.1176E-01  0.4934E-02  0.4934E-02  0.4934E-02  0.0000E+00  0.0000E+00  0.0000E+00  0.0000E+00  0.0000E+00
     14.117  0.1437E-01  0.6361E-02  0.6361E-02  0.6361E-02  0.0000E+00  0.0000E+00  0.0000E+00  0.0000E+00  0.0000E+00
     14.263  0.1765E-01  0.8023E-02  0.8023E-02  0.8023E-02  0.0000E+00  0.0000E+00  0.0000E+00  0.0000E+00  0.0000E+00
     14.409  0.2104E-01  0.9879E-02  0.9879E-02  0.9879E-02  0.0000E+00  0.0000E+00  0.0000E+00  0.0000E+00  0.0000E+00
     14.554  0.2296E-01  0.1164E-01  0.1164E-01  0.1164E-01  0.0000E+00  0.0000E+00  0.0000E+00  0.0000E+00  0.0000E+00
     14.700  0.2490E-01  0.1365E-01  0.1365E-01  0.1365E-01  0.0000E+00  0.0000E+00  0.0000E+00  0.0000E+00  0.0000E+00
     14.845  0.2626E-01  0.1626E-01  0.1626E-01  0.1626E-01  0.0000E+00  0.0000E+00  0.0000E+00  0.0000E+00  0.0000E+00
     14.991  0.2755E-01  0.1919E-01  0.1919E-01  0.1919E-01  0.0000E+00  0.0000E+00  0.0000E+00  0.0000E+00  0.0000E+00
     15.137  0.2873E-01  0.2313E-01  0.2313E-01  0.2313E-01  0.0000E+00  0.0000E+00  0.0000E+00  0.0000E+00  0.0000E+00
     15.282  0.2944E-01  0.2375E-01  0.2375E-01  0.2375E-01  0.0000E+00  0.0000E+00  0.0000E+00  0.0000E+00  0.0000E+00
     15.428  0.3021E-01  0.2489E-01  0.2489E-01  0.2489E-01  0.0000E+00  0.0000E+00  0.0000E+00  0.0000E+00  0.0000E+00
     15.573  0.3103E-01  0.2643E-01  0.2643E-01  0.2643E-01  0.0000E+00  0.0000E+00  0.0000E+00  0.0000E+00  0.0000E+00
     15.719  0.3182E-01  0.2783E-01  0.2783E-01  0.2783E-01  0.0000E+00  0.0000E+00  0.0000E+00  0.0000E+00  0.0000E+00
     15.865  0.3256E-01  0.2944E-01  0.2944E-01  0.2944E-01  0.0000E+00  0.0000E+00  0.0000E+00  0.0000E+00  0.0000E+00
     16.010  0.3314E-01  0.3100E-01  0.3100E-01  0.3100E-01  0.0000E+00  0.0000E+00  0.0000E+00  0.0000E+00  0.0000E+00
     16.156  0.3382E-01  0.3269E-01  0.3269E-01  0.3269E-01  0.0000E+00  0.0000E+00  0.0000E+00  0.0000E+00  0.0000E+00
     16.301  0.3456E-01  0.3452E-01  0.3452E-01  0.3452E-01  0.0000E+00  0.0000E+00  0.0000E+00  0.0000E+00  0.0000E+00
     16.447  0.3539E-01  0.3645E-01  0.3645E-01  0.3645E-01  0.0000E+00  0.0000E+00  0.0000E+00  0.0000E+00  0.0000E+00
     16.593  0.3622E-01  0.3859E-01  0.3859E-01  0.3859E-01  0.0000E+00  0.0000E+00  0.0000E+00  0.0000E+00  0.0000E+00
     16.738  0.3706E-01  0.4077E-01  0.4077E-01  0.4077E-01  0.0000E+00  0.0000E+00  0.0000E+00  0.0000E+00  0.0000E+00
     16.884  0.3804E-01  0.4322E-01  0.4322E-01  0.4322E-01  0.0000E+00  0.0000E+00  0.0000E+00  0.0000E+00  0.0000E+00
     17.029  0.3933E-01  0.4593E-01  0.4593E-01  0.4593E-01  0.0000E+00  0.0000E+00  0.0000E+00  0.0000E+00  0.0000E+00
     17.175  0.4081E-01  0.4896E-01  0.4896E-01  0.4896E-01  0.0000E+00  0.0000E+00  0.0000E+00  0.0000E+00  0.0000E+00
     17.321  0.4270E-01  0.5275E-01  0.5275E-01  0.5275E-01  0.0000E+00  0.0000E+00  0.0000E+00  0.0000E+00  0.0000E+00
     17.466  0.4512E-01  0.5726E-01  0.5726E-01  0.5726E-01  0.0000E+00  0.0000E+00  0.0000E+00  0.0000E+00  0.0000E+00
     17.612  0.4918E-01  0.6341E-01  0.6341E-01  0.6341E-01  0.0000E+00  0.0000E+00  0.0000E+00  0.0000E+00  0.0000E+00
     17.757  0.5880E-01  0.7958E-01  0.7958E-01  0.7958E-01  0.0000E+00  0.0000E+00  0.0000E+00  0.0000E+00  0.0000E+00
     17.903  0.6989E-01  0.8361E-01  0.8361E-01  0.8361E-01  0.0000E+00  0.0000E+00  0.0000E+00  0.0000E+00  0.0000E+00
     18.049  0.8554E-01  0.6683E-01  0.6683E-01  0.6683E-01  0.0000E+00  0.0000E+00  0.0000E+00  0.0000E+00  0.0000E+00
     18.194  0.8634E-01  0.7584E-01  0.7584E-01  0.7584E-01  0.0000E+00  0.0000E+00  0.0000E+00  0.0000E+00  0.0000E+00
     18.340  0.6765E-01  0.6297E-01  0.6297E-01  0.6297E-01  0.0000E+00  0.0000E+00  0.0000E+00  0.0000E+00  0.0000E+00
     18.486  0.6661E-01  0.6167E-01  0.6167E-01  0.6167E-01  0.0000E+00  0.0000E+00  0.0000E+00  0.0000E+00  0.0000E+00
     18.631  0.6331E-01  0.5890E-01  0.5890E-01  0.5890E-01  0.0000E+00  0.0000E+00  0.0000E+00  0.0000E+00  0.0000E+00
     18.777  0.5807E-01  0.5663E-01  0.5663E-01  0.5663E-01  0.0000E+00  0.0000E+00  0.0000E+00  0.0000E+00  0.0000E+00
     18.922  0.5617E-01  0.5590E-01  0.5590E-01  0.5590E-01  0.0000E+00  0.0000E+00  0.0000E+00  0.0000E+00  0.0000E+00
     19.068  0.5567E-01  0.5615E-01  0.5615E-01  0.5615E-01  0.0000E+00  0.0000E+00  0.0000E+00  0.0000E+00  0.0000E+00
     19.214  0.5040E-01  0.5386E-01  0.5386E-01  0.5386E-01  0.0000E+00  0.0000E+00  0.0000E+00  0.0000E+00  0.0000E+00
     19.359  0.5068E-01  0.5449E-01  0.5449E-01  0.5449E-01  0.0000E+00  0.0000E+00  0.0000E+00  0.0000E+00  0.0000E+00
     19.505  0.4886E-01  0.5530E-01  0.5530E-01  0.5530E-01  0.0000E+00  0.0000E+00  0.0000E+00  0.0000E+00  0.0000E+00
     19.650  0.4697E-01  0.5570E-01  0.5570E-01  0.5570E-01  0.0000E+00  0.0000E+00  0.0000E+00  0.0000E+00  0.0000E+00
     19.796  0.4544E-01  0.5484E-01  0.5484E-01  0.5484E-01  0.0000E+00  0.0000E+00  0.0000E+00  0.0000E+00  0.0000E+00
     19.942  0.4327E-01  0.5292E-01  0.5292E-01  0.5292E-01  0.0000E+00  0.0000E+00  0.0000E+00  0.0000E+00  0.0000E+00
     20.087  0.4336E-01  0.5252E-01  0.5252E-01  0.5252E-01  0.0000E+00  0.0000E+00  0.0000E+00  0.0000E+00  0.0000E+00
     20.233  0.4641E-01  0.5429E-01  0.5429E-01  0.5429E-01  0.0000E+00  0.0000E+00  0.0000E+00  0.0000E+00  0.0000E+00
     20.378  0.3566E-01  0.4470E-01  0.4470E-01  0.4470E-01  0.0000E+00  0.0000E+00  0.0000E+00  0.0000E+00  0.0000E+00
     20.524  0.3088E-01  0.4155E-01  0.4155E-01  0.4155E-01  0.0000E+00  0.0000E+00  0.0000E+00  0.0000E+00  0.0000E+00
     20.670  0.3424E-01  0.4258E-01  0.4258E-01  0.4258E-01  0.0000E+00  0.0000E+00  0.0000E+00  0.0000E+00  0.0000E+00
     20.815  0.3976E-01  0.4558E-01  0.4558E-01  0.4558E-01  0.0000E+00  0.0000E+00  0.0000E+00  0.0000E+00  0.0000E+00
     20.961  0.4728E-01  0.4932E-01  0.4932E-01  0.4932E-01  0.0000E+00  0.0000E+00  0.0000E+00  0.0000E+00  0.0000E+00
     21.106  0.4612E-01  0.4722E-01  0.4722E-01  0.4722E-01  0.0000E+00  0.0000E+00  0.0000E+00  0.0000E+00  0.0000E+00
     21.252  0.4753E-01  0.4680E-01  0.4680E-01  0.4680E-01  0.0000E+00  0.0000E+00  0.0000E+00  0.0000E+00  0.0000E+00
     21.398  0.5261E-01  0.4957E-01  0.4957E-01  0.4957E-01  0.0000E+00  0.0000E+00  0.0000E+00  0.0000E+00  0.0000E+00
     21.543  0.5120E-01  0.4963E-01  0.4963E-01  0.4963E-01  0.0000E+00  0.0000E+00  0.0000E+00  0.0000E+00  0.0000E+00
     21.689  0.5599E-01  0.5306E-01  0.5306E-01  0.5306E-01  0.0000E+00  0.0000E+00  0.0000E+00  0.0000E+00  0.0000E+00
     21.834  0.5576E-01  0.5399E-01  0.5399E-01  0.5399E-01  0.0000E+00  0.0000E+00  0.0000E+00  0.0000E+00  0.0000E+00
     21.980  0.5561E-01  0.5400E-01  0.5400E-01  0.5400E-01  0.0000E+00  0.0000E+00  0.0000E+00  0.0000E+00  0.0000E+00
     22.126  0.5546E-01  0.5354E-01  0.5354E-01  0.5354E-01  0.0000E+00  0.0000E+00  0.0000E+00  0.0000E+00  0.0000E+00
     22.271  0.5831E-01  0.5648E-01  0.5648E-01  0.5648E-01  0.0000E+00  0.0000E+00  0.0000E+00  0.0000E+00  0.0000E+00
     22.417  0.6390E-01  0.5618E-01  0.5618E-01  0.5618E-01  0.0000E+00  0.0000E+00  0.0000E+00  0.0000E+00  0.0000E+00
     22.562  0.8797E-01  0.5822E-01  0.5822E-01  0.5822E-01  0.0000E+00  0.0000E+00  0.0000E+00  0.0000E+00  0.0000E+00
     22.708  0.1037E+00  0.6020E-01  0.6020E-01  0.6020E-01  0.0000E+00  0.0000E+00  0.0000E+00  0.0000E+00  0.0000E+00
     22.854  0.9265E-01  0.6573E-01  0.6573E-01  0.6573E-01  0.0000E+00  0.0000E+00  0.0000E+00  0.0000E+00  0.0000E+00
     22.999  0.8614E-01  0.6589E-01  0.6589E-01  0.6589E-01  0.0000E+00  0.0000E+00  0.0000E+00  0.0000E+00  0.0000E+00
     23.145  0.8692E-01  0.6804E-01  0.6804E-01  0.6804E-01  0.0000E+00  0.0000E+00  0.0000E+00  0.0000E+00  0.0000E+00
     23.291  0.7172E-01  0.6749E-01  0.6749E-01  0.6749E-01  0.0000E+00  0.0000E+00  0.0000E+00  0.0000E+00  0.0000E+00
     23.436  0.5450E-01  0.6190E-01  0.6190E-01  0.6190E-01  0.0000E+00  0.0000E+00  0.0000E+00  0.0000E+00  0.0000E+00
     23.582  0.4616E-01  0.6120E-01  0.6120E-01  0.6120E-01  0.0000E+00  0.0000E+00  0.0000E+00  0.0000E+00  0.0000E+00
     23.727  0.4163E-01  0.6285E-01  0.6285E-01  0.6285E-01  0.0000E+00  0.0000E+00  0.0000E+00  0.0000E+00  0.0000E+00
     23.873  0.3978E-01  0.6746E-01  0.6746E-01  0.6746E-01  0.0000E+00  0.0000E+00  0.0000E+00  0.0000E+00  0.0000E+00
     24.019  0.4542E-01  0.8129E-01  0.8129E-01  0.8129E-01  0.0000E+00  0.0000E+00  0.0000E+00  0.0000E+00  0.0000E+00
     24.164  0.4726E-01  0.9117E-01  0.9117E-01  0.9117E-01  0.0000E+00  0.0000E+00  0.0000E+00  0.0000E+00  0.0000E+00
     24.310  0.4162E-01  0.8327E-01  0.8327E-01  0.8327E-01  0.0000E+00  0.0000E+00  0.0000E+00  0.0000E+00  0.0000E+00
     24.455  0.3372E-01  0.7606E-01  0.7606E-01  0.7606E-01  0.0000E+00  0.0000E+00  0.0000E+00  0.0000E+00  0.0000E+00
     24.601  0.2825E-01  0.7029E-01  0.7029E-01  0.7029E-01  0.0000E+00  0.0000E+00  0.0000E+00  0.0000E+00  0.0000E+00
     24.747  0.2415E-01  0.6645E-01  0.6645E-01  0.6645E-01  0.0000E+00  0.0000E+00  0.0000E+00  0.0000E+00  0.0000E+00
     24.892  0.2059E-01  0.6378E-01  0.6378E-01  0.6378E-01  0.0000E+00  0.0000E+00  0.0000E+00  0.0000E+00  0.0000E+00
     25.038  0.1705E-01  0.6047E-01  0.6047E-01  0.6047E-01  0.0000E+00  0.0000E+00  0.0000E+00  0.0000E+00  0.0000E+00
     25.183  0.1414E-01  0.5768E-01  0.5768E-01  0.5768E-01  0.0000E+00  0.0000E+00  0.0000E+00  0.0000E+00  0.0000E+00
     25.329  0.1128E-01  0.5467E-01  0.5467E-01  0.5467E-01  0.0000E+00  0.0000E+00  0.0000E+00  0.0000E+00  0.0000E+00
     25.475  0.8508E-02  0.5245E-01  0.5245E-01  0.5245E-01  0.0000E+00  0.0000E+00  0.0000E+00  0.0000E+00  0.0000E+00
     25.620  0.5902E-02  0.4974E-01  0.4974E-01  0.4974E-01  0.0000E+00  0.0000E+00  0.0000E+00  0.0000E+00  0.0000E+00
     25.766  0.3717E-02  0.3065E-01  0.3065E-01  0.3065E-01  0.0000E+00  0.0000E+00  0.0000E+00  0.0000E+00  0.0000E+00
     25.911  0.2652E-02  0.2349E-01  0.2349E-01  0.2349E-01  0.0000E+00  0.0000E+00  0.0000E+00  0.0000E+00  0.0000E+00
     26.057  0.1894E-02  0.2062E-01  0.2062E-01  0.2062E-01  0.0000E+00  0.0000E+00  0.0000E+00  0.0000E+00  0.0000E+00
     26.203  0.1241E-02  0.1769E-01  0.1769E-01  0.1769E-01  0.0000E+00  0.0000E+00  0.0000E+00  0.0000E+00  0.0000E+00
     26.348  0.6947E-03  0.1436E-01  0.1436E-01  0.1436E-01  0.0000E+00  0.0000E+00  0.0000E+00  0.0000E+00  0.0000E+00
     26.494  0.3002E-03  0.1113E-01  0.1113E-01  0.1113E-01  0.0000E+00  0.0000E+00  0.0000E+00  0.0000E+00  0.0000E+00
     26.639  0.5033E-04  0.6100E-02  0.6100E-02  0.6100E-02  0.0000E+00  0.0000E+00  0.0000E+00  0.0000E+00  0.0000E+00
     26.785  0.0000E+00  0.0000E+00  0.0000E+00  0.0000E+00  0.0000E+00  0.0000E+00  0.0000E+00  0.0000E+00  0.0000E+00
     26.931  0.0000E+00  0.0000E+00  0.0000E+00  0.0000E+00  0.0000E+00  0.0000E+00  0.0000E+00  0.0000E+00  0.0000E+00
     27.076  0.0000E+00  0.0000E+00  0.0000E+00  0.0000E+00  0.0000E+00  0.0000E+00  0.0000E+00  0.0000E+00  0.0000E+00
     27.222  0.0000E+00  0.0000E+00  0.0000E+00  0.0000E+00  0.0000E+00  0.0000E+00  0.0000E+00  0.0000E+00  0.0000E+00
     27.367  0.0000E+00  0.0000E+00  0.0000E+00  0.0000E+00  0.0000E+00  0.0000E+00  0.0000E+00  0.0000E+00  0.0000E+00
     27.513  0.0000E+00  0.0000E+00  0.0000E+00  0.0000E+00  0.0000E+00  0.0000E+00  0.0000E+00  0.0000E+00  0.0000E+00
     27.659  0.0000E+00  0.0000E+00  0.0000E+00  0.0000E+00  0.0000E+00  0.0000E+00  0.0000E+00  0.0000E+00  0.0000E+00
     27.804  0.0000E+00  0.0000E+00  0.0000E+00  0.0000E+00  0.0000E+00  0.0000E+00  0.0000E+00  0.0000E+00  0.0000E+00
     27.950  0.0000E+00  0.0000E+00  0.0000E+00  0.0000E+00  0.0000E+00  0.0000E+00  0.0000E+00  0.0000E+00  0.0000E+00
     28.095  0.0000E+00  0.0000E+00  0.0000E+00  0.0000E+00  0.0000E+00  0.0000E+00  0.0000E+00  0.0000E+00  0.0000E+00
     28.241  0.0000E+00  0.0000E+00  0.0000E+00  0.0000E+00  0.0000E+00  0.0000E+00  0.0000E+00  0.0000E+00  0.0000E+00
     28.387  0.0000E+00  0.0000E+00  0.0000E+00  0.0000E+00  0.0000E+00  0.0000E+00  0.0000E+00  0.0000E+00  0.0000E+00
     28.532  0.0000E+00  0.0000E+00  0.0000E+00  0.0000E+00  0.0000E+00  0.0000E+00  0.0000E+00  0.0000E+00  0.0000E+00
     28.678  0.0000E+00  0.0000E+00  0.0000E+00  0.0000E+00  0.0000E+00  0.0000E+00  0.0000E+00  0.0000E+00  0.0000E+00
     28.67792192    -15.00386195  301     13.53351266      1.00000000
    -15.004  0.0000E+00  0.0000E+00  0.0000E+00  0.0000E+00  0.0000E+00  0.0000E+00  0.0000E+00  0.0000E+00  0.0000E+00
    -14.858  0.0000E+00  0.0000E+00  0.0000E+00  0.0000E+00  0.0000E+00  0.0000E+00  0.0000E+00  0.0000E+00  0.0000E+00
    -14.713  0.0000E+00  0.0000E+00  0.0000E+00  0.0000E+00  0.0000E+00  0.0000E+00  0.0000E+00  0.0000E+00  0.0000E+00
    -14.567  0.0000E+00  0.0000E+00  0.0000E+00  0.0000E+00  0.0000E+00  0.0000E+00  0.0000E+00  0.0000E+00  0.0000E+00
    -14.421  0.0000E+00  0.0000E+00  0.0000E+00  0.0000E+00  0.0000E+00  0.0000E+00  0.0000E+00  0.0000E+00  0.0000E+00
    -14.276  0.0000E+00  0.0000E+00  0.0000E+00  0.0000E+00  0.0000E+00  0.0000E+00  0.0000E+00  0.0000E+00  0.0000E+00
    -14.130  0.0000E+00  0.0000E+00  0.0000E+00  0.0000E+00  0.0000E+00  0.0000E+00  0.0000E+00  0.0000E+00  0.0000E+00
    -13.985  0.0000E+00  0.0000E+00  0.0000E+00  0.0000E+00  0.0000E+00  0.0000E+00  0.0000E+00  0.0000E+00  0.0000E+00
    -13.839  0.0000E+00  0.0000E+00  0.0000E+00  0.0000E+00  0.0000E+00  0.0000E+00  0.0000E+00  0.0000E+00  0.0000E+00
    -13.693  0.0000E+00  0.0000E+00  0.0000E+00  0.0000E+00  0.0000E+00  0.0000E+00  0.0000E+00  0.0000E+00  0.0000E+00
    -13.548  0.0000E+00  0.0000E+00  0.0000E+00  0.0000E+00  0.0000E+00  0.0000E+00  0.0000E+00  0.0000E+00  0.0000E+00
    -13.402  0.0000E+00  0.0000E+00  0.0000E+00  0.0000E+00  0.0000E+00  0.0000E+00  0.0000E+00  0.0000E+00  0.0000E+00
    -13.257  0.0000E+00  0.0000E+00  0.0000E+00  0.0000E+00  0.0000E+00  0.0000E+00  0.0000E+00  0.0000E+00  0.0000E+00
    -13.111  0.0000E+00  0.0000E+00  0.0000E+00  0.0000E+00  0.0000E+00  0.0000E+00  0.0000E+00  0.0000E+00  0.0000E+00
    -12.965  0.5417E-02  0.3433E-05  0.3433E-05  0.3433E-05  0.0000E+00  0.0000E+00  0.0000E+00  0.0000E+00  0.0000E+00
    -12.820  0.1751E-01  0.4360E-04  0.4360E-04  0.4360E-04  0.0000E+00  0.0000E+00  0.0000E+00  0.0000E+00  0.0000E+00
    -12.674  0.1711E-01  0.8353E-04  0.8353E-04  0.8353E-04  0.0000E+00  0.0000E+00  0.0000E+00  0.0000E+00  0.0000E+00
    -12.529  0.2160E-01  0.1513E-03  0.1513E-03  0.1513E-03  0.0000E+00  0.0000E+00  0.0000E+00  0.0000E+00  0.0000E+00
    -12.383  0.2332E-01  0.2170E-03  0.2170E-03  0.2170E-03  0.0000E+00  0.0000E+00  0.0000E+00  0.0000E+00  0.0000E+00
    -12.237  0.2578E-01  0.2985E-03  0.2985E-03  0.2985E-03  0.0000E+00  0.0000E+00  0.0000E+00  0.0000E+00  0.0000E+00
    -12.092  0.2810E-01  0.3871E-03  0.3871E-03  0.3871E-03  0.0000E+00  0.0000E+00  0.0000E+00  0.0000E+00  0.0000E+00
    -11.946  0.3035E-01  0.4810E-03  0.4810E-03  0.4810E-03  0.0000E+00  0.0000E+00  0.0000E+00  0.0000E+00  0.0000E+00
    -11.801  0.3219E-01  0.5856E-03  0.5856E-03  0.5856E-03  0.0000E+00  0.0000E+00  0.0000E+00  0.0000E+00  0.0000E+00
    -11.655  0.3410E-01  0.6935E-03  0.6935E-03  0.6935E-03  0.0000E+00  0.0000E+00  0.0000E+00  0.0000E+00  0.0000E+00
    -11.509  0.3581E-01  0.8089E-03  0.8089E-03  0.8089E-03  0.0000E+00  0.0000E+00  0.0000E+00  0.0000E+00  0.0000E+00
    -11.364  0.3748E-01  0.9291E-03  0.9291E-03  0.9291E-03  0.0000E+00  0.0000E+00  0.0000E+00  0.0000E+00  0.0000E+00
    -11.218  0.3906E-01  0.1055E-02  0.1055E-02  0.1055E-02  0.0000E+00  0.0000E+00  0.0000E+00  0.0000E+00  0.0000E+00
    -11.073  0.4060E-01  0.1186E-02  0.1186E-02  0.1186E-02  0.0000E+00  0.0000E+00  0.0000E+00  0.0000E+00  0.0000E+00
    -10.927  0.4205E-01  0.1322E-02  0.1322E-02  0.1322E-02  0.0000E+00  0.0000E+00  0.0000E+00  0.0000E+00  0.0000E+00
    -10.781  0.4353E-01  0.1461E-02  0.1461E-02  0.1461E-02  0.0000E+00  0.0000E+00  0.0000E+00  0.0000E+00  0.0000E+00
    -10.636  0.4486E-01  0.1608E-02  0.1608E-02  0.1608E-02  0.0000E+00  0.0000E+00  0.0000E+00  0.0000E+00  0.0000E+00
    -10.490  0.4628E-01  0.1755E-02  0.1755E-02  0.1755E-02  0.0000E+00  0.0000E+00  0.0000E+00  0.0000E+00  0.0000E+00
    -10.344  0.4755E-01  0.1912E-02  0.1912E-02  0.1912E-02  0.0000E+00  0.0000E+00  0.0000E+00  0.0000E+00  0.0000E+00
    -10.199  0.4887E-01  0.2069E-02  0.2069E-02  0.2069E-02  0.0000E+00  0.0000E+00  0.0000E+00  0.0000E+00  0.0000E+00
    -10.053  0.5017E-01  0.2231E-02  0.2231E-02  0.2231E-02  0.0000E+00  0.0000E+00  0.0000E+00  0.0000E+00  0.0000E+00
     -9.908  0.5142E-01  0.2400E-02  0.2400E-02  0.2400E-02  0.0000E+00  0.0000E+00  0.0000E+00  0.0000E+00  0.0000E+00
     -9.762  0.5273E-01  0.2568E-02  0.2568E-02  0.2568E-02  0.0000E+00  0.0000E+00  0.0000E+00  0.0000E+00  0.0000E+00
     -9.616  0.5398E-01  0.2744E-02  0.2744E-02  0.2744E-02  0.0000E+00  0.0000E+00  0.0000E+00  0.0000E+00  0.0000E+00
     -9.471  0.5525E-01  0.2923E-02  0.2923E-02  0.2923E-02  0.0000E+00  0.0000E+00  0.0000E+00  0.0000E+00  0.0000E+00
     -9.325  0.5659E-01  0.3101E-02  0.3101E-02  0.3101E-02  0.0000E+00  0.0000E+00  0.0000E+00  0.0000E+00  0.0000E+00
     -9.180  0.5786E-01  0.3291E-02  0.3291E-02  0.3291E-02  0.0000E+00  0.0000E+00  0.0000E+00  0.0000E+00  0.0000E+00
     -9.034  0.5920E-01  0.3481E-02  0.3481E-02  0.3481E-02  0.0000E+00  0.0000E+00  0.0000E+00  0.0000E+00  0.0000E+00
     -8.888  0.6061E-01  0.3672E-02  0.3672E-02  0.3672E-02  0.0000E+00  0.0000E+00  0.0000E+00  0.0000E+00  0.0000E+00
     -8.743  0.6201E-01  0.3875E-02  0.3875E-02  0.3875E-02  0.0000E+00  0.0000E+00  0.0000E+00  0.0000E+00  0.0000E+00
     -8.597  0.6350E-01  0.4078E-02  0.4078E-02  0.4078E-02  0.0000E+00  0.0000E+00  0.0000E+00  0.0000E+00  0.0000E+00
     -8.452  0.6511E-01  0.4281E-02  0.4281E-02  0.4281E-02  0.0000E+00  0.0000E+00  0.0000E+00  0.0000E+00  0.0000E+00
     -8.306  0.6678E-01  0.4499E-02  0.4499E-02  0.4499E-02  0.0000E+00  0.0000E+00  0.0000E+00  0.0000E+00  0.0000E+00
     -8.160  0.6862E-01  0.4719E-02  0.4719E-02  0.4719E-02  0.0000E+00  0.0000E+00  0.0000E+00  0.0000E+00  0.0000E+00
     -8.015  0.7068E-01  0.4941E-02  0.4941E-02  0.4941E-02  0.0000E+00  0.0000E+00  0.0000E+00  0.0000E+00  0.0000E+00
     -7.869  0.7299E-01  0.5182E-02  0.5182E-02  0.5182E-02  0.0000E+00  0.0000E+00  0.0000E+00  0.0000E+00  0.0000E+00
     -7.724  0.7572E-01  0.5435E-02  0.5435E-02  0.5435E-02  0.0000E+00  0.0000E+00  0.0000E+00  0.0000E+00  0.0000E+00
     -7.578  0.7911E-01  0.5704E-02  0.5704E-02  0.5704E-02  0.0000E+00  0.0000E+00  0.0000E+00  0.0000E+00  0.0000E+00
     -7.432  0.8375E-01  0.6022E-02  0.6022E-02  0.6022E-02  0.0000E+00  0.0000E+00  0.0000E+00  0.0000E+00  0.0000E+00
     -7.287  0.9236E-01  0.6482E-02  0.6482E-02  0.6482E-02  0.0000E+00  0.0000E+00  0.0000E+00  0.0000E+00  0.0000E+00
     -7.141  0.9875E-01  0.6856E-02  0.6856E-02  0.6856E-02  0.0000E+00  0.0000E+00  0.0000E+00  0.0000E+00  0.0000E+00
     -6.996  0.9902E-01  0.7019E-02  0.7019E-02  0.7019E-02  0.0000E+00  0.0000E+00  0.0000E+00  0.0000E+00  0.0000E+00
     -6.850  0.9298E-01  0.6922E-02  0.6922E-02  0.6922E-02  0.0000E+00  0.0000E+00  0.0000E+00  0.0000E+00  0.0000E+00
     -6.704  0.9035E-01  0.6946E-02  0.6946E-02  0.6946E-02  0.0000E+00  0.0000E+00  0.0000E+00  0.0000E+00  0.0000E+00
     -6.559  0.8696E-01  0.6912E-02  0.6912E-02  0.6912E-02  0.0000E+00  0.0000E+00  0.0000E+00  0.0000E+00  0.0000E+00
     -6.413  0.8449E-01  0.6938E-02  0.6938E-02  0.6938E-02  0.0000E+00  0.0000E+00  0.0000E+00  0.0000E+00  0.0000E+00
     -6.268  0.8107E-01  0.6879E-02  0.6879E-02  0.6879E-02  0.0000E+00  0.0000E+00  0.0000E+00  0.0000E+00  0.0000E+00
     -6.122  0.7855E-01  0.6855E-02  0.6855E-02  0.6855E-02  0.0000E+00  0.0000E+00  0.0000E+00  0.0000E+00  0.0000E+00
     -5.976  0.7569E-01  0.6816E-02  0.6816E-02  0.6816E-02  0.0000E+00  0.0000E+00  0.0000E+00  0.0000E+00  0.0000E+00
     -5.831  0.7254E-01  0.6732E-02  0.6732E-02  0.6732E-02  0.0000E+00  0.0000E+00  0.0000E+00  0.0000E+00  0.0000E+00
     -5.685  0.6989E-01  0.6666E-02  0.6666E-02  0.6666E-02  0.0000E+00  0.0000E+00  0.0000E+00  0.0000E+00  0.0000E+00
     -5.539  0.6690E-01  0.6575E-02  0.6575E-02  0.6575E-02  0.0000E+00  0.0000E+00  0.0000E+00  0.0000E+00  0.0000E+00
     -5.394  0.6417E-01  0.6475E-02  0.6475E-02  0.6475E-02  0.0000E+00  0.0000E+00  0.0000E+00  0.0000E+00  0.0000E+00
     -5.248  0.6105E-01  0.6341E-02  0.6341E-02  0.6341E-02  0.0000E+00  0.0000E+00  0.0000E+00  0.0000E+00  0.0000E+00
     -5.103  0.5837E-01  0.6224E-02  0.6224E-02  0.6224E-02  0.0000E+00  0.0000E+00  0.0000E+00  0.0000E+00  0.0000E+00
     -4.957  0.5511E-01  0.6048E-02  0.6048E-02  0.6048E-02  0.0000E+00  0.0000E+00  0.0000E+00  0.0000E+00  0.0000E+00
     -4.811  0.5230E-01  0.5892E-02  0.5892E-02  0.5892E-02  0.0000E+00  0.0000E+00  0.0000E+00  0.0000E+00  0.0000E+00
     -4.666  0.4906E-01  0.5688E-02  0.5688E-02  0.5688E-02  0.0000E+00  0.0000E+00  0.0000E+00  0.0000E+00  0.0000E+00
     -4.520  0.4601E-01  0.5488E-02  0.5488E-02  0.5488E-02  0.0000E+00  0.0000E+00  0.0000E+00  0.0000E+00  0.0000E+00
     -4.375  0.4633E-01  0.7235E-02  0.7235E-02  0.7235E-02  0.0000E+00  0.0000E+00  0.0000E+00  0.0000E+00  0.0000E+00
     -4.229  0.4814E-01  0.9654E-02  0.9654E-02  0.9654E-02  0.0000E+00  0.0000E+00  0.0000E+00  0.0000E+00  0.0000E+00
     -4.083  0.3800E-01  0.9779E-02  0.9779E-02  0.9779E-02  0.0000E+00  0.0000E+00  0.0000E+00  0.0000E+00  0.0000E+00
     -3.938  0.2769E-01  0.9455E-02  0.9455E-02  0.9455E-02  0.0000E+00  0.0000E+00  0.0000E+00  0.0000E+00  0.0000E+00
     -3.792  0.2732E-01  0.1029E-01  0.1029E-01  0.1029E-01  0.0000E+00  0.0000E+00  0.0000E+00  0.0000E+00  0.0000E+00
     -3.647  0.2862E-01  0.1163E-01  0.1163E-01  0.1163E-01  0.0000E+00  0.0000E+00  0.0000E+00  0.0000E+00  0.0000E+00
     -3.501  0.3276E-01  0.1322E-01  0.1322E-01  0.1322E-01  0.0000E+00  0.0000E+00  0.0000E+00  0.0000E+00  0.0000E+00
     -3.355  0.4033E-01  0.1547E-01  0.1547E-01  0.1547E-01  0.0000E+00  0.0000E+00  0.0000E+00  0.0000E+00  0.0000E+00
     -3.210  0.5032E-01  0.1810E-01  0.1810E-01  0.1810E-01  0.0000E+00  0.0000E+00  0.0000E+00  0.0000E+00  0.0000E+00
     -3.064  0.6187E-01  0.2121E-01  0.2121E-01  0.2121E-01  0.0000E+00  0.0000E+00  0.0000E+00  0.0000E+00  0.0000E+00
     -2.919  0.7668E-01  0.2522E-01  0.2522E-01  0.2522E-01  0.0000E+00  0.0000E+00  0.0000E+00  0.0000E+00  0.0000E+00
     -2.773  0.1132E+00  0.3549E-01  0.3549E-01  0.3549E-01  0.0000E+00  0.0000E+00  0.0000E+00  0.0000E+00  0.0000E+00
     -2.627  0.1151E+00  0.3515E-01  0.3515E-01  0.3515E-01  0.0000E+00  0.0000E+00  0.0000E+00  0.0000E+00  0.0000E+00
     -2.482  0.8339E-01  0.2642E-01  0.2642E-01  0.2642E-01  0.0000E+00  0.0000E+00  0.0000E+00  0.0000E+00  0.0000E+00
     -2.336  0.7219E-01  0.2342E-01  0.2342E-01  0.2342E-01  0.0000E+00  0.0000E+00  0.0000E+00  0.0000E+00  0.0000E+00
     -2.191  0.6611E-01  0.2181E-01  0.2181E-01  0.2181E-01  0.0000E+00  0.0000E+00  0.0000E+00  0.0000E+00  0.0000E+00
     -2.045  0.6028E-01  0.2034E-01  0.2034E-01  0.2034E-01  0.0000E+00  0.0000E+00  0.0000E+00  0.0000E+00  0.0000E+00
     -1.899  0.5672E-01  0.1948E-01  0.1948E-01  0.1948E-01  0.0000E+00  0.0000E+00  0.0000E+00  0.0000E+00  0.0000E+00
     -1.754  0.5225E-01  0.1841E-01  0.1841E-01  0.1841E-01  0.0000E+00  0.0000E+00  0.0000E+00  0.0000E+00  0.0000E+00
     -1.608  0.4976E-01  0.1785E-01  0.1785E-01  0.1785E-01  0.0000E+00  0.0000E+00  0.0000E+00  0.0000E+00  0.0000E+00
     -1.463  0.4626E-01  0.1703E-01  0.1703E-01  0.1703E-01  0.0000E+00  0.0000E+00  0.0000E+00  0.0000E+00  0.0000E+00
     -1.317  0.4401E-01  0.1655E-01  0.1655E-01  0.1655E-01  0.0000E+00  0.0000E+00  0.0000E+00  0.0000E+00  0.0000E+00
     -1.171  0.4174E-01  0.1606E-01  0.1606E-01  0.1606E-01  0.0000E+00  0.0000E+00  0.0000E+00  0.0000E+00  0.0000E+00
     -1.026  0.3902E-01  0.1542E-01  0.1542E-01  0.1542E-01  0.0000E+00  0.0000E+00  0.0000E+00  0.0000E+00  0.0000E+00
     -0.880  0.3736E-01  0.1509E-01  0.1509E-01  0.1509E-01  0.0000E+00  0.0000E+00  0.0000E+00  0.0000E+00  0.0000E+00
     -0.734  0.3495E-01  0.1452E-01  0.1452E-01  0.1452E-01  0.0000E+00  0.0000E+00  0.0000E+00  0.0000E+00  0.0000E+00
     -0.589  0.3330E-01  0.1416E-01  0.1416E-01  0.1416E-01  0.0000E+00  0.0000E+00  0.0000E+00  0.0000E+00  0.0000E+00
     -0.443  0.3180E-01  0.1386E-01  0.1386E-01  0.1386E-01  0.0000E+00  0.0000E+00  0.0000E+00  0.0000E+00  0.0000E+00
     -0.298  0.2985E-01  0.1558E-01  0.1558E-01  0.1558E-01  0.0000E+00  0.0000E+00  0.0000E+00  0.0000E+00  0.0000E+00
     -0.152  0.2995E-01  0.2320E-01  0.2320E-01  0.2320E-01  0.0000E+00  0.0000E+00  0.0000E+00  0.0000E+00  0.0000E+00
     -0.006  0.2956E-01  0.2645E-01  0.2645E-01  0.2645E-01  0.0000E+00  0.0000E+00  0.0000E+00  0.0000E+00  0.0000E+00
      0.139  0.2902E-01  0.3025E-01  0.3025E-01  0.3025E-01  0.0000E+00  0.0000E+00  0.0000E+00  0.0000E+00  0.0000E+00
      0.285  0.2966E-01  0.3523E-01  0.3523E-01  0.3523E-01  0.0000E+00  0.0000E+00  0.0000E+00  0.0000E+00  0.0000E+00
      0.430  0.3097E-01  0.4317E-01  0.4317E-01  0.4317E-01  0.0000E+00  0.0000E+00  0.0000E+00  0.0000E+00  0.0000E+00
      0.576  0.3032E-01  0.4149E-01  0.4149E-01  0.4149E-01  0.0000E+00  0.0000E+00  0.0000E+00  0.0000E+00  0.0000E+00
      0.722  0.3044E-01  0.4077E-01  0.4077E-01  0.4077E-01  0.0000E+00  0.0000E+00  0.0000E+00  0.0000E+00  0.0000E+00
      0.867  0.3025E-01  0.3992E-01  0.3992E-01  0.3992E-01  0.0000E+00  0.0000E+00  0.0000E+00  0.0000E+00  0.0000E+00
      1.013  0.2962E-01  0.4031E-01  0.4031E-01  0.4031E-01  0.0000E+00  0.0000E+00  0.0000E+00  0.0000E+00  0.0000E+00
      1.158  0.2925E-01  0.4037E-01  0.4037E-01  0.4037E-01  0.0000E+00  0.0000E+00  0.0000E+00  0.0000E+00  0.0000E+00
      1.304  0.2907E-01  0.4227E-01  0.4227E-01  0.4227E-01  0.0000E+00  0.0000E+00  0.0000E+00  0.0000E+00  0.0000E+00
      1.450  0.2840E-01  0.4250E-01  0.4250E-01  0.4250E-01  0.0000E+00  0.0000E+00  0.0000E+00  0.0000E+00  0.0000E+00
      1.595  0.2768E-01  0.4380E-01  0.4380E-01  0.4380E-01  0.0000E+00  0.0000E+00  0.0000E+00  0.0000E+00  0.0000E+00
      1.741  0.2741E-01  0.4572E-01  0.4572E-01  0.4572E-01  0.0000E+00  0.0000E+00  0.0000E+00  0.0000E+00  0.0000E+00
      1.886  0.2676E-01  0.4682E-01  0.4682E-01  0.4682E-01  0.0000E+00  0.0000E+00  0.0000E+00  0.0000E+00  0.0000E+00
      2.032  0.2590E-01  0.4940E-01  0.4940E-01  0.4940E-01  0.0000E+00  0.0000E+00  0.0000E+00  0.0000E+00  0.0000E+00
      2.178  0.2545E-01  0.5114E-01  0.5114E-01  0.5114E-01  0.0000E+00  0.0000E+00  0.0000E+00  0.0000E+00  0.0000E+00
      2.323  0.2490E-01  0.5416E-01  0.5416E-01  0.5416E-01  0.0000E+00  0.0000E+00  0.0000E+00  0.0000E+00  0.0000E+00
      2.469  0.2413E-01  0.5738E-01  0.5738E-01  0.5738E-01  0.0000E+00  0.0000E+00  0.0000E+00  0.0000E+00  0.0000E+00
      2.614  0.2333E-01  0.6240E-01  0.6240E-01  0.6240E-01  0.0000E+00  0.0000E+00  0.0000E+00  0.0000E+00  0.0000E+00
      2.760  0.2272E-01  0.6859E-01  0.6859E-01  0.6859E-01  0.0000E+00  0.0000E+00  0.0000E+00  0.0000E+00  0.0000E+00
      2.906  0.2197E-01  0.7738E-01  0.7738E-01  0.7738E-01  0.0000E+00  0.0000E+00  0.0000E+00  0.0000E+00  0.0000E+00
      3.051  0.2094E-01  0.7557E-01  0.7557E-01  0.7557E-01  0.0000E+00  0.0000E+00  0.0000E+00  0.0000E+00  0.0000E+00
      3.197  0.2021E-01  0.7440E-01  0.7440E-01  0.7440E-01  0.0000E+00  0.0000E+00  0.0000E+00  0.0000E+00  0.0000E+00
      3.342  0.1957E-01  0.7415E-01  0.7415E-01  0.7415E-01  0.0000E+00  0.0000E+00  0.0000E+00  0.0000E+00  0.0000E+00
      3.488  0.1878E-01  0.7386E-01  0.7386E-01  0.7386E-01  0.0000E+00  0.0000E+00  0.0000E+00  0.0000E+00  0.0000E+00
      3.634  0.1780E-01  0.7330E-01  0.7330E-01  0.7330E-01  0.0000E+00  0.0000E+00  0.0000E+00  0.0000E+00  0.0000E+00
      3.779  0.1718E-01  0.7302E-01  0.7302E-01  0.7302E-01  0.0000E+00  0.0000E+00  0.0000E+00  0.0000E+00  0.0000E+00
      3.925  0.1655E-01  0.7292E-01  0.7292E-01  0.7292E-01  0.0000E+00  0.0000E+00  0.0000E+00  0.0000E+00  0.0000E+00
      4.071  0.1574E-01  0.7256E-01  0.7256E-01  0.7256E-01  0.0000E+00  0.0000E+00  0.0000E+00  0.0000E+00  0.0000E+00
      4.216  0.1488E-01  0.7198E-01  0.7198E-01  0.7198E-01  0.0000E+00  0.0000E+00  0.0000E+00  0.0000E+00  0.0000E+00
      4.362  0.1427E-01  0.7213E-01  0.7213E-01  0.7213E-01  0.0000E+00  0.0000E+00  0.0000E+00  0.0000E+00  0.0000E+00
      4.507  0.1356E-01  0.7178E-01  0.7178E-01  0.7178E-01  0.0000E+00  0.0000E+00  0.0000E+00  0.0000E+00  0.0000E+00
      4.653  0.1279E-01  0.7144E-01  0.7144E-01  0.7144E-01  0.0000E+00  0.0000E+00  0.0000E+00  0.0000E+00  0.0000E+00
      4.799  0.1208E-01  0.7129E-01  0.7129E-01  0.7129E-01  0.0000E+00  0.0000E+00  0.0000E+00  0.0000E+00  0.0000E+00
      4.944  0.1156E-01  0.7096E-01  0.7096E-01  0.7096E-01  0.0000E+00  0.0000E+00  0.0000E+00  0.0000E+00  0.0000E+00
      5.090  0.1090E-01  0.7081E-01  0.7081E-01  0.7081E-01  0.0000E+00  0.0000E+00  0.0000E+00  0.0000E+00  0.0000E+00
      5.235  0.1021E-01  0.7037E-01  0.7037E-01  0.7037E-01  0.0000E+00  0.0000E+00  0.0000E+00  0.0000E+00  0.0000E+00
      5.381  0.9475E-02  0.7014E-01  0.7014E-01  0.7014E-01  0.0000E+00  0.0000E+00  0.0000E+00  0.0000E+00  0.0000E+00
      5.527  0.8885E-02  0.6989E-01  0.6989E-01  0.6989E-01  0.0000E+00  0.0000E+00  0.0000E+00  0.0000E+00  0.0000E+00
      5.672  0.8258E-02  0.6971E-01  0.6971E-01  0.6971E-01  0.0000E+00  0.0000E+00  0.0000E+00  0.0000E+00  0.0000E+00
      5.818  0.7631E-02  0.6942E-01  0.6942E-01  0.6942E-01  0.0000E+00  0.0000E+00  0.0000E+00  0.0000E+00  0.0000E+00
      5.963  0.6996E-02  0.6917E-01  0.6917E-01  0.6917E-01  0.0000E+00  0.0000E+00  0.0000E+00  0.0000E+00  0.0000E+00
      6.109  0.6477E-02  0.6883E-01  0.6883E-01  0.6883E-01  0.0000E+00  0.0000E+00  0.0000E+00  0.0000E+00  0.0000E+00
      6.255  0.5917E-02  0.6862E-01  0.6862E-01  0.6862E-01  0.0000E+00  0.0000E+00  0.0000E+00  0.0000E+00  0.0000E+00
      6.400  0.5335E-02  0.6495E-01  0.6495E-01  0.6495E-01  0.0000E+00  0.0000E+00  0.0000E+00  0.0000E+00  0.0000E+00
      6.546  0.4769E-02  0.5327E-01  0.5327E-01  0.5327E-01  0.0000E+00  0.0000E+00  0.0000E+00  0.0000E+00  0.0000E+00
      6.691  0.4346E-02  0.4690E-01  0.4690E-01  0.4690E-01  0.0000E+00  0.0000E+00  0.0000E+00  0.0000E+00  0.0000E+00
      6.837  0.3939E-02  0.4260E-01  0.4260E-01  0.4260E-01  0.0000E+00  0.0000E+00  0.0000E+00  0.0000E+00  0.0000E+00
      6.983  0.3513E-02  0.3890E-01  0.3890E-01  0.3890E-01  0.0000E+00  0.0000E+00  0.0000E+00  0.0000E+00  0.0000E+00
      7.128  0.3126E-02  0.3555E-01  0.3555E-01  0.3555E-01  0.0000E+00  0.0000E+00  0.0000E+00  0.0000E+00  0.0000E+00
      7.274  0.2825E-02  0.3286E-01  0.3286E-01  0.3286E-01  0.0000E+00  0.0000E+00  0.0000E+00  0.0000E+00  0.0000E+00
      7.419  0.2497E-02  0.3020E-01  0.3020E-01  0.3020E-01  0.0000E+00  0.0000E+00  0.0000E+00  0.0000E+00  0.0000E+00
      7.565  0.2158E-02  0.2767E-01  0.2767E-01  0.2767E-01  0.0000E+00  0.0000E+00  0.0000E+00  0.0000E+00  0.0000E+00
      7.711  0.1896E-02  0.2551E-01  0.2551E-01  0.2551E-01  0.0000E+00  0.0000E+00  0.0000E+00  0.0000E+00  0.0000E+00
      7.856  0.1632E-02  0.2333E-01  0.2333E-01  0.2333E-01  0.0000E+00  0.0000E+00  0.0000E+00  0.0000E+00  0.0000E+00
      8.002  0.1385E-02  0.2121E-01  0.2121E-01  0.2121E-01  0.0000E+00  0.0000E+00  0.0000E+00  0.0000E+00  0.0000E+00
      8.147  0.1136E-02  0.1926E-01  0.1926E-01  0.1926E-01  0.0000E+00  0.0000E+00  0.0000E+00  0.0000E+00  0.0000E+00
      8.293  0.9220E-03  0.1734E-01  0.1734E-01  0.1734E-01  0.0000E+00  0.0000E+00  0.0000E+00  0.0000E+00  0.0000E+00
      8.439  0.7419E-03  0.1538E-01  0.1538E-01  0.1538E-01  0.0000E+00  0.0000E+00  0.0000E+00  0.0000E+00  0.0000E+00
      8.584  0.5421E-03  0.1349E-01  0.1349E-01  0.1349E-01  0.0000E+00  0.0000E+00  0.0000E+00  0.0000E+00  0.0000E+00
      8.730  0.3860E-03  0.1159E-01  0.1159E-01  0.1159E-01  0.0000E+00  0.0000E+00  0.0000E+00  0.0000E+00  0.0000E+00
      8.876  0.2504E-03  0.9611E-02  0.9611E-02  0.9611E-02  0.0000E+00  0.0000E+00  0.0000E+00  0.0000E+00  0.0000E+00
      9.021  0.1357E-03  0.7301E-02  0.7301E-02  0.7301E-02  0.0000E+00  0.0000E+00  0.0000E+00  0.0000E+00  0.0000E+00
      9.167  0.4498E-04  0.5136E-02  0.5136E-02  0.5136E-02  0.0000E+00  0.0000E+00  0.0000E+00  0.0000E+00  0.0000E+00
      9.312  0.5796E-05  0.6153E-03  0.6153E-03  0.6153E-03  0.0000E+00  0.0000E+00  0.0000E+00  0.0000E+00  0.0000E+00
      9.458  0.0000E+00  0.0000E+00  0.0000E+00  0.0000E+00  0.0000E+00  0.0000E+00  0.0000E+00  0.0000E+00  0.0000E+00
      9.604  0.0000E+00  0.0000E+00  0.0000E+00  0.0000E+00  0.0000E+00  0.0000E+00  0.0000E+00  0.0000E+00  0.0000E+00
      9.749  0.0000E+00  0.0000E+00  0.0000E+00  0.0000E+00  0.0000E+00  0.0000E+00  0.0000E+00  0.0000E+00  0.0000E+00
      9.895  0.0000E+00  0.0000E+00  0.0000E+00  0.0000E+00  0.0000E+00  0.0000E+00  0.0000E+00  0.0000E+00  0.0000E+00
     10.040  0.0000E+00  0.0000E+00  0.0000E+00  0.0000E+00  0.0000E+00  0.0000E+00  0.0000E+00  0.0000E+00  0.0000E+00
     10.186  0.0000E+00  0.0000E+00  0.0000E+00  0.0000E+00  0.0000E+00  0.0000E+00  0.0000E+00  0.0000E+00  0.0000E+00
     10.332  0.0000E+00  0.0000E+00  0.0000E+00  0.0000E+00  0.0000E+00  0.0000E+00  0.0000E+00  0.0000E+00  0.0000E+00
     10.477  0.0000E+00  0.0000E+00  0.0000E+00  0.0000E+00  0.0000E+00  0.0000E+00  0.0000E+00  0.0000E+00  0.0000E+00
     10.623  0.0000E+00  0.0000E+00  0.0000E+00  0.0000E+00  0.0000E+00  0.0000E+00  0.0000E+00  0.0000E+00  0.0000E+00
     10.768  0.0000E+00  0.0000E+00  0.0000E+00  0.0000E+00  0.0000E+00  0.0000E+00  0.0000E+00  0.0000E+00  0.0000E+00
     10.914  0.0000E+00  0.0000E+00  0.0000E+00  0.0000E+00  0.0000E+00  0.0000E+00  0.0000E+00  0.0000E+00  0.0000E+00
     11.060  0.0000E+00  0.0000E+00  0.0000E+00  0.0000E+00  0.0000E+00  0.0000E+00  0.0000E+00  0.0000E+00  0.0000E+00
     11.205  0.0000E+00  0.0000E+00  0.0000E+00  0.0000E+00  0.0000E+00  0.0000E+00  0.0000E+00  0.0000E+00  0.0000E+00
     11.351  0.0000E+00  0.0000E+00  0.0000E+00  0.0000E+00  0.0000E+00  0.0000E+00  0.0000E+00  0.0000E+00  0.0000E+00
     11.496  0.0000E+00  0.0000E+00  0.0000E+00  0.0000E+00  0.0000E+00  0.0000E+00  0.0000E+00  0.0000E+00  0.0000E+00
     11.642  0.0000E+00  0.0000E+00  0.0000E+00  0.0000E+00  0.0000E+00  0.0000E+00  0.0000E+00  0.0000E+00  0.0000E+00
     11.788  0.0000E+00  0.0000E+00  0.0000E+00  0.0000E+00  0.0000E+00  0.0000E+00  0.0000E+00  0.0000E+00  0.0000E+00
     11.933  0.0000E+00  0.0000E+00  0.0000E+00  0.0000E+00  0.0000E+00  0.0000E+00  0.0000E+00  0.0000E+00  0.0000E+00
     12.079  0.0000E+00  0.0000E+00  0.0000E+00  0.0000E+00  0.0000E+00  0.0000E+00  0.0000E+00  0.0000E+00  0.0000E+00
     12.224  0.0000E+00  0.0000E+00  0.0000E+00  0.0000E+00  0.0000E+00  0.0000E+00  0.0000E+00  0.0000E+00  0.0000E+00
     12.370  0.0000E+00  0.0000E+00  0.0000E+00  0.0000E+00  0.0000E+00  0.0000E+00  0.0000E+00  0.0000E+00  0.0000E+00
     12.516  0.0000E+00  0.0000E+00  0.0000E+00  0.0000E+00  0.0000E+00  0.0000E+00  0.0000E+00  0.0000E+00  0.0000E+00
     12.661  0.0000E+00  0.0000E+00  0.0000E+00  0.0000E+00  0.0000E+00  0.0000E+00  0.0000E+00  0.0000E+00  0.0000E+00
     12.807  0.0000E+00  0.0000E+00  0.0000E+00  0.0000E+00  0.0000E+00  0.0000E+00  0.0000E+00  0.0000E+00  0.0000E+00
     12.952  0.0000E+00  0.0000E+00  0.0000E+00  0.0000E+00  0.0000E+00  0.0000E+00  0.0000E+00  0.0000E+00  0.0000E+00
     13.098  0.0000E+00  0.0000E+00  0.0000E+00  0.0000E+00  0.0000E+00  0.0000E+00  0.0000E+00  0.0000E+00  0.0000E+00
     13.244  0.0000E+00  0.0000E+00  0.0000E+00  0.0000E+00  0.0000E+00  0.0000E+00  0.0000E+00  0.0000E+00  0.0000E+00
     13.389  0.0000E+00  0.0000E+00  0.0000E+00  0.0000E+00  0.0000E+00  0.0000E+00  0.0000E+00  0.0000E+00  0.0000E+00
     13.535  0.3979E-05  0.1350E-05  0.1350E-05  0.1350E-05  0.0000E+00  0.0000E+00  0.0000E+00  0.0000E+00  0.0000E+00
     13.681  0.6679E-02  0.2432E-02  0.2432E-02  0.2432E-02  0.0000E+00  0.0000E+00  0.0000E+00  0.0000E+00  0.0000E+00
     13.826  0.9254E-02  0.3645E-02  0.3645E-02  0.3645E-02  0.0000E+00  0.0000E+00  0.0000E+00  0.0000E+00  0.0000E+00
     13.972  0.1176E-01  0.4934E-02  0.4934E-02  0.4934E-02  0.0000E+00  0.0000E+00  0.0000E+00  0.0000E+00  0.0000E+00
     14.117  0.1437E-01  0.6361E-02  0.6361E-02  0.6361E-02  0.0000E+00  0.0000E+00  0.0000E+00  0.0000E+00  0.0000E+00
     14.263  0.1765E-01  0.8023E-02  0.8023E-02  0.8023E-02  0.0000E+00  0.0000E+00  0.0000E+00  0.0000E+00  0.0000E+00
     14.409  0.2104E-01  0.9879E-02  0.9879E-02  0.9879E-02  0.0000E+00  0.0000E+00  0.0000E+00  0.0000E+00  0.0000E+00
     14.554  0.2296E-01  0.1164E-01  0.1164E-01  0.1164E-01  0.0000E+00  0.0000E+00  0.0000E+00  0.0000E+00  0.0000E+00
     14.700  0.2490E-01  0.1365E-01  0.1365E-01  0.1365E-01  0.0000E+00  0.0000E+00  0.0000E+00  0.0000E+00  0.0000E+00
     14.845  0.2626E-01  0.1626E-01  0.1626E-01  0.1626E-01  0.0000E+00  0.0000E+00  0.0000E+00  0.0000E+00  0.0000E+00
     14.991  0.2755E-01  0.1919E-01  0.1919E-01  0.1919E-01  0.0000E+00  0.0000E+00  0.0000E+00  0.0000E+00  0.0000E+00
     15.137  0.2873E-01  0.2313E-01  0.2313E-01  0.2313E-01  0.0000E+00  0.0000E+00  0.0000E+00  0.0000E+00  0.0000E+00
     15.282  0.2944E-01  0.2375E-01  0.2375E-01  0.2375E-01  0.0000E+00  0.0000E+00  0.0000E+00  0.0000E+00  0.0000E+00
     15.428  0.3021E-01  0.2489E-01  0.2489E-01  0.2489E-01  0.0000E+00  0.0000E+00  0.0000E+00  0.0000E+00  0.0000E+00
     15.573  0.3103E-01  0.2643E-01  0.2643E-01  0.2643E-01  0.0000E+00  0.0000E+00  0.0000E+00  0.0000E+00  0.0000E+00
     15.719  0.3182E-01  0.2783E-01  0.2783E-01  0.2783E-01  0.0000E+00  0.0000E+00  0.0000E+00  0.0000E+00  0.0000E+00
     15.865  0.3256E-01  0.2944E-01  0.2944E-01  0.2944E-01  0.0000E+00  0.0000E+00  0.0000E+00  0.0000E+00  0.0000E+00
     16.010  0.3314E-01  0.3100E-01  0.3100E-01  0.3100E-01  0.0000E+00  0.0000E+00  0.0000E+00  0.0000E+00  0.0000E+00
     16.156  0.3382E-01  0.3269E-01  0.3269E-01  0.3269E-01  0.0000E+00  0.0000E+00  0.0000E+00  0.0000E+00  0.0000E+00
     16.301  0.3456E-01  0.3452E-01  0.3452E-01  0.3452E-01  0.0000E+00  0.0000E+00  0.0000E+00  0.0000E+00  0.0000E+00
     16.447  0.3539E-01  0.3645E-01  0.3645E-01  0.3645E-01  0.0000E+00  0.0000E+00  0.0000E+00  0.0000E+00  0.0000E+00
     16.593  0.3622E-01  0.3859E-01  0.3859E-01  0.3859E-01  0.0000E+00  0.0000E+00  0.0000E+00  0.0000E+00  0.0000E+00
     16.738  0.3706E-01  0.4077E-01  0.4077E-01  0.4077E-01  0.0000E+00  0.0000E+00  0.0000E+00  0.0000E+00  0.0000E+00
     16.884  0.3804E-01  0.4322E-01  0.4322E-01  0.4322E-01  0.0000E+00  0.0000E+00  0.0000E+00  0.0000E+00  0.0000E+00
     17.029  0.3933E-01  0.4593E-01  0.4593E-01  0.4593E-01  0.0000E+00  0.0000E+00  0.0000E+00  0.0000E+00  0.0000E+00
     17.175  0.4081E-01  0.4896E-01  0.4896E-01  0.4896E-01  0.0000E+00  0.0000E+00  0.0000E+00  0.0000E+00  0.0000E+00
     17.321  0.4270E-01  0.5275E-01  0.5275E-01  0.5275E-01  0.0000E+00  0.0000E+00  0.0000E+00  0.0000E+00  0.0000E+00
     17.466  0.4512E-01  0.5726E-01  0.5726E-01  0.5726E-01  0.0000E+00  0.0000E+00  0.0000E+00  0.0000E+00  0.0000E+00
     17.612  0.4918E-01  0.6341E-01  0.6341E-01  0.6341E-01  0.0000E+00  0.0000E+00  0.0000E+00  0.0000E+00  0.0000E+00
     17.757  0.5880E-01  0.7958E-01  0.7958E-01  0.7958E-01  0.0000E+00  0.0000E+00  0.0000E+00  0.0000E+00  0.0000E+00
     17.903  0.6989E-01  0.8361E-01  0.8361E-01  0.8361E-01  0.0000E+00  0.0000E+00  0.0000E+00  0.0000E+00  0.0000E+00
     18.049  0.8554E-01  0.6683E-01  0.6683E-01  0.6683E-01  0.0000E+00  0.0000E+00  0.0000E+00  0.0000E+00  0.0000E+00
     18.194  0.8634E-01  0.7584E-01  0.7584E-01  0.7584E-01  0.0000E+00  0.0000E+00  0.0000E+00  0.0000E+00  0.0000E+00
     18.340  0.6765E-01  0.6297E-01  0.6297E-01  0.6297E-01  0.0000E+00  0.0000E+00  0.0000E+00  0.0000E+00  0.0000E+00
     18.486  0.6661E-01  0.6167E-01  0.6167E-01  0.6167E-01  0.0000E+00  0.0000E+00  0.0000E+00  0.0000E+00  0.0000E+00
     18.631  0.6331E-01  0.5890E-01  0.5890E-01  0.5890E-01  0.0000E+00  0.0000E+00  0.0000E+00  0.0000E+00  0.0000E+00
     18.777  0.5807E-01  0.5663E-01  0.5663E-01  0.5663E-01  0.0000E+00  0.0000E+00  0.0000E+00  0.0000E+00  0.0000E+00
     18.922  0.5617E-01  0.5590E-01  0.5590E-01  0.5590E-01  0.0000E+00  0.0000E+00  0.0000E+00  0.0000E+00  0.0000E+00
     19.068  0.5567E-01  0.5615E-01  0.5615E-01  0.5615E-01  0.0000E+00  0.0000E+00  0.0000E+00  0.0000E+00  0.0000E+00
     19.214  0.5040E-01  0.5386E-01  0.5386E-01  0.5386E-01  0.0000E+00  0.0000E+00  0.0000E+00  0.0000E+00  0.0000E+00
     19.359  0.5068E-01  0.5449E-01  0.5449E-01  0.5449E-01  0.0000E+00  0.0000E+00  0.0000E+00  0.0000E+00  0.0000E+00
     19.505  0.4886E-01  0.5530E-01  0.5530E-01  0.5530E-01  0.0000E+00  0.0000E+00  0.0000E+00  0.0000E+00  0.0000E+00
     19.650  0.4697E-01  0.5570E-01  0.5570E-01  0.5570E-01  0.0000E+00  0.0000E+00  0.0000E+00  0.0000E+00  0.0000E+00
     19.796  0.4544E-01  0.5484E-01  0.5484E-01  0.5484E-01  0.0000E+00  0.0000E+00  0.0000E+00  0.0000E+00  0.0000E+00
     19.942  0.4327E-01  0.5292E-01  0.5292E-01  0.5292E-01  0.0000E+00  0.0000E+00  0.0000E+00  0.0000E+00  0.0000E+00
     20.087  0.4336E-01  0.5252E-01  0.5252E-01  0.5252E-01  0.0000E+00  0.0000E+00  0.0000E+00  0.0000E+00  0.0000E+00
     20.233  0.4641E-01  0.5429E-01  0.5429E-01  0.5429E-01  0.0000E+00  0.0000E+00  0.0000E+00  0.0000E+00  0.0000E+00
     20.378  0.3566E-01  0.4470E-01  0.4470E-01  0.4470E-01  0.0000E+00  0.0000E+00  0.0000E+00  0.0000E+00  0.0000E+00
     20.524  0.3088E-01  0.4155E-01  0.4155E-01  0.4155E-01  0.0000E+00  0.0000E+00  0.0000E+00  0.0000E+00  0.0000E+00
     20.670  0.3424E-01  0.4258E-01  0.4258E-01  0.4258E-01  0.0000E+00  0.0000E+00  0.0000E+00  0.0000E+00  0.0000E+00
     20.815  0.3976E-01  0.4558E-01  0.4558E-01  0.4558E-01  0.0000E+00  0.0000E+00  0.0000E+00  0.0000E+00  0.0000E+00
     20.961  0.4728E-01  0.4932E-01  0.4932E-01  0.4932E-01  0.0000E+00  0.0000E+00  0.0000E+00  0.0000E+00  0.0000E+00
     21.106  0.4612E-01  0.4722E-01  0.4722E-01  0.4722E-01  0.0000E+00  0.0000E+00  0.0000E+00  0.0000E+00  0.0000E+00
     21.252  0.4753E-01  0.4680E-01  0.4680E-01  0.4680E-01  0.0000E+00  0.0000E+00  0.0000E+00  0.0000E+00  0.0000E+00
     21.398  0.5261E-01  0.4957E-01  0.4957E-01  0.4957E-01  0.0000E+00  0.0000E+00  0.0000E+00  0.0000E+00  0.0000E+00
     21.543  0.5120E-01  0.4963E-01  0.4963E-01  0.4963E-01  0.0000E+00  0.0000E+00  0.0000E+00  0.0000E+00  0.0000E+00
     21.689  0.5599E-01  0.5306E-01  0.5306E-01  0.5306E-01  0.0000E+00  0.0000E+00  0.0000E+00  0.0000E+00  0.0000E+00
     21.834  0.5576E-01  0.5399E-01  0.5399E-01  0.5399E-01  0.0000E+00  0.0000E+00  0.0000E+00  0.0000E+00  0.0000E+00
     21.980  0.5561E-01  0.5400E-01  0.5400E-01  0.5400E-01  0.0000E+00  0.0000E+00  0.0000E+00  0.0000E+00  0.0000E+00
     22.126  0.5546E-01  0.5354E-01  0.5354E-01  0.5354E-01  0.0000E+00  0.0000E+00  0.0000E+00  0.0000E+00  0.0000E+00
     22.271  0.5831E-01  0.5648E-01  0.5648E-01  0.5648E-01  0.0000E+00  0.0000E+00  0.0000E+00  0.0000E+00  0.0000E+00
     22.417  0.6390E-01  0.5618E-01  0.5618E-01  0.5618E-01  0.0000E+00  0.0000E+00  0.0000E+00  0.0000E+00  0.0000E+00
     22.562  0.8797E-01  0.5822E-01  0.5822E-01  0.5822E-01  0.0000E+00  0.0000E+00  0.0000E+00  0.0000E+00  0.0000E+00
     22.708  0.1037E+00  0.6020E-01  0.6020E-01  0.6020E-01  0.0000E+00  0.0000E+00  0.0000E+00  0.0000E+00  0.0000E+00
     22.854  0.9265E-01  0.6573E-01  0.6573E-01  0.6573E-01  0.0000E+00  0.0000E+00  0.0000E+00  0.0000E+00  0.0000E+00
     22.999  0.8614E-01  0.6589E-01  0.6589E-01  0.6589E-01  0.0000E+00  0.0000E+00  0.0000E+00  0.0000E+00  0.0000E+00
     23.145  0.8692E-01  0.6804E-01  0.6804E-01  0.6804E-01  0.0000E+00  0.0000E+00  0.0000E+00  0.0000E+00  0.0000E+00
     23.291  0.7172E-01  0.6749E-01  0.6749E-01  0.6749E-01  0.0000E+00  0.0000E+00  0.0000E+00  0.0000E+00  0.0000E+00
     23.436  0.5450E-01  0.6190E-01  0.6190E-01  0.6190E-01  0.0000E+00  0.0000E+00  0.0000E+00  0.0000E+00  0.0000E+00
     23.582  0.4616E-01  0.6120E-01  0.6120E-01  0.6120E-01  0.0000E+00  0.0000E+00  0.0000E+00  0.0000E+00  0.0000E+00
     23.727  0.4163E-01  0.6285E-01  0.6285E-01  0.6285E-01  0.0000E+00  0.0000E+00  0.0000E+00  0.0000E+00  0.0000E+00
     23.873  0.3978E-01  0.6746E-01  0.6746E-01  0.6746E-01  0.0000E+00  0.0000E+00  0.0000E+00  0.0000E+00  0.0000E+00
     24.019  0.4542E-01  0.8129E-01  0.8129E-01  0.8129E-01  0.0000E+00  0.0000E+00  0.0000E+00  0.0000E+00  0.0000E+00
     24.164  0.4726E-01  0.9117E-01  0.9117E-01  0.9117E-01  0.0000E+00  0.0000E+00  0.0000E+00  0.0000E+00  0.0000E+00
     24.310  0.4162E-01  0.8327E-01  0.8327E-01  0.8327E-01  0.0000E+00  0.0000E+00  0.0000E+00  0.0000E+00  0.0000E+00
     24.455  0.3372E-01  0.7606E-01  0.7606E-01  0.7606E-01  0.0000E+00  0.0000E+00  0.0000E+00  0.0000E+00  0.0000E+00
     24.601  0.2825E-01  0.7029E-01  0.7029E-01  0.7029E-01  0.0000E+00  0.0000E+00  0.0000E+00  0.0000E+00  0.0000E+00
     24.747  0.2415E-01  0.6645E-01  0.6645E-01  0.6645E-01  0.0000E+00  0.0000E+00  0.0000E+00  0.0000E+00  0.0000E+00
     24.892  0.2059E-01  0.6378E-01  0.6378E-01  0.6378E-01  0.0000E+00  0.0000E+00  0.0000E+00  0.0000E+00  0.0000E+00
     25.038  0.1705E-01  0.6047E-01  0.6047E-01  0.6047E-01  0.0000E+00  0.0000E+00  0.0000E+00  0.0000E+00  0.0000E+00
     25.183  0.1414E-01  0.5768E-01  0.5768E-01  0.5768E-01  0.0000E+00  0.0000E+00  0.0000E+00  0.0000E+00  0.0000E+00
     25.329  0.1128E-01  0.5467E-01  0.5467E-01  0.5467E-01  0.0000E+00  0.0000E+00  0.0000E+00  0.0000E+00  0.0000E+00
     25.475  0.8508E-02  0.5245E-01  0.5245E-01  0.5245E-01  0.0000E+00  0.0000E+00  0.0000E+00  0.0000E+00  0.0000E+00
     25.620  0.5902E-02  0.4974E-01  0.4974E-01  0.4974E-01  0.0000E+00  0.0000E+00  0.0000E+00  0.0000E+00  0.0000E+00
     25.766  0.3717E-02  0.3065E-01  0.3065E-01  0.3065E-01  0.0000E+00  0.0000E+00  0.0000E+00  0.0000E+00  0.0000E+00
     25.911  0.2652E-02  0.2349E-01  0.2349E-01  0.2349E-01  0.0000E+00  0.0000E+00  0.0000E+00  0.0000E+00  0.0000E+00
     26.057  0.1894E-02  0.2062E-01  0.2062E-01  0.2062E-01  0.0000E+00  0.0000E+00  0.0000E+00  0.0000E+00  0.0000E+00
     26.203  0.1241E-02  0.1769E-01  0.1769E-01  0.1769E-01  0.0000E+00  0.0000E+00  0.0000E+00  0.0000E+00  0.0000E+00
     26.348  0.6947E-03  0.1436E-01  0.1436E-01  0.1436E-01  0.0000E+00  0.0000E+00  0.0000E+00  0.0000E+00  0.0000E+00
     26.494  0.3002E-03  0.1113E-01  0.1113E-01  0.1113E-01  0.0000E+00  0.0000E+00  0.0000E+00  0.0000E+00  0.0000E+00
     26.639  0.5033E-04  0.6100E-02  0.6100E-02  0.6100E-02  0.0000E+00  0.0000E+00  0.0000E+00  0.0000E+00  0.0000E+00
     26.785  0.0000E+00  0.0000E+00  0.0000E+00  0.0000E+00  0.0000E+00  0.0000E+00  0.0000E+00  0.0000E+00  0.0000E+00
     26.931  0.0000E+00  0.0000E+00  0.0000E+00  0.0000E+00  0.0000E+00  0.0000E+00  0.0000E+00  0.0000E+00  0.0000E+00
     27.076  0.0000E+00  0.0000E+00  0.0000E+00  0.0000E+00  0.0000E+00  0.0000E+00  0.0000E+00  0.0000E+00  0.0000E+00
     27.222  0.0000E+00  0.0000E+00  0.0000E+00  0.0000E+00  0.0000E+00  0.0000E+00  0.0000E+00  0.0000E+00  0.0000E+00
     27.367  0.0000E+00  0.0000E+00  0.0000E+00  0.0000E+00  0.0000E+00  0.0000E+00  0.0000E+00  0.0000E+00  0.0000E+00
     27.513  0.0000E+00  0.0000E+00  0.0000E+00  0.0000E+00  0.0000E+00  0.0000E+00  0.0000E+00  0.0000E+00  0.0000E+00
     27.659  0.0000E+00  0.0000E+00  0.0000E+00  0.0000E+00  0.0000E+00  0.0000E+00  0.0000E+00  0.0000E+00  0.0000E+00
     27.804  0.0000E+00  0.0000E+00  0.0000E+00  0.0000E+00  0.0000E+00  0.0000E+00  0.0000E+00  0.0000E+00  0.0000E+00
     27.950  0.0000E+00  0.0000E+00  0.0000E+00  0.0000E+00  0.0000E+00  0.0000E+00  0.0000E+00  0.0000E+00  0.0000E+00
     28.095  0.0000E+00  0.0000E+00  0.0000E+00  0.0000E+00  0.0000E+00  0.0000E+00  0.0000E+00  0.0000E+00  0.0000E+00
     28.241  0.0000E+00  0.0000E+00  0.0000E+00  0.0000E+00  0.0000E+00  0.0000E+00  0.0000E+00  0.0000E+00  0.0000E+00
     28.387  0.0000E+00  0.0000E+00  0.0000E+00  0.0000E+00  0.0000E+00  0.0000E+00  0.0000E+00  0.0000E+00  0.0000E+00
     28.532  0.0000E+00  0.0000E+00  0.0000E+00  0.0000E+00  0.0000E+00  0.0000E+00  0.0000E+00  0.0000E+00  0.0000E+00
     28.678  0.0000E+00  0.0000E+00  0.0000E+00  0.0000E+00  0.0000E+00  0.0000E+00  0.0000E+00  0.0000E+00  0.0000E+00
