   2   2   1   0
  0.5373168E+01  0.2476995E-09  0.2476995E-09  0.2476995E-09  0.5000000E-15
  1.000000000000000E-004
  CAR 
 C                                       
     31.34670486    -15.05393673  301     10.50955373      1.00000000
    -15.054  0.0000E+00  0.0000E+00
    -14.899  0.0000E+00  0.0000E+00
    -14.745  0.0000E+00  0.0000E+00
    -14.590  0.0000E+00  0.0000E+00
    -14.435  0.0000E+00  0.0000E+00
    -14.281  0.0000E+00  0.0000E+00
    -14.126  0.0000E+00  0.0000E+00
    -13.971  0.0000E+00  0.0000E+00
    -13.817  0.0000E+00  0.0000E+00
    -13.662  0.0000E+00  0.0000E+00
    -13.507  0.0000E+00  0.0000E+00
    -13.353  0.0000E+00  0.0000E+00
    -13.198  0.0000E+00  0.0000E+00
    -13.043  0.0000E+00  0.0000E+00
    -12.889  0.2477E-01  0.7302E-03
    -12.734  0.5686E-01  0.6118E-02
    -12.579  0.6144E-01  0.1428E-01
    -12.425  0.7152E-01  0.2445E-01
    -12.270  0.8188E-01  0.3633E-01
    -12.115  0.9112E-01  0.4968E-01
    -11.961  0.9914E-01  0.6439E-01
    -11.806  0.1070E+00  0.8037E-01
    -11.651  0.1145E+00  0.9748E-01
    -11.497  0.1211E+00  0.1157E+00
    -11.342  0.1280E+00  0.1350E+00
    -11.187  0.1341E+00  0.1553E+00
    -11.033  0.1405E+00  0.1765E+00
    -10.878  0.1462E+00  0.1987E+00
    -10.723  0.1522E+00  0.2218E+00
    -10.569  0.1576E+00  0.2457E+00
    -10.414  0.1634E+00  0.2705E+00
    -10.259  0.1686E+00  0.2962E+00
    -10.105  0.1740E+00  0.3227E+00
     -9.950  0.1793E+00  0.3500E+00
     -9.795  0.1844E+00  0.3782E+00
     -9.641  0.1897E+00  0.4071E+00
     -9.486  0.1947E+00  0.4368E+00
     -9.331  0.1998E+00  0.4673E+00
     -9.177  0.2050E+00  0.4986E+00
     -9.022  0.2100E+00  0.5307E+00
     -8.867  0.2152E+00  0.5636E+00
     -8.713  0.2204E+00  0.5973E+00
     -8.558  0.2256E+00  0.6318E+00
     -8.403  0.2310E+00  0.6671E+00
     -8.249  0.2365E+00  0.7032E+00
     -8.094  0.2422E+00  0.7403E+00
     -7.939  0.2481E+00  0.7782E+00
     -7.785  0.2543E+00  0.8170E+00
     -7.630  0.2609E+00  0.8569E+00
     -7.475  0.2681E+00  0.8978E+00
     -7.320  0.2762E+00  0.9398E+00
     -7.166  0.2854E+00  0.9833E+00
     -7.011  0.2969E+00  0.1028E+01
     -6.856  0.3128E+00  0.1075E+01
     -6.702  0.3494E+00  0.1126E+01
     -6.547  0.3683E+00  0.1181E+01
     -6.392  0.3438E+00  0.1235E+01
     -6.238  0.3348E+00  0.1287E+01
     -6.083  0.3236E+00  0.1338E+01
     -5.928  0.3116E+00  0.1387E+01
     -5.774  0.3053E+00  0.1435E+01
     -5.619  0.2946E+00  0.1481E+01
     -5.464  0.2836E+00  0.1526E+01
     -5.310  0.2757E+00  0.1569E+01
     -5.155  0.2651E+00  0.1611E+01
     -5.000  0.2545E+00  0.1651E+01
     -4.846  0.2461E+00  0.1689E+01
     -4.691  0.2349E+00  0.1727E+01
     -4.536  0.2254E+00  0.1762E+01
     -4.382  0.2149E+00  0.1796E+01
     -4.227  0.2047E+00  0.1829E+01
     -4.072  0.2274E+00  0.1861E+01
     -3.918  0.2488E+00  0.1898E+01
     -3.763  0.2644E+00  0.1937E+01
     -3.608  0.2726E+00  0.1978E+01
     -3.454  0.2586E+00  0.2020E+01
     -3.299  0.2201E+00  0.2057E+01
     -3.144  0.2260E+00  0.2091E+01
     -2.990  0.2369E+00  0.2126E+01
     -2.835  0.2610E+00  0.2165E+01
     -2.680  0.2939E+00  0.2207E+01
     -2.526  0.3445E+00  0.2256E+01
     -2.371  0.4177E+00  0.2315E+01
     -2.216  0.5238E+00  0.2386E+01
     -2.062  0.6386E+00  0.2479E+01
     -1.907  0.5458E+00  0.2571E+01
     -1.752  0.4432E+00  0.2645E+01
     -1.598  0.4048E+00  0.2711E+01
     -1.443  0.3704E+00  0.2770E+01
     -1.288  0.3511E+00  0.2826E+01
     -1.134  0.3269E+00  0.2879E+01
     -0.979  0.3136E+00  0.2928E+01
     -0.824  0.2941E+00  0.2975E+01
     -0.670  0.2838E+00  0.3020E+01
     -0.515  0.2688E+00  0.3063E+01
     -0.360  0.2582E+00  0.3103E+01
     -0.206  0.2485E+00  0.3143E+01
     -0.051  0.2352E+00  0.3180E+01
      0.104  0.2479E+00  0.3216E+01
      0.258  0.3105E+00  0.3260E+01
      0.413  0.3411E+00  0.3310E+01
      0.568  0.3766E+00  0.3365E+01
      0.722  0.4147E+00  0.3426E+01
      0.877  0.5005E+00  0.3496E+01
      1.032  0.4944E+00  0.3572E+01
      1.186  0.4725E+00  0.3647E+01
      1.341  0.4679E+00  0.3719E+01
      1.496  0.4584E+00  0.3791E+01
      1.650  0.4712E+00  0.3863E+01
      1.805  0.4715E+00  0.3935E+01
      1.960  0.4802E+00  0.4009E+01
      2.114  0.4850E+00  0.4083E+01
      2.269  0.4990E+00  0.4159E+01
      2.424  0.5088E+00  0.4237E+01
      2.578  0.5166E+00  0.4316E+01
      2.733  0.5396E+00  0.4398E+01
      2.888  0.5502E+00  0.4482E+01
      3.042  0.5735E+00  0.4569E+01
      3.197  0.5946E+00  0.4659E+01
      3.352  0.6461E+00  0.4754E+01
      3.506  0.7299E+00  0.4858E+01
      3.661  0.7431E+00  0.4971E+01
      3.816  0.7224E+00  0.5083E+01
      3.970  0.7125E+00  0.5194E+01
      4.125  0.7025E+00  0.5303E+01
      4.280  0.6950E+00  0.5411E+01
      4.434  0.6897E+00  0.5518E+01
      4.589  0.6813E+00  0.5624E+01
      4.744  0.6706E+00  0.5729E+01
      4.898  0.6672E+00  0.5832E+01
      5.053  0.6588E+00  0.5935E+01
      5.208  0.6518E+00  0.6036E+01
      5.362  0.6449E+00  0.6137E+01
      5.517  0.6373E+00  0.6236E+01
      5.672  0.6317E+00  0.6334E+01
      5.826  0.6243E+00  0.6431E+01
      5.981  0.6172E+00  0.6527E+01
      6.136  0.6107E+00  0.6622E+01
      6.290  0.6046E+00  0.6716E+01
      6.445  0.5962E+00  0.6809E+01
      6.600  0.5900E+00  0.6901E+01
      6.754  0.5836E+00  0.6991E+01
      6.909  0.5791E+00  0.7081E+01
      7.064  0.5693E+00  0.7170E+01
      7.218  0.5660E+00  0.7258E+01
      7.373  0.5544E+00  0.7345E+01
      7.528  0.4512E+00  0.7419E+01
      7.682  0.3909E+00  0.7483E+01
      7.837  0.3583E+00  0.7541E+01
      7.992  0.3242E+00  0.7593E+01
      8.146  0.2967E+00  0.7641E+01
      8.301  0.2715E+00  0.7685E+01
      8.456  0.2501E+00  0.7726E+01
      8.610  0.2293E+00  0.7763E+01
      8.765  0.2095E+00  0.7797E+01
      8.920  0.1923E+00  0.7828E+01
      9.074  0.1750E+00  0.7856E+01
      9.229  0.1587E+00  0.7882E+01
      9.384  0.1428E+00  0.7905E+01
      9.538  0.1273E+00  0.7926E+01
      9.693  0.1128E+00  0.7945E+01
      9.848  0.9675E-01  0.7961E+01
     10.002  0.8134E-01  0.7975E+01
     10.157  0.6469E-01  0.7986E+01
     10.312  0.4707E-01  0.7995E+01
     10.466  0.2734E-01  0.8000E+01
     10.621  0.0000E+00  0.8000E+01
     10.776  0.0000E+00  0.8000E+01
     10.930  0.0000E+00  0.8000E+01
     11.085  0.0000E+00  0.8000E+01
     11.240  0.0000E+00  0.8000E+01
     11.394  0.0000E+00  0.8000E+01
     11.549  0.0000E+00  0.8000E+01
     11.704  0.0000E+00  0.8000E+01
     11.858  0.0000E+00  0.8000E+01
     12.013  0.0000E+00  0.8000E+01
     12.168  0.0000E+00  0.8000E+01
     12.322  0.0000E+00  0.8000E+01
     12.477  0.0000E+00  0.8000E+01
     12.632  0.0000E+00  0.8000E+01
     12.786  0.0000E+00  0.8000E+01
     12.941  0.0000E+00  0.8000E+01
     13.096  0.0000E+00  0.8000E+01
     13.250  0.0000E+00  0.8000E+01
     13.405  0.0000E+00  0.8000E+01
     13.560  0.0000E+00  0.8000E+01
     13.714  0.0000E+00  0.8000E+01
     13.869  0.0000E+00  0.8000E+01
     14.024  0.0000E+00  0.8000E+01
     14.178  0.0000E+00  0.8000E+01
     14.333  0.0000E+00  0.8000E+01
     14.488  0.0000E+00  0.8000E+01
     14.642  0.0000E+00  0.8000E+01
     14.797  0.0000E+00  0.8000E+01
     14.952  0.0000E+00  0.8000E+01
     15.106  0.7124E-01  0.8005E+01
     15.261  0.9648E-01  0.8016E+01
     15.416  0.1207E+00  0.8032E+01
     15.570  0.1526E+00  0.8053E+01
     15.725  0.1895E+00  0.8080E+01
     15.880  0.2275E+00  0.8112E+01
     16.034  0.2656E+00  0.8150E+01
     16.189  0.2908E+00  0.8192E+01
     16.344  0.3251E+00  0.8240E+01
     16.498  0.3716E+00  0.8293E+01
     16.653  0.4033E+00  0.8353E+01
     16.808  0.4146E+00  0.8416E+01
     16.963  0.4310E+00  0.8481E+01
     17.117  0.4500E+00  0.8549E+01
     17.272  0.4689E+00  0.8620E+01
     17.427  0.4866E+00  0.8694E+01
     17.581  0.5058E+00  0.8771E+01
     17.736  0.5258E+00  0.8851E+01
     17.891  0.5469E+00  0.8934E+01
     18.045  0.5698E+00  0.9020E+01
     18.200  0.5920E+00  0.9110E+01
     18.355  0.6171E+00  0.9203E+01
     18.509  0.6441E+00  0.9301E+01
     18.664  0.6766E+00  0.9403E+01
     18.819  0.7121E+00  0.9510E+01
     18.973  0.7587E+00  0.9624E+01
     19.128  0.8239E+00  0.9746E+01
     19.283  0.9771E+00  0.9882E+01
     19.437  0.1042E+01  0.1004E+02
     19.592  0.9413E+00  0.1019E+02
     19.747  0.7831E+00  0.1032E+02
     19.901  0.8110E+00  0.1043E+02
     20.056  0.8796E+00  0.1057E+02
     20.211  0.8073E+00  0.1069E+02
     20.365  0.8364E+00  0.1081E+02
     20.520  0.8280E+00  0.1094E+02
     20.675  0.7880E+00  0.1106E+02
     20.829  0.7716E+00  0.1119E+02
     20.984  0.7710E+00  0.1131E+02
     21.139  0.7767E+00  0.1142E+02
     21.293  0.7634E+00  0.1154E+02
     21.448  0.7321E+00  0.1166E+02
     21.603  0.7154E+00  0.1177E+02
     21.757  0.6850E+00  0.1188E+02
     21.912  0.6540E+00  0.1198E+02
     22.067  0.6554E+00  0.1208E+02
     22.221  0.6053E+00  0.1218E+02
     22.376  0.5147E+00  0.1227E+02
     22.531  0.4668E+00  0.1234E+02
     22.685  0.4547E+00  0.1241E+02
     22.840  0.4931E+00  0.1249E+02
     22.995  0.4901E+00  0.1256E+02
     23.149  0.5236E+00  0.1264E+02
     23.304  0.5313E+00  0.1272E+02
     23.459  0.5482E+00  0.1280E+02
     23.613  0.6062E+00  0.1289E+02
     23.768  0.5839E+00  0.1298E+02
     23.923  0.6000E+00  0.1308E+02
     24.077  0.6112E+00  0.1317E+02
     24.232  0.6513E+00  0.1327E+02
     24.387  0.6507E+00  0.1337E+02
     24.541  0.6482E+00  0.1347E+02
     24.696  0.6399E+00  0.1357E+02
     24.851  0.6660E+00  0.1367E+02
     25.005  0.6727E+00  0.1377E+02
     25.160  0.6844E+00  0.1388E+02
     25.315  0.7025E+00  0.1398E+02
     25.469  0.7125E+00  0.1409E+02
     25.624  0.7897E+00  0.1421E+02
     25.779  0.9095E+00  0.1434E+02
     25.933  0.8994E+00  0.1447E+02
     26.088  0.7670E+00  0.1459E+02
     26.243  0.7305E+00  0.1471E+02
     26.397  0.8063E+00  0.1483E+02
     26.552  0.8436E+00  0.1495E+02
     26.707  0.7962E+00  0.1508E+02
     26.861  0.7201E+00  0.1520E+02
     27.016  0.6628E+00  0.1531E+02
     27.171  0.6318E+00  0.1541E+02
     27.325  0.5966E+00  0.1550E+02
     27.480  0.5832E+00  0.1559E+02
     27.635  0.6076E+00  0.1568E+02
     27.789  0.4897E+00  0.1578E+02
     27.944  0.2374E+00  0.1581E+02
     28.099  0.2155E+00  0.1585E+02
     28.253  0.1957E+00  0.1588E+02
     28.408  0.1736E+00  0.1591E+02
     28.563  0.1518E+00  0.1593E+02
     28.717  0.1310E+00  0.1596E+02
     28.872  0.1048E+00  0.1597E+02
     29.027  0.7799E-01  0.1599E+02
     29.181  0.4892E-01  0.1600E+02
     29.336  0.2180E-02  0.1600E+02
     29.491  0.0000E+00  0.1600E+02
     29.645  0.0000E+00  0.1600E+02
     29.800  0.0000E+00  0.1600E+02
     29.955  0.0000E+00  0.1600E+02
     30.109  0.0000E+00  0.1600E+02
     30.264  0.0000E+00  0.1600E+02
     30.419  0.0000E+00  0.1600E+02
     30.573  0.0000E+00  0.1600E+02
     30.728  0.0000E+00  0.1600E+02
     30.883  0.0000E+00  0.1600E+02
     31.037  0.0000E+00  0.1600E+02
     31.192  0.0000E+00  0.1600E+02
     31.347  0.0000E+00  0.1600E+02
     31.34670486    -15.05393673  301     10.50955373      1.00000000
    -15.054  0.0000E+00  0.0000E+00  0.0000E+00  0.0000E+00  0.0000E+00  0.0000E+00  0.0000E+00  0.0000E+00  0.0000E+00
    -14.899  0.0000E+00  0.0000E+00  0.0000E+00  0.0000E+00  0.0000E+00  0.0000E+00  0.0000E+00  0.0000E+00  0.0000E+00
    -14.745  0.0000E+00  0.0000E+00  0.0000E+00  0.0000E+00  0.0000E+00  0.0000E+00  0.0000E+00  0.0000E+00  0.0000E+00
    -14.590  0.0000E+00  0.0000E+00  0.0000E+00  0.0000E+00  0.0000E+00  0.0000E+00  0.0000E+00  0.0000E+00  0.0000E+00
    -14.435  0.0000E+00  0.0000E+00  0.0000E+00  0.0000E+00  0.0000E+00  0.0000E+00  0.0000E+00  0.0000E+00  0.0000E+00
    -14.281  0.0000E+00  0.0000E+00  0.0000E+00  0.0000E+00  0.0000E+00  0.0000E+00  0.0000E+00  0.0000E+00  0.0000E+00
    -14.126  0.0000E+00  0.0000E+00  0.0000E+00  0.0000E+00  0.0000E+00  0.0000E+00  0.0000E+00  0.0000E+00  0.0000E+00
    -13.971  0.0000E+00  0.0000E+00  0.0000E+00  0.0000E+00  0.0000E+00  0.0000E+00  0.0000E+00  0.0000E+00  0.0000E+00
    -13.817  0.0000E+00  0.0000E+00  0.0000E+00  0.0000E+00  0.0000E+00  0.0000E+00  0.0000E+00  0.0000E+00  0.0000E+00
    -13.662  0.0000E+00  0.0000E+00  0.0000E+00  0.0000E+00  0.0000E+00  0.0000E+00  0.0000E+00  0.0000E+00  0.0000E+00
    -13.507  0.0000E+00  0.0000E+00  0.0000E+00  0.0000E+00  0.0000E+00  0.0000E+00  0.0000E+00  0.0000E+00  0.0000E+00
    -13.353  0.0000E+00  0.0000E+00  0.0000E+00  0.0000E+00  0.0000E+00  0.0000E+00  0.0000E+00  0.0000E+00  0.0000E+00
    -13.198  0.0000E+00  0.0000E+00  0.0000E+00  0.0000E+00  0.0000E+00  0.0000E+00  0.0000E+00  0.0000E+00  0.0000E+00
    -13.043  0.0000E+00  0.0000E+00  0.0000E+00  0.0000E+00  0.0000E+00  0.0000E+00  0.0000E+00  0.0000E+00  0.0000E+00
    -12.889  0.7171E-02  0.5772E-05  0.5772E-05  0.5772E-05  0.0000E+00  0.0000E+00  0.0000E+00  0.0000E+00  0.0000E+00
    -12.734  0.1639E-01  0.4791E-04  0.4791E-04  0.4791E-04  0.0000E+00  0.0000E+00  0.0000E+00  0.0000E+00  0.0000E+00
    -12.579  0.1761E-01  0.9842E-04  0.9842E-04  0.9842E-04  0.0000E+00  0.0000E+00  0.0000E+00  0.0000E+00  0.0000E+00
    -12.425  0.2039E-01  0.1632E-03  0.1632E-03  0.1632E-03  0.0000E+00  0.0000E+00  0.0000E+00  0.0000E+00  0.0000E+00
    -12.270  0.2323E-01  0.2404E-03  0.2404E-03  0.2404E-03  0.0000E+00  0.0000E+00  0.0000E+00  0.0000E+00  0.0000E+00
    -12.115  0.2573E-01  0.3267E-03  0.3267E-03  0.3267E-03  0.0000E+00  0.0000E+00  0.0000E+00  0.0000E+00  0.0000E+00
    -11.961  0.2786E-01  0.4233E-03  0.4233E-03  0.4233E-03  0.0000E+00  0.0000E+00  0.0000E+00  0.0000E+00  0.0000E+00
    -11.806  0.2991E-01  0.5263E-03  0.5263E-03  0.5263E-03  0.0000E+00  0.0000E+00  0.0000E+00  0.0000E+00  0.0000E+00
    -11.651  0.3186E-01  0.6349E-03  0.6349E-03  0.6349E-03  0.0000E+00  0.0000E+00  0.0000E+00  0.0000E+00  0.0000E+00
    -11.497  0.3355E-01  0.7532E-03  0.7532E-03  0.7532E-03  0.0000E+00  0.0000E+00  0.0000E+00  0.0000E+00  0.0000E+00
    -11.342  0.3530E-01  0.8741E-03  0.8741E-03  0.8741E-03  0.0000E+00  0.0000E+00  0.0000E+00  0.0000E+00  0.0000E+00
    -11.187  0.3680E-01  0.1005E-02  0.1005E-02  0.1005E-02  0.0000E+00  0.0000E+00  0.0000E+00  0.0000E+00  0.0000E+00
    -11.033  0.3837E-01  0.1137E-02  0.1137E-02  0.1137E-02  0.0000E+00  0.0000E+00  0.0000E+00  0.0000E+00  0.0000E+00
    -10.878  0.3975E-01  0.1279E-02  0.1279E-02  0.1279E-02  0.0000E+00  0.0000E+00  0.0000E+00  0.0000E+00  0.0000E+00
    -10.723  0.4121E-01  0.1421E-02  0.1421E-02  0.1421E-02  0.0000E+00  0.0000E+00  0.0000E+00  0.0000E+00  0.0000E+00
    -10.569  0.4247E-01  0.1573E-02  0.1573E-02  0.1573E-02  0.0000E+00  0.0000E+00  0.0000E+00  0.0000E+00  0.0000E+00
    -10.414  0.4383E-01  0.1725E-02  0.1725E-02  0.1725E-02  0.0000E+00  0.0000E+00  0.0000E+00  0.0000E+00  0.0000E+00
    -10.259  0.4503E-01  0.1886E-02  0.1886E-02  0.1886E-02  0.0000E+00  0.0000E+00  0.0000E+00  0.0000E+00  0.0000E+00
    -10.105  0.4628E-01  0.2049E-02  0.2049E-02  0.2049E-02  0.0000E+00  0.0000E+00  0.0000E+00  0.0000E+00  0.0000E+00
     -9.950  0.4749E-01  0.2217E-02  0.2217E-02  0.2217E-02  0.0000E+00  0.0000E+00  0.0000E+00  0.0000E+00  0.0000E+00
     -9.795  0.4865E-01  0.2390E-02  0.2390E-02  0.2390E-02  0.0000E+00  0.0000E+00  0.0000E+00  0.0000E+00  0.0000E+00
     -9.641  0.4988E-01  0.2562E-02  0.2562E-02  0.2562E-02  0.0000E+00  0.0000E+00  0.0000E+00  0.0000E+00  0.0000E+00
     -9.486  0.5097E-01  0.2746E-02  0.2746E-02  0.2746E-02  0.0000E+00  0.0000E+00  0.0000E+00  0.0000E+00  0.0000E+00
     -9.331  0.5213E-01  0.2929E-02  0.2929E-02  0.2929E-02  0.0000E+00  0.0000E+00  0.0000E+00  0.0000E+00  0.0000E+00
     -9.177  0.5330E-01  0.3115E-02  0.3115E-02  0.3115E-02  0.0000E+00  0.0000E+00  0.0000E+00  0.0000E+00  0.0000E+00
     -9.022  0.5442E-01  0.3309E-02  0.3309E-02  0.3309E-02  0.0000E+00  0.0000E+00  0.0000E+00  0.0000E+00  0.0000E+00
     -8.867  0.5560E-01  0.3503E-02  0.3503E-02  0.3503E-02  0.0000E+00  0.0000E+00  0.0000E+00  0.0000E+00  0.0000E+00
     -8.713  0.5678E-01  0.3702E-02  0.3702E-02  0.3702E-02  0.0000E+00  0.0000E+00  0.0000E+00  0.0000E+00  0.0000E+00
     -8.558  0.5796E-01  0.3906E-02  0.3906E-02  0.3906E-02  0.0000E+00  0.0000E+00  0.0000E+00  0.0000E+00  0.0000E+00
     -8.403  0.5922E-01  0.4110E-02  0.4110E-02  0.4110E-02  0.0000E+00  0.0000E+00  0.0000E+00  0.0000E+00  0.0000E+00
     -8.249  0.6050E-01  0.4321E-02  0.4321E-02  0.4321E-02  0.0000E+00  0.0000E+00  0.0000E+00  0.0000E+00  0.0000E+00
     -8.094  0.6184E-01  0.4537E-02  0.4537E-02  0.4537E-02  0.0000E+00  0.0000E+00  0.0000E+00  0.0000E+00  0.0000E+00
     -7.939  0.6327E-01  0.4754E-02  0.4754E-02  0.4754E-02  0.0000E+00  0.0000E+00  0.0000E+00  0.0000E+00  0.0000E+00
     -7.785  0.6480E-01  0.4977E-02  0.4977E-02  0.4977E-02  0.0000E+00  0.0000E+00  0.0000E+00  0.0000E+00  0.0000E+00
     -7.630  0.6646E-01  0.5208E-02  0.5208E-02  0.5208E-02  0.0000E+00  0.0000E+00  0.0000E+00  0.0000E+00  0.0000E+00
     -7.475  0.6833E-01  0.5442E-02  0.5442E-02  0.5442E-02  0.0000E+00  0.0000E+00  0.0000E+00  0.0000E+00  0.0000E+00
     -7.320  0.7047E-01  0.5684E-02  0.5684E-02  0.5684E-02  0.0000E+00  0.0000E+00  0.0000E+00  0.0000E+00  0.0000E+00
     -7.166  0.7301E-01  0.5946E-02  0.5946E-02  0.5946E-02  0.0000E+00  0.0000E+00  0.0000E+00  0.0000E+00  0.0000E+00
     -7.011  0.7625E-01  0.6225E-02  0.6225E-02  0.6225E-02  0.0000E+00  0.0000E+00  0.0000E+00  0.0000E+00  0.0000E+00
     -6.856  0.8089E-01  0.6549E-02  0.6549E-02  0.6549E-02  0.0000E+00  0.0000E+00  0.0000E+00  0.0000E+00  0.0000E+00
     -6.702  0.9182E-01  0.7119E-02  0.7119E-02  0.7119E-02  0.0000E+00  0.0000E+00  0.0000E+00  0.0000E+00  0.0000E+00
     -6.547  0.9751E-01  0.7487E-02  0.7487E-02  0.7487E-02  0.0000E+00  0.0000E+00  0.0000E+00  0.0000E+00  0.0000E+00
     -6.392  0.9017E-01  0.7324E-02  0.7324E-02  0.7324E-02  0.0000E+00  0.0000E+00  0.0000E+00  0.0000E+00  0.0000E+00
     -6.238  0.8748E-01  0.7341E-02  0.7341E-02  0.7341E-02  0.0000E+00  0.0000E+00  0.0000E+00  0.0000E+00  0.0000E+00
     -6.083  0.8419E-01  0.7320E-02  0.7320E-02  0.7320E-02  0.0000E+00  0.0000E+00  0.0000E+00  0.0000E+00  0.0000E+00
     -5.928  0.8067E-01  0.7254E-02  0.7254E-02  0.7254E-02  0.0000E+00  0.0000E+00  0.0000E+00  0.0000E+00  0.0000E+00
     -5.774  0.7888E-01  0.7286E-02  0.7286E-02  0.7286E-02  0.0000E+00  0.0000E+00  0.0000E+00  0.0000E+00  0.0000E+00
     -5.619  0.7578E-01  0.7224E-02  0.7224E-02  0.7224E-02  0.0000E+00  0.0000E+00  0.0000E+00  0.0000E+00  0.0000E+00
     -5.464  0.7265E-01  0.7141E-02  0.7141E-02  0.7141E-02  0.0000E+00  0.0000E+00  0.0000E+00  0.0000E+00  0.0000E+00
     -5.310  0.7040E-01  0.7110E-02  0.7110E-02  0.7110E-02  0.0000E+00  0.0000E+00  0.0000E+00  0.0000E+00  0.0000E+00
     -5.155  0.6742E-01  0.7012E-02  0.7012E-02  0.7012E-02  0.0000E+00  0.0000E+00  0.0000E+00  0.0000E+00  0.0000E+00
     -5.000  0.6445E-01  0.6897E-02  0.6897E-02  0.6897E-02  0.0000E+00  0.0000E+00  0.0000E+00  0.0000E+00  0.0000E+00
     -4.846  0.6213E-01  0.6820E-02  0.6820E-02  0.6820E-02  0.0000E+00  0.0000E+00  0.0000E+00  0.0000E+00  0.0000E+00
     -4.691  0.5904E-01  0.6671E-02  0.6671E-02  0.6671E-02  0.0000E+00  0.0000E+00  0.0000E+00  0.0000E+00  0.0000E+00
     -4.536  0.5646E-01  0.6540E-02  0.6540E-02  0.6540E-02  0.0000E+00  0.0000E+00  0.0000E+00  0.0000E+00  0.0000E+00
     -4.382  0.5360E-01  0.6383E-02  0.6383E-02  0.6383E-02  0.0000E+00  0.0000E+00  0.0000E+00  0.0000E+00  0.0000E+00
     -4.227  0.5087E-01  0.6211E-02  0.6211E-02  0.6211E-02  0.0000E+00  0.0000E+00  0.0000E+00  0.0000E+00  0.0000E+00
     -4.072  0.5071E-01  0.8205E-02  0.8205E-02  0.8205E-02  0.0000E+00  0.0000E+00  0.0000E+00  0.0000E+00  0.0000E+00
     -3.918  0.5085E-01  0.1003E-01  0.1003E-01  0.1003E-01  0.0000E+00  0.0000E+00  0.0000E+00  0.0000E+00  0.0000E+00
     -3.763  0.5083E-01  0.1143E-01  0.1143E-01  0.1143E-01  0.0000E+00  0.0000E+00  0.0000E+00  0.0000E+00  0.0000E+00
     -3.608  0.5067E-01  0.1224E-01  0.1224E-01  0.1224E-01  0.0000E+00  0.0000E+00  0.0000E+00  0.0000E+00  0.0000E+00
     -3.454  0.4458E-01  0.1244E-01  0.1244E-01  0.1244E-01  0.0000E+00  0.0000E+00  0.0000E+00  0.0000E+00  0.0000E+00
     -3.299  0.3307E-01  0.1167E-01  0.1167E-01  0.1167E-01  0.0000E+00  0.0000E+00  0.0000E+00  0.0000E+00  0.0000E+00
     -3.144  0.3198E-01  0.1247E-01  0.1247E-01  0.1247E-01  0.0000E+00  0.0000E+00  0.0000E+00  0.0000E+00  0.0000E+00
     -2.990  0.3205E-01  0.1345E-01  0.1345E-01  0.1345E-01  0.0000E+00  0.0000E+00  0.0000E+00  0.0000E+00  0.0000E+00
     -2.835  0.3508E-01  0.1496E-01  0.1496E-01  0.1496E-01  0.0000E+00  0.0000E+00  0.0000E+00  0.0000E+00  0.0000E+00
     -2.680  0.4040E-01  0.1679E-01  0.1679E-01  0.1679E-01  0.0000E+00  0.0000E+00  0.0000E+00  0.0000E+00  0.0000E+00
     -2.526  0.4947E-01  0.1940E-01  0.1940E-01  0.1940E-01  0.0000E+00  0.0000E+00  0.0000E+00  0.0000E+00  0.0000E+00
     -2.371  0.6352E-01  0.2303E-01  0.2303E-01  0.2303E-01  0.0000E+00  0.0000E+00  0.0000E+00  0.0000E+00  0.0000E+00
     -2.216  0.8224E-01  0.2861E-01  0.2861E-01  0.2861E-01  0.0000E+00  0.0000E+00  0.0000E+00  0.0000E+00  0.0000E+00
     -2.062  0.1039E+00  0.3447E-01  0.3447E-01  0.3447E-01  0.0000E+00  0.0000E+00  0.0000E+00  0.0000E+00  0.0000E+00
     -1.907  0.8936E-01  0.2959E-01  0.2959E-01  0.2959E-01  0.0000E+00  0.0000E+00  0.0000E+00  0.0000E+00  0.0000E+00
     -1.752  0.7116E-01  0.2448E-01  0.2448E-01  0.2448E-01  0.0000E+00  0.0000E+00  0.0000E+00  0.0000E+00  0.0000E+00
     -1.598  0.6454E-01  0.2262E-01  0.2262E-01  0.2262E-01  0.0000E+00  0.0000E+00  0.0000E+00  0.0000E+00  0.0000E+00
     -1.443  0.5840E-01  0.2099E-01  0.2099E-01  0.2099E-01  0.0000E+00  0.0000E+00  0.0000E+00  0.0000E+00  0.0000E+00
     -1.288  0.5501E-01  0.2012E-01  0.2012E-01  0.2012E-01  0.0000E+00  0.0000E+00  0.0000E+00  0.0000E+00  0.0000E+00
     -1.134  0.5059E-01  0.1899E-01  0.1899E-01  0.1899E-01  0.0000E+00  0.0000E+00  0.0000E+00  0.0000E+00  0.0000E+00
     -0.979  0.4814E-01  0.1843E-01  0.1843E-01  0.1843E-01  0.0000E+00  0.0000E+00  0.0000E+00  0.0000E+00  0.0000E+00
     -0.824  0.4455E-01  0.1753E-01  0.1753E-01  0.1753E-01  0.0000E+00  0.0000E+00  0.0000E+00  0.0000E+00  0.0000E+00
     -0.670  0.4260E-01  0.1712E-01  0.1712E-01  0.1712E-01  0.0000E+00  0.0000E+00  0.0000E+00  0.0000E+00  0.0000E+00
     -0.515  0.3982E-01  0.1644E-01  0.1644E-01  0.1644E-01  0.0000E+00  0.0000E+00  0.0000E+00  0.0000E+00  0.0000E+00
     -0.360  0.3780E-01  0.1599E-01  0.1599E-01  0.1599E-01  0.0000E+00  0.0000E+00  0.0000E+00  0.0000E+00  0.0000E+00
     -0.206  0.3593E-01  0.1558E-01  0.1558E-01  0.1558E-01  0.0000E+00  0.0000E+00  0.0000E+00  0.0000E+00  0.0000E+00
     -0.051  0.3350E-01  0.1496E-01  0.1496E-01  0.1496E-01  0.0000E+00  0.0000E+00  0.0000E+00  0.0000E+00  0.0000E+00
      0.104  0.3239E-01  0.1642E-01  0.1642E-01  0.1642E-01  0.0000E+00  0.0000E+00  0.0000E+00  0.0000E+00  0.0000E+00
      0.258  0.3147E-01  0.2241E-01  0.2241E-01  0.2241E-01  0.0000E+00  0.0000E+00  0.0000E+00  0.0000E+00  0.0000E+00
      0.413  0.3102E-01  0.2545E-01  0.2545E-01  0.2545E-01  0.0000E+00  0.0000E+00  0.0000E+00  0.0000E+00  0.0000E+00
      0.568  0.3101E-01  0.2889E-01  0.2889E-01  0.2889E-01  0.0000E+00  0.0000E+00  0.0000E+00  0.0000E+00  0.0000E+00
      0.722  0.3059E-01  0.3270E-01  0.3270E-01  0.3270E-01  0.0000E+00  0.0000E+00  0.0000E+00  0.0000E+00  0.0000E+00
      0.877  0.3214E-01  0.4066E-01  0.4066E-01  0.4066E-01  0.0000E+00  0.0000E+00  0.0000E+00  0.0000E+00  0.0000E+00
      1.032  0.3223E-01  0.4033E-01  0.4033E-01  0.4033E-01  0.0000E+00  0.0000E+00  0.0000E+00  0.0000E+00  0.0000E+00
      1.186  0.3138E-01  0.3869E-01  0.3869E-01  0.3869E-01  0.0000E+00  0.0000E+00  0.0000E+00  0.0000E+00  0.0000E+00
      1.341  0.3150E-01  0.3849E-01  0.3849E-01  0.3849E-01  0.0000E+00  0.0000E+00  0.0000E+00  0.0000E+00  0.0000E+00
      1.496  0.3109E-01  0.3792E-01  0.3792E-01  0.3792E-01  0.0000E+00  0.0000E+00  0.0000E+00  0.0000E+00  0.0000E+00
      1.650  0.3030E-01  0.3957E-01  0.3957E-01  0.3957E-01  0.0000E+00  0.0000E+00  0.0000E+00  0.0000E+00  0.0000E+00
      1.805  0.3010E-01  0.3990E-01  0.3990E-01  0.3990E-01  0.0000E+00  0.0000E+00  0.0000E+00  0.0000E+00  0.0000E+00
      1.960  0.2960E-01  0.4115E-01  0.4115E-01  0.4115E-01  0.0000E+00  0.0000E+00  0.0000E+00  0.0000E+00  0.0000E+00
      2.114  0.2871E-01  0.4207E-01  0.4207E-01  0.4207E-01  0.0000E+00  0.0000E+00  0.0000E+00  0.0000E+00  0.0000E+00
      2.269  0.2841E-01  0.4382E-01  0.4382E-01  0.4382E-01  0.0000E+00  0.0000E+00  0.0000E+00  0.0000E+00  0.0000E+00
      2.424  0.2784E-01  0.4523E-01  0.4523E-01  0.4523E-01  0.0000E+00  0.0000E+00  0.0000E+00  0.0000E+00  0.0000E+00
      2.578  0.2690E-01  0.4653E-01  0.4653E-01  0.4653E-01  0.0000E+00  0.0000E+00  0.0000E+00  0.0000E+00  0.0000E+00
      2.733  0.2648E-01  0.4933E-01  0.4933E-01  0.4933E-01  0.0000E+00  0.0000E+00  0.0000E+00  0.0000E+00  0.0000E+00
      2.888  0.2589E-01  0.5088E-01  0.5088E-01  0.5088E-01  0.0000E+00  0.0000E+00  0.0000E+00  0.0000E+00  0.0000E+00
      3.042  0.2507E-01  0.5390E-01  0.5390E-01  0.5390E-01  0.0000E+00  0.0000E+00  0.0000E+00  0.0000E+00  0.0000E+00
      3.197  0.2427E-01  0.5670E-01  0.5670E-01  0.5670E-01  0.0000E+00  0.0000E+00  0.0000E+00  0.0000E+00  0.0000E+00
      3.352  0.2374E-01  0.6284E-01  0.6284E-01  0.6284E-01  0.0000E+00  0.0000E+00  0.0000E+00  0.0000E+00  0.0000E+00
      3.506  0.2293E-01  0.7277E-01  0.7277E-01  0.7277E-01  0.0000E+00  0.0000E+00  0.0000E+00  0.0000E+00  0.0000E+00
      3.661  0.2183E-01  0.7489E-01  0.7489E-01  0.7489E-01  0.0000E+00  0.0000E+00  0.0000E+00  0.0000E+00  0.0000E+00
      3.816  0.2118E-01  0.7305E-01  0.7305E-01  0.7305E-01  0.0000E+00  0.0000E+00  0.0000E+00  0.0000E+00  0.0000E+00
      3.970  0.2044E-01  0.7244E-01  0.7244E-01  0.7244E-01  0.0000E+00  0.0000E+00  0.0000E+00  0.0000E+00  0.0000E+00
      4.125  0.1946E-01  0.7193E-01  0.7193E-01  0.7193E-01  0.0000E+00  0.0000E+00  0.0000E+00  0.0000E+00  0.0000E+00
      4.280  0.1867E-01  0.7161E-01  0.7161E-01  0.7161E-01  0.0000E+00  0.0000E+00  0.0000E+00  0.0000E+00  0.0000E+00
      4.434  0.1804E-01  0.7148E-01  0.7148E-01  0.7148E-01  0.0000E+00  0.0000E+00  0.0000E+00  0.0000E+00  0.0000E+00
      4.589  0.1722E-01  0.7110E-01  0.7110E-01  0.7110E-01  0.0000E+00  0.0000E+00  0.0000E+00  0.0000E+00  0.0000E+00
      4.744  0.1630E-01  0.7044E-01  0.7044E-01  0.7044E-01  0.0000E+00  0.0000E+00  0.0000E+00  0.0000E+00  0.0000E+00
      4.898  0.1570E-01  0.7056E-01  0.7056E-01  0.7056E-01  0.0000E+00  0.0000E+00  0.0000E+00  0.0000E+00  0.0000E+00
      5.053  0.1498E-01  0.7011E-01  0.7011E-01  0.7011E-01  0.0000E+00  0.0000E+00  0.0000E+00  0.0000E+00  0.0000E+00
      5.208  0.1417E-01  0.6986E-01  0.6986E-01  0.6986E-01  0.0000E+00  0.0000E+00  0.0000E+00  0.0000E+00  0.0000E+00
      5.362  0.1336E-01  0.6961E-01  0.6961E-01  0.6961E-01  0.0000E+00  0.0000E+00  0.0000E+00  0.0000E+00  0.0000E+00
      5.517  0.1275E-01  0.6923E-01  0.6923E-01  0.6923E-01  0.0000E+00  0.0000E+00  0.0000E+00  0.0000E+00  0.0000E+00
      5.672  0.1210E-01  0.6911E-01  0.6911E-01  0.6911E-01  0.0000E+00  0.0000E+00  0.0000E+00  0.0000E+00  0.0000E+00
      5.826  0.1145E-01  0.6874E-01  0.6874E-01  0.6874E-01  0.0000E+00  0.0000E+00  0.0000E+00  0.0000E+00  0.0000E+00
      5.981  0.1076E-01  0.6845E-01  0.6845E-01  0.6845E-01  0.0000E+00  0.0000E+00  0.0000E+00  0.0000E+00  0.0000E+00
      6.136  0.1016E-01  0.6819E-01  0.6819E-01  0.6819E-01  0.0000E+00  0.0000E+00  0.0000E+00  0.0000E+00  0.0000E+00
      6.290  0.9497E-02  0.6800E-01  0.6800E-01  0.6800E-01  0.0000E+00  0.0000E+00  0.0000E+00  0.0000E+00  0.0000E+00
      6.445  0.8752E-02  0.6754E-01  0.6754E-01  0.6754E-01  0.0000E+00  0.0000E+00  0.0000E+00  0.0000E+00  0.0000E+00
      6.600  0.8148E-02  0.6733E-01  0.6733E-01  0.6733E-01  0.0000E+00  0.0000E+00  0.0000E+00  0.0000E+00  0.0000E+00
      6.754  0.7642E-02  0.6704E-01  0.6704E-01  0.6704E-01  0.0000E+00  0.0000E+00  0.0000E+00  0.0000E+00  0.0000E+00
      6.909  0.7078E-02  0.6702E-01  0.6702E-01  0.6702E-01  0.0000E+00  0.0000E+00  0.0000E+00  0.0000E+00  0.0000E+00
      7.064  0.6404E-02  0.6639E-01  0.6639E-01  0.6639E-01  0.0000E+00  0.0000E+00  0.0000E+00  0.0000E+00  0.0000E+00
      7.218  0.5853E-02  0.6650E-01  0.6650E-01  0.6650E-01  0.0000E+00  0.0000E+00  0.0000E+00  0.0000E+00  0.0000E+00
      7.373  0.5341E-02  0.6557E-01  0.6557E-01  0.6557E-01  0.0000E+00  0.0000E+00  0.0000E+00  0.0000E+00  0.0000E+00
      7.528  0.4833E-02  0.5323E-01  0.5323E-01  0.5323E-01  0.0000E+00  0.0000E+00  0.0000E+00  0.0000E+00  0.0000E+00
      7.682  0.4314E-02  0.4618E-01  0.4618E-01  0.4618E-01  0.0000E+00  0.0000E+00  0.0000E+00  0.0000E+00  0.0000E+00
      7.837  0.3933E-02  0.4246E-01  0.4246E-01  0.4246E-01  0.0000E+00  0.0000E+00  0.0000E+00  0.0000E+00  0.0000E+00
      7.992  0.3565E-02  0.3851E-01  0.3851E-01  0.3851E-01  0.0000E+00  0.0000E+00  0.0000E+00  0.0000E+00  0.0000E+00
      8.146  0.3191E-02  0.3537E-01  0.3537E-01  0.3537E-01  0.0000E+00  0.0000E+00  0.0000E+00  0.0000E+00  0.0000E+00
      8.301  0.2820E-02  0.3250E-01  0.3250E-01  0.3250E-01  0.0000E+00  0.0000E+00  0.0000E+00  0.0000E+00  0.0000E+00
      8.456  0.2535E-02  0.3004E-01  0.3004E-01  0.3004E-01  0.0000E+00  0.0000E+00  0.0000E+00  0.0000E+00  0.0000E+00
      8.610  0.2243E-02  0.2764E-01  0.2764E-01  0.2764E-01  0.0000E+00  0.0000E+00  0.0000E+00  0.0000E+00  0.0000E+00
      8.765  0.1929E-02  0.2537E-01  0.2537E-01  0.2537E-01  0.0000E+00  0.0000E+00  0.0000E+00  0.0000E+00  0.0000E+00
      8.920  0.1686E-02  0.2339E-01  0.2339E-01  0.2339E-01  0.0000E+00  0.0000E+00  0.0000E+00  0.0000E+00  0.0000E+00
      9.074  0.1447E-02  0.2138E-01  0.2138E-01  0.2138E-01  0.0000E+00  0.0000E+00  0.0000E+00  0.0000E+00  0.0000E+00
      9.229  0.1207E-02  0.1947E-01  0.1947E-01  0.1947E-01  0.0000E+00  0.0000E+00  0.0000E+00  0.0000E+00  0.0000E+00
      9.384  0.9916E-03  0.1760E-01  0.1760E-01  0.1760E-01  0.0000E+00  0.0000E+00  0.0000E+00  0.0000E+00  0.0000E+00
      9.538  0.7922E-03  0.1577E-01  0.1577E-01  0.1577E-01  0.0000E+00  0.0000E+00  0.0000E+00  0.0000E+00  0.0000E+00
      9.693  0.6156E-03  0.1403E-01  0.1403E-01  0.1403E-01  0.0000E+00  0.0000E+00  0.0000E+00  0.0000E+00  0.0000E+00
      9.848  0.4491E-03  0.1209E-01  0.1209E-01  0.1209E-01  0.0000E+00  0.0000E+00  0.0000E+00  0.0000E+00  0.0000E+00
     10.002  0.3044E-03  0.1022E-01  0.1022E-01  0.1022E-01  0.0000E+00  0.0000E+00  0.0000E+00  0.0000E+00  0.0000E+00
     10.157  0.1723E-03  0.8170E-02  0.8170E-02  0.8170E-02  0.0000E+00  0.0000E+00  0.0000E+00  0.0000E+00  0.0000E+00
     10.312  0.7794E-04  0.5974E-02  0.5974E-02  0.5974E-02  0.0000E+00  0.0000E+00  0.0000E+00  0.0000E+00  0.0000E+00
     10.466  0.1991E-04  0.3486E-02  0.3486E-02  0.3486E-02  0.0000E+00  0.0000E+00  0.0000E+00  0.0000E+00  0.0000E+00
     10.621  0.0000E+00  0.0000E+00  0.0000E+00  0.0000E+00  0.0000E+00  0.0000E+00  0.0000E+00  0.0000E+00  0.0000E+00
     10.776  0.0000E+00  0.0000E+00  0.0000E+00  0.0000E+00  0.0000E+00  0.0000E+00  0.0000E+00  0.0000E+00  0.0000E+00
     10.930  0.0000E+00  0.0000E+00  0.0000E+00  0.0000E+00  0.0000E+00  0.0000E+00  0.0000E+00  0.0000E+00  0.0000E+00
     11.085  0.0000E+00  0.0000E+00  0.0000E+00  0.0000E+00  0.0000E+00  0.0000E+00  0.0000E+00  0.0000E+00  0.0000E+00
     11.240  0.0000E+00  0.0000E+00  0.0000E+00  0.0000E+00  0.0000E+00  0.0000E+00  0.0000E+00  0.0000E+00  0.0000E+00
     11.394  0.0000E+00  0.0000E+00  0.0000E+00  0.0000E+00  0.0000E+00  0.0000E+00  0.0000E+00  0.0000E+00  0.0000E+00
     11.549  0.0000E+00  0.0000E+00  0.0000E+00  0.0000E+00  0.0000E+00  0.0000E+00  0.0000E+00  0.0000E+00  0.0000E+00
     11.704  0.0000E+00  0.0000E+00  0.0000E+00  0.0000E+00  0.0000E+00  0.0000E+00  0.0000E+00  0.0000E+00  0.0000E+00
     11.858  0.0000E+00  0.0000E+00  0.0000E+00  0.0000E+00  0.0000E+00  0.0000E+00  0.0000E+00  0.0000E+00  0.0000E+00
     12.013  0.0000E+00  0.0000E+00  0.0000E+00  0.0000E+00  0.0000E+00  0.0000E+00  0.0000E+00  0.0000E+00  0.0000E+00
     12.168  0.0000E+00  0.0000E+00  0.0000E+00  0.0000E+00  0.0000E+00  0.0000E+00  0.0000E+00  0.0000E+00  0.0000E+00
     12.322  0.0000E+00  0.0000E+00  0.0000E+00  0.0000E+00  0.0000E+00  0.0000E+00  0.0000E+00  0.0000E+00  0.0000E+00
     12.477  0.0000E+00  0.0000E+00  0.0000E+00  0.0000E+00  0.0000E+00  0.0000E+00  0.0000E+00  0.0000E+00  0.0000E+00
     12.632  0.0000E+00  0.0000E+00  0.0000E+00  0.0000E+00  0.0000E+00  0.0000E+00  0.0000E+00  0.0000E+00  0.0000E+00
     12.786  0.0000E+00  0.0000E+00  0.0000E+00  0.0000E+00  0.0000E+00  0.0000E+00  0.0000E+00  0.0000E+00  0.0000E+00
     12.941  0.0000E+00  0.0000E+00  0.0000E+00  0.0000E+00  0.0000E+00  0.0000E+00  0.0000E+00  0.0000E+00  0.0000E+00
     13.096  0.0000E+00  0.0000E+00  0.0000E+00  0.0000E+00  0.0000E+00  0.0000E+00  0.0000E+00  0.0000E+00  0.0000E+00
     13.250  0.0000E+00  0.0000E+00  0.0000E+00  0.0000E+00  0.0000E+00  0.0000E+00  0.0000E+00  0.0000E+00  0.0000E+00
     13.405  0.0000E+00  0.0000E+00  0.0000E+00  0.0000E+00  0.0000E+00  0.0000E+00  0.0000E+00  0.0000E+00  0.0000E+00
     13.560  0.0000E+00  0.0000E+00  0.0000E+00  0.0000E+00  0.0000E+00  0.0000E+00  0.0000E+00  0.0000E+00  0.0000E+00
     13.714  0.0000E+00  0.0000E+00  0.0000E+00  0.0000E+00  0.0000E+00  0.0000E+00  0.0000E+00  0.0000E+00  0.0000E+00
     13.869  0.0000E+00  0.0000E+00  0.0000E+00  0.0000E+00  0.0000E+00  0.0000E+00  0.0000E+00  0.0000E+00  0.0000E+00
     14.024  0.0000E+00  0.0000E+00  0.0000E+00  0.0000E+00  0.0000E+00  0.0000E+00  0.0000E+00  0.0000E+00  0.0000E+00
     14.178  0.0000E+00  0.0000E+00  0.0000E+00  0.0000E+00  0.0000E+00  0.0000E+00  0.0000E+00  0.0000E+00  0.0000E+00
     14.333  0.0000E+00  0.0000E+00  0.0000E+00  0.0000E+00  0.0000E+00  0.0000E+00  0.0000E+00  0.0000E+00  0.0000E+00
     14.488  0.0000E+00  0.0000E+00  0.0000E+00  0.0000E+00  0.0000E+00  0.0000E+00  0.0000E+00  0.0000E+00  0.0000E+00
     14.642  0.0000E+00  0.0000E+00  0.0000E+00  0.0000E+00  0.0000E+00  0.0000E+00  0.0000E+00  0.0000E+00  0.0000E+00
     14.797  0.0000E+00  0.0000E+00  0.0000E+00  0.0000E+00  0.0000E+00  0.0000E+00  0.0000E+00  0.0000E+00  0.0000E+00
     14.952  0.0000E+00  0.0000E+00  0.0000E+00  0.0000E+00  0.0000E+00  0.0000E+00  0.0000E+00  0.0000E+00  0.0000E+00
     15.106  0.7641E-02  0.2416E-02  0.2416E-02  0.2416E-02  0.0000E+00  0.0000E+00  0.0000E+00  0.0000E+00  0.0000E+00
     15.261  0.9936E-02  0.3500E-02  0.3500E-02  0.3500E-02  0.0000E+00  0.0000E+00  0.0000E+00  0.0000E+00  0.0000E+00
     15.416  0.1215E-01  0.4490E-02  0.4490E-02  0.4490E-02  0.0000E+00  0.0000E+00  0.0000E+00  0.0000E+00  0.0000E+00
     15.570  0.1493E-01  0.5835E-02  0.5835E-02  0.5835E-02  0.0000E+00  0.0000E+00  0.0000E+00  0.0000E+00  0.0000E+00
     15.725  0.1811E-01  0.7378E-02  0.7378E-02  0.7378E-02  0.0000E+00  0.0000E+00  0.0000E+00  0.0000E+00  0.0000E+00
     15.880  0.2116E-01  0.9066E-02  0.9066E-02  0.9066E-02  0.0000E+00  0.0000E+00  0.0000E+00  0.0000E+00  0.0000E+00
     16.034  0.2385E-01  0.1098E-01  0.1098E-01  0.1098E-01  0.0000E+00  0.0000E+00  0.0000E+00  0.0000E+00  0.0000E+00
     16.189  0.2479E-01  0.1280E-01  0.1280E-01  0.1280E-01  0.0000E+00  0.0000E+00  0.0000E+00  0.0000E+00  0.0000E+00
     16.344  0.2615E-01  0.1521E-01  0.1521E-01  0.1521E-01  0.0000E+00  0.0000E+00  0.0000E+00  0.0000E+00  0.0000E+00
     16.498  0.2735E-01  0.1890E-01  0.1890E-01  0.1890E-01  0.0000E+00  0.0000E+00  0.0000E+00  0.0000E+00  0.0000E+00
     16.653  0.2808E-01  0.2145E-01  0.2145E-01  0.2145E-01  0.0000E+00  0.0000E+00  0.0000E+00  0.0000E+00  0.0000E+00
     16.808  0.2869E-01  0.2206E-01  0.2206E-01  0.2206E-01  0.0000E+00  0.0000E+00  0.0000E+00  0.0000E+00  0.0000E+00
     16.963  0.2929E-01  0.2317E-01  0.2317E-01  0.2317E-01  0.0000E+00  0.0000E+00  0.0000E+00  0.0000E+00  0.0000E+00
     17.117  0.2996E-01  0.2448E-01  0.2448E-01  0.2448E-01  0.0000E+00  0.0000E+00  0.0000E+00  0.0000E+00  0.0000E+00
     17.272  0.3044E-01  0.2593E-01  0.2593E-01  0.2593E-01  0.0000E+00  0.0000E+00  0.0000E+00  0.0000E+00  0.0000E+00
     17.427  0.3078E-01  0.2734E-01  0.2734E-01  0.2734E-01  0.0000E+00  0.0000E+00  0.0000E+00  0.0000E+00  0.0000E+00
     17.581  0.3114E-01  0.2888E-01  0.2888E-01  0.2888E-01  0.0000E+00  0.0000E+00  0.0000E+00  0.0000E+00  0.0000E+00
     17.736  0.3151E-01  0.3049E-01  0.3049E-01  0.3049E-01  0.0000E+00  0.0000E+00  0.0000E+00  0.0000E+00  0.0000E+00
     17.891  0.3186E-01  0.3222E-01  0.3222E-01  0.3222E-01  0.0000E+00  0.0000E+00  0.0000E+00  0.0000E+00  0.0000E+00
     18.045  0.3219E-01  0.3412E-01  0.3412E-01  0.3412E-01  0.0000E+00  0.0000E+00  0.0000E+00  0.0000E+00  0.0000E+00
     18.200  0.3238E-01  0.3605E-01  0.3605E-01  0.3605E-01  0.0000E+00  0.0000E+00  0.0000E+00  0.0000E+00  0.0000E+00
     18.355  0.3259E-01  0.3825E-01  0.3825E-01  0.3825E-01  0.0000E+00  0.0000E+00  0.0000E+00  0.0000E+00  0.0000E+00
     18.509  0.3283E-01  0.4057E-01  0.4057E-01  0.4057E-01  0.0000E+00  0.0000E+00  0.0000E+00  0.0000E+00  0.0000E+00
     18.664  0.3312E-01  0.4337E-01  0.4337E-01  0.4337E-01  0.0000E+00  0.0000E+00  0.0000E+00  0.0000E+00  0.0000E+00
     18.819  0.3338E-01  0.4642E-01  0.4642E-01  0.4642E-01  0.0000E+00  0.0000E+00  0.0000E+00  0.0000E+00  0.0000E+00
     18.973  0.3365E-01  0.5039E-01  0.5039E-01  0.5039E-01  0.0000E+00  0.0000E+00  0.0000E+00  0.0000E+00  0.0000E+00
     19.128  0.3412E-01  0.5575E-01  0.5575E-01  0.5575E-01  0.0000E+00  0.0000E+00  0.0000E+00  0.0000E+00  0.0000E+00
     19.283  0.3587E-01  0.6736E-01  0.6736E-01  0.6736E-01  0.0000E+00  0.0000E+00  0.0000E+00  0.0000E+00  0.0000E+00
     19.437  0.3573E-01  0.7371E-01  0.7371E-01  0.7371E-01  0.0000E+00  0.0000E+00  0.0000E+00  0.0000E+00  0.0000E+00
     19.592  0.3382E-01  0.6793E-01  0.6793E-01  0.6793E-01  0.0000E+00  0.0000E+00  0.0000E+00  0.0000E+00  0.0000E+00
     19.747  0.3244E-01  0.5643E-01  0.5643E-01  0.5643E-01  0.0000E+00  0.0000E+00  0.0000E+00  0.0000E+00  0.0000E+00
     19.901  0.3700E-01  0.5933E-01  0.5933E-01  0.5933E-01  0.0000E+00  0.0000E+00  0.0000E+00  0.0000E+00  0.0000E+00
     20.056  0.4799E-01  0.6324E-01  0.6324E-01  0.6324E-01  0.0000E+00  0.0000E+00  0.0000E+00  0.0000E+00  0.0000E+00
     20.211  0.4968E-01  0.5614E-01  0.5614E-01  0.5614E-01  0.0000E+00  0.0000E+00  0.0000E+00  0.0000E+00  0.0000E+00
     20.365  0.6022E-01  0.5582E-01  0.5582E-01  0.5582E-01  0.0000E+00  0.0000E+00  0.0000E+00  0.0000E+00  0.0000E+00
     20.520  0.6777E-01  0.5312E-01  0.5312E-01  0.5312E-01  0.0000E+00  0.0000E+00  0.0000E+00  0.0000E+00  0.0000E+00
     20.675  0.5977E-01  0.5179E-01  0.5179E-01  0.5179E-01  0.0000E+00  0.0000E+00  0.0000E+00  0.0000E+00  0.0000E+00
     20.829  0.5771E-01  0.5102E-01  0.5102E-01  0.5102E-01  0.0000E+00  0.0000E+00  0.0000E+00  0.0000E+00  0.0000E+00
     20.984  0.5378E-01  0.5176E-01  0.5176E-01  0.5176E-01  0.0000E+00  0.0000E+00  0.0000E+00  0.0000E+00  0.0000E+00
     21.139  0.5113E-01  0.5231E-01  0.5231E-01  0.5231E-01  0.0000E+00  0.0000E+00  0.0000E+00  0.0000E+00  0.0000E+00
     21.293  0.4901E-01  0.5208E-01  0.5208E-01  0.5208E-01  0.0000E+00  0.0000E+00  0.0000E+00  0.0000E+00  0.0000E+00
     21.448  0.4525E-01  0.5075E-01  0.5075E-01  0.5075E-01  0.0000E+00  0.0000E+00  0.0000E+00  0.0000E+00  0.0000E+00
     21.603  0.4360E-01  0.5006E-01  0.5006E-01  0.5006E-01  0.0000E+00  0.0000E+00  0.0000E+00  0.0000E+00  0.0000E+00
     21.757  0.4105E-01  0.4859E-01  0.4859E-01  0.4859E-01  0.0000E+00  0.0000E+00  0.0000E+00  0.0000E+00  0.0000E+00
     21.912  0.3798E-01  0.4723E-01  0.4723E-01  0.4723E-01  0.0000E+00  0.0000E+00  0.0000E+00  0.0000E+00  0.0000E+00
     22.067  0.3786E-01  0.4756E-01  0.4756E-01  0.4756E-01  0.0000E+00  0.0000E+00  0.0000E+00  0.0000E+00  0.0000E+00
     22.221  0.3495E-01  0.4427E-01  0.4427E-01  0.4427E-01  0.0000E+00  0.0000E+00  0.0000E+00  0.0000E+00  0.0000E+00
     22.376  0.3054E-01  0.3856E-01  0.3856E-01  0.3856E-01  0.0000E+00  0.0000E+00  0.0000E+00  0.0000E+00  0.0000E+00
     22.531  0.2748E-01  0.3603E-01  0.3603E-01  0.3603E-01  0.0000E+00  0.0000E+00  0.0000E+00  0.0000E+00  0.0000E+00
     22.685  0.2769E-01  0.3534E-01  0.3534E-01  0.3534E-01  0.0000E+00  0.0000E+00  0.0000E+00  0.0000E+00  0.0000E+00
     22.840  0.3408E-01  0.3719E-01  0.3719E-01  0.3719E-01  0.0000E+00  0.0000E+00  0.0000E+00  0.0000E+00  0.0000E+00
     22.995  0.3711E-01  0.3640E-01  0.3640E-01  0.3640E-01  0.0000E+00  0.0000E+00  0.0000E+00  0.0000E+00  0.0000E+00
     23.149  0.4253E-01  0.3844E-01  0.3844E-01  0.3844E-01  0.0000E+00  0.0000E+00  0.0000E+00  0.0000E+00  0.0000E+00
     23.304  0.4493E-01  0.3879E-01  0.3879E-01  0.3879E-01  0.0000E+00  0.0000E+00  0.0000E+00  0.0000E+00  0.0000E+00
     23.459  0.4748E-01  0.3994E-01  0.3994E-01  0.3994E-01  0.0000E+00  0.0000E+00  0.0000E+00  0.0000E+00  0.0000E+00
     23.613  0.5527E-01  0.4404E-01  0.4404E-01  0.4404E-01  0.0000E+00  0.0000E+00  0.0000E+00  0.0000E+00  0.0000E+00
     23.768  0.5155E-01  0.4317E-01  0.4317E-01  0.4317E-01  0.0000E+00  0.0000E+00  0.0000E+00  0.0000E+00  0.0000E+00
     23.923  0.5442E-01  0.4436E-01  0.4436E-01  0.4436E-01  0.0000E+00  0.0000E+00  0.0000E+00  0.0000E+00  0.0000E+00
     24.077  0.5542E-01  0.4541E-01  0.4541E-01  0.4541E-01  0.0000E+00  0.0000E+00  0.0000E+00  0.0000E+00  0.0000E+00
     24.232  0.5853E-01  0.4884E-01  0.4884E-01  0.4884E-01  0.0000E+00  0.0000E+00  0.0000E+00  0.0000E+00  0.0000E+00
     24.387  0.5786E-01  0.4935E-01  0.4935E-01  0.4935E-01  0.0000E+00  0.0000E+00  0.0000E+00  0.0000E+00  0.0000E+00
     24.541  0.5538E-01  0.5014E-01  0.5014E-01  0.5014E-01  0.0000E+00  0.0000E+00  0.0000E+00  0.0000E+00  0.0000E+00
     24.696  0.5556E-01  0.4956E-01  0.4956E-01  0.4956E-01  0.0000E+00  0.0000E+00  0.0000E+00  0.0000E+00  0.0000E+00
     24.851  0.5630E-01  0.5230E-01  0.5230E-01  0.5230E-01  0.0000E+00  0.0000E+00  0.0000E+00  0.0000E+00  0.0000E+00
     25.005  0.5604E-01  0.5343E-01  0.5343E-01  0.5343E-01  0.0000E+00  0.0000E+00  0.0000E+00  0.0000E+00  0.0000E+00
     25.160  0.5591E-01  0.5510E-01  0.5510E-01  0.5510E-01  0.0000E+00  0.0000E+00  0.0000E+00  0.0000E+00  0.0000E+00
     25.315  0.5791E-01  0.5656E-01  0.5656E-01  0.5656E-01  0.0000E+00  0.0000E+00  0.0000E+00  0.0000E+00  0.0000E+00
     25.469  0.6083E-01  0.5696E-01  0.5696E-01  0.5696E-01  0.0000E+00  0.0000E+00  0.0000E+00  0.0000E+00  0.0000E+00
     25.624  0.7315E-01  0.6198E-01  0.6198E-01  0.6198E-01  0.0000E+00  0.0000E+00  0.0000E+00  0.0000E+00  0.0000E+00
     25.779  0.1245E+00  0.6075E-01  0.6075E-01  0.6075E-01  0.0000E+00  0.0000E+00  0.0000E+00  0.0000E+00  0.0000E+00
     25.933  0.1180E+00  0.6209E-01  0.6209E-01  0.6209E-01  0.0000E+00  0.0000E+00  0.0000E+00  0.0000E+00  0.0000E+00
     26.088  0.7137E-01  0.6200E-01  0.6200E-01  0.6200E-01  0.0000E+00  0.0000E+00  0.0000E+00  0.0000E+00  0.0000E+00
     26.243  0.5310E-01  0.6399E-01  0.6399E-01  0.6399E-01  0.0000E+00  0.0000E+00  0.0000E+00  0.0000E+00  0.0000E+00
     26.397  0.5095E-01  0.7390E-01  0.7390E-01  0.7390E-01  0.0000E+00  0.0000E+00  0.0000E+00  0.0000E+00  0.0000E+00
     26.552  0.4924E-01  0.7989E-01  0.7989E-01  0.7989E-01  0.0000E+00  0.0000E+00  0.0000E+00  0.0000E+00  0.0000E+00
     26.707  0.4377E-01  0.7700E-01  0.7700E-01  0.7700E-01  0.0000E+00  0.0000E+00  0.0000E+00  0.0000E+00  0.0000E+00
     26.861  0.3678E-01  0.7072E-01  0.7072E-01  0.7072E-01  0.0000E+00  0.0000E+00  0.0000E+00  0.0000E+00  0.0000E+00
     27.016  0.3014E-01  0.6647E-01  0.6647E-01  0.6647E-01  0.0000E+00  0.0000E+00  0.0000E+00  0.0000E+00  0.0000E+00
     27.171  0.2525E-01  0.6456E-01  0.6456E-01  0.6456E-01  0.0000E+00  0.0000E+00  0.0000E+00  0.0000E+00  0.0000E+00
     27.325  0.2082E-01  0.6172E-01  0.6172E-01  0.6172E-01  0.0000E+00  0.0000E+00  0.0000E+00  0.0000E+00  0.0000E+00
     27.480  0.1700E-01  0.6059E-01  0.6059E-01  0.6059E-01  0.0000E+00  0.0000E+00  0.0000E+00  0.0000E+00  0.0000E+00
     27.635  0.1339E-01  0.6234E-01  0.6234E-01  0.6234E-01  0.0000E+00  0.0000E+00  0.0000E+00  0.0000E+00  0.0000E+00
     27.789  0.8721E-02  0.5080E-01  0.5080E-01  0.5080E-01  0.0000E+00  0.0000E+00  0.0000E+00  0.0000E+00  0.0000E+00
     27.944  0.6279E-02  0.2893E-01  0.2893E-01  0.2893E-01  0.0000E+00  0.0000E+00  0.0000E+00  0.0000E+00  0.0000E+00
     28.099  0.5098E-02  0.2667E-01  0.2667E-01  0.2667E-01  0.0000E+00  0.0000E+00  0.0000E+00  0.0000E+00  0.0000E+00
     28.253  0.4023E-02  0.2462E-01  0.2462E-01  0.2462E-01  0.0000E+00  0.0000E+00  0.0000E+00  0.0000E+00  0.0000E+00
     28.408  0.3096E-02  0.2218E-01  0.2218E-01  0.2218E-01  0.0000E+00  0.0000E+00  0.0000E+00  0.0000E+00  0.0000E+00
     28.563  0.2254E-02  0.1968E-01  0.1968E-01  0.1968E-01  0.0000E+00  0.0000E+00  0.0000E+00  0.0000E+00  0.0000E+00
     28.717  0.1510E-02  0.1729E-01  0.1729E-01  0.1729E-01  0.0000E+00  0.0000E+00  0.0000E+00  0.0000E+00  0.0000E+00
     28.872  0.8959E-03  0.1403E-01  0.1403E-01  0.1403E-01  0.0000E+00  0.0000E+00  0.0000E+00  0.0000E+00  0.0000E+00
     29.027  0.4041E-03  0.1062E-01  0.1062E-01  0.1062E-01  0.0000E+00  0.0000E+00  0.0000E+00  0.0000E+00  0.0000E+00
     29.181  0.1156E-03  0.6759E-02  0.6759E-02  0.6759E-02  0.0000E+00  0.0000E+00  0.0000E+00  0.0000E+00  0.0000E+00
     29.336  0.1503E-05  0.3033E-03  0.3033E-03  0.3033E-03  0.0000E+00  0.0000E+00  0.0000E+00  0.0000E+00  0.0000E+00
     29.491  0.0000E+00  0.0000E+00  0.0000E+00  0.0000E+00  0.0000E+00  0.0000E+00  0.0000E+00  0.0000E+00  0.0000E+00
     29.645  0.0000E+00  0.0000E+00  0.0000E+00  0.0000E+00  0.0000E+00  0.0000E+00  0.0000E+00  0.0000E+00  0.0000E+00
     29.800  0.0000E+00  0.0000E+00  0.0000E+00  0.0000E+00  0.0000E+00  0.0000E+00  0.0000E+00  0.0000E+00  0.0000E+00
     29.955  0.0000E+00  0.0000E+00  0.0000E+00  0.0000E+00  0.0000E+00  0.0000E+00  0.0000E+00  0.0000E+00  0.0000E+00
     30.109  0.0000E+00  0.0000E+00  0.0000E+00  0.0000E+00  0.0000E+00  0.0000E+00  0.0000E+00  0.0000E+00  0.0000E+00
     30.264  0.0000E+00  0.0000E+00  0.0000E+00  0.0000E+00  0.0000E+00  0.0000E+00  0.0000E+00  0.0000E+00  0.0000E+00
     30.419  0.0000E+00  0.0000E+00  0.0000E+00  0.0000E+00  0.0000E+00  0.0000E+00  0.0000E+00  0.0000E+00  0.0000E+00
     30.573  0.0000E+00  0.0000E+00  0.0000E+00  0.0000E+00  0.0000E+00  0.0000E+00  0.0000E+00  0.0000E+00  0.0000E+00
     30.728  0.0000E+00  0.0000E+00  0.0000E+00  0.0000E+00  0.0000E+00  0.0000E+00  0.0000E+00  0.0000E+00  0.0000E+00
     30.883  0.0000E+00  0.0000E+00  0.0000E+00  0.0000E+00  0.0000E+00  0.0000E+00  0.0000E+00  0.0000E+00  0.0000E+00
     31.037  0.0000E+00  0.0000E+00  0.0000E+00  0.0000E+00  0.0000E+00  0.0000E+00  0.0000E+00  0.0000E+00  0.0000E+00
     31.192  0.0000E+00  0.0000E+00  0.0000E+00  0.0000E+00  0.0000E+00  0.0000E+00  0.0000E+00  0.0000E+00  0.0000E+00
     31.347  0.0000E+00  0.0000E+00  0.0000E+00  0.0000E+00  0.0000E+00  0.0000E+00  0.0000E+00  0.0000E+00  0.0000E+00
     31.34670486    -15.05393673  301     10.50955373      1.00000000
    -15.054  0.0000E+00  0.0000E+00  0.0000E+00  0.0000E+00  0.0000E+00  0.0000E+00  0.0000E+00  0.0000E+00  0.0000E+00
    -14.899  0.0000E+00  0.0000E+00  0.0000E+00  0.0000E+00  0.0000E+00  0.0000E+00  0.0000E+00  0.0000E+00  0.0000E+00
    -14.745  0.0000E+00  0.0000E+00  0.0000E+00  0.0000E+00  0.0000E+00  0.0000E+00  0.0000E+00  0.0000E+00  0.0000E+00
    -14.590  0.0000E+00  0.0000E+00  0.0000E+00  0.0000E+00  0.0000E+00  0.0000E+00  0.0000E+00  0.0000E+00  0.0000E+00
    -14.435  0.0000E+00  0.0000E+00  0.0000E+00  0.0000E+00  0.0000E+00  0.0000E+00  0.0000E+00  0.0000E+00  0.0000E+00
    -14.281  0.0000E+00  0.0000E+00  0.0000E+00  0.0000E+00  0.0000E+00  0.0000E+00  0.0000E+00  0.0000E+00  0.0000E+00
    -14.126  0.0000E+00  0.0000E+00  0.0000E+00  0.0000E+00  0.0000E+00  0.0000E+00  0.0000E+00  0.0000E+00  0.0000E+00
    -13.971  0.0000E+00  0.0000E+00  0.0000E+00  0.0000E+00  0.0000E+00  0.0000E+00  0.0000E+00  0.0000E+00  0.0000E+00
    -13.817  0.0000E+00  0.0000E+00  0.0000E+00  0.0000E+00  0.0000E+00  0.0000E+00  0.0000E+00  0.0000E+00  0.0000E+00
    -13.662  0.0000E+00  0.0000E+00  0.0000E+00  0.0000E+00  0.0000E+00  0.0000E+00  0.0000E+00  0.0000E+00  0.0000E+00
    -13.507  0.0000E+00  0.0000E+00  0.0000E+00  0.0000E+00  0.0000E+00  0.0000E+00  0.0000E+00  0.0000E+00  0.0000E+00
    -13.353  0.0000E+00  0.0000E+00  0.0000E+00  0.0000E+00  0.0000E+00  0.0000E+00  0.0000E+00  0.0000E+00  0.0000E+00
    -13.198  0.0000E+00  0.0000E+00  0.0000E+00  0.0000E+00  0.0000E+00  0.0000E+00  0.0000E+00  0.0000E+00  0.0000E+00
    -13.043  0.0000E+00  0.0000E+00  0.0000E+00  0.0000E+00  0.0000E+00  0.0000E+00  0.0000E+00  0.0000E+00  0.0000E+00
    -12.889  0.7171E-02  0.5772E-05  0.5772E-05  0.5772E-05  0.0000E+00  0.0000E+00  0.0000E+00  0.0000E+00  0.0000E+00
    -12.734  0.1639E-01  0.4791E-04  0.4791E-04  0.4791E-04  0.0000E+00  0.0000E+00  0.0000E+00  0.0000E+00  0.0000E+00
    -12.579  0.1761E-01  0.9842E-04  0.9842E-04  0.9842E-04  0.0000E+00  0.0000E+00  0.0000E+00  0.0000E+00  0.0000E+00
    -12.425  0.2039E-01  0.1632E-03  0.1632E-03  0.1632E-03  0.0000E+00  0.0000E+00  0.0000E+00  0.0000E+00  0.0000E+00
    -12.270  0.2323E-01  0.2404E-03  0.2404E-03  0.2404E-03  0.0000E+00  0.0000E+00  0.0000E+00  0.0000E+00  0.0000E+00
    -12.115  0.2573E-01  0.3267E-03  0.3267E-03  0.3267E-03  0.0000E+00  0.0000E+00  0.0000E+00  0.0000E+00  0.0000E+00
    -11.961  0.2786E-01  0.4233E-03  0.4233E-03  0.4233E-03  0.0000E+00  0.0000E+00  0.0000E+00  0.0000E+00  0.0000E+00
    -11.806  0.2991E-01  0.5263E-03  0.5263E-03  0.5263E-03  0.0000E+00  0.0000E+00  0.0000E+00  0.0000E+00  0.0000E+00
    -11.651  0.3186E-01  0.6349E-03  0.6349E-03  0.6349E-03  0.0000E+00  0.0000E+00  0.0000E+00  0.0000E+00  0.0000E+00
    -11.497  0.3355E-01  0.7532E-03  0.7532E-03  0.7532E-03  0.0000E+00  0.0000E+00  0.0000E+00  0.0000E+00  0.0000E+00
    -11.342  0.3530E-01  0.8741E-03  0.8741E-03  0.8741E-03  0.0000E+00  0.0000E+00  0.0000E+00  0.0000E+00  0.0000E+00
    -11.187  0.3680E-01  0.1005E-02  0.1005E-02  0.1005E-02  0.0000E+00  0.0000E+00  0.0000E+00  0.0000E+00  0.0000E+00
    -11.033  0.3837E-01  0.1137E-02  0.1137E-02  0.1137E-02  0.0000E+00  0.0000E+00  0.0000E+00  0.0000E+00  0.0000E+00
    -10.878  0.3975E-01  0.1279E-02  0.1279E-02  0.1279E-02  0.0000E+00  0.0000E+00  0.0000E+00  0.0000E+00  0.0000E+00
    -10.723  0.4121E-01  0.1421E-02  0.1421E-02  0.1421E-02  0.0000E+00  0.0000E+00  0.0000E+00  0.0000E+00  0.0000E+00
    -10.569  0.4247E-01  0.1573E-02  0.1573E-02  0.1573E-02  0.0000E+00  0.0000E+00  0.0000E+00  0.0000E+00  0.0000E+00
    -10.414  0.4383E-01  0.1725E-02  0.1725E-02  0.1725E-02  0.0000E+00  0.0000E+00  0.0000E+00  0.0000E+00  0.0000E+00
    -10.259  0.4503E-01  0.1886E-02  0.1886E-02  0.1886E-02  0.0000E+00  0.0000E+00  0.0000E+00  0.0000E+00  0.0000E+00
    -10.105  0.4628E-01  0.2049E-02  0.2049E-02  0.2049E-02  0.0000E+00  0.0000E+00  0.0000E+00  0.0000E+00  0.0000E+00
     -9.950  0.4749E-01  0.2217E-02  0.2217E-02  0.2217E-02  0.0000E+00  0.0000E+00  0.0000E+00  0.0000E+00  0.0000E+00
     -9.795  0.4865E-01  0.2390E-02  0.2390E-02  0.2390E-02  0.0000E+00  0.0000E+00  0.0000E+00  0.0000E+00  0.0000E+00
     -9.641  0.4988E-01  0.2562E-02  0.2562E-02  0.2562E-02  0.0000E+00  0.0000E+00  0.0000E+00  0.0000E+00  0.0000E+00
     -9.486  0.5097E-01  0.2746E-02  0.2746E-02  0.2746E-02  0.0000E+00  0.0000E+00  0.0000E+00  0.0000E+00  0.0000E+00
     -9.331  0.5213E-01  0.2929E-02  0.2929E-02  0.2929E-02  0.0000E+00  0.0000E+00  0.0000E+00  0.0000E+00  0.0000E+00
     -9.177  0.5330E-01  0.3115E-02  0.3115E-02  0.3115E-02  0.0000E+00  0.0000E+00  0.0000E+00  0.0000E+00  0.0000E+00
     -9.022  0.5442E-01  0.3309E-02  0.3309E-02  0.3309E-02  0.0000E+00  0.0000E+00  0.0000E+00  0.0000E+00  0.0000E+00
     -8.867  0.5560E-01  0.3503E-02  0.3503E-02  0.3503E-02  0.0000E+00  0.0000E+00  0.0000E+00  0.0000E+00  0.0000E+00
     -8.713  0.5678E-01  0.3702E-02  0.3702E-02  0.3702E-02  0.0000E+00  0.0000E+00  0.0000E+00  0.0000E+00  0.0000E+00
     -8.558  0.5796E-01  0.3906E-02  0.3906E-02  0.3906E-02  0.0000E+00  0.0000E+00  0.0000E+00  0.0000E+00  0.0000E+00
     -8.403  0.5922E-01  0.4110E-02  0.4110E-02  0.4110E-02  0.0000E+00  0.0000E+00  0.0000E+00  0.0000E+00  0.0000E+00
     -8.249  0.6050E-01  0.4321E-02  0.4321E-02  0.4321E-02  0.0000E+00  0.0000E+00  0.0000E+00  0.0000E+00  0.0000E+00
     -8.094  0.6184E-01  0.4537E-02  0.4537E-02  0.4537E-02  0.0000E+00  0.0000E+00  0.0000E+00  0.0000E+00  0.0000E+00
     -7.939  0.6327E-01  0.4754E-02  0.4754E-02  0.4754E-02  0.0000E+00  0.0000E+00  0.0000E+00  0.0000E+00  0.0000E+00
     -7.785  0.6480E-01  0.4977E-02  0.4977E-02  0.4977E-02  0.0000E+00  0.0000E+00  0.0000E+00  0.0000E+00  0.0000E+00
     -7.630  0.6646E-01  0.5208E-02  0.5208E-02  0.5208E-02  0.0000E+00  0.0000E+00  0.0000E+00  0.0000E+00  0.0000E+00
     -7.475  0.6833E-01  0.5442E-02  0.5442E-02  0.5442E-02  0.0000E+00  0.0000E+00  0.0000E+00  0.0000E+00  0.0000E+00
     -7.320  0.7047E-01  0.5684E-02  0.5684E-02  0.5684E-02  0.0000E+00  0.0000E+00  0.0000E+00  0.0000E+00  0.0000E+00
     -7.166  0.7301E-01  0.5946E-02  0.5946E-02  0.5946E-02  0.0000E+00  0.0000E+00  0.0000E+00  0.0000E+00  0.0000E+00
     -7.011  0.7625E-01  0.6225E-02  0.6225E-02  0.6225E-02  0.0000E+00  0.0000E+00  0.0000E+00  0.0000E+00  0.0000E+00
     -6.856  0.8089E-01  0.6549E-02  0.6549E-02  0.6549E-02  0.0000E+00  0.0000E+00  0.0000E+00  0.0000E+00  0.0000E+00
     -6.702  0.9182E-01  0.7119E-02  0.7119E-02  0.7119E-02  0.0000E+00  0.0000E+00  0.0000E+00  0.0000E+00  0.0000E+00
     -6.547  0.9751E-01  0.7487E-02  0.7487E-02  0.7487E-02  0.0000E+00  0.0000E+00  0.0000E+00  0.0000E+00  0.0000E+00
     -6.392  0.9017E-01  0.7324E-02  0.7324E-02  0.7324E-02  0.0000E+00  0.0000E+00  0.0000E+00  0.0000E+00  0.0000E+00
     -6.238  0.8748E-01  0.7341E-02  0.7341E-02  0.7341E-02  0.0000E+00  0.0000E+00  0.0000E+00  0.0000E+00  0.0000E+00
     -6.083  0.8419E-01  0.7320E-02  0.7320E-02  0.7320E-02  0.0000E+00  0.0000E+00  0.0000E+00  0.0000E+00  0.0000E+00
     -5.928  0.8067E-01  0.7254E-02  0.7254E-02  0.7254E-02  0.0000E+00  0.0000E+00  0.0000E+00  0.0000E+00  0.0000E+00
     -5.774  0.7888E-01  0.7286E-02  0.7286E-02  0.7286E-02  0.0000E+00  0.0000E+00  0.0000E+00  0.0000E+00  0.0000E+00
     -5.619  0.7578E-01  0.7224E-02  0.7224E-02  0.7224E-02  0.0000E+00  0.0000E+00  0.0000E+00  0.0000E+00  0.0000E+00
     -5.464  0.7265E-01  0.7141E-02  0.7141E-02  0.7141E-02  0.0000E+00  0.0000E+00  0.0000E+00  0.0000E+00  0.0000E+00
     -5.310  0.7040E-01  0.7110E-02  0.7110E-02  0.7110E-02  0.0000E+00  0.0000E+00  0.0000E+00  0.0000E+00  0.0000E+00
     -5.155  0.6742E-01  0.7012E-02  0.7012E-02  0.7012E-02  0.0000E+00  0.0000E+00  0.0000E+00  0.0000E+00  0.0000E+00
     -5.000  0.6445E-01  0.6897E-02  0.6897E-02  0.6897E-02  0.0000E+00  0.0000E+00  0.0000E+00  0.0000E+00  0.0000E+00
     -4.846  0.6213E-01  0.6820E-02  0.6820E-02  0.6820E-02  0.0000E+00  0.0000E+00  0.0000E+00  0.0000E+00  0.0000E+00
     -4.691  0.5904E-01  0.6671E-02  0.6671E-02  0.6671E-02  0.0000E+00  0.0000E+00  0.0000E+00  0.0000E+00  0.0000E+00
     -4.536  0.5646E-01  0.6540E-02  0.6540E-02  0.6540E-02  0.0000E+00  0.0000E+00  0.0000E+00  0.0000E+00  0.0000E+00
     -4.382  0.5360E-01  0.6383E-02  0.6383E-02  0.6383E-02  0.0000E+00  0.0000E+00  0.0000E+00  0.0000E+00  0.0000E+00
     -4.227  0.5087E-01  0.6211E-02  0.6211E-02  0.6211E-02  0.0000E+00  0.0000E+00  0.0000E+00  0.0000E+00  0.0000E+00
     -4.072  0.5071E-01  0.8205E-02  0.8205E-02  0.8205E-02  0.0000E+00  0.0000E+00  0.0000E+00  0.0000E+00  0.0000E+00
     -3.918  0.5085E-01  0.1003E-01  0.1003E-01  0.1003E-01  0.0000E+00  0.0000E+00  0.0000E+00  0.0000E+00  0.0000E+00
     -3.763  0.5083E-01  0.1143E-01  0.1143E-01  0.1143E-01  0.0000E+00  0.0000E+00  0.0000E+00  0.0000E+00  0.0000E+00
     -3.608  0.5067E-01  0.1224E-01  0.1224E-01  0.1224E-01  0.0000E+00  0.0000E+00  0.0000E+00  0.0000E+00  0.0000E+00
     -3.454  0.4458E-01  0.1244E-01  0.1244E-01  0.1244E-01  0.0000E+00  0.0000E+00  0.0000E+00  0.0000E+00  0.0000E+00
     -3.299  0.3307E-01  0.1167E-01  0.1167E-01  0.1167E-01  0.0000E+00  0.0000E+00  0.0000E+00  0.0000E+00  0.0000E+00
     -3.144  0.3198E-01  0.1247E-01  0.1247E-01  0.1247E-01  0.0000E+00  0.0000E+00  0.0000E+00  0.0000E+00  0.0000E+00
     -2.990  0.3205E-01  0.1345E-01  0.1345E-01  0.1345E-01  0.0000E+00  0.0000E+00  0.0000E+00  0.0000E+00  0.0000E+00
     -2.835  0.3508E-01  0.1496E-01  0.1496E-01  0.1496E-01  0.0000E+00  0.0000E+00  0.0000E+00  0.0000E+00  0.0000E+00
     -2.680  0.4040E-01  0.1679E-01  0.1679E-01  0.1679E-01  0.0000E+00  0.0000E+00  0.0000E+00  0.0000E+00  0.0000E+00
     -2.526  0.4947E-01  0.1940E-01  0.1940E-01  0.1940E-01  0.0000E+00  0.0000E+00  0.0000E+00  0.0000E+00  0.0000E+00
     -2.371  0.6352E-01  0.2303E-01  0.2303E-01  0.2303E-01  0.0000E+00  0.0000E+00  0.0000E+00  0.0000E+00  0.0000E+00
     -2.216  0.8224E-01  0.2861E-01  0.2861E-01  0.2861E-01  0.0000E+00  0.0000E+00  0.0000E+00  0.0000E+00  0.0000E+00
     -2.062  0.1039E+00  0.3447E-01  0.3447E-01  0.3447E-01  0.0000E+00  0.0000E+00  0.0000E+00  0.0000E+00  0.0000E+00
     -1.907  0.8936E-01  0.2959E-01  0.2959E-01  0.2959E-01  0.0000E+00  0.0000E+00  0.0000E+00  0.0000E+00  0.0000E+00
     -1.752  0.7116E-01  0.2448E-01  0.2448E-01  0.2448E-01  0.0000E+00  0.0000E+00  0.0000E+00  0.0000E+00  0.0000E+00
     -1.598  0.6454E-01  0.2262E-01  0.2262E-01  0.2262E-01  0.0000E+00  0.0000E+00  0.0000E+00  0.0000E+00  0.0000E+00
     -1.443  0.5840E-01  0.2099E-01  0.2099E-01  0.2099E-01  0.0000E+00  0.0000E+00  0.0000E+00  0.0000E+00  0.0000E+00
     -1.288  0.5501E-01  0.2012E-01  0.2012E-01  0.2012E-01  0.0000E+00  0.0000E+00  0.0000E+00  0.0000E+00  0.0000E+00
     -1.134  0.5059E-01  0.1899E-01  0.1899E-01  0.1899E-01  0.0000E+00  0.0000E+00  0.0000E+00  0.0000E+00  0.0000E+00
     -0.979  0.4814E-01  0.1843E-01  0.1843E-01  0.1843E-01  0.0000E+00  0.0000E+00  0.0000E+00  0.0000E+00  0.0000E+00
     -0.824  0.4455E-01  0.1753E-01  0.1753E-01  0.1753E-01  0.0000E+00  0.0000E+00  0.0000E+00  0.0000E+00  0.0000E+00
     -0.670  0.4260E-01  0.1712E-01  0.1712E-01  0.1712E-01  0.0000E+00  0.0000E+00  0.0000E+00  0.0000E+00  0.0000E+00
     -0.515  0.3982E-01  0.1644E-01  0.1644E-01  0.1644E-01  0.0000E+00  0.0000E+00  0.0000E+00  0.0000E+00  0.0000E+00
     -0.360  0.3780E-01  0.1599E-01  0.1599E-01  0.1599E-01  0.0000E+00  0.0000E+00  0.0000E+00  0.0000E+00  0.0000E+00
     -0.206  0.3593E-01  0.1558E-01  0.1558E-01  0.1558E-01  0.0000E+00  0.0000E+00  0.0000E+00  0.0000E+00  0.0000E+00
     -0.051  0.3350E-01  0.1496E-01  0.1496E-01  0.1496E-01  0.0000E+00  0.0000E+00  0.0000E+00  0.0000E+00  0.0000E+00
      0.104  0.3239E-01  0.1642E-01  0.1642E-01  0.1642E-01  0.0000E+00  0.0000E+00  0.0000E+00  0.0000E+00  0.0000E+00
      0.258  0.3147E-01  0.2241E-01  0.2241E-01  0.2241E-01  0.0000E+00  0.0000E+00  0.0000E+00  0.0000E+00  0.0000E+00
      0.413  0.3102E-01  0.2545E-01  0.2545E-01  0.2545E-01  0.0000E+00  0.0000E+00  0.0000E+00  0.0000E+00  0.0000E+00
      0.568  0.3101E-01  0.2889E-01  0.2889E-01  0.2889E-01  0.0000E+00  0.0000E+00  0.0000E+00  0.0000E+00  0.0000E+00
      0.722  0.3059E-01  0.3270E-01  0.3270E-01  0.3270E-01  0.0000E+00  0.0000E+00  0.0000E+00  0.0000E+00  0.0000E+00
      0.877  0.3214E-01  0.4066E-01  0.4066E-01  0.4066E-01  0.0000E+00  0.0000E+00  0.0000E+00  0.0000E+00  0.0000E+00
      1.032  0.3223E-01  0.4033E-01  0.4033E-01  0.4033E-01  0.0000E+00  0.0000E+00  0.0000E+00  0.0000E+00  0.0000E+00
      1.186  0.3138E-01  0.3869E-01  0.3869E-01  0.3869E-01  0.0000E+00  0.0000E+00  0.0000E+00  0.0000E+00  0.0000E+00
      1.341  0.3150E-01  0.3849E-01  0.3849E-01  0.3849E-01  0.0000E+00  0.0000E+00  0.0000E+00  0.0000E+00  0.0000E+00
      1.496  0.3109E-01  0.3792E-01  0.3792E-01  0.3792E-01  0.0000E+00  0.0000E+00  0.0000E+00  0.0000E+00  0.0000E+00
      1.650  0.3030E-01  0.3957E-01  0.3957E-01  0.3957E-01  0.0000E+00  0.0000E+00  0.0000E+00  0.0000E+00  0.0000E+00
      1.805  0.3010E-01  0.3990E-01  0.3990E-01  0.3990E-01  0.0000E+00  0.0000E+00  0.0000E+00  0.0000E+00  0.0000E+00
      1.960  0.2960E-01  0.4115E-01  0.4115E-01  0.4115E-01  0.0000E+00  0.0000E+00  0.0000E+00  0.0000E+00  0.0000E+00
      2.114  0.2871E-01  0.4207E-01  0.4207E-01  0.4207E-01  0.0000E+00  0.0000E+00  0.0000E+00  0.0000E+00  0.0000E+00
      2.269  0.2841E-01  0.4382E-01  0.4382E-01  0.4382E-01  0.0000E+00  0.0000E+00  0.0000E+00  0.0000E+00  0.0000E+00
      2.424  0.2784E-01  0.4523E-01  0.4523E-01  0.4523E-01  0.0000E+00  0.0000E+00  0.0000E+00  0.0000E+00  0.0000E+00
      2.578  0.2690E-01  0.4653E-01  0.4653E-01  0.4653E-01  0.0000E+00  0.0000E+00  0.0000E+00  0.0000E+00  0.0000E+00
      2.733  0.2648E-01  0.4933E-01  0.4933E-01  0.4933E-01  0.0000E+00  0.0000E+00  0.0000E+00  0.0000E+00  0.0000E+00
      2.888  0.2589E-01  0.5088E-01  0.5088E-01  0.5088E-01  0.0000E+00  0.0000E+00  0.0000E+00  0.0000E+00  0.0000E+00
      3.042  0.2507E-01  0.5390E-01  0.5390E-01  0.5390E-01  0.0000E+00  0.0000E+00  0.0000E+00  0.0000E+00  0.0000E+00
      3.197  0.2427E-01  0.5670E-01  0.5670E-01  0.5670E-01  0.0000E+00  0.0000E+00  0.0000E+00  0.0000E+00  0.0000E+00
      3.352  0.2374E-01  0.6284E-01  0.6284E-01  0.6284E-01  0.0000E+00  0.0000E+00  0.0000E+00  0.0000E+00  0.0000E+00
      3.506  0.2293E-01  0.7277E-01  0.7277E-01  0.7277E-01  0.0000E+00  0.0000E+00  0.0000E+00  0.0000E+00  0.0000E+00
      3.661  0.2183E-01  0.7489E-01  0.7489E-01  0.7489E-01  0.0000E+00  0.0000E+00  0.0000E+00  0.0000E+00  0.0000E+00
      3.816  0.2118E-01  0.7305E-01  0.7305E-01  0.7305E-01  0.0000E+00  0.0000E+00  0.0000E+00  0.0000E+00  0.0000E+00
      3.970  0.2044E-01  0.7244E-01  0.7244E-01  0.7244E-01  0.0000E+00  0.0000E+00  0.0000E+00  0.0000E+00  0.0000E+00
      4.125  0.1946E-01  0.7193E-01  0.7193E-01  0.7193E-01  0.0000E+00  0.0000E+00  0.0000E+00  0.0000E+00  0.0000E+00
      4.280  0.1867E-01  0.7161E-01  0.7161E-01  0.7161E-01  0.0000E+00  0.0000E+00  0.0000E+00  0.0000E+00  0.0000E+00
      4.434  0.1804E-01  0.7148E-01  0.7148E-01  0.7148E-01  0.0000E+00  0.0000E+00  0.0000E+00  0.0000E+00  0.0000E+00
      4.589  0.1722E-01  0.7110E-01  0.7110E-01  0.7110E-01  0.0000E+00  0.0000E+00  0.0000E+00  0.0000E+00  0.0000E+00
      4.744  0.1630E-01  0.7044E-01  0.7044E-01  0.7044E-01  0.0000E+00  0.0000E+00  0.0000E+00  0.0000E+00  0.0000E+00
      4.898  0.1570E-01  0.7056E-01  0.7056E-01  0.7056E-01  0.0000E+00  0.0000E+00  0.0000E+00  0.0000E+00  0.0000E+00
      5.053  0.1498E-01  0.7011E-01  0.7011E-01  0.7011E-01  0.0000E+00  0.0000E+00  0.0000E+00  0.0000E+00  0.0000E+00
      5.208  0.1417E-01  0.6986E-01  0.6986E-01  0.6986E-01  0.0000E+00  0.0000E+00  0.0000E+00  0.0000E+00  0.0000E+00
      5.362  0.1336E-01  0.6961E-01  0.6961E-01  0.6961E-01  0.0000E+00  0.0000E+00  0.0000E+00  0.0000E+00  0.0000E+00
      5.517  0.1275E-01  0.6923E-01  0.6923E-01  0.6923E-01  0.0000E+00  0.0000E+00  0.0000E+00  0.0000E+00  0.0000E+00
      5.672  0.1210E-01  0.6911E-01  0.6911E-01  0.6911E-01  0.0000E+00  0.0000E+00  0.0000E+00  0.0000E+00  0.0000E+00
      5.826  0.1145E-01  0.6874E-01  0.6874E-01  0.6874E-01  0.0000E+00  0.0000E+00  0.0000E+00  0.0000E+00  0.0000E+00
      5.981  0.1076E-01  0.6845E-01  0.6845E-01  0.6845E-01  0.0000E+00  0.0000E+00  0.0000E+00  0.0000E+00  0.0000E+00
      6.136  0.1016E-01  0.6819E-01  0.6819E-01  0.6819E-01  0.0000E+00  0.0000E+00  0.0000E+00  0.0000E+00  0.0000E+00
      6.290  0.9497E-02  0.6800E-01  0.6800E-01  0.6800E-01  0.0000E+00  0.0000E+00  0.0000E+00  0.0000E+00  0.0000E+00
      6.445  0.8752E-02  0.6754E-01  0.6754E-01  0.6754E-01  0.0000E+00  0.0000E+00  0.0000E+00  0.0000E+00  0.0000E+00
      6.600  0.8148E-02  0.6733E-01  0.6733E-01  0.6733E-01  0.0000E+00  0.0000E+00  0.0000E+00  0.0000E+00  0.0000E+00
      6.754  0.7642E-02  0.6704E-01  0.6704E-01  0.6704E-01  0.0000E+00  0.0000E+00  0.0000E+00  0.0000E+00  0.0000E+00
      6.909  0.7078E-02  0.6702E-01  0.6702E-01  0.6702E-01  0.0000E+00  0.0000E+00  0.0000E+00  0.0000E+00  0.0000E+00
      7.064  0.6404E-02  0.6639E-01  0.6639E-01  0.6639E-01  0.0000E+00  0.0000E+00  0.0000E+00  0.0000E+00  0.0000E+00
      7.218  0.5853E-02  0.6650E-01  0.6650E-01  0.6650E-01  0.0000E+00  0.0000E+00  0.0000E+00  0.0000E+00  0.0000E+00
      7.373  0.5341E-02  0.6557E-01  0.6557E-01  0.6557E-01  0.0000E+00  0.0000E+00  0.0000E+00  0.0000E+00  0.0000E+00
      7.528  0.4833E-02  0.5323E-01  0.5323E-01  0.5323E-01  0.0000E+00  0.0000E+00  0.0000E+00  0.0000E+00  0.0000E+00
      7.682  0.4314E-02  0.4618E-01  0.4618E-01  0.4618E-01  0.0000E+00  0.0000E+00  0.0000E+00  0.0000E+00  0.0000E+00
      7.837  0.3933E-02  0.4246E-01  0.4246E-01  0.4246E-01  0.0000E+00  0.0000E+00  0.0000E+00  0.0000E+00  0.0000E+00
      7.992  0.3565E-02  0.3851E-01  0.3851E-01  0.3851E-01  0.0000E+00  0.0000E+00  0.0000E+00  0.0000E+00  0.0000E+00
      8.146  0.3191E-02  0.3537E-01  0.3537E-01  0.3537E-01  0.0000E+00  0.0000E+00  0.0000E+00  0.0000E+00  0.0000E+00
      8.301  0.2820E-02  0.3250E-01  0.3250E-01  0.3250E-01  0.0000E+00  0.0000E+00  0.0000E+00  0.0000E+00  0.0000E+00
      8.456  0.2535E-02  0.3004E-01  0.3004E-01  0.3004E-01  0.0000E+00  0.0000E+00  0.0000E+00  0.0000E+00  0.0000E+00
      8.610  0.2243E-02  0.2764E-01  0.2764E-01  0.2764E-01  0.0000E+00  0.0000E+00  0.0000E+00  0.0000E+00  0.0000E+00
      8.765  0.1929E-02  0.2537E-01  0.2537E-01  0.2537E-01  0.0000E+00  0.0000E+00  0.0000E+00  0.0000E+00  0.0000E+00
      8.920  0.1686E-02  0.2339E-01  0.2339E-01  0.2339E-01  0.0000E+00  0.0000E+00  0.0000E+00  0.0000E+00  0.0000E+00
      9.074  0.1447E-02  0.2138E-01  0.2138E-01  0.2138E-01  0.0000E+00  0.0000E+00  0.0000E+00  0.0000E+00  0.0000E+00
      9.229  0.1207E-02  0.1947E-01  0.1947E-01  0.1947E-01  0.0000E+00  0.0000E+00  0.0000E+00  0.0000E+00  0.0000E+00
      9.384  0.9916E-03  0.1760E-01  0.1760E-01  0.1760E-01  0.0000E+00  0.0000E+00  0.0000E+00  0.0000E+00  0.0000E+00
      9.538  0.7922E-03  0.1577E-01  0.1577E-01  0.1577E-01  0.0000E+00  0.0000E+00  0.0000E+00  0.0000E+00  0.0000E+00
      9.693  0.6156E-03  0.1403E-01  0.1403E-01  0.1403E-01  0.0000E+00  0.0000E+00  0.0000E+00  0.0000E+00  0.0000E+00
      9.848  0.4491E-03  0.1209E-01  0.1209E-01  0.1209E-01  0.0000E+00  0.0000E+00  0.0000E+00  0.0000E+00  0.0000E+00
     10.002  0.3044E-03  0.1022E-01  0.1022E-01  0.1022E-01  0.0000E+00  0.0000E+00  0.0000E+00  0.0000E+00  0.0000E+00
     10.157  0.1723E-03  0.8170E-02  0.8170E-02  0.8170E-02  0.0000E+00  0.0000E+00  0.0000E+00  0.0000E+00  0.0000E+00
     10.312  0.7794E-04  0.5974E-02  0.5974E-02  0.5974E-02  0.0000E+00  0.0000E+00  0.0000E+00  0.0000E+00  0.0000E+00
     10.466  0.1991E-04  0.3486E-02  0.3486E-02  0.3486E-02  0.0000E+00  0.0000E+00  0.0000E+00  0.0000E+00  0.0000E+00
     10.621  0.0000E+00  0.0000E+00  0.0000E+00  0.0000E+00  0.0000E+00  0.0000E+00  0.0000E+00  0.0000E+00  0.0000E+00
     10.776  0.0000E+00  0.0000E+00  0.0000E+00  0.0000E+00  0.0000E+00  0.0000E+00  0.0000E+00  0.0000E+00  0.0000E+00
     10.930  0.0000E+00  0.0000E+00  0.0000E+00  0.0000E+00  0.0000E+00  0.0000E+00  0.0000E+00  0.0000E+00  0.0000E+00
     11.085  0.0000E+00  0.0000E+00  0.0000E+00  0.0000E+00  0.0000E+00  0.0000E+00  0.0000E+00  0.0000E+00  0.0000E+00
     11.240  0.0000E+00  0.0000E+00  0.0000E+00  0.0000E+00  0.0000E+00  0.0000E+00  0.0000E+00  0.0000E+00  0.0000E+00
     11.394  0.0000E+00  0.0000E+00  0.0000E+00  0.0000E+00  0.0000E+00  0.0000E+00  0.0000E+00  0.0000E+00  0.0000E+00
     11.549  0.0000E+00  0.0000E+00  0.0000E+00  0.0000E+00  0.0000E+00  0.0000E+00  0.0000E+00  0.0000E+00  0.0000E+00
     11.704  0.0000E+00  0.0000E+00  0.0000E+00  0.0000E+00  0.0000E+00  0.0000E+00  0.0000E+00  0.0000E+00  0.0000E+00
     11.858  0.0000E+00  0.0000E+00  0.0000E+00  0.0000E+00  0.0000E+00  0.0000E+00  0.0000E+00  0.0000E+00  0.0000E+00
     12.013  0.0000E+00  0.0000E+00  0.0000E+00  0.0000E+00  0.0000E+00  0.0000E+00  0.0000E+00  0.0000E+00  0.0000E+00
     12.168  0.0000E+00  0.0000E+00  0.0000E+00  0.0000E+00  0.0000E+00  0.0000E+00  0.0000E+00  0.0000E+00  0.0000E+00
     12.322  0.0000E+00  0.0000E+00  0.0000E+00  0.0000E+00  0.0000E+00  0.0000E+00  0.0000E+00  0.0000E+00  0.0000E+00
     12.477  0.0000E+00  0.0000E+00  0.0000E+00  0.0000E+00  0.0000E+00  0.0000E+00  0.0000E+00  0.0000E+00  0.0000E+00
     12.632  0.0000E+00  0.0000E+00  0.0000E+00  0.0000E+00  0.0000E+00  0.0000E+00  0.0000E+00  0.0000E+00  0.0000E+00
     12.786  0.0000E+00  0.0000E+00  0.0000E+00  0.0000E+00  0.0000E+00  0.0000E+00  0.0000E+00  0.0000E+00  0.0000E+00
     12.941  0.0000E+00  0.0000E+00  0.0000E+00  0.0000E+00  0.0000E+00  0.0000E+00  0.0000E+00  0.0000E+00  0.0000E+00
     13.096  0.0000E+00  0.0000E+00  0.0000E+00  0.0000E+00  0.0000E+00  0.0000E+00  0.0000E+00  0.0000E+00  0.0000E+00
     13.250  0.0000E+00  0.0000E+00  0.0000E+00  0.0000E+00  0.0000E+00  0.0000E+00  0.0000E+00  0.0000E+00  0.0000E+00
     13.405  0.0000E+00  0.0000E+00  0.0000E+00  0.0000E+00  0.0000E+00  0.0000E+00  0.0000E+00  0.0000E+00  0.0000E+00
     13.560  0.0000E+00  0.0000E+00  0.0000E+00  0.0000E+00  0.0000E+00  0.0000E+00  0.0000E+00  0.0000E+00  0.0000E+00
     13.714  0.0000E+00  0.0000E+00  0.0000E+00  0.0000E+00  0.0000E+00  0.0000E+00  0.0000E+00  0.0000E+00  0.0000E+00
     13.869  0.0000E+00  0.0000E+00  0.0000E+00  0.0000E+00  0.0000E+00  0.0000E+00  0.0000E+00  0.0000E+00  0.0000E+00
     14.024  0.0000E+00  0.0000E+00  0.0000E+00  0.0000E+00  0.0000E+00  0.0000E+00  0.0000E+00  0.0000E+00  0.0000E+00
     14.178  0.0000E+00  0.0000E+00  0.0000E+00  0.0000E+00  0.0000E+00  0.0000E+00  0.0000E+00  0.0000E+00  0.0000E+00
     14.333  0.0000E+00  0.0000E+00  0.0000E+00  0.0000E+00  0.0000E+00  0.0000E+00  0.0000E+00  0.0000E+00  0.0000E+00
     14.488  0.0000E+00  0.0000E+00  0.0000E+00  0.0000E+00  0.0000E+00  0.0000E+00  0.0000E+00  0.0000E+00  0.0000E+00
     14.642  0.0000E+00  0.0000E+00  0.0000E+00  0.0000E+00  0.0000E+00  0.0000E+00  0.0000E+00  0.0000E+00  0.0000E+00
     14.797  0.0000E+00  0.0000E+00  0.0000E+00  0.0000E+00  0.0000E+00  0.0000E+00  0.0000E+00  0.0000E+00  0.0000E+00
     14.952  0.0000E+00  0.0000E+00  0.0000E+00  0.0000E+00  0.0000E+00  0.0000E+00  0.0000E+00  0.0000E+00  0.0000E+00
     15.106  0.7641E-02  0.2416E-02  0.2416E-02  0.2416E-02  0.0000E+00  0.0000E+00  0.0000E+00  0.0000E+00  0.0000E+00
     15.261  0.9936E-02  0.3500E-02  0.3500E-02  0.3500E-02  0.0000E+00  0.0000E+00  0.0000E+00  0.0000E+00  0.0000E+00
     15.416  0.1215E-01  0.4490E-02  0.4490E-02  0.4490E-02  0.0000E+00  0.0000E+00  0.0000E+00  0.0000E+00  0.0000E+00
     15.570  0.1493E-01  0.5835E-02  0.5835E-02  0.5835E-02  0.0000E+00  0.0000E+00  0.0000E+00  0.0000E+00  0.0000E+00
     15.725  0.1811E-01  0.7378E-02  0.7378E-02  0.7378E-02  0.0000E+00  0.0000E+00  0.0000E+00  0.0000E+00  0.0000E+00
     15.880  0.2116E-01  0.9066E-02  0.9066E-02  0.9066E-02  0.0000E+00  0.0000E+00  0.0000E+00  0.0000E+00  0.0000E+00
     16.034  0.2385E-01  0.1098E-01  0.1098E-01  0.1098E-01  0.0000E+00  0.0000E+00  0.0000E+00  0.0000E+00  0.0000E+00
     16.189  0.2479E-01  0.1280E-01  0.1280E-01  0.1280E-01  0.0000E+00  0.0000E+00  0.0000E+00  0.0000E+00  0.0000E+00
     16.344  0.2615E-01  0.1521E-01  0.1521E-01  0.1521E-01  0.0000E+00  0.0000E+00  0.0000E+00  0.0000E+00  0.0000E+00
     16.498  0.2735E-01  0.1890E-01  0.1890E-01  0.1890E-01  0.0000E+00  0.0000E+00  0.0000E+00  0.0000E+00  0.0000E+00
     16.653  0.2808E-01  0.2145E-01  0.2145E-01  0.2145E-01  0.0000E+00  0.0000E+00  0.0000E+00  0.0000E+00  0.0000E+00
     16.808  0.2869E-01  0.2206E-01  0.2206E-01  0.2206E-01  0.0000E+00  0.0000E+00  0.0000E+00  0.0000E+00  0.0000E+00
     16.963  0.2929E-01  0.2317E-01  0.2317E-01  0.2317E-01  0.0000E+00  0.0000E+00  0.0000E+00  0.0000E+00  0.0000E+00
     17.117  0.2996E-01  0.2448E-01  0.2448E-01  0.2448E-01  0.0000E+00  0.0000E+00  0.0000E+00  0.0000E+00  0.0000E+00
     17.272  0.3044E-01  0.2593E-01  0.2593E-01  0.2593E-01  0.0000E+00  0.0000E+00  0.0000E+00  0.0000E+00  0.0000E+00
     17.427  0.3078E-01  0.2734E-01  0.2734E-01  0.2734E-01  0.0000E+00  0.0000E+00  0.0000E+00  0.0000E+00  0.0000E+00
     17.581  0.3114E-01  0.2888E-01  0.2888E-01  0.2888E-01  0.0000E+00  0.0000E+00  0.0000E+00  0.0000E+00  0.0000E+00
     17.736  0.3151E-01  0.3049E-01  0.3049E-01  0.3049E-01  0.0000E+00  0.0000E+00  0.0000E+00  0.0000E+00  0.0000E+00
     17.891  0.3186E-01  0.3222E-01  0.3222E-01  0.3222E-01  0.0000E+00  0.0000E+00  0.0000E+00  0.0000E+00  0.0000E+00
     18.045  0.3219E-01  0.3412E-01  0.3412E-01  0.3412E-01  0.0000E+00  0.0000E+00  0.0000E+00  0.0000E+00  0.0000E+00
     18.200  0.3238E-01  0.3605E-01  0.3605E-01  0.3605E-01  0.0000E+00  0.0000E+00  0.0000E+00  0.0000E+00  0.0000E+00
     18.355  0.3259E-01  0.3825E-01  0.3825E-01  0.3825E-01  0.0000E+00  0.0000E+00  0.0000E+00  0.0000E+00  0.0000E+00
     18.509  0.3283E-01  0.4057E-01  0.4057E-01  0.4057E-01  0.0000E+00  0.0000E+00  0.0000E+00  0.0000E+00  0.0000E+00
     18.664  0.3312E-01  0.4337E-01  0.4337E-01  0.4337E-01  0.0000E+00  0.0000E+00  0.0000E+00  0.0000E+00  0.0000E+00
     18.819  0.3338E-01  0.4642E-01  0.4642E-01  0.4642E-01  0.0000E+00  0.0000E+00  0.0000E+00  0.0000E+00  0.0000E+00
     18.973  0.3365E-01  0.5039E-01  0.5039E-01  0.5039E-01  0.0000E+00  0.0000E+00  0.0000E+00  0.0000E+00  0.0000E+00
     19.128  0.3412E-01  0.5575E-01  0.5575E-01  0.5575E-01  0.0000E+00  0.0000E+00  0.0000E+00  0.0000E+00  0.0000E+00
     19.283  0.3587E-01  0.6736E-01  0.6736E-01  0.6736E-01  0.0000E+00  0.0000E+00  0.0000E+00  0.0000E+00  0.0000E+00
     19.437  0.3573E-01  0.7371E-01  0.7371E-01  0.7371E-01  0.0000E+00  0.0000E+00  0.0000E+00  0.0000E+00  0.0000E+00
     19.592  0.3382E-01  0.6793E-01  0.6793E-01  0.6793E-01  0.0000E+00  0.0000E+00  0.0000E+00  0.0000E+00  0.0000E+00
     19.747  0.3244E-01  0.5643E-01  0.5643E-01  0.5643E-01  0.0000E+00  0.0000E+00  0.0000E+00  0.0000E+00  0.0000E+00
     19.901  0.3700E-01  0.5933E-01  0.5933E-01  0.5933E-01  0.0000E+00  0.0000E+00  0.0000E+00  0.0000E+00  0.0000E+00
     20.056  0.4799E-01  0.6324E-01  0.6324E-01  0.6324E-01  0.0000E+00  0.0000E+00  0.0000E+00  0.0000E+00  0.0000E+00
     20.211  0.4968E-01  0.5614E-01  0.5614E-01  0.5614E-01  0.0000E+00  0.0000E+00  0.0000E+00  0.0000E+00  0.0000E+00
     20.365  0.6022E-01  0.5582E-01  0.5582E-01  0.5582E-01  0.0000E+00  0.0000E+00  0.0000E+00  0.0000E+00  0.0000E+00
     20.520  0.6777E-01  0.5312E-01  0.5312E-01  0.5312E-01  0.0000E+00  0.0000E+00  0.0000E+00  0.0000E+00  0.0000E+00
     20.675  0.5977E-01  0.5179E-01  0.5179E-01  0.5179E-01  0.0000E+00  0.0000E+00  0.0000E+00  0.0000E+00  0.0000E+00
     20.829  0.5771E-01  0.5102E-01  0.5102E-01  0.5102E-01  0.0000E+00  0.0000E+00  0.0000E+00  0.0000E+00  0.0000E+00
     20.984  0.5378E-01  0.5176E-01  0.5176E-01  0.5176E-01  0.0000E+00  0.0000E+00  0.0000E+00  0.0000E+00  0.0000E+00
     21.139  0.5113E-01  0.5231E-01  0.5231E-01  0.5231E-01  0.0000E+00  0.0000E+00  0.0000E+00  0.0000E+00  0.0000E+00
     21.293  0.4901E-01  0.5208E-01  0.5208E-01  0.5208E-01  0.0000E+00  0.0000E+00  0.0000E+00  0.0000E+00  0.0000E+00
     21.448  0.4525E-01  0.5075E-01  0.5075E-01  0.5075E-01  0.0000E+00  0.0000E+00  0.0000E+00  0.0000E+00  0.0000E+00
     21.603  0.4360E-01  0.5006E-01  0.5006E-01  0.5006E-01  0.0000E+00  0.0000E+00  0.0000E+00  0.0000E+00  0.0000E+00
     21.757  0.4105E-01  0.4859E-01  0.4859E-01  0.4859E-01  0.0000E+00  0.0000E+00  0.0000E+00  0.0000E+00  0.0000E+00
     21.912  0.3798E-01  0.4723E-01  0.4723E-01  0.4723E-01  0.0000E+00  0.0000E+00  0.0000E+00  0.0000E+00  0.0000E+00
     22.067  0.3786E-01  0.4756E-01  0.4756E-01  0.4756E-01  0.0000E+00  0.0000E+00  0.0000E+00  0.0000E+00  0.0000E+00
     22.221  0.3495E-01  0.4427E-01  0.4427E-01  0.4427E-01  0.0000E+00  0.0000E+00  0.0000E+00  0.0000E+00  0.0000E+00
     22.376  0.3054E-01  0.3856E-01  0.3856E-01  0.3856E-01  0.0000E+00  0.0000E+00  0.0000E+00  0.0000E+00  0.0000E+00
     22.531  0.2748E-01  0.3603E-01  0.3603E-01  0.3603E-01  0.0000E+00  0.0000E+00  0.0000E+00  0.0000E+00  0.0000E+00
     22.685  0.2769E-01  0.3534E-01  0.3534E-01  0.3534E-01  0.0000E+00  0.0000E+00  0.0000E+00  0.0000E+00  0.0000E+00
     22.840  0.3408E-01  0.3719E-01  0.3719E-01  0.3719E-01  0.0000E+00  0.0000E+00  0.0000E+00  0.0000E+00  0.0000E+00
     22.995  0.3711E-01  0.3640E-01  0.3640E-01  0.3640E-01  0.0000E+00  0.0000E+00  0.0000E+00  0.0000E+00  0.0000E+00
     23.149  0.4253E-01  0.3844E-01  0.3844E-01  0.3844E-01  0.0000E+00  0.0000E+00  0.0000E+00  0.0000E+00  0.0000E+00
     23.304  0.4493E-01  0.3879E-01  0.3879E-01  0.3879E-01  0.0000E+00  0.0000E+00  0.0000E+00  0.0000E+00  0.0000E+00
     23.459  0.4748E-01  0.3994E-01  0.3994E-01  0.3994E-01  0.0000E+00  0.0000E+00  0.0000E+00  0.0000E+00  0.0000E+00
     23.613  0.5527E-01  0.4404E-01  0.4404E-01  0.4404E-01  0.0000E+00  0.0000E+00  0.0000E+00  0.0000E+00  0.0000E+00
     23.768  0.5155E-01  0.4317E-01  0.4317E-01  0.4317E-01  0.0000E+00  0.0000E+00  0.0000E+00  0.0000E+00  0.0000E+00
     23.923  0.5442E-01  0.4436E-01  0.4436E-01  0.4436E-01  0.0000E+00  0.0000E+00  0.0000E+00  0.0000E+00  0.0000E+00
     24.077  0.5542E-01  0.4541E-01  0.4541E-01  0.4541E-01  0.0000E+00  0.0000E+00  0.0000E+00  0.0000E+00  0.0000E+00
     24.232  0.5853E-01  0.4884E-01  0.4884E-01  0.4884E-01  0.0000E+00  0.0000E+00  0.0000E+00  0.0000E+00  0.0000E+00
     24.387  0.5786E-01  0.4935E-01  0.4935E-01  0.4935E-01  0.0000E+00  0.0000E+00  0.0000E+00  0.0000E+00  0.0000E+00
     24.541  0.5538E-01  0.5014E-01  0.5014E-01  0.5014E-01  0.0000E+00  0.0000E+00  0.0000E+00  0.0000E+00  0.0000E+00
     24.696  0.5556E-01  0.4956E-01  0.4956E-01  0.4956E-01  0.0000E+00  0.0000E+00  0.0000E+00  0.0000E+00  0.0000E+00
     24.851  0.5630E-01  0.5230E-01  0.5230E-01  0.5230E-01  0.0000E+00  0.0000E+00  0.0000E+00  0.0000E+00  0.0000E+00
     25.005  0.5604E-01  0.5343E-01  0.5343E-01  0.5343E-01  0.0000E+00  0.0000E+00  0.0000E+00  0.0000E+00  0.0000E+00
     25.160  0.5591E-01  0.5510E-01  0.5510E-01  0.5510E-01  0.0000E+00  0.0000E+00  0.0000E+00  0.0000E+00  0.0000E+00
     25.315  0.5791E-01  0.5656E-01  0.5656E-01  0.5656E-01  0.0000E+00  0.0000E+00  0.0000E+00  0.0000E+00  0.0000E+00
     25.469  0.6083E-01  0.5696E-01  0.5696E-01  0.5696E-01  0.0000E+00  0.0000E+00  0.0000E+00  0.0000E+00  0.0000E+00
     25.624  0.7315E-01  0.6198E-01  0.6198E-01  0.6198E-01  0.0000E+00  0.0000E+00  0.0000E+00  0.0000E+00  0.0000E+00
     25.779  0.1245E+00  0.6075E-01  0.6075E-01  0.6075E-01  0.0000E+00  0.0000E+00  0.0000E+00  0.0000E+00  0.0000E+00
     25.933  0.1180E+00  0.6209E-01  0.6209E-01  0.6209E-01  0.0000E+00  0.0000E+00  0.0000E+00  0.0000E+00  0.0000E+00
     26.088  0.7137E-01  0.6200E-01  0.6200E-01  0.6200E-01  0.0000E+00  0.0000E+00  0.0000E+00  0.0000E+00  0.0000E+00
     26.243  0.5310E-01  0.6399E-01  0.6399E-01  0.6399E-01  0.0000E+00  0.0000E+00  0.0000E+00  0.0000E+00  0.0000E+00
     26.397  0.5095E-01  0.7390E-01  0.7390E-01  0.7390E-01  0.0000E+00  0.0000E+00  0.0000E+00  0.0000E+00  0.0000E+00
     26.552  0.4924E-01  0.7989E-01  0.7989E-01  0.7989E-01  0.0000E+00  0.0000E+00  0.0000E+00  0.0000E+00  0.0000E+00
     26.707  0.4377E-01  0.7700E-01  0.7700E-01  0.7700E-01  0.0000E+00  0.0000E+00  0.0000E+00  0.0000E+00  0.0000E+00
     26.861  0.3678E-01  0.7072E-01  0.7072E-01  0.7072E-01  0.0000E+00  0.0000E+00  0.0000E+00  0.0000E+00  0.0000E+00
     27.016  0.3014E-01  0.6647E-01  0.6647E-01  0.6647E-01  0.0000E+00  0.0000E+00  0.0000E+00  0.0000E+00  0.0000E+00
     27.171  0.2525E-01  0.6456E-01  0.6456E-01  0.6456E-01  0.0000E+00  0.0000E+00  0.0000E+00  0.0000E+00  0.0000E+00
     27.325  0.2082E-01  0.6172E-01  0.6172E-01  0.6172E-01  0.0000E+00  0.0000E+00  0.0000E+00  0.0000E+00  0.0000E+00
     27.480  0.1700E-01  0.6059E-01  0.6059E-01  0.6059E-01  0.0000E+00  0.0000E+00  0.0000E+00  0.0000E+00  0.0000E+00
     27.635  0.1339E-01  0.6234E-01  0.6234E-01  0.6234E-01  0.0000E+00  0.0000E+00  0.0000E+00  0.0000E+00  0.0000E+00
     27.789  0.8721E-02  0.5080E-01  0.5080E-01  0.5080E-01  0.0000E+00  0.0000E+00  0.0000E+00  0.0000E+00  0.0000E+00
     27.944  0.6279E-02  0.2893E-01  0.2893E-01  0.2893E-01  0.0000E+00  0.0000E+00  0.0000E+00  0.0000E+00  0.0000E+00
     28.099  0.5098E-02  0.2667E-01  0.2667E-01  0.2667E-01  0.0000E+00  0.0000E+00  0.0000E+00  0.0000E+00  0.0000E+00
     28.253  0.4023E-02  0.2462E-01  0.2462E-01  0.2462E-01  0.0000E+00  0.0000E+00  0.0000E+00  0.0000E+00  0.0000E+00
     28.408  0.3096E-02  0.2218E-01  0.2218E-01  0.2218E-01  0.0000E+00  0.0000E+00  0.0000E+00  0.0000E+00  0.0000E+00
     28.563  0.2254E-02  0.1968E-01  0.1968E-01  0.1968E-01  0.0000E+00  0.0000E+00  0.0000E+00  0.0000E+00  0.0000E+00
     28.717  0.1510E-02  0.1729E-01  0.1729E-01  0.1729E-01  0.0000E+00  0.0000E+00  0.0000E+00  0.0000E+00  0.0000E+00
     28.872  0.8959E-03  0.1403E-01  0.1403E-01  0.1403E-01  0.0000E+00  0.0000E+00  0.0000E+00  0.0000E+00  0.0000E+00
     29.027  0.4041E-03  0.1062E-01  0.1062E-01  0.1062E-01  0.0000E+00  0.0000E+00  0.0000E+00  0.0000E+00  0.0000E+00
     29.181  0.1156E-03  0.6759E-02  0.6759E-02  0.6759E-02  0.0000E+00  0.0000E+00  0.0000E+00  0.0000E+00  0.0000E+00
     29.336  0.1503E-05  0.3033E-03  0.3033E-03  0.3033E-03  0.0000E+00  0.0000E+00  0.0000E+00  0.0000E+00  0.0000E+00
     29.491  0.0000E+00  0.0000E+00  0.0000E+00  0.0000E+00  0.0000E+00  0.0000E+00  0.0000E+00  0.0000E+00  0.0000E+00
     29.645  0.0000E+00  0.0000E+00  0.0000E+00  0.0000E+00  0.0000E+00  0.0000E+00  0.0000E+00  0.0000E+00  0.0000E+00
     29.800  0.0000E+00  0.0000E+00  0.0000E+00  0.0000E+00  0.0000E+00  0.0000E+00  0.0000E+00  0.0000E+00  0.0000E+00
     29.955  0.0000E+00  0.0000E+00  0.0000E+00  0.0000E+00  0.0000E+00  0.0000E+00  0.0000E+00  0.0000E+00  0.0000E+00
     30.109  0.0000E+00  0.0000E+00  0.0000E+00  0.0000E+00  0.0000E+00  0.0000E+00  0.0000E+00  0.0000E+00  0.0000E+00
     30.264  0.0000E+00  0.0000E+00  0.0000E+00  0.0000E+00  0.0000E+00  0.0000E+00  0.0000E+00  0.0000E+00  0.0000E+00
     30.419  0.0000E+00  0.0000E+00  0.0000E+00  0.0000E+00  0.0000E+00  0.0000E+00  0.0000E+00  0.0000E+00  0.0000E+00
     30.573  0.0000E+00  0.0000E+00  0.0000E+00  0.0000E+00  0.0000E+00  0.0000E+00  0.0000E+00  0.0000E+00  0.0000E+00
     30.728  0.0000E+00  0.0000E+00  0.0000E+00  0.0000E+00  0.0000E+00  0.0000E+00  0.0000E+00  0.0000E+00  0.0000E+00
     30.883  0.0000E+00  0.0000E+00  0.0000E+00  0.0000E+00  0.0000E+00  0.0000E+00  0.0000E+00  0.0000E+00  0.0000E+00
     31.037  0.0000E+00  0.0000E+00  0.0000E+00  0.0000E+00  0.0000E+00  0.0000E+00  0.0000E+00  0.0000E+00  0.0000E+00
     31.192  0.0000E+00  0.0000E+00  0.0000E+00  0.0000E+00  0.0000E+00  0.0000E+00  0.0000E+00  0.0000E+00  0.0000E+00
     31.347  0.0000E+00  0.0000E+00  0.0000E+00  0.0000E+00  0.0000E+00  0.0000E+00  0.0000E+00  0.0000E+00  0.0000E+00
