   2   2   1   0
  0.5699331E+01  0.2526133E-09  0.2526133E-09  0.2526133E-09  0.5000000E-15
  1.000000000000000E-004
  CAR 
 C                                       
     29.43314434    -15.00706195  301      9.63787850      1.00000000
    -15.007  0.0000E+00  0.0000E+00
    -14.859  0.0000E+00  0.0000E+00
    -14.711  0.0000E+00  0.0000E+00
    -14.563  0.0000E+00  0.0000E+00
    -14.415  0.0000E+00  0.0000E+00
    -14.266  0.0000E+00  0.0000E+00
    -14.118  0.0000E+00  0.0000E+00
    -13.970  0.0000E+00  0.0000E+00
    -13.822  0.0000E+00  0.0000E+00
    -13.674  0.0000E+00  0.0000E+00
    -13.526  0.0000E+00  0.0000E+00
    -13.378  0.0000E+00  0.0000E+00
    -13.229  0.0000E+00  0.0000E+00
    -13.081  0.0000E+00  0.0000E+00
    -12.933  0.2572E-01  0.7257E-03
    -12.785  0.5819E-01  0.6086E-02
    -12.637  0.6933E-01  0.1420E-01
    -12.489  0.7433E-01  0.2433E-01
    -12.341  0.8513E-01  0.3615E-01
    -12.193  0.9471E-01  0.4944E-01
    -12.044  0.1031E+00  0.6410E-01
    -11.896  0.1113E+00  0.8000E-01
    -11.748  0.1191E+00  0.9705E-01
    -11.600  0.1261E+00  0.1152E+00
    -11.452  0.1333E+00  0.1344E+00
    -11.304  0.1396E+00  0.1546E+00
    -11.156  0.1463E+00  0.1758E+00
    -11.007  0.1523E+00  0.1979E+00
    -10.859  0.1586E+00  0.2210E+00
    -10.711  0.1643E+00  0.2449E+00
    -10.563  0.1703E+00  0.2697E+00
    -10.415  0.1758E+00  0.2953E+00
    -10.267  0.1815E+00  0.3218E+00
    -10.119  0.1871E+00  0.3491E+00
     -9.971  0.1925E+00  0.3772E+00
     -9.822  0.1982E+00  0.4061E+00
     -9.674  0.2035E+00  0.4359E+00
     -9.526  0.2089E+00  0.4664E+00
     -9.378  0.2145E+00  0.4978E+00
     -9.230  0.2198E+00  0.5299E+00
     -9.082  0.2254E+00  0.5629E+00
     -8.934  0.2311E+00  0.5967E+00
     -8.785  0.2367E+00  0.6314E+00
     -8.637  0.2426E+00  0.6669E+00
     -8.489  0.2487E+00  0.7033E+00
     -8.341  0.2549E+00  0.7406E+00
     -8.193  0.2615E+00  0.7788E+00
     -8.045  0.2685E+00  0.8181E+00
     -7.897  0.2761E+00  0.8584E+00
     -7.748  0.2845E+00  0.8999E+00
     -7.600  0.2940E+00  0.9427E+00
     -7.452  0.3054E+00  0.9871E+00
     -7.304  0.3203E+00  0.1033E+01
     -7.156  0.3445E+00  0.1082E+01
     -7.008  0.3785E+00  0.1137E+01
     -6.860  0.3722E+00  0.1192E+01
     -6.712  0.3581E+00  0.1246E+01
     -6.563  0.3481E+00  0.1298E+01
     -6.415  0.3375E+00  0.1348E+01
     -6.267  0.3254E+00  0.1397E+01
     -6.119  0.3165E+00  0.1445E+01
     -5.971  0.3056E+00  0.1491E+01
     -5.823  0.2957E+00  0.1536E+01
     -5.675  0.2856E+00  0.1579E+01
     -5.526  0.2757E+00  0.1620E+01
     -5.378  0.2646E+00  0.1660E+01
     -5.230  0.2553E+00  0.1699E+01
     -5.082  0.2439E+00  0.1736E+01
     -4.934  0.2333E+00  0.1771E+01
     -4.786  0.2224E+00  0.1805E+01
     -4.638  0.2112E+00  0.1837E+01
     -4.490  0.1996E+00  0.1867E+01
     -4.341  0.1884E+00  0.1896E+01
     -4.193  0.2444E+00  0.1928E+01
     -4.045  0.2605E+00  0.1965E+01
     -3.897  0.2387E+00  0.2002E+01
     -3.749  0.2015E+00  0.2033E+01
     -3.601  0.2065E+00  0.2063E+01
     -3.453  0.2283E+00  0.2095E+01
     -3.304  0.2506E+00  0.2130E+01
     -3.156  0.2950E+00  0.2171E+01
     -3.008  0.3497E+00  0.2218E+01
     -2.860  0.4188E+00  0.2275E+01
     -2.712  0.5023E+00  0.2342E+01
     -2.564  0.6811E+00  0.2431E+01
     -2.416  0.6553E+00  0.2531E+01
     -2.268  0.4915E+00  0.2612E+01
     -2.119  0.4402E+00  0.2680E+01
     -1.971  0.3997E+00  0.2743E+01
     -1.823  0.3766E+00  0.2800E+01
     -1.675  0.3495E+00  0.2854E+01
     -1.527  0.3340E+00  0.2904E+01
     -1.379  0.3143E+00  0.2953E+01
     -1.231  0.3010E+00  0.2998E+01
     -1.082  0.2876E+00  0.3042E+01
     -0.934  0.2729E+00  0.3083E+01
     -0.786  0.2634E+00  0.3123E+01
     -0.638  0.2485E+00  0.3161E+01
     -0.490  0.2412E+00  0.3197E+01
     -0.342  0.2318E+00  0.3232E+01
     -0.194  0.2331E+00  0.3266E+01
     -0.046  0.3174E+00  0.3307E+01
      0.103  0.3511E+00  0.3356E+01
      0.251  0.3896E+00  0.3411E+01
      0.399  0.4432E+00  0.3472E+01
      0.547  0.5265E+00  0.3543E+01
      0.695  0.5220E+00  0.3621E+01
      0.843  0.5015E+00  0.3696E+01
      0.991  0.4910E+00  0.3770E+01
      1.140  0.4794E+00  0.3841E+01
      1.288  0.4980E+00  0.3914E+01
      1.436  0.4925E+00  0.3986E+01
      1.584  0.5018E+00  0.4060E+01
      1.732  0.5117E+00  0.4135E+01
      1.880  0.5277E+00  0.4212E+01
      2.028  0.5321E+00  0.4289E+01
      2.176  0.5447E+00  0.4369E+01
      2.325  0.5662E+00  0.4452E+01
      2.473  0.5759E+00  0.4536E+01
      2.621  0.6085E+00  0.4624E+01
      2.769  0.6378E+00  0.4716E+01
      2.917  0.6817E+00  0.4813E+01
      3.065  0.7862E+00  0.4922E+01
      3.213  0.7760E+00  0.5035E+01
      3.362  0.7582E+00  0.5147E+01
      3.510  0.7423E+00  0.5257E+01
      3.658  0.7326E+00  0.5366E+01
      3.806  0.7272E+00  0.5474E+01
      3.954  0.7192E+00  0.5582E+01
      4.102  0.7073E+00  0.5687E+01
      4.250  0.7033E+00  0.5792E+01
      4.398  0.6963E+00  0.5895E+01
      4.547  0.6857E+00  0.5998E+01
      4.695  0.6811E+00  0.6099E+01
      4.843  0.6744E+00  0.6199E+01
      4.991  0.6668E+00  0.6299E+01
      5.139  0.6591E+00  0.6397E+01
      5.287  0.6513E+00  0.6494E+01
      5.435  0.6454E+00  0.6590E+01
      5.584  0.6373E+00  0.6685E+01
      5.732  0.6305E+00  0.6779E+01
      5.880  0.6238E+00  0.6872E+01
      6.028  0.6178E+00  0.6964E+01
      6.176  0.6128E+00  0.7055E+01
      6.324  0.6032E+00  0.7145E+01
      6.472  0.5983E+00  0.7234E+01
      6.621  0.6032E+00  0.7322E+01
      6.769  0.5118E+00  0.7402E+01
      6.917  0.4254E+00  0.7469E+01
      7.065  0.3834E+00  0.7529E+01
      7.213  0.3494E+00  0.7583E+01
      7.361  0.3189E+00  0.7632E+01
      7.509  0.2908E+00  0.7677E+01
      7.657  0.2680E+00  0.7719E+01
      7.806  0.2454E+00  0.7757E+01
      7.954  0.2240E+00  0.7792E+01
      8.102  0.2054E+00  0.7823E+01
      8.250  0.1868E+00  0.7852E+01
      8.398  0.1688E+00  0.7879E+01
      8.546  0.1522E+00  0.7902E+01
      8.694  0.1358E+00  0.7924E+01
      8.843  0.1194E+00  0.7943E+01
      8.991  0.1033E+00  0.7959E+01
      9.139  0.8689E-01  0.7973E+01
      9.287  0.7031E-01  0.7985E+01
      9.435  0.5776E-01  0.7994E+01
      9.583  0.2635E-01  0.7999E+01
      9.731  0.0000E+00  0.8000E+01
      9.879  0.0000E+00  0.8000E+01
     10.028  0.0000E+00  0.8000E+01
     10.176  0.0000E+00  0.8000E+01
     10.324  0.0000E+00  0.8000E+01
     10.472  0.0000E+00  0.8000E+01
     10.620  0.0000E+00  0.8000E+01
     10.768  0.0000E+00  0.8000E+01
     10.916  0.0000E+00  0.8000E+01
     11.065  0.0000E+00  0.8000E+01
     11.213  0.0000E+00  0.8000E+01
     11.361  0.0000E+00  0.8000E+01
     11.509  0.0000E+00  0.8000E+01
     11.657  0.0000E+00  0.8000E+01
     11.805  0.0000E+00  0.8000E+01
     11.953  0.0000E+00  0.8000E+01
     12.101  0.0000E+00  0.8000E+01
     12.250  0.0000E+00  0.8000E+01
     12.398  0.0000E+00  0.8000E+01
     12.546  0.0000E+00  0.8000E+01
     12.694  0.0000E+00  0.8000E+01
     12.842  0.0000E+00  0.8000E+01
     12.990  0.0000E+00  0.8000E+01
     13.138  0.0000E+00  0.8000E+01
     13.287  0.0000E+00  0.8000E+01
     13.435  0.0000E+00  0.8000E+01
     13.583  0.0000E+00  0.8000E+01
     13.731  0.0000E+00  0.8000E+01
     13.879  0.0000E+00  0.8000E+01
     14.027  0.4463E-01  0.8002E+01
     14.175  0.8641E-01  0.8010E+01
     14.323  0.1083E+00  0.8024E+01
     14.472  0.1385E+00  0.8043E+01
     14.620  0.1794E+00  0.8066E+01
     14.768  0.2182E+00  0.8095E+01
     14.916  0.2519E+00  0.8129E+01
     15.064  0.2823E+00  0.8169E+01
     15.212  0.3140E+00  0.8213E+01
     15.360  0.3501E+00  0.8262E+01
     15.509  0.4079E+00  0.8318E+01
     15.657  0.4185E+00  0.8379E+01
     15.805  0.4369E+00  0.8442E+01
     15.953  0.4572E+00  0.8508E+01
     16.101  0.4767E+00  0.8578E+01
     16.249  0.4963E+00  0.8650E+01
     16.397  0.5151E+00  0.8725E+01
     16.545  0.5359E+00  0.8802E+01
     16.694  0.5575E+00  0.8883E+01
     16.842  0.5800E+00  0.8968E+01
     16.990  0.6042E+00  0.9055E+01
     17.138  0.6286E+00  0.9147E+01
     17.286  0.6554E+00  0.9242E+01
     17.434  0.6856E+00  0.9341E+01
     17.582  0.7195E+00  0.9445E+01
     17.731  0.7606E+00  0.9554E+01
     17.879  0.8079E+00  0.9671E+01
     18.027  0.8757E+00  0.9795E+01
     18.175  0.1020E+01  0.9933E+01
     18.323  0.1140E+01  0.1010E+02
     18.471  0.1049E+01  0.1026E+02
     18.619  0.1030E+01  0.1039E+02
     18.767  0.1074E+01  0.1055E+02
     18.916  0.9171E+00  0.1069E+02
     19.064  0.8782E+00  0.1082E+02
     19.212  0.8420E+00  0.1095E+02
     19.360  0.7952E+00  0.1107E+02
     19.508  0.7973E+00  0.1119E+02
     19.656  0.7739E+00  0.1130E+02
     19.804  0.7590E+00  0.1142E+02
     19.953  0.7730E+00  0.1153E+02
     20.101  0.7769E+00  0.1164E+02
     20.249  0.7597E+00  0.1176E+02
     20.397  0.7246E+00  0.1187E+02
     20.545  0.7099E+00  0.1197E+02
     20.693  0.6936E+00  0.1208E+02
     20.841  0.6564E+00  0.1218E+02
     20.990  0.5658E+00  0.1227E+02
     21.138  0.5148E+00  0.1235E+02
     21.286  0.5304E+00  0.1242E+02
     21.434  0.5858E+00  0.1251E+02
     21.582  0.5860E+00  0.1259E+02
     21.730  0.5744E+00  0.1268E+02
     21.878  0.5950E+00  0.1277E+02
     22.026  0.6368E+00  0.1286E+02
     22.175  0.6452E+00  0.1295E+02
     22.323  0.6600E+00  0.1305E+02
     22.471  0.6585E+00  0.1314E+02
     22.619  0.6553E+00  0.1324E+02
     22.767  0.6940E+00  0.1334E+02
     22.915  0.6708E+00  0.1344E+02
     23.063  0.7007E+00  0.1354E+02
     23.212  0.6869E+00  0.1364E+02
     23.360  0.7499E+00  0.1375E+02
     23.508  0.8337E+00  0.1386E+02
     23.656  0.8721E+00  0.1399E+02
     23.804  0.8784E+00  0.1411E+02
     23.952  0.9261E+00  0.1424E+02
     24.100  0.7572E+00  0.1437E+02
     24.248  0.6958E+00  0.1447E+02
     24.397  0.6974E+00  0.1458E+02
     24.545  0.7011E+00  0.1468E+02
     24.693  0.8088E+00  0.1479E+02
     24.841  0.8872E+00  0.1492E+02
     24.989  0.8437E+00  0.1505E+02
     25.137  0.7398E+00  0.1517E+02
     25.285  0.6786E+00  0.1527E+02
     25.434  0.6412E+00  0.1537E+02
     25.582  0.6005E+00  0.1546E+02
     25.730  0.5648E+00  0.1555E+02
     25.878  0.5379E+00  0.1563E+02
     26.026  0.5182E+00  0.1571E+02
     26.174  0.5558E+00  0.1578E+02
     26.322  0.3422E+00  0.1585E+02
     26.470  0.2058E+00  0.1588E+02
     26.619  0.1829E+00  0.1591E+02
     26.767  0.1599E+00  0.1593E+02
     26.915  0.1389E+00  0.1596E+02
     27.063  0.1103E+00  0.1597E+02
     27.211  0.8244E-01  0.1599E+02
     27.359  0.5176E-01  0.1600E+02
     27.507  0.2276E-02  0.1600E+02
     27.656  0.0000E+00  0.1600E+02
     27.804  0.0000E+00  0.1600E+02
     27.952  0.0000E+00  0.1600E+02
     28.100  0.0000E+00  0.1600E+02
     28.248  0.0000E+00  0.1600E+02
     28.396  0.0000E+00  0.1600E+02
     28.544  0.0000E+00  0.1600E+02
     28.692  0.0000E+00  0.1600E+02
     28.841  0.0000E+00  0.1600E+02
     28.989  0.0000E+00  0.1600E+02
     29.137  0.0000E+00  0.1600E+02
     29.285  0.0000E+00  0.1600E+02
     29.433  0.0000E+00  0.1600E+02
     29.43314434    -15.00706195  301      9.63787850      1.00000000
    -15.007  0.0000E+00  0.0000E+00  0.0000E+00  0.0000E+00  0.0000E+00  0.0000E+00  0.0000E+00  0.0000E+00  0.0000E+00
    -14.859  0.0000E+00  0.0000E+00  0.0000E+00  0.0000E+00  0.0000E+00  0.0000E+00  0.0000E+00  0.0000E+00  0.0000E+00
    -14.711  0.0000E+00  0.0000E+00  0.0000E+00  0.0000E+00  0.0000E+00  0.0000E+00  0.0000E+00  0.0000E+00  0.0000E+00
    -14.563  0.0000E+00  0.0000E+00  0.0000E+00  0.0000E+00  0.0000E+00  0.0000E+00  0.0000E+00  0.0000E+00  0.0000E+00
    -14.415  0.0000E+00  0.0000E+00  0.0000E+00  0.0000E+00  0.0000E+00  0.0000E+00  0.0000E+00  0.0000E+00  0.0000E+00
    -14.266  0.0000E+00  0.0000E+00  0.0000E+00  0.0000E+00  0.0000E+00  0.0000E+00  0.0000E+00  0.0000E+00  0.0000E+00
    -14.118  0.0000E+00  0.0000E+00  0.0000E+00  0.0000E+00  0.0000E+00  0.0000E+00  0.0000E+00  0.0000E+00  0.0000E+00
    -13.970  0.0000E+00  0.0000E+00  0.0000E+00  0.0000E+00  0.0000E+00  0.0000E+00  0.0000E+00  0.0000E+00  0.0000E+00
    -13.822  0.0000E+00  0.0000E+00  0.0000E+00  0.0000E+00  0.0000E+00  0.0000E+00  0.0000E+00  0.0000E+00  0.0000E+00
    -13.674  0.0000E+00  0.0000E+00  0.0000E+00  0.0000E+00  0.0000E+00  0.0000E+00  0.0000E+00  0.0000E+00  0.0000E+00
    -13.526  0.0000E+00  0.0000E+00  0.0000E+00  0.0000E+00  0.0000E+00  0.0000E+00  0.0000E+00  0.0000E+00  0.0000E+00
    -13.378  0.0000E+00  0.0000E+00  0.0000E+00  0.0000E+00  0.0000E+00  0.0000E+00  0.0000E+00  0.0000E+00  0.0000E+00
    -13.229  0.0000E+00  0.0000E+00  0.0000E+00  0.0000E+00  0.0000E+00  0.0000E+00  0.0000E+00  0.0000E+00  0.0000E+00
    -13.081  0.0000E+00  0.0000E+00  0.0000E+00  0.0000E+00  0.0000E+00  0.0000E+00  0.0000E+00  0.0000E+00  0.0000E+00
    -12.933  0.7218E-02  0.5494E-05  0.5494E-05  0.5494E-05  0.0000E+00  0.0000E+00  0.0000E+00  0.0000E+00  0.0000E+00
    -12.785  0.1626E-01  0.4512E-04  0.4512E-04  0.4512E-04  0.0000E+00  0.0000E+00  0.0000E+00  0.0000E+00  0.0000E+00
    -12.637  0.1928E-01  0.9962E-04  0.9962E-04  0.9962E-04  0.0000E+00  0.0000E+00  0.0000E+00  0.0000E+00  0.0000E+00
    -12.489  0.2058E-01  0.1554E-03  0.1554E-03  0.1554E-03  0.0000E+00  0.0000E+00  0.0000E+00  0.0000E+00  0.0000E+00
    -12.341  0.2346E-01  0.2289E-03  0.2289E-03  0.2289E-03  0.0000E+00  0.0000E+00  0.0000E+00  0.0000E+00  0.0000E+00
    -12.193  0.2599E-01  0.3114E-03  0.3114E-03  0.3114E-03  0.0000E+00  0.0000E+00  0.0000E+00  0.0000E+00  0.0000E+00
    -12.044  0.2816E-01  0.4035E-03  0.4035E-03  0.4035E-03  0.0000E+00  0.0000E+00  0.0000E+00  0.0000E+00  0.0000E+00
    -11.896  0.3025E-01  0.5016E-03  0.5016E-03  0.5016E-03  0.0000E+00  0.0000E+00  0.0000E+00  0.0000E+00  0.0000E+00
    -11.748  0.3225E-01  0.6055E-03  0.6055E-03  0.6055E-03  0.0000E+00  0.0000E+00  0.0000E+00  0.0000E+00  0.0000E+00
    -11.600  0.3398E-01  0.7184E-03  0.7184E-03  0.7184E-03  0.0000E+00  0.0000E+00  0.0000E+00  0.0000E+00  0.0000E+00
    -11.452  0.3579E-01  0.8337E-03  0.8337E-03  0.8337E-03  0.0000E+00  0.0000E+00  0.0000E+00  0.0000E+00  0.0000E+00
    -11.304  0.3733E-01  0.9587E-03  0.9587E-03  0.9587E-03  0.0000E+00  0.0000E+00  0.0000E+00  0.0000E+00  0.0000E+00
    -11.156  0.3896E-01  0.1085E-02  0.1085E-02  0.1085E-02  0.0000E+00  0.0000E+00  0.0000E+00  0.0000E+00  0.0000E+00
    -11.007  0.4039E-01  0.1221E-02  0.1221E-02  0.1221E-02  0.0000E+00  0.0000E+00  0.0000E+00  0.0000E+00  0.0000E+00
    -10.859  0.4190E-01  0.1357E-02  0.1357E-02  0.1357E-02  0.0000E+00  0.0000E+00  0.0000E+00  0.0000E+00  0.0000E+00
    -10.711  0.4322E-01  0.1503E-02  0.1503E-02  0.1503E-02  0.0000E+00  0.0000E+00  0.0000E+00  0.0000E+00  0.0000E+00
    -10.563  0.4464E-01  0.1648E-02  0.1648E-02  0.1648E-02  0.0000E+00  0.0000E+00  0.0000E+00  0.0000E+00  0.0000E+00
    -10.415  0.4591E-01  0.1803E-02  0.1803E-02  0.1803E-02  0.0000E+00  0.0000E+00  0.0000E+00  0.0000E+00  0.0000E+00
    -10.267  0.4722E-01  0.1959E-02  0.1959E-02  0.1959E-02  0.0000E+00  0.0000E+00  0.0000E+00  0.0000E+00  0.0000E+00
    -10.119  0.4850E-01  0.2120E-02  0.2120E-02  0.2120E-02  0.0000E+00  0.0000E+00  0.0000E+00  0.0000E+00  0.0000E+00
     -9.971  0.4973E-01  0.2286E-02  0.2286E-02  0.2286E-02  0.0000E+00  0.0000E+00  0.0000E+00  0.0000E+00  0.0000E+00
     -9.822  0.5103E-01  0.2452E-02  0.2452E-02  0.2452E-02  0.0000E+00  0.0000E+00  0.0000E+00  0.0000E+00  0.0000E+00
     -9.674  0.5221E-01  0.2629E-02  0.2629E-02  0.2629E-02  0.0000E+00  0.0000E+00  0.0000E+00  0.0000E+00  0.0000E+00
     -9.526  0.5345E-01  0.2805E-02  0.2805E-02  0.2805E-02  0.0000E+00  0.0000E+00  0.0000E+00  0.0000E+00  0.0000E+00
     -9.378  0.5472E-01  0.2985E-02  0.2985E-02  0.2985E-02  0.0000E+00  0.0000E+00  0.0000E+00  0.0000E+00  0.0000E+00
     -9.230  0.5593E-01  0.3172E-02  0.3172E-02  0.3172E-02  0.0000E+00  0.0000E+00  0.0000E+00  0.0000E+00  0.0000E+00
     -9.082  0.5721E-01  0.3360E-02  0.3360E-02  0.3360E-02  0.0000E+00  0.0000E+00  0.0000E+00  0.0000E+00  0.0000E+00
     -8.934  0.5850E-01  0.3552E-02  0.3552E-02  0.3552E-02  0.0000E+00  0.0000E+00  0.0000E+00  0.0000E+00  0.0000E+00
     -8.785  0.5981E-01  0.3751E-02  0.3751E-02  0.3751E-02  0.0000E+00  0.0000E+00  0.0000E+00  0.0000E+00  0.0000E+00
     -8.637  0.6120E-01  0.3949E-02  0.3949E-02  0.3949E-02  0.0000E+00  0.0000E+00  0.0000E+00  0.0000E+00  0.0000E+00
     -8.489  0.6263E-01  0.4155E-02  0.4155E-02  0.4155E-02  0.0000E+00  0.0000E+00  0.0000E+00  0.0000E+00  0.0000E+00
     -8.341  0.6412E-01  0.4366E-02  0.4366E-02  0.4366E-02  0.0000E+00  0.0000E+00  0.0000E+00  0.0000E+00  0.0000E+00
     -8.193  0.6575E-01  0.4578E-02  0.4578E-02  0.4578E-02  0.0000E+00  0.0000E+00  0.0000E+00  0.0000E+00  0.0000E+00
     -8.045  0.6749E-01  0.4799E-02  0.4799E-02  0.4799E-02  0.0000E+00  0.0000E+00  0.0000E+00  0.0000E+00  0.0000E+00
     -7.897  0.6941E-01  0.5029E-02  0.5029E-02  0.5029E-02  0.0000E+00  0.0000E+00  0.0000E+00  0.0000E+00  0.0000E+00
     -7.748  0.7159E-01  0.5263E-02  0.5263E-02  0.5263E-02  0.0000E+00  0.0000E+00  0.0000E+00  0.0000E+00  0.0000E+00
     -7.600  0.7414E-01  0.5510E-02  0.5510E-02  0.5510E-02  0.0000E+00  0.0000E+00  0.0000E+00  0.0000E+00  0.0000E+00
     -7.452  0.7727E-01  0.5782E-02  0.5782E-02  0.5782E-02  0.0000E+00  0.0000E+00  0.0000E+00  0.0000E+00  0.0000E+00
     -7.304  0.8146E-01  0.6085E-02  0.6085E-02  0.6085E-02  0.0000E+00  0.0000E+00  0.0000E+00  0.0000E+00  0.0000E+00
     -7.156  0.8844E-01  0.6484E-02  0.6484E-02  0.6484E-02  0.0000E+00  0.0000E+00  0.0000E+00  0.0000E+00  0.0000E+00
     -7.008  0.9837E-01  0.6999E-02  0.6999E-02  0.6999E-02  0.0000E+00  0.0000E+00  0.0000E+00  0.0000E+00  0.0000E+00
     -6.860  0.9652E-01  0.7077E-02  0.7077E-02  0.7077E-02  0.0000E+00  0.0000E+00  0.0000E+00  0.0000E+00  0.0000E+00
     -6.712  0.9243E-01  0.7047E-02  0.7047E-02  0.7047E-02  0.0000E+00  0.0000E+00  0.0000E+00  0.0000E+00  0.0000E+00
     -6.563  0.8953E-01  0.7066E-02  0.7066E-02  0.7066E-02  0.0000E+00  0.0000E+00  0.0000E+00  0.0000E+00  0.0000E+00
     -6.415  0.8647E-01  0.7058E-02  0.7058E-02  0.7058E-02  0.0000E+00  0.0000E+00  0.0000E+00  0.0000E+00  0.0000E+00
     -6.267  0.8303E-01  0.7006E-02  0.7006E-02  0.7006E-02  0.0000E+00  0.0000E+00  0.0000E+00  0.0000E+00  0.0000E+00
     -6.119  0.8049E-01  0.7009E-02  0.7009E-02  0.7009E-02  0.0000E+00  0.0000E+00  0.0000E+00  0.0000E+00  0.0000E+00
     -5.971  0.7744E-01  0.6954E-02  0.6954E-02  0.6954E-02  0.0000E+00  0.0000E+00  0.0000E+00  0.0000E+00  0.0000E+00
     -5.823  0.7467E-01  0.6900E-02  0.6900E-02  0.6900E-02  0.0000E+00  0.0000E+00  0.0000E+00  0.0000E+00  0.0000E+00
     -5.675  0.7188E-01  0.6846E-02  0.6846E-02  0.6846E-02  0.0000E+00  0.0000E+00  0.0000E+00  0.0000E+00  0.0000E+00
     -5.526  0.6915E-01  0.6770E-02  0.6770E-02  0.6770E-02  0.0000E+00  0.0000E+00  0.0000E+00  0.0000E+00  0.0000E+00
     -5.378  0.6610E-01  0.6662E-02  0.6662E-02  0.6662E-02  0.0000E+00  0.0000E+00  0.0000E+00  0.0000E+00  0.0000E+00
     -5.230  0.6358E-01  0.6581E-02  0.6581E-02  0.6581E-02  0.0000E+00  0.0000E+00  0.0000E+00  0.0000E+00  0.0000E+00
     -5.082  0.6048E-01  0.6441E-02  0.6441E-02  0.6441E-02  0.0000E+00  0.0000E+00  0.0000E+00  0.0000E+00  0.0000E+00
     -4.934  0.5764E-01  0.6305E-02  0.6305E-02  0.6305E-02  0.0000E+00  0.0000E+00  0.0000E+00  0.0000E+00  0.0000E+00
     -4.786  0.5472E-01  0.6153E-02  0.6153E-02  0.6153E-02  0.0000E+00  0.0000E+00  0.0000E+00  0.0000E+00  0.0000E+00
     -4.638  0.5175E-01  0.5975E-02  0.5975E-02  0.5975E-02  0.0000E+00  0.0000E+00  0.0000E+00  0.0000E+00  0.0000E+00
     -4.490  0.4868E-01  0.5782E-02  0.5782E-02  0.5782E-02  0.0000E+00  0.0000E+00  0.0000E+00  0.0000E+00  0.0000E+00
     -4.341  0.4573E-01  0.5580E-02  0.5580E-02  0.5580E-02  0.0000E+00  0.0000E+00  0.0000E+00  0.0000E+00  0.0000E+00
     -4.193  0.4896E-01  0.9448E-02  0.9448E-02  0.9448E-02  0.0000E+00  0.0000E+00  0.0000E+00  0.0000E+00  0.0000E+00
     -4.045  0.4951E-01  0.1071E-01  0.1071E-01  0.1071E-01  0.0000E+00  0.0000E+00  0.0000E+00  0.0000E+00  0.0000E+00
     -3.897  0.4187E-01  0.1062E-01  0.1062E-01  0.1062E-01  0.0000E+00  0.0000E+00  0.0000E+00  0.0000E+00  0.0000E+00
     -3.749  0.2964E-01  0.1019E-01  0.1019E-01  0.1019E-01  0.0000E+00  0.0000E+00  0.0000E+00  0.0000E+00  0.0000E+00
     -3.601  0.2834E-01  0.1093E-01  0.1093E-01  0.1093E-01  0.0000E+00  0.0000E+00  0.0000E+00  0.0000E+00  0.0000E+00
     -3.453  0.3022E-01  0.1238E-01  0.1238E-01  0.1238E-01  0.0000E+00  0.0000E+00  0.0000E+00  0.0000E+00  0.0000E+00
     -3.304  0.3298E-01  0.1372E-01  0.1372E-01  0.1372E-01  0.0000E+00  0.0000E+00  0.0000E+00  0.0000E+00  0.0000E+00
     -3.156  0.4035E-01  0.1597E-01  0.1597E-01  0.1597E-01  0.0000E+00  0.0000E+00  0.0000E+00  0.0000E+00  0.0000E+00
     -3.008  0.5046E-01  0.1856E-01  0.1856E-01  0.1856E-01  0.0000E+00  0.0000E+00  0.0000E+00  0.0000E+00  0.0000E+00
     -2.860  0.6301E-01  0.2190E-01  0.2190E-01  0.2190E-01  0.0000E+00  0.0000E+00  0.0000E+00  0.0000E+00  0.0000E+00
     -2.712  0.7781E-01  0.2606E-01  0.2606E-01  0.2606E-01  0.0000E+00  0.0000E+00  0.0000E+00  0.0000E+00  0.0000E+00
     -2.564  0.1093E+00  0.3491E-01  0.3491E-01  0.3491E-01  0.0000E+00  0.0000E+00  0.0000E+00  0.0000E+00  0.0000E+00
     -2.416  0.1071E+00  0.3350E-01  0.3350E-01  0.3350E-01  0.0000E+00  0.0000E+00  0.0000E+00  0.0000E+00  0.0000E+00
     -2.268  0.7872E-01  0.2563E-01  0.2563E-01  0.2563E-01  0.0000E+00  0.0000E+00  0.0000E+00  0.0000E+00  0.0000E+00
     -2.119  0.7005E-01  0.2323E-01  0.2323E-01  0.2323E-01  0.0000E+00  0.0000E+00  0.0000E+00  0.0000E+00  0.0000E+00
     -1.971  0.6296E-01  0.2138E-01  0.2138E-01  0.2138E-01  0.0000E+00  0.0000E+00  0.0000E+00  0.0000E+00  0.0000E+00
     -1.823  0.5899E-01  0.2036E-01  0.2036E-01  0.2036E-01  0.0000E+00  0.0000E+00  0.0000E+00  0.0000E+00  0.0000E+00
     -1.675  0.5414E-01  0.1916E-01  0.1916E-01  0.1916E-01  0.0000E+00  0.0000E+00  0.0000E+00  0.0000E+00  0.0000E+00
     -1.527  0.5138E-01  0.1852E-01  0.1852E-01  0.1852E-01  0.0000E+00  0.0000E+00  0.0000E+00  0.0000E+00  0.0000E+00
     -1.379  0.4780E-01  0.1767E-01  0.1767E-01  0.1767E-01  0.0000E+00  0.0000E+00  0.0000E+00  0.0000E+00  0.0000E+00
     -1.231  0.4536E-01  0.1713E-01  0.1713E-01  0.1713E-01  0.0000E+00  0.0000E+00  0.0000E+00  0.0000E+00  0.0000E+00
     -1.082  0.4289E-01  0.1658E-01  0.1658E-01  0.1658E-01  0.0000E+00  0.0000E+00  0.0000E+00  0.0000E+00  0.0000E+00
     -0.934  0.4020E-01  0.1595E-01  0.1595E-01  0.1595E-01  0.0000E+00  0.0000E+00  0.0000E+00  0.0000E+00  0.0000E+00
     -0.786  0.3839E-01  0.1558E-01  0.1558E-01  0.1558E-01  0.0000E+00  0.0000E+00  0.0000E+00  0.0000E+00  0.0000E+00
     -0.638  0.3570E-01  0.1491E-01  0.1491E-01  0.1491E-01  0.0000E+00  0.0000E+00  0.0000E+00  0.0000E+00  0.0000E+00
     -0.490  0.3428E-01  0.1464E-01  0.1464E-01  0.1464E-01  0.0000E+00  0.0000E+00  0.0000E+00  0.0000E+00  0.0000E+00
     -0.342  0.3253E-01  0.1425E-01  0.1425E-01  0.1425E-01  0.0000E+00  0.0000E+00  0.0000E+00  0.0000E+00  0.0000E+00
     -0.194  0.3059E-01  0.1483E-01  0.1483E-01  0.1483E-01  0.0000E+00  0.0000E+00  0.0000E+00  0.0000E+00  0.0000E+00
     -0.046  0.3057E-01  0.2239E-01  0.2239E-01  0.2239E-01  0.0000E+00  0.0000E+00  0.0000E+00  0.0000E+00  0.0000E+00
      0.103  0.2982E-01  0.2568E-01  0.2568E-01  0.2568E-01  0.0000E+00  0.0000E+00  0.0000E+00  0.0000E+00  0.0000E+00
      0.251  0.2961E-01  0.2935E-01  0.2935E-01  0.2935E-01  0.0000E+00  0.0000E+00  0.0000E+00  0.0000E+00  0.0000E+00
      0.399  0.3014E-01  0.3427E-01  0.3427E-01  0.3427E-01  0.0000E+00  0.0000E+00  0.0000E+00  0.0000E+00  0.0000E+00
      0.547  0.3086E-01  0.4194E-01  0.4194E-01  0.4194E-01  0.0000E+00  0.0000E+00  0.0000E+00  0.0000E+00  0.0000E+00
      0.695  0.3110E-01  0.4176E-01  0.4176E-01  0.4176E-01  0.0000E+00  0.0000E+00  0.0000E+00  0.0000E+00  0.0000E+00
      0.843  0.3091E-01  0.4020E-01  0.4020E-01  0.4020E-01  0.0000E+00  0.0000E+00  0.0000E+00  0.0000E+00  0.0000E+00
      0.991  0.3040E-01  0.3961E-01  0.3961E-01  0.3961E-01  0.0000E+00  0.0000E+00  0.0000E+00  0.0000E+00  0.0000E+00
      1.140  0.3004E-01  0.3886E-01  0.3886E-01  0.3886E-01  0.0000E+00  0.0000E+00  0.0000E+00  0.0000E+00  0.0000E+00
      1.288  0.2992E-01  0.4090E-01  0.4090E-01  0.4090E-01  0.0000E+00  0.0000E+00  0.0000E+00  0.0000E+00  0.0000E+00
      1.436  0.2918E-01  0.4080E-01  0.4080E-01  0.4080E-01  0.0000E+00  0.0000E+00  0.0000E+00  0.0000E+00  0.0000E+00
      1.584  0.2865E-01  0.4209E-01  0.4209E-01  0.4209E-01  0.0000E+00  0.0000E+00  0.0000E+00  0.0000E+00  0.0000E+00
      1.732  0.2833E-01  0.4339E-01  0.4339E-01  0.4339E-01  0.0000E+00  0.0000E+00  0.0000E+00  0.0000E+00  0.0000E+00
      1.880  0.2772E-01  0.4540E-01  0.4540E-01  0.4540E-01  0.0000E+00  0.0000E+00  0.0000E+00  0.0000E+00  0.0000E+00
      2.028  0.2691E-01  0.4630E-01  0.4630E-01  0.4630E-01  0.0000E+00  0.0000E+00  0.0000E+00  0.0000E+00  0.0000E+00
      2.176  0.2649E-01  0.4796E-01  0.4796E-01  0.4796E-01  0.0000E+00  0.0000E+00  0.0000E+00  0.0000E+00  0.0000E+00
      2.325  0.2588E-01  0.5060E-01  0.5060E-01  0.5060E-01  0.0000E+00  0.0000E+00  0.0000E+00  0.0000E+00  0.0000E+00
      2.473  0.2495E-01  0.5212E-01  0.5212E-01  0.5212E-01  0.0000E+00  0.0000E+00  0.0000E+00  0.0000E+00  0.0000E+00
      2.621  0.2447E-01  0.5597E-01  0.5597E-01  0.5597E-01  0.0000E+00  0.0000E+00  0.0000E+00  0.0000E+00  0.0000E+00
      2.769  0.2385E-01  0.5954E-01  0.5954E-01  0.5954E-01  0.0000E+00  0.0000E+00  0.0000E+00  0.0000E+00  0.0000E+00
      2.917  0.2305E-01  0.6481E-01  0.6481E-01  0.6481E-01  0.0000E+00  0.0000E+00  0.0000E+00  0.0000E+00  0.0000E+00
      3.065  0.2216E-01  0.7675E-01  0.7675E-01  0.7675E-01  0.0000E+00  0.0000E+00  0.0000E+00  0.0000E+00  0.0000E+00
      3.213  0.2145E-01  0.7619E-01  0.7619E-01  0.7619E-01  0.0000E+00  0.0000E+00  0.0000E+00  0.0000E+00  0.0000E+00
      3.362  0.2070E-01  0.7478E-01  0.7478E-01  0.7478E-01  0.0000E+00  0.0000E+00  0.0000E+00  0.0000E+00  0.0000E+00
      3.510  0.1969E-01  0.7366E-01  0.7366E-01  0.7366E-01  0.0000E+00  0.0000E+00  0.0000E+00  0.0000E+00  0.0000E+00
      3.658  0.1899E-01  0.7314E-01  0.7314E-01  0.7314E-01  0.0000E+00  0.0000E+00  0.0000E+00  0.0000E+00  0.0000E+00
      3.806  0.1836E-01  0.7303E-01  0.7303E-01  0.7303E-01  0.0000E+00  0.0000E+00  0.0000E+00  0.0000E+00  0.0000E+00
      3.954  0.1753E-01  0.7274E-01  0.7274E-01  0.7274E-01  0.0000E+00  0.0000E+00  0.0000E+00  0.0000E+00  0.0000E+00
      4.102  0.1662E-01  0.7202E-01  0.7202E-01  0.7202E-01  0.0000E+00  0.0000E+00  0.0000E+00  0.0000E+00  0.0000E+00
      4.250  0.1605E-01  0.7206E-01  0.7206E-01  0.7206E-01  0.0000E+00  0.0000E+00  0.0000E+00  0.0000E+00  0.0000E+00
      4.398  0.1534E-01  0.7183E-01  0.7183E-01  0.7183E-01  0.0000E+00  0.0000E+00  0.0000E+00  0.0000E+00  0.0000E+00
      4.547  0.1449E-01  0.7122E-01  0.7122E-01  0.7122E-01  0.0000E+00  0.0000E+00  0.0000E+00  0.0000E+00  0.0000E+00
      4.695  0.1378E-01  0.7125E-01  0.7125E-01  0.7125E-01  0.0000E+00  0.0000E+00  0.0000E+00  0.0000E+00  0.0000E+00
      4.843  0.1318E-01  0.7100E-01  0.7100E-01  0.7100E-01  0.0000E+00  0.0000E+00  0.0000E+00  0.0000E+00  0.0000E+00
      4.991  0.1250E-01  0.7070E-01  0.7070E-01  0.7070E-01  0.0000E+00  0.0000E+00  0.0000E+00  0.0000E+00  0.0000E+00
      5.139  0.1172E-01  0.7039E-01  0.7039E-01  0.7039E-01  0.0000E+00  0.0000E+00  0.0000E+00  0.0000E+00  0.0000E+00
      5.287  0.1104E-01  0.7003E-01  0.7003E-01  0.7003E-01  0.0000E+00  0.0000E+00  0.0000E+00  0.0000E+00  0.0000E+00
      5.435  0.1039E-01  0.6992E-01  0.6992E-01  0.6992E-01  0.0000E+00  0.0000E+00  0.0000E+00  0.0000E+00  0.0000E+00
      5.584  0.9757E-02  0.6951E-01  0.6951E-01  0.6951E-01  0.0000E+00  0.0000E+00  0.0000E+00  0.0000E+00  0.0000E+00
      5.732  0.9071E-02  0.6929E-01  0.6929E-01  0.6929E-01  0.0000E+00  0.0000E+00  0.0000E+00  0.0000E+00  0.0000E+00
      5.880  0.8494E-02  0.6903E-01  0.6903E-01  0.6903E-01  0.0000E+00  0.0000E+00  0.0000E+00  0.0000E+00  0.0000E+00
      6.028  0.7963E-02  0.6885E-01  0.6885E-01  0.6885E-01  0.0000E+00  0.0000E+00  0.0000E+00  0.0000E+00  0.0000E+00
      6.176  0.7349E-02  0.6880E-01  0.6880E-01  0.6880E-01  0.0000E+00  0.0000E+00  0.0000E+00  0.0000E+00  0.0000E+00
      6.324  0.6636E-02  0.6825E-01  0.6825E-01  0.6825E-01  0.0000E+00  0.0000E+00  0.0000E+00  0.0000E+00  0.0000E+00
      6.472  0.6106E-02  0.6820E-01  0.6820E-01  0.6820E-01  0.0000E+00  0.0000E+00  0.0000E+00  0.0000E+00  0.0000E+00
      6.621  0.5599E-02  0.6930E-01  0.6930E-01  0.6930E-01  0.0000E+00  0.0000E+00  0.0000E+00  0.0000E+00  0.0000E+00
      6.769  0.5049E-02  0.5881E-01  0.5881E-01  0.5881E-01  0.0000E+00  0.0000E+00  0.0000E+00  0.0000E+00  0.0000E+00
      6.917  0.4496E-02  0.4886E-01  0.4886E-01  0.4886E-01  0.0000E+00  0.0000E+00  0.0000E+00  0.0000E+00  0.0000E+00
      7.065  0.4097E-02  0.4414E-01  0.4414E-01  0.4414E-01  0.0000E+00  0.0000E+00  0.0000E+00  0.0000E+00  0.0000E+00
      7.213  0.3722E-02  0.4035E-01  0.4035E-01  0.4035E-01  0.0000E+00  0.0000E+00  0.0000E+00  0.0000E+00  0.0000E+00
      7.361  0.3326E-02  0.3696E-01  0.3696E-01  0.3696E-01  0.0000E+00  0.0000E+00  0.0000E+00  0.0000E+00  0.0000E+00
      7.509  0.2936E-02  0.3384E-01  0.3384E-01  0.3384E-01  0.0000E+00  0.0000E+00  0.0000E+00  0.0000E+00  0.0000E+00
      7.657  0.2646E-02  0.3130E-01  0.3130E-01  0.3130E-01  0.0000E+00  0.0000E+00  0.0000E+00  0.0000E+00  0.0000E+00
      7.806  0.2337E-02  0.2878E-01  0.2878E-01  0.2878E-01  0.0000E+00  0.0000E+00  0.0000E+00  0.0000E+00  0.0000E+00
      7.954  0.2016E-02  0.2639E-01  0.2639E-01  0.2639E-01  0.0000E+00  0.0000E+00  0.0000E+00  0.0000E+00  0.0000E+00
      8.102  0.1760E-02  0.2429E-01  0.2429E-01  0.2429E-01  0.0000E+00  0.0000E+00  0.0000E+00  0.0000E+00  0.0000E+00
      8.250  0.1508E-02  0.2220E-01  0.2220E-01  0.2220E-01  0.0000E+00  0.0000E+00  0.0000E+00  0.0000E+00  0.0000E+00
      8.398  0.1268E-02  0.2014E-01  0.2014E-01  0.2014E-01  0.0000E+00  0.0000E+00  0.0000E+00  0.0000E+00  0.0000E+00
      8.546  0.1036E-02  0.1826E-01  0.1826E-01  0.1826E-01  0.0000E+00  0.0000E+00  0.0000E+00  0.0000E+00  0.0000E+00
      8.694  0.8291E-03  0.1637E-01  0.1637E-01  0.1637E-01  0.0000E+00  0.0000E+00  0.0000E+00  0.0000E+00  0.0000E+00
      8.843  0.6518E-03  0.1446E-01  0.1446E-01  0.1446E-01  0.0000E+00  0.0000E+00  0.0000E+00  0.0000E+00  0.0000E+00
      8.991  0.4736E-03  0.1258E-01  0.1258E-01  0.1258E-01  0.0000E+00  0.0000E+00  0.0000E+00  0.0000E+00  0.0000E+00
      9.139  0.3229E-03  0.1063E-01  0.1063E-01  0.1063E-01  0.0000E+00  0.0000E+00  0.0000E+00  0.0000E+00  0.0000E+00
      9.287  0.1879E-03  0.8652E-02  0.8652E-02  0.8652E-02  0.0000E+00  0.0000E+00  0.0000E+00  0.0000E+00  0.0000E+00
      9.435  0.9611E-04  0.7145E-02  0.7145E-02  0.7145E-02  0.0000E+00  0.0000E+00  0.0000E+00  0.0000E+00  0.0000E+00
      9.583  0.2293E-04  0.3274E-02  0.3274E-02  0.3274E-02  0.0000E+00  0.0000E+00  0.0000E+00  0.0000E+00  0.0000E+00
      9.731  0.0000E+00  0.0000E+00  0.0000E+00  0.0000E+00  0.0000E+00  0.0000E+00  0.0000E+00  0.0000E+00  0.0000E+00
      9.879  0.0000E+00  0.0000E+00  0.0000E+00  0.0000E+00  0.0000E+00  0.0000E+00  0.0000E+00  0.0000E+00  0.0000E+00
     10.028  0.0000E+00  0.0000E+00  0.0000E+00  0.0000E+00  0.0000E+00  0.0000E+00  0.0000E+00  0.0000E+00  0.0000E+00
     10.176  0.0000E+00  0.0000E+00  0.0000E+00  0.0000E+00  0.0000E+00  0.0000E+00  0.0000E+00  0.0000E+00  0.0000E+00
     10.324  0.0000E+00  0.0000E+00  0.0000E+00  0.0000E+00  0.0000E+00  0.0000E+00  0.0000E+00  0.0000E+00  0.0000E+00
     10.472  0.0000E+00  0.0000E+00  0.0000E+00  0.0000E+00  0.0000E+00  0.0000E+00  0.0000E+00  0.0000E+00  0.0000E+00
     10.620  0.0000E+00  0.0000E+00  0.0000E+00  0.0000E+00  0.0000E+00  0.0000E+00  0.0000E+00  0.0000E+00  0.0000E+00
     10.768  0.0000E+00  0.0000E+00  0.0000E+00  0.0000E+00  0.0000E+00  0.0000E+00  0.0000E+00  0.0000E+00  0.0000E+00
     10.916  0.0000E+00  0.0000E+00  0.0000E+00  0.0000E+00  0.0000E+00  0.0000E+00  0.0000E+00  0.0000E+00  0.0000E+00
     11.065  0.0000E+00  0.0000E+00  0.0000E+00  0.0000E+00  0.0000E+00  0.0000E+00  0.0000E+00  0.0000E+00  0.0000E+00
     11.213  0.0000E+00  0.0000E+00  0.0000E+00  0.0000E+00  0.0000E+00  0.0000E+00  0.0000E+00  0.0000E+00  0.0000E+00
     11.361  0.0000E+00  0.0000E+00  0.0000E+00  0.0000E+00  0.0000E+00  0.0000E+00  0.0000E+00  0.0000E+00  0.0000E+00
     11.509  0.0000E+00  0.0000E+00  0.0000E+00  0.0000E+00  0.0000E+00  0.0000E+00  0.0000E+00  0.0000E+00  0.0000E+00
     11.657  0.0000E+00  0.0000E+00  0.0000E+00  0.0000E+00  0.0000E+00  0.0000E+00  0.0000E+00  0.0000E+00  0.0000E+00
     11.805  0.0000E+00  0.0000E+00  0.0000E+00  0.0000E+00  0.0000E+00  0.0000E+00  0.0000E+00  0.0000E+00  0.0000E+00
     11.953  0.0000E+00  0.0000E+00  0.0000E+00  0.0000E+00  0.0000E+00  0.0000E+00  0.0000E+00  0.0000E+00  0.0000E+00
     12.101  0.0000E+00  0.0000E+00  0.0000E+00  0.0000E+00  0.0000E+00  0.0000E+00  0.0000E+00  0.0000E+00  0.0000E+00
     12.250  0.0000E+00  0.0000E+00  0.0000E+00  0.0000E+00  0.0000E+00  0.0000E+00  0.0000E+00  0.0000E+00  0.0000E+00
     12.398  0.0000E+00  0.0000E+00  0.0000E+00  0.0000E+00  0.0000E+00  0.0000E+00  0.0000E+00  0.0000E+00  0.0000E+00
     12.546  0.0000E+00  0.0000E+00  0.0000E+00  0.0000E+00  0.0000E+00  0.0000E+00  0.0000E+00  0.0000E+00  0.0000E+00
     12.694  0.0000E+00  0.0000E+00  0.0000E+00  0.0000E+00  0.0000E+00  0.0000E+00  0.0000E+00  0.0000E+00  0.0000E+00
     12.842  0.0000E+00  0.0000E+00  0.0000E+00  0.0000E+00  0.0000E+00  0.0000E+00  0.0000E+00  0.0000E+00  0.0000E+00
     12.990  0.0000E+00  0.0000E+00  0.0000E+00  0.0000E+00  0.0000E+00  0.0000E+00  0.0000E+00  0.0000E+00  0.0000E+00
     13.138  0.0000E+00  0.0000E+00  0.0000E+00  0.0000E+00  0.0000E+00  0.0000E+00  0.0000E+00  0.0000E+00  0.0000E+00
     13.287  0.0000E+00  0.0000E+00  0.0000E+00  0.0000E+00  0.0000E+00  0.0000E+00  0.0000E+00  0.0000E+00  0.0000E+00
     13.435  0.0000E+00  0.0000E+00  0.0000E+00  0.0000E+00  0.0000E+00  0.0000E+00  0.0000E+00  0.0000E+00  0.0000E+00
     13.583  0.0000E+00  0.0000E+00  0.0000E+00  0.0000E+00  0.0000E+00  0.0000E+00  0.0000E+00  0.0000E+00  0.0000E+00
     13.731  0.0000E+00  0.0000E+00  0.0000E+00  0.0000E+00  0.0000E+00  0.0000E+00  0.0000E+00  0.0000E+00  0.0000E+00
     13.879  0.0000E+00  0.0000E+00  0.0000E+00  0.0000E+00  0.0000E+00  0.0000E+00  0.0000E+00  0.0000E+00  0.0000E+00
     14.027  0.4638E-02  0.1549E-02  0.1549E-02  0.1549E-02  0.0000E+00  0.0000E+00  0.0000E+00  0.0000E+00  0.0000E+00
     14.175  0.8660E-02  0.3190E-02  0.3190E-02  0.3190E-02  0.0000E+00  0.0000E+00  0.0000E+00  0.0000E+00  0.0000E+00
     14.323  0.1055E-01  0.4144E-02  0.4144E-02  0.4144E-02  0.0000E+00  0.0000E+00  0.0000E+00  0.0000E+00  0.0000E+00
     14.472  0.1312E-01  0.5489E-02  0.5489E-02  0.5489E-02  0.0000E+00  0.0000E+00  0.0000E+00  0.0000E+00  0.0000E+00
     14.620  0.1677E-01  0.7111E-02  0.7111E-02  0.7111E-02  0.0000E+00  0.0000E+00  0.0000E+00  0.0000E+00  0.0000E+00
     14.768  0.1993E-01  0.8813E-02  0.8813E-02  0.8813E-02  0.0000E+00  0.0000E+00  0.0000E+00  0.0000E+00  0.0000E+00
     14.916  0.2229E-01  0.1054E-01  0.1054E-01  0.1054E-01  0.0000E+00  0.0000E+00  0.0000E+00  0.0000E+00  0.0000E+00
     15.064  0.2399E-01  0.1238E-01  0.1238E-01  0.1238E-01  0.0000E+00  0.0000E+00  0.0000E+00  0.0000E+00  0.0000E+00
     15.212  0.2548E-01  0.1447E-01  0.1447E-01  0.1447E-01  0.0000E+00  0.0000E+00  0.0000E+00  0.0000E+00  0.0000E+00
     15.360  0.2687E-01  0.1705E-01  0.1705E-01  0.1705E-01  0.0000E+00  0.0000E+00  0.0000E+00  0.0000E+00  0.0000E+00
     15.509  0.2804E-01  0.2189E-01  0.2189E-01  0.2189E-01  0.0000E+00  0.0000E+00  0.0000E+00  0.0000E+00  0.0000E+00
     15.657  0.2883E-01  0.2236E-01  0.2236E-01  0.2236E-01  0.0000E+00  0.0000E+00  0.0000E+00  0.0000E+00  0.0000E+00
     15.805  0.2953E-01  0.2366E-01  0.2366E-01  0.2366E-01  0.0000E+00  0.0000E+00  0.0000E+00  0.0000E+00  0.0000E+00
     15.953  0.3030E-01  0.2511E-01  0.2511E-01  0.2511E-01  0.0000E+00  0.0000E+00  0.0000E+00  0.0000E+00  0.0000E+00
     16.101  0.3107E-01  0.2649E-01  0.2649E-01  0.2649E-01  0.0000E+00  0.0000E+00  0.0000E+00  0.0000E+00  0.0000E+00
     16.249  0.3166E-01  0.2800E-01  0.2800E-01  0.2800E-01  0.0000E+00  0.0000E+00  0.0000E+00  0.0000E+00  0.0000E+00
     16.397  0.3217E-01  0.2950E-01  0.2950E-01  0.2950E-01  0.0000E+00  0.0000E+00  0.0000E+00  0.0000E+00  0.0000E+00
     16.545  0.3278E-01  0.3113E-01  0.3113E-01  0.3113E-01  0.0000E+00  0.0000E+00  0.0000E+00  0.0000E+00  0.0000E+00
     16.694  0.3337E-01  0.3286E-01  0.3286E-01  0.3286E-01  0.0000E+00  0.0000E+00  0.0000E+00  0.0000E+00  0.0000E+00
     16.842  0.3399E-01  0.3470E-01  0.3470E-01  0.3470E-01  0.0000E+00  0.0000E+00  0.0000E+00  0.0000E+00  0.0000E+00
     16.990  0.3459E-01  0.3670E-01  0.3670E-01  0.3670E-01  0.0000E+00  0.0000E+00  0.0000E+00  0.0000E+00  0.0000E+00
     17.138  0.3518E-01  0.3877E-01  0.3877E-01  0.3877E-01  0.0000E+00  0.0000E+00  0.0000E+00  0.0000E+00  0.0000E+00
     17.286  0.3581E-01  0.4106E-01  0.4106E-01  0.4106E-01  0.0000E+00  0.0000E+00  0.0000E+00  0.0000E+00  0.0000E+00
     17.434  0.3663E-01  0.4358E-01  0.4358E-01  0.4358E-01  0.0000E+00  0.0000E+00  0.0000E+00  0.0000E+00  0.0000E+00
     17.582  0.3753E-01  0.4643E-01  0.4643E-01  0.4643E-01  0.0000E+00  0.0000E+00  0.0000E+00  0.0000E+00  0.0000E+00
     17.731  0.3867E-01  0.4985E-01  0.4985E-01  0.4985E-01  0.0000E+00  0.0000E+00  0.0000E+00  0.0000E+00  0.0000E+00
     17.879  0.4004E-01  0.5372E-01  0.5372E-01  0.5372E-01  0.0000E+00  0.0000E+00  0.0000E+00  0.0000E+00  0.0000E+00
     18.027  0.4171E-01  0.5921E-01  0.5921E-01  0.5921E-01  0.0000E+00  0.0000E+00  0.0000E+00  0.0000E+00  0.0000E+00
     18.175  0.4520E-01  0.7013E-01  0.7013E-01  0.7013E-01  0.0000E+00  0.0000E+00  0.0000E+00  0.0000E+00  0.0000E+00
     18.323  0.4927E-01  0.7999E-01  0.7999E-01  0.7999E-01  0.0000E+00  0.0000E+00  0.0000E+00  0.0000E+00  0.0000E+00
     18.471  0.5213E-01  0.7429E-01  0.7429E-01  0.7429E-01  0.0000E+00  0.0000E+00  0.0000E+00  0.0000E+00  0.0000E+00
     18.619  0.6666E-01  0.7055E-01  0.7055E-01  0.7055E-01  0.0000E+00  0.0000E+00  0.0000E+00  0.0000E+00  0.0000E+00
     18.767  0.8622E-01  0.7012E-01  0.7012E-01  0.7012E-01  0.0000E+00  0.0000E+00  0.0000E+00  0.0000E+00  0.0000E+00
     18.916  0.7188E-01  0.6009E-01  0.6009E-01  0.6009E-01  0.0000E+00  0.0000E+00  0.0000E+00  0.0000E+00  0.0000E+00
     19.064  0.6596E-01  0.5856E-01  0.5856E-01  0.5856E-01  0.0000E+00  0.0000E+00  0.0000E+00  0.0000E+00  0.0000E+00
     19.212  0.6288E-01  0.5648E-01  0.5648E-01  0.5648E-01  0.0000E+00  0.0000E+00  0.0000E+00  0.0000E+00  0.0000E+00
     19.360  0.5687E-01  0.5422E-01  0.5422E-01  0.5422E-01  0.0000E+00  0.0000E+00  0.0000E+00  0.0000E+00  0.0000E+00
     19.508  0.5661E-01  0.5455E-01  0.5455E-01  0.5455E-01  0.0000E+00  0.0000E+00  0.0000E+00  0.0000E+00  0.0000E+00
     19.656  0.5374E-01  0.5339E-01  0.5339E-01  0.5339E-01  0.0000E+00  0.0000E+00  0.0000E+00  0.0000E+00  0.0000E+00
     19.804  0.5002E-01  0.5302E-01  0.5302E-01  0.5302E-01  0.0000E+00  0.0000E+00  0.0000E+00  0.0000E+00  0.0000E+00
     19.953  0.4955E-01  0.5411E-01  0.5411E-01  0.5411E-01  0.0000E+00  0.0000E+00  0.0000E+00  0.0000E+00  0.0000E+00
     20.101  0.4739E-01  0.5466E-01  0.5466E-01  0.5466E-01  0.0000E+00  0.0000E+00  0.0000E+00  0.0000E+00  0.0000E+00
     20.249  0.4562E-01  0.5398E-01  0.5398E-01  0.5398E-01  0.0000E+00  0.0000E+00  0.0000E+00  0.0000E+00  0.0000E+00
     20.397  0.4257E-01  0.5226E-01  0.5226E-01  0.5226E-01  0.0000E+00  0.0000E+00  0.0000E+00  0.0000E+00  0.0000E+00
     20.545  0.4146E-01  0.5178E-01  0.5178E-01  0.5178E-01  0.0000E+00  0.0000E+00  0.0000E+00  0.0000E+00  0.0000E+00
     20.693  0.4176E-01  0.5093E-01  0.5093E-01  0.5093E-01  0.0000E+00  0.0000E+00  0.0000E+00  0.0000E+00  0.0000E+00
     20.841  0.4109E-01  0.4831E-01  0.4831E-01  0.4831E-01  0.0000E+00  0.0000E+00  0.0000E+00  0.0000E+00  0.0000E+00
     20.990  0.3367E-01  0.4292E-01  0.4292E-01  0.4292E-01  0.0000E+00  0.0000E+00  0.0000E+00  0.0000E+00  0.0000E+00
     21.138  0.2973E-01  0.4019E-01  0.4019E-01  0.4019E-01  0.0000E+00  0.0000E+00  0.0000E+00  0.0000E+00  0.0000E+00
     21.286  0.3222E-01  0.4132E-01  0.4132E-01  0.4132E-01  0.0000E+00  0.0000E+00  0.0000E+00  0.0000E+00  0.0000E+00
     21.434  0.3992E-01  0.4489E-01  0.4489E-01  0.4489E-01  0.0000E+00  0.0000E+00  0.0000E+00  0.0000E+00  0.0000E+00
     21.582  0.4451E-01  0.4431E-01  0.4431E-01  0.4431E-01  0.0000E+00  0.0000E+00  0.0000E+00  0.0000E+00  0.0000E+00
     21.730  0.4456E-01  0.4335E-01  0.4335E-01  0.4335E-01  0.0000E+00  0.0000E+00  0.0000E+00  0.0000E+00  0.0000E+00
     21.878  0.4863E-01  0.4461E-01  0.4461E-01  0.4461E-01  0.0000E+00  0.0000E+00  0.0000E+00  0.0000E+00  0.0000E+00
     22.026  0.5298E-01  0.4790E-01  0.4790E-01  0.4790E-01  0.0000E+00  0.0000E+00  0.0000E+00  0.0000E+00  0.0000E+00
     22.175  0.5408E-01  0.4911E-01  0.4911E-01  0.4911E-01  0.0000E+00  0.0000E+00  0.0000E+00  0.0000E+00  0.0000E+00
     22.323  0.5608E-01  0.5047E-01  0.5047E-01  0.5047E-01  0.0000E+00  0.0000E+00  0.0000E+00  0.0000E+00  0.0000E+00
     22.471  0.5536E-01  0.5067E-01  0.5067E-01  0.5067E-01  0.0000E+00  0.0000E+00  0.0000E+00  0.0000E+00  0.0000E+00
     22.619  0.5546E-01  0.5068E-01  0.5068E-01  0.5068E-01  0.0000E+00  0.0000E+00  0.0000E+00  0.0000E+00  0.0000E+00
     22.767  0.5866E-01  0.5419E-01  0.5419E-01  0.5419E-01  0.0000E+00  0.0000E+00  0.0000E+00  0.0000E+00  0.0000E+00
     22.915  0.5517E-01  0.5310E-01  0.5310E-01  0.5310E-01  0.0000E+00  0.0000E+00  0.0000E+00  0.0000E+00  0.0000E+00
     23.063  0.5703E-01  0.5594E-01  0.5594E-01  0.5594E-01  0.0000E+00  0.0000E+00  0.0000E+00  0.0000E+00  0.0000E+00
     23.212  0.5805E-01  0.5442E-01  0.5442E-01  0.5442E-01  0.0000E+00  0.0000E+00  0.0000E+00  0.0000E+00  0.0000E+00
     23.360  0.6918E-01  0.5859E-01  0.5859E-01  0.5859E-01  0.0000E+00  0.0000E+00  0.0000E+00  0.0000E+00  0.0000E+00
     23.508  0.1002E+00  0.5971E-01  0.5971E-01  0.5971E-01  0.0000E+00  0.0000E+00  0.0000E+00  0.0000E+00  0.0000E+00
     23.656  0.1051E+00  0.6288E-01  0.6288E-01  0.6288E-01  0.0000E+00  0.0000E+00  0.0000E+00  0.0000E+00  0.0000E+00
     23.804  0.9809E-01  0.6578E-01  0.6578E-01  0.6578E-01  0.0000E+00  0.0000E+00  0.0000E+00  0.0000E+00  0.0000E+00
     23.952  0.9897E-01  0.7052E-01  0.7052E-01  0.7052E-01  0.0000E+00  0.0000E+00  0.0000E+00  0.0000E+00  0.0000E+00
     24.100  0.6591E-01  0.6217E-01  0.6217E-01  0.6217E-01  0.0000E+00  0.0000E+00  0.0000E+00  0.0000E+00  0.0000E+00
     24.248  0.5221E-01  0.5996E-01  0.5996E-01  0.5996E-01  0.0000E+00  0.0000E+00  0.0000E+00  0.0000E+00  0.0000E+00
     24.397  0.4613E-01  0.6245E-01  0.6245E-01  0.6245E-01  0.0000E+00  0.0000E+00  0.0000E+00  0.0000E+00  0.0000E+00
     24.545  0.4235E-01  0.6451E-01  0.6451E-01  0.6451E-01  0.0000E+00  0.0000E+00  0.0000E+00  0.0000E+00  0.0000E+00
     24.693  0.4549E-01  0.7648E-01  0.7648E-01  0.7648E-01  0.0000E+00  0.0000E+00  0.0000E+00  0.0000E+00  0.0000E+00
     24.841  0.4729E-01  0.8604E-01  0.8604E-01  0.8604E-01  0.0000E+00  0.0000E+00  0.0000E+00  0.0000E+00  0.0000E+00
     24.989  0.4306E-01  0.8342E-01  0.8342E-01  0.8342E-01  0.0000E+00  0.0000E+00  0.0000E+00  0.0000E+00  0.0000E+00
     25.137  0.3497E-01  0.7426E-01  0.7426E-01  0.7426E-01  0.0000E+00  0.0000E+00  0.0000E+00  0.0000E+00  0.0000E+00
     25.285  0.2949E-01  0.6927E-01  0.6927E-01  0.6927E-01  0.0000E+00  0.0000E+00  0.0000E+00  0.0000E+00  0.0000E+00
     25.434  0.2522E-01  0.6660E-01  0.6660E-01  0.6660E-01  0.0000E+00  0.0000E+00  0.0000E+00  0.0000E+00  0.0000E+00
     25.582  0.2109E-01  0.6329E-01  0.6329E-01  0.6329E-01  0.0000E+00  0.0000E+00  0.0000E+00  0.0000E+00  0.0000E+00
     25.730  0.1768E-01  0.6016E-01  0.6016E-01  0.6016E-01  0.0000E+00  0.0000E+00  0.0000E+00  0.0000E+00  0.0000E+00
     25.878  0.1447E-01  0.5773E-01  0.5773E-01  0.5773E-01  0.0000E+00  0.0000E+00  0.0000E+00  0.0000E+00  0.0000E+00
     26.026  0.1135E-01  0.5587E-01  0.5587E-01  0.5587E-01  0.0000E+00  0.0000E+00  0.0000E+00  0.0000E+00  0.0000E+00
     26.174  0.8894E-02  0.5843E-01  0.5843E-01  0.5843E-01  0.0000E+00  0.0000E+00  0.0000E+00  0.0000E+00  0.0000E+00
     26.322  0.5308E-02  0.3818E-01  0.3818E-01  0.3818E-01  0.0000E+00  0.0000E+00  0.0000E+00  0.0000E+00  0.0000E+00
     26.470  0.3790E-02  0.2595E-01  0.2595E-01  0.2595E-01  0.0000E+00  0.0000E+00  0.0000E+00  0.0000E+00  0.0000E+00
     26.619  0.2887E-02  0.2341E-01  0.2341E-01  0.2341E-01  0.0000E+00  0.0000E+00  0.0000E+00  0.0000E+00  0.0000E+00
     26.767  0.2128E-02  0.2074E-01  0.2074E-01  0.2074E-01  0.0000E+00  0.0000E+00  0.0000E+00  0.0000E+00  0.0000E+00
     26.915  0.1423E-02  0.1833E-01  0.1833E-01  0.1833E-01  0.0000E+00  0.0000E+00  0.0000E+00  0.0000E+00  0.0000E+00
     27.063  0.8482E-03  0.1475E-01  0.1475E-01  0.1475E-01  0.0000E+00  0.0000E+00  0.0000E+00  0.0000E+00  0.0000E+00
     27.211  0.3794E-03  0.1120E-01  0.1120E-01  0.1120E-01  0.0000E+00  0.0000E+00  0.0000E+00  0.0000E+00  0.0000E+00
     27.359  0.1133E-03  0.7127E-02  0.7127E-02  0.7127E-02  0.0000E+00  0.0000E+00  0.0000E+00  0.0000E+00  0.0000E+00
     27.507  0.1491E-05  0.3156E-03  0.3156E-03  0.3156E-03  0.0000E+00  0.0000E+00  0.0000E+00  0.0000E+00  0.0000E+00
     27.656  0.0000E+00  0.0000E+00  0.0000E+00  0.0000E+00  0.0000E+00  0.0000E+00  0.0000E+00  0.0000E+00  0.0000E+00
     27.804  0.0000E+00  0.0000E+00  0.0000E+00  0.0000E+00  0.0000E+00  0.0000E+00  0.0000E+00  0.0000E+00  0.0000E+00
     27.952  0.0000E+00  0.0000E+00  0.0000E+00  0.0000E+00  0.0000E+00  0.0000E+00  0.0000E+00  0.0000E+00  0.0000E+00
     28.100  0.0000E+00  0.0000E+00  0.0000E+00  0.0000E+00  0.0000E+00  0.0000E+00  0.0000E+00  0.0000E+00  0.0000E+00
     28.248  0.0000E+00  0.0000E+00  0.0000E+00  0.0000E+00  0.0000E+00  0.0000E+00  0.0000E+00  0.0000E+00  0.0000E+00
     28.396  0.0000E+00  0.0000E+00  0.0000E+00  0.0000E+00  0.0000E+00  0.0000E+00  0.0000E+00  0.0000E+00  0.0000E+00
     28.544  0.0000E+00  0.0000E+00  0.0000E+00  0.0000E+00  0.0000E+00  0.0000E+00  0.0000E+00  0.0000E+00  0.0000E+00
     28.692  0.0000E+00  0.0000E+00  0.0000E+00  0.0000E+00  0.0000E+00  0.0000E+00  0.0000E+00  0.0000E+00  0.0000E+00
     28.841  0.0000E+00  0.0000E+00  0.0000E+00  0.0000E+00  0.0000E+00  0.0000E+00  0.0000E+00  0.0000E+00  0.0000E+00
     28.989  0.0000E+00  0.0000E+00  0.0000E+00  0.0000E+00  0.0000E+00  0.0000E+00  0.0000E+00  0.0000E+00  0.0000E+00
     29.137  0.0000E+00  0.0000E+00  0.0000E+00  0.0000E+00  0.0000E+00  0.0000E+00  0.0000E+00  0.0000E+00  0.0000E+00
     29.285  0.0000E+00  0.0000E+00  0.0000E+00  0.0000E+00  0.0000E+00  0.0000E+00  0.0000E+00  0.0000E+00  0.0000E+00
     29.433  0.0000E+00  0.0000E+00  0.0000E+00  0.0000E+00  0.0000E+00  0.0000E+00  0.0000E+00  0.0000E+00  0.0000E+00
     29.43314434    -15.00706195  301      9.63787850      1.00000000
    -15.007  0.0000E+00  0.0000E+00  0.0000E+00  0.0000E+00  0.0000E+00  0.0000E+00  0.0000E+00  0.0000E+00  0.0000E+00
    -14.859  0.0000E+00  0.0000E+00  0.0000E+00  0.0000E+00  0.0000E+00  0.0000E+00  0.0000E+00  0.0000E+00  0.0000E+00
    -14.711  0.0000E+00  0.0000E+00  0.0000E+00  0.0000E+00  0.0000E+00  0.0000E+00  0.0000E+00  0.0000E+00  0.0000E+00
    -14.563  0.0000E+00  0.0000E+00  0.0000E+00  0.0000E+00  0.0000E+00  0.0000E+00  0.0000E+00  0.0000E+00  0.0000E+00
    -14.415  0.0000E+00  0.0000E+00  0.0000E+00  0.0000E+00  0.0000E+00  0.0000E+00  0.0000E+00  0.0000E+00  0.0000E+00
    -14.266  0.0000E+00  0.0000E+00  0.0000E+00  0.0000E+00  0.0000E+00  0.0000E+00  0.0000E+00  0.0000E+00  0.0000E+00
    -14.118  0.0000E+00  0.0000E+00  0.0000E+00  0.0000E+00  0.0000E+00  0.0000E+00  0.0000E+00  0.0000E+00  0.0000E+00
    -13.970  0.0000E+00  0.0000E+00  0.0000E+00  0.0000E+00  0.0000E+00  0.0000E+00  0.0000E+00  0.0000E+00  0.0000E+00
    -13.822  0.0000E+00  0.0000E+00  0.0000E+00  0.0000E+00  0.0000E+00  0.0000E+00  0.0000E+00  0.0000E+00  0.0000E+00
    -13.674  0.0000E+00  0.0000E+00  0.0000E+00  0.0000E+00  0.0000E+00  0.0000E+00  0.0000E+00  0.0000E+00  0.0000E+00
    -13.526  0.0000E+00  0.0000E+00  0.0000E+00  0.0000E+00  0.0000E+00  0.0000E+00  0.0000E+00  0.0000E+00  0.0000E+00
    -13.378  0.0000E+00  0.0000E+00  0.0000E+00  0.0000E+00  0.0000E+00  0.0000E+00  0.0000E+00  0.0000E+00  0.0000E+00
    -13.229  0.0000E+00  0.0000E+00  0.0000E+00  0.0000E+00  0.0000E+00  0.0000E+00  0.0000E+00  0.0000E+00  0.0000E+00
    -13.081  0.0000E+00  0.0000E+00  0.0000E+00  0.0000E+00  0.0000E+00  0.0000E+00  0.0000E+00  0.0000E+00  0.0000E+00
    -12.933  0.7218E-02  0.5494E-05  0.5494E-05  0.5494E-05  0.0000E+00  0.0000E+00  0.0000E+00  0.0000E+00  0.0000E+00
    -12.785  0.1626E-01  0.4512E-04  0.4512E-04  0.4512E-04  0.0000E+00  0.0000E+00  0.0000E+00  0.0000E+00  0.0000E+00
    -12.637  0.1928E-01  0.9962E-04  0.9962E-04  0.9962E-04  0.0000E+00  0.0000E+00  0.0000E+00  0.0000E+00  0.0000E+00
    -12.489  0.2058E-01  0.1554E-03  0.1554E-03  0.1554E-03  0.0000E+00  0.0000E+00  0.0000E+00  0.0000E+00  0.0000E+00
    -12.341  0.2346E-01  0.2289E-03  0.2289E-03  0.2289E-03  0.0000E+00  0.0000E+00  0.0000E+00  0.0000E+00  0.0000E+00
    -12.193  0.2599E-01  0.3114E-03  0.3114E-03  0.3114E-03  0.0000E+00  0.0000E+00  0.0000E+00  0.0000E+00  0.0000E+00
    -12.044  0.2816E-01  0.4035E-03  0.4035E-03  0.4035E-03  0.0000E+00  0.0000E+00  0.0000E+00  0.0000E+00  0.0000E+00
    -11.896  0.3025E-01  0.5016E-03  0.5016E-03  0.5016E-03  0.0000E+00  0.0000E+00  0.0000E+00  0.0000E+00  0.0000E+00
    -11.748  0.3225E-01  0.6055E-03  0.6055E-03  0.6055E-03  0.0000E+00  0.0000E+00  0.0000E+00  0.0000E+00  0.0000E+00
    -11.600  0.3398E-01  0.7184E-03  0.7184E-03  0.7184E-03  0.0000E+00  0.0000E+00  0.0000E+00  0.0000E+00  0.0000E+00
    -11.452  0.3579E-01  0.8337E-03  0.8337E-03  0.8337E-03  0.0000E+00  0.0000E+00  0.0000E+00  0.0000E+00  0.0000E+00
    -11.304  0.3733E-01  0.9587E-03  0.9587E-03  0.9587E-03  0.0000E+00  0.0000E+00  0.0000E+00  0.0000E+00  0.0000E+00
    -11.156  0.3896E-01  0.1085E-02  0.1085E-02  0.1085E-02  0.0000E+00  0.0000E+00  0.0000E+00  0.0000E+00  0.0000E+00
    -11.007  0.4039E-01  0.1221E-02  0.1221E-02  0.1221E-02  0.0000E+00  0.0000E+00  0.0000E+00  0.0000E+00  0.0000E+00
    -10.859  0.4190E-01  0.1357E-02  0.1357E-02  0.1357E-02  0.0000E+00  0.0000E+00  0.0000E+00  0.0000E+00  0.0000E+00
    -10.711  0.4322E-01  0.1503E-02  0.1503E-02  0.1503E-02  0.0000E+00  0.0000E+00  0.0000E+00  0.0000E+00  0.0000E+00
    -10.563  0.4464E-01  0.1648E-02  0.1648E-02  0.1648E-02  0.0000E+00  0.0000E+00  0.0000E+00  0.0000E+00  0.0000E+00
    -10.415  0.4591E-01  0.1803E-02  0.1803E-02  0.1803E-02  0.0000E+00  0.0000E+00  0.0000E+00  0.0000E+00  0.0000E+00
    -10.267  0.4722E-01  0.1959E-02  0.1959E-02  0.1959E-02  0.0000E+00  0.0000E+00  0.0000E+00  0.0000E+00  0.0000E+00
    -10.119  0.4850E-01  0.2120E-02  0.2120E-02  0.2120E-02  0.0000E+00  0.0000E+00  0.0000E+00  0.0000E+00  0.0000E+00
     -9.971  0.4973E-01  0.2286E-02  0.2286E-02  0.2286E-02  0.0000E+00  0.0000E+00  0.0000E+00  0.0000E+00  0.0000E+00
     -9.822  0.5103E-01  0.2452E-02  0.2452E-02  0.2452E-02  0.0000E+00  0.0000E+00  0.0000E+00  0.0000E+00  0.0000E+00
     -9.674  0.5221E-01  0.2629E-02  0.2629E-02  0.2629E-02  0.0000E+00  0.0000E+00  0.0000E+00  0.0000E+00  0.0000E+00
     -9.526  0.5345E-01  0.2805E-02  0.2805E-02  0.2805E-02  0.0000E+00  0.0000E+00  0.0000E+00  0.0000E+00  0.0000E+00
     -9.378  0.5472E-01  0.2985E-02  0.2985E-02  0.2985E-02  0.0000E+00  0.0000E+00  0.0000E+00  0.0000E+00  0.0000E+00
     -9.230  0.5593E-01  0.3172E-02  0.3172E-02  0.3172E-02  0.0000E+00  0.0000E+00  0.0000E+00  0.0000E+00  0.0000E+00
     -9.082  0.5721E-01  0.3360E-02  0.3360E-02  0.3360E-02  0.0000E+00  0.0000E+00  0.0000E+00  0.0000E+00  0.0000E+00
     -8.934  0.5850E-01  0.3552E-02  0.3552E-02  0.3552E-02  0.0000E+00  0.0000E+00  0.0000E+00  0.0000E+00  0.0000E+00
     -8.785  0.5981E-01  0.3751E-02  0.3751E-02  0.3751E-02  0.0000E+00  0.0000E+00  0.0000E+00  0.0000E+00  0.0000E+00
     -8.637  0.6120E-01  0.3949E-02  0.3949E-02  0.3949E-02  0.0000E+00  0.0000E+00  0.0000E+00  0.0000E+00  0.0000E+00
     -8.489  0.6263E-01  0.4155E-02  0.4155E-02  0.4155E-02  0.0000E+00  0.0000E+00  0.0000E+00  0.0000E+00  0.0000E+00
     -8.341  0.6412E-01  0.4366E-02  0.4366E-02  0.4366E-02  0.0000E+00  0.0000E+00  0.0000E+00  0.0000E+00  0.0000E+00
     -8.193  0.6575E-01  0.4578E-02  0.4578E-02  0.4578E-02  0.0000E+00  0.0000E+00  0.0000E+00  0.0000E+00  0.0000E+00
     -8.045  0.6749E-01  0.4799E-02  0.4799E-02  0.4799E-02  0.0000E+00  0.0000E+00  0.0000E+00  0.0000E+00  0.0000E+00
     -7.897  0.6941E-01  0.5029E-02  0.5029E-02  0.5029E-02  0.0000E+00  0.0000E+00  0.0000E+00  0.0000E+00  0.0000E+00
     -7.748  0.7159E-01  0.5263E-02  0.5263E-02  0.5263E-02  0.0000E+00  0.0000E+00  0.0000E+00  0.0000E+00  0.0000E+00
     -7.600  0.7414E-01  0.5510E-02  0.5510E-02  0.5510E-02  0.0000E+00  0.0000E+00  0.0000E+00  0.0000E+00  0.0000E+00
     -7.452  0.7727E-01  0.5782E-02  0.5782E-02  0.5782E-02  0.0000E+00  0.0000E+00  0.0000E+00  0.0000E+00  0.0000E+00
     -7.304  0.8146E-01  0.6085E-02  0.6085E-02  0.6085E-02  0.0000E+00  0.0000E+00  0.0000E+00  0.0000E+00  0.0000E+00
     -7.156  0.8844E-01  0.6484E-02  0.6484E-02  0.6484E-02  0.0000E+00  0.0000E+00  0.0000E+00  0.0000E+00  0.0000E+00
     -7.008  0.9837E-01  0.6999E-02  0.6999E-02  0.6999E-02  0.0000E+00  0.0000E+00  0.0000E+00  0.0000E+00  0.0000E+00
     -6.860  0.9652E-01  0.7077E-02  0.7077E-02  0.7077E-02  0.0000E+00  0.0000E+00  0.0000E+00  0.0000E+00  0.0000E+00
     -6.712  0.9243E-01  0.7047E-02  0.7047E-02  0.7047E-02  0.0000E+00  0.0000E+00  0.0000E+00  0.0000E+00  0.0000E+00
     -6.563  0.8953E-01  0.7066E-02  0.7066E-02  0.7066E-02  0.0000E+00  0.0000E+00  0.0000E+00  0.0000E+00  0.0000E+00
     -6.415  0.8647E-01  0.7058E-02  0.7058E-02  0.7058E-02  0.0000E+00  0.0000E+00  0.0000E+00  0.0000E+00  0.0000E+00
     -6.267  0.8303E-01  0.7006E-02  0.7006E-02  0.7006E-02  0.0000E+00  0.0000E+00  0.0000E+00  0.0000E+00  0.0000E+00
     -6.119  0.8049E-01  0.7009E-02  0.7009E-02  0.7009E-02  0.0000E+00  0.0000E+00  0.0000E+00  0.0000E+00  0.0000E+00
     -5.971  0.7744E-01  0.6954E-02  0.6954E-02  0.6954E-02  0.0000E+00  0.0000E+00  0.0000E+00  0.0000E+00  0.0000E+00
     -5.823  0.7467E-01  0.6900E-02  0.6900E-02  0.6900E-02  0.0000E+00  0.0000E+00  0.0000E+00  0.0000E+00  0.0000E+00
     -5.675  0.7188E-01  0.6846E-02  0.6846E-02  0.6846E-02  0.0000E+00  0.0000E+00  0.0000E+00  0.0000E+00  0.0000E+00
     -5.526  0.6915E-01  0.6770E-02  0.6770E-02  0.6770E-02  0.0000E+00  0.0000E+00  0.0000E+00  0.0000E+00  0.0000E+00
     -5.378  0.6610E-01  0.6662E-02  0.6662E-02  0.6662E-02  0.0000E+00  0.0000E+00  0.0000E+00  0.0000E+00  0.0000E+00
     -5.230  0.6358E-01  0.6581E-02  0.6581E-02  0.6581E-02  0.0000E+00  0.0000E+00  0.0000E+00  0.0000E+00  0.0000E+00
     -5.082  0.6048E-01  0.6441E-02  0.6441E-02  0.6441E-02  0.0000E+00  0.0000E+00  0.0000E+00  0.0000E+00  0.0000E+00
     -4.934  0.5764E-01  0.6305E-02  0.6305E-02  0.6305E-02  0.0000E+00  0.0000E+00  0.0000E+00  0.0000E+00  0.0000E+00
     -4.786  0.5472E-01  0.6153E-02  0.6153E-02  0.6153E-02  0.0000E+00  0.0000E+00  0.0000E+00  0.0000E+00  0.0000E+00
     -4.638  0.5175E-01  0.5975E-02  0.5975E-02  0.5975E-02  0.0000E+00  0.0000E+00  0.0000E+00  0.0000E+00  0.0000E+00
     -4.490  0.4868E-01  0.5782E-02  0.5782E-02  0.5782E-02  0.0000E+00  0.0000E+00  0.0000E+00  0.0000E+00  0.0000E+00
     -4.341  0.4573E-01  0.5580E-02  0.5580E-02  0.5580E-02  0.0000E+00  0.0000E+00  0.0000E+00  0.0000E+00  0.0000E+00
     -4.193  0.4896E-01  0.9448E-02  0.9448E-02  0.9448E-02  0.0000E+00  0.0000E+00  0.0000E+00  0.0000E+00  0.0000E+00
     -4.045  0.4951E-01  0.1071E-01  0.1071E-01  0.1071E-01  0.0000E+00  0.0000E+00  0.0000E+00  0.0000E+00  0.0000E+00
     -3.897  0.4187E-01  0.1062E-01  0.1062E-01  0.1062E-01  0.0000E+00  0.0000E+00  0.0000E+00  0.0000E+00  0.0000E+00
     -3.749  0.2964E-01  0.1019E-01  0.1019E-01  0.1019E-01  0.0000E+00  0.0000E+00  0.0000E+00  0.0000E+00  0.0000E+00
     -3.601  0.2834E-01  0.1093E-01  0.1093E-01  0.1093E-01  0.0000E+00  0.0000E+00  0.0000E+00  0.0000E+00  0.0000E+00
     -3.453  0.3022E-01  0.1238E-01  0.1238E-01  0.1238E-01  0.0000E+00  0.0000E+00  0.0000E+00  0.0000E+00  0.0000E+00
     -3.304  0.3298E-01  0.1372E-01  0.1372E-01  0.1372E-01  0.0000E+00  0.0000E+00  0.0000E+00  0.0000E+00  0.0000E+00
     -3.156  0.4035E-01  0.1597E-01  0.1597E-01  0.1597E-01  0.0000E+00  0.0000E+00  0.0000E+00  0.0000E+00  0.0000E+00
     -3.008  0.5046E-01  0.1856E-01  0.1856E-01  0.1856E-01  0.0000E+00  0.0000E+00  0.0000E+00  0.0000E+00  0.0000E+00
     -2.860  0.6301E-01  0.2190E-01  0.2190E-01  0.2190E-01  0.0000E+00  0.0000E+00  0.0000E+00  0.0000E+00  0.0000E+00
     -2.712  0.7781E-01  0.2606E-01  0.2606E-01  0.2606E-01  0.0000E+00  0.0000E+00  0.0000E+00  0.0000E+00  0.0000E+00
     -2.564  0.1093E+00  0.3491E-01  0.3491E-01  0.3491E-01  0.0000E+00  0.0000E+00  0.0000E+00  0.0000E+00  0.0000E+00
     -2.416  0.1071E+00  0.3350E-01  0.3350E-01  0.3350E-01  0.0000E+00  0.0000E+00  0.0000E+00  0.0000E+00  0.0000E+00
     -2.268  0.7872E-01  0.2563E-01  0.2563E-01  0.2563E-01  0.0000E+00  0.0000E+00  0.0000E+00  0.0000E+00  0.0000E+00
     -2.119  0.7005E-01  0.2323E-01  0.2323E-01  0.2323E-01  0.0000E+00  0.0000E+00  0.0000E+00  0.0000E+00  0.0000E+00
     -1.971  0.6296E-01  0.2138E-01  0.2138E-01  0.2138E-01  0.0000E+00  0.0000E+00  0.0000E+00  0.0000E+00  0.0000E+00
     -1.823  0.5899E-01  0.2036E-01  0.2036E-01  0.2036E-01  0.0000E+00  0.0000E+00  0.0000E+00  0.0000E+00  0.0000E+00
     -1.675  0.5414E-01  0.1916E-01  0.1916E-01  0.1916E-01  0.0000E+00  0.0000E+00  0.0000E+00  0.0000E+00  0.0000E+00
     -1.527  0.5138E-01  0.1852E-01  0.1852E-01  0.1852E-01  0.0000E+00  0.0000E+00  0.0000E+00  0.0000E+00  0.0000E+00
     -1.379  0.4780E-01  0.1767E-01  0.1767E-01  0.1767E-01  0.0000E+00  0.0000E+00  0.0000E+00  0.0000E+00  0.0000E+00
     -1.231  0.4536E-01  0.1713E-01  0.1713E-01  0.1713E-01  0.0000E+00  0.0000E+00  0.0000E+00  0.0000E+00  0.0000E+00
     -1.082  0.4289E-01  0.1658E-01  0.1658E-01  0.1658E-01  0.0000E+00  0.0000E+00  0.0000E+00  0.0000E+00  0.0000E+00
     -0.934  0.4020E-01  0.1595E-01  0.1595E-01  0.1595E-01  0.0000E+00  0.0000E+00  0.0000E+00  0.0000E+00  0.0000E+00
     -0.786  0.3839E-01  0.1558E-01  0.1558E-01  0.1558E-01  0.0000E+00  0.0000E+00  0.0000E+00  0.0000E+00  0.0000E+00
     -0.638  0.3570E-01  0.1491E-01  0.1491E-01  0.1491E-01  0.0000E+00  0.0000E+00  0.0000E+00  0.0000E+00  0.0000E+00
     -0.490  0.3428E-01  0.1464E-01  0.1464E-01  0.1464E-01  0.0000E+00  0.0000E+00  0.0000E+00  0.0000E+00  0.0000E+00
     -0.342  0.3253E-01  0.1425E-01  0.1425E-01  0.1425E-01  0.0000E+00  0.0000E+00  0.0000E+00  0.0000E+00  0.0000E+00
     -0.194  0.3059E-01  0.1483E-01  0.1483E-01  0.1483E-01  0.0000E+00  0.0000E+00  0.0000E+00  0.0000E+00  0.0000E+00
     -0.046  0.3057E-01  0.2239E-01  0.2239E-01  0.2239E-01  0.0000E+00  0.0000E+00  0.0000E+00  0.0000E+00  0.0000E+00
      0.103  0.2982E-01  0.2568E-01  0.2568E-01  0.2568E-01  0.0000E+00  0.0000E+00  0.0000E+00  0.0000E+00  0.0000E+00
      0.251  0.2961E-01  0.2935E-01  0.2935E-01  0.2935E-01  0.0000E+00  0.0000E+00  0.0000E+00  0.0000E+00  0.0000E+00
      0.399  0.3014E-01  0.3427E-01  0.3427E-01  0.3427E-01  0.0000E+00  0.0000E+00  0.0000E+00  0.0000E+00  0.0000E+00
      0.547  0.3086E-01  0.4194E-01  0.4194E-01  0.4194E-01  0.0000E+00  0.0000E+00  0.0000E+00  0.0000E+00  0.0000E+00
      0.695  0.3110E-01  0.4176E-01  0.4176E-01  0.4176E-01  0.0000E+00  0.0000E+00  0.0000E+00  0.0000E+00  0.0000E+00
      0.843  0.3091E-01  0.4020E-01  0.4020E-01  0.4020E-01  0.0000E+00  0.0000E+00  0.0000E+00  0.0000E+00  0.0000E+00
      0.991  0.3040E-01  0.3961E-01  0.3961E-01  0.3961E-01  0.0000E+00  0.0000E+00  0.0000E+00  0.0000E+00  0.0000E+00
      1.140  0.3004E-01  0.3886E-01  0.3886E-01  0.3886E-01  0.0000E+00  0.0000E+00  0.0000E+00  0.0000E+00  0.0000E+00
      1.288  0.2992E-01  0.4090E-01  0.4090E-01  0.4090E-01  0.0000E+00  0.0000E+00  0.0000E+00  0.0000E+00  0.0000E+00
      1.436  0.2918E-01  0.4080E-01  0.4080E-01  0.4080E-01  0.0000E+00  0.0000E+00  0.0000E+00  0.0000E+00  0.0000E+00
      1.584  0.2865E-01  0.4209E-01  0.4209E-01  0.4209E-01  0.0000E+00  0.0000E+00  0.0000E+00  0.0000E+00  0.0000E+00
      1.732  0.2833E-01  0.4339E-01  0.4339E-01  0.4339E-01  0.0000E+00  0.0000E+00  0.0000E+00  0.0000E+00  0.0000E+00
      1.880  0.2772E-01  0.4540E-01  0.4540E-01  0.4540E-01  0.0000E+00  0.0000E+00  0.0000E+00  0.0000E+00  0.0000E+00
      2.028  0.2691E-01  0.4630E-01  0.4630E-01  0.4630E-01  0.0000E+00  0.0000E+00  0.0000E+00  0.0000E+00  0.0000E+00
      2.176  0.2649E-01  0.4796E-01  0.4796E-01  0.4796E-01  0.0000E+00  0.0000E+00  0.0000E+00  0.0000E+00  0.0000E+00
      2.325  0.2588E-01  0.5060E-01  0.5060E-01  0.5060E-01  0.0000E+00  0.0000E+00  0.0000E+00  0.0000E+00  0.0000E+00
      2.473  0.2495E-01  0.5212E-01  0.5212E-01  0.5212E-01  0.0000E+00  0.0000E+00  0.0000E+00  0.0000E+00  0.0000E+00
      2.621  0.2447E-01  0.5597E-01  0.5597E-01  0.5597E-01  0.0000E+00  0.0000E+00  0.0000E+00  0.0000E+00  0.0000E+00
      2.769  0.2385E-01  0.5954E-01  0.5954E-01  0.5954E-01  0.0000E+00  0.0000E+00  0.0000E+00  0.0000E+00  0.0000E+00
      2.917  0.2305E-01  0.6481E-01  0.6481E-01  0.6481E-01  0.0000E+00  0.0000E+00  0.0000E+00  0.0000E+00  0.0000E+00
      3.065  0.2216E-01  0.7675E-01  0.7675E-01  0.7675E-01  0.0000E+00  0.0000E+00  0.0000E+00  0.0000E+00  0.0000E+00
      3.213  0.2145E-01  0.7619E-01  0.7619E-01  0.7619E-01  0.0000E+00  0.0000E+00  0.0000E+00  0.0000E+00  0.0000E+00
      3.362  0.2070E-01  0.7478E-01  0.7478E-01  0.7478E-01  0.0000E+00  0.0000E+00  0.0000E+00  0.0000E+00  0.0000E+00
      3.510  0.1969E-01  0.7366E-01  0.7366E-01  0.7366E-01  0.0000E+00  0.0000E+00  0.0000E+00  0.0000E+00  0.0000E+00
      3.658  0.1899E-01  0.7314E-01  0.7314E-01  0.7314E-01  0.0000E+00  0.0000E+00  0.0000E+00  0.0000E+00  0.0000E+00
      3.806  0.1836E-01  0.7303E-01  0.7303E-01  0.7303E-01  0.0000E+00  0.0000E+00  0.0000E+00  0.0000E+00  0.0000E+00
      3.954  0.1753E-01  0.7274E-01  0.7274E-01  0.7274E-01  0.0000E+00  0.0000E+00  0.0000E+00  0.0000E+00  0.0000E+00
      4.102  0.1662E-01  0.7202E-01  0.7202E-01  0.7202E-01  0.0000E+00  0.0000E+00  0.0000E+00  0.0000E+00  0.0000E+00
      4.250  0.1605E-01  0.7206E-01  0.7206E-01  0.7206E-01  0.0000E+00  0.0000E+00  0.0000E+00  0.0000E+00  0.0000E+00
      4.398  0.1534E-01  0.7183E-01  0.7183E-01  0.7183E-01  0.0000E+00  0.0000E+00  0.0000E+00  0.0000E+00  0.0000E+00
      4.547  0.1449E-01  0.7122E-01  0.7122E-01  0.7122E-01  0.0000E+00  0.0000E+00  0.0000E+00  0.0000E+00  0.0000E+00
      4.695  0.1378E-01  0.7125E-01  0.7125E-01  0.7125E-01  0.0000E+00  0.0000E+00  0.0000E+00  0.0000E+00  0.0000E+00
      4.843  0.1318E-01  0.7100E-01  0.7100E-01  0.7100E-01  0.0000E+00  0.0000E+00  0.0000E+00  0.0000E+00  0.0000E+00
      4.991  0.1250E-01  0.7070E-01  0.7070E-01  0.7070E-01  0.0000E+00  0.0000E+00  0.0000E+00  0.0000E+00  0.0000E+00
      5.139  0.1172E-01  0.7039E-01  0.7039E-01  0.7039E-01  0.0000E+00  0.0000E+00  0.0000E+00  0.0000E+00  0.0000E+00
      5.287  0.1104E-01  0.7003E-01  0.7003E-01  0.7003E-01  0.0000E+00  0.0000E+00  0.0000E+00  0.0000E+00  0.0000E+00
      5.435  0.1039E-01  0.6992E-01  0.6992E-01  0.6992E-01  0.0000E+00  0.0000E+00  0.0000E+00  0.0000E+00  0.0000E+00
      5.584  0.9757E-02  0.6951E-01  0.6951E-01  0.6951E-01  0.0000E+00  0.0000E+00  0.0000E+00  0.0000E+00  0.0000E+00
      5.732  0.9071E-02  0.6929E-01  0.6929E-01  0.6929E-01  0.0000E+00  0.0000E+00  0.0000E+00  0.0000E+00  0.0000E+00
      5.880  0.8494E-02  0.6903E-01  0.6903E-01  0.6903E-01  0.0000E+00  0.0000E+00  0.0000E+00  0.0000E+00  0.0000E+00
      6.028  0.7963E-02  0.6885E-01  0.6885E-01  0.6885E-01  0.0000E+00  0.0000E+00  0.0000E+00  0.0000E+00  0.0000E+00
      6.176  0.7349E-02  0.6880E-01  0.6880E-01  0.6880E-01  0.0000E+00  0.0000E+00  0.0000E+00  0.0000E+00  0.0000E+00
      6.324  0.6636E-02  0.6825E-01  0.6825E-01  0.6825E-01  0.0000E+00  0.0000E+00  0.0000E+00  0.0000E+00  0.0000E+00
      6.472  0.6106E-02  0.6820E-01  0.6820E-01  0.6820E-01  0.0000E+00  0.0000E+00  0.0000E+00  0.0000E+00  0.0000E+00
      6.621  0.5599E-02  0.6930E-01  0.6930E-01  0.6930E-01  0.0000E+00  0.0000E+00  0.0000E+00  0.0000E+00  0.0000E+00
      6.769  0.5049E-02  0.5881E-01  0.5881E-01  0.5881E-01  0.0000E+00  0.0000E+00  0.0000E+00  0.0000E+00  0.0000E+00
      6.917  0.4496E-02  0.4886E-01  0.4886E-01  0.4886E-01  0.0000E+00  0.0000E+00  0.0000E+00  0.0000E+00  0.0000E+00
      7.065  0.4097E-02  0.4414E-01  0.4414E-01  0.4414E-01  0.0000E+00  0.0000E+00  0.0000E+00  0.0000E+00  0.0000E+00
      7.213  0.3722E-02  0.4035E-01  0.4035E-01  0.4035E-01  0.0000E+00  0.0000E+00  0.0000E+00  0.0000E+00  0.0000E+00
      7.361  0.3326E-02  0.3696E-01  0.3696E-01  0.3696E-01  0.0000E+00  0.0000E+00  0.0000E+00  0.0000E+00  0.0000E+00
      7.509  0.2936E-02  0.3384E-01  0.3384E-01  0.3384E-01  0.0000E+00  0.0000E+00  0.0000E+00  0.0000E+00  0.0000E+00
      7.657  0.2646E-02  0.3130E-01  0.3130E-01  0.3130E-01  0.0000E+00  0.0000E+00  0.0000E+00  0.0000E+00  0.0000E+00
      7.806  0.2337E-02  0.2878E-01  0.2878E-01  0.2878E-01  0.0000E+00  0.0000E+00  0.0000E+00  0.0000E+00  0.0000E+00
      7.954  0.2016E-02  0.2639E-01  0.2639E-01  0.2639E-01  0.0000E+00  0.0000E+00  0.0000E+00  0.0000E+00  0.0000E+00
      8.102  0.1760E-02  0.2429E-01  0.2429E-01  0.2429E-01  0.0000E+00  0.0000E+00  0.0000E+00  0.0000E+00  0.0000E+00
      8.250  0.1508E-02  0.2220E-01  0.2220E-01  0.2220E-01  0.0000E+00  0.0000E+00  0.0000E+00  0.0000E+00  0.0000E+00
      8.398  0.1268E-02  0.2014E-01  0.2014E-01  0.2014E-01  0.0000E+00  0.0000E+00  0.0000E+00  0.0000E+00  0.0000E+00
      8.546  0.1036E-02  0.1826E-01  0.1826E-01  0.1826E-01  0.0000E+00  0.0000E+00  0.0000E+00  0.0000E+00  0.0000E+00
      8.694  0.8291E-03  0.1637E-01  0.1637E-01  0.1637E-01  0.0000E+00  0.0000E+00  0.0000E+00  0.0000E+00  0.0000E+00
      8.843  0.6518E-03  0.1446E-01  0.1446E-01  0.1446E-01  0.0000E+00  0.0000E+00  0.0000E+00  0.0000E+00  0.0000E+00
      8.991  0.4736E-03  0.1258E-01  0.1258E-01  0.1258E-01  0.0000E+00  0.0000E+00  0.0000E+00  0.0000E+00  0.0000E+00
      9.139  0.3229E-03  0.1063E-01  0.1063E-01  0.1063E-01  0.0000E+00  0.0000E+00  0.0000E+00  0.0000E+00  0.0000E+00
      9.287  0.1879E-03  0.8652E-02  0.8652E-02  0.8652E-02  0.0000E+00  0.0000E+00  0.0000E+00  0.0000E+00  0.0000E+00
      9.435  0.9611E-04  0.7145E-02  0.7145E-02  0.7145E-02  0.0000E+00  0.0000E+00  0.0000E+00  0.0000E+00  0.0000E+00
      9.583  0.2293E-04  0.3274E-02  0.3274E-02  0.3274E-02  0.0000E+00  0.0000E+00  0.0000E+00  0.0000E+00  0.0000E+00
      9.731  0.0000E+00  0.0000E+00  0.0000E+00  0.0000E+00  0.0000E+00  0.0000E+00  0.0000E+00  0.0000E+00  0.0000E+00
      9.879  0.0000E+00  0.0000E+00  0.0000E+00  0.0000E+00  0.0000E+00  0.0000E+00  0.0000E+00  0.0000E+00  0.0000E+00
     10.028  0.0000E+00  0.0000E+00  0.0000E+00  0.0000E+00  0.0000E+00  0.0000E+00  0.0000E+00  0.0000E+00  0.0000E+00
     10.176  0.0000E+00  0.0000E+00  0.0000E+00  0.0000E+00  0.0000E+00  0.0000E+00  0.0000E+00  0.0000E+00  0.0000E+00
     10.324  0.0000E+00  0.0000E+00  0.0000E+00  0.0000E+00  0.0000E+00  0.0000E+00  0.0000E+00  0.0000E+00  0.0000E+00
     10.472  0.0000E+00  0.0000E+00  0.0000E+00  0.0000E+00  0.0000E+00  0.0000E+00  0.0000E+00  0.0000E+00  0.0000E+00
     10.620  0.0000E+00  0.0000E+00  0.0000E+00  0.0000E+00  0.0000E+00  0.0000E+00  0.0000E+00  0.0000E+00  0.0000E+00
     10.768  0.0000E+00  0.0000E+00  0.0000E+00  0.0000E+00  0.0000E+00  0.0000E+00  0.0000E+00  0.0000E+00  0.0000E+00
     10.916  0.0000E+00  0.0000E+00  0.0000E+00  0.0000E+00  0.0000E+00  0.0000E+00  0.0000E+00  0.0000E+00  0.0000E+00
     11.065  0.0000E+00  0.0000E+00  0.0000E+00  0.0000E+00  0.0000E+00  0.0000E+00  0.0000E+00  0.0000E+00  0.0000E+00
     11.213  0.0000E+00  0.0000E+00  0.0000E+00  0.0000E+00  0.0000E+00  0.0000E+00  0.0000E+00  0.0000E+00  0.0000E+00
     11.361  0.0000E+00  0.0000E+00  0.0000E+00  0.0000E+00  0.0000E+00  0.0000E+00  0.0000E+00  0.0000E+00  0.0000E+00
     11.509  0.0000E+00  0.0000E+00  0.0000E+00  0.0000E+00  0.0000E+00  0.0000E+00  0.0000E+00  0.0000E+00  0.0000E+00
     11.657  0.0000E+00  0.0000E+00  0.0000E+00  0.0000E+00  0.0000E+00  0.0000E+00  0.0000E+00  0.0000E+00  0.0000E+00
     11.805  0.0000E+00  0.0000E+00  0.0000E+00  0.0000E+00  0.0000E+00  0.0000E+00  0.0000E+00  0.0000E+00  0.0000E+00
     11.953  0.0000E+00  0.0000E+00  0.0000E+00  0.0000E+00  0.0000E+00  0.0000E+00  0.0000E+00  0.0000E+00  0.0000E+00
     12.101  0.0000E+00  0.0000E+00  0.0000E+00  0.0000E+00  0.0000E+00  0.0000E+00  0.0000E+00  0.0000E+00  0.0000E+00
     12.250  0.0000E+00  0.0000E+00  0.0000E+00  0.0000E+00  0.0000E+00  0.0000E+00  0.0000E+00  0.0000E+00  0.0000E+00
     12.398  0.0000E+00  0.0000E+00  0.0000E+00  0.0000E+00  0.0000E+00  0.0000E+00  0.0000E+00  0.0000E+00  0.0000E+00
     12.546  0.0000E+00  0.0000E+00  0.0000E+00  0.0000E+00  0.0000E+00  0.0000E+00  0.0000E+00  0.0000E+00  0.0000E+00
     12.694  0.0000E+00  0.0000E+00  0.0000E+00  0.0000E+00  0.0000E+00  0.0000E+00  0.0000E+00  0.0000E+00  0.0000E+00
     12.842  0.0000E+00  0.0000E+00  0.0000E+00  0.0000E+00  0.0000E+00  0.0000E+00  0.0000E+00  0.0000E+00  0.0000E+00
     12.990  0.0000E+00  0.0000E+00  0.0000E+00  0.0000E+00  0.0000E+00  0.0000E+00  0.0000E+00  0.0000E+00  0.0000E+00
     13.138  0.0000E+00  0.0000E+00  0.0000E+00  0.0000E+00  0.0000E+00  0.0000E+00  0.0000E+00  0.0000E+00  0.0000E+00
     13.287  0.0000E+00  0.0000E+00  0.0000E+00  0.0000E+00  0.0000E+00  0.0000E+00  0.0000E+00  0.0000E+00  0.0000E+00
     13.435  0.0000E+00  0.0000E+00  0.0000E+00  0.0000E+00  0.0000E+00  0.0000E+00  0.0000E+00  0.0000E+00  0.0000E+00
     13.583  0.0000E+00  0.0000E+00  0.0000E+00  0.0000E+00  0.0000E+00  0.0000E+00  0.0000E+00  0.0000E+00  0.0000E+00
     13.731  0.0000E+00  0.0000E+00  0.0000E+00  0.0000E+00  0.0000E+00  0.0000E+00  0.0000E+00  0.0000E+00  0.0000E+00
     13.879  0.0000E+00  0.0000E+00  0.0000E+00  0.0000E+00  0.0000E+00  0.0000E+00  0.0000E+00  0.0000E+00  0.0000E+00
     14.027  0.4638E-02  0.1549E-02  0.1549E-02  0.1549E-02  0.0000E+00  0.0000E+00  0.0000E+00  0.0000E+00  0.0000E+00
     14.175  0.8660E-02  0.3190E-02  0.3190E-02  0.3190E-02  0.0000E+00  0.0000E+00  0.0000E+00  0.0000E+00  0.0000E+00
     14.323  0.1055E-01  0.4144E-02  0.4144E-02  0.4144E-02  0.0000E+00  0.0000E+00  0.0000E+00  0.0000E+00  0.0000E+00
     14.472  0.1312E-01  0.5489E-02  0.5489E-02  0.5489E-02  0.0000E+00  0.0000E+00  0.0000E+00  0.0000E+00  0.0000E+00
     14.620  0.1677E-01  0.7111E-02  0.7111E-02  0.7111E-02  0.0000E+00  0.0000E+00  0.0000E+00  0.0000E+00  0.0000E+00
     14.768  0.1993E-01  0.8813E-02  0.8813E-02  0.8813E-02  0.0000E+00  0.0000E+00  0.0000E+00  0.0000E+00  0.0000E+00
     14.916  0.2229E-01  0.1054E-01  0.1054E-01  0.1054E-01  0.0000E+00  0.0000E+00  0.0000E+00  0.0000E+00  0.0000E+00
     15.064  0.2399E-01  0.1238E-01  0.1238E-01  0.1238E-01  0.0000E+00  0.0000E+00  0.0000E+00  0.0000E+00  0.0000E+00
     15.212  0.2548E-01  0.1447E-01  0.1447E-01  0.1447E-01  0.0000E+00  0.0000E+00  0.0000E+00  0.0000E+00  0.0000E+00
     15.360  0.2687E-01  0.1705E-01  0.1705E-01  0.1705E-01  0.0000E+00  0.0000E+00  0.0000E+00  0.0000E+00  0.0000E+00
     15.509  0.2804E-01  0.2189E-01  0.2189E-01  0.2189E-01  0.0000E+00  0.0000E+00  0.0000E+00  0.0000E+00  0.0000E+00
     15.657  0.2883E-01  0.2236E-01  0.2236E-01  0.2236E-01  0.0000E+00  0.0000E+00  0.0000E+00  0.0000E+00  0.0000E+00
     15.805  0.2953E-01  0.2366E-01  0.2366E-01  0.2366E-01  0.0000E+00  0.0000E+00  0.0000E+00  0.0000E+00  0.0000E+00
     15.953  0.3030E-01  0.2511E-01  0.2511E-01  0.2511E-01  0.0000E+00  0.0000E+00  0.0000E+00  0.0000E+00  0.0000E+00
     16.101  0.3107E-01  0.2649E-01  0.2649E-01  0.2649E-01  0.0000E+00  0.0000E+00  0.0000E+00  0.0000E+00  0.0000E+00
     16.249  0.3166E-01  0.2800E-01  0.2800E-01  0.2800E-01  0.0000E+00  0.0000E+00  0.0000E+00  0.0000E+00  0.0000E+00
     16.397  0.3217E-01  0.2950E-01  0.2950E-01  0.2950E-01  0.0000E+00  0.0000E+00  0.0000E+00  0.0000E+00  0.0000E+00
     16.545  0.3278E-01  0.3113E-01  0.3113E-01  0.3113E-01  0.0000E+00  0.0000E+00  0.0000E+00  0.0000E+00  0.0000E+00
     16.694  0.3337E-01  0.3286E-01  0.3286E-01  0.3286E-01  0.0000E+00  0.0000E+00  0.0000E+00  0.0000E+00  0.0000E+00
     16.842  0.3399E-01  0.3470E-01  0.3470E-01  0.3470E-01  0.0000E+00  0.0000E+00  0.0000E+00  0.0000E+00  0.0000E+00
     16.990  0.3459E-01  0.3670E-01  0.3670E-01  0.3670E-01  0.0000E+00  0.0000E+00  0.0000E+00  0.0000E+00  0.0000E+00
     17.138  0.3518E-01  0.3877E-01  0.3877E-01  0.3877E-01  0.0000E+00  0.0000E+00  0.0000E+00  0.0000E+00  0.0000E+00
     17.286  0.3581E-01  0.4106E-01  0.4106E-01  0.4106E-01  0.0000E+00  0.0000E+00  0.0000E+00  0.0000E+00  0.0000E+00
     17.434  0.3663E-01  0.4358E-01  0.4358E-01  0.4358E-01  0.0000E+00  0.0000E+00  0.0000E+00  0.0000E+00  0.0000E+00
     17.582  0.3753E-01  0.4643E-01  0.4643E-01  0.4643E-01  0.0000E+00  0.0000E+00  0.0000E+00  0.0000E+00  0.0000E+00
     17.731  0.3867E-01  0.4985E-01  0.4985E-01  0.4985E-01  0.0000E+00  0.0000E+00  0.0000E+00  0.0000E+00  0.0000E+00
     17.879  0.4004E-01  0.5372E-01  0.5372E-01  0.5372E-01  0.0000E+00  0.0000E+00  0.0000E+00  0.0000E+00  0.0000E+00
     18.027  0.4171E-01  0.5921E-01  0.5921E-01  0.5921E-01  0.0000E+00  0.0000E+00  0.0000E+00  0.0000E+00  0.0000E+00
     18.175  0.4520E-01  0.7013E-01  0.7013E-01  0.7013E-01  0.0000E+00  0.0000E+00  0.0000E+00  0.0000E+00  0.0000E+00
     18.323  0.4927E-01  0.7999E-01  0.7999E-01  0.7999E-01  0.0000E+00  0.0000E+00  0.0000E+00  0.0000E+00  0.0000E+00
     18.471  0.5213E-01  0.7429E-01  0.7429E-01  0.7429E-01  0.0000E+00  0.0000E+00  0.0000E+00  0.0000E+00  0.0000E+00
     18.619  0.6666E-01  0.7055E-01  0.7055E-01  0.7055E-01  0.0000E+00  0.0000E+00  0.0000E+00  0.0000E+00  0.0000E+00
     18.767  0.8622E-01  0.7012E-01  0.7012E-01  0.7012E-01  0.0000E+00  0.0000E+00  0.0000E+00  0.0000E+00  0.0000E+00
     18.916  0.7188E-01  0.6009E-01  0.6009E-01  0.6009E-01  0.0000E+00  0.0000E+00  0.0000E+00  0.0000E+00  0.0000E+00
     19.064  0.6596E-01  0.5856E-01  0.5856E-01  0.5856E-01  0.0000E+00  0.0000E+00  0.0000E+00  0.0000E+00  0.0000E+00
     19.212  0.6288E-01  0.5648E-01  0.5648E-01  0.5648E-01  0.0000E+00  0.0000E+00  0.0000E+00  0.0000E+00  0.0000E+00
     19.360  0.5687E-01  0.5422E-01  0.5422E-01  0.5422E-01  0.0000E+00  0.0000E+00  0.0000E+00  0.0000E+00  0.0000E+00
     19.508  0.5661E-01  0.5455E-01  0.5455E-01  0.5455E-01  0.0000E+00  0.0000E+00  0.0000E+00  0.0000E+00  0.0000E+00
     19.656  0.5374E-01  0.5339E-01  0.5339E-01  0.5339E-01  0.0000E+00  0.0000E+00  0.0000E+00  0.0000E+00  0.0000E+00
     19.804  0.5002E-01  0.5302E-01  0.5302E-01  0.5302E-01  0.0000E+00  0.0000E+00  0.0000E+00  0.0000E+00  0.0000E+00
     19.953  0.4955E-01  0.5411E-01  0.5411E-01  0.5411E-01  0.0000E+00  0.0000E+00  0.0000E+00  0.0000E+00  0.0000E+00
     20.101  0.4739E-01  0.5466E-01  0.5466E-01  0.5466E-01  0.0000E+00  0.0000E+00  0.0000E+00  0.0000E+00  0.0000E+00
     20.249  0.4562E-01  0.5398E-01  0.5398E-01  0.5398E-01  0.0000E+00  0.0000E+00  0.0000E+00  0.0000E+00  0.0000E+00
     20.397  0.4257E-01  0.5226E-01  0.5226E-01  0.5226E-01  0.0000E+00  0.0000E+00  0.0000E+00  0.0000E+00  0.0000E+00
     20.545  0.4146E-01  0.5178E-01  0.5178E-01  0.5178E-01  0.0000E+00  0.0000E+00  0.0000E+00  0.0000E+00  0.0000E+00
     20.693  0.4176E-01  0.5093E-01  0.5093E-01  0.5093E-01  0.0000E+00  0.0000E+00  0.0000E+00  0.0000E+00  0.0000E+00
     20.841  0.4109E-01  0.4831E-01  0.4831E-01  0.4831E-01  0.0000E+00  0.0000E+00  0.0000E+00  0.0000E+00  0.0000E+00
     20.990  0.3367E-01  0.4292E-01  0.4292E-01  0.4292E-01  0.0000E+00  0.0000E+00  0.0000E+00  0.0000E+00  0.0000E+00
     21.138  0.2973E-01  0.4019E-01  0.4019E-01  0.4019E-01  0.0000E+00  0.0000E+00  0.0000E+00  0.0000E+00  0.0000E+00
     21.286  0.3222E-01  0.4132E-01  0.4132E-01  0.4132E-01  0.0000E+00  0.0000E+00  0.0000E+00  0.0000E+00  0.0000E+00
     21.434  0.3992E-01  0.4489E-01  0.4489E-01  0.4489E-01  0.0000E+00  0.0000E+00  0.0000E+00  0.0000E+00  0.0000E+00
     21.582  0.4451E-01  0.4431E-01  0.4431E-01  0.4431E-01  0.0000E+00  0.0000E+00  0.0000E+00  0.0000E+00  0.0000E+00
     21.730  0.4456E-01  0.4335E-01  0.4335E-01  0.4335E-01  0.0000E+00  0.0000E+00  0.0000E+00  0.0000E+00  0.0000E+00
     21.878  0.4863E-01  0.4461E-01  0.4461E-01  0.4461E-01  0.0000E+00  0.0000E+00  0.0000E+00  0.0000E+00  0.0000E+00
     22.026  0.5298E-01  0.4790E-01  0.4790E-01  0.4790E-01  0.0000E+00  0.0000E+00  0.0000E+00  0.0000E+00  0.0000E+00
     22.175  0.5408E-01  0.4911E-01  0.4911E-01  0.4911E-01  0.0000E+00  0.0000E+00  0.0000E+00  0.0000E+00  0.0000E+00
     22.323  0.5608E-01  0.5047E-01  0.5047E-01  0.5047E-01  0.0000E+00  0.0000E+00  0.0000E+00  0.0000E+00  0.0000E+00
     22.471  0.5536E-01  0.5067E-01  0.5067E-01  0.5067E-01  0.0000E+00  0.0000E+00  0.0000E+00  0.0000E+00  0.0000E+00
     22.619  0.5546E-01  0.5068E-01  0.5068E-01  0.5068E-01  0.0000E+00  0.0000E+00  0.0000E+00  0.0000E+00  0.0000E+00
     22.767  0.5866E-01  0.5419E-01  0.5419E-01  0.5419E-01  0.0000E+00  0.0000E+00  0.0000E+00  0.0000E+00  0.0000E+00
     22.915  0.5517E-01  0.5310E-01  0.5310E-01  0.5310E-01  0.0000E+00  0.0000E+00  0.0000E+00  0.0000E+00  0.0000E+00
     23.063  0.5703E-01  0.5594E-01  0.5594E-01  0.5594E-01  0.0000E+00  0.0000E+00  0.0000E+00  0.0000E+00  0.0000E+00
     23.212  0.5805E-01  0.5442E-01  0.5442E-01  0.5442E-01  0.0000E+00  0.0000E+00  0.0000E+00  0.0000E+00  0.0000E+00
     23.360  0.6918E-01  0.5859E-01  0.5859E-01  0.5859E-01  0.0000E+00  0.0000E+00  0.0000E+00  0.0000E+00  0.0000E+00
     23.508  0.1002E+00  0.5971E-01  0.5971E-01  0.5971E-01  0.0000E+00  0.0000E+00  0.0000E+00  0.0000E+00  0.0000E+00
     23.656  0.1051E+00  0.6288E-01  0.6288E-01  0.6288E-01  0.0000E+00  0.0000E+00  0.0000E+00  0.0000E+00  0.0000E+00
     23.804  0.9809E-01  0.6578E-01  0.6578E-01  0.6578E-01  0.0000E+00  0.0000E+00  0.0000E+00  0.0000E+00  0.0000E+00
     23.952  0.9897E-01  0.7052E-01  0.7052E-01  0.7052E-01  0.0000E+00  0.0000E+00  0.0000E+00  0.0000E+00  0.0000E+00
     24.100  0.6591E-01  0.6217E-01  0.6217E-01  0.6217E-01  0.0000E+00  0.0000E+00  0.0000E+00  0.0000E+00  0.0000E+00
     24.248  0.5221E-01  0.5996E-01  0.5996E-01  0.5996E-01  0.0000E+00  0.0000E+00  0.0000E+00  0.0000E+00  0.0000E+00
     24.397  0.4613E-01  0.6245E-01  0.6245E-01  0.6245E-01  0.0000E+00  0.0000E+00  0.0000E+00  0.0000E+00  0.0000E+00
     24.545  0.4235E-01  0.6451E-01  0.6451E-01  0.6451E-01  0.0000E+00  0.0000E+00  0.0000E+00  0.0000E+00  0.0000E+00
     24.693  0.4549E-01  0.7648E-01  0.7648E-01  0.7648E-01  0.0000E+00  0.0000E+00  0.0000E+00  0.0000E+00  0.0000E+00
     24.841  0.4729E-01  0.8604E-01  0.8604E-01  0.8604E-01  0.0000E+00  0.0000E+00  0.0000E+00  0.0000E+00  0.0000E+00
     24.989  0.4306E-01  0.8342E-01  0.8342E-01  0.8342E-01  0.0000E+00  0.0000E+00  0.0000E+00  0.0000E+00  0.0000E+00
     25.137  0.3497E-01  0.7426E-01  0.7426E-01  0.7426E-01  0.0000E+00  0.0000E+00  0.0000E+00  0.0000E+00  0.0000E+00
     25.285  0.2949E-01  0.6927E-01  0.6927E-01  0.6927E-01  0.0000E+00  0.0000E+00  0.0000E+00  0.0000E+00  0.0000E+00
     25.434  0.2522E-01  0.6660E-01  0.6660E-01  0.6660E-01  0.0000E+00  0.0000E+00  0.0000E+00  0.0000E+00  0.0000E+00
     25.582  0.2109E-01  0.6329E-01  0.6329E-01  0.6329E-01  0.0000E+00  0.0000E+00  0.0000E+00  0.0000E+00  0.0000E+00
     25.730  0.1768E-01  0.6016E-01  0.6016E-01  0.6016E-01  0.0000E+00  0.0000E+00  0.0000E+00  0.0000E+00  0.0000E+00
     25.878  0.1447E-01  0.5773E-01  0.5773E-01  0.5773E-01  0.0000E+00  0.0000E+00  0.0000E+00  0.0000E+00  0.0000E+00
     26.026  0.1135E-01  0.5587E-01  0.5587E-01  0.5587E-01  0.0000E+00  0.0000E+00  0.0000E+00  0.0000E+00  0.0000E+00
     26.174  0.8894E-02  0.5843E-01  0.5843E-01  0.5843E-01  0.0000E+00  0.0000E+00  0.0000E+00  0.0000E+00  0.0000E+00
     26.322  0.5308E-02  0.3818E-01  0.3818E-01  0.3818E-01  0.0000E+00  0.0000E+00  0.0000E+00  0.0000E+00  0.0000E+00
     26.470  0.3790E-02  0.2595E-01  0.2595E-01  0.2595E-01  0.0000E+00  0.0000E+00  0.0000E+00  0.0000E+00  0.0000E+00
     26.619  0.2887E-02  0.2341E-01  0.2341E-01  0.2341E-01  0.0000E+00  0.0000E+00  0.0000E+00  0.0000E+00  0.0000E+00
     26.767  0.2128E-02  0.2074E-01  0.2074E-01  0.2074E-01  0.0000E+00  0.0000E+00  0.0000E+00  0.0000E+00  0.0000E+00
     26.915  0.1423E-02  0.1833E-01  0.1833E-01  0.1833E-01  0.0000E+00  0.0000E+00  0.0000E+00  0.0000E+00  0.0000E+00
     27.063  0.8482E-03  0.1475E-01  0.1475E-01  0.1475E-01  0.0000E+00  0.0000E+00  0.0000E+00  0.0000E+00  0.0000E+00
     27.211  0.3794E-03  0.1120E-01  0.1120E-01  0.1120E-01  0.0000E+00  0.0000E+00  0.0000E+00  0.0000E+00  0.0000E+00
     27.359  0.1133E-03  0.7127E-02  0.7127E-02  0.7127E-02  0.0000E+00  0.0000E+00  0.0000E+00  0.0000E+00  0.0000E+00
     27.507  0.1491E-05  0.3156E-03  0.3156E-03  0.3156E-03  0.0000E+00  0.0000E+00  0.0000E+00  0.0000E+00  0.0000E+00
     27.656  0.0000E+00  0.0000E+00  0.0000E+00  0.0000E+00  0.0000E+00  0.0000E+00  0.0000E+00  0.0000E+00  0.0000E+00
     27.804  0.0000E+00  0.0000E+00  0.0000E+00  0.0000E+00  0.0000E+00  0.0000E+00  0.0000E+00  0.0000E+00  0.0000E+00
     27.952  0.0000E+00  0.0000E+00  0.0000E+00  0.0000E+00  0.0000E+00  0.0000E+00  0.0000E+00  0.0000E+00  0.0000E+00
     28.100  0.0000E+00  0.0000E+00  0.0000E+00  0.0000E+00  0.0000E+00  0.0000E+00  0.0000E+00  0.0000E+00  0.0000E+00
     28.248  0.0000E+00  0.0000E+00  0.0000E+00  0.0000E+00  0.0000E+00  0.0000E+00  0.0000E+00  0.0000E+00  0.0000E+00
     28.396  0.0000E+00  0.0000E+00  0.0000E+00  0.0000E+00  0.0000E+00  0.0000E+00  0.0000E+00  0.0000E+00  0.0000E+00
     28.544  0.0000E+00  0.0000E+00  0.0000E+00  0.0000E+00  0.0000E+00  0.0000E+00  0.0000E+00  0.0000E+00  0.0000E+00
     28.692  0.0000E+00  0.0000E+00  0.0000E+00  0.0000E+00  0.0000E+00  0.0000E+00  0.0000E+00  0.0000E+00  0.0000E+00
     28.841  0.0000E+00  0.0000E+00  0.0000E+00  0.0000E+00  0.0000E+00  0.0000E+00  0.0000E+00  0.0000E+00  0.0000E+00
     28.989  0.0000E+00  0.0000E+00  0.0000E+00  0.0000E+00  0.0000E+00  0.0000E+00  0.0000E+00  0.0000E+00  0.0000E+00
     29.137  0.0000E+00  0.0000E+00  0.0000E+00  0.0000E+00  0.0000E+00  0.0000E+00  0.0000E+00  0.0000E+00  0.0000E+00
     29.285  0.0000E+00  0.0000E+00  0.0000E+00  0.0000E+00  0.0000E+00  0.0000E+00  0.0000E+00  0.0000E+00  0.0000E+00
     29.433  0.0000E+00  0.0000E+00  0.0000E+00  0.0000E+00  0.0000E+00  0.0000E+00  0.0000E+00  0.0000E+00  0.0000E+00
