   2   2   1   0
  0.6607630E+01  0.2653772E-09  0.2653772E-09  0.2653772E-09  0.5000000E-15
  1.000000000000000E-004
  CAR 
 C                                       
     25.16438423    -15.07738727  301     11.59246667      1.00000000
    -15.077  0.0000E+00  0.0000E+00
    -14.943  0.0000E+00  0.0000E+00
    -14.809  0.0000E+00  0.0000E+00
    -14.675  0.0000E+00  0.0000E+00
    -14.541  0.0000E+00  0.0000E+00
    -14.407  0.0000E+00  0.0000E+00
    -14.273  0.0000E+00  0.0000E+00
    -14.138  0.0000E+00  0.0000E+00
    -14.004  0.0000E+00  0.0000E+00
    -13.870  0.0000E+00  0.0000E+00
    -13.736  0.0000E+00  0.0000E+00
    -13.602  0.0000E+00  0.0000E+00
    -13.468  0.0000E+00  0.0000E+00
    -13.334  0.0000E+00  0.0000E+00
    -13.199  0.0000E+00  0.0000E+00
    -13.065  0.7597E-02  0.3061E-04
    -12.931  0.6240E-01  0.4306E-02
    -12.797  0.7739E-01  0.1180E-01
    -12.663  0.7902E-01  0.2148E-01
    -12.529  0.9122E-01  0.3295E-01
    -12.395  0.1023E+00  0.4597E-01
    -12.260  0.1128E+00  0.6039E-01
    -12.126  0.1216E+00  0.7609E-01
    -11.992  0.1304E+00  0.9302E-01
    -11.858  0.1388E+00  0.1111E+00
    -11.724  0.1465E+00  0.1302E+00
    -11.590  0.1544E+00  0.1504E+00
    -11.456  0.1615E+00  0.1716E+00
    -11.321  0.1689E+00  0.1938E+00
    -11.187  0.1757E+00  0.2169E+00
    -11.053  0.1826E+00  0.2409E+00
    -10.919  0.1894E+00  0.2659E+00
    -10.785  0.1959E+00  0.2917E+00
    -10.651  0.2028E+00  0.3185E+00
    -10.517  0.2090E+00  0.3461E+00
    -10.383  0.2156E+00  0.3746E+00
    -10.248  0.2221E+00  0.4039E+00
    -10.114  0.2285E+00  0.4341E+00
     -9.980  0.2352E+00  0.4652E+00
     -9.846  0.2417E+00  0.4972E+00
     -9.712  0.2484E+00  0.5301E+00
     -9.578  0.2553E+00  0.5639E+00
     -9.444  0.2623E+00  0.5986E+00
     -9.309  0.2695E+00  0.6343E+00
     -9.175  0.2770E+00  0.6709E+00
     -9.041  0.2849E+00  0.7086E+00
     -8.907  0.2933E+00  0.7474E+00
     -8.773  0.3023E+00  0.7873E+00
     -8.639  0.3122E+00  0.8285E+00
     -8.505  0.3234E+00  0.8711E+00
     -8.370  0.3365E+00  0.9154E+00
     -8.236  0.3528E+00  0.9615E+00
     -8.102  0.3761E+00  0.1010E+01
     -7.968  0.4319E+00  0.1064E+01
     -7.834  0.4479E+00  0.1122E+01
     -7.700  0.4149E+00  0.1178E+01
     -7.566  0.4051E+00  0.1233E+01
     -7.431  0.3914E+00  0.1287E+01
     -7.297  0.3827E+00  0.1339E+01
     -7.163  0.3689E+00  0.1389E+01
     -7.029  0.3564E+00  0.1438E+01
     -6.895  0.3471E+00  0.1485E+01
     -6.761  0.3341E+00  0.1530E+01
     -6.627  0.3231E+00  0.1575E+01
     -6.492  0.3114E+00  0.1617E+01
     -6.358  0.2990E+00  0.1658E+01
     -6.224  0.2870E+00  0.1697E+01
     -6.090  0.2753E+00  0.1735E+01
     -5.956  0.2621E+00  0.1771E+01
     -5.822  0.2498E+00  0.1805E+01
     -5.688  0.2359E+00  0.1838E+01
     -5.554  0.2226E+00  0.1869E+01
     -5.419  0.2084E+00  0.1898E+01
     -5.285  0.1959E+00  0.1925E+01
     -5.151  0.1919E+00  0.1950E+01
     -5.017  0.1467E+00  0.1974E+01
     -4.883  0.8273E-01  0.1989E+01
     -4.749  0.9993E-01  0.1998E+01
     -4.615  0.1491E+00  0.2015E+01
     -4.480  0.1926E+00  0.2036E+01
     -4.346  0.2434E+00  0.2065E+01
     -4.212  0.3116E+00  0.2102E+01
     -4.078  0.3785E+00  0.2148E+01
     -3.944  0.4384E+00  0.2202E+01
     -3.810  0.5284E+00  0.2267E+01
     -3.676  0.6755E+00  0.2346E+01
     -3.541  0.9329E+00  0.2457E+01
     -3.407  0.6203E+00  0.2555E+01
     -3.273  0.5297E+00  0.2632E+01
     -3.139  0.4782E+00  0.2699E+01
     -3.005  0.4389E+00  0.2760E+01
     -2.871  0.4089E+00  0.2817E+01
     -2.737  0.3846E+00  0.2870E+01
     -2.602  0.3610E+00  0.2920E+01
     -2.468  0.3444E+00  0.2967E+01
     -2.334  0.3243E+00  0.3012E+01
     -2.200  0.3111E+00  0.3055E+01
     -2.066  0.2977E+00  0.3096E+01
     -1.932  0.2820E+00  0.3135E+01
     -1.798  0.2724E+00  0.3172E+01
     -1.663  0.2609E+00  0.3208E+01
     -1.529  0.2485E+00  0.3242E+01
     -1.395  0.2403E+00  0.3274E+01
     -1.261  0.2304E+00  0.3306E+01
     -1.127  0.2199E+00  0.3336E+01
     -0.993  0.2133E+00  0.3365E+01
     -0.859  0.2207E+00  0.3393E+01
     -0.724  0.3505E+00  0.3432E+01
     -0.590  0.3975E+00  0.3481E+01
     -0.456  0.4557E+00  0.3537E+01
     -0.322  0.5311E+00  0.3603E+01
     -0.188  0.6341E+00  0.3683E+01
     -0.054  0.5943E+00  0.3764E+01
      0.080  0.5723E+00  0.3843E+01
      0.214  0.5549E+00  0.3918E+01
      0.349  0.5452E+00  0.3992E+01
      0.483  0.5575E+00  0.4066E+01
      0.617  0.5597E+00  0.4141E+01
      0.751  0.5709E+00  0.4217E+01
      0.885  0.5837E+00  0.4295E+01
      1.019  0.5944E+00  0.4373E+01
      1.153  0.6123E+00  0.4454E+01
      1.288  0.6325E+00  0.4538E+01
      1.422  0.6647E+00  0.4624E+01
      1.556  0.6817E+00  0.4714E+01
      1.690  0.7287E+00  0.4808E+01
      1.824  0.8223E+00  0.4909E+01
      1.958  0.8821E+00  0.5024E+01
      2.092  0.8604E+00  0.5138E+01
      2.227  0.8408E+00  0.5251E+01
      2.361  0.8337E+00  0.5364E+01
      2.495  0.8216E+00  0.5475E+01
      2.629  0.8151E+00  0.5584E+01
      2.763  0.8034E+00  0.5693E+01
      2.897  0.7960E+00  0.5800E+01
      3.031  0.7890E+00  0.5906E+01
      3.166  0.7808E+00  0.6012E+01
      3.300  0.7695E+00  0.6116E+01
      3.434  0.7631E+00  0.6218E+01
      3.568  0.7575E+00  0.6320E+01
      3.702  0.7475E+00  0.6421E+01
      3.836  0.7397E+00  0.6521E+01
      3.970  0.7324E+00  0.6620E+01
      4.105  0.7263E+00  0.6718E+01
      4.239  0.7161E+00  0.6814E+01
      4.373  0.7088E+00  0.6910E+01
      4.507  0.7029E+00  0.7005E+01
      4.641  0.6946E+00  0.7098E+01
      4.775  0.6881E+00  0.7191E+01
      4.909  0.6773E+00  0.7283E+01
      5.043  0.6290E+00  0.7372E+01
      5.178  0.5147E+00  0.7447E+01
      5.312  0.4673E+00  0.7512E+01
      5.446  0.4096E+00  0.7570E+01
      5.580  0.3722E+00  0.7622E+01
      5.714  0.3408E+00  0.7670E+01
      5.848  0.3109E+00  0.7713E+01
      5.982  0.2823E+00  0.7753E+01
      6.117  0.2575E+00  0.7789E+01
      6.251  0.2353E+00  0.7822E+01
      6.385  0.2126E+00  0.7852E+01
      6.519  0.1915E+00  0.7880E+01
      6.653  0.1722E+00  0.7904E+01
      6.787  0.1522E+00  0.7926E+01
      6.921  0.1338E+00  0.7945E+01
      7.056  0.1142E+00  0.7961E+01
      7.190  0.9482E-01  0.7975E+01
      7.324  0.7616E-01  0.7987E+01
      7.458  0.5002E-01  0.7995E+01
      7.592  0.1950E-01  0.8000E+01
      7.726  0.0000E+00  0.8000E+01
      7.860  0.0000E+00  0.8000E+01
      7.995  0.0000E+00  0.8000E+01
      8.129  0.0000E+00  0.8000E+01
      8.263  0.0000E+00  0.8000E+01
      8.397  0.0000E+00  0.8000E+01
      8.531  0.0000E+00  0.8000E+01
      8.665  0.0000E+00  0.8000E+01
      8.799  0.0000E+00  0.8000E+01
      8.934  0.0000E+00  0.8000E+01
      9.068  0.0000E+00  0.8000E+01
      9.202  0.0000E+00  0.8000E+01
      9.336  0.0000E+00  0.8000E+01
      9.470  0.0000E+00  0.8000E+01
      9.604  0.0000E+00  0.8000E+01
      9.738  0.0000E+00  0.8000E+01
      9.873  0.0000E+00  0.8000E+01
     10.007  0.0000E+00  0.8000E+01
     10.141  0.0000E+00  0.8000E+01
     10.275  0.0000E+00  0.8000E+01
     10.409  0.0000E+00  0.8000E+01
     10.543  0.0000E+00  0.8000E+01
     10.677  0.0000E+00  0.8000E+01
     10.811  0.0000E+00  0.8000E+01
     10.946  0.0000E+00  0.8000E+01
     11.080  0.0000E+00  0.8000E+01
     11.214  0.0000E+00  0.8000E+01
     11.348  0.0000E+00  0.8000E+01
     11.482  0.0000E+00  0.8000E+01
     11.616  0.1029E-01  0.8000E+01
     11.750  0.7986E-01  0.8007E+01
     11.885  0.1096E+00  0.8019E+01
     12.019  0.1397E+00  0.8035E+01
     12.153  0.1734E+00  0.8056E+01
     12.287  0.2162E+00  0.8082E+01
     12.421  0.2574E+00  0.8114E+01
     12.555  0.2938E+00  0.8151E+01
     12.689  0.3300E+00  0.8193E+01
     12.824  0.3655E+00  0.8239E+01
     12.958  0.4143E+00  0.8291E+01
     13.092  0.4685E+00  0.8350E+01
     13.226  0.4835E+00  0.8414E+01
     13.360  0.5059E+00  0.8480E+01
     13.494  0.5306E+00  0.8550E+01
     13.628  0.5550E+00  0.8622E+01
     13.763  0.5815E+00  0.8699E+01
     13.897  0.6066E+00  0.8778E+01
     14.031  0.6354E+00  0.8862E+01
     14.165  0.6667E+00  0.8949E+01
     14.299  0.7028E+00  0.9041E+01
     14.433  0.7462E+00  0.9138E+01
     14.567  0.8013E+00  0.9241E+01
     14.702  0.9289E+00  0.9355E+01
     14.836  0.1123E+01  0.9495E+01
     14.970  0.1169E+01  0.9646E+01
     15.104  0.1149E+01  0.9799E+01
     15.238  0.1148E+01  0.9951E+01
     15.372  0.1199E+01  0.1010E+02
     15.506  0.1048E+01  0.1025E+02
     15.640  0.1009E+01  0.1039E+02
     15.775  0.1332E+01  0.1054E+02
     15.909  0.1151E+01  0.1070E+02
     16.043  0.1013E+01  0.1084E+02
     16.177  0.9795E+00  0.1098E+02
     16.311  0.9121E+00  0.1110E+02
     16.445  0.9049E+00  0.1123E+02
     16.579  0.8706E+00  0.1135E+02
     16.714  0.8602E+00  0.1146E+02
     16.848  0.8585E+00  0.1158E+02
     16.982  0.8490E+00  0.1169E+02
     17.116  0.8644E+00  0.1180E+02
     17.250  0.1010E+01  0.1193E+02
     17.384  0.8545E+00  0.1205E+02
     17.518  0.7013E+00  0.1216E+02
     17.653  0.6399E+00  0.1224E+02
     17.787  0.6079E+00  0.1233E+02
     17.921  0.6547E+00  0.1241E+02
     18.055  0.7404E+00  0.1250E+02
     18.189  0.8275E+00  0.1261E+02
     18.323  0.8470E+00  0.1272E+02
     18.457  0.8428E+00  0.1283E+02
     18.592  0.8979E+00  0.1295E+02
     18.726  0.8571E+00  0.1307E+02
     18.860  0.8703E+00  0.1319E+02
     18.994  0.8640E+00  0.1330E+02
     19.128  0.8355E+00  0.1342E+02
     19.262  0.8621E+00  0.1353E+02
     19.396  0.8659E+00  0.1365E+02
     19.531  0.8353E+00  0.1376E+02
     19.665  0.8491E+00  0.1387E+02
     19.799  0.8412E+00  0.1399E+02
     19.933  0.8571E+00  0.1410E+02
     20.067  0.8177E+00  0.1421E+02
     20.201  0.6985E+00  0.1431E+02
     20.335  0.7010E+00  0.1441E+02
     20.470  0.6822E+00  0.1450E+02
     20.604  0.7417E+00  0.1459E+02
     20.738  0.8557E+00  0.1470E+02
     20.872  0.1046E+01  0.1482E+02
     21.006  0.1079E+01  0.1497E+02
     21.140  0.8543E+00  0.1509E+02
     21.274  0.7705E+00  0.1520E+02
     21.408  0.7205E+00  0.1530E+02
     21.543  0.6593E+00  0.1540E+02
     21.677  0.6156E+00  0.1548E+02
     21.811  0.5729E+00  0.1556E+02
     21.945  0.5364E+00  0.1563E+02
     22.079  0.4927E+00  0.1570E+02
     22.213  0.4512E+00  0.1577E+02
     22.347  0.4174E+00  0.1583E+02
     22.482  0.3703E+00  0.1588E+02
     22.616  0.3217E+00  0.1592E+02
     22.750  0.1987E+00  0.1596E+02
     22.884  0.1227E+00  0.1598E+02
     23.018  0.8724E-01  0.1599E+02
     23.152  0.2674E-01  0.1600E+02
     23.286  0.1177E-02  0.1600E+02
     23.421  0.0000E+00  0.1600E+02
     23.555  0.0000E+00  0.1600E+02
     23.689  0.0000E+00  0.1600E+02
     23.823  0.0000E+00  0.1600E+02
     23.957  0.0000E+00  0.1600E+02
     24.091  0.0000E+00  0.1600E+02
     24.225  0.0000E+00  0.1600E+02
     24.360  0.0000E+00  0.1600E+02
     24.494  0.0000E+00  0.1600E+02
     24.628  0.0000E+00  0.1600E+02
     24.762  0.0000E+00  0.1600E+02
     24.896  0.0000E+00  0.1600E+02
     25.030  0.0000E+00  0.1600E+02
     25.164  0.0000E+00  0.1600E+02
     25.16438423    -15.07738727  301     11.59246667      1.00000000
    -15.077  0.0000E+00  0.0000E+00  0.0000E+00  0.0000E+00  0.0000E+00  0.0000E+00  0.0000E+00  0.0000E+00  0.0000E+00
    -14.943  0.0000E+00  0.0000E+00  0.0000E+00  0.0000E+00  0.0000E+00  0.0000E+00  0.0000E+00  0.0000E+00  0.0000E+00
    -14.809  0.0000E+00  0.0000E+00  0.0000E+00  0.0000E+00  0.0000E+00  0.0000E+00  0.0000E+00  0.0000E+00  0.0000E+00
    -14.675  0.0000E+00  0.0000E+00  0.0000E+00  0.0000E+00  0.0000E+00  0.0000E+00  0.0000E+00  0.0000E+00  0.0000E+00
    -14.541  0.0000E+00  0.0000E+00  0.0000E+00  0.0000E+00  0.0000E+00  0.0000E+00  0.0000E+00  0.0000E+00  0.0000E+00
    -14.407  0.0000E+00  0.0000E+00  0.0000E+00  0.0000E+00  0.0000E+00  0.0000E+00  0.0000E+00  0.0000E+00  0.0000E+00
    -14.273  0.0000E+00  0.0000E+00  0.0000E+00  0.0000E+00  0.0000E+00  0.0000E+00  0.0000E+00  0.0000E+00  0.0000E+00
    -14.138  0.0000E+00  0.0000E+00  0.0000E+00  0.0000E+00  0.0000E+00  0.0000E+00  0.0000E+00  0.0000E+00  0.0000E+00
    -14.004  0.0000E+00  0.0000E+00  0.0000E+00  0.0000E+00  0.0000E+00  0.0000E+00  0.0000E+00  0.0000E+00  0.0000E+00
    -13.870  0.0000E+00  0.0000E+00  0.0000E+00  0.0000E+00  0.0000E+00  0.0000E+00  0.0000E+00  0.0000E+00  0.0000E+00
    -13.736  0.0000E+00  0.0000E+00  0.0000E+00  0.0000E+00  0.0000E+00  0.0000E+00  0.0000E+00  0.0000E+00  0.0000E+00
    -13.602  0.0000E+00  0.0000E+00  0.0000E+00  0.0000E+00  0.0000E+00  0.0000E+00  0.0000E+00  0.0000E+00  0.0000E+00
    -13.468  0.0000E+00  0.0000E+00  0.0000E+00  0.0000E+00  0.0000E+00  0.0000E+00  0.0000E+00  0.0000E+00  0.0000E+00
    -13.334  0.0000E+00  0.0000E+00  0.0000E+00  0.0000E+00  0.0000E+00  0.0000E+00  0.0000E+00  0.0000E+00  0.0000E+00
    -13.199  0.0000E+00  0.0000E+00  0.0000E+00  0.0000E+00  0.0000E+00  0.0000E+00  0.0000E+00  0.0000E+00  0.0000E+00
    -13.065  0.1989E-02  0.4536E-06  0.4536E-06  0.4536E-06  0.0000E+00  0.0000E+00  0.0000E+00  0.0000E+00  0.0000E+00
    -12.931  0.1629E-01  0.3034E-04  0.3034E-04  0.3034E-04  0.0000E+00  0.0000E+00  0.0000E+00  0.0000E+00  0.0000E+00
    -12.797  0.2013E-01  0.7961E-04  0.7961E-04  0.7961E-04  0.0000E+00  0.0000E+00  0.0000E+00  0.0000E+00  0.0000E+00
    -12.663  0.2047E-01  0.1239E-03  0.1239E-03  0.1239E-03  0.0000E+00  0.0000E+00  0.0000E+00  0.0000E+00  0.0000E+00
    -12.529  0.2355E-01  0.1888E-03  0.1888E-03  0.1888E-03  0.0000E+00  0.0000E+00  0.0000E+00  0.0000E+00  0.0000E+00
    -12.395  0.2632E-01  0.2618E-03  0.2618E-03  0.2618E-03  0.0000E+00  0.0000E+00  0.0000E+00  0.0000E+00  0.0000E+00
    -12.260  0.2894E-01  0.3409E-03  0.3409E-03  0.3409E-03  0.0000E+00  0.0000E+00  0.0000E+00  0.0000E+00  0.0000E+00
    -12.126  0.3108E-01  0.4300E-03  0.4300E-03  0.4300E-03  0.0000E+00  0.0000E+00  0.0000E+00  0.0000E+00  0.0000E+00
    -11.992  0.3322E-01  0.5239E-03  0.5239E-03  0.5239E-03  0.0000E+00  0.0000E+00  0.0000E+00  0.0000E+00  0.0000E+00
    -11.858  0.3525E-01  0.6231E-03  0.6231E-03  0.6231E-03  0.0000E+00  0.0000E+00  0.0000E+00  0.0000E+00  0.0000E+00
    -11.724  0.3710E-01  0.7297E-03  0.7297E-03  0.7297E-03  0.0000E+00  0.0000E+00  0.0000E+00  0.0000E+00  0.0000E+00
    -11.590  0.3897E-01  0.8392E-03  0.8392E-03  0.8392E-03  0.0000E+00  0.0000E+00  0.0000E+00  0.0000E+00  0.0000E+00
    -11.456  0.4065E-01  0.9569E-03  0.9569E-03  0.9569E-03  0.0000E+00  0.0000E+00  0.0000E+00  0.0000E+00  0.0000E+00
    -11.321  0.4237E-01  0.1077E-02  0.1077E-02  0.1077E-02  0.0000E+00  0.0000E+00  0.0000E+00  0.0000E+00  0.0000E+00
    -11.187  0.4397E-01  0.1204E-02  0.1204E-02  0.1204E-02  0.0000E+00  0.0000E+00  0.0000E+00  0.0000E+00  0.0000E+00
    -11.053  0.4556E-01  0.1334E-02  0.1334E-02  0.1334E-02  0.0000E+00  0.0000E+00  0.0000E+00  0.0000E+00  0.0000E+00
    -10.919  0.4714E-01  0.1468E-02  0.1468E-02  0.1468E-02  0.0000E+00  0.0000E+00  0.0000E+00  0.0000E+00  0.0000E+00
    -10.785  0.4862E-01  0.1609E-02  0.1609E-02  0.1609E-02  0.0000E+00  0.0000E+00  0.0000E+00  0.0000E+00  0.0000E+00
    -10.651  0.5019E-01  0.1750E-02  0.1750E-02  0.1750E-02  0.0000E+00  0.0000E+00  0.0000E+00  0.0000E+00  0.0000E+00
    -10.517  0.5162E-01  0.1901E-02  0.1901E-02  0.1901E-02  0.0000E+00  0.0000E+00  0.0000E+00  0.0000E+00  0.0000E+00
    -10.383  0.5311E-01  0.2052E-02  0.2052E-02  0.2052E-02  0.0000E+00  0.0000E+00  0.0000E+00  0.0000E+00  0.0000E+00
    -10.248  0.5461E-01  0.2208E-02  0.2208E-02  0.2208E-02  0.0000E+00  0.0000E+00  0.0000E+00  0.0000E+00  0.0000E+00
    -10.114  0.5606E-01  0.2370E-02  0.2370E-02  0.2370E-02  0.0000E+00  0.0000E+00  0.0000E+00  0.0000E+00  0.0000E+00
     -9.980  0.5759E-01  0.2533E-02  0.2533E-02  0.2533E-02  0.0000E+00  0.0000E+00  0.0000E+00  0.0000E+00  0.0000E+00
     -9.846  0.5910E-01  0.2703E-02  0.2703E-02  0.2703E-02  0.0000E+00  0.0000E+00  0.0000E+00  0.0000E+00  0.0000E+00
     -9.712  0.6063E-01  0.2877E-02  0.2877E-02  0.2877E-02  0.0000E+00  0.0000E+00  0.0000E+00  0.0000E+00  0.0000E+00
     -9.578  0.6225E-01  0.3052E-02  0.3052E-02  0.3052E-02  0.0000E+00  0.0000E+00  0.0000E+00  0.0000E+00  0.0000E+00
     -9.444  0.6387E-01  0.3237E-02  0.3237E-02  0.3237E-02  0.0000E+00  0.0000E+00  0.0000E+00  0.0000E+00  0.0000E+00
     -9.309  0.6556E-01  0.3425E-02  0.3425E-02  0.3425E-02  0.0000E+00  0.0000E+00  0.0000E+00  0.0000E+00  0.0000E+00
     -9.175  0.6738E-01  0.3614E-02  0.3614E-02  0.3614E-02  0.0000E+00  0.0000E+00  0.0000E+00  0.0000E+00  0.0000E+00
     -9.041  0.6927E-01  0.3815E-02  0.3815E-02  0.3815E-02  0.0000E+00  0.0000E+00  0.0000E+00  0.0000E+00  0.0000E+00
     -8.907  0.7131E-01  0.4021E-02  0.4021E-02  0.4021E-02  0.0000E+00  0.0000E+00  0.0000E+00  0.0000E+00  0.0000E+00
     -8.773  0.7356E-01  0.4231E-02  0.4231E-02  0.4231E-02  0.0000E+00  0.0000E+00  0.0000E+00  0.0000E+00  0.0000E+00
     -8.639  0.7606E-01  0.4455E-02  0.4455E-02  0.4455E-02  0.0000E+00  0.0000E+00  0.0000E+00  0.0000E+00  0.0000E+00
     -8.505  0.7892E-01  0.4694E-02  0.4694E-02  0.4694E-02  0.0000E+00  0.0000E+00  0.0000E+00  0.0000E+00  0.0000E+00
     -8.370  0.8235E-01  0.4946E-02  0.4946E-02  0.4946E-02  0.0000E+00  0.0000E+00  0.0000E+00  0.0000E+00  0.0000E+00
     -8.236  0.8667E-01  0.5231E-02  0.5231E-02  0.5231E-02  0.0000E+00  0.0000E+00  0.0000E+00  0.0000E+00  0.0000E+00
     -8.102  0.9296E-01  0.5585E-02  0.5585E-02  0.5585E-02  0.0000E+00  0.0000E+00  0.0000E+00  0.0000E+00  0.0000E+00
     -7.968  0.1083E+00  0.6230E-02  0.6230E-02  0.6230E-02  0.0000E+00  0.0000E+00  0.0000E+00  0.0000E+00  0.0000E+00
     -7.834  0.1126E+00  0.6536E-02  0.6536E-02  0.6536E-02  0.0000E+00  0.0000E+00  0.0000E+00  0.0000E+00  0.0000E+00
     -7.700  0.1036E+00  0.6380E-02  0.6380E-02  0.6380E-02  0.0000E+00  0.0000E+00  0.0000E+00  0.0000E+00  0.0000E+00
     -7.566  0.1009E+00  0.6433E-02  0.6433E-02  0.6433E-02  0.0000E+00  0.0000E+00  0.0000E+00  0.0000E+00  0.0000E+00
     -7.431  0.9713E-01  0.6416E-02  0.6416E-02  0.6416E-02  0.0000E+00  0.0000E+00  0.0000E+00  0.0000E+00  0.0000E+00
     -7.297  0.9475E-01  0.6474E-02  0.6474E-02  0.6474E-02  0.0000E+00  0.0000E+00  0.0000E+00  0.0000E+00  0.0000E+00
     -7.163  0.9102E-01  0.6439E-02  0.6439E-02  0.6439E-02  0.0000E+00  0.0000E+00  0.0000E+00  0.0000E+00  0.0000E+00
     -7.029  0.8764E-01  0.6407E-02  0.6407E-02  0.6407E-02  0.0000E+00  0.0000E+00  0.0000E+00  0.0000E+00  0.0000E+00
     -6.895  0.8515E-01  0.6417E-02  0.6417E-02  0.6417E-02  0.0000E+00  0.0000E+00  0.0000E+00  0.0000E+00  0.0000E+00
     -6.761  0.8170E-01  0.6358E-02  0.6358E-02  0.6358E-02  0.0000E+00  0.0000E+00  0.0000E+00  0.0000E+00  0.0000E+00
     -6.627  0.7878E-01  0.6311E-02  0.6311E-02  0.6311E-02  0.0000E+00  0.0000E+00  0.0000E+00  0.0000E+00  0.0000E+00
     -6.492  0.7568E-01  0.6253E-02  0.6253E-02  0.6253E-02  0.0000E+00  0.0000E+00  0.0000E+00  0.0000E+00  0.0000E+00
     -6.358  0.7244E-01  0.6164E-02  0.6164E-02  0.6164E-02  0.0000E+00  0.0000E+00  0.0000E+00  0.0000E+00  0.0000E+00
     -6.224  0.6930E-01  0.6070E-02  0.6070E-02  0.6070E-02  0.0000E+00  0.0000E+00  0.0000E+00  0.0000E+00  0.0000E+00
     -6.090  0.6627E-01  0.5971E-02  0.5971E-02  0.5971E-02  0.0000E+00  0.0000E+00  0.0000E+00  0.0000E+00  0.0000E+00
     -5.956  0.6286E-01  0.5833E-02  0.5833E-02  0.5833E-02  0.0000E+00  0.0000E+00  0.0000E+00  0.0000E+00  0.0000E+00
     -5.822  0.5971E-01  0.5698E-02  0.5698E-02  0.5698E-02  0.0000E+00  0.0000E+00  0.0000E+00  0.0000E+00  0.0000E+00
     -5.688  0.5615E-01  0.5521E-02  0.5521E-02  0.5521E-02  0.0000E+00  0.0000E+00  0.0000E+00  0.0000E+00  0.0000E+00
     -5.554  0.5277E-01  0.5336E-02  0.5336E-02  0.5336E-02  0.0000E+00  0.0000E+00  0.0000E+00  0.0000E+00  0.0000E+00
     -5.419  0.4913E-01  0.5128E-02  0.5128E-02  0.5128E-02  0.0000E+00  0.0000E+00  0.0000E+00  0.0000E+00  0.0000E+00
     -5.285  0.4590E-01  0.4949E-02  0.4949E-02  0.4949E-02  0.0000E+00  0.0000E+00  0.0000E+00  0.0000E+00  0.0000E+00
     -5.151  0.4447E-01  0.5023E-02  0.5023E-02  0.5023E-02  0.0000E+00  0.0000E+00  0.0000E+00  0.0000E+00  0.0000E+00
     -5.017  0.3371E-01  0.3937E-02  0.3937E-02  0.3937E-02  0.0000E+00  0.0000E+00  0.0000E+00  0.0000E+00  0.0000E+00
     -4.883  0.1921E-01  0.2226E-02  0.2226E-02  0.2226E-02  0.0000E+00  0.0000E+00  0.0000E+00  0.0000E+00  0.0000E+00
     -4.749  0.1603E-01  0.4124E-02  0.4124E-02  0.4124E-02  0.0000E+00  0.0000E+00  0.0000E+00  0.0000E+00  0.0000E+00
     -4.615  0.2056E-01  0.6855E-02  0.6855E-02  0.6855E-02  0.0000E+00  0.0000E+00  0.0000E+00  0.0000E+00  0.0000E+00
     -4.480  0.2562E-01  0.9103E-02  0.9103E-02  0.9103E-02  0.0000E+00  0.0000E+00  0.0000E+00  0.0000E+00  0.0000E+00
     -4.346  0.3394E-01  0.1129E-01  0.1129E-01  0.1129E-01  0.0000E+00  0.0000E+00  0.0000E+00  0.0000E+00  0.0000E+00
     -4.212  0.4565E-01  0.1415E-01  0.1415E-01  0.1415E-01  0.0000E+00  0.0000E+00  0.0000E+00  0.0000E+00  0.0000E+00
     -4.078  0.5663E-01  0.1711E-01  0.1711E-01  0.1711E-01  0.0000E+00  0.0000E+00  0.0000E+00  0.0000E+00  0.0000E+00
     -3.944  0.6676E-01  0.1976E-01  0.1976E-01  0.1976E-01  0.0000E+00  0.0000E+00  0.0000E+00  0.0000E+00  0.0000E+00
     -3.810  0.8162E-01  0.2380E-01  0.2380E-01  0.2380E-01  0.0000E+00  0.0000E+00  0.0000E+00  0.0000E+00  0.0000E+00
     -3.676  0.1065E+00  0.3032E-01  0.3032E-01  0.3032E-01  0.0000E+00  0.0000E+00  0.0000E+00  0.0000E+00  0.0000E+00
     -3.541  0.1505E+00  0.4161E-01  0.4161E-01  0.4161E-01  0.0000E+00  0.0000E+00  0.0000E+00  0.0000E+00  0.0000E+00
     -3.407  0.9925E-01  0.2804E-01  0.2804E-01  0.2804E-01  0.0000E+00  0.0000E+00  0.0000E+00  0.0000E+00  0.0000E+00
     -3.273  0.8424E-01  0.2425E-01  0.2425E-01  0.2425E-01  0.0000E+00  0.0000E+00  0.0000E+00  0.0000E+00  0.0000E+00
     -3.139  0.7572E-01  0.2213E-01  0.2213E-01  0.2213E-01  0.0000E+00  0.0000E+00  0.0000E+00  0.0000E+00  0.0000E+00
     -3.005  0.6907E-01  0.2056E-01  0.2056E-01  0.2056E-01  0.0000E+00  0.0000E+00  0.0000E+00  0.0000E+00  0.0000E+00
     -2.871  0.6398E-01  0.1939E-01  0.1939E-01  0.1939E-01  0.0000E+00  0.0000E+00  0.0000E+00  0.0000E+00  0.0000E+00
     -2.737  0.5978E-01  0.1846E-01  0.1846E-01  0.1846E-01  0.0000E+00  0.0000E+00  0.0000E+00  0.0000E+00  0.0000E+00
     -2.602  0.5565E-01  0.1755E-01  0.1755E-01  0.1755E-01  0.0000E+00  0.0000E+00  0.0000E+00  0.0000E+00  0.0000E+00
     -2.468  0.5274E-01  0.1695E-01  0.1695E-01  0.1695E-01  0.0000E+00  0.0000E+00  0.0000E+00  0.0000E+00  0.0000E+00
     -2.334  0.4916E-01  0.1618E-01  0.1618E-01  0.1618E-01  0.0000E+00  0.0000E+00  0.0000E+00  0.0000E+00  0.0000E+00
     -2.200  0.4681E-01  0.1571E-01  0.1571E-01  0.1571E-01  0.0000E+00  0.0000E+00  0.0000E+00  0.0000E+00  0.0000E+00
     -2.066  0.4439E-01  0.1523E-01  0.1523E-01  0.1523E-01  0.0000E+00  0.0000E+00  0.0000E+00  0.0000E+00  0.0000E+00
     -1.932  0.4159E-01  0.1462E-01  0.1462E-01  0.1462E-01  0.0000E+00  0.0000E+00  0.0000E+00  0.0000E+00  0.0000E+00
     -1.798  0.3984E-01  0.1430E-01  0.1430E-01  0.1430E-01  0.0000E+00  0.0000E+00  0.0000E+00  0.0000E+00  0.0000E+00
     -1.663  0.3775E-01  0.1387E-01  0.1387E-01  0.1387E-01  0.0000E+00  0.0000E+00  0.0000E+00  0.0000E+00  0.0000E+00
     -1.529  0.3554E-01  0.1339E-01  0.1339E-01  0.1339E-01  0.0000E+00  0.0000E+00  0.0000E+00  0.0000E+00  0.0000E+00
     -1.395  0.3404E-01  0.1311E-01  0.1311E-01  0.1311E-01  0.0000E+00  0.0000E+00  0.0000E+00  0.0000E+00  0.0000E+00
     -1.261  0.3224E-01  0.1273E-01  0.1273E-01  0.1273E-01  0.0000E+00  0.0000E+00  0.0000E+00  0.0000E+00  0.0000E+00
     -1.127  0.3040E-01  0.1232E-01  0.1232E-01  0.1232E-01  0.0000E+00  0.0000E+00  0.0000E+00  0.0000E+00  0.0000E+00
     -0.993  0.2917E-01  0.1209E-01  0.1209E-01  0.1209E-01  0.0000E+00  0.0000E+00  0.0000E+00  0.0000E+00  0.0000E+00
     -0.859  0.2779E-01  0.1304E-01  0.1304E-01  0.1304E-01  0.0000E+00  0.0000E+00  0.0000E+00  0.0000E+00  0.0000E+00
     -0.724  0.2744E-01  0.2393E-01  0.2393E-01  0.2393E-01  0.0000E+00  0.0000E+00  0.0000E+00  0.0000E+00  0.0000E+00
     -0.590  0.2743E-01  0.2802E-01  0.2802E-01  0.2802E-01  0.0000E+00  0.0000E+00  0.0000E+00  0.0000E+00  0.0000E+00
     -0.456  0.2756E-01  0.3307E-01  0.3307E-01  0.3307E-01  0.0000E+00  0.0000E+00  0.0000E+00  0.0000E+00  0.0000E+00
     -0.322  0.2780E-01  0.3963E-01  0.3963E-01  0.3963E-01  0.0000E+00  0.0000E+00  0.0000E+00  0.0000E+00  0.0000E+00
     -0.188  0.2938E-01  0.4837E-01  0.4837E-01  0.4837E-01  0.0000E+00  0.0000E+00  0.0000E+00  0.0000E+00  0.0000E+00
     -0.054  0.2913E-01  0.4535E-01  0.4535E-01  0.4535E-01  0.0000E+00  0.0000E+00  0.0000E+00  0.0000E+00  0.0000E+00
      0.080  0.2883E-01  0.4384E-01  0.4384E-01  0.4384E-01  0.0000E+00  0.0000E+00  0.0000E+00  0.0000E+00  0.0000E+00
      0.214  0.2848E-01  0.4269E-01  0.4269E-01  0.4269E-01  0.0000E+00  0.0000E+00  0.0000E+00  0.0000E+00  0.0000E+00
      0.349  0.2834E-01  0.4217E-01  0.4217E-01  0.4217E-01  0.0000E+00  0.0000E+00  0.0000E+00  0.0000E+00  0.0000E+00
      0.483  0.2790E-01  0.4365E-01  0.4365E-01  0.4365E-01  0.0000E+00  0.0000E+00  0.0000E+00  0.0000E+00  0.0000E+00
      0.617  0.2722E-01  0.4429E-01  0.4429E-01  0.4429E-01  0.0000E+00  0.0000E+00  0.0000E+00  0.0000E+00  0.0000E+00
      0.751  0.2694E-01  0.4567E-01  0.4567E-01  0.4567E-01  0.0000E+00  0.0000E+00  0.0000E+00  0.0000E+00  0.0000E+00
      0.885  0.2650E-01  0.4728E-01  0.4728E-01  0.4728E-01  0.0000E+00  0.0000E+00  0.0000E+00  0.0000E+00  0.0000E+00
      1.019  0.2593E-01  0.4868E-01  0.4868E-01  0.4868E-01  0.0000E+00  0.0000E+00  0.0000E+00  0.0000E+00  0.0000E+00
      1.153  0.2521E-01  0.5088E-01  0.5088E-01  0.5088E-01  0.0000E+00  0.0000E+00  0.0000E+00  0.0000E+00  0.0000E+00
      1.288  0.2474E-01  0.5323E-01  0.5323E-01  0.5323E-01  0.0000E+00  0.0000E+00  0.0000E+00  0.0000E+00  0.0000E+00
      1.422  0.2424E-01  0.5682E-01  0.5682E-01  0.5682E-01  0.0000E+00  0.0000E+00  0.0000E+00  0.0000E+00  0.0000E+00
      1.556  0.2346E-01  0.5902E-01  0.5902E-01  0.5902E-01  0.0000E+00  0.0000E+00  0.0000E+00  0.0000E+00  0.0000E+00
      1.690  0.2272E-01  0.6422E-01  0.6422E-01  0.6422E-01  0.0000E+00  0.0000E+00  0.0000E+00  0.0000E+00  0.0000E+00
      1.824  0.2214E-01  0.7415E-01  0.7415E-01  0.7415E-01  0.0000E+00  0.0000E+00  0.0000E+00  0.0000E+00  0.0000E+00
      1.958  0.2142E-01  0.8077E-01  0.8077E-01  0.8077E-01  0.0000E+00  0.0000E+00  0.0000E+00  0.0000E+00  0.0000E+00
      2.092  0.2052E-01  0.7924E-01  0.7924E-01  0.7924E-01  0.0000E+00  0.0000E+00  0.0000E+00  0.0000E+00  0.0000E+00
      2.227  0.1976E-01  0.7784E-01  0.7784E-01  0.7784E-01  0.0000E+00  0.0000E+00  0.0000E+00  0.0000E+00  0.0000E+00
      2.361  0.1908E-01  0.7770E-01  0.7770E-01  0.7770E-01  0.0000E+00  0.0000E+00  0.0000E+00  0.0000E+00  0.0000E+00
      2.495  0.1837E-01  0.7704E-01  0.7704E-01  0.7704E-01  0.0000E+00  0.0000E+00  0.0000E+00  0.0000E+00  0.0000E+00
      2.629  0.1757E-01  0.7699E-01  0.7699E-01  0.7699E-01  0.0000E+00  0.0000E+00  0.0000E+00  0.0000E+00  0.0000E+00
      2.763  0.1677E-01  0.7638E-01  0.7638E-01  0.7638E-01  0.0000E+00  0.0000E+00  0.0000E+00  0.0000E+00  0.0000E+00
      2.897  0.1613E-01  0.7622E-01  0.7622E-01  0.7622E-01  0.0000E+00  0.0000E+00  0.0000E+00  0.0000E+00  0.0000E+00
      3.031  0.1548E-01  0.7604E-01  0.7604E-01  0.7604E-01  0.0000E+00  0.0000E+00  0.0000E+00  0.0000E+00  0.0000E+00
      3.166  0.1470E-01  0.7581E-01  0.7581E-01  0.7581E-01  0.0000E+00  0.0000E+00  0.0000E+00  0.0000E+00  0.0000E+00
      3.300  0.1392E-01  0.7526E-01  0.7526E-01  0.7526E-01  0.0000E+00  0.0000E+00  0.0000E+00  0.0000E+00  0.0000E+00
      3.434  0.1332E-01  0.7513E-01  0.7513E-01  0.7513E-01  0.0000E+00  0.0000E+00  0.0000E+00  0.0000E+00  0.0000E+00
      3.568  0.1266E-01  0.7512E-01  0.7512E-01  0.7512E-01  0.0000E+00  0.0000E+00  0.0000E+00  0.0000E+00  0.0000E+00
      3.702  0.1186E-01  0.7469E-01  0.7469E-01  0.7469E-01  0.0000E+00  0.0000E+00  0.0000E+00  0.0000E+00  0.0000E+00
      3.836  0.1106E-01  0.7451E-01  0.7451E-01  0.7451E-01  0.0000E+00  0.0000E+00  0.0000E+00  0.0000E+00  0.0000E+00
      3.970  0.1048E-01  0.7427E-01  0.7427E-01  0.7427E-01  0.0000E+00  0.0000E+00  0.0000E+00  0.0000E+00  0.0000E+00
      4.105  0.9845E-02  0.7420E-01  0.7420E-01  0.7420E-01  0.0000E+00  0.0000E+00  0.0000E+00  0.0000E+00  0.0000E+00
      4.239  0.9165E-02  0.7371E-01  0.7371E-01  0.7371E-01  0.0000E+00  0.0000E+00  0.0000E+00  0.0000E+00  0.0000E+00
      4.373  0.8459E-02  0.7352E-01  0.7352E-01  0.7352E-01  0.0000E+00  0.0000E+00  0.0000E+00  0.0000E+00  0.0000E+00
      4.507  0.7925E-02  0.7344E-01  0.7344E-01  0.7344E-01  0.0000E+00  0.0000E+00  0.0000E+00  0.0000E+00  0.0000E+00
      4.641  0.7371E-02  0.7310E-01  0.7310E-01  0.7310E-01  0.0000E+00  0.0000E+00  0.0000E+00  0.0000E+00  0.0000E+00
      4.775  0.6746E-02  0.7298E-01  0.7298E-01  0.7298E-01  0.0000E+00  0.0000E+00  0.0000E+00  0.0000E+00  0.0000E+00
      4.909  0.6026E-02  0.7241E-01  0.7241E-01  0.7241E-01  0.0000E+00  0.0000E+00  0.0000E+00  0.0000E+00  0.0000E+00
      5.043  0.5465E-02  0.6757E-01  0.6757E-01  0.6757E-01  0.0000E+00  0.0000E+00  0.0000E+00  0.0000E+00  0.0000E+00
      5.178  0.4971E-02  0.5522E-01  0.5522E-01  0.5522E-01  0.0000E+00  0.0000E+00  0.0000E+00  0.0000E+00  0.0000E+00
      5.312  0.4468E-02  0.5032E-01  0.5032E-01  0.5032E-01  0.0000E+00  0.0000E+00  0.0000E+00  0.0000E+00  0.0000E+00
      5.446  0.3936E-02  0.4424E-01  0.4424E-01  0.4424E-01  0.0000E+00  0.0000E+00  0.0000E+00  0.0000E+00  0.0000E+00
      5.580  0.3550E-02  0.4033E-01  0.4033E-01  0.4033E-01  0.0000E+00  0.0000E+00  0.0000E+00  0.0000E+00  0.0000E+00
      5.714  0.3198E-02  0.3708E-01  0.3708E-01  0.3708E-01  0.0000E+00  0.0000E+00  0.0000E+00  0.0000E+00  0.0000E+00
      5.848  0.2827E-02  0.3396E-01  0.3396E-01  0.3396E-01  0.0000E+00  0.0000E+00  0.0000E+00  0.0000E+00  0.0000E+00
      5.982  0.2469E-02  0.3098E-01  0.3098E-01  0.3098E-01  0.0000E+00  0.0000E+00  0.0000E+00  0.0000E+00  0.0000E+00
      6.117  0.2172E-02  0.2839E-01  0.2839E-01  0.2839E-01  0.0000E+00  0.0000E+00  0.0000E+00  0.0000E+00  0.0000E+00
      6.251  0.1881E-02  0.2606E-01  0.2606E-01  0.2606E-01  0.0000E+00  0.0000E+00  0.0000E+00  0.0000E+00  0.0000E+00
      6.385  0.1610E-02  0.2366E-01  0.2366E-01  0.2366E-01  0.0000E+00  0.0000E+00  0.0000E+00  0.0000E+00  0.0000E+00
      6.519  0.1318E-02  0.2143E-01  0.2143E-01  0.2143E-01  0.0000E+00  0.0000E+00  0.0000E+00  0.0000E+00  0.0000E+00
      6.653  0.1097E-02  0.1936E-01  0.1936E-01  0.1936E-01  0.0000E+00  0.0000E+00  0.0000E+00  0.0000E+00  0.0000E+00
      6.787  0.8895E-03  0.1720E-01  0.1720E-01  0.1720E-01  0.0000E+00  0.0000E+00  0.0000E+00  0.0000E+00  0.0000E+00
      6.921  0.6501E-03  0.1522E-01  0.1522E-01  0.1522E-01  0.0000E+00  0.0000E+00  0.0000E+00  0.0000E+00  0.0000E+00
      7.056  0.4901E-03  0.1304E-01  0.1304E-01  0.1304E-01  0.0000E+00  0.0000E+00  0.0000E+00  0.0000E+00  0.0000E+00
      7.190  0.3369E-03  0.1089E-01  0.1089E-01  0.1089E-01  0.0000E+00  0.0000E+00  0.0000E+00  0.0000E+00  0.0000E+00
      7.324  0.1880E-03  0.8805E-02  0.8805E-02  0.8805E-02  0.0000E+00  0.0000E+00  0.0000E+00  0.0000E+00  0.0000E+00
      7.458  0.8290E-04  0.5813E-02  0.5813E-02  0.5813E-02  0.0000E+00  0.0000E+00  0.0000E+00  0.0000E+00  0.0000E+00
      7.592  0.1847E-04  0.2278E-02  0.2278E-02  0.2278E-02  0.0000E+00  0.0000E+00  0.0000E+00  0.0000E+00  0.0000E+00
      7.726  0.0000E+00  0.0000E+00  0.0000E+00  0.0000E+00  0.0000E+00  0.0000E+00  0.0000E+00  0.0000E+00  0.0000E+00
      7.860  0.0000E+00  0.0000E+00  0.0000E+00  0.0000E+00  0.0000E+00  0.0000E+00  0.0000E+00  0.0000E+00  0.0000E+00
      7.995  0.0000E+00  0.0000E+00  0.0000E+00  0.0000E+00  0.0000E+00  0.0000E+00  0.0000E+00  0.0000E+00  0.0000E+00
      8.129  0.0000E+00  0.0000E+00  0.0000E+00  0.0000E+00  0.0000E+00  0.0000E+00  0.0000E+00  0.0000E+00  0.0000E+00
      8.263  0.0000E+00  0.0000E+00  0.0000E+00  0.0000E+00  0.0000E+00  0.0000E+00  0.0000E+00  0.0000E+00  0.0000E+00
      8.397  0.0000E+00  0.0000E+00  0.0000E+00  0.0000E+00  0.0000E+00  0.0000E+00  0.0000E+00  0.0000E+00  0.0000E+00
      8.531  0.0000E+00  0.0000E+00  0.0000E+00  0.0000E+00  0.0000E+00  0.0000E+00  0.0000E+00  0.0000E+00  0.0000E+00
      8.665  0.0000E+00  0.0000E+00  0.0000E+00  0.0000E+00  0.0000E+00  0.0000E+00  0.0000E+00  0.0000E+00  0.0000E+00
      8.799  0.0000E+00  0.0000E+00  0.0000E+00  0.0000E+00  0.0000E+00  0.0000E+00  0.0000E+00  0.0000E+00  0.0000E+00
      8.934  0.0000E+00  0.0000E+00  0.0000E+00  0.0000E+00  0.0000E+00  0.0000E+00  0.0000E+00  0.0000E+00  0.0000E+00
      9.068  0.0000E+00  0.0000E+00  0.0000E+00  0.0000E+00  0.0000E+00  0.0000E+00  0.0000E+00  0.0000E+00  0.0000E+00
      9.202  0.0000E+00  0.0000E+00  0.0000E+00  0.0000E+00  0.0000E+00  0.0000E+00  0.0000E+00  0.0000E+00  0.0000E+00
      9.336  0.0000E+00  0.0000E+00  0.0000E+00  0.0000E+00  0.0000E+00  0.0000E+00  0.0000E+00  0.0000E+00  0.0000E+00
      9.470  0.0000E+00  0.0000E+00  0.0000E+00  0.0000E+00  0.0000E+00  0.0000E+00  0.0000E+00  0.0000E+00  0.0000E+00
      9.604  0.0000E+00  0.0000E+00  0.0000E+00  0.0000E+00  0.0000E+00  0.0000E+00  0.0000E+00  0.0000E+00  0.0000E+00
      9.738  0.0000E+00  0.0000E+00  0.0000E+00  0.0000E+00  0.0000E+00  0.0000E+00  0.0000E+00  0.0000E+00  0.0000E+00
      9.873  0.0000E+00  0.0000E+00  0.0000E+00  0.0000E+00  0.0000E+00  0.0000E+00  0.0000E+00  0.0000E+00  0.0000E+00
     10.007  0.0000E+00  0.0000E+00  0.0000E+00  0.0000E+00  0.0000E+00  0.0000E+00  0.0000E+00  0.0000E+00  0.0000E+00
     10.141  0.0000E+00  0.0000E+00  0.0000E+00  0.0000E+00  0.0000E+00  0.0000E+00  0.0000E+00  0.0000E+00  0.0000E+00
     10.275  0.0000E+00  0.0000E+00  0.0000E+00  0.0000E+00  0.0000E+00  0.0000E+00  0.0000E+00  0.0000E+00  0.0000E+00
     10.409  0.0000E+00  0.0000E+00  0.0000E+00  0.0000E+00  0.0000E+00  0.0000E+00  0.0000E+00  0.0000E+00  0.0000E+00
     10.543  0.0000E+00  0.0000E+00  0.0000E+00  0.0000E+00  0.0000E+00  0.0000E+00  0.0000E+00  0.0000E+00  0.0000E+00
     10.677  0.0000E+00  0.0000E+00  0.0000E+00  0.0000E+00  0.0000E+00  0.0000E+00  0.0000E+00  0.0000E+00  0.0000E+00
     10.811  0.0000E+00  0.0000E+00  0.0000E+00  0.0000E+00  0.0000E+00  0.0000E+00  0.0000E+00  0.0000E+00  0.0000E+00
     10.946  0.0000E+00  0.0000E+00  0.0000E+00  0.0000E+00  0.0000E+00  0.0000E+00  0.0000E+00  0.0000E+00  0.0000E+00
     11.080  0.0000E+00  0.0000E+00  0.0000E+00  0.0000E+00  0.0000E+00  0.0000E+00  0.0000E+00  0.0000E+00  0.0000E+00
     11.214  0.0000E+00  0.0000E+00  0.0000E+00  0.0000E+00  0.0000E+00  0.0000E+00  0.0000E+00  0.0000E+00  0.0000E+00
     11.348  0.0000E+00  0.0000E+00  0.0000E+00  0.0000E+00  0.0000E+00  0.0000E+00  0.0000E+00  0.0000E+00  0.0000E+00
     11.482  0.0000E+00  0.0000E+00  0.0000E+00  0.0000E+00  0.0000E+00  0.0000E+00  0.0000E+00  0.0000E+00  0.0000E+00
     11.616  0.9609E-03  0.3949E-03  0.3949E-03  0.3949E-03  0.0000E+00  0.0000E+00  0.0000E+00  0.0000E+00  0.0000E+00
     11.750  0.7237E-02  0.3209E-02  0.3209E-02  0.3209E-02  0.0000E+00  0.0000E+00  0.0000E+00  0.0000E+00  0.0000E+00
     11.885  0.9730E-02  0.4513E-02  0.4513E-02  0.4513E-02  0.0000E+00  0.0000E+00  0.0000E+00  0.0000E+00  0.0000E+00
     12.019  0.1206E-01  0.5965E-02  0.5965E-02  0.5965E-02  0.0000E+00  0.0000E+00  0.0000E+00  0.0000E+00  0.0000E+00
     12.153  0.1465E-01  0.7584E-02  0.7584E-02  0.7584E-02  0.0000E+00  0.0000E+00  0.0000E+00  0.0000E+00  0.0000E+00
     12.287  0.1808E-01  0.9520E-02  0.9520E-02  0.9520E-02  0.0000E+00  0.0000E+00  0.0000E+00  0.0000E+00  0.0000E+00
     12.421  0.2114E-01  0.1154E-01  0.1154E-01  0.1154E-01  0.0000E+00  0.0000E+00  0.0000E+00  0.0000E+00  0.0000E+00
     12.555  0.2350E-01  0.1357E-01  0.1357E-01  0.1357E-01  0.0000E+00  0.0000E+00  0.0000E+00  0.0000E+00  0.0000E+00
     12.689  0.2560E-01  0.1576E-01  0.1576E-01  0.1576E-01  0.0000E+00  0.0000E+00  0.0000E+00  0.0000E+00  0.0000E+00
     12.824  0.2727E-01  0.1818E-01  0.1818E-01  0.1818E-01  0.0000E+00  0.0000E+00  0.0000E+00  0.0000E+00  0.0000E+00
     12.958  0.2898E-01  0.2187E-01  0.2187E-01  0.2187E-01  0.0000E+00  0.0000E+00  0.0000E+00  0.0000E+00  0.0000E+00
     13.092  0.3043E-01  0.2625E-01  0.2625E-01  0.2625E-01  0.0000E+00  0.0000E+00  0.0000E+00  0.0000E+00  0.0000E+00
     13.226  0.3160E-01  0.2711E-01  0.2711E-01  0.2711E-01  0.0000E+00  0.0000E+00  0.0000E+00  0.0000E+00  0.0000E+00
     13.360  0.3279E-01  0.2868E-01  0.2868E-01  0.2868E-01  0.0000E+00  0.0000E+00  0.0000E+00  0.0000E+00  0.0000E+00
     13.494  0.3406E-01  0.3047E-01  0.3047E-01  0.3047E-01  0.0000E+00  0.0000E+00  0.0000E+00  0.0000E+00  0.0000E+00
     13.628  0.3551E-01  0.3217E-01  0.3217E-01  0.3217E-01  0.0000E+00  0.0000E+00  0.0000E+00  0.0000E+00  0.0000E+00
     13.763  0.3696E-01  0.3413E-01  0.3413E-01  0.3413E-01  0.0000E+00  0.0000E+00  0.0000E+00  0.0000E+00  0.0000E+00
     13.897  0.3843E-01  0.3603E-01  0.3603E-01  0.3603E-01  0.0000E+00  0.0000E+00  0.0000E+00  0.0000E+00  0.0000E+00
     14.031  0.4026E-01  0.3819E-01  0.3819E-01  0.3819E-01  0.0000E+00  0.0000E+00  0.0000E+00  0.0000E+00  0.0000E+00
     14.165  0.4252E-01  0.4046E-01  0.4046E-01  0.4046E-01  0.0000E+00  0.0000E+00  0.0000E+00  0.0000E+00  0.0000E+00
     14.299  0.4544E-01  0.4303E-01  0.4303E-01  0.4303E-01  0.0000E+00  0.0000E+00  0.0000E+00  0.0000E+00  0.0000E+00
     14.433  0.4975E-01  0.4595E-01  0.4595E-01  0.4595E-01  0.0000E+00  0.0000E+00  0.0000E+00  0.0000E+00  0.0000E+00
     14.567  0.5636E-01  0.4934E-01  0.4934E-01  0.4934E-01  0.0000E+00  0.0000E+00  0.0000E+00  0.0000E+00  0.0000E+00
     14.702  0.7985E-01  0.5478E-01  0.5478E-01  0.5478E-01  0.0000E+00  0.0000E+00  0.0000E+00  0.0000E+00  0.0000E+00
     14.836  0.1237E+00  0.6052E-01  0.6052E-01  0.6052E-01  0.0000E+00  0.0000E+00  0.0000E+00  0.0000E+00  0.0000E+00
     14.970  0.1290E+00  0.6358E-01  0.6358E-01  0.6358E-01  0.0000E+00  0.0000E+00  0.0000E+00  0.0000E+00  0.0000E+00
     15.104  0.1201E+00  0.6520E-01  0.6520E-01  0.6520E-01  0.0000E+00  0.0000E+00  0.0000E+00  0.0000E+00  0.0000E+00
     15.238  0.1113E+00  0.6862E-01  0.6862E-01  0.6862E-01  0.0000E+00  0.0000E+00  0.0000E+00  0.0000E+00  0.0000E+00
     15.372  0.1051E+00  0.7619E-01  0.7619E-01  0.7619E-01  0.0000E+00  0.0000E+00  0.0000E+00  0.0000E+00  0.0000E+00
     15.506  0.7617E-01  0.7107E-01  0.7107E-01  0.7107E-01  0.0000E+00  0.0000E+00  0.0000E+00  0.0000E+00  0.0000E+00
     15.640  0.6199E-01  0.7186E-01  0.7186E-01  0.7186E-01  0.0000E+00  0.0000E+00  0.0000E+00  0.0000E+00  0.0000E+00
     15.775  0.6345E-01  0.9929E-01  0.9929E-01  0.9929E-01  0.0000E+00  0.0000E+00  0.0000E+00  0.0000E+00  0.0000E+00
     15.909  0.6299E-01  0.8460E-01  0.8460E-01  0.8460E-01  0.0000E+00  0.0000E+00  0.0000E+00  0.0000E+00  0.0000E+00
     16.043  0.6050E-01  0.7372E-01  0.7372E-01  0.7372E-01  0.0000E+00  0.0000E+00  0.0000E+00  0.0000E+00  0.0000E+00
     16.177  0.6075E-01  0.7130E-01  0.7130E-01  0.7130E-01  0.0000E+00  0.0000E+00  0.0000E+00  0.0000E+00  0.0000E+00
     16.311  0.5847E-01  0.6651E-01  0.6651E-01  0.6651E-01  0.0000E+00  0.0000E+00  0.0000E+00  0.0000E+00  0.0000E+00
     16.445  0.5875E-01  0.6611E-01  0.6611E-01  0.6611E-01  0.0000E+00  0.0000E+00  0.0000E+00  0.0000E+00  0.0000E+00
     16.579  0.5718E-01  0.6402E-01  0.6402E-01  0.6402E-01  0.0000E+00  0.0000E+00  0.0000E+00  0.0000E+00  0.0000E+00
     16.714  0.5771E-01  0.6324E-01  0.6324E-01  0.6324E-01  0.0000E+00  0.0000E+00  0.0000E+00  0.0000E+00  0.0000E+00
     16.848  0.5885E-01  0.6334E-01  0.6334E-01  0.6334E-01  0.0000E+00  0.0000E+00  0.0000E+00  0.0000E+00  0.0000E+00
     16.982  0.5994E-01  0.6268E-01  0.6268E-01  0.6268E-01  0.0000E+00  0.0000E+00  0.0000E+00  0.0000E+00  0.0000E+00
     17.116  0.6470E-01  0.6328E-01  0.6328E-01  0.6328E-01  0.0000E+00  0.0000E+00  0.0000E+00  0.0000E+00  0.0000E+00
     17.250  0.8657E-01  0.7135E-01  0.7135E-01  0.7135E-01  0.0000E+00  0.0000E+00  0.0000E+00  0.0000E+00  0.0000E+00
     17.384  0.6290E-01  0.6358E-01  0.6358E-01  0.6358E-01  0.0000E+00  0.0000E+00  0.0000E+00  0.0000E+00  0.0000E+00
     17.518  0.4425E-01  0.5497E-01  0.5497E-01  0.5497E-01  0.0000E+00  0.0000E+00  0.0000E+00  0.0000E+00  0.0000E+00
     17.653  0.3755E-01  0.5158E-01  0.5158E-01  0.5158E-01  0.0000E+00  0.0000E+00  0.0000E+00  0.0000E+00  0.0000E+00
     17.787  0.3483E-01  0.4992E-01  0.4992E-01  0.4992E-01  0.0000E+00  0.0000E+00  0.0000E+00  0.0000E+00  0.0000E+00
     17.921  0.3712E-01  0.5345E-01  0.5345E-01  0.5345E-01  0.0000E+00  0.0000E+00  0.0000E+00  0.0000E+00  0.0000E+00
     18.055  0.4836E-01  0.5878E-01  0.5878E-01  0.5878E-01  0.0000E+00  0.0000E+00  0.0000E+00  0.0000E+00  0.0000E+00
     18.189  0.5551E-01  0.6521E-01  0.6521E-01  0.6521E-01  0.0000E+00  0.0000E+00  0.0000E+00  0.0000E+00  0.0000E+00
     18.323  0.6254E-01  0.6612E-01  0.6612E-01  0.6612E-01  0.0000E+00  0.0000E+00  0.0000E+00  0.0000E+00  0.0000E+00
     18.457  0.6894E-01  0.6499E-01  0.6499E-01  0.6499E-01  0.0000E+00  0.0000E+00  0.0000E+00  0.0000E+00  0.0000E+00
     18.592  0.8172E-01  0.6809E-01  0.6809E-01  0.6809E-01  0.0000E+00  0.0000E+00  0.0000E+00  0.0000E+00  0.0000E+00
     18.726  0.7499E-01  0.6646E-01  0.6646E-01  0.6646E-01  0.0000E+00  0.0000E+00  0.0000E+00  0.0000E+00  0.0000E+00
     18.860  0.7309E-01  0.6872E-01  0.6872E-01  0.6872E-01  0.0000E+00  0.0000E+00  0.0000E+00  0.0000E+00  0.0000E+00
     18.994  0.7101E-01  0.6934E-01  0.6934E-01  0.6934E-01  0.0000E+00  0.0000E+00  0.0000E+00  0.0000E+00  0.0000E+00
     19.128  0.6674E-01  0.6801E-01  0.6801E-01  0.6801E-01  0.0000E+00  0.0000E+00  0.0000E+00  0.0000E+00  0.0000E+00
     19.262  0.6659E-01  0.7146E-01  0.7146E-01  0.7146E-01  0.0000E+00  0.0000E+00  0.0000E+00  0.0000E+00  0.0000E+00
     19.396  0.6376E-01  0.7271E-01  0.7271E-01  0.7271E-01  0.0000E+00  0.0000E+00  0.0000E+00  0.0000E+00  0.0000E+00
     19.531  0.6104E-01  0.7079E-01  0.7079E-01  0.7079E-01  0.0000E+00  0.0000E+00  0.0000E+00  0.0000E+00  0.0000E+00
     19.665  0.5949E-01  0.7320E-01  0.7320E-01  0.7320E-01  0.0000E+00  0.0000E+00  0.0000E+00  0.0000E+00  0.0000E+00
     19.799  0.5686E-01  0.7344E-01  0.7344E-01  0.7344E-01  0.0000E+00  0.0000E+00  0.0000E+00  0.0000E+00  0.0000E+00
     19.933  0.5240E-01  0.7718E-01  0.7718E-01  0.7718E-01  0.0000E+00  0.0000E+00  0.0000E+00  0.0000E+00  0.0000E+00
     20.067  0.4726E-01  0.7495E-01  0.7495E-01  0.7495E-01  0.0000E+00  0.0000E+00  0.0000E+00  0.0000E+00  0.0000E+00
     20.201  0.3733E-01  0.6488E-01  0.6488E-01  0.6488E-01  0.0000E+00  0.0000E+00  0.0000E+00  0.0000E+00  0.0000E+00
     20.335  0.3492E-01  0.6628E-01  0.6628E-01  0.6628E-01  0.0000E+00  0.0000E+00  0.0000E+00  0.0000E+00  0.0000E+00
     20.470  0.3132E-01  0.6560E-01  0.6560E-01  0.6560E-01  0.0000E+00  0.0000E+00  0.0000E+00  0.0000E+00  0.0000E+00
     20.604  0.3299E-01  0.7229E-01  0.7229E-01  0.7229E-01  0.0000E+00  0.0000E+00  0.0000E+00  0.0000E+00  0.0000E+00
     20.738  0.3768E-01  0.8463E-01  0.8463E-01  0.8463E-01  0.0000E+00  0.0000E+00  0.0000E+00  0.0000E+00  0.0000E+00
     20.872  0.4512E-01  0.1049E+00  0.1049E+00  0.1049E+00  0.0000E+00  0.0000E+00  0.0000E+00  0.0000E+00  0.0000E+00
     21.006  0.4559E-01  0.1098E+00  0.1098E+00  0.1098E+00  0.0000E+00  0.0000E+00  0.0000E+00  0.0000E+00  0.0000E+00
     21.140  0.3338E-01  0.8839E-01  0.8839E-01  0.8839E-01  0.0000E+00  0.0000E+00  0.0000E+00  0.0000E+00  0.0000E+00
     21.274  0.2808E-01  0.8102E-01  0.8102E-01  0.8102E-01  0.0000E+00  0.0000E+00  0.0000E+00  0.0000E+00  0.0000E+00
     21.408  0.2433E-01  0.7699E-01  0.7699E-01  0.7699E-01  0.0000E+00  0.0000E+00  0.0000E+00  0.0000E+00  0.0000E+00
     21.543  0.2073E-01  0.7130E-01  0.7130E-01  0.7130E-01  0.0000E+00  0.0000E+00  0.0000E+00  0.0000E+00  0.0000E+00
     21.677  0.1796E-01  0.6732E-01  0.6732E-01  0.6732E-01  0.0000E+00  0.0000E+00  0.0000E+00  0.0000E+00  0.0000E+00
     21.811  0.1515E-01  0.6349E-01  0.6349E-01  0.6349E-01  0.0000E+00  0.0000E+00  0.0000E+00  0.0000E+00  0.0000E+00
     21.945  0.1276E-01  0.6014E-01  0.6014E-01  0.6014E-01  0.0000E+00  0.0000E+00  0.0000E+00  0.0000E+00  0.0000E+00
     22.079  0.1044E-01  0.5572E-01  0.5572E-01  0.5572E-01  0.0000E+00  0.0000E+00  0.0000E+00  0.0000E+00  0.0000E+00
     22.213  0.8375E-02  0.5148E-01  0.5148E-01  0.5148E-01  0.0000E+00  0.0000E+00  0.0000E+00  0.0000E+00  0.0000E+00
     22.347  0.6422E-02  0.4805E-01  0.4805E-01  0.4805E-01  0.0000E+00  0.0000E+00  0.0000E+00  0.0000E+00  0.0000E+00
     22.482  0.4687E-02  0.4280E-01  0.4280E-01  0.4280E-01  0.0000E+00  0.0000E+00  0.0000E+00  0.0000E+00  0.0000E+00
     22.616  0.3049E-02  0.3736E-01  0.3736E-01  0.3736E-01  0.0000E+00  0.0000E+00  0.0000E+00  0.0000E+00  0.0000E+00
     22.750  0.1400E-02  0.2451E-01  0.2451E-01  0.2451E-01  0.0000E+00  0.0000E+00  0.0000E+00  0.0000E+00  0.0000E+00
     22.884  0.6325E-03  0.1632E-01  0.1632E-01  0.1632E-01  0.0000E+00  0.0000E+00  0.0000E+00  0.0000E+00  0.0000E+00
     23.018  0.2585E-03  0.1176E-01  0.1176E-01  0.1176E-01  0.0000E+00  0.0000E+00  0.0000E+00  0.0000E+00  0.0000E+00
     23.152  0.1954E-04  0.3653E-02  0.3653E-02  0.3653E-02  0.0000E+00  0.0000E+00  0.0000E+00  0.0000E+00  0.0000E+00
     23.286  0.3154E-06  0.1613E-03  0.1613E-03  0.1613E-03  0.0000E+00  0.0000E+00  0.0000E+00  0.0000E+00  0.0000E+00
     23.421  0.0000E+00  0.0000E+00  0.0000E+00  0.0000E+00  0.0000E+00  0.0000E+00  0.0000E+00  0.0000E+00  0.0000E+00
     23.555  0.0000E+00  0.0000E+00  0.0000E+00  0.0000E+00  0.0000E+00  0.0000E+00  0.0000E+00  0.0000E+00  0.0000E+00
     23.689  0.0000E+00  0.0000E+00  0.0000E+00  0.0000E+00  0.0000E+00  0.0000E+00  0.0000E+00  0.0000E+00  0.0000E+00
     23.823  0.0000E+00  0.0000E+00  0.0000E+00  0.0000E+00  0.0000E+00  0.0000E+00  0.0000E+00  0.0000E+00  0.0000E+00
     23.957  0.0000E+00  0.0000E+00  0.0000E+00  0.0000E+00  0.0000E+00  0.0000E+00  0.0000E+00  0.0000E+00  0.0000E+00
     24.091  0.0000E+00  0.0000E+00  0.0000E+00  0.0000E+00  0.0000E+00  0.0000E+00  0.0000E+00  0.0000E+00  0.0000E+00
     24.225  0.0000E+00  0.0000E+00  0.0000E+00  0.0000E+00  0.0000E+00  0.0000E+00  0.0000E+00  0.0000E+00  0.0000E+00
     24.360  0.0000E+00  0.0000E+00  0.0000E+00  0.0000E+00  0.0000E+00  0.0000E+00  0.0000E+00  0.0000E+00  0.0000E+00
     24.494  0.0000E+00  0.0000E+00  0.0000E+00  0.0000E+00  0.0000E+00  0.0000E+00  0.0000E+00  0.0000E+00  0.0000E+00
     24.628  0.0000E+00  0.0000E+00  0.0000E+00  0.0000E+00  0.0000E+00  0.0000E+00  0.0000E+00  0.0000E+00  0.0000E+00
     24.762  0.0000E+00  0.0000E+00  0.0000E+00  0.0000E+00  0.0000E+00  0.0000E+00  0.0000E+00  0.0000E+00  0.0000E+00
     24.896  0.0000E+00  0.0000E+00  0.0000E+00  0.0000E+00  0.0000E+00  0.0000E+00  0.0000E+00  0.0000E+00  0.0000E+00
     25.030  0.0000E+00  0.0000E+00  0.0000E+00  0.0000E+00  0.0000E+00  0.0000E+00  0.0000E+00  0.0000E+00  0.0000E+00
     25.164  0.0000E+00  0.0000E+00  0.0000E+00  0.0000E+00  0.0000E+00  0.0000E+00  0.0000E+00  0.0000E+00  0.0000E+00
     25.16438423    -15.07738727  301     11.59246667      1.00000000
    -15.077  0.0000E+00  0.0000E+00  0.0000E+00  0.0000E+00  0.0000E+00  0.0000E+00  0.0000E+00  0.0000E+00  0.0000E+00
    -14.943  0.0000E+00  0.0000E+00  0.0000E+00  0.0000E+00  0.0000E+00  0.0000E+00  0.0000E+00  0.0000E+00  0.0000E+00
    -14.809  0.0000E+00  0.0000E+00  0.0000E+00  0.0000E+00  0.0000E+00  0.0000E+00  0.0000E+00  0.0000E+00  0.0000E+00
    -14.675  0.0000E+00  0.0000E+00  0.0000E+00  0.0000E+00  0.0000E+00  0.0000E+00  0.0000E+00  0.0000E+00  0.0000E+00
    -14.541  0.0000E+00  0.0000E+00  0.0000E+00  0.0000E+00  0.0000E+00  0.0000E+00  0.0000E+00  0.0000E+00  0.0000E+00
    -14.407  0.0000E+00  0.0000E+00  0.0000E+00  0.0000E+00  0.0000E+00  0.0000E+00  0.0000E+00  0.0000E+00  0.0000E+00
    -14.273  0.0000E+00  0.0000E+00  0.0000E+00  0.0000E+00  0.0000E+00  0.0000E+00  0.0000E+00  0.0000E+00  0.0000E+00
    -14.138  0.0000E+00  0.0000E+00  0.0000E+00  0.0000E+00  0.0000E+00  0.0000E+00  0.0000E+00  0.0000E+00  0.0000E+00
    -14.004  0.0000E+00  0.0000E+00  0.0000E+00  0.0000E+00  0.0000E+00  0.0000E+00  0.0000E+00  0.0000E+00  0.0000E+00
    -13.870  0.0000E+00  0.0000E+00  0.0000E+00  0.0000E+00  0.0000E+00  0.0000E+00  0.0000E+00  0.0000E+00  0.0000E+00
    -13.736  0.0000E+00  0.0000E+00  0.0000E+00  0.0000E+00  0.0000E+00  0.0000E+00  0.0000E+00  0.0000E+00  0.0000E+00
    -13.602  0.0000E+00  0.0000E+00  0.0000E+00  0.0000E+00  0.0000E+00  0.0000E+00  0.0000E+00  0.0000E+00  0.0000E+00
    -13.468  0.0000E+00  0.0000E+00  0.0000E+00  0.0000E+00  0.0000E+00  0.0000E+00  0.0000E+00  0.0000E+00  0.0000E+00
    -13.334  0.0000E+00  0.0000E+00  0.0000E+00  0.0000E+00  0.0000E+00  0.0000E+00  0.0000E+00  0.0000E+00  0.0000E+00
    -13.199  0.0000E+00  0.0000E+00  0.0000E+00  0.0000E+00  0.0000E+00  0.0000E+00  0.0000E+00  0.0000E+00  0.0000E+00
    -13.065  0.1989E-02  0.4536E-06  0.4536E-06  0.4536E-06  0.0000E+00  0.0000E+00  0.0000E+00  0.0000E+00  0.0000E+00
    -12.931  0.1629E-01  0.3034E-04  0.3034E-04  0.3034E-04  0.0000E+00  0.0000E+00  0.0000E+00  0.0000E+00  0.0000E+00
    -12.797  0.2013E-01  0.7961E-04  0.7961E-04  0.7961E-04  0.0000E+00  0.0000E+00  0.0000E+00  0.0000E+00  0.0000E+00
    -12.663  0.2047E-01  0.1239E-03  0.1239E-03  0.1239E-03  0.0000E+00  0.0000E+00  0.0000E+00  0.0000E+00  0.0000E+00
    -12.529  0.2355E-01  0.1888E-03  0.1888E-03  0.1888E-03  0.0000E+00  0.0000E+00  0.0000E+00  0.0000E+00  0.0000E+00
    -12.395  0.2632E-01  0.2618E-03  0.2618E-03  0.2618E-03  0.0000E+00  0.0000E+00  0.0000E+00  0.0000E+00  0.0000E+00
    -12.260  0.2894E-01  0.3409E-03  0.3409E-03  0.3409E-03  0.0000E+00  0.0000E+00  0.0000E+00  0.0000E+00  0.0000E+00
    -12.126  0.3108E-01  0.4300E-03  0.4300E-03  0.4300E-03  0.0000E+00  0.0000E+00  0.0000E+00  0.0000E+00  0.0000E+00
    -11.992  0.3322E-01  0.5239E-03  0.5239E-03  0.5239E-03  0.0000E+00  0.0000E+00  0.0000E+00  0.0000E+00  0.0000E+00
    -11.858  0.3525E-01  0.6231E-03  0.6231E-03  0.6231E-03  0.0000E+00  0.0000E+00  0.0000E+00  0.0000E+00  0.0000E+00
    -11.724  0.3710E-01  0.7297E-03  0.7297E-03  0.7297E-03  0.0000E+00  0.0000E+00  0.0000E+00  0.0000E+00  0.0000E+00
    -11.590  0.3897E-01  0.8392E-03  0.8392E-03  0.8392E-03  0.0000E+00  0.0000E+00  0.0000E+00  0.0000E+00  0.0000E+00
    -11.456  0.4065E-01  0.9569E-03  0.9569E-03  0.9569E-03  0.0000E+00  0.0000E+00  0.0000E+00  0.0000E+00  0.0000E+00
    -11.321  0.4237E-01  0.1077E-02  0.1077E-02  0.1077E-02  0.0000E+00  0.0000E+00  0.0000E+00  0.0000E+00  0.0000E+00
    -11.187  0.4397E-01  0.1204E-02  0.1204E-02  0.1204E-02  0.0000E+00  0.0000E+00  0.0000E+00  0.0000E+00  0.0000E+00
    -11.053  0.4556E-01  0.1334E-02  0.1334E-02  0.1334E-02  0.0000E+00  0.0000E+00  0.0000E+00  0.0000E+00  0.0000E+00
    -10.919  0.4714E-01  0.1468E-02  0.1468E-02  0.1468E-02  0.0000E+00  0.0000E+00  0.0000E+00  0.0000E+00  0.0000E+00
    -10.785  0.4862E-01  0.1609E-02  0.1609E-02  0.1609E-02  0.0000E+00  0.0000E+00  0.0000E+00  0.0000E+00  0.0000E+00
    -10.651  0.5019E-01  0.1750E-02  0.1750E-02  0.1750E-02  0.0000E+00  0.0000E+00  0.0000E+00  0.0000E+00  0.0000E+00
    -10.517  0.5162E-01  0.1901E-02  0.1901E-02  0.1901E-02  0.0000E+00  0.0000E+00  0.0000E+00  0.0000E+00  0.0000E+00
    -10.383  0.5311E-01  0.2052E-02  0.2052E-02  0.2052E-02  0.0000E+00  0.0000E+00  0.0000E+00  0.0000E+00  0.0000E+00
    -10.248  0.5461E-01  0.2208E-02  0.2208E-02  0.2208E-02  0.0000E+00  0.0000E+00  0.0000E+00  0.0000E+00  0.0000E+00
    -10.114  0.5606E-01  0.2370E-02  0.2370E-02  0.2370E-02  0.0000E+00  0.0000E+00  0.0000E+00  0.0000E+00  0.0000E+00
     -9.980  0.5759E-01  0.2533E-02  0.2533E-02  0.2533E-02  0.0000E+00  0.0000E+00  0.0000E+00  0.0000E+00  0.0000E+00
     -9.846  0.5910E-01  0.2703E-02  0.2703E-02  0.2703E-02  0.0000E+00  0.0000E+00  0.0000E+00  0.0000E+00  0.0000E+00
     -9.712  0.6063E-01  0.2877E-02  0.2877E-02  0.2877E-02  0.0000E+00  0.0000E+00  0.0000E+00  0.0000E+00  0.0000E+00
     -9.578  0.6225E-01  0.3052E-02  0.3052E-02  0.3052E-02  0.0000E+00  0.0000E+00  0.0000E+00  0.0000E+00  0.0000E+00
     -9.444  0.6387E-01  0.3237E-02  0.3237E-02  0.3237E-02  0.0000E+00  0.0000E+00  0.0000E+00  0.0000E+00  0.0000E+00
     -9.309  0.6556E-01  0.3425E-02  0.3425E-02  0.3425E-02  0.0000E+00  0.0000E+00  0.0000E+00  0.0000E+00  0.0000E+00
     -9.175  0.6738E-01  0.3614E-02  0.3614E-02  0.3614E-02  0.0000E+00  0.0000E+00  0.0000E+00  0.0000E+00  0.0000E+00
     -9.041  0.6927E-01  0.3815E-02  0.3815E-02  0.3815E-02  0.0000E+00  0.0000E+00  0.0000E+00  0.0000E+00  0.0000E+00
     -8.907  0.7131E-01  0.4021E-02  0.4021E-02  0.4021E-02  0.0000E+00  0.0000E+00  0.0000E+00  0.0000E+00  0.0000E+00
     -8.773  0.7356E-01  0.4231E-02  0.4231E-02  0.4231E-02  0.0000E+00  0.0000E+00  0.0000E+00  0.0000E+00  0.0000E+00
     -8.639  0.7606E-01  0.4455E-02  0.4455E-02  0.4455E-02  0.0000E+00  0.0000E+00  0.0000E+00  0.0000E+00  0.0000E+00
     -8.505  0.7892E-01  0.4694E-02  0.4694E-02  0.4694E-02  0.0000E+00  0.0000E+00  0.0000E+00  0.0000E+00  0.0000E+00
     -8.370  0.8235E-01  0.4946E-02  0.4946E-02  0.4946E-02  0.0000E+00  0.0000E+00  0.0000E+00  0.0000E+00  0.0000E+00
     -8.236  0.8667E-01  0.5231E-02  0.5231E-02  0.5231E-02  0.0000E+00  0.0000E+00  0.0000E+00  0.0000E+00  0.0000E+00
     -8.102  0.9296E-01  0.5585E-02  0.5585E-02  0.5585E-02  0.0000E+00  0.0000E+00  0.0000E+00  0.0000E+00  0.0000E+00
     -7.968  0.1083E+00  0.6230E-02  0.6230E-02  0.6230E-02  0.0000E+00  0.0000E+00  0.0000E+00  0.0000E+00  0.0000E+00
     -7.834  0.1126E+00  0.6536E-02  0.6536E-02  0.6536E-02  0.0000E+00  0.0000E+00  0.0000E+00  0.0000E+00  0.0000E+00
     -7.700  0.1036E+00  0.6380E-02  0.6380E-02  0.6380E-02  0.0000E+00  0.0000E+00  0.0000E+00  0.0000E+00  0.0000E+00
     -7.566  0.1009E+00  0.6433E-02  0.6433E-02  0.6433E-02  0.0000E+00  0.0000E+00  0.0000E+00  0.0000E+00  0.0000E+00
     -7.431  0.9713E-01  0.6416E-02  0.6416E-02  0.6416E-02  0.0000E+00  0.0000E+00  0.0000E+00  0.0000E+00  0.0000E+00
     -7.297  0.9475E-01  0.6474E-02  0.6474E-02  0.6474E-02  0.0000E+00  0.0000E+00  0.0000E+00  0.0000E+00  0.0000E+00
     -7.163  0.9102E-01  0.6439E-02  0.6439E-02  0.6439E-02  0.0000E+00  0.0000E+00  0.0000E+00  0.0000E+00  0.0000E+00
     -7.029  0.8764E-01  0.6407E-02  0.6407E-02  0.6407E-02  0.0000E+00  0.0000E+00  0.0000E+00  0.0000E+00  0.0000E+00
     -6.895  0.8515E-01  0.6417E-02  0.6417E-02  0.6417E-02  0.0000E+00  0.0000E+00  0.0000E+00  0.0000E+00  0.0000E+00
     -6.761  0.8170E-01  0.6358E-02  0.6358E-02  0.6358E-02  0.0000E+00  0.0000E+00  0.0000E+00  0.0000E+00  0.0000E+00
     -6.627  0.7878E-01  0.6311E-02  0.6311E-02  0.6311E-02  0.0000E+00  0.0000E+00  0.0000E+00  0.0000E+00  0.0000E+00
     -6.492  0.7568E-01  0.6253E-02  0.6253E-02  0.6253E-02  0.0000E+00  0.0000E+00  0.0000E+00  0.0000E+00  0.0000E+00
     -6.358  0.7244E-01  0.6164E-02  0.6164E-02  0.6164E-02  0.0000E+00  0.0000E+00  0.0000E+00  0.0000E+00  0.0000E+00
     -6.224  0.6930E-01  0.6070E-02  0.6070E-02  0.6070E-02  0.0000E+00  0.0000E+00  0.0000E+00  0.0000E+00  0.0000E+00
     -6.090  0.6627E-01  0.5971E-02  0.5971E-02  0.5971E-02  0.0000E+00  0.0000E+00  0.0000E+00  0.0000E+00  0.0000E+00
     -5.956  0.6286E-01  0.5833E-02  0.5833E-02  0.5833E-02  0.0000E+00  0.0000E+00  0.0000E+00  0.0000E+00  0.0000E+00
     -5.822  0.5971E-01  0.5698E-02  0.5698E-02  0.5698E-02  0.0000E+00  0.0000E+00  0.0000E+00  0.0000E+00  0.0000E+00
     -5.688  0.5615E-01  0.5521E-02  0.5521E-02  0.5521E-02  0.0000E+00  0.0000E+00  0.0000E+00  0.0000E+00  0.0000E+00
     -5.554  0.5277E-01  0.5336E-02  0.5336E-02  0.5336E-02  0.0000E+00  0.0000E+00  0.0000E+00  0.0000E+00  0.0000E+00
     -5.419  0.4913E-01  0.5128E-02  0.5128E-02  0.5128E-02  0.0000E+00  0.0000E+00  0.0000E+00  0.0000E+00  0.0000E+00
     -5.285  0.4590E-01  0.4949E-02  0.4949E-02  0.4949E-02  0.0000E+00  0.0000E+00  0.0000E+00  0.0000E+00  0.0000E+00
     -5.151  0.4447E-01  0.5023E-02  0.5023E-02  0.5023E-02  0.0000E+00  0.0000E+00  0.0000E+00  0.0000E+00  0.0000E+00
     -5.017  0.3371E-01  0.3937E-02  0.3937E-02  0.3937E-02  0.0000E+00  0.0000E+00  0.0000E+00  0.0000E+00  0.0000E+00
     -4.883  0.1921E-01  0.2226E-02  0.2226E-02  0.2226E-02  0.0000E+00  0.0000E+00  0.0000E+00  0.0000E+00  0.0000E+00
     -4.749  0.1603E-01  0.4124E-02  0.4124E-02  0.4124E-02  0.0000E+00  0.0000E+00  0.0000E+00  0.0000E+00  0.0000E+00
     -4.615  0.2056E-01  0.6855E-02  0.6855E-02  0.6855E-02  0.0000E+00  0.0000E+00  0.0000E+00  0.0000E+00  0.0000E+00
     -4.480  0.2562E-01  0.9103E-02  0.9103E-02  0.9103E-02  0.0000E+00  0.0000E+00  0.0000E+00  0.0000E+00  0.0000E+00
     -4.346  0.3394E-01  0.1129E-01  0.1129E-01  0.1129E-01  0.0000E+00  0.0000E+00  0.0000E+00  0.0000E+00  0.0000E+00
     -4.212  0.4565E-01  0.1415E-01  0.1415E-01  0.1415E-01  0.0000E+00  0.0000E+00  0.0000E+00  0.0000E+00  0.0000E+00
     -4.078  0.5663E-01  0.1711E-01  0.1711E-01  0.1711E-01  0.0000E+00  0.0000E+00  0.0000E+00  0.0000E+00  0.0000E+00
     -3.944  0.6676E-01  0.1976E-01  0.1976E-01  0.1976E-01  0.0000E+00  0.0000E+00  0.0000E+00  0.0000E+00  0.0000E+00
     -3.810  0.8162E-01  0.2380E-01  0.2380E-01  0.2380E-01  0.0000E+00  0.0000E+00  0.0000E+00  0.0000E+00  0.0000E+00
     -3.676  0.1065E+00  0.3032E-01  0.3032E-01  0.3032E-01  0.0000E+00  0.0000E+00  0.0000E+00  0.0000E+00  0.0000E+00
     -3.541  0.1505E+00  0.4161E-01  0.4161E-01  0.4161E-01  0.0000E+00  0.0000E+00  0.0000E+00  0.0000E+00  0.0000E+00
     -3.407  0.9925E-01  0.2804E-01  0.2804E-01  0.2804E-01  0.0000E+00  0.0000E+00  0.0000E+00  0.0000E+00  0.0000E+00
     -3.273  0.8424E-01  0.2425E-01  0.2425E-01  0.2425E-01  0.0000E+00  0.0000E+00  0.0000E+00  0.0000E+00  0.0000E+00
     -3.139  0.7572E-01  0.2213E-01  0.2213E-01  0.2213E-01  0.0000E+00  0.0000E+00  0.0000E+00  0.0000E+00  0.0000E+00
     -3.005  0.6907E-01  0.2056E-01  0.2056E-01  0.2056E-01  0.0000E+00  0.0000E+00  0.0000E+00  0.0000E+00  0.0000E+00
     -2.871  0.6398E-01  0.1939E-01  0.1939E-01  0.1939E-01  0.0000E+00  0.0000E+00  0.0000E+00  0.0000E+00  0.0000E+00
     -2.737  0.5978E-01  0.1846E-01  0.1846E-01  0.1846E-01  0.0000E+00  0.0000E+00  0.0000E+00  0.0000E+00  0.0000E+00
     -2.602  0.5565E-01  0.1755E-01  0.1755E-01  0.1755E-01  0.0000E+00  0.0000E+00  0.0000E+00  0.0000E+00  0.0000E+00
     -2.468  0.5274E-01  0.1695E-01  0.1695E-01  0.1695E-01  0.0000E+00  0.0000E+00  0.0000E+00  0.0000E+00  0.0000E+00
     -2.334  0.4916E-01  0.1618E-01  0.1618E-01  0.1618E-01  0.0000E+00  0.0000E+00  0.0000E+00  0.0000E+00  0.0000E+00
     -2.200  0.4681E-01  0.1571E-01  0.1571E-01  0.1571E-01  0.0000E+00  0.0000E+00  0.0000E+00  0.0000E+00  0.0000E+00
     -2.066  0.4439E-01  0.1523E-01  0.1523E-01  0.1523E-01  0.0000E+00  0.0000E+00  0.0000E+00  0.0000E+00  0.0000E+00
     -1.932  0.4159E-01  0.1462E-01  0.1462E-01  0.1462E-01  0.0000E+00  0.0000E+00  0.0000E+00  0.0000E+00  0.0000E+00
     -1.798  0.3984E-01  0.1430E-01  0.1430E-01  0.1430E-01  0.0000E+00  0.0000E+00  0.0000E+00  0.0000E+00  0.0000E+00
     -1.663  0.3775E-01  0.1387E-01  0.1387E-01  0.1387E-01  0.0000E+00  0.0000E+00  0.0000E+00  0.0000E+00  0.0000E+00
     -1.529  0.3554E-01  0.1339E-01  0.1339E-01  0.1339E-01  0.0000E+00  0.0000E+00  0.0000E+00  0.0000E+00  0.0000E+00
     -1.395  0.3404E-01  0.1311E-01  0.1311E-01  0.1311E-01  0.0000E+00  0.0000E+00  0.0000E+00  0.0000E+00  0.0000E+00
     -1.261  0.3224E-01  0.1273E-01  0.1273E-01  0.1273E-01  0.0000E+00  0.0000E+00  0.0000E+00  0.0000E+00  0.0000E+00
     -1.127  0.3040E-01  0.1232E-01  0.1232E-01  0.1232E-01  0.0000E+00  0.0000E+00  0.0000E+00  0.0000E+00  0.0000E+00
     -0.993  0.2917E-01  0.1209E-01  0.1209E-01  0.1209E-01  0.0000E+00  0.0000E+00  0.0000E+00  0.0000E+00  0.0000E+00
     -0.859  0.2779E-01  0.1304E-01  0.1304E-01  0.1304E-01  0.0000E+00  0.0000E+00  0.0000E+00  0.0000E+00  0.0000E+00
     -0.724  0.2744E-01  0.2393E-01  0.2393E-01  0.2393E-01  0.0000E+00  0.0000E+00  0.0000E+00  0.0000E+00  0.0000E+00
     -0.590  0.2743E-01  0.2802E-01  0.2802E-01  0.2802E-01  0.0000E+00  0.0000E+00  0.0000E+00  0.0000E+00  0.0000E+00
     -0.456  0.2756E-01  0.3307E-01  0.3307E-01  0.3307E-01  0.0000E+00  0.0000E+00  0.0000E+00  0.0000E+00  0.0000E+00
     -0.322  0.2780E-01  0.3963E-01  0.3963E-01  0.3963E-01  0.0000E+00  0.0000E+00  0.0000E+00  0.0000E+00  0.0000E+00
     -0.188  0.2938E-01  0.4837E-01  0.4837E-01  0.4837E-01  0.0000E+00  0.0000E+00  0.0000E+00  0.0000E+00  0.0000E+00
     -0.054  0.2913E-01  0.4535E-01  0.4535E-01  0.4535E-01  0.0000E+00  0.0000E+00  0.0000E+00  0.0000E+00  0.0000E+00
      0.080  0.2883E-01  0.4384E-01  0.4384E-01  0.4384E-01  0.0000E+00  0.0000E+00  0.0000E+00  0.0000E+00  0.0000E+00
      0.214  0.2848E-01  0.4269E-01  0.4269E-01  0.4269E-01  0.0000E+00  0.0000E+00  0.0000E+00  0.0000E+00  0.0000E+00
      0.349  0.2834E-01  0.4217E-01  0.4217E-01  0.4217E-01  0.0000E+00  0.0000E+00  0.0000E+00  0.0000E+00  0.0000E+00
      0.483  0.2790E-01  0.4365E-01  0.4365E-01  0.4365E-01  0.0000E+00  0.0000E+00  0.0000E+00  0.0000E+00  0.0000E+00
      0.617  0.2722E-01  0.4429E-01  0.4429E-01  0.4429E-01  0.0000E+00  0.0000E+00  0.0000E+00  0.0000E+00  0.0000E+00
      0.751  0.2694E-01  0.4567E-01  0.4567E-01  0.4567E-01  0.0000E+00  0.0000E+00  0.0000E+00  0.0000E+00  0.0000E+00
      0.885  0.2650E-01  0.4728E-01  0.4728E-01  0.4728E-01  0.0000E+00  0.0000E+00  0.0000E+00  0.0000E+00  0.0000E+00
      1.019  0.2593E-01  0.4868E-01  0.4868E-01  0.4868E-01  0.0000E+00  0.0000E+00  0.0000E+00  0.0000E+00  0.0000E+00
      1.153  0.2521E-01  0.5088E-01  0.5088E-01  0.5088E-01  0.0000E+00  0.0000E+00  0.0000E+00  0.0000E+00  0.0000E+00
      1.288  0.2474E-01  0.5323E-01  0.5323E-01  0.5323E-01  0.0000E+00  0.0000E+00  0.0000E+00  0.0000E+00  0.0000E+00
      1.422  0.2424E-01  0.5682E-01  0.5682E-01  0.5682E-01  0.0000E+00  0.0000E+00  0.0000E+00  0.0000E+00  0.0000E+00
      1.556  0.2346E-01  0.5902E-01  0.5902E-01  0.5902E-01  0.0000E+00  0.0000E+00  0.0000E+00  0.0000E+00  0.0000E+00
      1.690  0.2272E-01  0.6422E-01  0.6422E-01  0.6422E-01  0.0000E+00  0.0000E+00  0.0000E+00  0.0000E+00  0.0000E+00
      1.824  0.2214E-01  0.7415E-01  0.7415E-01  0.7415E-01  0.0000E+00  0.0000E+00  0.0000E+00  0.0000E+00  0.0000E+00
      1.958  0.2142E-01  0.8077E-01  0.8077E-01  0.8077E-01  0.0000E+00  0.0000E+00  0.0000E+00  0.0000E+00  0.0000E+00
      2.092  0.2052E-01  0.7924E-01  0.7924E-01  0.7924E-01  0.0000E+00  0.0000E+00  0.0000E+00  0.0000E+00  0.0000E+00
      2.227  0.1976E-01  0.7784E-01  0.7784E-01  0.7784E-01  0.0000E+00  0.0000E+00  0.0000E+00  0.0000E+00  0.0000E+00
      2.361  0.1908E-01  0.7770E-01  0.7770E-01  0.7770E-01  0.0000E+00  0.0000E+00  0.0000E+00  0.0000E+00  0.0000E+00
      2.495  0.1837E-01  0.7704E-01  0.7704E-01  0.7704E-01  0.0000E+00  0.0000E+00  0.0000E+00  0.0000E+00  0.0000E+00
      2.629  0.1757E-01  0.7699E-01  0.7699E-01  0.7699E-01  0.0000E+00  0.0000E+00  0.0000E+00  0.0000E+00  0.0000E+00
      2.763  0.1677E-01  0.7638E-01  0.7638E-01  0.7638E-01  0.0000E+00  0.0000E+00  0.0000E+00  0.0000E+00  0.0000E+00
      2.897  0.1613E-01  0.7622E-01  0.7622E-01  0.7622E-01  0.0000E+00  0.0000E+00  0.0000E+00  0.0000E+00  0.0000E+00
      3.031  0.1548E-01  0.7604E-01  0.7604E-01  0.7604E-01  0.0000E+00  0.0000E+00  0.0000E+00  0.0000E+00  0.0000E+00
      3.166  0.1470E-01  0.7581E-01  0.7581E-01  0.7581E-01  0.0000E+00  0.0000E+00  0.0000E+00  0.0000E+00  0.0000E+00
      3.300  0.1392E-01  0.7526E-01  0.7526E-01  0.7526E-01  0.0000E+00  0.0000E+00  0.0000E+00  0.0000E+00  0.0000E+00
      3.434  0.1332E-01  0.7513E-01  0.7513E-01  0.7513E-01  0.0000E+00  0.0000E+00  0.0000E+00  0.0000E+00  0.0000E+00
      3.568  0.1266E-01  0.7512E-01  0.7512E-01  0.7512E-01  0.0000E+00  0.0000E+00  0.0000E+00  0.0000E+00  0.0000E+00
      3.702  0.1186E-01  0.7469E-01  0.7469E-01  0.7469E-01  0.0000E+00  0.0000E+00  0.0000E+00  0.0000E+00  0.0000E+00
      3.836  0.1106E-01  0.7451E-01  0.7451E-01  0.7451E-01  0.0000E+00  0.0000E+00  0.0000E+00  0.0000E+00  0.0000E+00
      3.970  0.1048E-01  0.7427E-01  0.7427E-01  0.7427E-01  0.0000E+00  0.0000E+00  0.0000E+00  0.0000E+00  0.0000E+00
      4.105  0.9845E-02  0.7420E-01  0.7420E-01  0.7420E-01  0.0000E+00  0.0000E+00  0.0000E+00  0.0000E+00  0.0000E+00
      4.239  0.9165E-02  0.7371E-01  0.7371E-01  0.7371E-01  0.0000E+00  0.0000E+00  0.0000E+00  0.0000E+00  0.0000E+00
      4.373  0.8459E-02  0.7352E-01  0.7352E-01  0.7352E-01  0.0000E+00  0.0000E+00  0.0000E+00  0.0000E+00  0.0000E+00
      4.507  0.7925E-02  0.7344E-01  0.7344E-01  0.7344E-01  0.0000E+00  0.0000E+00  0.0000E+00  0.0000E+00  0.0000E+00
      4.641  0.7371E-02  0.7310E-01  0.7310E-01  0.7310E-01  0.0000E+00  0.0000E+00  0.0000E+00  0.0000E+00  0.0000E+00
      4.775  0.6746E-02  0.7298E-01  0.7298E-01  0.7298E-01  0.0000E+00  0.0000E+00  0.0000E+00  0.0000E+00  0.0000E+00
      4.909  0.6026E-02  0.7241E-01  0.7241E-01  0.7241E-01  0.0000E+00  0.0000E+00  0.0000E+00  0.0000E+00  0.0000E+00
      5.043  0.5465E-02  0.6757E-01  0.6757E-01  0.6757E-01  0.0000E+00  0.0000E+00  0.0000E+00  0.0000E+00  0.0000E+00
      5.178  0.4971E-02  0.5522E-01  0.5522E-01  0.5522E-01  0.0000E+00  0.0000E+00  0.0000E+00  0.0000E+00  0.0000E+00
      5.312  0.4468E-02  0.5032E-01  0.5032E-01  0.5032E-01  0.0000E+00  0.0000E+00  0.0000E+00  0.0000E+00  0.0000E+00
      5.446  0.3936E-02  0.4424E-01  0.4424E-01  0.4424E-01  0.0000E+00  0.0000E+00  0.0000E+00  0.0000E+00  0.0000E+00
      5.580  0.3550E-02  0.4033E-01  0.4033E-01  0.4033E-01  0.0000E+00  0.0000E+00  0.0000E+00  0.0000E+00  0.0000E+00
      5.714  0.3198E-02  0.3708E-01  0.3708E-01  0.3708E-01  0.0000E+00  0.0000E+00  0.0000E+00  0.0000E+00  0.0000E+00
      5.848  0.2827E-02  0.3396E-01  0.3396E-01  0.3396E-01  0.0000E+00  0.0000E+00  0.0000E+00  0.0000E+00  0.0000E+00
      5.982  0.2469E-02  0.3098E-01  0.3098E-01  0.3098E-01  0.0000E+00  0.0000E+00  0.0000E+00  0.0000E+00  0.0000E+00
      6.117  0.2172E-02  0.2839E-01  0.2839E-01  0.2839E-01  0.0000E+00  0.0000E+00  0.0000E+00  0.0000E+00  0.0000E+00
      6.251  0.1881E-02  0.2606E-01  0.2606E-01  0.2606E-01  0.0000E+00  0.0000E+00  0.0000E+00  0.0000E+00  0.0000E+00
      6.385  0.1610E-02  0.2366E-01  0.2366E-01  0.2366E-01  0.0000E+00  0.0000E+00  0.0000E+00  0.0000E+00  0.0000E+00
      6.519  0.1318E-02  0.2143E-01  0.2143E-01  0.2143E-01  0.0000E+00  0.0000E+00  0.0000E+00  0.0000E+00  0.0000E+00
      6.653  0.1097E-02  0.1936E-01  0.1936E-01  0.1936E-01  0.0000E+00  0.0000E+00  0.0000E+00  0.0000E+00  0.0000E+00
      6.787  0.8895E-03  0.1720E-01  0.1720E-01  0.1720E-01  0.0000E+00  0.0000E+00  0.0000E+00  0.0000E+00  0.0000E+00
      6.921  0.6501E-03  0.1522E-01  0.1522E-01  0.1522E-01  0.0000E+00  0.0000E+00  0.0000E+00  0.0000E+00  0.0000E+00
      7.056  0.4901E-03  0.1304E-01  0.1304E-01  0.1304E-01  0.0000E+00  0.0000E+00  0.0000E+00  0.0000E+00  0.0000E+00
      7.190  0.3369E-03  0.1089E-01  0.1089E-01  0.1089E-01  0.0000E+00  0.0000E+00  0.0000E+00  0.0000E+00  0.0000E+00
      7.324  0.1880E-03  0.8805E-02  0.8805E-02  0.8805E-02  0.0000E+00  0.0000E+00  0.0000E+00  0.0000E+00  0.0000E+00
      7.458  0.8290E-04  0.5813E-02  0.5813E-02  0.5813E-02  0.0000E+00  0.0000E+00  0.0000E+00  0.0000E+00  0.0000E+00
      7.592  0.1847E-04  0.2278E-02  0.2278E-02  0.2278E-02  0.0000E+00  0.0000E+00  0.0000E+00  0.0000E+00  0.0000E+00
      7.726  0.0000E+00  0.0000E+00  0.0000E+00  0.0000E+00  0.0000E+00  0.0000E+00  0.0000E+00  0.0000E+00  0.0000E+00
      7.860  0.0000E+00  0.0000E+00  0.0000E+00  0.0000E+00  0.0000E+00  0.0000E+00  0.0000E+00  0.0000E+00  0.0000E+00
      7.995  0.0000E+00  0.0000E+00  0.0000E+00  0.0000E+00  0.0000E+00  0.0000E+00  0.0000E+00  0.0000E+00  0.0000E+00
      8.129  0.0000E+00  0.0000E+00  0.0000E+00  0.0000E+00  0.0000E+00  0.0000E+00  0.0000E+00  0.0000E+00  0.0000E+00
      8.263  0.0000E+00  0.0000E+00  0.0000E+00  0.0000E+00  0.0000E+00  0.0000E+00  0.0000E+00  0.0000E+00  0.0000E+00
      8.397  0.0000E+00  0.0000E+00  0.0000E+00  0.0000E+00  0.0000E+00  0.0000E+00  0.0000E+00  0.0000E+00  0.0000E+00
      8.531  0.0000E+00  0.0000E+00  0.0000E+00  0.0000E+00  0.0000E+00  0.0000E+00  0.0000E+00  0.0000E+00  0.0000E+00
      8.665  0.0000E+00  0.0000E+00  0.0000E+00  0.0000E+00  0.0000E+00  0.0000E+00  0.0000E+00  0.0000E+00  0.0000E+00
      8.799  0.0000E+00  0.0000E+00  0.0000E+00  0.0000E+00  0.0000E+00  0.0000E+00  0.0000E+00  0.0000E+00  0.0000E+00
      8.934  0.0000E+00  0.0000E+00  0.0000E+00  0.0000E+00  0.0000E+00  0.0000E+00  0.0000E+00  0.0000E+00  0.0000E+00
      9.068  0.0000E+00  0.0000E+00  0.0000E+00  0.0000E+00  0.0000E+00  0.0000E+00  0.0000E+00  0.0000E+00  0.0000E+00
      9.202  0.0000E+00  0.0000E+00  0.0000E+00  0.0000E+00  0.0000E+00  0.0000E+00  0.0000E+00  0.0000E+00  0.0000E+00
      9.336  0.0000E+00  0.0000E+00  0.0000E+00  0.0000E+00  0.0000E+00  0.0000E+00  0.0000E+00  0.0000E+00  0.0000E+00
      9.470  0.0000E+00  0.0000E+00  0.0000E+00  0.0000E+00  0.0000E+00  0.0000E+00  0.0000E+00  0.0000E+00  0.0000E+00
      9.604  0.0000E+00  0.0000E+00  0.0000E+00  0.0000E+00  0.0000E+00  0.0000E+00  0.0000E+00  0.0000E+00  0.0000E+00
      9.738  0.0000E+00  0.0000E+00  0.0000E+00  0.0000E+00  0.0000E+00  0.0000E+00  0.0000E+00  0.0000E+00  0.0000E+00
      9.873  0.0000E+00  0.0000E+00  0.0000E+00  0.0000E+00  0.0000E+00  0.0000E+00  0.0000E+00  0.0000E+00  0.0000E+00
     10.007  0.0000E+00  0.0000E+00  0.0000E+00  0.0000E+00  0.0000E+00  0.0000E+00  0.0000E+00  0.0000E+00  0.0000E+00
     10.141  0.0000E+00  0.0000E+00  0.0000E+00  0.0000E+00  0.0000E+00  0.0000E+00  0.0000E+00  0.0000E+00  0.0000E+00
     10.275  0.0000E+00  0.0000E+00  0.0000E+00  0.0000E+00  0.0000E+00  0.0000E+00  0.0000E+00  0.0000E+00  0.0000E+00
     10.409  0.0000E+00  0.0000E+00  0.0000E+00  0.0000E+00  0.0000E+00  0.0000E+00  0.0000E+00  0.0000E+00  0.0000E+00
     10.543  0.0000E+00  0.0000E+00  0.0000E+00  0.0000E+00  0.0000E+00  0.0000E+00  0.0000E+00  0.0000E+00  0.0000E+00
     10.677  0.0000E+00  0.0000E+00  0.0000E+00  0.0000E+00  0.0000E+00  0.0000E+00  0.0000E+00  0.0000E+00  0.0000E+00
     10.811  0.0000E+00  0.0000E+00  0.0000E+00  0.0000E+00  0.0000E+00  0.0000E+00  0.0000E+00  0.0000E+00  0.0000E+00
     10.946  0.0000E+00  0.0000E+00  0.0000E+00  0.0000E+00  0.0000E+00  0.0000E+00  0.0000E+00  0.0000E+00  0.0000E+00
     11.080  0.0000E+00  0.0000E+00  0.0000E+00  0.0000E+00  0.0000E+00  0.0000E+00  0.0000E+00  0.0000E+00  0.0000E+00
     11.214  0.0000E+00  0.0000E+00  0.0000E+00  0.0000E+00  0.0000E+00  0.0000E+00  0.0000E+00  0.0000E+00  0.0000E+00
     11.348  0.0000E+00  0.0000E+00  0.0000E+00  0.0000E+00  0.0000E+00  0.0000E+00  0.0000E+00  0.0000E+00  0.0000E+00
     11.482  0.0000E+00  0.0000E+00  0.0000E+00  0.0000E+00  0.0000E+00  0.0000E+00  0.0000E+00  0.0000E+00  0.0000E+00
     11.616  0.9609E-03  0.3949E-03  0.3949E-03  0.3949E-03  0.0000E+00  0.0000E+00  0.0000E+00  0.0000E+00  0.0000E+00
     11.750  0.7237E-02  0.3209E-02  0.3209E-02  0.3209E-02  0.0000E+00  0.0000E+00  0.0000E+00  0.0000E+00  0.0000E+00
     11.885  0.9730E-02  0.4513E-02  0.4513E-02  0.4513E-02  0.0000E+00  0.0000E+00  0.0000E+00  0.0000E+00  0.0000E+00
     12.019  0.1206E-01  0.5965E-02  0.5965E-02  0.5965E-02  0.0000E+00  0.0000E+00  0.0000E+00  0.0000E+00  0.0000E+00
     12.153  0.1465E-01  0.7584E-02  0.7584E-02  0.7584E-02  0.0000E+00  0.0000E+00  0.0000E+00  0.0000E+00  0.0000E+00
     12.287  0.1808E-01  0.9520E-02  0.9520E-02  0.9520E-02  0.0000E+00  0.0000E+00  0.0000E+00  0.0000E+00  0.0000E+00
     12.421  0.2114E-01  0.1154E-01  0.1154E-01  0.1154E-01  0.0000E+00  0.0000E+00  0.0000E+00  0.0000E+00  0.0000E+00
     12.555  0.2350E-01  0.1357E-01  0.1357E-01  0.1357E-01  0.0000E+00  0.0000E+00  0.0000E+00  0.0000E+00  0.0000E+00
     12.689  0.2560E-01  0.1576E-01  0.1576E-01  0.1576E-01  0.0000E+00  0.0000E+00  0.0000E+00  0.0000E+00  0.0000E+00
     12.824  0.2727E-01  0.1818E-01  0.1818E-01  0.1818E-01  0.0000E+00  0.0000E+00  0.0000E+00  0.0000E+00  0.0000E+00
     12.958  0.2898E-01  0.2187E-01  0.2187E-01  0.2187E-01  0.0000E+00  0.0000E+00  0.0000E+00  0.0000E+00  0.0000E+00
     13.092  0.3043E-01  0.2625E-01  0.2625E-01  0.2625E-01  0.0000E+00  0.0000E+00  0.0000E+00  0.0000E+00  0.0000E+00
     13.226  0.3160E-01  0.2711E-01  0.2711E-01  0.2711E-01  0.0000E+00  0.0000E+00  0.0000E+00  0.0000E+00  0.0000E+00
     13.360  0.3279E-01  0.2868E-01  0.2868E-01  0.2868E-01  0.0000E+00  0.0000E+00  0.0000E+00  0.0000E+00  0.0000E+00
     13.494  0.3406E-01  0.3047E-01  0.3047E-01  0.3047E-01  0.0000E+00  0.0000E+00  0.0000E+00  0.0000E+00  0.0000E+00
     13.628  0.3551E-01  0.3217E-01  0.3217E-01  0.3217E-01  0.0000E+00  0.0000E+00  0.0000E+00  0.0000E+00  0.0000E+00
     13.763  0.3696E-01  0.3413E-01  0.3413E-01  0.3413E-01  0.0000E+00  0.0000E+00  0.0000E+00  0.0000E+00  0.0000E+00
     13.897  0.3843E-01  0.3603E-01  0.3603E-01  0.3603E-01  0.0000E+00  0.0000E+00  0.0000E+00  0.0000E+00  0.0000E+00
     14.031  0.4026E-01  0.3819E-01  0.3819E-01  0.3819E-01  0.0000E+00  0.0000E+00  0.0000E+00  0.0000E+00  0.0000E+00
     14.165  0.4252E-01  0.4046E-01  0.4046E-01  0.4046E-01  0.0000E+00  0.0000E+00  0.0000E+00  0.0000E+00  0.0000E+00
     14.299  0.4544E-01  0.4303E-01  0.4303E-01  0.4303E-01  0.0000E+00  0.0000E+00  0.0000E+00  0.0000E+00  0.0000E+00
     14.433  0.4975E-01  0.4595E-01  0.4595E-01  0.4595E-01  0.0000E+00  0.0000E+00  0.0000E+00  0.0000E+00  0.0000E+00
     14.567  0.5636E-01  0.4934E-01  0.4934E-01  0.4934E-01  0.0000E+00  0.0000E+00  0.0000E+00  0.0000E+00  0.0000E+00
     14.702  0.7985E-01  0.5478E-01  0.5478E-01  0.5478E-01  0.0000E+00  0.0000E+00  0.0000E+00  0.0000E+00  0.0000E+00
     14.836  0.1237E+00  0.6052E-01  0.6052E-01  0.6052E-01  0.0000E+00  0.0000E+00  0.0000E+00  0.0000E+00  0.0000E+00
     14.970  0.1290E+00  0.6358E-01  0.6358E-01  0.6358E-01  0.0000E+00  0.0000E+00  0.0000E+00  0.0000E+00  0.0000E+00
     15.104  0.1201E+00  0.6520E-01  0.6520E-01  0.6520E-01  0.0000E+00  0.0000E+00  0.0000E+00  0.0000E+00  0.0000E+00
     15.238  0.1113E+00  0.6862E-01  0.6862E-01  0.6862E-01  0.0000E+00  0.0000E+00  0.0000E+00  0.0000E+00  0.0000E+00
     15.372  0.1051E+00  0.7619E-01  0.7619E-01  0.7619E-01  0.0000E+00  0.0000E+00  0.0000E+00  0.0000E+00  0.0000E+00
     15.506  0.7617E-01  0.7107E-01  0.7107E-01  0.7107E-01  0.0000E+00  0.0000E+00  0.0000E+00  0.0000E+00  0.0000E+00
     15.640  0.6199E-01  0.7186E-01  0.7186E-01  0.7186E-01  0.0000E+00  0.0000E+00  0.0000E+00  0.0000E+00  0.0000E+00
     15.775  0.6345E-01  0.9929E-01  0.9929E-01  0.9929E-01  0.0000E+00  0.0000E+00  0.0000E+00  0.0000E+00  0.0000E+00
     15.909  0.6299E-01  0.8460E-01  0.8460E-01  0.8460E-01  0.0000E+00  0.0000E+00  0.0000E+00  0.0000E+00  0.0000E+00
     16.043  0.6050E-01  0.7372E-01  0.7372E-01  0.7372E-01  0.0000E+00  0.0000E+00  0.0000E+00  0.0000E+00  0.0000E+00
     16.177  0.6075E-01  0.7130E-01  0.7130E-01  0.7130E-01  0.0000E+00  0.0000E+00  0.0000E+00  0.0000E+00  0.0000E+00
     16.311  0.5847E-01  0.6651E-01  0.6651E-01  0.6651E-01  0.0000E+00  0.0000E+00  0.0000E+00  0.0000E+00  0.0000E+00
     16.445  0.5875E-01  0.6611E-01  0.6611E-01  0.6611E-01  0.0000E+00  0.0000E+00  0.0000E+00  0.0000E+00  0.0000E+00
     16.579  0.5718E-01  0.6402E-01  0.6402E-01  0.6402E-01  0.0000E+00  0.0000E+00  0.0000E+00  0.0000E+00  0.0000E+00
     16.714  0.5771E-01  0.6324E-01  0.6324E-01  0.6324E-01  0.0000E+00  0.0000E+00  0.0000E+00  0.0000E+00  0.0000E+00
     16.848  0.5885E-01  0.6334E-01  0.6334E-01  0.6334E-01  0.0000E+00  0.0000E+00  0.0000E+00  0.0000E+00  0.0000E+00
     16.982  0.5994E-01  0.6268E-01  0.6268E-01  0.6268E-01  0.0000E+00  0.0000E+00  0.0000E+00  0.0000E+00  0.0000E+00
     17.116  0.6470E-01  0.6328E-01  0.6328E-01  0.6328E-01  0.0000E+00  0.0000E+00  0.0000E+00  0.0000E+00  0.0000E+00
     17.250  0.8657E-01  0.7135E-01  0.7135E-01  0.7135E-01  0.0000E+00  0.0000E+00  0.0000E+00  0.0000E+00  0.0000E+00
     17.384  0.6290E-01  0.6358E-01  0.6358E-01  0.6358E-01  0.0000E+00  0.0000E+00  0.0000E+00  0.0000E+00  0.0000E+00
     17.518  0.4425E-01  0.5497E-01  0.5497E-01  0.5497E-01  0.0000E+00  0.0000E+00  0.0000E+00  0.0000E+00  0.0000E+00
     17.653  0.3755E-01  0.5158E-01  0.5158E-01  0.5158E-01  0.0000E+00  0.0000E+00  0.0000E+00  0.0000E+00  0.0000E+00
     17.787  0.3483E-01  0.4992E-01  0.4992E-01  0.4992E-01  0.0000E+00  0.0000E+00  0.0000E+00  0.0000E+00  0.0000E+00
     17.921  0.3712E-01  0.5345E-01  0.5345E-01  0.5345E-01  0.0000E+00  0.0000E+00  0.0000E+00  0.0000E+00  0.0000E+00
     18.055  0.4836E-01  0.5878E-01  0.5878E-01  0.5878E-01  0.0000E+00  0.0000E+00  0.0000E+00  0.0000E+00  0.0000E+00
     18.189  0.5551E-01  0.6521E-01  0.6521E-01  0.6521E-01  0.0000E+00  0.0000E+00  0.0000E+00  0.0000E+00  0.0000E+00
     18.323  0.6254E-01  0.6612E-01  0.6612E-01  0.6612E-01  0.0000E+00  0.0000E+00  0.0000E+00  0.0000E+00  0.0000E+00
     18.457  0.6894E-01  0.6499E-01  0.6499E-01  0.6499E-01  0.0000E+00  0.0000E+00  0.0000E+00  0.0000E+00  0.0000E+00
     18.592  0.8172E-01  0.6809E-01  0.6809E-01  0.6809E-01  0.0000E+00  0.0000E+00  0.0000E+00  0.0000E+00  0.0000E+00
     18.726  0.7499E-01  0.6646E-01  0.6646E-01  0.6646E-01  0.0000E+00  0.0000E+00  0.0000E+00  0.0000E+00  0.0000E+00
     18.860  0.7309E-01  0.6872E-01  0.6872E-01  0.6872E-01  0.0000E+00  0.0000E+00  0.0000E+00  0.0000E+00  0.0000E+00
     18.994  0.7101E-01  0.6934E-01  0.6934E-01  0.6934E-01  0.0000E+00  0.0000E+00  0.0000E+00  0.0000E+00  0.0000E+00
     19.128  0.6674E-01  0.6801E-01  0.6801E-01  0.6801E-01  0.0000E+00  0.0000E+00  0.0000E+00  0.0000E+00  0.0000E+00
     19.262  0.6659E-01  0.7146E-01  0.7146E-01  0.7146E-01  0.0000E+00  0.0000E+00  0.0000E+00  0.0000E+00  0.0000E+00
     19.396  0.6376E-01  0.7271E-01  0.7271E-01  0.7271E-01  0.0000E+00  0.0000E+00  0.0000E+00  0.0000E+00  0.0000E+00
     19.531  0.6104E-01  0.7079E-01  0.7079E-01  0.7079E-01  0.0000E+00  0.0000E+00  0.0000E+00  0.0000E+00  0.0000E+00
     19.665  0.5949E-01  0.7320E-01  0.7320E-01  0.7320E-01  0.0000E+00  0.0000E+00  0.0000E+00  0.0000E+00  0.0000E+00
     19.799  0.5686E-01  0.7344E-01  0.7344E-01  0.7344E-01  0.0000E+00  0.0000E+00  0.0000E+00  0.0000E+00  0.0000E+00
     19.933  0.5240E-01  0.7718E-01  0.7718E-01  0.7718E-01  0.0000E+00  0.0000E+00  0.0000E+00  0.0000E+00  0.0000E+00
     20.067  0.4726E-01  0.7495E-01  0.7495E-01  0.7495E-01  0.0000E+00  0.0000E+00  0.0000E+00  0.0000E+00  0.0000E+00
     20.201  0.3733E-01  0.6488E-01  0.6488E-01  0.6488E-01  0.0000E+00  0.0000E+00  0.0000E+00  0.0000E+00  0.0000E+00
     20.335  0.3492E-01  0.6628E-01  0.6628E-01  0.6628E-01  0.0000E+00  0.0000E+00  0.0000E+00  0.0000E+00  0.0000E+00
     20.470  0.3132E-01  0.6560E-01  0.6560E-01  0.6560E-01  0.0000E+00  0.0000E+00  0.0000E+00  0.0000E+00  0.0000E+00
     20.604  0.3299E-01  0.7229E-01  0.7229E-01  0.7229E-01  0.0000E+00  0.0000E+00  0.0000E+00  0.0000E+00  0.0000E+00
     20.738  0.3768E-01  0.8463E-01  0.8463E-01  0.8463E-01  0.0000E+00  0.0000E+00  0.0000E+00  0.0000E+00  0.0000E+00
     20.872  0.4512E-01  0.1049E+00  0.1049E+00  0.1049E+00  0.0000E+00  0.0000E+00  0.0000E+00  0.0000E+00  0.0000E+00
     21.006  0.4559E-01  0.1098E+00  0.1098E+00  0.1098E+00  0.0000E+00  0.0000E+00  0.0000E+00  0.0000E+00  0.0000E+00
     21.140  0.3338E-01  0.8839E-01  0.8839E-01  0.8839E-01  0.0000E+00  0.0000E+00  0.0000E+00  0.0000E+00  0.0000E+00
     21.274  0.2808E-01  0.8102E-01  0.8102E-01  0.8102E-01  0.0000E+00  0.0000E+00  0.0000E+00  0.0000E+00  0.0000E+00
     21.408  0.2433E-01  0.7699E-01  0.7699E-01  0.7699E-01  0.0000E+00  0.0000E+00  0.0000E+00  0.0000E+00  0.0000E+00
     21.543  0.2073E-01  0.7130E-01  0.7130E-01  0.7130E-01  0.0000E+00  0.0000E+00  0.0000E+00  0.0000E+00  0.0000E+00
     21.677  0.1796E-01  0.6732E-01  0.6732E-01  0.6732E-01  0.0000E+00  0.0000E+00  0.0000E+00  0.0000E+00  0.0000E+00
     21.811  0.1515E-01  0.6349E-01  0.6349E-01  0.6349E-01  0.0000E+00  0.0000E+00  0.0000E+00  0.0000E+00  0.0000E+00
     21.945  0.1276E-01  0.6014E-01  0.6014E-01  0.6014E-01  0.0000E+00  0.0000E+00  0.0000E+00  0.0000E+00  0.0000E+00
     22.079  0.1044E-01  0.5572E-01  0.5572E-01  0.5572E-01  0.0000E+00  0.0000E+00  0.0000E+00  0.0000E+00  0.0000E+00
     22.213  0.8375E-02  0.5148E-01  0.5148E-01  0.5148E-01  0.0000E+00  0.0000E+00  0.0000E+00  0.0000E+00  0.0000E+00
     22.347  0.6422E-02  0.4805E-01  0.4805E-01  0.4805E-01  0.0000E+00  0.0000E+00  0.0000E+00  0.0000E+00  0.0000E+00
     22.482  0.4687E-02  0.4280E-01  0.4280E-01  0.4280E-01  0.0000E+00  0.0000E+00  0.0000E+00  0.0000E+00  0.0000E+00
     22.616  0.3049E-02  0.3736E-01  0.3736E-01  0.3736E-01  0.0000E+00  0.0000E+00  0.0000E+00  0.0000E+00  0.0000E+00
     22.750  0.1400E-02  0.2451E-01  0.2451E-01  0.2451E-01  0.0000E+00  0.0000E+00  0.0000E+00  0.0000E+00  0.0000E+00
     22.884  0.6325E-03  0.1632E-01  0.1632E-01  0.1632E-01  0.0000E+00  0.0000E+00  0.0000E+00  0.0000E+00  0.0000E+00
     23.018  0.2585E-03  0.1176E-01  0.1176E-01  0.1176E-01  0.0000E+00  0.0000E+00  0.0000E+00  0.0000E+00  0.0000E+00
     23.152  0.1954E-04  0.3653E-02  0.3653E-02  0.3653E-02  0.0000E+00  0.0000E+00  0.0000E+00  0.0000E+00  0.0000E+00
     23.286  0.3154E-06  0.1613E-03  0.1613E-03  0.1613E-03  0.0000E+00  0.0000E+00  0.0000E+00  0.0000E+00  0.0000E+00
     23.421  0.0000E+00  0.0000E+00  0.0000E+00  0.0000E+00  0.0000E+00  0.0000E+00  0.0000E+00  0.0000E+00  0.0000E+00
     23.555  0.0000E+00  0.0000E+00  0.0000E+00  0.0000E+00  0.0000E+00  0.0000E+00  0.0000E+00  0.0000E+00  0.0000E+00
     23.689  0.0000E+00  0.0000E+00  0.0000E+00  0.0000E+00  0.0000E+00  0.0000E+00  0.0000E+00  0.0000E+00  0.0000E+00
     23.823  0.0000E+00  0.0000E+00  0.0000E+00  0.0000E+00  0.0000E+00  0.0000E+00  0.0000E+00  0.0000E+00  0.0000E+00
     23.957  0.0000E+00  0.0000E+00  0.0000E+00  0.0000E+00  0.0000E+00  0.0000E+00  0.0000E+00  0.0000E+00  0.0000E+00
     24.091  0.0000E+00  0.0000E+00  0.0000E+00  0.0000E+00  0.0000E+00  0.0000E+00  0.0000E+00  0.0000E+00  0.0000E+00
     24.225  0.0000E+00  0.0000E+00  0.0000E+00  0.0000E+00  0.0000E+00  0.0000E+00  0.0000E+00  0.0000E+00  0.0000E+00
     24.360  0.0000E+00  0.0000E+00  0.0000E+00  0.0000E+00  0.0000E+00  0.0000E+00  0.0000E+00  0.0000E+00  0.0000E+00
     24.494  0.0000E+00  0.0000E+00  0.0000E+00  0.0000E+00  0.0000E+00  0.0000E+00  0.0000E+00  0.0000E+00  0.0000E+00
     24.628  0.0000E+00  0.0000E+00  0.0000E+00  0.0000E+00  0.0000E+00  0.0000E+00  0.0000E+00  0.0000E+00  0.0000E+00
     24.762  0.0000E+00  0.0000E+00  0.0000E+00  0.0000E+00  0.0000E+00  0.0000E+00  0.0000E+00  0.0000E+00  0.0000E+00
     24.896  0.0000E+00  0.0000E+00  0.0000E+00  0.0000E+00  0.0000E+00  0.0000E+00  0.0000E+00  0.0000E+00  0.0000E+00
     25.030  0.0000E+00  0.0000E+00  0.0000E+00  0.0000E+00  0.0000E+00  0.0000E+00  0.0000E+00  0.0000E+00  0.0000E+00
     25.164  0.0000E+00  0.0000E+00  0.0000E+00  0.0000E+00  0.0000E+00  0.0000E+00  0.0000E+00  0.0000E+00  0.0000E+00
