   2   2   1   0
  0.5510060E+01  0.2497854E-09  0.2497854E-09  0.2497854E-09  0.5000000E-15
  1.000000000000000E-004
  CAR 
 C                                       
     30.51985137    -15.03395886  301     10.13265464      1.00000000
    -15.034  0.0000E+00  0.0000E+00
    -14.882  0.0000E+00  0.0000E+00
    -14.730  0.0000E+00  0.0000E+00
    -14.578  0.0000E+00  0.0000E+00
    -14.427  0.0000E+00  0.0000E+00
    -14.275  0.0000E+00  0.0000E+00
    -14.123  0.0000E+00  0.0000E+00
    -13.971  0.0000E+00  0.0000E+00
    -13.819  0.0000E+00  0.0000E+00
    -13.667  0.0000E+00  0.0000E+00
    -13.515  0.0000E+00  0.0000E+00
    -13.364  0.0000E+00  0.0000E+00
    -13.212  0.0000E+00  0.0000E+00
    -13.060  0.0000E+00  0.0000E+00
    -12.908  0.2517E-01  0.7283E-03
    -12.756  0.5780E-01  0.6104E-02
    -12.604  0.6245E-01  0.1424E-01
    -12.453  0.7270E-01  0.2440E-01
    -12.301  0.8324E-01  0.3625E-01
    -12.149  0.9262E-01  0.4957E-01
    -11.997  0.1008E+00  0.6426E-01
    -11.845  0.1088E+00  0.8020E-01
    -11.693  0.1164E+00  0.9728E-01
    -11.542  0.1232E+00  0.1155E+00
    -11.390  0.1302E+00  0.1347E+00
    -11.238  0.1364E+00  0.1550E+00
    -11.086  0.1429E+00  0.1762E+00
    -10.934  0.1488E+00  0.1983E+00
    -10.782  0.1549E+00  0.2214E+00
    -10.630  0.1604E+00  0.2453E+00
    -10.479  0.1663E+00  0.2701E+00
    -10.327  0.1716E+00  0.2958E+00
    -10.175  0.1771E+00  0.3223E+00
    -10.023  0.1825E+00  0.3496E+00
     -9.871  0.1878E+00  0.3777E+00
     -9.719  0.1933E+00  0.4066E+00
     -9.568  0.1983E+00  0.4363E+00
     -9.416  0.2036E+00  0.4669E+00
     -9.264  0.2089E+00  0.4982E+00
     -9.112  0.2141E+00  0.5303E+00
     -8.960  0.2195E+00  0.5632E+00
     -8.808  0.2248E+00  0.5970E+00
     -8.656  0.2302E+00  0.6315E+00
     -8.505  0.2358E+00  0.6669E+00
     -8.353  0.2416E+00  0.7031E+00
     -8.201  0.2474E+00  0.7402E+00
     -8.049  0.2537E+00  0.7783E+00
     -7.897  0.2602E+00  0.8173E+00
     -7.745  0.2672E+00  0.8573E+00
     -7.594  0.2749E+00  0.8985E+00
     -7.442  0.2835E+00  0.9409E+00
     -7.290  0.2936E+00  0.9847E+00
     -7.138  0.3064E+00  0.1030E+01
     -6.986  0.3251E+00  0.1078E+01
     -6.834  0.3751E+00  0.1130E+01
     -6.682  0.3594E+00  0.1186E+01
     -6.531  0.3552E+00  0.1239E+01
     -6.379  0.3373E+00  0.1291E+01
     -6.227  0.3298E+00  0.1342E+01
     -6.075  0.3174E+00  0.1391E+01
     -5.923  0.3090E+00  0.1439E+01
     -5.771  0.2995E+00  0.1485E+01
     -5.620  0.2886E+00  0.1530E+01
     -5.468  0.2793E+00  0.1573E+01
     -5.316  0.2697E+00  0.1615E+01
     -5.164  0.2589E+00  0.1655E+01
     -5.012  0.2501E+00  0.1693E+01
     -4.860  0.2388E+00  0.1730E+01
     -4.708  0.2289E+00  0.1766E+01
     -4.557  0.2180E+00  0.1800E+01
     -4.405  0.2076E+00  0.1832E+01
     -4.253  0.1963E+00  0.1863E+01
     -4.101  0.2348E+00  0.1895E+01
     -3.949  0.2513E+00  0.1932E+01
     -3.797  0.2713E+00  0.1972E+01
     -3.646  0.2504E+00  0.2012E+01
     -3.494  0.2107E+00  0.2046E+01
     -3.342  0.2195E+00  0.2079E+01
     -3.190  0.2330E+00  0.2113E+01
     -3.038  0.2559E+00  0.2150E+01
     -2.886  0.2927E+00  0.2191E+01
     -2.734  0.3468E+00  0.2240E+01
     -2.583  0.4171E+00  0.2298E+01
     -2.431  0.5156E+00  0.2367E+01
     -2.279  0.6689E+00  0.2459E+01
     -2.127  0.5767E+00  0.2554E+01
     -1.975  0.4623E+00  0.2631E+01
     -1.823  0.4194E+00  0.2698E+01
     -1.672  0.3823E+00  0.2759E+01
     -1.520  0.3617E+00  0.2815E+01
     -1.368  0.3361E+00  0.2868E+01
     -1.216  0.3221E+00  0.2918E+01
     -1.064  0.3022E+00  0.2966E+01
     -0.912  0.2910E+00  0.3011E+01
     -0.760  0.2768E+00  0.3054E+01
     -0.609  0.2644E+00  0.3095E+01
     -0.457  0.2549E+00  0.3134E+01
     -0.305  0.2407E+00  0.3172E+01
     -0.153  0.2338E+00  0.3208E+01
     -0.001  0.2609E+00  0.3243E+01
      0.151  0.3125E+00  0.3287E+01
      0.302  0.3530E+00  0.3338E+01
      0.454  0.3847E+00  0.3394E+01
      0.606  0.4363E+00  0.3456E+01
      0.758  0.5124E+00  0.3528E+01
      0.910  0.5013E+00  0.3605E+01
      1.062  0.4835E+00  0.3679E+01
      1.214  0.4750E+00  0.3752E+01
      1.365  0.4640E+00  0.3823E+01
      1.517  0.4812E+00  0.3895E+01
      1.669  0.4830E+00  0.3968E+01
      1.821  0.4880E+00  0.4042E+01
      1.973  0.4988E+00  0.4117E+01
      2.125  0.5128E+00  0.4194E+01
      2.276  0.5197E+00  0.4272E+01
      2.428  0.5304E+00  0.4351E+01
      2.580  0.5525E+00  0.4433E+01
      2.732  0.5639E+00  0.4518E+01
      2.884  0.5928E+00  0.4606E+01
      3.036  0.6184E+00  0.4697E+01
      3.188  0.6632E+00  0.4795E+01
      3.339  0.7662E+00  0.4903E+01
      3.491  0.7459E+00  0.5016E+01
      3.643  0.7358E+00  0.5127E+01
      3.795  0.7245E+00  0.5238E+01
      3.947  0.7131E+00  0.5347E+01
      4.099  0.7078E+00  0.5455E+01
      4.250  0.7012E+00  0.5562E+01
      4.402  0.6900E+00  0.5667E+01
      4.554  0.6841E+00  0.5771E+01
      4.706  0.6784E+00  0.5875E+01
      4.858  0.6689E+00  0.5977E+01
      5.010  0.6628E+00  0.6078E+01
      5.162  0.6562E+00  0.6179E+01
      5.313  0.6487E+00  0.6278E+01
      5.465  0.6425E+00  0.6376E+01
      5.617  0.6337E+00  0.6473E+01
      5.769  0.6283E+00  0.6568E+01
      5.921  0.6205E+00  0.6663E+01
      6.073  0.6146E+00  0.6757E+01
      6.224  0.6065E+00  0.6850E+01
      6.376  0.6010E+00  0.6941E+01
      6.528  0.5950E+00  0.7032E+01
      6.680  0.5882E+00  0.7122E+01
      6.832  0.5794E+00  0.7211E+01
      6.984  0.5710E+00  0.7298E+01
      7.136  0.5167E+00  0.7382E+01
      7.287  0.4333E+00  0.7451E+01
      7.439  0.3822E+00  0.7512E+01
      7.591  0.3482E+00  0.7567E+01
      7.743  0.3174E+00  0.7618E+01
      7.895  0.2897E+00  0.7664E+01
      8.047  0.2669E+00  0.7706E+01
      8.198  0.2450E+00  0.7745E+01
      8.350  0.2244E+00  0.7780E+01
      8.502  0.2050E+00  0.7813E+01
      8.654  0.1873E+00  0.7843E+01
      8.806  0.1698E+00  0.7870E+01
      8.958  0.1533E+00  0.7894E+01
      9.110  0.1377E+00  0.7917E+01
      9.261  0.1217E+00  0.7936E+01
      9.413  0.1063E+00  0.7954E+01
      9.565  0.9077E-01  0.7968E+01
      9.717  0.7548E-01  0.7981E+01
      9.869  0.5666E-01  0.7991E+01
     10.021  0.3918E-01  0.7998E+01
     10.172  0.4441E-02  0.8000E+01
     10.324  0.0000E+00  0.8000E+01
     10.476  0.0000E+00  0.8000E+01
     10.628  0.0000E+00  0.8000E+01
     10.780  0.0000E+00  0.8000E+01
     10.932  0.0000E+00  0.8000E+01
     11.084  0.0000E+00  0.8000E+01
     11.235  0.0000E+00  0.8000E+01
     11.387  0.0000E+00  0.8000E+01
     11.539  0.0000E+00  0.8000E+01
     11.691  0.0000E+00  0.8000E+01
     11.843  0.0000E+00  0.8000E+01
     11.995  0.0000E+00  0.8000E+01
     12.146  0.0000E+00  0.8000E+01
     12.298  0.0000E+00  0.8000E+01
     12.450  0.0000E+00  0.8000E+01
     12.602  0.0000E+00  0.8000E+01
     12.754  0.0000E+00  0.8000E+01
     12.906  0.0000E+00  0.8000E+01
     13.058  0.0000E+00  0.8000E+01
     13.209  0.0000E+00  0.8000E+01
     13.361  0.0000E+00  0.8000E+01
     13.513  0.0000E+00  0.8000E+01
     13.665  0.0000E+00  0.8000E+01
     13.817  0.0000E+00  0.8000E+01
     13.969  0.0000E+00  0.8000E+01
     14.120  0.0000E+00  0.8000E+01
     14.272  0.0000E+00  0.8000E+01
     14.424  0.0000E+00  0.8000E+01
     14.576  0.2788E-01  0.8001E+01
     14.728  0.8423E-01  0.8009E+01
     14.880  0.1016E+00  0.8022E+01
     15.032  0.1318E+00  0.8040E+01
     15.183  0.1689E+00  0.8062E+01
     15.335  0.2087E+00  0.8091E+01
     15.487  0.2435E+00  0.8125E+01
     15.639  0.2737E+00  0.8164E+01
     15.791  0.3047E+00  0.8208E+01
     15.943  0.3399E+00  0.8257E+01
     16.094  0.3989E+00  0.8312E+01
     16.246  0.4082E+00  0.8373E+01
     16.398  0.4254E+00  0.8436E+01
     16.550  0.4448E+00  0.8502E+01
     16.702  0.4638E+00  0.8571E+01
     16.854  0.4828E+00  0.8643E+01
     17.006  0.5010E+00  0.8718E+01
     17.157  0.5210E+00  0.8796E+01
     17.309  0.5418E+00  0.8876E+01
     17.461  0.5636E+00  0.8960E+01
     17.613  0.5870E+00  0.9048E+01
     17.765  0.6102E+00  0.9138E+01
     17.917  0.6362E+00  0.9233E+01
     18.068  0.6645E+00  0.9332E+01
     18.220  0.6982E+00  0.9435E+01
     18.372  0.7368E+00  0.9544E+01
     18.524  0.7852E+00  0.9660E+01
     18.676  0.8544E+00  0.9784E+01
     18.828  0.1034E+01  0.9924E+01
     18.980  0.1075E+01  0.1009E+02
     19.131  0.9060E+00  0.1024E+02
     19.283  0.7657E+00  0.1036E+02
     19.435  0.1003E+01  0.1049E+02
     19.587  0.8940E+00  0.1063E+02
     19.739  0.8796E+00  0.1076E+02
     19.891  0.8380E+00  0.1089E+02
     20.042  0.8167E+00  0.1101E+02
     20.194  0.7780E+00  0.1113E+02
     20.346  0.7801E+00  0.1125E+02
     20.498  0.7613E+00  0.1137E+02
     20.650  0.7875E+00  0.1149E+02
     20.802  0.7617E+00  0.1160E+02
     20.954  0.7384E+00  0.1172E+02
     21.105  0.7153E+00  0.1183E+02
     21.257  0.6813E+00  0.1194E+02
     21.409  0.6610E+00  0.1204E+02
     21.561  0.6595E+00  0.1214E+02
     21.713  0.5845E+00  0.1223E+02
     21.865  0.5052E+00  0.1231E+02
     22.016  0.4802E+00  0.1239E+02
     22.168  0.5305E+00  0.1246E+02
     22.320  0.5206E+00  0.1254E+02
     22.472  0.5574E+00  0.1262E+02
     22.624  0.5473E+00  0.1270E+02
     22.776  0.5739E+00  0.1279E+02
     22.928  0.6085E+00  0.1288E+02
     23.079  0.6023E+00  0.1297E+02
     23.231  0.6384E+00  0.1306E+02
     23.383  0.6272E+00  0.1316E+02
     23.535  0.6494E+00  0.1326E+02
     23.687  0.6702E+00  0.1336E+02
     23.839  0.6543E+00  0.1346E+02
     23.990  0.6569E+00  0.1356E+02
     24.142  0.6717E+00  0.1366E+02
     24.294  0.6940E+00  0.1376E+02
     24.446  0.7014E+00  0.1387E+02
     24.598  0.7295E+00  0.1398E+02
     24.750  0.8196E+00  0.1409E+02
     24.902  0.9685E+00  0.1422E+02
     25.053  0.9050E+00  0.1436E+02
     25.205  0.7411E+00  0.1448E+02
     25.357  0.7108E+00  0.1459E+02
     25.509  0.7179E+00  0.1470E+02
     25.661  0.8054E+00  0.1481E+02
     25.813  0.8628E+00  0.1494E+02
     25.964  0.8181E+00  0.1507E+02
     26.116  0.7284E+00  0.1519E+02
     26.268  0.6676E+00  0.1529E+02
     26.420  0.6341E+00  0.1539E+02
     26.572  0.5969E+00  0.1548E+02
     26.724  0.5745E+00  0.1557E+02
     26.876  0.5435E+00  0.1566E+02
     27.027  0.5970E+00  0.1574E+02
     27.179  0.3842E+00  0.1581E+02
     27.331  0.2204E+00  0.1585E+02
     27.483  0.1995E+00  0.1588E+02
     27.635  0.1774E+00  0.1591E+02
     27.787  0.1550E+00  0.1593E+02
     27.938  0.1343E+00  0.1596E+02
     28.090  0.1070E+00  0.1597E+02
     28.242  0.7980E-01  0.1599E+02
     28.394  0.5009E-01  0.1600E+02
     28.546  0.2220E-02  0.1600E+02
     28.698  0.0000E+00  0.1600E+02
     28.850  0.0000E+00  0.1600E+02
     29.001  0.0000E+00  0.1600E+02
     29.153  0.0000E+00  0.1600E+02
     29.305  0.0000E+00  0.1600E+02
     29.457  0.0000E+00  0.1600E+02
     29.609  0.0000E+00  0.1600E+02
     29.761  0.0000E+00  0.1600E+02
     29.912  0.0000E+00  0.1600E+02
     30.064  0.0000E+00  0.1600E+02
     30.216  0.0000E+00  0.1600E+02
     30.368  0.0000E+00  0.1600E+02
     30.520  0.0000E+00  0.1600E+02
     30.51985137    -15.03395886  301     10.13265464      1.00000000
    -15.034  0.0000E+00  0.0000E+00  0.0000E+00  0.0000E+00  0.0000E+00  0.0000E+00  0.0000E+00  0.0000E+00  0.0000E+00
    -14.882  0.0000E+00  0.0000E+00  0.0000E+00  0.0000E+00  0.0000E+00  0.0000E+00  0.0000E+00  0.0000E+00  0.0000E+00
    -14.730  0.0000E+00  0.0000E+00  0.0000E+00  0.0000E+00  0.0000E+00  0.0000E+00  0.0000E+00  0.0000E+00  0.0000E+00
    -14.578  0.0000E+00  0.0000E+00  0.0000E+00  0.0000E+00  0.0000E+00  0.0000E+00  0.0000E+00  0.0000E+00  0.0000E+00
    -14.427  0.0000E+00  0.0000E+00  0.0000E+00  0.0000E+00  0.0000E+00  0.0000E+00  0.0000E+00  0.0000E+00  0.0000E+00
    -14.275  0.0000E+00  0.0000E+00  0.0000E+00  0.0000E+00  0.0000E+00  0.0000E+00  0.0000E+00  0.0000E+00  0.0000E+00
    -14.123  0.0000E+00  0.0000E+00  0.0000E+00  0.0000E+00  0.0000E+00  0.0000E+00  0.0000E+00  0.0000E+00  0.0000E+00
    -13.971  0.0000E+00  0.0000E+00  0.0000E+00  0.0000E+00  0.0000E+00  0.0000E+00  0.0000E+00  0.0000E+00  0.0000E+00
    -13.819  0.0000E+00  0.0000E+00  0.0000E+00  0.0000E+00  0.0000E+00  0.0000E+00  0.0000E+00  0.0000E+00  0.0000E+00
    -13.667  0.0000E+00  0.0000E+00  0.0000E+00  0.0000E+00  0.0000E+00  0.0000E+00  0.0000E+00  0.0000E+00  0.0000E+00
    -13.515  0.0000E+00  0.0000E+00  0.0000E+00  0.0000E+00  0.0000E+00  0.0000E+00  0.0000E+00  0.0000E+00  0.0000E+00
    -13.364  0.0000E+00  0.0000E+00  0.0000E+00  0.0000E+00  0.0000E+00  0.0000E+00  0.0000E+00  0.0000E+00  0.0000E+00
    -13.212  0.0000E+00  0.0000E+00  0.0000E+00  0.0000E+00  0.0000E+00  0.0000E+00  0.0000E+00  0.0000E+00  0.0000E+00
    -13.060  0.0000E+00  0.0000E+00  0.0000E+00  0.0000E+00  0.0000E+00  0.0000E+00  0.0000E+00  0.0000E+00  0.0000E+00
    -12.908  0.7190E-02  0.5651E-05  0.5651E-05  0.5651E-05  0.0000E+00  0.0000E+00  0.0000E+00  0.0000E+00  0.0000E+00
    -12.756  0.1644E-01  0.4693E-04  0.4693E-04  0.4693E-04  0.0000E+00  0.0000E+00  0.0000E+00  0.0000E+00  0.0000E+00
    -12.604  0.1767E-01  0.9635E-04  0.9635E-04  0.9635E-04  0.0000E+00  0.0000E+00  0.0000E+00  0.0000E+00  0.0000E+00
    -12.453  0.2046E-01  0.1598E-03  0.1598E-03  0.1598E-03  0.0000E+00  0.0000E+00  0.0000E+00  0.0000E+00  0.0000E+00
    -12.301  0.2332E-01  0.2354E-03  0.2354E-03  0.2354E-03  0.0000E+00  0.0000E+00  0.0000E+00  0.0000E+00  0.0000E+00
    -12.149  0.2583E-01  0.3200E-03  0.3200E-03  0.3200E-03  0.0000E+00  0.0000E+00  0.0000E+00  0.0000E+00  0.0000E+00
    -11.997  0.2797E-01  0.4146E-03  0.4146E-03  0.4146E-03  0.0000E+00  0.0000E+00  0.0000E+00  0.0000E+00  0.0000E+00
    -11.845  0.3004E-01  0.5155E-03  0.5155E-03  0.5155E-03  0.0000E+00  0.0000E+00  0.0000E+00  0.0000E+00  0.0000E+00
    -11.693  0.3201E-01  0.6220E-03  0.6220E-03  0.6220E-03  0.0000E+00  0.0000E+00  0.0000E+00  0.0000E+00  0.0000E+00
    -11.542  0.3372E-01  0.7380E-03  0.7380E-03  0.7380E-03  0.0000E+00  0.0000E+00  0.0000E+00  0.0000E+00  0.0000E+00
    -11.390  0.3550E-01  0.8564E-03  0.8564E-03  0.8564E-03  0.0000E+00  0.0000E+00  0.0000E+00  0.0000E+00  0.0000E+00
    -11.238  0.3701E-01  0.9845E-03  0.9845E-03  0.9845E-03  0.0000E+00  0.0000E+00  0.0000E+00  0.0000E+00  0.0000E+00
    -11.086  0.3861E-01  0.1115E-02  0.1115E-02  0.1115E-02  0.0000E+00  0.0000E+00  0.0000E+00  0.0000E+00  0.0000E+00
    -10.934  0.4001E-01  0.1253E-02  0.1253E-02  0.1253E-02  0.0000E+00  0.0000E+00  0.0000E+00  0.0000E+00  0.0000E+00
    -10.782  0.4149E-01  0.1393E-02  0.1393E-02  0.1393E-02  0.0000E+00  0.0000E+00  0.0000E+00  0.0000E+00  0.0000E+00
    -10.630  0.4278E-01  0.1542E-02  0.1542E-02  0.1542E-02  0.0000E+00  0.0000E+00  0.0000E+00  0.0000E+00  0.0000E+00
    -10.479  0.4416E-01  0.1691E-02  0.1691E-02  0.1691E-02  0.0000E+00  0.0000E+00  0.0000E+00  0.0000E+00  0.0000E+00
    -10.327  0.4539E-01  0.1850E-02  0.1850E-02  0.1850E-02  0.0000E+00  0.0000E+00  0.0000E+00  0.0000E+00  0.0000E+00
    -10.175  0.4667E-01  0.2009E-02  0.2009E-02  0.2009E-02  0.0000E+00  0.0000E+00  0.0000E+00  0.0000E+00  0.0000E+00
    -10.023  0.4790E-01  0.2174E-02  0.2174E-02  0.2174E-02  0.0000E+00  0.0000E+00  0.0000E+00  0.0000E+00  0.0000E+00
     -9.871  0.4909E-01  0.2344E-02  0.2344E-02  0.2344E-02  0.0000E+00  0.0000E+00  0.0000E+00  0.0000E+00  0.0000E+00
     -9.719  0.5035E-01  0.2514E-02  0.2514E-02  0.2514E-02  0.0000E+00  0.0000E+00  0.0000E+00  0.0000E+00  0.0000E+00
     -9.568  0.5148E-01  0.2695E-02  0.2695E-02  0.2695E-02  0.0000E+00  0.0000E+00  0.0000E+00  0.0000E+00  0.0000E+00
     -9.416  0.5267E-01  0.2875E-02  0.2875E-02  0.2875E-02  0.0000E+00  0.0000E+00  0.0000E+00  0.0000E+00  0.0000E+00
     -9.264  0.5388E-01  0.3058E-02  0.3058E-02  0.3058E-02  0.0000E+00  0.0000E+00  0.0000E+00  0.0000E+00  0.0000E+00
     -9.112  0.5504E-01  0.3249E-02  0.3249E-02  0.3249E-02  0.0000E+00  0.0000E+00  0.0000E+00  0.0000E+00  0.0000E+00
     -8.960  0.5626E-01  0.3440E-02  0.3440E-02  0.3440E-02  0.0000E+00  0.0000E+00  0.0000E+00  0.0000E+00  0.0000E+00
     -8.808  0.5749E-01  0.3636E-02  0.3636E-02  0.3636E-02  0.0000E+00  0.0000E+00  0.0000E+00  0.0000E+00  0.0000E+00
     -8.656  0.5872E-01  0.3838E-02  0.3838E-02  0.3838E-02  0.0000E+00  0.0000E+00  0.0000E+00  0.0000E+00  0.0000E+00
     -8.505  0.6004E-01  0.4039E-02  0.4039E-02  0.4039E-02  0.0000E+00  0.0000E+00  0.0000E+00  0.0000E+00  0.0000E+00
     -8.353  0.6138E-01  0.4248E-02  0.4248E-02  0.4248E-02  0.0000E+00  0.0000E+00  0.0000E+00  0.0000E+00  0.0000E+00
     -8.201  0.6278E-01  0.4462E-02  0.4462E-02  0.4462E-02  0.0000E+00  0.0000E+00  0.0000E+00  0.0000E+00  0.0000E+00
     -8.049  0.6429E-01  0.4676E-02  0.4676E-02  0.4676E-02  0.0000E+00  0.0000E+00  0.0000E+00  0.0000E+00  0.0000E+00
     -7.897  0.6591E-01  0.4898E-02  0.4898E-02  0.4898E-02  0.0000E+00  0.0000E+00  0.0000E+00  0.0000E+00  0.0000E+00
     -7.745  0.6768E-01  0.5129E-02  0.5129E-02  0.5129E-02  0.0000E+00  0.0000E+00  0.0000E+00  0.0000E+00  0.0000E+00
     -7.594  0.6967E-01  0.5362E-02  0.5362E-02  0.5362E-02  0.0000E+00  0.0000E+00  0.0000E+00  0.0000E+00  0.0000E+00
     -7.442  0.7198E-01  0.5606E-02  0.5606E-02  0.5606E-02  0.0000E+00  0.0000E+00  0.0000E+00  0.0000E+00  0.0000E+00
     -7.290  0.7475E-01  0.5872E-02  0.5872E-02  0.5872E-02  0.0000E+00  0.0000E+00  0.0000E+00  0.0000E+00  0.0000E+00
     -7.138  0.7835E-01  0.6159E-02  0.6159E-02  0.6159E-02  0.0000E+00  0.0000E+00  0.0000E+00  0.0000E+00  0.0000E+00
     -6.986  0.8377E-01  0.6508E-02  0.6508E-02  0.6508E-02  0.0000E+00  0.0000E+00  0.0000E+00  0.0000E+00  0.0000E+00
     -6.834  0.9863E-01  0.7218E-02  0.7218E-02  0.7218E-02  0.0000E+00  0.0000E+00  0.0000E+00  0.0000E+00  0.0000E+00
     -6.682  0.9394E-01  0.7182E-02  0.7182E-02  0.7182E-02  0.0000E+00  0.0000E+00  0.0000E+00  0.0000E+00  0.0000E+00
     -6.531  0.9269E-01  0.7272E-02  0.7272E-02  0.7272E-02  0.0000E+00  0.0000E+00  0.0000E+00  0.0000E+00  0.0000E+00
     -6.379  0.8745E-01  0.7177E-02  0.7177E-02  0.7177E-02  0.0000E+00  0.0000E+00  0.0000E+00  0.0000E+00  0.0000E+00
     -6.227  0.8525E-01  0.7210E-02  0.7210E-02  0.7210E-02  0.0000E+00  0.0000E+00  0.0000E+00  0.0000E+00  0.0000E+00
     -6.075  0.8168E-01  0.7146E-02  0.7146E-02  0.7146E-02  0.0000E+00  0.0000E+00  0.0000E+00  0.0000E+00  0.0000E+00
     -5.923  0.7925E-01  0.7149E-02  0.7149E-02  0.7149E-02  0.0000E+00  0.0000E+00  0.0000E+00  0.0000E+00  0.0000E+00
     -5.771  0.7656E-01  0.7110E-02  0.7110E-02  0.7110E-02  0.0000E+00  0.0000E+00  0.0000E+00  0.0000E+00  0.0000E+00
     -5.620  0.7346E-01  0.7033E-02  0.7033E-02  0.7033E-02  0.0000E+00  0.0000E+00  0.0000E+00  0.0000E+00  0.0000E+00
     -5.468  0.7085E-01  0.6985E-02  0.6985E-02  0.6985E-02  0.0000E+00  0.0000E+00  0.0000E+00  0.0000E+00  0.0000E+00
     -5.316  0.6818E-01  0.6908E-02  0.6908E-02  0.6908E-02  0.0000E+00  0.0000E+00  0.0000E+00  0.0000E+00  0.0000E+00
     -5.164  0.6518E-01  0.6797E-02  0.6797E-02  0.6797E-02  0.0000E+00  0.0000E+00  0.0000E+00  0.0000E+00  0.0000E+00
     -5.012  0.6278E-01  0.6719E-02  0.6719E-02  0.6719E-02  0.0000E+00  0.0000E+00  0.0000E+00  0.0000E+00  0.0000E+00
     -4.860  0.5967E-01  0.6573E-02  0.6573E-02  0.6573E-02  0.0000E+00  0.0000E+00  0.0000E+00  0.0000E+00  0.0000E+00
     -4.708  0.5699E-01  0.6441E-02  0.6441E-02  0.6441E-02  0.0000E+00  0.0000E+00  0.0000E+00  0.0000E+00  0.0000E+00
     -4.557  0.5406E-01  0.6283E-02  0.6283E-02  0.6283E-02  0.0000E+00  0.0000E+00  0.0000E+00  0.0000E+00  0.0000E+00
     -4.405  0.5128E-01  0.6112E-02  0.6112E-02  0.6112E-02  0.0000E+00  0.0000E+00  0.0000E+00  0.0000E+00  0.0000E+00
     -4.253  0.4824E-01  0.5915E-02  0.5915E-02  0.5915E-02  0.0000E+00  0.0000E+00  0.0000E+00  0.0000E+00  0.0000E+00
     -4.101  0.4962E-01  0.8834E-02  0.8834E-02  0.8834E-02  0.0000E+00  0.0000E+00  0.0000E+00  0.0000E+00  0.0000E+00
     -3.949  0.4963E-01  0.1028E-01  0.1028E-01  0.1028E-01  0.0000E+00  0.0000E+00  0.0000E+00  0.0000E+00  0.0000E+00
     -3.797  0.5063E-01  0.1179E-01  0.1179E-01  0.1179E-01  0.0000E+00  0.0000E+00  0.0000E+00  0.0000E+00  0.0000E+00
     -3.646  0.4298E-01  0.1175E-01  0.1175E-01  0.1175E-01  0.0000E+00  0.0000E+00  0.0000E+00  0.0000E+00  0.0000E+00
     -3.494  0.3154E-01  0.1092E-01  0.1092E-01  0.1092E-01  0.0000E+00  0.0000E+00  0.0000E+00  0.0000E+00  0.0000E+00
     -3.342  0.3027E-01  0.1198E-01  0.1198E-01  0.1198E-01  0.0000E+00  0.0000E+00  0.0000E+00  0.0000E+00  0.0000E+00
     -3.190  0.3127E-01  0.1296E-01  0.1296E-01  0.1296E-01  0.0000E+00  0.0000E+00  0.0000E+00  0.0000E+00  0.0000E+00
     -3.038  0.3360E-01  0.1448E-01  0.1448E-01  0.1448E-01  0.0000E+00  0.0000E+00  0.0000E+00  0.0000E+00  0.0000E+00
     -2.886  0.4014E-01  0.1634E-01  0.1634E-01  0.1634E-01  0.0000E+00  0.0000E+00  0.0000E+00  0.0000E+00  0.0000E+00
     -2.734  0.4970E-01  0.1908E-01  0.1908E-01  0.1908E-01  0.0000E+00  0.0000E+00  0.0000E+00  0.0000E+00  0.0000E+00
     -2.583  0.6299E-01  0.2251E-01  0.2251E-01  0.2251E-01  0.0000E+00  0.0000E+00  0.0000E+00  0.0000E+00  0.0000E+00
     -2.431  0.8031E-01  0.2758E-01  0.2758E-01  0.2758E-01  0.0000E+00  0.0000E+00  0.0000E+00  0.0000E+00  0.0000E+00
     -2.279  0.1082E+00  0.3531E-01  0.3531E-01  0.3531E-01  0.0000E+00  0.0000E+00  0.0000E+00  0.0000E+00  0.0000E+00
     -2.127  0.9419E-01  0.3052E-01  0.3052E-01  0.3052E-01  0.0000E+00  0.0000E+00  0.0000E+00  0.0000E+00  0.0000E+00
     -1.975  0.7414E-01  0.2492E-01  0.2492E-01  0.2492E-01  0.0000E+00  0.0000E+00  0.0000E+00  0.0000E+00  0.0000E+00
     -1.823  0.6679E-01  0.2287E-01  0.2287E-01  0.2287E-01  0.0000E+00  0.0000E+00  0.0000E+00  0.0000E+00  0.0000E+00
     -1.672  0.6024E-01  0.2114E-01  0.2114E-01  0.2114E-01  0.0000E+00  0.0000E+00  0.0000E+00  0.0000E+00  0.0000E+00
     -1.520  0.5665E-01  0.2022E-01  0.2022E-01  0.2022E-01  0.0000E+00  0.0000E+00  0.0000E+00  0.0000E+00  0.0000E+00
     -1.368  0.5202E-01  0.1906E-01  0.1906E-01  0.1906E-01  0.0000E+00  0.0000E+00  0.0000E+00  0.0000E+00  0.0000E+00
     -1.216  0.4948E-01  0.1847E-01  0.1847E-01  0.1847E-01  0.0000E+00  0.0000E+00  0.0000E+00  0.0000E+00  0.0000E+00
     -1.064  0.4584E-01  0.1757E-01  0.1757E-01  0.1757E-01  0.0000E+00  0.0000E+00  0.0000E+00  0.0000E+00  0.0000E+00
     -0.912  0.4375E-01  0.1712E-01  0.1712E-01  0.1712E-01  0.0000E+00  0.0000E+00  0.0000E+00  0.0000E+00  0.0000E+00
     -0.760  0.4110E-01  0.1650E-01  0.1650E-01  0.1650E-01  0.0000E+00  0.0000E+00  0.0000E+00  0.0000E+00  0.0000E+00
     -0.609  0.3880E-01  0.1597E-01  0.1597E-01  0.1597E-01  0.0000E+00  0.0000E+00  0.0000E+00  0.0000E+00  0.0000E+00
     -0.457  0.3698E-01  0.1559E-01  0.1559E-01  0.1559E-01  0.0000E+00  0.0000E+00  0.0000E+00  0.0000E+00  0.0000E+00
     -0.305  0.3438E-01  0.1493E-01  0.1493E-01  0.1493E-01  0.0000E+00  0.0000E+00  0.0000E+00  0.0000E+00  0.0000E+00
     -0.153  0.3304E-01  0.1468E-01  0.1468E-01  0.1468E-01  0.0000E+00  0.0000E+00  0.0000E+00  0.0000E+00  0.0000E+00
     -0.001  0.3155E-01  0.1748E-01  0.1748E-01  0.1748E-01  0.0000E+00  0.0000E+00  0.0000E+00  0.0000E+00  0.0000E+00
      0.151  0.3086E-01  0.2239E-01  0.2239E-01  0.2239E-01  0.0000E+00  0.0000E+00  0.0000E+00  0.0000E+00  0.0000E+00
      0.302  0.3070E-01  0.2623E-01  0.2623E-01  0.2623E-01  0.0000E+00  0.0000E+00  0.0000E+00  0.0000E+00  0.0000E+00
      0.454  0.3003E-01  0.2942E-01  0.2942E-01  0.2942E-01  0.0000E+00  0.0000E+00  0.0000E+00  0.0000E+00  0.0000E+00
      0.606  0.3057E-01  0.3425E-01  0.3425E-01  0.3425E-01  0.0000E+00  0.0000E+00  0.0000E+00  0.0000E+00  0.0000E+00
      0.758  0.3183E-01  0.4128E-01  0.4128E-01  0.4128E-01  0.0000E+00  0.0000E+00  0.0000E+00  0.0000E+00  0.0000E+00
      0.910  0.3130E-01  0.4063E-01  0.4063E-01  0.4063E-01  0.0000E+00  0.0000E+00  0.0000E+00  0.0000E+00  0.0000E+00
      1.062  0.3124E-01  0.3924E-01  0.3924E-01  0.3924E-01  0.0000E+00  0.0000E+00  0.0000E+00  0.0000E+00  0.0000E+00
      1.214  0.3114E-01  0.3873E-01  0.3873E-01  0.3873E-01  0.0000E+00  0.0000E+00  0.0000E+00  0.0000E+00  0.0000E+00
      1.365  0.3023E-01  0.3813E-01  0.3813E-01  0.3813E-01  0.0000E+00  0.0000E+00  0.0000E+00  0.0000E+00  0.0000E+00
      1.517  0.3014E-01  0.4005E-01  0.4005E-01  0.4005E-01  0.0000E+00  0.0000E+00  0.0000E+00  0.0000E+00  0.0000E+00
      1.669  0.2972E-01  0.4058E-01  0.4058E-01  0.4058E-01  0.0000E+00  0.0000E+00  0.0000E+00  0.0000E+00  0.0000E+00
      1.821  0.2884E-01  0.4153E-01  0.4153E-01  0.4153E-01  0.0000E+00  0.0000E+00  0.0000E+00  0.0000E+00  0.0000E+00
      1.973  0.2852E-01  0.4292E-01  0.4292E-01  0.4292E-01  0.0000E+00  0.0000E+00  0.0000E+00  0.0000E+00  0.0000E+00
      2.125  0.2808E-01  0.4472E-01  0.4472E-01  0.4472E-01  0.0000E+00  0.0000E+00  0.0000E+00  0.0000E+00  0.0000E+00
      2.276  0.2726E-01  0.4587E-01  0.4587E-01  0.4587E-01  0.0000E+00  0.0000E+00  0.0000E+00  0.0000E+00  0.0000E+00
      2.428  0.2664E-01  0.4740E-01  0.4740E-01  0.4740E-01  0.0000E+00  0.0000E+00  0.0000E+00  0.0000E+00  0.0000E+00
      2.580  0.2618E-01  0.5009E-01  0.5009E-01  0.5009E-01  0.0000E+00  0.0000E+00  0.0000E+00  0.0000E+00  0.0000E+00
      2.732  0.2546E-01  0.5176E-01  0.5176E-01  0.5176E-01  0.0000E+00  0.0000E+00  0.0000E+00  0.0000E+00  0.0000E+00
      2.884  0.2458E-01  0.5536E-01  0.5536E-01  0.5536E-01  0.0000E+00  0.0000E+00  0.0000E+00  0.0000E+00  0.0000E+00
      3.036  0.2403E-01  0.5857E-01  0.5857E-01  0.5857E-01  0.0000E+00  0.0000E+00  0.0000E+00  0.0000E+00  0.0000E+00
      3.188  0.2334E-01  0.6398E-01  0.6398E-01  0.6398E-01  0.0000E+00  0.0000E+00  0.0000E+00  0.0000E+00  0.0000E+00
      3.339  0.2232E-01  0.7600E-01  0.7600E-01  0.7600E-01  0.0000E+00  0.0000E+00  0.0000E+00  0.0000E+00  0.0000E+00
      3.491  0.2155E-01  0.7429E-01  0.7429E-01  0.7429E-01  0.0000E+00  0.0000E+00  0.0000E+00  0.0000E+00  0.0000E+00
      3.643  0.2091E-01  0.7365E-01  0.7365E-01  0.7365E-01  0.0000E+00  0.0000E+00  0.0000E+00  0.0000E+00  0.0000E+00
      3.795  0.2003E-01  0.7297E-01  0.7297E-01  0.7297E-01  0.0000E+00  0.0000E+00  0.0000E+00  0.0000E+00  0.0000E+00
      3.947  0.1905E-01  0.7230E-01  0.7230E-01  0.7230E-01  0.0000E+00  0.0000E+00  0.0000E+00  0.0000E+00  0.0000E+00
      4.099  0.1846E-01  0.7218E-01  0.7218E-01  0.7218E-01  0.0000E+00  0.0000E+00  0.0000E+00  0.0000E+00  0.0000E+00
      4.250  0.1771E-01  0.7199E-01  0.7199E-01  0.7199E-01  0.0000E+00  0.0000E+00  0.0000E+00  0.0000E+00  0.0000E+00
      4.402  0.1680E-01  0.7133E-01  0.7133E-01  0.7133E-01  0.0000E+00  0.0000E+00  0.0000E+00  0.0000E+00  0.0000E+00
      4.554  0.1611E-01  0.7115E-01  0.7115E-01  0.7115E-01  0.0000E+00  0.0000E+00  0.0000E+00  0.0000E+00  0.0000E+00
      4.706  0.1546E-01  0.7103E-01  0.7103E-01  0.7103E-01  0.0000E+00  0.0000E+00  0.0000E+00  0.0000E+00  0.0000E+00
      4.858  0.1464E-01  0.7052E-01  0.7052E-01  0.7052E-01  0.0000E+00  0.0000E+00  0.0000E+00  0.0000E+00  0.0000E+00
      5.010  0.1379E-01  0.7041E-01  0.7041E-01  0.7041E-01  0.0000E+00  0.0000E+00  0.0000E+00  0.0000E+00  0.0000E+00
      5.162  0.1320E-01  0.7014E-01  0.7014E-01  0.7014E-01  0.0000E+00  0.0000E+00  0.0000E+00  0.0000E+00  0.0000E+00
      5.313  0.1258E-01  0.6980E-01  0.6980E-01  0.6980E-01  0.0000E+00  0.0000E+00  0.0000E+00  0.0000E+00  0.0000E+00
      5.465  0.1189E-01  0.6962E-01  0.6962E-01  0.6962E-01  0.0000E+00  0.0000E+00  0.0000E+00  0.0000E+00  0.0000E+00
      5.617  0.1114E-01  0.6914E-01  0.6914E-01  0.6914E-01  0.0000E+00  0.0000E+00  0.0000E+00  0.0000E+00  0.0000E+00
      5.769  0.1051E-01  0.6905E-01  0.6905E-01  0.6905E-01  0.0000E+00  0.0000E+00  0.0000E+00  0.0000E+00  0.0000E+00
      5.921  0.9854E-02  0.6867E-01  0.6867E-01  0.6867E-01  0.0000E+00  0.0000E+00  0.0000E+00  0.0000E+00  0.0000E+00
      6.073  0.9173E-02  0.6851E-01  0.6851E-01  0.6851E-01  0.0000E+00  0.0000E+00  0.0000E+00  0.0000E+00  0.0000E+00
      6.224  0.8494E-02  0.6811E-01  0.6811E-01  0.6811E-01  0.0000E+00  0.0000E+00  0.0000E+00  0.0000E+00  0.0000E+00
      6.376  0.7992E-02  0.6796E-01  0.6796E-01  0.6796E-01  0.0000E+00  0.0000E+00  0.0000E+00  0.0000E+00  0.0000E+00
      6.528  0.7450E-02  0.6775E-01  0.6775E-01  0.6775E-01  0.0000E+00  0.0000E+00  0.0000E+00  0.0000E+00  0.0000E+00
      6.680  0.6814E-02  0.6748E-01  0.6748E-01  0.6748E-01  0.0000E+00  0.0000E+00  0.0000E+00  0.0000E+00  0.0000E+00
      6.832  0.6188E-02  0.6697E-01  0.6697E-01  0.6697E-01  0.0000E+00  0.0000E+00  0.0000E+00  0.0000E+00  0.0000E+00
      6.984  0.5672E-02  0.6646E-01  0.6646E-01  0.6646E-01  0.0000E+00  0.0000E+00  0.0000E+00  0.0000E+00  0.0000E+00
      7.136  0.5139E-02  0.6031E-01  0.6031E-01  0.6031E-01  0.0000E+00  0.0000E+00  0.0000E+00  0.0000E+00  0.0000E+00
      7.287  0.4604E-02  0.5057E-01  0.5057E-01  0.5057E-01  0.0000E+00  0.0000E+00  0.0000E+00  0.0000E+00  0.0000E+00
      7.439  0.4155E-02  0.4467E-01  0.4467E-01  0.4467E-01  0.0000E+00  0.0000E+00  0.0000E+00  0.0000E+00  0.0000E+00
      7.591  0.3783E-02  0.4082E-01  0.4082E-01  0.4082E-01  0.0000E+00  0.0000E+00  0.0000E+00  0.0000E+00  0.0000E+00
      7.743  0.3398E-02  0.3732E-01  0.3732E-01  0.3732E-01  0.0000E+00  0.0000E+00  0.0000E+00  0.0000E+00  0.0000E+00
      7.895  0.3017E-02  0.3420E-01  0.3420E-01  0.3420E-01  0.0000E+00  0.0000E+00  0.0000E+00  0.0000E+00  0.0000E+00
      8.047  0.2707E-02  0.3162E-01  0.3162E-01  0.3162E-01  0.0000E+00  0.0000E+00  0.0000E+00  0.0000E+00  0.0000E+00
      8.198  0.2402E-02  0.2915E-01  0.2915E-01  0.2915E-01  0.0000E+00  0.0000E+00  0.0000E+00  0.0000E+00  0.0000E+00
      8.350  0.2112E-02  0.2680E-01  0.2680E-01  0.2680E-01  0.0000E+00  0.0000E+00  0.0000E+00  0.0000E+00  0.0000E+00
      8.502  0.1817E-02  0.2460E-01  0.2460E-01  0.2460E-01  0.0000E+00  0.0000E+00  0.0000E+00  0.0000E+00  0.0000E+00
      8.654  0.1563E-02  0.2257E-01  0.2257E-01  0.2257E-01  0.0000E+00  0.0000E+00  0.0000E+00  0.0000E+00  0.0000E+00
      8.806  0.1339E-02  0.2054E-01  0.2054E-01  0.2054E-01  0.0000E+00  0.0000E+00  0.0000E+00  0.0000E+00  0.0000E+00
      8.958  0.1089E-02  0.1864E-01  0.1864E-01  0.1864E-01  0.0000E+00  0.0000E+00  0.0000E+00  0.0000E+00  0.0000E+00
      9.110  0.8933E-03  0.1682E-01  0.1682E-01  0.1682E-01  0.0000E+00  0.0000E+00  0.0000E+00  0.0000E+00  0.0000E+00
      9.261  0.7132E-03  0.1493E-01  0.1493E-01  0.1493E-01  0.0000E+00  0.0000E+00  0.0000E+00  0.0000E+00  0.0000E+00
      9.413  0.5177E-03  0.1311E-01  0.1311E-01  0.1311E-01  0.0000E+00  0.0000E+00  0.0000E+00  0.0000E+00  0.0000E+00
      9.565  0.3714E-03  0.1125E-01  0.1125E-01  0.1125E-01  0.0000E+00  0.0000E+00  0.0000E+00  0.0000E+00  0.0000E+00
      9.717  0.2404E-03  0.9403E-02  0.9403E-02  0.9403E-02  0.0000E+00  0.0000E+00  0.0000E+00  0.0000E+00  0.0000E+00
      9.869  0.1272E-03  0.7093E-02  0.7093E-02  0.7093E-02  0.0000E+00  0.0000E+00  0.0000E+00  0.0000E+00  0.0000E+00
     10.021  0.4126E-04  0.4933E-02  0.4933E-02  0.4933E-02  0.0000E+00  0.0000E+00  0.0000E+00  0.0000E+00  0.0000E+00
     10.172  0.4636E-05  0.5599E-03  0.5599E-03  0.5599E-03  0.0000E+00  0.0000E+00  0.0000E+00  0.0000E+00  0.0000E+00
     10.324  0.0000E+00  0.0000E+00  0.0000E+00  0.0000E+00  0.0000E+00  0.0000E+00  0.0000E+00  0.0000E+00  0.0000E+00
     10.476  0.0000E+00  0.0000E+00  0.0000E+00  0.0000E+00  0.0000E+00  0.0000E+00  0.0000E+00  0.0000E+00  0.0000E+00
     10.628  0.0000E+00  0.0000E+00  0.0000E+00  0.0000E+00  0.0000E+00  0.0000E+00  0.0000E+00  0.0000E+00  0.0000E+00
     10.780  0.0000E+00  0.0000E+00  0.0000E+00  0.0000E+00  0.0000E+00  0.0000E+00  0.0000E+00  0.0000E+00  0.0000E+00
     10.932  0.0000E+00  0.0000E+00  0.0000E+00  0.0000E+00  0.0000E+00  0.0000E+00  0.0000E+00  0.0000E+00  0.0000E+00
     11.084  0.0000E+00  0.0000E+00  0.0000E+00  0.0000E+00  0.0000E+00  0.0000E+00  0.0000E+00  0.0000E+00  0.0000E+00
     11.235  0.0000E+00  0.0000E+00  0.0000E+00  0.0000E+00  0.0000E+00  0.0000E+00  0.0000E+00  0.0000E+00  0.0000E+00
     11.387  0.0000E+00  0.0000E+00  0.0000E+00  0.0000E+00  0.0000E+00  0.0000E+00  0.0000E+00  0.0000E+00  0.0000E+00
     11.539  0.0000E+00  0.0000E+00  0.0000E+00  0.0000E+00  0.0000E+00  0.0000E+00  0.0000E+00  0.0000E+00  0.0000E+00
     11.691  0.0000E+00  0.0000E+00  0.0000E+00  0.0000E+00  0.0000E+00  0.0000E+00  0.0000E+00  0.0000E+00  0.0000E+00
     11.843  0.0000E+00  0.0000E+00  0.0000E+00  0.0000E+00  0.0000E+00  0.0000E+00  0.0000E+00  0.0000E+00  0.0000E+00
     11.995  0.0000E+00  0.0000E+00  0.0000E+00  0.0000E+00  0.0000E+00  0.0000E+00  0.0000E+00  0.0000E+00  0.0000E+00
     12.146  0.0000E+00  0.0000E+00  0.0000E+00  0.0000E+00  0.0000E+00  0.0000E+00  0.0000E+00  0.0000E+00  0.0000E+00
     12.298  0.0000E+00  0.0000E+00  0.0000E+00  0.0000E+00  0.0000E+00  0.0000E+00  0.0000E+00  0.0000E+00  0.0000E+00
     12.450  0.0000E+00  0.0000E+00  0.0000E+00  0.0000E+00  0.0000E+00  0.0000E+00  0.0000E+00  0.0000E+00  0.0000E+00
     12.602  0.0000E+00  0.0000E+00  0.0000E+00  0.0000E+00  0.0000E+00  0.0000E+00  0.0000E+00  0.0000E+00  0.0000E+00
     12.754  0.0000E+00  0.0000E+00  0.0000E+00  0.0000E+00  0.0000E+00  0.0000E+00  0.0000E+00  0.0000E+00  0.0000E+00
     12.906  0.0000E+00  0.0000E+00  0.0000E+00  0.0000E+00  0.0000E+00  0.0000E+00  0.0000E+00  0.0000E+00  0.0000E+00
     13.058  0.0000E+00  0.0000E+00  0.0000E+00  0.0000E+00  0.0000E+00  0.0000E+00  0.0000E+00  0.0000E+00  0.0000E+00
     13.209  0.0000E+00  0.0000E+00  0.0000E+00  0.0000E+00  0.0000E+00  0.0000E+00  0.0000E+00  0.0000E+00  0.0000E+00
     13.361  0.0000E+00  0.0000E+00  0.0000E+00  0.0000E+00  0.0000E+00  0.0000E+00  0.0000E+00  0.0000E+00  0.0000E+00
     13.513  0.0000E+00  0.0000E+00  0.0000E+00  0.0000E+00  0.0000E+00  0.0000E+00  0.0000E+00  0.0000E+00  0.0000E+00
     13.665  0.0000E+00  0.0000E+00  0.0000E+00  0.0000E+00  0.0000E+00  0.0000E+00  0.0000E+00  0.0000E+00  0.0000E+00
     13.817  0.0000E+00  0.0000E+00  0.0000E+00  0.0000E+00  0.0000E+00  0.0000E+00  0.0000E+00  0.0000E+00  0.0000E+00
     13.969  0.0000E+00  0.0000E+00  0.0000E+00  0.0000E+00  0.0000E+00  0.0000E+00  0.0000E+00  0.0000E+00  0.0000E+00
     14.120  0.0000E+00  0.0000E+00  0.0000E+00  0.0000E+00  0.0000E+00  0.0000E+00  0.0000E+00  0.0000E+00  0.0000E+00
     14.272  0.0000E+00  0.0000E+00  0.0000E+00  0.0000E+00  0.0000E+00  0.0000E+00  0.0000E+00  0.0000E+00  0.0000E+00
     14.424  0.0000E+00  0.0000E+00  0.0000E+00  0.0000E+00  0.0000E+00  0.0000E+00  0.0000E+00  0.0000E+00  0.0000E+00
     14.576  0.2987E-02  0.9349E-03  0.9349E-03  0.9349E-03  0.0000E+00  0.0000E+00  0.0000E+00  0.0000E+00  0.0000E+00
     14.728  0.8746E-02  0.2974E-02  0.2974E-02  0.2974E-02  0.0000E+00  0.0000E+00  0.0000E+00  0.0000E+00  0.0000E+00
     14.880  0.1020E-01  0.3777E-02  0.3777E-02  0.3777E-02  0.0000E+00  0.0000E+00  0.0000E+00  0.0000E+00  0.0000E+00
     15.032  0.1284E-01  0.5086E-02  0.5086E-02  0.5086E-02  0.0000E+00  0.0000E+00  0.0000E+00  0.0000E+00  0.0000E+00
     15.183  0.1614E-01  0.6586E-02  0.6586E-02  0.6586E-02  0.0000E+00  0.0000E+00  0.0000E+00  0.0000E+00  0.0000E+00
     15.335  0.1951E-01  0.8252E-02  0.8252E-02  0.8252E-02  0.0000E+00  0.0000E+00  0.0000E+00  0.0000E+00  0.0000E+00
     15.487  0.2206E-01  0.9957E-02  0.9957E-02  0.9957E-02  0.0000E+00  0.0000E+00  0.0000E+00  0.0000E+00  0.0000E+00
     15.639  0.2380E-01  0.1175E-01  0.1175E-01  0.1175E-01  0.0000E+00  0.0000E+00  0.0000E+00  0.0000E+00  0.0000E+00
     15.791  0.2526E-01  0.1378E-01  0.1378E-01  0.1378E-01  0.0000E+00  0.0000E+00  0.0000E+00  0.0000E+00  0.0000E+00
     15.943  0.2660E-01  0.1629E-01  0.1629E-01  0.1629E-01  0.0000E+00  0.0000E+00  0.0000E+00  0.0000E+00  0.0000E+00
     16.094  0.2775E-01  0.2126E-01  0.2126E-01  0.2126E-01  0.0000E+00  0.0000E+00  0.0000E+00  0.0000E+00  0.0000E+00
     16.246  0.2847E-01  0.2161E-01  0.2161E-01  0.2161E-01  0.0000E+00  0.0000E+00  0.0000E+00  0.0000E+00  0.0000E+00
     16.398  0.2911E-01  0.2281E-01  0.2281E-01  0.2281E-01  0.0000E+00  0.0000E+00  0.0000E+00  0.0000E+00  0.0000E+00
     16.550  0.2979E-01  0.2419E-01  0.2419E-01  0.2419E-01  0.0000E+00  0.0000E+00  0.0000E+00  0.0000E+00  0.0000E+00
     16.702  0.3048E-01  0.2552E-01  0.2552E-01  0.2552E-01  0.0000E+00  0.0000E+00  0.0000E+00  0.0000E+00  0.0000E+00
     16.854  0.3098E-01  0.2699E-01  0.2699E-01  0.2699E-01  0.0000E+00  0.0000E+00  0.0000E+00  0.0000E+00  0.0000E+00
     17.006  0.3137E-01  0.2845E-01  0.2845E-01  0.2845E-01  0.0000E+00  0.0000E+00  0.0000E+00  0.0000E+00  0.0000E+00
     17.157  0.3185E-01  0.3003E-01  0.3003E-01  0.3003E-01  0.0000E+00  0.0000E+00  0.0000E+00  0.0000E+00  0.0000E+00
     17.309  0.3229E-01  0.3171E-01  0.3171E-01  0.3171E-01  0.0000E+00  0.0000E+00  0.0000E+00  0.0000E+00  0.0000E+00
     17.461  0.3274E-01  0.3350E-01  0.3350E-01  0.3350E-01  0.0000E+00  0.0000E+00  0.0000E+00  0.0000E+00  0.0000E+00
     17.613  0.3316E-01  0.3545E-01  0.3545E-01  0.3545E-01  0.0000E+00  0.0000E+00  0.0000E+00  0.0000E+00  0.0000E+00
     17.765  0.3349E-01  0.3746E-01  0.3746E-01  0.3746E-01  0.0000E+00  0.0000E+00  0.0000E+00  0.0000E+00  0.0000E+00
     17.917  0.3386E-01  0.3972E-01  0.3972E-01  0.3972E-01  0.0000E+00  0.0000E+00  0.0000E+00  0.0000E+00  0.0000E+00
     18.068  0.3428E-01  0.4213E-01  0.4213E-01  0.4213E-01  0.0000E+00  0.0000E+00  0.0000E+00  0.0000E+00  0.0000E+00
     18.220  0.3480E-01  0.4501E-01  0.4501E-01  0.4501E-01  0.0000E+00  0.0000E+00  0.0000E+00  0.0000E+00  0.0000E+00
     18.372  0.3528E-01  0.4831E-01  0.4831E-01  0.4831E-01  0.0000E+00  0.0000E+00  0.0000E+00  0.0000E+00  0.0000E+00
     18.524  0.3598E-01  0.5237E-01  0.5237E-01  0.5237E-01  0.0000E+00  0.0000E+00  0.0000E+00  0.0000E+00  0.0000E+00
     18.676  0.3679E-01  0.5803E-01  0.5803E-01  0.5803E-01  0.0000E+00  0.0000E+00  0.0000E+00  0.0000E+00  0.0000E+00
     18.828  0.3968E-01  0.7153E-01  0.7153E-01  0.7153E-01  0.0000E+00  0.0000E+00  0.0000E+00  0.0000E+00  0.0000E+00
     18.980  0.3981E-01  0.7617E-01  0.7617E-01  0.7617E-01  0.0000E+00  0.0000E+00  0.0000E+00  0.0000E+00  0.0000E+00
     19.131  0.3831E-01  0.6478E-01  0.6478E-01  0.6478E-01  0.0000E+00  0.0000E+00  0.0000E+00  0.0000E+00  0.0000E+00
     19.283  0.3582E-01  0.5473E-01  0.5473E-01  0.5473E-01  0.0000E+00  0.0000E+00  0.0000E+00  0.0000E+00  0.0000E+00
     19.435  0.5903E-01  0.7137E-01  0.7137E-01  0.7137E-01  0.0000E+00  0.0000E+00  0.0000E+00  0.0000E+00  0.0000E+00
     19.587  0.6084E-01  0.6082E-01  0.6082E-01  0.6082E-01  0.0000E+00  0.0000E+00  0.0000E+00  0.0000E+00  0.0000E+00
     19.739  0.7350E-01  0.5612E-01  0.5612E-01  0.5612E-01  0.0000E+00  0.0000E+00  0.0000E+00  0.0000E+00  0.0000E+00
     19.891  0.6467E-01  0.5510E-01  0.5510E-01  0.5510E-01  0.0000E+00  0.0000E+00  0.0000E+00  0.0000E+00  0.0000E+00
     20.042  0.6258E-01  0.5398E-01  0.5398E-01  0.5398E-01  0.0000E+00  0.0000E+00  0.0000E+00  0.0000E+00  0.0000E+00
     20.194  0.5647E-01  0.5226E-01  0.5226E-01  0.5226E-01  0.0000E+00  0.0000E+00  0.0000E+00  0.0000E+00  0.0000E+00
     20.346  0.5572E-01  0.5276E-01  0.5276E-01  0.5276E-01  0.0000E+00  0.0000E+00  0.0000E+00  0.0000E+00  0.0000E+00
     20.498  0.5216E-01  0.5182E-01  0.5182E-01  0.5182E-01  0.0000E+00  0.0000E+00  0.0000E+00  0.0000E+00  0.0000E+00
     20.650  0.5019E-01  0.5406E-01  0.5406E-01  0.5406E-01  0.0000E+00  0.0000E+00  0.0000E+00  0.0000E+00  0.0000E+00
     20.802  0.4690E-01  0.5289E-01  0.5289E-01  0.5289E-01  0.0000E+00  0.0000E+00  0.0000E+00  0.0000E+00  0.0000E+00
     20.954  0.4527E-01  0.5174E-01  0.5174E-01  0.5174E-01  0.0000E+00  0.0000E+00  0.0000E+00  0.0000E+00  0.0000E+00
     21.105  0.4282E-01  0.5076E-01  0.5076E-01  0.5076E-01  0.0000E+00  0.0000E+00  0.0000E+00  0.0000E+00  0.0000E+00
     21.257  0.3958E-01  0.4925E-01  0.4925E-01  0.4925E-01  0.0000E+00  0.0000E+00  0.0000E+00  0.0000E+00  0.0000E+00
     21.409  0.3853E-01  0.4825E-01  0.4825E-01  0.4825E-01  0.0000E+00  0.0000E+00  0.0000E+00  0.0000E+00  0.0000E+00
     21.561  0.3903E-01  0.4819E-01  0.4819E-01  0.4819E-01  0.0000E+00  0.0000E+00  0.0000E+00  0.0000E+00  0.0000E+00
     21.713  0.3468E-01  0.4335E-01  0.4335E-01  0.4335E-01  0.0000E+00  0.0000E+00  0.0000E+00  0.0000E+00  0.0000E+00
     21.865  0.2946E-01  0.3873E-01  0.3873E-01  0.3873E-01  0.0000E+00  0.0000E+00  0.0000E+00  0.0000E+00  0.0000E+00
     22.016  0.2806E-01  0.3754E-01  0.3754E-01  0.3754E-01  0.0000E+00  0.0000E+00  0.0000E+00  0.0000E+00  0.0000E+00
     22.168  0.3530E-01  0.4034E-01  0.4034E-01  0.4034E-01  0.0000E+00  0.0000E+00  0.0000E+00  0.0000E+00  0.0000E+00
     22.320  0.3809E-01  0.3911E-01  0.3911E-01  0.3911E-01  0.0000E+00  0.0000E+00  0.0000E+00  0.0000E+00  0.0000E+00
     22.472  0.4449E-01  0.4135E-01  0.4135E-01  0.4135E-01  0.0000E+00  0.0000E+00  0.0000E+00  0.0000E+00  0.0000E+00
     22.624  0.4479E-01  0.4050E-01  0.4050E-01  0.4050E-01  0.0000E+00  0.0000E+00  0.0000E+00  0.0000E+00  0.0000E+00
     22.776  0.4817E-01  0.4236E-01  0.4236E-01  0.4236E-01  0.0000E+00  0.0000E+00  0.0000E+00  0.0000E+00  0.0000E+00
     22.928  0.5372E-01  0.4485E-01  0.4485E-01  0.4485E-01  0.0000E+00  0.0000E+00  0.0000E+00  0.0000E+00  0.0000E+00
     23.079  0.5210E-01  0.4510E-01  0.4510E-01  0.4510E-01  0.0000E+00  0.0000E+00  0.0000E+00  0.0000E+00  0.0000E+00
     23.231  0.5632E-01  0.4792E-01  0.4792E-01  0.4792E-01  0.0000E+00  0.0000E+00  0.0000E+00  0.0000E+00  0.0000E+00
     23.383  0.5545E-01  0.4728E-01  0.4728E-01  0.4728E-01  0.0000E+00  0.0000E+00  0.0000E+00  0.0000E+00  0.0000E+00
     23.535  0.5716E-01  0.4931E-01  0.4931E-01  0.4931E-01  0.0000E+00  0.0000E+00  0.0000E+00  0.0000E+00  0.0000E+00
     23.687  0.5842E-01  0.5147E-01  0.5147E-01  0.5147E-01  0.0000E+00  0.0000E+00  0.0000E+00  0.0000E+00  0.0000E+00
     23.839  0.5498E-01  0.5116E-01  0.5116E-01  0.5116E-01  0.0000E+00  0.0000E+00  0.0000E+00  0.0000E+00  0.0000E+00
     23.990  0.5575E-01  0.5150E-01  0.5150E-01  0.5150E-01  0.0000E+00  0.0000E+00  0.0000E+00  0.0000E+00  0.0000E+00
     24.142  0.5656E-01  0.5302E-01  0.5302E-01  0.5302E-01  0.0000E+00  0.0000E+00  0.0000E+00  0.0000E+00  0.0000E+00
     24.294  0.5791E-01  0.5542E-01  0.5542E-01  0.5542E-01  0.0000E+00  0.0000E+00  0.0000E+00  0.0000E+00  0.0000E+00
     24.446  0.5816E-01  0.5654E-01  0.5654E-01  0.5654E-01  0.0000E+00  0.0000E+00  0.0000E+00  0.0000E+00  0.0000E+00
     24.598  0.6192E-01  0.5862E-01  0.5862E-01  0.5862E-01  0.0000E+00  0.0000E+00  0.0000E+00  0.0000E+00  0.0000E+00
     24.750  0.9326E-01  0.5997E-01  0.5997E-01  0.5997E-01  0.0000E+00  0.0000E+00  0.0000E+00  0.0000E+00  0.0000E+00
     24.902  0.1282E+00  0.6662E-01  0.6662E-01  0.6662E-01  0.0000E+00  0.0000E+00  0.0000E+00  0.0000E+00  0.0000E+00
     25.053  0.1111E+00  0.6461E-01  0.6461E-01  0.6461E-01  0.0000E+00  0.0000E+00  0.0000E+00  0.0000E+00  0.0000E+00
     25.205  0.6710E-01  0.6002E-01  0.6002E-01  0.6002E-01  0.0000E+00  0.0000E+00  0.0000E+00  0.0000E+00  0.0000E+00
     25.357  0.5321E-01  0.6148E-01  0.6148E-01  0.6148E-01  0.0000E+00  0.0000E+00  0.0000E+00  0.0000E+00  0.0000E+00
     25.509  0.4767E-01  0.6455E-01  0.6455E-01  0.6455E-01  0.0000E+00  0.0000E+00  0.0000E+00  0.0000E+00  0.0000E+00
     25.661  0.4808E-01  0.7497E-01  0.7497E-01  0.7497E-01  0.0000E+00  0.0000E+00  0.0000E+00  0.0000E+00  0.0000E+00
     25.813  0.4843E-01  0.8257E-01  0.8257E-01  0.8257E-01  0.0000E+00  0.0000E+00  0.0000E+00  0.0000E+00  0.0000E+00
     25.964  0.4342E-01  0.8001E-01  0.8001E-01  0.8001E-01  0.0000E+00  0.0000E+00  0.0000E+00  0.0000E+00  0.0000E+00
     26.116  0.3608E-01  0.7224E-01  0.7224E-01  0.7224E-01  0.0000E+00  0.0000E+00  0.0000E+00  0.0000E+00  0.0000E+00
     26.268  0.2986E-01  0.6750E-01  0.6750E-01  0.6750E-01  0.0000E+00  0.0000E+00  0.0000E+00  0.0000E+00  0.0000E+00
     26.420  0.2527E-01  0.6530E-01  0.6530E-01  0.6530E-01  0.0000E+00  0.0000E+00  0.0000E+00  0.0000E+00  0.0000E+00
     26.572  0.2104E-01  0.6229E-01  0.6229E-01  0.6229E-01  0.0000E+00  0.0000E+00  0.0000E+00  0.0000E+00  0.0000E+00
     26.724  0.1747E-01  0.6042E-01  0.6042E-01  0.6042E-01  0.0000E+00  0.0000E+00  0.0000E+00  0.0000E+00  0.0000E+00
     26.876  0.1369E-01  0.5747E-01  0.5747E-01  0.5747E-01  0.0000E+00  0.0000E+00  0.0000E+00  0.0000E+00  0.0000E+00
     27.027  0.1072E-01  0.6151E-01  0.6151E-01  0.6151E-01  0.0000E+00  0.0000E+00  0.0000E+00  0.0000E+00  0.0000E+00
     27.179  0.6758E-02  0.4180E-01  0.4180E-01  0.4180E-01  0.0000E+00  0.0000E+00  0.0000E+00  0.0000E+00  0.0000E+00
     27.331  0.4989E-02  0.2732E-01  0.2732E-01  0.2732E-01  0.0000E+00  0.0000E+00  0.0000E+00  0.0000E+00  0.0000E+00
     27.483  0.3894E-02  0.2513E-01  0.2513E-01  0.2513E-01  0.0000E+00  0.0000E+00  0.0000E+00  0.0000E+00  0.0000E+00
     27.635  0.3000E-02  0.2268E-01  0.2268E-01  0.2268E-01  0.0000E+00  0.0000E+00  0.0000E+00  0.0000E+00  0.0000E+00
     27.787  0.2199E-02  0.2011E-01  0.2011E-01  0.2011E-01  0.0000E+00  0.0000E+00  0.0000E+00  0.0000E+00  0.0000E+00
     27.938  0.1472E-02  0.1772E-01  0.1772E-01  0.1772E-01  0.0000E+00  0.0000E+00  0.0000E+00  0.0000E+00  0.0000E+00
     28.090  0.8750E-03  0.1432E-01  0.1432E-01  0.1432E-01  0.0000E+00  0.0000E+00  0.0000E+00  0.0000E+00  0.0000E+00
     28.242  0.3933E-03  0.1086E-01  0.1086E-01  0.1086E-01  0.0000E+00  0.0000E+00  0.0000E+00  0.0000E+00  0.0000E+00
     28.394  0.1147E-03  0.6911E-02  0.6911E-02  0.6911E-02  0.0000E+00  0.0000E+00  0.0000E+00  0.0000E+00  0.0000E+00
     28.546  0.1498E-05  0.3085E-03  0.3085E-03  0.3085E-03  0.0000E+00  0.0000E+00  0.0000E+00  0.0000E+00  0.0000E+00
     28.698  0.0000E+00  0.0000E+00  0.0000E+00  0.0000E+00  0.0000E+00  0.0000E+00  0.0000E+00  0.0000E+00  0.0000E+00
     28.850  0.0000E+00  0.0000E+00  0.0000E+00  0.0000E+00  0.0000E+00  0.0000E+00  0.0000E+00  0.0000E+00  0.0000E+00
     29.001  0.0000E+00  0.0000E+00  0.0000E+00  0.0000E+00  0.0000E+00  0.0000E+00  0.0000E+00  0.0000E+00  0.0000E+00
     29.153  0.0000E+00  0.0000E+00  0.0000E+00  0.0000E+00  0.0000E+00  0.0000E+00  0.0000E+00  0.0000E+00  0.0000E+00
     29.305  0.0000E+00  0.0000E+00  0.0000E+00  0.0000E+00  0.0000E+00  0.0000E+00  0.0000E+00  0.0000E+00  0.0000E+00
     29.457  0.0000E+00  0.0000E+00  0.0000E+00  0.0000E+00  0.0000E+00  0.0000E+00  0.0000E+00  0.0000E+00  0.0000E+00
     29.609  0.0000E+00  0.0000E+00  0.0000E+00  0.0000E+00  0.0000E+00  0.0000E+00  0.0000E+00  0.0000E+00  0.0000E+00
     29.761  0.0000E+00  0.0000E+00  0.0000E+00  0.0000E+00  0.0000E+00  0.0000E+00  0.0000E+00  0.0000E+00  0.0000E+00
     29.912  0.0000E+00  0.0000E+00  0.0000E+00  0.0000E+00  0.0000E+00  0.0000E+00  0.0000E+00  0.0000E+00  0.0000E+00
     30.064  0.0000E+00  0.0000E+00  0.0000E+00  0.0000E+00  0.0000E+00  0.0000E+00  0.0000E+00  0.0000E+00  0.0000E+00
     30.216  0.0000E+00  0.0000E+00  0.0000E+00  0.0000E+00  0.0000E+00  0.0000E+00  0.0000E+00  0.0000E+00  0.0000E+00
     30.368  0.0000E+00  0.0000E+00  0.0000E+00  0.0000E+00  0.0000E+00  0.0000E+00  0.0000E+00  0.0000E+00  0.0000E+00
     30.520  0.0000E+00  0.0000E+00  0.0000E+00  0.0000E+00  0.0000E+00  0.0000E+00  0.0000E+00  0.0000E+00  0.0000E+00
     30.51985137    -15.03395886  301     10.13265464      1.00000000
    -15.034  0.0000E+00  0.0000E+00  0.0000E+00  0.0000E+00  0.0000E+00  0.0000E+00  0.0000E+00  0.0000E+00  0.0000E+00
    -14.882  0.0000E+00  0.0000E+00  0.0000E+00  0.0000E+00  0.0000E+00  0.0000E+00  0.0000E+00  0.0000E+00  0.0000E+00
    -14.730  0.0000E+00  0.0000E+00  0.0000E+00  0.0000E+00  0.0000E+00  0.0000E+00  0.0000E+00  0.0000E+00  0.0000E+00
    -14.578  0.0000E+00  0.0000E+00  0.0000E+00  0.0000E+00  0.0000E+00  0.0000E+00  0.0000E+00  0.0000E+00  0.0000E+00
    -14.427  0.0000E+00  0.0000E+00  0.0000E+00  0.0000E+00  0.0000E+00  0.0000E+00  0.0000E+00  0.0000E+00  0.0000E+00
    -14.275  0.0000E+00  0.0000E+00  0.0000E+00  0.0000E+00  0.0000E+00  0.0000E+00  0.0000E+00  0.0000E+00  0.0000E+00
    -14.123  0.0000E+00  0.0000E+00  0.0000E+00  0.0000E+00  0.0000E+00  0.0000E+00  0.0000E+00  0.0000E+00  0.0000E+00
    -13.971  0.0000E+00  0.0000E+00  0.0000E+00  0.0000E+00  0.0000E+00  0.0000E+00  0.0000E+00  0.0000E+00  0.0000E+00
    -13.819  0.0000E+00  0.0000E+00  0.0000E+00  0.0000E+00  0.0000E+00  0.0000E+00  0.0000E+00  0.0000E+00  0.0000E+00
    -13.667  0.0000E+00  0.0000E+00  0.0000E+00  0.0000E+00  0.0000E+00  0.0000E+00  0.0000E+00  0.0000E+00  0.0000E+00
    -13.515  0.0000E+00  0.0000E+00  0.0000E+00  0.0000E+00  0.0000E+00  0.0000E+00  0.0000E+00  0.0000E+00  0.0000E+00
    -13.364  0.0000E+00  0.0000E+00  0.0000E+00  0.0000E+00  0.0000E+00  0.0000E+00  0.0000E+00  0.0000E+00  0.0000E+00
    -13.212  0.0000E+00  0.0000E+00  0.0000E+00  0.0000E+00  0.0000E+00  0.0000E+00  0.0000E+00  0.0000E+00  0.0000E+00
    -13.060  0.0000E+00  0.0000E+00  0.0000E+00  0.0000E+00  0.0000E+00  0.0000E+00  0.0000E+00  0.0000E+00  0.0000E+00
    -12.908  0.7190E-02  0.5651E-05  0.5651E-05  0.5651E-05  0.0000E+00  0.0000E+00  0.0000E+00  0.0000E+00  0.0000E+00
    -12.756  0.1644E-01  0.4693E-04  0.4693E-04  0.4693E-04  0.0000E+00  0.0000E+00  0.0000E+00  0.0000E+00  0.0000E+00
    -12.604  0.1767E-01  0.9635E-04  0.9635E-04  0.9635E-04  0.0000E+00  0.0000E+00  0.0000E+00  0.0000E+00  0.0000E+00
    -12.453  0.2046E-01  0.1598E-03  0.1598E-03  0.1598E-03  0.0000E+00  0.0000E+00  0.0000E+00  0.0000E+00  0.0000E+00
    -12.301  0.2332E-01  0.2354E-03  0.2354E-03  0.2354E-03  0.0000E+00  0.0000E+00  0.0000E+00  0.0000E+00  0.0000E+00
    -12.149  0.2583E-01  0.3200E-03  0.3200E-03  0.3200E-03  0.0000E+00  0.0000E+00  0.0000E+00  0.0000E+00  0.0000E+00
    -11.997  0.2797E-01  0.4146E-03  0.4146E-03  0.4146E-03  0.0000E+00  0.0000E+00  0.0000E+00  0.0000E+00  0.0000E+00
    -11.845  0.3004E-01  0.5155E-03  0.5155E-03  0.5155E-03  0.0000E+00  0.0000E+00  0.0000E+00  0.0000E+00  0.0000E+00
    -11.693  0.3201E-01  0.6220E-03  0.6220E-03  0.6220E-03  0.0000E+00  0.0000E+00  0.0000E+00  0.0000E+00  0.0000E+00
    -11.542  0.3372E-01  0.7380E-03  0.7380E-03  0.7380E-03  0.0000E+00  0.0000E+00  0.0000E+00  0.0000E+00  0.0000E+00
    -11.390  0.3550E-01  0.8564E-03  0.8564E-03  0.8564E-03  0.0000E+00  0.0000E+00  0.0000E+00  0.0000E+00  0.0000E+00
    -11.238  0.3701E-01  0.9845E-03  0.9845E-03  0.9845E-03  0.0000E+00  0.0000E+00  0.0000E+00  0.0000E+00  0.0000E+00
    -11.086  0.3861E-01  0.1115E-02  0.1115E-02  0.1115E-02  0.0000E+00  0.0000E+00  0.0000E+00  0.0000E+00  0.0000E+00
    -10.934  0.4001E-01  0.1253E-02  0.1253E-02  0.1253E-02  0.0000E+00  0.0000E+00  0.0000E+00  0.0000E+00  0.0000E+00
    -10.782  0.4149E-01  0.1393E-02  0.1393E-02  0.1393E-02  0.0000E+00  0.0000E+00  0.0000E+00  0.0000E+00  0.0000E+00
    -10.630  0.4278E-01  0.1542E-02  0.1542E-02  0.1542E-02  0.0000E+00  0.0000E+00  0.0000E+00  0.0000E+00  0.0000E+00
    -10.479  0.4416E-01  0.1691E-02  0.1691E-02  0.1691E-02  0.0000E+00  0.0000E+00  0.0000E+00  0.0000E+00  0.0000E+00
    -10.327  0.4539E-01  0.1850E-02  0.1850E-02  0.1850E-02  0.0000E+00  0.0000E+00  0.0000E+00  0.0000E+00  0.0000E+00
    -10.175  0.4667E-01  0.2009E-02  0.2009E-02  0.2009E-02  0.0000E+00  0.0000E+00  0.0000E+00  0.0000E+00  0.0000E+00
    -10.023  0.4790E-01  0.2174E-02  0.2174E-02  0.2174E-02  0.0000E+00  0.0000E+00  0.0000E+00  0.0000E+00  0.0000E+00
     -9.871  0.4909E-01  0.2344E-02  0.2344E-02  0.2344E-02  0.0000E+00  0.0000E+00  0.0000E+00  0.0000E+00  0.0000E+00
     -9.719  0.5035E-01  0.2514E-02  0.2514E-02  0.2514E-02  0.0000E+00  0.0000E+00  0.0000E+00  0.0000E+00  0.0000E+00
     -9.568  0.5148E-01  0.2695E-02  0.2695E-02  0.2695E-02  0.0000E+00  0.0000E+00  0.0000E+00  0.0000E+00  0.0000E+00
     -9.416  0.5267E-01  0.2875E-02  0.2875E-02  0.2875E-02  0.0000E+00  0.0000E+00  0.0000E+00  0.0000E+00  0.0000E+00
     -9.264  0.5388E-01  0.3058E-02  0.3058E-02  0.3058E-02  0.0000E+00  0.0000E+00  0.0000E+00  0.0000E+00  0.0000E+00
     -9.112  0.5504E-01  0.3249E-02  0.3249E-02  0.3249E-02  0.0000E+00  0.0000E+00  0.0000E+00  0.0000E+00  0.0000E+00
     -8.960  0.5626E-01  0.3440E-02  0.3440E-02  0.3440E-02  0.0000E+00  0.0000E+00  0.0000E+00  0.0000E+00  0.0000E+00
     -8.808  0.5749E-01  0.3636E-02  0.3636E-02  0.3636E-02  0.0000E+00  0.0000E+00  0.0000E+00  0.0000E+00  0.0000E+00
     -8.656  0.5872E-01  0.3838E-02  0.3838E-02  0.3838E-02  0.0000E+00  0.0000E+00  0.0000E+00  0.0000E+00  0.0000E+00
     -8.505  0.6004E-01  0.4039E-02  0.4039E-02  0.4039E-02  0.0000E+00  0.0000E+00  0.0000E+00  0.0000E+00  0.0000E+00
     -8.353  0.6138E-01  0.4248E-02  0.4248E-02  0.4248E-02  0.0000E+00  0.0000E+00  0.0000E+00  0.0000E+00  0.0000E+00
     -8.201  0.6278E-01  0.4462E-02  0.4462E-02  0.4462E-02  0.0000E+00  0.0000E+00  0.0000E+00  0.0000E+00  0.0000E+00
     -8.049  0.6429E-01  0.4676E-02  0.4676E-02  0.4676E-02  0.0000E+00  0.0000E+00  0.0000E+00  0.0000E+00  0.0000E+00
     -7.897  0.6591E-01  0.4898E-02  0.4898E-02  0.4898E-02  0.0000E+00  0.0000E+00  0.0000E+00  0.0000E+00  0.0000E+00
     -7.745  0.6768E-01  0.5129E-02  0.5129E-02  0.5129E-02  0.0000E+00  0.0000E+00  0.0000E+00  0.0000E+00  0.0000E+00
     -7.594  0.6967E-01  0.5362E-02  0.5362E-02  0.5362E-02  0.0000E+00  0.0000E+00  0.0000E+00  0.0000E+00  0.0000E+00
     -7.442  0.7198E-01  0.5606E-02  0.5606E-02  0.5606E-02  0.0000E+00  0.0000E+00  0.0000E+00  0.0000E+00  0.0000E+00
     -7.290  0.7475E-01  0.5872E-02  0.5872E-02  0.5872E-02  0.0000E+00  0.0000E+00  0.0000E+00  0.0000E+00  0.0000E+00
     -7.138  0.7835E-01  0.6159E-02  0.6159E-02  0.6159E-02  0.0000E+00  0.0000E+00  0.0000E+00  0.0000E+00  0.0000E+00
     -6.986  0.8377E-01  0.6508E-02  0.6508E-02  0.6508E-02  0.0000E+00  0.0000E+00  0.0000E+00  0.0000E+00  0.0000E+00
     -6.834  0.9863E-01  0.7218E-02  0.7218E-02  0.7218E-02  0.0000E+00  0.0000E+00  0.0000E+00  0.0000E+00  0.0000E+00
     -6.682  0.9394E-01  0.7182E-02  0.7182E-02  0.7182E-02  0.0000E+00  0.0000E+00  0.0000E+00  0.0000E+00  0.0000E+00
     -6.531  0.9269E-01  0.7272E-02  0.7272E-02  0.7272E-02  0.0000E+00  0.0000E+00  0.0000E+00  0.0000E+00  0.0000E+00
     -6.379  0.8745E-01  0.7177E-02  0.7177E-02  0.7177E-02  0.0000E+00  0.0000E+00  0.0000E+00  0.0000E+00  0.0000E+00
     -6.227  0.8525E-01  0.7210E-02  0.7210E-02  0.7210E-02  0.0000E+00  0.0000E+00  0.0000E+00  0.0000E+00  0.0000E+00
     -6.075  0.8168E-01  0.7146E-02  0.7146E-02  0.7146E-02  0.0000E+00  0.0000E+00  0.0000E+00  0.0000E+00  0.0000E+00
     -5.923  0.7925E-01  0.7149E-02  0.7149E-02  0.7149E-02  0.0000E+00  0.0000E+00  0.0000E+00  0.0000E+00  0.0000E+00
     -5.771  0.7656E-01  0.7110E-02  0.7110E-02  0.7110E-02  0.0000E+00  0.0000E+00  0.0000E+00  0.0000E+00  0.0000E+00
     -5.620  0.7346E-01  0.7033E-02  0.7033E-02  0.7033E-02  0.0000E+00  0.0000E+00  0.0000E+00  0.0000E+00  0.0000E+00
     -5.468  0.7085E-01  0.6985E-02  0.6985E-02  0.6985E-02  0.0000E+00  0.0000E+00  0.0000E+00  0.0000E+00  0.0000E+00
     -5.316  0.6818E-01  0.6908E-02  0.6908E-02  0.6908E-02  0.0000E+00  0.0000E+00  0.0000E+00  0.0000E+00  0.0000E+00
     -5.164  0.6518E-01  0.6797E-02  0.6797E-02  0.6797E-02  0.0000E+00  0.0000E+00  0.0000E+00  0.0000E+00  0.0000E+00
     -5.012  0.6278E-01  0.6719E-02  0.6719E-02  0.6719E-02  0.0000E+00  0.0000E+00  0.0000E+00  0.0000E+00  0.0000E+00
     -4.860  0.5967E-01  0.6573E-02  0.6573E-02  0.6573E-02  0.0000E+00  0.0000E+00  0.0000E+00  0.0000E+00  0.0000E+00
     -4.708  0.5699E-01  0.6441E-02  0.6441E-02  0.6441E-02  0.0000E+00  0.0000E+00  0.0000E+00  0.0000E+00  0.0000E+00
     -4.557  0.5406E-01  0.6283E-02  0.6283E-02  0.6283E-02  0.0000E+00  0.0000E+00  0.0000E+00  0.0000E+00  0.0000E+00
     -4.405  0.5128E-01  0.6112E-02  0.6112E-02  0.6112E-02  0.0000E+00  0.0000E+00  0.0000E+00  0.0000E+00  0.0000E+00
     -4.253  0.4824E-01  0.5915E-02  0.5915E-02  0.5915E-02  0.0000E+00  0.0000E+00  0.0000E+00  0.0000E+00  0.0000E+00
     -4.101  0.4962E-01  0.8834E-02  0.8834E-02  0.8834E-02  0.0000E+00  0.0000E+00  0.0000E+00  0.0000E+00  0.0000E+00
     -3.949  0.4963E-01  0.1028E-01  0.1028E-01  0.1028E-01  0.0000E+00  0.0000E+00  0.0000E+00  0.0000E+00  0.0000E+00
     -3.797  0.5063E-01  0.1179E-01  0.1179E-01  0.1179E-01  0.0000E+00  0.0000E+00  0.0000E+00  0.0000E+00  0.0000E+00
     -3.646  0.4298E-01  0.1175E-01  0.1175E-01  0.1175E-01  0.0000E+00  0.0000E+00  0.0000E+00  0.0000E+00  0.0000E+00
     -3.494  0.3154E-01  0.1092E-01  0.1092E-01  0.1092E-01  0.0000E+00  0.0000E+00  0.0000E+00  0.0000E+00  0.0000E+00
     -3.342  0.3027E-01  0.1198E-01  0.1198E-01  0.1198E-01  0.0000E+00  0.0000E+00  0.0000E+00  0.0000E+00  0.0000E+00
     -3.190  0.3127E-01  0.1296E-01  0.1296E-01  0.1296E-01  0.0000E+00  0.0000E+00  0.0000E+00  0.0000E+00  0.0000E+00
     -3.038  0.3360E-01  0.1448E-01  0.1448E-01  0.1448E-01  0.0000E+00  0.0000E+00  0.0000E+00  0.0000E+00  0.0000E+00
     -2.886  0.4014E-01  0.1634E-01  0.1634E-01  0.1634E-01  0.0000E+00  0.0000E+00  0.0000E+00  0.0000E+00  0.0000E+00
     -2.734  0.4970E-01  0.1908E-01  0.1908E-01  0.1908E-01  0.0000E+00  0.0000E+00  0.0000E+00  0.0000E+00  0.0000E+00
     -2.583  0.6299E-01  0.2251E-01  0.2251E-01  0.2251E-01  0.0000E+00  0.0000E+00  0.0000E+00  0.0000E+00  0.0000E+00
     -2.431  0.8031E-01  0.2758E-01  0.2758E-01  0.2758E-01  0.0000E+00  0.0000E+00  0.0000E+00  0.0000E+00  0.0000E+00
     -2.279  0.1082E+00  0.3531E-01  0.3531E-01  0.3531E-01  0.0000E+00  0.0000E+00  0.0000E+00  0.0000E+00  0.0000E+00
     -2.127  0.9419E-01  0.3052E-01  0.3052E-01  0.3052E-01  0.0000E+00  0.0000E+00  0.0000E+00  0.0000E+00  0.0000E+00
     -1.975  0.7414E-01  0.2492E-01  0.2492E-01  0.2492E-01  0.0000E+00  0.0000E+00  0.0000E+00  0.0000E+00  0.0000E+00
     -1.823  0.6679E-01  0.2287E-01  0.2287E-01  0.2287E-01  0.0000E+00  0.0000E+00  0.0000E+00  0.0000E+00  0.0000E+00
     -1.672  0.6024E-01  0.2114E-01  0.2114E-01  0.2114E-01  0.0000E+00  0.0000E+00  0.0000E+00  0.0000E+00  0.0000E+00
     -1.520  0.5665E-01  0.2022E-01  0.2022E-01  0.2022E-01  0.0000E+00  0.0000E+00  0.0000E+00  0.0000E+00  0.0000E+00
     -1.368  0.5202E-01  0.1906E-01  0.1906E-01  0.1906E-01  0.0000E+00  0.0000E+00  0.0000E+00  0.0000E+00  0.0000E+00
     -1.216  0.4948E-01  0.1847E-01  0.1847E-01  0.1847E-01  0.0000E+00  0.0000E+00  0.0000E+00  0.0000E+00  0.0000E+00
     -1.064  0.4584E-01  0.1757E-01  0.1757E-01  0.1757E-01  0.0000E+00  0.0000E+00  0.0000E+00  0.0000E+00  0.0000E+00
     -0.912  0.4375E-01  0.1712E-01  0.1712E-01  0.1712E-01  0.0000E+00  0.0000E+00  0.0000E+00  0.0000E+00  0.0000E+00
     -0.760  0.4110E-01  0.1650E-01  0.1650E-01  0.1650E-01  0.0000E+00  0.0000E+00  0.0000E+00  0.0000E+00  0.0000E+00
     -0.609  0.3880E-01  0.1597E-01  0.1597E-01  0.1597E-01  0.0000E+00  0.0000E+00  0.0000E+00  0.0000E+00  0.0000E+00
     -0.457  0.3698E-01  0.1559E-01  0.1559E-01  0.1559E-01  0.0000E+00  0.0000E+00  0.0000E+00  0.0000E+00  0.0000E+00
     -0.305  0.3438E-01  0.1493E-01  0.1493E-01  0.1493E-01  0.0000E+00  0.0000E+00  0.0000E+00  0.0000E+00  0.0000E+00
     -0.153  0.3304E-01  0.1468E-01  0.1468E-01  0.1468E-01  0.0000E+00  0.0000E+00  0.0000E+00  0.0000E+00  0.0000E+00
     -0.001  0.3155E-01  0.1748E-01  0.1748E-01  0.1748E-01  0.0000E+00  0.0000E+00  0.0000E+00  0.0000E+00  0.0000E+00
      0.151  0.3086E-01  0.2239E-01  0.2239E-01  0.2239E-01  0.0000E+00  0.0000E+00  0.0000E+00  0.0000E+00  0.0000E+00
      0.302  0.3070E-01  0.2623E-01  0.2623E-01  0.2623E-01  0.0000E+00  0.0000E+00  0.0000E+00  0.0000E+00  0.0000E+00
      0.454  0.3003E-01  0.2942E-01  0.2942E-01  0.2942E-01  0.0000E+00  0.0000E+00  0.0000E+00  0.0000E+00  0.0000E+00
      0.606  0.3057E-01  0.3425E-01  0.3425E-01  0.3425E-01  0.0000E+00  0.0000E+00  0.0000E+00  0.0000E+00  0.0000E+00
      0.758  0.3183E-01  0.4128E-01  0.4128E-01  0.4128E-01  0.0000E+00  0.0000E+00  0.0000E+00  0.0000E+00  0.0000E+00
      0.910  0.3130E-01  0.4063E-01  0.4063E-01  0.4063E-01  0.0000E+00  0.0000E+00  0.0000E+00  0.0000E+00  0.0000E+00
      1.062  0.3124E-01  0.3924E-01  0.3924E-01  0.3924E-01  0.0000E+00  0.0000E+00  0.0000E+00  0.0000E+00  0.0000E+00
      1.214  0.3114E-01  0.3873E-01  0.3873E-01  0.3873E-01  0.0000E+00  0.0000E+00  0.0000E+00  0.0000E+00  0.0000E+00
      1.365  0.3023E-01  0.3813E-01  0.3813E-01  0.3813E-01  0.0000E+00  0.0000E+00  0.0000E+00  0.0000E+00  0.0000E+00
      1.517  0.3014E-01  0.4005E-01  0.4005E-01  0.4005E-01  0.0000E+00  0.0000E+00  0.0000E+00  0.0000E+00  0.0000E+00
      1.669  0.2972E-01  0.4058E-01  0.4058E-01  0.4058E-01  0.0000E+00  0.0000E+00  0.0000E+00  0.0000E+00  0.0000E+00
      1.821  0.2884E-01  0.4153E-01  0.4153E-01  0.4153E-01  0.0000E+00  0.0000E+00  0.0000E+00  0.0000E+00  0.0000E+00
      1.973  0.2852E-01  0.4292E-01  0.4292E-01  0.4292E-01  0.0000E+00  0.0000E+00  0.0000E+00  0.0000E+00  0.0000E+00
      2.125  0.2808E-01  0.4472E-01  0.4472E-01  0.4472E-01  0.0000E+00  0.0000E+00  0.0000E+00  0.0000E+00  0.0000E+00
      2.276  0.2726E-01  0.4587E-01  0.4587E-01  0.4587E-01  0.0000E+00  0.0000E+00  0.0000E+00  0.0000E+00  0.0000E+00
      2.428  0.2664E-01  0.4740E-01  0.4740E-01  0.4740E-01  0.0000E+00  0.0000E+00  0.0000E+00  0.0000E+00  0.0000E+00
      2.580  0.2618E-01  0.5009E-01  0.5009E-01  0.5009E-01  0.0000E+00  0.0000E+00  0.0000E+00  0.0000E+00  0.0000E+00
      2.732  0.2546E-01  0.5176E-01  0.5176E-01  0.5176E-01  0.0000E+00  0.0000E+00  0.0000E+00  0.0000E+00  0.0000E+00
      2.884  0.2458E-01  0.5536E-01  0.5536E-01  0.5536E-01  0.0000E+00  0.0000E+00  0.0000E+00  0.0000E+00  0.0000E+00
      3.036  0.2403E-01  0.5857E-01  0.5857E-01  0.5857E-01  0.0000E+00  0.0000E+00  0.0000E+00  0.0000E+00  0.0000E+00
      3.188  0.2334E-01  0.6398E-01  0.6398E-01  0.6398E-01  0.0000E+00  0.0000E+00  0.0000E+00  0.0000E+00  0.0000E+00
      3.339  0.2232E-01  0.7600E-01  0.7600E-01  0.7600E-01  0.0000E+00  0.0000E+00  0.0000E+00  0.0000E+00  0.0000E+00
      3.491  0.2155E-01  0.7429E-01  0.7429E-01  0.7429E-01  0.0000E+00  0.0000E+00  0.0000E+00  0.0000E+00  0.0000E+00
      3.643  0.2091E-01  0.7365E-01  0.7365E-01  0.7365E-01  0.0000E+00  0.0000E+00  0.0000E+00  0.0000E+00  0.0000E+00
      3.795  0.2003E-01  0.7297E-01  0.7297E-01  0.7297E-01  0.0000E+00  0.0000E+00  0.0000E+00  0.0000E+00  0.0000E+00
      3.947  0.1905E-01  0.7230E-01  0.7230E-01  0.7230E-01  0.0000E+00  0.0000E+00  0.0000E+00  0.0000E+00  0.0000E+00
      4.099  0.1846E-01  0.7218E-01  0.7218E-01  0.7218E-01  0.0000E+00  0.0000E+00  0.0000E+00  0.0000E+00  0.0000E+00
      4.250  0.1771E-01  0.7199E-01  0.7199E-01  0.7199E-01  0.0000E+00  0.0000E+00  0.0000E+00  0.0000E+00  0.0000E+00
      4.402  0.1680E-01  0.7133E-01  0.7133E-01  0.7133E-01  0.0000E+00  0.0000E+00  0.0000E+00  0.0000E+00  0.0000E+00
      4.554  0.1611E-01  0.7115E-01  0.7115E-01  0.7115E-01  0.0000E+00  0.0000E+00  0.0000E+00  0.0000E+00  0.0000E+00
      4.706  0.1546E-01  0.7103E-01  0.7103E-01  0.7103E-01  0.0000E+00  0.0000E+00  0.0000E+00  0.0000E+00  0.0000E+00
      4.858  0.1464E-01  0.7052E-01  0.7052E-01  0.7052E-01  0.0000E+00  0.0000E+00  0.0000E+00  0.0000E+00  0.0000E+00
      5.010  0.1379E-01  0.7041E-01  0.7041E-01  0.7041E-01  0.0000E+00  0.0000E+00  0.0000E+00  0.0000E+00  0.0000E+00
      5.162  0.1320E-01  0.7014E-01  0.7014E-01  0.7014E-01  0.0000E+00  0.0000E+00  0.0000E+00  0.0000E+00  0.0000E+00
      5.313  0.1258E-01  0.6980E-01  0.6980E-01  0.6980E-01  0.0000E+00  0.0000E+00  0.0000E+00  0.0000E+00  0.0000E+00
      5.465  0.1189E-01  0.6962E-01  0.6962E-01  0.6962E-01  0.0000E+00  0.0000E+00  0.0000E+00  0.0000E+00  0.0000E+00
      5.617  0.1114E-01  0.6914E-01  0.6914E-01  0.6914E-01  0.0000E+00  0.0000E+00  0.0000E+00  0.0000E+00  0.0000E+00
      5.769  0.1051E-01  0.6905E-01  0.6905E-01  0.6905E-01  0.0000E+00  0.0000E+00  0.0000E+00  0.0000E+00  0.0000E+00
      5.921  0.9854E-02  0.6867E-01  0.6867E-01  0.6867E-01  0.0000E+00  0.0000E+00  0.0000E+00  0.0000E+00  0.0000E+00
      6.073  0.9173E-02  0.6851E-01  0.6851E-01  0.6851E-01  0.0000E+00  0.0000E+00  0.0000E+00  0.0000E+00  0.0000E+00
      6.224  0.8494E-02  0.6811E-01  0.6811E-01  0.6811E-01  0.0000E+00  0.0000E+00  0.0000E+00  0.0000E+00  0.0000E+00
      6.376  0.7992E-02  0.6796E-01  0.6796E-01  0.6796E-01  0.0000E+00  0.0000E+00  0.0000E+00  0.0000E+00  0.0000E+00
      6.528  0.7450E-02  0.6775E-01  0.6775E-01  0.6775E-01  0.0000E+00  0.0000E+00  0.0000E+00  0.0000E+00  0.0000E+00
      6.680  0.6814E-02  0.6748E-01  0.6748E-01  0.6748E-01  0.0000E+00  0.0000E+00  0.0000E+00  0.0000E+00  0.0000E+00
      6.832  0.6188E-02  0.6697E-01  0.6697E-01  0.6697E-01  0.0000E+00  0.0000E+00  0.0000E+00  0.0000E+00  0.0000E+00
      6.984  0.5672E-02  0.6646E-01  0.6646E-01  0.6646E-01  0.0000E+00  0.0000E+00  0.0000E+00  0.0000E+00  0.0000E+00
      7.136  0.5139E-02  0.6031E-01  0.6031E-01  0.6031E-01  0.0000E+00  0.0000E+00  0.0000E+00  0.0000E+00  0.0000E+00
      7.287  0.4604E-02  0.5057E-01  0.5057E-01  0.5057E-01  0.0000E+00  0.0000E+00  0.0000E+00  0.0000E+00  0.0000E+00
      7.439  0.4155E-02  0.4467E-01  0.4467E-01  0.4467E-01  0.0000E+00  0.0000E+00  0.0000E+00  0.0000E+00  0.0000E+00
      7.591  0.3783E-02  0.4082E-01  0.4082E-01  0.4082E-01  0.0000E+00  0.0000E+00  0.0000E+00  0.0000E+00  0.0000E+00
      7.743  0.3398E-02  0.3732E-01  0.3732E-01  0.3732E-01  0.0000E+00  0.0000E+00  0.0000E+00  0.0000E+00  0.0000E+00
      7.895  0.3017E-02  0.3420E-01  0.3420E-01  0.3420E-01  0.0000E+00  0.0000E+00  0.0000E+00  0.0000E+00  0.0000E+00
      8.047  0.2707E-02  0.3162E-01  0.3162E-01  0.3162E-01  0.0000E+00  0.0000E+00  0.0000E+00  0.0000E+00  0.0000E+00
      8.198  0.2402E-02  0.2915E-01  0.2915E-01  0.2915E-01  0.0000E+00  0.0000E+00  0.0000E+00  0.0000E+00  0.0000E+00
      8.350  0.2112E-02  0.2680E-01  0.2680E-01  0.2680E-01  0.0000E+00  0.0000E+00  0.0000E+00  0.0000E+00  0.0000E+00
      8.502  0.1817E-02  0.2460E-01  0.2460E-01  0.2460E-01  0.0000E+00  0.0000E+00  0.0000E+00  0.0000E+00  0.0000E+00
      8.654  0.1563E-02  0.2257E-01  0.2257E-01  0.2257E-01  0.0000E+00  0.0000E+00  0.0000E+00  0.0000E+00  0.0000E+00
      8.806  0.1339E-02  0.2054E-01  0.2054E-01  0.2054E-01  0.0000E+00  0.0000E+00  0.0000E+00  0.0000E+00  0.0000E+00
      8.958  0.1089E-02  0.1864E-01  0.1864E-01  0.1864E-01  0.0000E+00  0.0000E+00  0.0000E+00  0.0000E+00  0.0000E+00
      9.110  0.8933E-03  0.1682E-01  0.1682E-01  0.1682E-01  0.0000E+00  0.0000E+00  0.0000E+00  0.0000E+00  0.0000E+00
      9.261  0.7132E-03  0.1493E-01  0.1493E-01  0.1493E-01  0.0000E+00  0.0000E+00  0.0000E+00  0.0000E+00  0.0000E+00
      9.413  0.5177E-03  0.1311E-01  0.1311E-01  0.1311E-01  0.0000E+00  0.0000E+00  0.0000E+00  0.0000E+00  0.0000E+00
      9.565  0.3714E-03  0.1125E-01  0.1125E-01  0.1125E-01  0.0000E+00  0.0000E+00  0.0000E+00  0.0000E+00  0.0000E+00
      9.717  0.2404E-03  0.9403E-02  0.9403E-02  0.9403E-02  0.0000E+00  0.0000E+00  0.0000E+00  0.0000E+00  0.0000E+00
      9.869  0.1272E-03  0.7093E-02  0.7093E-02  0.7093E-02  0.0000E+00  0.0000E+00  0.0000E+00  0.0000E+00  0.0000E+00
     10.021  0.4126E-04  0.4933E-02  0.4933E-02  0.4933E-02  0.0000E+00  0.0000E+00  0.0000E+00  0.0000E+00  0.0000E+00
     10.172  0.4636E-05  0.5599E-03  0.5599E-03  0.5599E-03  0.0000E+00  0.0000E+00  0.0000E+00  0.0000E+00  0.0000E+00
     10.324  0.0000E+00  0.0000E+00  0.0000E+00  0.0000E+00  0.0000E+00  0.0000E+00  0.0000E+00  0.0000E+00  0.0000E+00
     10.476  0.0000E+00  0.0000E+00  0.0000E+00  0.0000E+00  0.0000E+00  0.0000E+00  0.0000E+00  0.0000E+00  0.0000E+00
     10.628  0.0000E+00  0.0000E+00  0.0000E+00  0.0000E+00  0.0000E+00  0.0000E+00  0.0000E+00  0.0000E+00  0.0000E+00
     10.780  0.0000E+00  0.0000E+00  0.0000E+00  0.0000E+00  0.0000E+00  0.0000E+00  0.0000E+00  0.0000E+00  0.0000E+00
     10.932  0.0000E+00  0.0000E+00  0.0000E+00  0.0000E+00  0.0000E+00  0.0000E+00  0.0000E+00  0.0000E+00  0.0000E+00
     11.084  0.0000E+00  0.0000E+00  0.0000E+00  0.0000E+00  0.0000E+00  0.0000E+00  0.0000E+00  0.0000E+00  0.0000E+00
     11.235  0.0000E+00  0.0000E+00  0.0000E+00  0.0000E+00  0.0000E+00  0.0000E+00  0.0000E+00  0.0000E+00  0.0000E+00
     11.387  0.0000E+00  0.0000E+00  0.0000E+00  0.0000E+00  0.0000E+00  0.0000E+00  0.0000E+00  0.0000E+00  0.0000E+00
     11.539  0.0000E+00  0.0000E+00  0.0000E+00  0.0000E+00  0.0000E+00  0.0000E+00  0.0000E+00  0.0000E+00  0.0000E+00
     11.691  0.0000E+00  0.0000E+00  0.0000E+00  0.0000E+00  0.0000E+00  0.0000E+00  0.0000E+00  0.0000E+00  0.0000E+00
     11.843  0.0000E+00  0.0000E+00  0.0000E+00  0.0000E+00  0.0000E+00  0.0000E+00  0.0000E+00  0.0000E+00  0.0000E+00
     11.995  0.0000E+00  0.0000E+00  0.0000E+00  0.0000E+00  0.0000E+00  0.0000E+00  0.0000E+00  0.0000E+00  0.0000E+00
     12.146  0.0000E+00  0.0000E+00  0.0000E+00  0.0000E+00  0.0000E+00  0.0000E+00  0.0000E+00  0.0000E+00  0.0000E+00
     12.298  0.0000E+00  0.0000E+00  0.0000E+00  0.0000E+00  0.0000E+00  0.0000E+00  0.0000E+00  0.0000E+00  0.0000E+00
     12.450  0.0000E+00  0.0000E+00  0.0000E+00  0.0000E+00  0.0000E+00  0.0000E+00  0.0000E+00  0.0000E+00  0.0000E+00
     12.602  0.0000E+00  0.0000E+00  0.0000E+00  0.0000E+00  0.0000E+00  0.0000E+00  0.0000E+00  0.0000E+00  0.0000E+00
     12.754  0.0000E+00  0.0000E+00  0.0000E+00  0.0000E+00  0.0000E+00  0.0000E+00  0.0000E+00  0.0000E+00  0.0000E+00
     12.906  0.0000E+00  0.0000E+00  0.0000E+00  0.0000E+00  0.0000E+00  0.0000E+00  0.0000E+00  0.0000E+00  0.0000E+00
     13.058  0.0000E+00  0.0000E+00  0.0000E+00  0.0000E+00  0.0000E+00  0.0000E+00  0.0000E+00  0.0000E+00  0.0000E+00
     13.209  0.0000E+00  0.0000E+00  0.0000E+00  0.0000E+00  0.0000E+00  0.0000E+00  0.0000E+00  0.0000E+00  0.0000E+00
     13.361  0.0000E+00  0.0000E+00  0.0000E+00  0.0000E+00  0.0000E+00  0.0000E+00  0.0000E+00  0.0000E+00  0.0000E+00
     13.513  0.0000E+00  0.0000E+00  0.0000E+00  0.0000E+00  0.0000E+00  0.0000E+00  0.0000E+00  0.0000E+00  0.0000E+00
     13.665  0.0000E+00  0.0000E+00  0.0000E+00  0.0000E+00  0.0000E+00  0.0000E+00  0.0000E+00  0.0000E+00  0.0000E+00
     13.817  0.0000E+00  0.0000E+00  0.0000E+00  0.0000E+00  0.0000E+00  0.0000E+00  0.0000E+00  0.0000E+00  0.0000E+00
     13.969  0.0000E+00  0.0000E+00  0.0000E+00  0.0000E+00  0.0000E+00  0.0000E+00  0.0000E+00  0.0000E+00  0.0000E+00
     14.120  0.0000E+00  0.0000E+00  0.0000E+00  0.0000E+00  0.0000E+00  0.0000E+00  0.0000E+00  0.0000E+00  0.0000E+00
     14.272  0.0000E+00  0.0000E+00  0.0000E+00  0.0000E+00  0.0000E+00  0.0000E+00  0.0000E+00  0.0000E+00  0.0000E+00
     14.424  0.0000E+00  0.0000E+00  0.0000E+00  0.0000E+00  0.0000E+00  0.0000E+00  0.0000E+00  0.0000E+00  0.0000E+00
     14.576  0.2987E-02  0.9349E-03  0.9349E-03  0.9349E-03  0.0000E+00  0.0000E+00  0.0000E+00  0.0000E+00  0.0000E+00
     14.728  0.8746E-02  0.2974E-02  0.2974E-02  0.2974E-02  0.0000E+00  0.0000E+00  0.0000E+00  0.0000E+00  0.0000E+00
     14.880  0.1020E-01  0.3777E-02  0.3777E-02  0.3777E-02  0.0000E+00  0.0000E+00  0.0000E+00  0.0000E+00  0.0000E+00
     15.032  0.1284E-01  0.5086E-02  0.5086E-02  0.5086E-02  0.0000E+00  0.0000E+00  0.0000E+00  0.0000E+00  0.0000E+00
     15.183  0.1614E-01  0.6586E-02  0.6586E-02  0.6586E-02  0.0000E+00  0.0000E+00  0.0000E+00  0.0000E+00  0.0000E+00
     15.335  0.1951E-01  0.8252E-02  0.8252E-02  0.8252E-02  0.0000E+00  0.0000E+00  0.0000E+00  0.0000E+00  0.0000E+00
     15.487  0.2206E-01  0.9957E-02  0.9957E-02  0.9957E-02  0.0000E+00  0.0000E+00  0.0000E+00  0.0000E+00  0.0000E+00
     15.639  0.2380E-01  0.1175E-01  0.1175E-01  0.1175E-01  0.0000E+00  0.0000E+00  0.0000E+00  0.0000E+00  0.0000E+00
     15.791  0.2526E-01  0.1378E-01  0.1378E-01  0.1378E-01  0.0000E+00  0.0000E+00  0.0000E+00  0.0000E+00  0.0000E+00
     15.943  0.2660E-01  0.1629E-01  0.1629E-01  0.1629E-01  0.0000E+00  0.0000E+00  0.0000E+00  0.0000E+00  0.0000E+00
     16.094  0.2775E-01  0.2126E-01  0.2126E-01  0.2126E-01  0.0000E+00  0.0000E+00  0.0000E+00  0.0000E+00  0.0000E+00
     16.246  0.2847E-01  0.2161E-01  0.2161E-01  0.2161E-01  0.0000E+00  0.0000E+00  0.0000E+00  0.0000E+00  0.0000E+00
     16.398  0.2911E-01  0.2281E-01  0.2281E-01  0.2281E-01  0.0000E+00  0.0000E+00  0.0000E+00  0.0000E+00  0.0000E+00
     16.550  0.2979E-01  0.2419E-01  0.2419E-01  0.2419E-01  0.0000E+00  0.0000E+00  0.0000E+00  0.0000E+00  0.0000E+00
     16.702  0.3048E-01  0.2552E-01  0.2552E-01  0.2552E-01  0.0000E+00  0.0000E+00  0.0000E+00  0.0000E+00  0.0000E+00
     16.854  0.3098E-01  0.2699E-01  0.2699E-01  0.2699E-01  0.0000E+00  0.0000E+00  0.0000E+00  0.0000E+00  0.0000E+00
     17.006  0.3137E-01  0.2845E-01  0.2845E-01  0.2845E-01  0.0000E+00  0.0000E+00  0.0000E+00  0.0000E+00  0.0000E+00
     17.157  0.3185E-01  0.3003E-01  0.3003E-01  0.3003E-01  0.0000E+00  0.0000E+00  0.0000E+00  0.0000E+00  0.0000E+00
     17.309  0.3229E-01  0.3171E-01  0.3171E-01  0.3171E-01  0.0000E+00  0.0000E+00  0.0000E+00  0.0000E+00  0.0000E+00
     17.461  0.3274E-01  0.3350E-01  0.3350E-01  0.3350E-01  0.0000E+00  0.0000E+00  0.0000E+00  0.0000E+00  0.0000E+00
     17.613  0.3316E-01  0.3545E-01  0.3545E-01  0.3545E-01  0.0000E+00  0.0000E+00  0.0000E+00  0.0000E+00  0.0000E+00
     17.765  0.3349E-01  0.3746E-01  0.3746E-01  0.3746E-01  0.0000E+00  0.0000E+00  0.0000E+00  0.0000E+00  0.0000E+00
     17.917  0.3386E-01  0.3972E-01  0.3972E-01  0.3972E-01  0.0000E+00  0.0000E+00  0.0000E+00  0.0000E+00  0.0000E+00
     18.068  0.3428E-01  0.4213E-01  0.4213E-01  0.4213E-01  0.0000E+00  0.0000E+00  0.0000E+00  0.0000E+00  0.0000E+00
     18.220  0.3480E-01  0.4501E-01  0.4501E-01  0.4501E-01  0.0000E+00  0.0000E+00  0.0000E+00  0.0000E+00  0.0000E+00
     18.372  0.3528E-01  0.4831E-01  0.4831E-01  0.4831E-01  0.0000E+00  0.0000E+00  0.0000E+00  0.0000E+00  0.0000E+00
     18.524  0.3598E-01  0.5237E-01  0.5237E-01  0.5237E-01  0.0000E+00  0.0000E+00  0.0000E+00  0.0000E+00  0.0000E+00
     18.676  0.3679E-01  0.5803E-01  0.5803E-01  0.5803E-01  0.0000E+00  0.0000E+00  0.0000E+00  0.0000E+00  0.0000E+00
     18.828  0.3968E-01  0.7153E-01  0.7153E-01  0.7153E-01  0.0000E+00  0.0000E+00  0.0000E+00  0.0000E+00  0.0000E+00
     18.980  0.3981E-01  0.7617E-01  0.7617E-01  0.7617E-01  0.0000E+00  0.0000E+00  0.0000E+00  0.0000E+00  0.0000E+00
     19.131  0.3831E-01  0.6478E-01  0.6478E-01  0.6478E-01  0.0000E+00  0.0000E+00  0.0000E+00  0.0000E+00  0.0000E+00
     19.283  0.3582E-01  0.5473E-01  0.5473E-01  0.5473E-01  0.0000E+00  0.0000E+00  0.0000E+00  0.0000E+00  0.0000E+00
     19.435  0.5903E-01  0.7137E-01  0.7137E-01  0.7137E-01  0.0000E+00  0.0000E+00  0.0000E+00  0.0000E+00  0.0000E+00
     19.587  0.6084E-01  0.6082E-01  0.6082E-01  0.6082E-01  0.0000E+00  0.0000E+00  0.0000E+00  0.0000E+00  0.0000E+00
     19.739  0.7350E-01  0.5612E-01  0.5612E-01  0.5612E-01  0.0000E+00  0.0000E+00  0.0000E+00  0.0000E+00  0.0000E+00
     19.891  0.6467E-01  0.5510E-01  0.5510E-01  0.5510E-01  0.0000E+00  0.0000E+00  0.0000E+00  0.0000E+00  0.0000E+00
     20.042  0.6258E-01  0.5398E-01  0.5398E-01  0.5398E-01  0.0000E+00  0.0000E+00  0.0000E+00  0.0000E+00  0.0000E+00
     20.194  0.5647E-01  0.5226E-01  0.5226E-01  0.5226E-01  0.0000E+00  0.0000E+00  0.0000E+00  0.0000E+00  0.0000E+00
     20.346  0.5572E-01  0.5276E-01  0.5276E-01  0.5276E-01  0.0000E+00  0.0000E+00  0.0000E+00  0.0000E+00  0.0000E+00
     20.498  0.5216E-01  0.5182E-01  0.5182E-01  0.5182E-01  0.0000E+00  0.0000E+00  0.0000E+00  0.0000E+00  0.0000E+00
     20.650  0.5019E-01  0.5406E-01  0.5406E-01  0.5406E-01  0.0000E+00  0.0000E+00  0.0000E+00  0.0000E+00  0.0000E+00
     20.802  0.4690E-01  0.5289E-01  0.5289E-01  0.5289E-01  0.0000E+00  0.0000E+00  0.0000E+00  0.0000E+00  0.0000E+00
     20.954  0.4527E-01  0.5174E-01  0.5174E-01  0.5174E-01  0.0000E+00  0.0000E+00  0.0000E+00  0.0000E+00  0.0000E+00
     21.105  0.4282E-01  0.5076E-01  0.5076E-01  0.5076E-01  0.0000E+00  0.0000E+00  0.0000E+00  0.0000E+00  0.0000E+00
     21.257  0.3958E-01  0.4925E-01  0.4925E-01  0.4925E-01  0.0000E+00  0.0000E+00  0.0000E+00  0.0000E+00  0.0000E+00
     21.409  0.3853E-01  0.4825E-01  0.4825E-01  0.4825E-01  0.0000E+00  0.0000E+00  0.0000E+00  0.0000E+00  0.0000E+00
     21.561  0.3903E-01  0.4819E-01  0.4819E-01  0.4819E-01  0.0000E+00  0.0000E+00  0.0000E+00  0.0000E+00  0.0000E+00
     21.713  0.3468E-01  0.4335E-01  0.4335E-01  0.4335E-01  0.0000E+00  0.0000E+00  0.0000E+00  0.0000E+00  0.0000E+00
     21.865  0.2946E-01  0.3873E-01  0.3873E-01  0.3873E-01  0.0000E+00  0.0000E+00  0.0000E+00  0.0000E+00  0.0000E+00
     22.016  0.2806E-01  0.3754E-01  0.3754E-01  0.3754E-01  0.0000E+00  0.0000E+00  0.0000E+00  0.0000E+00  0.0000E+00
     22.168  0.3530E-01  0.4034E-01  0.4034E-01  0.4034E-01  0.0000E+00  0.0000E+00  0.0000E+00  0.0000E+00  0.0000E+00
     22.320  0.3809E-01  0.3911E-01  0.3911E-01  0.3911E-01  0.0000E+00  0.0000E+00  0.0000E+00  0.0000E+00  0.0000E+00
     22.472  0.4449E-01  0.4135E-01  0.4135E-01  0.4135E-01  0.0000E+00  0.0000E+00  0.0000E+00  0.0000E+00  0.0000E+00
     22.624  0.4479E-01  0.4050E-01  0.4050E-01  0.4050E-01  0.0000E+00  0.0000E+00  0.0000E+00  0.0000E+00  0.0000E+00
     22.776  0.4817E-01  0.4236E-01  0.4236E-01  0.4236E-01  0.0000E+00  0.0000E+00  0.0000E+00  0.0000E+00  0.0000E+00
     22.928  0.5372E-01  0.4485E-01  0.4485E-01  0.4485E-01  0.0000E+00  0.0000E+00  0.0000E+00  0.0000E+00  0.0000E+00
     23.079  0.5210E-01  0.4510E-01  0.4510E-01  0.4510E-01  0.0000E+00  0.0000E+00  0.0000E+00  0.0000E+00  0.0000E+00
     23.231  0.5632E-01  0.4792E-01  0.4792E-01  0.4792E-01  0.0000E+00  0.0000E+00  0.0000E+00  0.0000E+00  0.0000E+00
     23.383  0.5545E-01  0.4728E-01  0.4728E-01  0.4728E-01  0.0000E+00  0.0000E+00  0.0000E+00  0.0000E+00  0.0000E+00
     23.535  0.5716E-01  0.4931E-01  0.4931E-01  0.4931E-01  0.0000E+00  0.0000E+00  0.0000E+00  0.0000E+00  0.0000E+00
     23.687  0.5842E-01  0.5147E-01  0.5147E-01  0.5147E-01  0.0000E+00  0.0000E+00  0.0000E+00  0.0000E+00  0.0000E+00
     23.839  0.5498E-01  0.5116E-01  0.5116E-01  0.5116E-01  0.0000E+00  0.0000E+00  0.0000E+00  0.0000E+00  0.0000E+00
     23.990  0.5575E-01  0.5150E-01  0.5150E-01  0.5150E-01  0.0000E+00  0.0000E+00  0.0000E+00  0.0000E+00  0.0000E+00
     24.142  0.5656E-01  0.5302E-01  0.5302E-01  0.5302E-01  0.0000E+00  0.0000E+00  0.0000E+00  0.0000E+00  0.0000E+00
     24.294  0.5791E-01  0.5542E-01  0.5542E-01  0.5542E-01  0.0000E+00  0.0000E+00  0.0000E+00  0.0000E+00  0.0000E+00
     24.446  0.5816E-01  0.5654E-01  0.5654E-01  0.5654E-01  0.0000E+00  0.0000E+00  0.0000E+00  0.0000E+00  0.0000E+00
     24.598  0.6192E-01  0.5862E-01  0.5862E-01  0.5862E-01  0.0000E+00  0.0000E+00  0.0000E+00  0.0000E+00  0.0000E+00
     24.750  0.9326E-01  0.5997E-01  0.5997E-01  0.5997E-01  0.0000E+00  0.0000E+00  0.0000E+00  0.0000E+00  0.0000E+00
     24.902  0.1282E+00  0.6662E-01  0.6662E-01  0.6662E-01  0.0000E+00  0.0000E+00  0.0000E+00  0.0000E+00  0.0000E+00
     25.053  0.1111E+00  0.6461E-01  0.6461E-01  0.6461E-01  0.0000E+00  0.0000E+00  0.0000E+00  0.0000E+00  0.0000E+00
     25.205  0.6710E-01  0.6002E-01  0.6002E-01  0.6002E-01  0.0000E+00  0.0000E+00  0.0000E+00  0.0000E+00  0.0000E+00
     25.357  0.5321E-01  0.6148E-01  0.6148E-01  0.6148E-01  0.0000E+00  0.0000E+00  0.0000E+00  0.0000E+00  0.0000E+00
     25.509  0.4767E-01  0.6455E-01  0.6455E-01  0.6455E-01  0.0000E+00  0.0000E+00  0.0000E+00  0.0000E+00  0.0000E+00
     25.661  0.4808E-01  0.7497E-01  0.7497E-01  0.7497E-01  0.0000E+00  0.0000E+00  0.0000E+00  0.0000E+00  0.0000E+00
     25.813  0.4843E-01  0.8257E-01  0.8257E-01  0.8257E-01  0.0000E+00  0.0000E+00  0.0000E+00  0.0000E+00  0.0000E+00
     25.964  0.4342E-01  0.8001E-01  0.8001E-01  0.8001E-01  0.0000E+00  0.0000E+00  0.0000E+00  0.0000E+00  0.0000E+00
     26.116  0.3608E-01  0.7224E-01  0.7224E-01  0.7224E-01  0.0000E+00  0.0000E+00  0.0000E+00  0.0000E+00  0.0000E+00
     26.268  0.2986E-01  0.6750E-01  0.6750E-01  0.6750E-01  0.0000E+00  0.0000E+00  0.0000E+00  0.0000E+00  0.0000E+00
     26.420  0.2527E-01  0.6530E-01  0.6530E-01  0.6530E-01  0.0000E+00  0.0000E+00  0.0000E+00  0.0000E+00  0.0000E+00
     26.572  0.2104E-01  0.6229E-01  0.6229E-01  0.6229E-01  0.0000E+00  0.0000E+00  0.0000E+00  0.0000E+00  0.0000E+00
     26.724  0.1747E-01  0.6042E-01  0.6042E-01  0.6042E-01  0.0000E+00  0.0000E+00  0.0000E+00  0.0000E+00  0.0000E+00
     26.876  0.1369E-01  0.5747E-01  0.5747E-01  0.5747E-01  0.0000E+00  0.0000E+00  0.0000E+00  0.0000E+00  0.0000E+00
     27.027  0.1072E-01  0.6151E-01  0.6151E-01  0.6151E-01  0.0000E+00  0.0000E+00  0.0000E+00  0.0000E+00  0.0000E+00
     27.179  0.6758E-02  0.4180E-01  0.4180E-01  0.4180E-01  0.0000E+00  0.0000E+00  0.0000E+00  0.0000E+00  0.0000E+00
     27.331  0.4989E-02  0.2732E-01  0.2732E-01  0.2732E-01  0.0000E+00  0.0000E+00  0.0000E+00  0.0000E+00  0.0000E+00
     27.483  0.3894E-02  0.2513E-01  0.2513E-01  0.2513E-01  0.0000E+00  0.0000E+00  0.0000E+00  0.0000E+00  0.0000E+00
     27.635  0.3000E-02  0.2268E-01  0.2268E-01  0.2268E-01  0.0000E+00  0.0000E+00  0.0000E+00  0.0000E+00  0.0000E+00
     27.787  0.2199E-02  0.2011E-01  0.2011E-01  0.2011E-01  0.0000E+00  0.0000E+00  0.0000E+00  0.0000E+00  0.0000E+00
     27.938  0.1472E-02  0.1772E-01  0.1772E-01  0.1772E-01  0.0000E+00  0.0000E+00  0.0000E+00  0.0000E+00  0.0000E+00
     28.090  0.8750E-03  0.1432E-01  0.1432E-01  0.1432E-01  0.0000E+00  0.0000E+00  0.0000E+00  0.0000E+00  0.0000E+00
     28.242  0.3933E-03  0.1086E-01  0.1086E-01  0.1086E-01  0.0000E+00  0.0000E+00  0.0000E+00  0.0000E+00  0.0000E+00
     28.394  0.1147E-03  0.6911E-02  0.6911E-02  0.6911E-02  0.0000E+00  0.0000E+00  0.0000E+00  0.0000E+00  0.0000E+00
     28.546  0.1498E-05  0.3085E-03  0.3085E-03  0.3085E-03  0.0000E+00  0.0000E+00  0.0000E+00  0.0000E+00  0.0000E+00
     28.698  0.0000E+00  0.0000E+00  0.0000E+00  0.0000E+00  0.0000E+00  0.0000E+00  0.0000E+00  0.0000E+00  0.0000E+00
     28.850  0.0000E+00  0.0000E+00  0.0000E+00  0.0000E+00  0.0000E+00  0.0000E+00  0.0000E+00  0.0000E+00  0.0000E+00
     29.001  0.0000E+00  0.0000E+00  0.0000E+00  0.0000E+00  0.0000E+00  0.0000E+00  0.0000E+00  0.0000E+00  0.0000E+00
     29.153  0.0000E+00  0.0000E+00  0.0000E+00  0.0000E+00  0.0000E+00  0.0000E+00  0.0000E+00  0.0000E+00  0.0000E+00
     29.305  0.0000E+00  0.0000E+00  0.0000E+00  0.0000E+00  0.0000E+00  0.0000E+00  0.0000E+00  0.0000E+00  0.0000E+00
     29.457  0.0000E+00  0.0000E+00  0.0000E+00  0.0000E+00  0.0000E+00  0.0000E+00  0.0000E+00  0.0000E+00  0.0000E+00
     29.609  0.0000E+00  0.0000E+00  0.0000E+00  0.0000E+00  0.0000E+00  0.0000E+00  0.0000E+00  0.0000E+00  0.0000E+00
     29.761  0.0000E+00  0.0000E+00  0.0000E+00  0.0000E+00  0.0000E+00  0.0000E+00  0.0000E+00  0.0000E+00  0.0000E+00
     29.912  0.0000E+00  0.0000E+00  0.0000E+00  0.0000E+00  0.0000E+00  0.0000E+00  0.0000E+00  0.0000E+00  0.0000E+00
     30.064  0.0000E+00  0.0000E+00  0.0000E+00  0.0000E+00  0.0000E+00  0.0000E+00  0.0000E+00  0.0000E+00  0.0000E+00
     30.216  0.0000E+00  0.0000E+00  0.0000E+00  0.0000E+00  0.0000E+00  0.0000E+00  0.0000E+00  0.0000E+00  0.0000E+00
     30.368  0.0000E+00  0.0000E+00  0.0000E+00  0.0000E+00  0.0000E+00  0.0000E+00  0.0000E+00  0.0000E+00  0.0000E+00
     30.520  0.0000E+00  0.0000E+00  0.0000E+00  0.0000E+00  0.0000E+00  0.0000E+00  0.0000E+00  0.0000E+00  0.0000E+00
