   2   2   1   0
  0.5556988E+01  0.2504925E-09  0.2504925E-09  0.2504925E-09  0.5000000E-15
  1.000000000000000E-004
  CAR 
 C                                       
     30.24441872    -15.02720454  301     10.00721889      1.00000000
    -15.027  0.0000E+00  0.0000E+00
    -14.876  0.0000E+00  0.0000E+00
    -14.725  0.0000E+00  0.0000E+00
    -14.574  0.0000E+00  0.0000E+00
    -14.424  0.0000E+00  0.0000E+00
    -14.273  0.0000E+00  0.0000E+00
    -14.122  0.0000E+00  0.0000E+00
    -13.971  0.0000E+00  0.0000E+00
    -13.820  0.0000E+00  0.0000E+00
    -13.669  0.0000E+00  0.0000E+00
    -13.518  0.0000E+00  0.0000E+00
    -13.367  0.0000E+00  0.0000E+00
    -13.216  0.0000E+00  0.0000E+00
    -13.065  0.0000E+00  0.0000E+00
    -12.915  0.2530E-01  0.7277E-03
    -12.764  0.5812E-01  0.6099E-02
    -12.613  0.6280E-01  0.1423E-01
    -12.462  0.7310E-01  0.2438E-01
    -12.311  0.8370E-01  0.3622E-01
    -12.160  0.9313E-01  0.4954E-01
    -12.009  0.1014E+00  0.6422E-01
    -11.858  0.1094E+00  0.8015E-01
    -11.707  0.1171E+00  0.9722E-01
    -11.556  0.1239E+00  0.1154E+00
    -11.405  0.1310E+00  0.1346E+00
    -11.255  0.1372E+00  0.1549E+00
    -11.104  0.1438E+00  0.1761E+00
    -10.953  0.1496E+00  0.1982E+00
    -10.802  0.1558E+00  0.2213E+00
    -10.651  0.1614E+00  0.2452E+00
    -10.500  0.1673E+00  0.2700E+00
    -10.349  0.1727E+00  0.2957E+00
    -10.198  0.1782E+00  0.3221E+00
    -10.047  0.1837E+00  0.3494E+00
     -9.896  0.1889E+00  0.3775E+00
     -9.746  0.1945E+00  0.4065E+00
     -9.595  0.1996E+00  0.4362E+00
     -9.444  0.2049E+00  0.4667E+00
     -9.293  0.2103E+00  0.4981E+00
     -9.142  0.2155E+00  0.5302E+00
     -8.991  0.2209E+00  0.5631E+00
     -8.840  0.2264E+00  0.5969E+00
     -8.689  0.2318E+00  0.6314E+00
     -8.538  0.2375E+00  0.6668E+00
     -8.387  0.2433E+00  0.7031E+00
     -8.236  0.2493E+00  0.7403E+00
     -8.086  0.2556E+00  0.7784E+00
     -7.935  0.2623E+00  0.8175E+00
     -7.784  0.2694E+00  0.8576E+00
     -7.633  0.2772E+00  0.8988E+00
     -7.482  0.2861E+00  0.9413E+00
     -7.331  0.2965E+00  0.9852E+00
     -7.180  0.3097E+00  0.1031E+01
     -7.029  0.3295E+00  0.1079E+01
     -6.878  0.3747E+00  0.1132E+01
     -6.727  0.3610E+00  0.1187E+01
     -6.577  0.3556E+00  0.1241E+01
     -6.426  0.3398E+00  0.1293E+01
     -6.275  0.3318E+00  0.1344E+01
     -6.124  0.3196E+00  0.1393E+01
     -5.973  0.3108E+00  0.1440E+01
     -5.822  0.3012E+00  0.1487E+01
     -5.671  0.2903E+00  0.1531E+01
     -5.520  0.2809E+00  0.1574E+01
     -5.369  0.2712E+00  0.1616E+01
     -5.218  0.2604E+00  0.1656E+01
     -5.067  0.2515E+00  0.1695E+01
     -4.917  0.2401E+00  0.1732E+01
     -4.766  0.2301E+00  0.1767E+01
     -4.615  0.2191E+00  0.1801E+01
     -4.464  0.2086E+00  0.1833E+01
     -4.313  0.1971E+00  0.1864E+01
     -4.162  0.2394E+00  0.1895E+01
     -4.011  0.2588E+00  0.1931E+01
     -3.860  0.2699E+00  0.1970E+01
     -3.709  0.2457E+00  0.2009E+01
     -3.558  0.2092E+00  0.2043E+01
     -3.407  0.2167E+00  0.2075E+01
     -3.257  0.2315E+00  0.2108E+01
     -3.106  0.2541E+00  0.2145E+01
     -2.955  0.2933E+00  0.2186E+01
     -2.804  0.3476E+00  0.2234E+01
     -2.653  0.4178E+00  0.2292E+01
     -2.502  0.5090E+00  0.2361E+01
     -2.351  0.6688E+00  0.2452E+01
     -2.200  0.5933E+00  0.2549E+01
     -2.049  0.4693E+00  0.2626E+01
     -1.898  0.4245E+00  0.2693E+01
     -1.748  0.3865E+00  0.2755E+01
     -1.597  0.3653E+00  0.2811E+01
     -1.446  0.3394E+00  0.2864E+01
     -1.295  0.3250E+00  0.2915E+01
     -1.144  0.3051E+00  0.2962E+01
     -0.993  0.2935E+00  0.3007E+01
     -0.842  0.2794E+00  0.3051E+01
     -0.691  0.2665E+00  0.3092E+01
     -0.540  0.2570E+00  0.3131E+01
     -0.389  0.2426E+00  0.3169E+01
     -0.238  0.2356E+00  0.3205E+01
     -0.088  0.2265E+00  0.3240E+01
      0.063  0.3111E+00  0.3281E+01
      0.214  0.3422E+00  0.3329E+01
      0.365  0.3794E+00  0.3384E+01
      0.516  0.4219E+00  0.3444E+01
      0.667  0.5142E+00  0.3513E+01
      0.818  0.5091E+00  0.3590E+01
      0.969  0.4965E+00  0.3665E+01
      1.120  0.4841E+00  0.3738E+01
      1.271  0.4689E+00  0.3810E+01
      1.421  0.4822E+00  0.3882E+01
      1.572  0.4839E+00  0.3955E+01
      1.723  0.4907E+00  0.4028E+01
      1.874  0.4979E+00  0.4103E+01
      2.025  0.5119E+00  0.4179E+01
      2.176  0.5202E+00  0.4256E+01
      2.327  0.5308E+00  0.4336E+01
      2.478  0.5546E+00  0.4417E+01
      2.629  0.5642E+00  0.4501E+01
      2.780  0.5886E+00  0.4588E+01
      2.931  0.6122E+00  0.4679E+01
      3.081  0.6576E+00  0.4775E+01
      3.232  0.7555E+00  0.4880E+01
      3.383  0.7547E+00  0.4993E+01
      3.534  0.7433E+00  0.5104E+01
      3.685  0.7322E+00  0.5215E+01
      3.836  0.7195E+00  0.5325E+01
      3.987  0.7151E+00  0.5433E+01
      4.138  0.7075E+00  0.5540E+01
      4.289  0.6978E+00  0.5646E+01
      4.440  0.6896E+00  0.5751E+01
      4.590  0.6850E+00  0.5854E+01
      4.741  0.6754E+00  0.5957E+01
      4.892  0.6681E+00  0.6058E+01
      5.043  0.6625E+00  0.6159E+01
      5.194  0.6547E+00  0.6258E+01
      5.345  0.6484E+00  0.6357E+01
      5.496  0.6397E+00  0.6454E+01
      5.647  0.6343E+00  0.6550E+01
      5.798  0.6266E+00  0.6645E+01
      5.949  0.6206E+00  0.6739E+01
      6.100  0.6123E+00  0.6832E+01
      6.250  0.6066E+00  0.6924E+01
      6.401  0.5999E+00  0.7015E+01
      6.552  0.5940E+00  0.7105E+01
      6.703  0.5846E+00  0.7194E+01
      6.854  0.5786E+00  0.7282E+01
      7.005  0.5453E+00  0.7368E+01
      7.156  0.4511E+00  0.7439E+01
      7.307  0.3916E+00  0.7502E+01
      7.458  0.3564E+00  0.7558E+01
      7.609  0.3247E+00  0.7609E+01
      7.760  0.2967E+00  0.7656E+01
      7.910  0.2727E+00  0.7699E+01
      8.061  0.2505E+00  0.7739E+01
      8.212  0.2293E+00  0.7775E+01
      8.363  0.2093E+00  0.7808E+01
      8.514  0.1917E+00  0.7838E+01
      8.665  0.1740E+00  0.7866E+01
      8.816  0.1571E+00  0.7891E+01
      8.967  0.1412E+00  0.7913E+01
      9.118  0.1250E+00  0.7933E+01
      9.269  0.1098E+00  0.7951E+01
      9.419  0.9373E-01  0.7966E+01
      9.570  0.7762E-01  0.7979E+01
      9.721  0.6069E-01  0.7990E+01
      9.872  0.3839E-01  0.7997E+01
     10.023  0.5362E-02  0.8000E+01
     10.174  0.0000E+00  0.8000E+01
     10.325  0.0000E+00  0.8000E+01
     10.476  0.0000E+00  0.8000E+01
     10.627  0.0000E+00  0.8000E+01
     10.778  0.0000E+00  0.8000E+01
     10.929  0.0000E+00  0.8000E+01
     11.079  0.0000E+00  0.8000E+01
     11.230  0.0000E+00  0.8000E+01
     11.381  0.0000E+00  0.8000E+01
     11.532  0.0000E+00  0.8000E+01
     11.683  0.0000E+00  0.8000E+01
     11.834  0.0000E+00  0.8000E+01
     11.985  0.0000E+00  0.8000E+01
     12.136  0.0000E+00  0.8000E+01
     12.287  0.0000E+00  0.8000E+01
     12.438  0.0000E+00  0.8000E+01
     12.588  0.0000E+00  0.8000E+01
     12.739  0.0000E+00  0.8000E+01
     12.890  0.0000E+00  0.8000E+01
     13.041  0.0000E+00  0.8000E+01
     13.192  0.0000E+00  0.8000E+01
     13.343  0.0000E+00  0.8000E+01
     13.494  0.0000E+00  0.8000E+01
     13.645  0.0000E+00  0.8000E+01
     13.796  0.0000E+00  0.8000E+01
     13.947  0.0000E+00  0.8000E+01
     14.098  0.0000E+00  0.8000E+01
     14.248  0.0000E+00  0.8000E+01
     14.399  0.7235E-02  0.8000E+01
     14.550  0.7100E-01  0.8006E+01
     14.701  0.1012E+00  0.8019E+01
     14.852  0.1268E+00  0.8036E+01
     15.003  0.1601E+00  0.8057E+01
     15.154  0.1979E+00  0.8084E+01
     15.305  0.2342E+00  0.8117E+01
     15.456  0.2728E+00  0.8155E+01
     15.607  0.2989E+00  0.8198E+01
     15.757  0.3331E+00  0.8245E+01
     15.908  0.3849E+00  0.8299E+01
     16.059  0.4133E+00  0.8359E+01
     16.210  0.4257E+00  0.8422E+01
     16.361  0.4426E+00  0.8487E+01
     16.512  0.4619E+00  0.8555E+01
     16.663  0.4814E+00  0.8627E+01
     16.814  0.4996E+00  0.8701E+01
     16.965  0.5194E+00  0.8778E+01
     17.116  0.5401E+00  0.8857E+01
     17.267  0.5618E+00  0.8941E+01
     17.417  0.5853E+00  0.9027E+01
     17.568  0.6084E+00  0.9117E+01
     17.719  0.6341E+00  0.9211E+01
     17.870  0.6617E+00  0.9309E+01
     18.021  0.6948E+00  0.9411E+01
     18.172  0.7307E+00  0.9518E+01
     18.323  0.7773E+00  0.9632E+01
     18.474  0.8380E+00  0.9754E+01
     18.625  0.9615E+00  0.9888E+01
     18.776  0.1093E+01  0.1005E+02
     18.927  0.1051E+01  0.1021E+02
     19.077  0.7885E+00  0.1034E+02
     19.228  0.1082E+01  0.1047E+02
     19.379  0.9199E+00  0.1061E+02
     19.530  0.8836E+00  0.1074E+02
     19.681  0.8391E+00  0.1087E+02
     19.832  0.8270E+00  0.1100E+02
     19.983  0.7783E+00  0.1112E+02
     20.134  0.7853E+00  0.1124E+02
     20.285  0.7620E+00  0.1135E+02
     20.436  0.7758E+00  0.1147E+02
     20.586  0.7699E+00  0.1159E+02
     20.737  0.7499E+00  0.1170E+02
     20.888  0.7314E+00  0.1181E+02
     21.039  0.7013E+00  0.1192E+02
     21.190  0.6719E+00  0.1202E+02
     21.341  0.6591E+00  0.1212E+02
     21.492  0.5999E+00  0.1222E+02
     21.643  0.5208E+00  0.1230E+02
     21.794  0.4877E+00  0.1238E+02
     21.945  0.5321E+00  0.1245E+02
     22.096  0.5351E+00  0.1253E+02
     22.246  0.5741E+00  0.1261E+02
     22.397  0.5546E+00  0.1270E+02
     22.548  0.5713E+00  0.1278E+02
     22.699  0.6165E+00  0.1287E+02
     22.850  0.6112E+00  0.1296E+02
     23.001  0.6425E+00  0.1306E+02
     23.152  0.6326E+00  0.1315E+02
     23.303  0.6499E+00  0.1325E+02
     23.454  0.6758E+00  0.1335E+02
     23.605  0.6598E+00  0.1345E+02
     23.755  0.6642E+00  0.1355E+02
     23.906  0.6748E+00  0.1365E+02
     24.057  0.7029E+00  0.1376E+02
     24.208  0.7081E+00  0.1386E+02
     24.359  0.7668E+00  0.1397E+02
     24.510  0.9102E+00  0.1410E+02
     24.661  0.9428E+00  0.1423E+02
     24.812  0.8602E+00  0.1436E+02
     24.963  0.7278E+00  0.1448E+02
     25.114  0.7066E+00  0.1459E+02
     25.265  0.7124E+00  0.1469E+02
     25.415  0.8041E+00  0.1481E+02
     25.566  0.8668E+00  0.1493E+02
     25.717  0.8210E+00  0.1506E+02
     25.868  0.7322E+00  0.1518E+02
     26.019  0.6700E+00  0.1529E+02
     26.170  0.6360E+00  0.1538E+02
     26.321  0.5964E+00  0.1548E+02
     26.472  0.5702E+00  0.1557E+02
     26.623  0.5416E+00  0.1565E+02
     26.774  0.5369E+00  0.1573E+02
     26.924  0.4478E+00  0.1581E+02
     27.075  0.2222E+00  0.1585E+02
     27.226  0.2010E+00  0.1588E+02
     27.377  0.1787E+00  0.1591E+02
     27.528  0.1562E+00  0.1593E+02
     27.679  0.1354E+00  0.1596E+02
     27.830  0.1078E+00  0.1597E+02
     27.981  0.8046E-01  0.1599E+02
     28.132  0.5053E-01  0.1600E+02
     28.283  0.2234E-02  0.1600E+02
     28.434  0.0000E+00  0.1600E+02
     28.584  0.0000E+00  0.1600E+02
     28.735  0.0000E+00  0.1600E+02
     28.886  0.0000E+00  0.1600E+02
     29.037  0.0000E+00  0.1600E+02
     29.188  0.0000E+00  0.1600E+02
     29.339  0.0000E+00  0.1600E+02
     29.490  0.0000E+00  0.1600E+02
     29.641  0.0000E+00  0.1600E+02
     29.792  0.0000E+00  0.1600E+02
     29.943  0.0000E+00  0.1600E+02
     30.094  0.0000E+00  0.1600E+02
     30.244  0.0000E+00  0.1600E+02
     30.24441872    -15.02720454  301     10.00721889      1.00000000
    -15.027  0.0000E+00  0.0000E+00  0.0000E+00  0.0000E+00  0.0000E+00  0.0000E+00  0.0000E+00  0.0000E+00  0.0000E+00
    -14.876  0.0000E+00  0.0000E+00  0.0000E+00  0.0000E+00  0.0000E+00  0.0000E+00  0.0000E+00  0.0000E+00  0.0000E+00
    -14.725  0.0000E+00  0.0000E+00  0.0000E+00  0.0000E+00  0.0000E+00  0.0000E+00  0.0000E+00  0.0000E+00  0.0000E+00
    -14.574  0.0000E+00  0.0000E+00  0.0000E+00  0.0000E+00  0.0000E+00  0.0000E+00  0.0000E+00  0.0000E+00  0.0000E+00
    -14.424  0.0000E+00  0.0000E+00  0.0000E+00  0.0000E+00  0.0000E+00  0.0000E+00  0.0000E+00  0.0000E+00  0.0000E+00
    -14.273  0.0000E+00  0.0000E+00  0.0000E+00  0.0000E+00  0.0000E+00  0.0000E+00  0.0000E+00  0.0000E+00  0.0000E+00
    -14.122  0.0000E+00  0.0000E+00  0.0000E+00  0.0000E+00  0.0000E+00  0.0000E+00  0.0000E+00  0.0000E+00  0.0000E+00
    -13.971  0.0000E+00  0.0000E+00  0.0000E+00  0.0000E+00  0.0000E+00  0.0000E+00  0.0000E+00  0.0000E+00  0.0000E+00
    -13.820  0.0000E+00  0.0000E+00  0.0000E+00  0.0000E+00  0.0000E+00  0.0000E+00  0.0000E+00  0.0000E+00  0.0000E+00
    -13.669  0.0000E+00  0.0000E+00  0.0000E+00  0.0000E+00  0.0000E+00  0.0000E+00  0.0000E+00  0.0000E+00  0.0000E+00
    -13.518  0.0000E+00  0.0000E+00  0.0000E+00  0.0000E+00  0.0000E+00  0.0000E+00  0.0000E+00  0.0000E+00  0.0000E+00
    -13.367  0.0000E+00  0.0000E+00  0.0000E+00  0.0000E+00  0.0000E+00  0.0000E+00  0.0000E+00  0.0000E+00  0.0000E+00
    -13.216  0.0000E+00  0.0000E+00  0.0000E+00  0.0000E+00  0.0000E+00  0.0000E+00  0.0000E+00  0.0000E+00  0.0000E+00
    -13.065  0.0000E+00  0.0000E+00  0.0000E+00  0.0000E+00  0.0000E+00  0.0000E+00  0.0000E+00  0.0000E+00  0.0000E+00
    -12.915  0.7196E-02  0.5611E-05  0.5611E-05  0.5611E-05  0.0000E+00  0.0000E+00  0.0000E+00  0.0000E+00  0.0000E+00
    -12.764  0.1646E-01  0.4661E-04  0.4661E-04  0.4661E-04  0.0000E+00  0.0000E+00  0.0000E+00  0.0000E+00  0.0000E+00
    -12.613  0.1769E-01  0.9567E-04  0.9567E-04  0.9567E-04  0.0000E+00  0.0000E+00  0.0000E+00  0.0000E+00  0.0000E+00
    -12.462  0.2049E-01  0.1587E-03  0.1587E-03  0.1587E-03  0.0000E+00  0.0000E+00  0.0000E+00  0.0000E+00  0.0000E+00
    -12.311  0.2335E-01  0.2337E-03  0.2337E-03  0.2337E-03  0.0000E+00  0.0000E+00  0.0000E+00  0.0000E+00  0.0000E+00
    -12.160  0.2587E-01  0.3178E-03  0.3178E-03  0.3178E-03  0.0000E+00  0.0000E+00  0.0000E+00  0.0000E+00  0.0000E+00
    -12.009  0.2802E-01  0.4118E-03  0.4118E-03  0.4118E-03  0.0000E+00  0.0000E+00  0.0000E+00  0.0000E+00  0.0000E+00
    -11.858  0.3009E-01  0.5120E-03  0.5120E-03  0.5120E-03  0.0000E+00  0.0000E+00  0.0000E+00  0.0000E+00  0.0000E+00
    -11.707  0.3207E-01  0.6178E-03  0.6178E-03  0.6178E-03  0.0000E+00  0.0000E+00  0.0000E+00  0.0000E+00  0.0000E+00
    -11.556  0.3378E-01  0.7330E-03  0.7330E-03  0.7330E-03  0.0000E+00  0.0000E+00  0.0000E+00  0.0000E+00  0.0000E+00
    -11.405  0.3557E-01  0.8506E-03  0.8506E-03  0.8506E-03  0.0000E+00  0.0000E+00  0.0000E+00  0.0000E+00  0.0000E+00
    -11.255  0.3709E-01  0.9779E-03  0.9779E-03  0.9779E-03  0.0000E+00  0.0000E+00  0.0000E+00  0.0000E+00  0.0000E+00
    -11.104  0.3869E-01  0.1107E-02  0.1107E-02  0.1107E-02  0.0000E+00  0.0000E+00  0.0000E+00  0.0000E+00  0.0000E+00
    -10.953  0.4010E-01  0.1245E-02  0.1245E-02  0.1245E-02  0.0000E+00  0.0000E+00  0.0000E+00  0.0000E+00  0.0000E+00
    -10.802  0.4159E-01  0.1384E-02  0.1384E-02  0.1384E-02  0.0000E+00  0.0000E+00  0.0000E+00  0.0000E+00  0.0000E+00
    -10.651  0.4288E-01  0.1532E-02  0.1532E-02  0.1532E-02  0.0000E+00  0.0000E+00  0.0000E+00  0.0000E+00  0.0000E+00
    -10.500  0.4428E-01  0.1680E-02  0.1680E-02  0.1680E-02  0.0000E+00  0.0000E+00  0.0000E+00  0.0000E+00  0.0000E+00
    -10.349  0.4552E-01  0.1838E-02  0.1838E-02  0.1838E-02  0.0000E+00  0.0000E+00  0.0000E+00  0.0000E+00  0.0000E+00
    -10.198  0.4680E-01  0.1997E-02  0.1997E-02  0.1997E-02  0.0000E+00  0.0000E+00  0.0000E+00  0.0000E+00  0.0000E+00
    -10.047  0.4805E-01  0.2160E-02  0.2160E-02  0.2160E-02  0.0000E+00  0.0000E+00  0.0000E+00  0.0000E+00  0.0000E+00
     -9.896  0.4925E-01  0.2330E-02  0.2330E-02  0.2330E-02  0.0000E+00  0.0000E+00  0.0000E+00  0.0000E+00  0.0000E+00
     -9.746  0.5051E-01  0.2498E-02  0.2498E-02  0.2498E-02  0.0000E+00  0.0000E+00  0.0000E+00  0.0000E+00  0.0000E+00
     -9.595  0.5166E-01  0.2678E-02  0.2678E-02  0.2678E-02  0.0000E+00  0.0000E+00  0.0000E+00  0.0000E+00  0.0000E+00
     -9.444  0.5286E-01  0.2857E-02  0.2857E-02  0.2857E-02  0.0000E+00  0.0000E+00  0.0000E+00  0.0000E+00  0.0000E+00
     -9.293  0.5409E-01  0.3039E-02  0.3039E-02  0.3039E-02  0.0000E+00  0.0000E+00  0.0000E+00  0.0000E+00  0.0000E+00
     -9.142  0.5526E-01  0.3230E-02  0.3230E-02  0.3230E-02  0.0000E+00  0.0000E+00  0.0000E+00  0.0000E+00  0.0000E+00
     -8.991  0.5649E-01  0.3419E-02  0.3419E-02  0.3419E-02  0.0000E+00  0.0000E+00  0.0000E+00  0.0000E+00  0.0000E+00
     -8.840  0.5774E-01  0.3614E-02  0.3614E-02  0.3614E-02  0.0000E+00  0.0000E+00  0.0000E+00  0.0000E+00  0.0000E+00
     -8.689  0.5899E-01  0.3815E-02  0.3815E-02  0.3815E-02  0.0000E+00  0.0000E+00  0.0000E+00  0.0000E+00  0.0000E+00
     -8.538  0.6032E-01  0.4016E-02  0.4016E-02  0.4016E-02  0.0000E+00  0.0000E+00  0.0000E+00  0.0000E+00  0.0000E+00
     -8.387  0.6168E-01  0.4224E-02  0.4224E-02  0.4224E-02  0.0000E+00  0.0000E+00  0.0000E+00  0.0000E+00  0.0000E+00
     -8.236  0.6311E-01  0.4437E-02  0.4437E-02  0.4437E-02  0.0000E+00  0.0000E+00  0.0000E+00  0.0000E+00  0.0000E+00
     -8.086  0.6465E-01  0.4651E-02  0.4651E-02  0.4651E-02  0.0000E+00  0.0000E+00  0.0000E+00  0.0000E+00  0.0000E+00
     -7.935  0.6630E-01  0.4872E-02  0.4872E-02  0.4872E-02  0.0000E+00  0.0000E+00  0.0000E+00  0.0000E+00  0.0000E+00
     -7.784  0.6810E-01  0.5103E-02  0.5103E-02  0.5103E-02  0.0000E+00  0.0000E+00  0.0000E+00  0.0000E+00  0.0000E+00
     -7.633  0.7014E-01  0.5336E-02  0.5336E-02  0.5336E-02  0.0000E+00  0.0000E+00  0.0000E+00  0.0000E+00  0.0000E+00
     -7.482  0.7250E-01  0.5581E-02  0.5581E-02  0.5581E-02  0.0000E+00  0.0000E+00  0.0000E+00  0.0000E+00  0.0000E+00
     -7.331  0.7536E-01  0.5848E-02  0.5848E-02  0.5848E-02  0.0000E+00  0.0000E+00  0.0000E+00  0.0000E+00  0.0000E+00
     -7.180  0.7910E-01  0.6139E-02  0.6139E-02  0.6139E-02  0.0000E+00  0.0000E+00  0.0000E+00  0.0000E+00  0.0000E+00
     -7.029  0.8484E-01  0.6498E-02  0.6498E-02  0.6498E-02  0.0000E+00  0.0000E+00  0.0000E+00  0.0000E+00  0.0000E+00
     -6.878  0.9819E-01  0.7148E-02  0.7148E-02  0.7148E-02  0.0000E+00  0.0000E+00  0.0000E+00  0.0000E+00  0.0000E+00
     -6.727  0.9412E-01  0.7136E-02  0.7136E-02  0.7136E-02  0.0000E+00  0.0000E+00  0.0000E+00  0.0000E+00  0.0000E+00
     -6.577  0.9255E-01  0.7211E-02  0.7211E-02  0.7211E-02  0.0000E+00  0.0000E+00  0.0000E+00  0.0000E+00  0.0000E+00
     -6.426  0.8792E-01  0.7145E-02  0.7145E-02  0.7145E-02  0.0000E+00  0.0000E+00  0.0000E+00  0.0000E+00  0.0000E+00
     -6.275  0.8558E-01  0.7173E-02  0.7173E-02  0.7173E-02  0.0000E+00  0.0000E+00  0.0000E+00  0.0000E+00  0.0000E+00
     -6.124  0.8206E-01  0.7112E-02  0.7112E-02  0.7112E-02  0.0000E+00  0.0000E+00  0.0000E+00  0.0000E+00  0.0000E+00
     -5.973  0.7955E-01  0.7113E-02  0.7113E-02  0.7113E-02  0.0000E+00  0.0000E+00  0.0000E+00  0.0000E+00  0.0000E+00
     -5.822  0.7682E-01  0.7072E-02  0.7072E-02  0.7072E-02  0.0000E+00  0.0000E+00  0.0000E+00  0.0000E+00  0.0000E+00
     -5.671  0.7375E-01  0.6999E-02  0.6999E-02  0.6999E-02  0.0000E+00  0.0000E+00  0.0000E+00  0.0000E+00  0.0000E+00
     -5.520  0.7111E-01  0.6950E-02  0.6950E-02  0.6950E-02  0.0000E+00  0.0000E+00  0.0000E+00  0.0000E+00  0.0000E+00
     -5.369  0.6843E-01  0.6873E-02  0.6873E-02  0.6873E-02  0.0000E+00  0.0000E+00  0.0000E+00  0.0000E+00  0.0000E+00
     -5.218  0.6543E-01  0.6764E-02  0.6764E-02  0.6764E-02  0.0000E+00  0.0000E+00  0.0000E+00  0.0000E+00  0.0000E+00
     -5.067  0.6299E-01  0.6685E-02  0.6685E-02  0.6685E-02  0.0000E+00  0.0000E+00  0.0000E+00  0.0000E+00  0.0000E+00
     -4.917  0.5989E-01  0.6541E-02  0.6541E-02  0.6541E-02  0.0000E+00  0.0000E+00  0.0000E+00  0.0000E+00  0.0000E+00
     -4.766  0.5717E-01  0.6407E-02  0.6407E-02  0.6407E-02  0.0000E+00  0.0000E+00  0.0000E+00  0.0000E+00  0.0000E+00
     -4.615  0.5423E-01  0.6250E-02  0.6250E-02  0.6250E-02  0.0000E+00  0.0000E+00  0.0000E+00  0.0000E+00  0.0000E+00
     -4.464  0.5141E-01  0.6078E-02  0.6078E-02  0.6078E-02  0.0000E+00  0.0000E+00  0.0000E+00  0.0000E+00  0.0000E+00
     -4.313  0.4835E-01  0.5882E-02  0.5882E-02  0.5882E-02  0.0000E+00  0.0000E+00  0.0000E+00  0.0000E+00  0.0000E+00
     -4.162  0.5001E-01  0.9035E-02  0.9035E-02  0.9035E-02  0.0000E+00  0.0000E+00  0.0000E+00  0.0000E+00  0.0000E+00
     -4.011  0.5025E-01  0.1065E-01  0.1065E-01  0.1065E-01  0.0000E+00  0.0000E+00  0.0000E+00  0.0000E+00  0.0000E+00
     -3.860  0.5064E-01  0.1156E-01  0.1156E-01  0.1156E-01  0.0000E+00  0.0000E+00  0.0000E+00  0.0000E+00  0.0000E+00
     -3.709  0.4243E-01  0.1137E-01  0.1137E-01  0.1137E-01  0.0000E+00  0.0000E+00  0.0000E+00  0.0000E+00  0.0000E+00
     -3.558  0.3118E-01  0.1078E-01  0.1078E-01  0.1078E-01  0.0000E+00  0.0000E+00  0.0000E+00  0.0000E+00  0.0000E+00
     -3.407  0.2982E-01  0.1174E-01  0.1174E-01  0.1174E-01  0.0000E+00  0.0000E+00  0.0000E+00  0.0000E+00  0.0000E+00
     -3.257  0.3098E-01  0.1280E-01  0.1280E-01  0.1280E-01  0.0000E+00  0.0000E+00  0.0000E+00  0.0000E+00  0.0000E+00
     -3.106  0.3339E-01  0.1426E-01  0.1426E-01  0.1426E-01  0.0000E+00  0.0000E+00  0.0000E+00  0.0000E+00  0.0000E+00
     -2.955  0.4019E-01  0.1625E-01  0.1625E-01  0.1625E-01  0.0000E+00  0.0000E+00  0.0000E+00  0.0000E+00  0.0000E+00
     -2.804  0.4990E-01  0.1896E-01  0.1896E-01  0.1896E-01  0.0000E+00  0.0000E+00  0.0000E+00  0.0000E+00  0.0000E+00
     -2.653  0.6302E-01  0.2237E-01  0.2237E-01  0.2237E-01  0.0000E+00  0.0000E+00  0.0000E+00  0.0000E+00  0.0000E+00
     -2.502  0.7919E-01  0.2701E-01  0.2701E-01  0.2701E-01  0.0000E+00  0.0000E+00  0.0000E+00  0.0000E+00  0.0000E+00
     -2.351  0.1080E+00  0.3504E-01  0.3504E-01  0.3504E-01  0.0000E+00  0.0000E+00  0.0000E+00  0.0000E+00  0.0000E+00
     -2.200  0.9694E-01  0.3113E-01  0.3113E-01  0.3113E-01  0.0000E+00  0.0000E+00  0.0000E+00  0.0000E+00  0.0000E+00
     -2.049  0.7524E-01  0.2509E-01  0.2509E-01  0.2509E-01  0.0000E+00  0.0000E+00  0.0000E+00  0.0000E+00  0.0000E+00
     -1.898  0.6758E-01  0.2296E-01  0.2296E-01  0.2296E-01  0.0000E+00  0.0000E+00  0.0000E+00  0.0000E+00  0.0000E+00
     -1.748  0.6090E-01  0.2119E-01  0.2119E-01  0.2119E-01  0.0000E+00  0.0000E+00  0.0000E+00  0.0000E+00  0.0000E+00
     -1.597  0.5722E-01  0.2025E-01  0.2025E-01  0.2025E-01  0.0000E+00  0.0000E+00  0.0000E+00  0.0000E+00  0.0000E+00
     -1.446  0.5253E-01  0.1908E-01  0.1908E-01  0.1908E-01  0.0000E+00  0.0000E+00  0.0000E+00  0.0000E+00  0.0000E+00
     -1.295  0.4995E-01  0.1848E-01  0.1848E-01  0.1848E-01  0.0000E+00  0.0000E+00  0.0000E+00  0.0000E+00  0.0000E+00
     -1.144  0.4631E-01  0.1759E-01  0.1759E-01  0.1759E-01  0.0000E+00  0.0000E+00  0.0000E+00  0.0000E+00  0.0000E+00
     -0.993  0.4414E-01  0.1713E-01  0.1713E-01  0.1713E-01  0.0000E+00  0.0000E+00  0.0000E+00  0.0000E+00  0.0000E+00
     -0.842  0.4154E-01  0.1652E-01  0.1652E-01  0.1652E-01  0.0000E+00  0.0000E+00  0.0000E+00  0.0000E+00  0.0000E+00
     -0.691  0.3914E-01  0.1597E-01  0.1597E-01  0.1597E-01  0.0000E+00  0.0000E+00  0.0000E+00  0.0000E+00  0.0000E+00
     -0.540  0.3732E-01  0.1559E-01  0.1559E-01  0.1559E-01  0.0000E+00  0.0000E+00  0.0000E+00  0.0000E+00  0.0000E+00
     -0.389  0.3470E-01  0.1492E-01  0.1492E-01  0.1492E-01  0.0000E+00  0.0000E+00  0.0000E+00  0.0000E+00  0.0000E+00
     -0.238  0.3334E-01  0.1467E-01  0.1467E-01  0.1467E-01  0.0000E+00  0.0000E+00  0.0000E+00  0.0000E+00  0.0000E+00
     -0.088  0.3147E-01  0.1431E-01  0.1431E-01  0.1431E-01  0.0000E+00  0.0000E+00  0.0000E+00  0.0000E+00  0.0000E+00
      0.063  0.3092E-01  0.2208E-01  0.2208E-01  0.2208E-01  0.0000E+00  0.0000E+00  0.0000E+00  0.0000E+00  0.0000E+00
      0.214  0.3060E-01  0.2509E-01  0.2509E-01  0.2509E-01  0.0000E+00  0.0000E+00  0.0000E+00  0.0000E+00  0.0000E+00
      0.365  0.2996E-01  0.2876E-01  0.2876E-01  0.2876E-01  0.0000E+00  0.0000E+00  0.0000E+00  0.0000E+00  0.0000E+00
      0.516  0.3026E-01  0.3277E-01  0.3277E-01  0.3277E-01  0.0000E+00  0.0000E+00  0.0000E+00  0.0000E+00  0.0000E+00
      0.667  0.3164E-01  0.4121E-01  0.4121E-01  0.4121E-01  0.0000E+00  0.0000E+00  0.0000E+00  0.0000E+00  0.0000E+00
      0.818  0.3126E-01  0.4109E-01  0.4109E-01  0.4109E-01  0.0000E+00  0.0000E+00  0.0000E+00  0.0000E+00  0.0000E+00
      0.969  0.3119E-01  0.4020E-01  0.4020E-01  0.4020E-01  0.0000E+00  0.0000E+00  0.0000E+00  0.0000E+00  0.0000E+00
      1.120  0.3114E-01  0.3933E-01  0.3933E-01  0.3933E-01  0.0000E+00  0.0000E+00  0.0000E+00  0.0000E+00  0.0000E+00
      1.271  0.3026E-01  0.3833E-01  0.3833E-01  0.3833E-01  0.0000E+00  0.0000E+00  0.0000E+00  0.0000E+00  0.0000E+00
      1.421  0.3014E-01  0.3988E-01  0.3988E-01  0.3988E-01  0.0000E+00  0.0000E+00  0.0000E+00  0.0000E+00  0.0000E+00
      1.572  0.2978E-01  0.4039E-01  0.4039E-01  0.4039E-01  0.0000E+00  0.0000E+00  0.0000E+00  0.0000E+00  0.0000E+00
      1.723  0.2892E-01  0.4151E-01  0.4151E-01  0.4151E-01  0.0000E+00  0.0000E+00  0.0000E+00  0.0000E+00  0.0000E+00
      1.874  0.2856E-01  0.4255E-01  0.4255E-01  0.4255E-01  0.0000E+00  0.0000E+00  0.0000E+00  0.0000E+00  0.0000E+00
      2.025  0.2814E-01  0.4431E-01  0.4431E-01  0.4431E-01  0.0000E+00  0.0000E+00  0.0000E+00  0.0000E+00  0.0000E+00
      2.176  0.2739E-01  0.4560E-01  0.4560E-01  0.4560E-01  0.0000E+00  0.0000E+00  0.0000E+00  0.0000E+00  0.0000E+00
      2.327  0.2671E-01  0.4711E-01  0.4711E-01  0.4711E-01  0.0000E+00  0.0000E+00  0.0000E+00  0.0000E+00  0.0000E+00
      2.478  0.2630E-01  0.4996E-01  0.4996E-01  0.4996E-01  0.0000E+00  0.0000E+00  0.0000E+00  0.0000E+00  0.0000E+00
      2.629  0.2558E-01  0.5143E-01  0.5143E-01  0.5143E-01  0.0000E+00  0.0000E+00  0.0000E+00  0.0000E+00  0.0000E+00
      2.780  0.2467E-01  0.5455E-01  0.5455E-01  0.5455E-01  0.0000E+00  0.0000E+00  0.0000E+00  0.0000E+00  0.0000E+00
      2.931  0.2414E-01  0.5751E-01  0.5751E-01  0.5751E-01  0.0000E+00  0.0000E+00  0.0000E+00  0.0000E+00  0.0000E+00
      3.081  0.2347E-01  0.6293E-01  0.6293E-01  0.6293E-01  0.0000E+00  0.0000E+00  0.0000E+00  0.0000E+00  0.0000E+00
      3.232  0.2250E-01  0.7431E-01  0.7431E-01  0.7431E-01  0.0000E+00  0.0000E+00  0.0000E+00  0.0000E+00  0.0000E+00
      3.383  0.2172E-01  0.7477E-01  0.7477E-01  0.7477E-01  0.0000E+00  0.0000E+00  0.0000E+00  0.0000E+00  0.0000E+00
      3.534  0.2105E-01  0.7401E-01  0.7401E-01  0.7401E-01  0.0000E+00  0.0000E+00  0.0000E+00  0.0000E+00  0.0000E+00
      3.685  0.2021E-01  0.7335E-01  0.7335E-01  0.7335E-01  0.0000E+00  0.0000E+00  0.0000E+00  0.0000E+00  0.0000E+00
      3.836  0.1920E-01  0.7256E-01  0.7256E-01  0.7256E-01  0.0000E+00  0.0000E+00  0.0000E+00  0.0000E+00  0.0000E+00
      3.987  0.1860E-01  0.7255E-01  0.7255E-01  0.7255E-01  0.0000E+00  0.0000E+00  0.0000E+00  0.0000E+00  0.0000E+00
      4.138  0.1788E-01  0.7222E-01  0.7222E-01  0.7222E-01  0.0000E+00  0.0000E+00  0.0000E+00  0.0000E+00  0.0000E+00
      4.289  0.1701E-01  0.7174E-01  0.7174E-01  0.7174E-01  0.0000E+00  0.0000E+00  0.0000E+00  0.0000E+00  0.0000E+00
      4.440  0.1624E-01  0.7134E-01  0.7134E-01  0.7134E-01  0.0000E+00  0.0000E+00  0.0000E+00  0.0000E+00  0.0000E+00
      4.590  0.1562E-01  0.7134E-01  0.7134E-01  0.7134E-01  0.0000E+00  0.0000E+00  0.0000E+00  0.0000E+00  0.0000E+00
      4.741  0.1481E-01  0.7082E-01  0.7082E-01  0.7082E-01  0.0000E+00  0.0000E+00  0.0000E+00  0.0000E+00  0.0000E+00
      4.892  0.1394E-01  0.7057E-01  0.7057E-01  0.7057E-01  0.0000E+00  0.0000E+00  0.0000E+00  0.0000E+00  0.0000E+00
      5.043  0.1333E-01  0.7043E-01  0.7043E-01  0.7043E-01  0.0000E+00  0.0000E+00  0.0000E+00  0.0000E+00  0.0000E+00
      5.194  0.1272E-01  0.7006E-01  0.7006E-01  0.7006E-01  0.0000E+00  0.0000E+00  0.0000E+00  0.0000E+00  0.0000E+00
      5.345  0.1203E-01  0.6988E-01  0.6988E-01  0.6988E-01  0.0000E+00  0.0000E+00  0.0000E+00  0.0000E+00  0.0000E+00
      5.496  0.1128E-01  0.6943E-01  0.6943E-01  0.6943E-01  0.0000E+00  0.0000E+00  0.0000E+00  0.0000E+00  0.0000E+00
      5.647  0.1066E-01  0.6933E-01  0.6933E-01  0.6933E-01  0.0000E+00  0.0000E+00  0.0000E+00  0.0000E+00  0.0000E+00
      5.798  0.9998E-02  0.6897E-01  0.6897E-01  0.6897E-01  0.0000E+00  0.0000E+00  0.0000E+00  0.0000E+00  0.0000E+00
      5.949  0.9316E-02  0.6880E-01  0.6880E-01  0.6880E-01  0.0000E+00  0.0000E+00  0.0000E+00  0.0000E+00  0.0000E+00
      6.100  0.8619E-02  0.6840E-01  0.6840E-01  0.6840E-01  0.0000E+00  0.0000E+00  0.0000E+00  0.0000E+00  0.0000E+00
      6.250  0.8108E-02  0.6822E-01  0.6822E-01  0.6822E-01  0.0000E+00  0.0000E+00  0.0000E+00  0.0000E+00  0.0000E+00
      6.401  0.7578E-02  0.6793E-01  0.6793E-01  0.6793E-01  0.0000E+00  0.0000E+00  0.0000E+00  0.0000E+00  0.0000E+00
      6.552  0.6951E-02  0.6777E-01  0.6777E-01  0.6777E-01  0.0000E+00  0.0000E+00  0.0000E+00  0.0000E+00  0.0000E+00
      6.703  0.6303E-02  0.6721E-01  0.6721E-01  0.6721E-01  0.0000E+00  0.0000E+00  0.0000E+00  0.0000E+00  0.0000E+00
      6.854  0.5779E-02  0.6700E-01  0.6700E-01  0.6700E-01  0.0000E+00  0.0000E+00  0.0000E+00  0.0000E+00  0.0000E+00
      7.005  0.5255E-02  0.6345E-01  0.6345E-01  0.6345E-01  0.0000E+00  0.0000E+00  0.0000E+00  0.0000E+00  0.0000E+00
      7.156  0.4716E-02  0.5243E-01  0.5243E-01  0.5243E-01  0.0000E+00  0.0000E+00  0.0000E+00  0.0000E+00  0.0000E+00
      7.307  0.4231E-02  0.4557E-01  0.4557E-01  0.4557E-01  0.0000E+00  0.0000E+00  0.0000E+00  0.0000E+00  0.0000E+00
      7.458  0.3854E-02  0.4159E-01  0.4159E-01  0.4159E-01  0.0000E+00  0.0000E+00  0.0000E+00  0.0000E+00  0.0000E+00
      7.609  0.3477E-02  0.3801E-01  0.3801E-01  0.3801E-01  0.0000E+00  0.0000E+00  0.0000E+00  0.0000E+00  0.0000E+00
      7.760  0.3095E-02  0.3486E-01  0.3486E-01  0.3486E-01  0.0000E+00  0.0000E+00  0.0000E+00  0.0000E+00  0.0000E+00
      7.910  0.2762E-02  0.3217E-01  0.3217E-01  0.3217E-01  0.0000E+00  0.0000E+00  0.0000E+00  0.0000E+00  0.0000E+00
      8.061  0.2458E-02  0.2967E-01  0.2967E-01  0.2967E-01  0.0000E+00  0.0000E+00  0.0000E+00  0.0000E+00  0.0000E+00
      8.212  0.2170E-02  0.2726E-01  0.2726E-01  0.2726E-01  0.0000E+00  0.0000E+00  0.0000E+00  0.0000E+00  0.0000E+00
      8.363  0.1860E-02  0.2499E-01  0.2499E-01  0.2499E-01  0.0000E+00  0.0000E+00  0.0000E+00  0.0000E+00  0.0000E+00
      8.514  0.1613E-02  0.2299E-01  0.2299E-01  0.2299E-01  0.0000E+00  0.0000E+00  0.0000E+00  0.0000E+00  0.0000E+00
      8.665  0.1383E-02  0.2095E-01  0.2095E-01  0.2095E-01  0.0000E+00  0.0000E+00  0.0000E+00  0.0000E+00  0.0000E+00
      8.816  0.1127E-02  0.1901E-01  0.1901E-01  0.1901E-01  0.0000E+00  0.0000E+00  0.0000E+00  0.0000E+00  0.0000E+00
      8.967  0.9306E-03  0.1717E-01  0.1717E-01  0.1717E-01  0.0000E+00  0.0000E+00  0.0000E+00  0.0000E+00  0.0000E+00
      9.118  0.7421E-03  0.1527E-01  0.1527E-01  0.1527E-01  0.0000E+00  0.0000E+00  0.0000E+00  0.0000E+00  0.0000E+00
      9.269  0.5445E-03  0.1349E-01  0.1349E-01  0.1349E-01  0.0000E+00  0.0000E+00  0.0000E+00  0.0000E+00  0.0000E+00
      9.419  0.3985E-03  0.1156E-01  0.1156E-01  0.1156E-01  0.0000E+00  0.0000E+00  0.0000E+00  0.0000E+00  0.0000E+00
      9.570  0.2645E-03  0.9621E-02  0.9621E-02  0.9621E-02  0.0000E+00  0.0000E+00  0.0000E+00  0.0000E+00  0.0000E+00
      9.721  0.1416E-03  0.7566E-02  0.7566E-02  0.7566E-02  0.0000E+00  0.0000E+00  0.0000E+00  0.0000E+00  0.0000E+00
      9.872  0.5309E-04  0.4808E-02  0.4808E-02  0.4808E-02  0.0000E+00  0.0000E+00  0.0000E+00  0.0000E+00  0.0000E+00
     10.023  0.4695E-05  0.6738E-03  0.6738E-03  0.6738E-03  0.0000E+00  0.0000E+00  0.0000E+00  0.0000E+00  0.0000E+00
     10.174  0.0000E+00  0.0000E+00  0.0000E+00  0.0000E+00  0.0000E+00  0.0000E+00  0.0000E+00  0.0000E+00  0.0000E+00
     10.325  0.0000E+00  0.0000E+00  0.0000E+00  0.0000E+00  0.0000E+00  0.0000E+00  0.0000E+00  0.0000E+00  0.0000E+00
     10.476  0.0000E+00  0.0000E+00  0.0000E+00  0.0000E+00  0.0000E+00  0.0000E+00  0.0000E+00  0.0000E+00  0.0000E+00
     10.627  0.0000E+00  0.0000E+00  0.0000E+00  0.0000E+00  0.0000E+00  0.0000E+00  0.0000E+00  0.0000E+00  0.0000E+00
     10.778  0.0000E+00  0.0000E+00  0.0000E+00  0.0000E+00  0.0000E+00  0.0000E+00  0.0000E+00  0.0000E+00  0.0000E+00
     10.929  0.0000E+00  0.0000E+00  0.0000E+00  0.0000E+00  0.0000E+00  0.0000E+00  0.0000E+00  0.0000E+00  0.0000E+00
     11.079  0.0000E+00  0.0000E+00  0.0000E+00  0.0000E+00  0.0000E+00  0.0000E+00  0.0000E+00  0.0000E+00  0.0000E+00
     11.230  0.0000E+00  0.0000E+00  0.0000E+00  0.0000E+00  0.0000E+00  0.0000E+00  0.0000E+00  0.0000E+00  0.0000E+00
     11.381  0.0000E+00  0.0000E+00  0.0000E+00  0.0000E+00  0.0000E+00  0.0000E+00  0.0000E+00  0.0000E+00  0.0000E+00
     11.532  0.0000E+00  0.0000E+00  0.0000E+00  0.0000E+00  0.0000E+00  0.0000E+00  0.0000E+00  0.0000E+00  0.0000E+00
     11.683  0.0000E+00  0.0000E+00  0.0000E+00  0.0000E+00  0.0000E+00  0.0000E+00  0.0000E+00  0.0000E+00  0.0000E+00
     11.834  0.0000E+00  0.0000E+00  0.0000E+00  0.0000E+00  0.0000E+00  0.0000E+00  0.0000E+00  0.0000E+00  0.0000E+00
     11.985  0.0000E+00  0.0000E+00  0.0000E+00  0.0000E+00  0.0000E+00  0.0000E+00  0.0000E+00  0.0000E+00  0.0000E+00
     12.136  0.0000E+00  0.0000E+00  0.0000E+00  0.0000E+00  0.0000E+00  0.0000E+00  0.0000E+00  0.0000E+00  0.0000E+00
     12.287  0.0000E+00  0.0000E+00  0.0000E+00  0.0000E+00  0.0000E+00  0.0000E+00  0.0000E+00  0.0000E+00  0.0000E+00
     12.438  0.0000E+00  0.0000E+00  0.0000E+00  0.0000E+00  0.0000E+00  0.0000E+00  0.0000E+00  0.0000E+00  0.0000E+00
     12.588  0.0000E+00  0.0000E+00  0.0000E+00  0.0000E+00  0.0000E+00  0.0000E+00  0.0000E+00  0.0000E+00  0.0000E+00
     12.739  0.0000E+00  0.0000E+00  0.0000E+00  0.0000E+00  0.0000E+00  0.0000E+00  0.0000E+00  0.0000E+00  0.0000E+00
     12.890  0.0000E+00  0.0000E+00  0.0000E+00  0.0000E+00  0.0000E+00  0.0000E+00  0.0000E+00  0.0000E+00  0.0000E+00
     13.041  0.0000E+00  0.0000E+00  0.0000E+00  0.0000E+00  0.0000E+00  0.0000E+00  0.0000E+00  0.0000E+00  0.0000E+00
     13.192  0.0000E+00  0.0000E+00  0.0000E+00  0.0000E+00  0.0000E+00  0.0000E+00  0.0000E+00  0.0000E+00  0.0000E+00
     13.343  0.0000E+00  0.0000E+00  0.0000E+00  0.0000E+00  0.0000E+00  0.0000E+00  0.0000E+00  0.0000E+00  0.0000E+00
     13.494  0.0000E+00  0.0000E+00  0.0000E+00  0.0000E+00  0.0000E+00  0.0000E+00  0.0000E+00  0.0000E+00  0.0000E+00
     13.645  0.0000E+00  0.0000E+00  0.0000E+00  0.0000E+00  0.0000E+00  0.0000E+00  0.0000E+00  0.0000E+00  0.0000E+00
     13.796  0.0000E+00  0.0000E+00  0.0000E+00  0.0000E+00  0.0000E+00  0.0000E+00  0.0000E+00  0.0000E+00  0.0000E+00
     13.947  0.0000E+00  0.0000E+00  0.0000E+00  0.0000E+00  0.0000E+00  0.0000E+00  0.0000E+00  0.0000E+00  0.0000E+00
     14.098  0.0000E+00  0.0000E+00  0.0000E+00  0.0000E+00  0.0000E+00  0.0000E+00  0.0000E+00  0.0000E+00  0.0000E+00
     14.248  0.0000E+00  0.0000E+00  0.0000E+00  0.0000E+00  0.0000E+00  0.0000E+00  0.0000E+00  0.0000E+00  0.0000E+00
     14.399  0.7732E-03  0.2424E-03  0.2424E-03  0.2424E-03  0.0000E+00  0.0000E+00  0.0000E+00  0.0000E+00  0.0000E+00
     14.550  0.7359E-02  0.2513E-02  0.2513E-02  0.2513E-02  0.0000E+00  0.0000E+00  0.0000E+00  0.0000E+00  0.0000E+00
     14.701  0.1021E-01  0.3701E-02  0.3701E-02  0.3701E-02  0.0000E+00  0.0000E+00  0.0000E+00  0.0000E+00  0.0000E+00
     14.852  0.1237E-01  0.4872E-02  0.4872E-02  0.4872E-02  0.0000E+00  0.0000E+00  0.0000E+00  0.0000E+00  0.0000E+00
     15.003  0.1525E-01  0.6290E-02  0.6290E-02  0.6290E-02  0.0000E+00  0.0000E+00  0.0000E+00  0.0000E+00  0.0000E+00
     15.154  0.1843E-01  0.7901E-02  0.7901E-02  0.7901E-02  0.0000E+00  0.0000E+00  0.0000E+00  0.0000E+00  0.0000E+00
     15.305  0.2121E-01  0.9602E-02  0.9602E-02  0.9602E-02  0.0000E+00  0.0000E+00  0.0000E+00  0.0000E+00  0.0000E+00
     15.456  0.2396E-01  0.1153E-01  0.1153E-01  0.1153E-01  0.0000E+00  0.0000E+00  0.0000E+00  0.0000E+00  0.0000E+00
     15.607  0.2496E-01  0.1340E-01  0.1340E-01  0.1340E-01  0.0000E+00  0.0000E+00  0.0000E+00  0.0000E+00  0.0000E+00
     15.757  0.2635E-01  0.1578E-01  0.1578E-01  0.1578E-01  0.0000E+00  0.0000E+00  0.0000E+00  0.0000E+00  0.0000E+00
     15.908  0.2761E-01  0.1997E-01  0.1997E-01  0.1997E-01  0.0000E+00  0.0000E+00  0.0000E+00  0.0000E+00  0.0000E+00
     16.059  0.2837E-01  0.2219E-01  0.2219E-01  0.2219E-01  0.0000E+00  0.0000E+00  0.0000E+00  0.0000E+00  0.0000E+00
     16.210  0.2905E-01  0.2289E-01  0.2289E-01  0.2289E-01  0.0000E+00  0.0000E+00  0.0000E+00  0.0000E+00  0.0000E+00
     16.361  0.2972E-01  0.2404E-01  0.2404E-01  0.2404E-01  0.0000E+00  0.0000E+00  0.0000E+00  0.0000E+00  0.0000E+00
     16.512  0.3046E-01  0.2538E-01  0.2538E-01  0.2538E-01  0.0000E+00  0.0000E+00  0.0000E+00  0.0000E+00  0.0000E+00
     16.663  0.3102E-01  0.2687E-01  0.2687E-01  0.2687E-01  0.0000E+00  0.0000E+00  0.0000E+00  0.0000E+00  0.0000E+00
     16.814  0.3145E-01  0.2832E-01  0.2832E-01  0.2832E-01  0.0000E+00  0.0000E+00  0.0000E+00  0.0000E+00  0.0000E+00
     16.965  0.3193E-01  0.2989E-01  0.2989E-01  0.2989E-01  0.0000E+00  0.0000E+00  0.0000E+00  0.0000E+00  0.0000E+00
     17.116  0.3242E-01  0.3155E-01  0.3155E-01  0.3155E-01  0.0000E+00  0.0000E+00  0.0000E+00  0.0000E+00  0.0000E+00
     17.267  0.3291E-01  0.3332E-01  0.3332E-01  0.3332E-01  0.0000E+00  0.0000E+00  0.0000E+00  0.0000E+00  0.0000E+00
     17.417  0.3340E-01  0.3526E-01  0.3526E-01  0.3526E-01  0.0000E+00  0.0000E+00  0.0000E+00  0.0000E+00  0.0000E+00
     17.568  0.3377E-01  0.3724E-01  0.3724E-01  0.3724E-01  0.0000E+00  0.0000E+00  0.0000E+00  0.0000E+00  0.0000E+00
     17.719  0.3420E-01  0.3947E-01  0.3947E-01  0.3947E-01  0.0000E+00  0.0000E+00  0.0000E+00  0.0000E+00  0.0000E+00
     17.870  0.3467E-01  0.4181E-01  0.4181E-01  0.4181E-01  0.0000E+00  0.0000E+00  0.0000E+00  0.0000E+00  0.0000E+00
     18.021  0.3528E-01  0.4464E-01  0.4464E-01  0.4464E-01  0.0000E+00  0.0000E+00  0.0000E+00  0.0000E+00  0.0000E+00
     18.172  0.3587E-01  0.4768E-01  0.4768E-01  0.4768E-01  0.0000E+00  0.0000E+00  0.0000E+00  0.0000E+00  0.0000E+00
     18.323  0.3666E-01  0.5161E-01  0.5161E-01  0.5161E-01  0.0000E+00  0.0000E+00  0.0000E+00  0.0000E+00  0.0000E+00
     18.474  0.3749E-01  0.5662E-01  0.5662E-01  0.5662E-01  0.0000E+00  0.0000E+00  0.0000E+00  0.0000E+00  0.0000E+00
     18.625  0.3963E-01  0.6616E-01  0.6616E-01  0.6616E-01  0.0000E+00  0.0000E+00  0.0000E+00  0.0000E+00  0.0000E+00
     18.776  0.4162E-01  0.7705E-01  0.7705E-01  0.7705E-01  0.0000E+00  0.0000E+00  0.0000E+00  0.0000E+00  0.0000E+00
     18.927  0.4159E-01  0.7574E-01  0.7574E-01  0.7574E-01  0.0000E+00  0.0000E+00  0.0000E+00  0.0000E+00  0.0000E+00
     19.077  0.3778E-01  0.5601E-01  0.5601E-01  0.5601E-01  0.0000E+00  0.0000E+00  0.0000E+00  0.0000E+00  0.0000E+00
     19.228  0.6512E-01  0.7662E-01  0.7662E-01  0.7662E-01  0.0000E+00  0.0000E+00  0.0000E+00  0.0000E+00  0.0000E+00
     19.379  0.6465E-01  0.6213E-01  0.6213E-01  0.6213E-01  0.0000E+00  0.0000E+00  0.0000E+00  0.0000E+00  0.0000E+00
     19.530  0.7306E-01  0.5657E-01  0.5657E-01  0.5657E-01  0.0000E+00  0.0000E+00  0.0000E+00  0.0000E+00  0.0000E+00
     19.681  0.6393E-01  0.5554E-01  0.5554E-01  0.5554E-01  0.0000E+00  0.0000E+00  0.0000E+00  0.0000E+00  0.0000E+00
     19.832  0.6311E-01  0.5485E-01  0.5485E-01  0.5485E-01  0.0000E+00  0.0000E+00  0.0000E+00  0.0000E+00  0.0000E+00
     19.983  0.5620E-01  0.5253E-01  0.5253E-01  0.5253E-01  0.0000E+00  0.0000E+00  0.0000E+00  0.0000E+00  0.0000E+00
     20.134  0.5598E-01  0.5326E-01  0.5326E-01  0.5326E-01  0.0000E+00  0.0000E+00  0.0000E+00  0.0000E+00  0.0000E+00
     20.285  0.5261E-01  0.5203E-01  0.5203E-01  0.5203E-01  0.0000E+00  0.0000E+00  0.0000E+00  0.0000E+00  0.0000E+00
     20.436  0.5023E-01  0.5352E-01  0.5352E-01  0.5352E-01  0.0000E+00  0.0000E+00  0.0000E+00  0.0000E+00  0.0000E+00
     20.586  0.4738E-01  0.5352E-01  0.5352E-01  0.5352E-01  0.0000E+00  0.0000E+00  0.0000E+00  0.0000E+00  0.0000E+00
     20.737  0.4577E-01  0.5255E-01  0.5255E-01  0.5255E-01  0.0000E+00  0.0000E+00  0.0000E+00  0.0000E+00  0.0000E+00
     20.888  0.4404E-01  0.5183E-01  0.5183E-01  0.5183E-01  0.0000E+00  0.0000E+00  0.0000E+00  0.0000E+00  0.0000E+00
     21.039  0.4039E-01  0.5069E-01  0.5069E-01  0.5069E-01  0.0000E+00  0.0000E+00  0.0000E+00  0.0000E+00  0.0000E+00
     21.190  0.3924E-01  0.4903E-01  0.4903E-01  0.4903E-01  0.0000E+00  0.0000E+00  0.0000E+00  0.0000E+00  0.0000E+00
     21.341  0.3946E-01  0.4820E-01  0.4820E-01  0.4820E-01  0.0000E+00  0.0000E+00  0.0000E+00  0.0000E+00  0.0000E+00
     21.492  0.3629E-01  0.4435E-01  0.4435E-01  0.4435E-01  0.0000E+00  0.0000E+00  0.0000E+00  0.0000E+00  0.0000E+00
     21.643  0.3027E-01  0.3984E-01  0.3984E-01  0.3984E-01  0.0000E+00  0.0000E+00  0.0000E+00  0.0000E+00  0.0000E+00
     21.794  0.2829E-01  0.3819E-01  0.3819E-01  0.3819E-01  0.0000E+00  0.0000E+00  0.0000E+00  0.0000E+00  0.0000E+00
     21.945  0.3456E-01  0.4074E-01  0.4074E-01  0.4074E-01  0.0000E+00  0.0000E+00  0.0000E+00  0.0000E+00  0.0000E+00
     22.096  0.3853E-01  0.4043E-01  0.4043E-01  0.4043E-01  0.0000E+00  0.0000E+00  0.0000E+00  0.0000E+00  0.0000E+00
     22.246  0.4586E-01  0.4268E-01  0.4268E-01  0.4268E-01  0.0000E+00  0.0000E+00  0.0000E+00  0.0000E+00  0.0000E+00
     22.397  0.4496E-01  0.4121E-01  0.4121E-01  0.4121E-01  0.0000E+00  0.0000E+00  0.0000E+00  0.0000E+00  0.0000E+00
     22.548  0.4803E-01  0.4229E-01  0.4229E-01  0.4229E-01  0.0000E+00  0.0000E+00  0.0000E+00  0.0000E+00  0.0000E+00
     22.699  0.5415E-01  0.4554E-01  0.4554E-01  0.4554E-01  0.0000E+00  0.0000E+00  0.0000E+00  0.0000E+00  0.0000E+00
     22.850  0.5248E-01  0.4596E-01  0.4596E-01  0.4596E-01  0.0000E+00  0.0000E+00  0.0000E+00  0.0000E+00  0.0000E+00
     23.001  0.5630E-01  0.4845E-01  0.4845E-01  0.4845E-01  0.0000E+00  0.0000E+00  0.0000E+00  0.0000E+00  0.0000E+00
     23.152  0.5540E-01  0.4791E-01  0.4791E-01  0.4791E-01  0.0000E+00  0.0000E+00  0.0000E+00  0.0000E+00  0.0000E+00
     23.303  0.5669E-01  0.4957E-01  0.4957E-01  0.4957E-01  0.0000E+00  0.0000E+00  0.0000E+00  0.0000E+00  0.0000E+00
     23.454  0.5849E-01  0.5211E-01  0.5211E-01  0.5211E-01  0.0000E+00  0.0000E+00  0.0000E+00  0.0000E+00  0.0000E+00
     23.605  0.5499E-01  0.5179E-01  0.5179E-01  0.5179E-01  0.0000E+00  0.0000E+00  0.0000E+00  0.0000E+00  0.0000E+00
     23.755  0.5585E-01  0.5231E-01  0.5231E-01  0.5231E-01  0.0000E+00  0.0000E+00  0.0000E+00  0.0000E+00  0.0000E+00
     23.906  0.5678E-01  0.5336E-01  0.5336E-01  0.5336E-01  0.0000E+00  0.0000E+00  0.0000E+00  0.0000E+00  0.0000E+00
     24.057  0.5880E-01  0.5620E-01  0.5620E-01  0.5620E-01  0.0000E+00  0.0000E+00  0.0000E+00  0.0000E+00  0.0000E+00
     24.208  0.5935E-01  0.5699E-01  0.5699E-01  0.5699E-01  0.0000E+00  0.0000E+00  0.0000E+00  0.0000E+00  0.0000E+00
     24.359  0.7396E-01  0.5948E-01  0.5948E-01  0.5948E-01  0.0000E+00  0.0000E+00  0.0000E+00  0.0000E+00  0.0000E+00
     24.510  0.1218E+00  0.6217E-01  0.6217E-01  0.6217E-01  0.0000E+00  0.0000E+00  0.0000E+00  0.0000E+00  0.0000E+00
     24.661  0.1142E+00  0.6783E-01  0.6783E-01  0.6783E-01  0.0000E+00  0.0000E+00  0.0000E+00  0.0000E+00  0.0000E+00
     24.812  0.9511E-01  0.6438E-01  0.6438E-01  0.6438E-01  0.0000E+00  0.0000E+00  0.0000E+00  0.0000E+00  0.0000E+00
     24.963  0.6301E-01  0.5994E-01  0.5994E-01  0.5994E-01  0.0000E+00  0.0000E+00  0.0000E+00  0.0000E+00  0.0000E+00
     25.114  0.5134E-01  0.6167E-01  0.6167E-01  0.6167E-01  0.0000E+00  0.0000E+00  0.0000E+00  0.0000E+00  0.0000E+00
     25.265  0.4608E-01  0.6448E-01  0.6448E-01  0.6448E-01  0.0000E+00  0.0000E+00  0.0000E+00  0.0000E+00  0.0000E+00
     25.415  0.4708E-01  0.7520E-01  0.7520E-01  0.7520E-01  0.0000E+00  0.0000E+00  0.0000E+00  0.0000E+00  0.0000E+00
     25.566  0.4802E-01  0.8326E-01  0.8326E-01  0.8326E-01  0.0000E+00  0.0000E+00  0.0000E+00  0.0000E+00  0.0000E+00
     25.717  0.4312E-01  0.8054E-01  0.8054E-01  0.8054E-01  0.0000E+00  0.0000E+00  0.0000E+00  0.0000E+00  0.0000E+00
     25.868  0.3590E-01  0.7283E-01  0.7283E-01  0.7283E-01  0.0000E+00  0.0000E+00  0.0000E+00  0.0000E+00  0.0000E+00
     26.019  0.2977E-01  0.6791E-01  0.6791E-01  0.6791E-01  0.0000E+00  0.0000E+00  0.0000E+00  0.0000E+00  0.0000E+00
     26.170  0.2530E-01  0.6565E-01  0.6565E-01  0.6565E-01  0.0000E+00  0.0000E+00  0.0000E+00  0.0000E+00  0.0000E+00
     26.321  0.2097E-01  0.6241E-01  0.6241E-01  0.6241E-01  0.0000E+00  0.0000E+00  0.0000E+00  0.0000E+00  0.0000E+00
     26.472  0.1754E-01  0.6020E-01  0.6020E-01  0.6020E-01  0.0000E+00  0.0000E+00  0.0000E+00  0.0000E+00  0.0000E+00
     26.623  0.1392E-01  0.5748E-01  0.5748E-01  0.5748E-01  0.0000E+00  0.0000E+00  0.0000E+00  0.0000E+00  0.0000E+00
     26.774  0.1060E-01  0.5676E-01  0.5676E-01  0.5676E-01  0.0000E+00  0.0000E+00  0.0000E+00  0.0000E+00  0.0000E+00
     26.924  0.7195E-02  0.4749E-01  0.4749E-01  0.4749E-01  0.0000E+00  0.0000E+00  0.0000E+00  0.0000E+00  0.0000E+00
     27.075  0.4953E-02  0.2754E-01  0.2754E-01  0.2754E-01  0.0000E+00  0.0000E+00  0.0000E+00  0.0000E+00  0.0000E+00
     27.226  0.3868E-02  0.2533E-01  0.2533E-01  0.2533E-01  0.0000E+00  0.0000E+00  0.0000E+00  0.0000E+00  0.0000E+00
     27.377  0.2970E-02  0.2285E-01  0.2285E-01  0.2285E-01  0.0000E+00  0.0000E+00  0.0000E+00  0.0000E+00  0.0000E+00
     27.528  0.2181E-02  0.2027E-01  0.2027E-01  0.2027E-01  0.0000E+00  0.0000E+00  0.0000E+00  0.0000E+00  0.0000E+00
     27.679  0.1460E-02  0.1787E-01  0.1787E-01  0.1787E-01  0.0000E+00  0.0000E+00  0.0000E+00  0.0000E+00  0.0000E+00
     27.830  0.8684E-03  0.1443E-01  0.1443E-01  0.1443E-01  0.0000E+00  0.0000E+00  0.0000E+00  0.0000E+00  0.0000E+00
     27.981  0.3899E-03  0.1094E-01  0.1094E-01  0.1094E-01  0.0000E+00  0.0000E+00  0.0000E+00  0.0000E+00  0.0000E+00
     28.132  0.1145E-03  0.6968E-02  0.6968E-02  0.6968E-02  0.0000E+00  0.0000E+00  0.0000E+00  0.0000E+00  0.0000E+00
     28.283  0.1498E-05  0.3103E-03  0.3103E-03  0.3103E-03  0.0000E+00  0.0000E+00  0.0000E+00  0.0000E+00  0.0000E+00
     28.434  0.0000E+00  0.0000E+00  0.0000E+00  0.0000E+00  0.0000E+00  0.0000E+00  0.0000E+00  0.0000E+00  0.0000E+00
     28.584  0.0000E+00  0.0000E+00  0.0000E+00  0.0000E+00  0.0000E+00  0.0000E+00  0.0000E+00  0.0000E+00  0.0000E+00
     28.735  0.0000E+00  0.0000E+00  0.0000E+00  0.0000E+00  0.0000E+00  0.0000E+00  0.0000E+00  0.0000E+00  0.0000E+00
     28.886  0.0000E+00  0.0000E+00  0.0000E+00  0.0000E+00  0.0000E+00  0.0000E+00  0.0000E+00  0.0000E+00  0.0000E+00
     29.037  0.0000E+00  0.0000E+00  0.0000E+00  0.0000E+00  0.0000E+00  0.0000E+00  0.0000E+00  0.0000E+00  0.0000E+00
     29.188  0.0000E+00  0.0000E+00  0.0000E+00  0.0000E+00  0.0000E+00  0.0000E+00  0.0000E+00  0.0000E+00  0.0000E+00
     29.339  0.0000E+00  0.0000E+00  0.0000E+00  0.0000E+00  0.0000E+00  0.0000E+00  0.0000E+00  0.0000E+00  0.0000E+00
     29.490  0.0000E+00  0.0000E+00  0.0000E+00  0.0000E+00  0.0000E+00  0.0000E+00  0.0000E+00  0.0000E+00  0.0000E+00
     29.641  0.0000E+00  0.0000E+00  0.0000E+00  0.0000E+00  0.0000E+00  0.0000E+00  0.0000E+00  0.0000E+00  0.0000E+00
     29.792  0.0000E+00  0.0000E+00  0.0000E+00  0.0000E+00  0.0000E+00  0.0000E+00  0.0000E+00  0.0000E+00  0.0000E+00
     29.943  0.0000E+00  0.0000E+00  0.0000E+00  0.0000E+00  0.0000E+00  0.0000E+00  0.0000E+00  0.0000E+00  0.0000E+00
     30.094  0.0000E+00  0.0000E+00  0.0000E+00  0.0000E+00  0.0000E+00  0.0000E+00  0.0000E+00  0.0000E+00  0.0000E+00
     30.244  0.0000E+00  0.0000E+00  0.0000E+00  0.0000E+00  0.0000E+00  0.0000E+00  0.0000E+00  0.0000E+00  0.0000E+00
     30.24441872    -15.02720454  301     10.00721889      1.00000000
    -15.027  0.0000E+00  0.0000E+00  0.0000E+00  0.0000E+00  0.0000E+00  0.0000E+00  0.0000E+00  0.0000E+00  0.0000E+00
    -14.876  0.0000E+00  0.0000E+00  0.0000E+00  0.0000E+00  0.0000E+00  0.0000E+00  0.0000E+00  0.0000E+00  0.0000E+00
    -14.725  0.0000E+00  0.0000E+00  0.0000E+00  0.0000E+00  0.0000E+00  0.0000E+00  0.0000E+00  0.0000E+00  0.0000E+00
    -14.574  0.0000E+00  0.0000E+00  0.0000E+00  0.0000E+00  0.0000E+00  0.0000E+00  0.0000E+00  0.0000E+00  0.0000E+00
    -14.424  0.0000E+00  0.0000E+00  0.0000E+00  0.0000E+00  0.0000E+00  0.0000E+00  0.0000E+00  0.0000E+00  0.0000E+00
    -14.273  0.0000E+00  0.0000E+00  0.0000E+00  0.0000E+00  0.0000E+00  0.0000E+00  0.0000E+00  0.0000E+00  0.0000E+00
    -14.122  0.0000E+00  0.0000E+00  0.0000E+00  0.0000E+00  0.0000E+00  0.0000E+00  0.0000E+00  0.0000E+00  0.0000E+00
    -13.971  0.0000E+00  0.0000E+00  0.0000E+00  0.0000E+00  0.0000E+00  0.0000E+00  0.0000E+00  0.0000E+00  0.0000E+00
    -13.820  0.0000E+00  0.0000E+00  0.0000E+00  0.0000E+00  0.0000E+00  0.0000E+00  0.0000E+00  0.0000E+00  0.0000E+00
    -13.669  0.0000E+00  0.0000E+00  0.0000E+00  0.0000E+00  0.0000E+00  0.0000E+00  0.0000E+00  0.0000E+00  0.0000E+00
    -13.518  0.0000E+00  0.0000E+00  0.0000E+00  0.0000E+00  0.0000E+00  0.0000E+00  0.0000E+00  0.0000E+00  0.0000E+00
    -13.367  0.0000E+00  0.0000E+00  0.0000E+00  0.0000E+00  0.0000E+00  0.0000E+00  0.0000E+00  0.0000E+00  0.0000E+00
    -13.216  0.0000E+00  0.0000E+00  0.0000E+00  0.0000E+00  0.0000E+00  0.0000E+00  0.0000E+00  0.0000E+00  0.0000E+00
    -13.065  0.0000E+00  0.0000E+00  0.0000E+00  0.0000E+00  0.0000E+00  0.0000E+00  0.0000E+00  0.0000E+00  0.0000E+00
    -12.915  0.7196E-02  0.5611E-05  0.5611E-05  0.5611E-05  0.0000E+00  0.0000E+00  0.0000E+00  0.0000E+00  0.0000E+00
    -12.764  0.1646E-01  0.4661E-04  0.4661E-04  0.4661E-04  0.0000E+00  0.0000E+00  0.0000E+00  0.0000E+00  0.0000E+00
    -12.613  0.1769E-01  0.9567E-04  0.9567E-04  0.9567E-04  0.0000E+00  0.0000E+00  0.0000E+00  0.0000E+00  0.0000E+00
    -12.462  0.2049E-01  0.1587E-03  0.1587E-03  0.1587E-03  0.0000E+00  0.0000E+00  0.0000E+00  0.0000E+00  0.0000E+00
    -12.311  0.2335E-01  0.2337E-03  0.2337E-03  0.2337E-03  0.0000E+00  0.0000E+00  0.0000E+00  0.0000E+00  0.0000E+00
    -12.160  0.2587E-01  0.3178E-03  0.3178E-03  0.3178E-03  0.0000E+00  0.0000E+00  0.0000E+00  0.0000E+00  0.0000E+00
    -12.009  0.2802E-01  0.4118E-03  0.4118E-03  0.4118E-03  0.0000E+00  0.0000E+00  0.0000E+00  0.0000E+00  0.0000E+00
    -11.858  0.3009E-01  0.5120E-03  0.5120E-03  0.5120E-03  0.0000E+00  0.0000E+00  0.0000E+00  0.0000E+00  0.0000E+00
    -11.707  0.3207E-01  0.6178E-03  0.6178E-03  0.6178E-03  0.0000E+00  0.0000E+00  0.0000E+00  0.0000E+00  0.0000E+00
    -11.556  0.3378E-01  0.7330E-03  0.7330E-03  0.7330E-03  0.0000E+00  0.0000E+00  0.0000E+00  0.0000E+00  0.0000E+00
    -11.405  0.3557E-01  0.8506E-03  0.8506E-03  0.8506E-03  0.0000E+00  0.0000E+00  0.0000E+00  0.0000E+00  0.0000E+00
    -11.255  0.3709E-01  0.9779E-03  0.9779E-03  0.9779E-03  0.0000E+00  0.0000E+00  0.0000E+00  0.0000E+00  0.0000E+00
    -11.104  0.3869E-01  0.1107E-02  0.1107E-02  0.1107E-02  0.0000E+00  0.0000E+00  0.0000E+00  0.0000E+00  0.0000E+00
    -10.953  0.4010E-01  0.1245E-02  0.1245E-02  0.1245E-02  0.0000E+00  0.0000E+00  0.0000E+00  0.0000E+00  0.0000E+00
    -10.802  0.4159E-01  0.1384E-02  0.1384E-02  0.1384E-02  0.0000E+00  0.0000E+00  0.0000E+00  0.0000E+00  0.0000E+00
    -10.651  0.4288E-01  0.1532E-02  0.1532E-02  0.1532E-02  0.0000E+00  0.0000E+00  0.0000E+00  0.0000E+00  0.0000E+00
    -10.500  0.4428E-01  0.1680E-02  0.1680E-02  0.1680E-02  0.0000E+00  0.0000E+00  0.0000E+00  0.0000E+00  0.0000E+00
    -10.349  0.4552E-01  0.1838E-02  0.1838E-02  0.1838E-02  0.0000E+00  0.0000E+00  0.0000E+00  0.0000E+00  0.0000E+00
    -10.198  0.4680E-01  0.1997E-02  0.1997E-02  0.1997E-02  0.0000E+00  0.0000E+00  0.0000E+00  0.0000E+00  0.0000E+00
    -10.047  0.4805E-01  0.2160E-02  0.2160E-02  0.2160E-02  0.0000E+00  0.0000E+00  0.0000E+00  0.0000E+00  0.0000E+00
     -9.896  0.4925E-01  0.2330E-02  0.2330E-02  0.2330E-02  0.0000E+00  0.0000E+00  0.0000E+00  0.0000E+00  0.0000E+00
     -9.746  0.5051E-01  0.2498E-02  0.2498E-02  0.2498E-02  0.0000E+00  0.0000E+00  0.0000E+00  0.0000E+00  0.0000E+00
     -9.595  0.5166E-01  0.2678E-02  0.2678E-02  0.2678E-02  0.0000E+00  0.0000E+00  0.0000E+00  0.0000E+00  0.0000E+00
     -9.444  0.5286E-01  0.2857E-02  0.2857E-02  0.2857E-02  0.0000E+00  0.0000E+00  0.0000E+00  0.0000E+00  0.0000E+00
     -9.293  0.5409E-01  0.3039E-02  0.3039E-02  0.3039E-02  0.0000E+00  0.0000E+00  0.0000E+00  0.0000E+00  0.0000E+00
     -9.142  0.5526E-01  0.3230E-02  0.3230E-02  0.3230E-02  0.0000E+00  0.0000E+00  0.0000E+00  0.0000E+00  0.0000E+00
     -8.991  0.5649E-01  0.3419E-02  0.3419E-02  0.3419E-02  0.0000E+00  0.0000E+00  0.0000E+00  0.0000E+00  0.0000E+00
     -8.840  0.5774E-01  0.3614E-02  0.3614E-02  0.3614E-02  0.0000E+00  0.0000E+00  0.0000E+00  0.0000E+00  0.0000E+00
     -8.689  0.5899E-01  0.3815E-02  0.3815E-02  0.3815E-02  0.0000E+00  0.0000E+00  0.0000E+00  0.0000E+00  0.0000E+00
     -8.538  0.6032E-01  0.4016E-02  0.4016E-02  0.4016E-02  0.0000E+00  0.0000E+00  0.0000E+00  0.0000E+00  0.0000E+00
     -8.387  0.6168E-01  0.4224E-02  0.4224E-02  0.4224E-02  0.0000E+00  0.0000E+00  0.0000E+00  0.0000E+00  0.0000E+00
     -8.236  0.6311E-01  0.4437E-02  0.4437E-02  0.4437E-02  0.0000E+00  0.0000E+00  0.0000E+00  0.0000E+00  0.0000E+00
     -8.086  0.6465E-01  0.4651E-02  0.4651E-02  0.4651E-02  0.0000E+00  0.0000E+00  0.0000E+00  0.0000E+00  0.0000E+00
     -7.935  0.6630E-01  0.4872E-02  0.4872E-02  0.4872E-02  0.0000E+00  0.0000E+00  0.0000E+00  0.0000E+00  0.0000E+00
     -7.784  0.6810E-01  0.5103E-02  0.5103E-02  0.5103E-02  0.0000E+00  0.0000E+00  0.0000E+00  0.0000E+00  0.0000E+00
     -7.633  0.7014E-01  0.5336E-02  0.5336E-02  0.5336E-02  0.0000E+00  0.0000E+00  0.0000E+00  0.0000E+00  0.0000E+00
     -7.482  0.7250E-01  0.5581E-02  0.5581E-02  0.5581E-02  0.0000E+00  0.0000E+00  0.0000E+00  0.0000E+00  0.0000E+00
     -7.331  0.7536E-01  0.5848E-02  0.5848E-02  0.5848E-02  0.0000E+00  0.0000E+00  0.0000E+00  0.0000E+00  0.0000E+00
     -7.180  0.7910E-01  0.6139E-02  0.6139E-02  0.6139E-02  0.0000E+00  0.0000E+00  0.0000E+00  0.0000E+00  0.0000E+00
     -7.029  0.8484E-01  0.6498E-02  0.6498E-02  0.6498E-02  0.0000E+00  0.0000E+00  0.0000E+00  0.0000E+00  0.0000E+00
     -6.878  0.9819E-01  0.7148E-02  0.7148E-02  0.7148E-02  0.0000E+00  0.0000E+00  0.0000E+00  0.0000E+00  0.0000E+00
     -6.727  0.9412E-01  0.7136E-02  0.7136E-02  0.7136E-02  0.0000E+00  0.0000E+00  0.0000E+00  0.0000E+00  0.0000E+00
     -6.577  0.9255E-01  0.7211E-02  0.7211E-02  0.7211E-02  0.0000E+00  0.0000E+00  0.0000E+00  0.0000E+00  0.0000E+00
     -6.426  0.8792E-01  0.7145E-02  0.7145E-02  0.7145E-02  0.0000E+00  0.0000E+00  0.0000E+00  0.0000E+00  0.0000E+00
     -6.275  0.8558E-01  0.7173E-02  0.7173E-02  0.7173E-02  0.0000E+00  0.0000E+00  0.0000E+00  0.0000E+00  0.0000E+00
     -6.124  0.8206E-01  0.7112E-02  0.7112E-02  0.7112E-02  0.0000E+00  0.0000E+00  0.0000E+00  0.0000E+00  0.0000E+00
     -5.973  0.7955E-01  0.7113E-02  0.7113E-02  0.7113E-02  0.0000E+00  0.0000E+00  0.0000E+00  0.0000E+00  0.0000E+00
     -5.822  0.7682E-01  0.7072E-02  0.7072E-02  0.7072E-02  0.0000E+00  0.0000E+00  0.0000E+00  0.0000E+00  0.0000E+00
     -5.671  0.7375E-01  0.6999E-02  0.6999E-02  0.6999E-02  0.0000E+00  0.0000E+00  0.0000E+00  0.0000E+00  0.0000E+00
     -5.520  0.7111E-01  0.6950E-02  0.6950E-02  0.6950E-02  0.0000E+00  0.0000E+00  0.0000E+00  0.0000E+00  0.0000E+00
     -5.369  0.6843E-01  0.6873E-02  0.6873E-02  0.6873E-02  0.0000E+00  0.0000E+00  0.0000E+00  0.0000E+00  0.0000E+00
     -5.218  0.6543E-01  0.6764E-02  0.6764E-02  0.6764E-02  0.0000E+00  0.0000E+00  0.0000E+00  0.0000E+00  0.0000E+00
     -5.067  0.6299E-01  0.6685E-02  0.6685E-02  0.6685E-02  0.0000E+00  0.0000E+00  0.0000E+00  0.0000E+00  0.0000E+00
     -4.917  0.5989E-01  0.6541E-02  0.6541E-02  0.6541E-02  0.0000E+00  0.0000E+00  0.0000E+00  0.0000E+00  0.0000E+00
     -4.766  0.5717E-01  0.6407E-02  0.6407E-02  0.6407E-02  0.0000E+00  0.0000E+00  0.0000E+00  0.0000E+00  0.0000E+00
     -4.615  0.5423E-01  0.6250E-02  0.6250E-02  0.6250E-02  0.0000E+00  0.0000E+00  0.0000E+00  0.0000E+00  0.0000E+00
     -4.464  0.5141E-01  0.6078E-02  0.6078E-02  0.6078E-02  0.0000E+00  0.0000E+00  0.0000E+00  0.0000E+00  0.0000E+00
     -4.313  0.4835E-01  0.5882E-02  0.5882E-02  0.5882E-02  0.0000E+00  0.0000E+00  0.0000E+00  0.0000E+00  0.0000E+00
     -4.162  0.5001E-01  0.9035E-02  0.9035E-02  0.9035E-02  0.0000E+00  0.0000E+00  0.0000E+00  0.0000E+00  0.0000E+00
     -4.011  0.5025E-01  0.1065E-01  0.1065E-01  0.1065E-01  0.0000E+00  0.0000E+00  0.0000E+00  0.0000E+00  0.0000E+00
     -3.860  0.5064E-01  0.1156E-01  0.1156E-01  0.1156E-01  0.0000E+00  0.0000E+00  0.0000E+00  0.0000E+00  0.0000E+00
     -3.709  0.4243E-01  0.1137E-01  0.1137E-01  0.1137E-01  0.0000E+00  0.0000E+00  0.0000E+00  0.0000E+00  0.0000E+00
     -3.558  0.3118E-01  0.1078E-01  0.1078E-01  0.1078E-01  0.0000E+00  0.0000E+00  0.0000E+00  0.0000E+00  0.0000E+00
     -3.407  0.2982E-01  0.1174E-01  0.1174E-01  0.1174E-01  0.0000E+00  0.0000E+00  0.0000E+00  0.0000E+00  0.0000E+00
     -3.257  0.3098E-01  0.1280E-01  0.1280E-01  0.1280E-01  0.0000E+00  0.0000E+00  0.0000E+00  0.0000E+00  0.0000E+00
     -3.106  0.3339E-01  0.1426E-01  0.1426E-01  0.1426E-01  0.0000E+00  0.0000E+00  0.0000E+00  0.0000E+00  0.0000E+00
     -2.955  0.4019E-01  0.1625E-01  0.1625E-01  0.1625E-01  0.0000E+00  0.0000E+00  0.0000E+00  0.0000E+00  0.0000E+00
     -2.804  0.4990E-01  0.1896E-01  0.1896E-01  0.1896E-01  0.0000E+00  0.0000E+00  0.0000E+00  0.0000E+00  0.0000E+00
     -2.653  0.6302E-01  0.2237E-01  0.2237E-01  0.2237E-01  0.0000E+00  0.0000E+00  0.0000E+00  0.0000E+00  0.0000E+00
     -2.502  0.7919E-01  0.2701E-01  0.2701E-01  0.2701E-01  0.0000E+00  0.0000E+00  0.0000E+00  0.0000E+00  0.0000E+00
     -2.351  0.1080E+00  0.3504E-01  0.3504E-01  0.3504E-01  0.0000E+00  0.0000E+00  0.0000E+00  0.0000E+00  0.0000E+00
     -2.200  0.9694E-01  0.3113E-01  0.3113E-01  0.3113E-01  0.0000E+00  0.0000E+00  0.0000E+00  0.0000E+00  0.0000E+00
     -2.049  0.7524E-01  0.2509E-01  0.2509E-01  0.2509E-01  0.0000E+00  0.0000E+00  0.0000E+00  0.0000E+00  0.0000E+00
     -1.898  0.6758E-01  0.2296E-01  0.2296E-01  0.2296E-01  0.0000E+00  0.0000E+00  0.0000E+00  0.0000E+00  0.0000E+00
     -1.748  0.6090E-01  0.2119E-01  0.2119E-01  0.2119E-01  0.0000E+00  0.0000E+00  0.0000E+00  0.0000E+00  0.0000E+00
     -1.597  0.5722E-01  0.2025E-01  0.2025E-01  0.2025E-01  0.0000E+00  0.0000E+00  0.0000E+00  0.0000E+00  0.0000E+00
     -1.446  0.5253E-01  0.1908E-01  0.1908E-01  0.1908E-01  0.0000E+00  0.0000E+00  0.0000E+00  0.0000E+00  0.0000E+00
     -1.295  0.4995E-01  0.1848E-01  0.1848E-01  0.1848E-01  0.0000E+00  0.0000E+00  0.0000E+00  0.0000E+00  0.0000E+00
     -1.144  0.4631E-01  0.1759E-01  0.1759E-01  0.1759E-01  0.0000E+00  0.0000E+00  0.0000E+00  0.0000E+00  0.0000E+00
     -0.993  0.4414E-01  0.1713E-01  0.1713E-01  0.1713E-01  0.0000E+00  0.0000E+00  0.0000E+00  0.0000E+00  0.0000E+00
     -0.842  0.4154E-01  0.1652E-01  0.1652E-01  0.1652E-01  0.0000E+00  0.0000E+00  0.0000E+00  0.0000E+00  0.0000E+00
     -0.691  0.3914E-01  0.1597E-01  0.1597E-01  0.1597E-01  0.0000E+00  0.0000E+00  0.0000E+00  0.0000E+00  0.0000E+00
     -0.540  0.3732E-01  0.1559E-01  0.1559E-01  0.1559E-01  0.0000E+00  0.0000E+00  0.0000E+00  0.0000E+00  0.0000E+00
     -0.389  0.3470E-01  0.1492E-01  0.1492E-01  0.1492E-01  0.0000E+00  0.0000E+00  0.0000E+00  0.0000E+00  0.0000E+00
     -0.238  0.3334E-01  0.1467E-01  0.1467E-01  0.1467E-01  0.0000E+00  0.0000E+00  0.0000E+00  0.0000E+00  0.0000E+00
     -0.088  0.3147E-01  0.1431E-01  0.1431E-01  0.1431E-01  0.0000E+00  0.0000E+00  0.0000E+00  0.0000E+00  0.0000E+00
      0.063  0.3092E-01  0.2208E-01  0.2208E-01  0.2208E-01  0.0000E+00  0.0000E+00  0.0000E+00  0.0000E+00  0.0000E+00
      0.214  0.3060E-01  0.2509E-01  0.2509E-01  0.2509E-01  0.0000E+00  0.0000E+00  0.0000E+00  0.0000E+00  0.0000E+00
      0.365  0.2996E-01  0.2876E-01  0.2876E-01  0.2876E-01  0.0000E+00  0.0000E+00  0.0000E+00  0.0000E+00  0.0000E+00
      0.516  0.3026E-01  0.3277E-01  0.3277E-01  0.3277E-01  0.0000E+00  0.0000E+00  0.0000E+00  0.0000E+00  0.0000E+00
      0.667  0.3164E-01  0.4121E-01  0.4121E-01  0.4121E-01  0.0000E+00  0.0000E+00  0.0000E+00  0.0000E+00  0.0000E+00
      0.818  0.3126E-01  0.4109E-01  0.4109E-01  0.4109E-01  0.0000E+00  0.0000E+00  0.0000E+00  0.0000E+00  0.0000E+00
      0.969  0.3119E-01  0.4020E-01  0.4020E-01  0.4020E-01  0.0000E+00  0.0000E+00  0.0000E+00  0.0000E+00  0.0000E+00
      1.120  0.3114E-01  0.3933E-01  0.3933E-01  0.3933E-01  0.0000E+00  0.0000E+00  0.0000E+00  0.0000E+00  0.0000E+00
      1.271  0.3026E-01  0.3833E-01  0.3833E-01  0.3833E-01  0.0000E+00  0.0000E+00  0.0000E+00  0.0000E+00  0.0000E+00
      1.421  0.3014E-01  0.3988E-01  0.3988E-01  0.3988E-01  0.0000E+00  0.0000E+00  0.0000E+00  0.0000E+00  0.0000E+00
      1.572  0.2978E-01  0.4039E-01  0.4039E-01  0.4039E-01  0.0000E+00  0.0000E+00  0.0000E+00  0.0000E+00  0.0000E+00
      1.723  0.2892E-01  0.4151E-01  0.4151E-01  0.4151E-01  0.0000E+00  0.0000E+00  0.0000E+00  0.0000E+00  0.0000E+00
      1.874  0.2856E-01  0.4255E-01  0.4255E-01  0.4255E-01  0.0000E+00  0.0000E+00  0.0000E+00  0.0000E+00  0.0000E+00
      2.025  0.2814E-01  0.4431E-01  0.4431E-01  0.4431E-01  0.0000E+00  0.0000E+00  0.0000E+00  0.0000E+00  0.0000E+00
      2.176  0.2739E-01  0.4560E-01  0.4560E-01  0.4560E-01  0.0000E+00  0.0000E+00  0.0000E+00  0.0000E+00  0.0000E+00
      2.327  0.2671E-01  0.4711E-01  0.4711E-01  0.4711E-01  0.0000E+00  0.0000E+00  0.0000E+00  0.0000E+00  0.0000E+00
      2.478  0.2630E-01  0.4996E-01  0.4996E-01  0.4996E-01  0.0000E+00  0.0000E+00  0.0000E+00  0.0000E+00  0.0000E+00
      2.629  0.2558E-01  0.5143E-01  0.5143E-01  0.5143E-01  0.0000E+00  0.0000E+00  0.0000E+00  0.0000E+00  0.0000E+00
      2.780  0.2467E-01  0.5455E-01  0.5455E-01  0.5455E-01  0.0000E+00  0.0000E+00  0.0000E+00  0.0000E+00  0.0000E+00
      2.931  0.2414E-01  0.5751E-01  0.5751E-01  0.5751E-01  0.0000E+00  0.0000E+00  0.0000E+00  0.0000E+00  0.0000E+00
      3.081  0.2347E-01  0.6293E-01  0.6293E-01  0.6293E-01  0.0000E+00  0.0000E+00  0.0000E+00  0.0000E+00  0.0000E+00
      3.232  0.2250E-01  0.7431E-01  0.7431E-01  0.7431E-01  0.0000E+00  0.0000E+00  0.0000E+00  0.0000E+00  0.0000E+00
      3.383  0.2172E-01  0.7477E-01  0.7477E-01  0.7477E-01  0.0000E+00  0.0000E+00  0.0000E+00  0.0000E+00  0.0000E+00
      3.534  0.2105E-01  0.7401E-01  0.7401E-01  0.7401E-01  0.0000E+00  0.0000E+00  0.0000E+00  0.0000E+00  0.0000E+00
      3.685  0.2021E-01  0.7335E-01  0.7335E-01  0.7335E-01  0.0000E+00  0.0000E+00  0.0000E+00  0.0000E+00  0.0000E+00
      3.836  0.1920E-01  0.7256E-01  0.7256E-01  0.7256E-01  0.0000E+00  0.0000E+00  0.0000E+00  0.0000E+00  0.0000E+00
      3.987  0.1860E-01  0.7255E-01  0.7255E-01  0.7255E-01  0.0000E+00  0.0000E+00  0.0000E+00  0.0000E+00  0.0000E+00
      4.138  0.1788E-01  0.7222E-01  0.7222E-01  0.7222E-01  0.0000E+00  0.0000E+00  0.0000E+00  0.0000E+00  0.0000E+00
      4.289  0.1701E-01  0.7174E-01  0.7174E-01  0.7174E-01  0.0000E+00  0.0000E+00  0.0000E+00  0.0000E+00  0.0000E+00
      4.440  0.1624E-01  0.7134E-01  0.7134E-01  0.7134E-01  0.0000E+00  0.0000E+00  0.0000E+00  0.0000E+00  0.0000E+00
      4.590  0.1562E-01  0.7134E-01  0.7134E-01  0.7134E-01  0.0000E+00  0.0000E+00  0.0000E+00  0.0000E+00  0.0000E+00
      4.741  0.1481E-01  0.7082E-01  0.7082E-01  0.7082E-01  0.0000E+00  0.0000E+00  0.0000E+00  0.0000E+00  0.0000E+00
      4.892  0.1394E-01  0.7057E-01  0.7057E-01  0.7057E-01  0.0000E+00  0.0000E+00  0.0000E+00  0.0000E+00  0.0000E+00
      5.043  0.1333E-01  0.7043E-01  0.7043E-01  0.7043E-01  0.0000E+00  0.0000E+00  0.0000E+00  0.0000E+00  0.0000E+00
      5.194  0.1272E-01  0.7006E-01  0.7006E-01  0.7006E-01  0.0000E+00  0.0000E+00  0.0000E+00  0.0000E+00  0.0000E+00
      5.345  0.1203E-01  0.6988E-01  0.6988E-01  0.6988E-01  0.0000E+00  0.0000E+00  0.0000E+00  0.0000E+00  0.0000E+00
      5.496  0.1128E-01  0.6943E-01  0.6943E-01  0.6943E-01  0.0000E+00  0.0000E+00  0.0000E+00  0.0000E+00  0.0000E+00
      5.647  0.1066E-01  0.6933E-01  0.6933E-01  0.6933E-01  0.0000E+00  0.0000E+00  0.0000E+00  0.0000E+00  0.0000E+00
      5.798  0.9998E-02  0.6897E-01  0.6897E-01  0.6897E-01  0.0000E+00  0.0000E+00  0.0000E+00  0.0000E+00  0.0000E+00
      5.949  0.9316E-02  0.6880E-01  0.6880E-01  0.6880E-01  0.0000E+00  0.0000E+00  0.0000E+00  0.0000E+00  0.0000E+00
      6.100  0.8619E-02  0.6840E-01  0.6840E-01  0.6840E-01  0.0000E+00  0.0000E+00  0.0000E+00  0.0000E+00  0.0000E+00
      6.250  0.8108E-02  0.6822E-01  0.6822E-01  0.6822E-01  0.0000E+00  0.0000E+00  0.0000E+00  0.0000E+00  0.0000E+00
      6.401  0.7578E-02  0.6793E-01  0.6793E-01  0.6793E-01  0.0000E+00  0.0000E+00  0.0000E+00  0.0000E+00  0.0000E+00
      6.552  0.6951E-02  0.6777E-01  0.6777E-01  0.6777E-01  0.0000E+00  0.0000E+00  0.0000E+00  0.0000E+00  0.0000E+00
      6.703  0.6303E-02  0.6721E-01  0.6721E-01  0.6721E-01  0.0000E+00  0.0000E+00  0.0000E+00  0.0000E+00  0.0000E+00
      6.854  0.5779E-02  0.6700E-01  0.6700E-01  0.6700E-01  0.0000E+00  0.0000E+00  0.0000E+00  0.0000E+00  0.0000E+00
      7.005  0.5255E-02  0.6345E-01  0.6345E-01  0.6345E-01  0.0000E+00  0.0000E+00  0.0000E+00  0.0000E+00  0.0000E+00
      7.156  0.4716E-02  0.5243E-01  0.5243E-01  0.5243E-01  0.0000E+00  0.0000E+00  0.0000E+00  0.0000E+00  0.0000E+00
      7.307  0.4231E-02  0.4557E-01  0.4557E-01  0.4557E-01  0.0000E+00  0.0000E+00  0.0000E+00  0.0000E+00  0.0000E+00
      7.458  0.3854E-02  0.4159E-01  0.4159E-01  0.4159E-01  0.0000E+00  0.0000E+00  0.0000E+00  0.0000E+00  0.0000E+00
      7.609  0.3477E-02  0.3801E-01  0.3801E-01  0.3801E-01  0.0000E+00  0.0000E+00  0.0000E+00  0.0000E+00  0.0000E+00
      7.760  0.3095E-02  0.3486E-01  0.3486E-01  0.3486E-01  0.0000E+00  0.0000E+00  0.0000E+00  0.0000E+00  0.0000E+00
      7.910  0.2762E-02  0.3217E-01  0.3217E-01  0.3217E-01  0.0000E+00  0.0000E+00  0.0000E+00  0.0000E+00  0.0000E+00
      8.061  0.2458E-02  0.2967E-01  0.2967E-01  0.2967E-01  0.0000E+00  0.0000E+00  0.0000E+00  0.0000E+00  0.0000E+00
      8.212  0.2170E-02  0.2726E-01  0.2726E-01  0.2726E-01  0.0000E+00  0.0000E+00  0.0000E+00  0.0000E+00  0.0000E+00
      8.363  0.1860E-02  0.2499E-01  0.2499E-01  0.2499E-01  0.0000E+00  0.0000E+00  0.0000E+00  0.0000E+00  0.0000E+00
      8.514  0.1613E-02  0.2299E-01  0.2299E-01  0.2299E-01  0.0000E+00  0.0000E+00  0.0000E+00  0.0000E+00  0.0000E+00
      8.665  0.1383E-02  0.2095E-01  0.2095E-01  0.2095E-01  0.0000E+00  0.0000E+00  0.0000E+00  0.0000E+00  0.0000E+00
      8.816  0.1127E-02  0.1901E-01  0.1901E-01  0.1901E-01  0.0000E+00  0.0000E+00  0.0000E+00  0.0000E+00  0.0000E+00
      8.967  0.9306E-03  0.1717E-01  0.1717E-01  0.1717E-01  0.0000E+00  0.0000E+00  0.0000E+00  0.0000E+00  0.0000E+00
      9.118  0.7421E-03  0.1527E-01  0.1527E-01  0.1527E-01  0.0000E+00  0.0000E+00  0.0000E+00  0.0000E+00  0.0000E+00
      9.269  0.5445E-03  0.1349E-01  0.1349E-01  0.1349E-01  0.0000E+00  0.0000E+00  0.0000E+00  0.0000E+00  0.0000E+00
      9.419  0.3985E-03  0.1156E-01  0.1156E-01  0.1156E-01  0.0000E+00  0.0000E+00  0.0000E+00  0.0000E+00  0.0000E+00
      9.570  0.2645E-03  0.9621E-02  0.9621E-02  0.9621E-02  0.0000E+00  0.0000E+00  0.0000E+00  0.0000E+00  0.0000E+00
      9.721  0.1416E-03  0.7566E-02  0.7566E-02  0.7566E-02  0.0000E+00  0.0000E+00  0.0000E+00  0.0000E+00  0.0000E+00
      9.872  0.5309E-04  0.4808E-02  0.4808E-02  0.4808E-02  0.0000E+00  0.0000E+00  0.0000E+00  0.0000E+00  0.0000E+00
     10.023  0.4695E-05  0.6738E-03  0.6738E-03  0.6738E-03  0.0000E+00  0.0000E+00  0.0000E+00  0.0000E+00  0.0000E+00
     10.174  0.0000E+00  0.0000E+00  0.0000E+00  0.0000E+00  0.0000E+00  0.0000E+00  0.0000E+00  0.0000E+00  0.0000E+00
     10.325  0.0000E+00  0.0000E+00  0.0000E+00  0.0000E+00  0.0000E+00  0.0000E+00  0.0000E+00  0.0000E+00  0.0000E+00
     10.476  0.0000E+00  0.0000E+00  0.0000E+00  0.0000E+00  0.0000E+00  0.0000E+00  0.0000E+00  0.0000E+00  0.0000E+00
     10.627  0.0000E+00  0.0000E+00  0.0000E+00  0.0000E+00  0.0000E+00  0.0000E+00  0.0000E+00  0.0000E+00  0.0000E+00
     10.778  0.0000E+00  0.0000E+00  0.0000E+00  0.0000E+00  0.0000E+00  0.0000E+00  0.0000E+00  0.0000E+00  0.0000E+00
     10.929  0.0000E+00  0.0000E+00  0.0000E+00  0.0000E+00  0.0000E+00  0.0000E+00  0.0000E+00  0.0000E+00  0.0000E+00
     11.079  0.0000E+00  0.0000E+00  0.0000E+00  0.0000E+00  0.0000E+00  0.0000E+00  0.0000E+00  0.0000E+00  0.0000E+00
     11.230  0.0000E+00  0.0000E+00  0.0000E+00  0.0000E+00  0.0000E+00  0.0000E+00  0.0000E+00  0.0000E+00  0.0000E+00
     11.381  0.0000E+00  0.0000E+00  0.0000E+00  0.0000E+00  0.0000E+00  0.0000E+00  0.0000E+00  0.0000E+00  0.0000E+00
     11.532  0.0000E+00  0.0000E+00  0.0000E+00  0.0000E+00  0.0000E+00  0.0000E+00  0.0000E+00  0.0000E+00  0.0000E+00
     11.683  0.0000E+00  0.0000E+00  0.0000E+00  0.0000E+00  0.0000E+00  0.0000E+00  0.0000E+00  0.0000E+00  0.0000E+00
     11.834  0.0000E+00  0.0000E+00  0.0000E+00  0.0000E+00  0.0000E+00  0.0000E+00  0.0000E+00  0.0000E+00  0.0000E+00
     11.985  0.0000E+00  0.0000E+00  0.0000E+00  0.0000E+00  0.0000E+00  0.0000E+00  0.0000E+00  0.0000E+00  0.0000E+00
     12.136  0.0000E+00  0.0000E+00  0.0000E+00  0.0000E+00  0.0000E+00  0.0000E+00  0.0000E+00  0.0000E+00  0.0000E+00
     12.287  0.0000E+00  0.0000E+00  0.0000E+00  0.0000E+00  0.0000E+00  0.0000E+00  0.0000E+00  0.0000E+00  0.0000E+00
     12.438  0.0000E+00  0.0000E+00  0.0000E+00  0.0000E+00  0.0000E+00  0.0000E+00  0.0000E+00  0.0000E+00  0.0000E+00
     12.588  0.0000E+00  0.0000E+00  0.0000E+00  0.0000E+00  0.0000E+00  0.0000E+00  0.0000E+00  0.0000E+00  0.0000E+00
     12.739  0.0000E+00  0.0000E+00  0.0000E+00  0.0000E+00  0.0000E+00  0.0000E+00  0.0000E+00  0.0000E+00  0.0000E+00
     12.890  0.0000E+00  0.0000E+00  0.0000E+00  0.0000E+00  0.0000E+00  0.0000E+00  0.0000E+00  0.0000E+00  0.0000E+00
     13.041  0.0000E+00  0.0000E+00  0.0000E+00  0.0000E+00  0.0000E+00  0.0000E+00  0.0000E+00  0.0000E+00  0.0000E+00
     13.192  0.0000E+00  0.0000E+00  0.0000E+00  0.0000E+00  0.0000E+00  0.0000E+00  0.0000E+00  0.0000E+00  0.0000E+00
     13.343  0.0000E+00  0.0000E+00  0.0000E+00  0.0000E+00  0.0000E+00  0.0000E+00  0.0000E+00  0.0000E+00  0.0000E+00
     13.494  0.0000E+00  0.0000E+00  0.0000E+00  0.0000E+00  0.0000E+00  0.0000E+00  0.0000E+00  0.0000E+00  0.0000E+00
     13.645  0.0000E+00  0.0000E+00  0.0000E+00  0.0000E+00  0.0000E+00  0.0000E+00  0.0000E+00  0.0000E+00  0.0000E+00
     13.796  0.0000E+00  0.0000E+00  0.0000E+00  0.0000E+00  0.0000E+00  0.0000E+00  0.0000E+00  0.0000E+00  0.0000E+00
     13.947  0.0000E+00  0.0000E+00  0.0000E+00  0.0000E+00  0.0000E+00  0.0000E+00  0.0000E+00  0.0000E+00  0.0000E+00
     14.098  0.0000E+00  0.0000E+00  0.0000E+00  0.0000E+00  0.0000E+00  0.0000E+00  0.0000E+00  0.0000E+00  0.0000E+00
     14.248  0.0000E+00  0.0000E+00  0.0000E+00  0.0000E+00  0.0000E+00  0.0000E+00  0.0000E+00  0.0000E+00  0.0000E+00
     14.399  0.7732E-03  0.2424E-03  0.2424E-03  0.2424E-03  0.0000E+00  0.0000E+00  0.0000E+00  0.0000E+00  0.0000E+00
     14.550  0.7359E-02  0.2513E-02  0.2513E-02  0.2513E-02  0.0000E+00  0.0000E+00  0.0000E+00  0.0000E+00  0.0000E+00
     14.701  0.1021E-01  0.3701E-02  0.3701E-02  0.3701E-02  0.0000E+00  0.0000E+00  0.0000E+00  0.0000E+00  0.0000E+00
     14.852  0.1237E-01  0.4872E-02  0.4872E-02  0.4872E-02  0.0000E+00  0.0000E+00  0.0000E+00  0.0000E+00  0.0000E+00
     15.003  0.1525E-01  0.6290E-02  0.6290E-02  0.6290E-02  0.0000E+00  0.0000E+00  0.0000E+00  0.0000E+00  0.0000E+00
     15.154  0.1843E-01  0.7901E-02  0.7901E-02  0.7901E-02  0.0000E+00  0.0000E+00  0.0000E+00  0.0000E+00  0.0000E+00
     15.305  0.2121E-01  0.9602E-02  0.9602E-02  0.9602E-02  0.0000E+00  0.0000E+00  0.0000E+00  0.0000E+00  0.0000E+00
     15.456  0.2396E-01  0.1153E-01  0.1153E-01  0.1153E-01  0.0000E+00  0.0000E+00  0.0000E+00  0.0000E+00  0.0000E+00
     15.607  0.2496E-01  0.1340E-01  0.1340E-01  0.1340E-01  0.0000E+00  0.0000E+00  0.0000E+00  0.0000E+00  0.0000E+00
     15.757  0.2635E-01  0.1578E-01  0.1578E-01  0.1578E-01  0.0000E+00  0.0000E+00  0.0000E+00  0.0000E+00  0.0000E+00
     15.908  0.2761E-01  0.1997E-01  0.1997E-01  0.1997E-01  0.0000E+00  0.0000E+00  0.0000E+00  0.0000E+00  0.0000E+00
     16.059  0.2837E-01  0.2219E-01  0.2219E-01  0.2219E-01  0.0000E+00  0.0000E+00  0.0000E+00  0.0000E+00  0.0000E+00
     16.210  0.2905E-01  0.2289E-01  0.2289E-01  0.2289E-01  0.0000E+00  0.0000E+00  0.0000E+00  0.0000E+00  0.0000E+00
     16.361  0.2972E-01  0.2404E-01  0.2404E-01  0.2404E-01  0.0000E+00  0.0000E+00  0.0000E+00  0.0000E+00  0.0000E+00
     16.512  0.3046E-01  0.2538E-01  0.2538E-01  0.2538E-01  0.0000E+00  0.0000E+00  0.0000E+00  0.0000E+00  0.0000E+00
     16.663  0.3102E-01  0.2687E-01  0.2687E-01  0.2687E-01  0.0000E+00  0.0000E+00  0.0000E+00  0.0000E+00  0.0000E+00
     16.814  0.3145E-01  0.2832E-01  0.2832E-01  0.2832E-01  0.0000E+00  0.0000E+00  0.0000E+00  0.0000E+00  0.0000E+00
     16.965  0.3193E-01  0.2989E-01  0.2989E-01  0.2989E-01  0.0000E+00  0.0000E+00  0.0000E+00  0.0000E+00  0.0000E+00
     17.116  0.3242E-01  0.3155E-01  0.3155E-01  0.3155E-01  0.0000E+00  0.0000E+00  0.0000E+00  0.0000E+00  0.0000E+00
     17.267  0.3291E-01  0.3332E-01  0.3332E-01  0.3332E-01  0.0000E+00  0.0000E+00  0.0000E+00  0.0000E+00  0.0000E+00
     17.417  0.3340E-01  0.3526E-01  0.3526E-01  0.3526E-01  0.0000E+00  0.0000E+00  0.0000E+00  0.0000E+00  0.0000E+00
     17.568  0.3377E-01  0.3724E-01  0.3724E-01  0.3724E-01  0.0000E+00  0.0000E+00  0.0000E+00  0.0000E+00  0.0000E+00
     17.719  0.3420E-01  0.3947E-01  0.3947E-01  0.3947E-01  0.0000E+00  0.0000E+00  0.0000E+00  0.0000E+00  0.0000E+00
     17.870  0.3467E-01  0.4181E-01  0.4181E-01  0.4181E-01  0.0000E+00  0.0000E+00  0.0000E+00  0.0000E+00  0.0000E+00
     18.021  0.3528E-01  0.4464E-01  0.4464E-01  0.4464E-01  0.0000E+00  0.0000E+00  0.0000E+00  0.0000E+00  0.0000E+00
     18.172  0.3587E-01  0.4768E-01  0.4768E-01  0.4768E-01  0.0000E+00  0.0000E+00  0.0000E+00  0.0000E+00  0.0000E+00
     18.323  0.3666E-01  0.5161E-01  0.5161E-01  0.5161E-01  0.0000E+00  0.0000E+00  0.0000E+00  0.0000E+00  0.0000E+00
     18.474  0.3749E-01  0.5662E-01  0.5662E-01  0.5662E-01  0.0000E+00  0.0000E+00  0.0000E+00  0.0000E+00  0.0000E+00
     18.625  0.3963E-01  0.6616E-01  0.6616E-01  0.6616E-01  0.0000E+00  0.0000E+00  0.0000E+00  0.0000E+00  0.0000E+00
     18.776  0.4162E-01  0.7705E-01  0.7705E-01  0.7705E-01  0.0000E+00  0.0000E+00  0.0000E+00  0.0000E+00  0.0000E+00
     18.927  0.4159E-01  0.7574E-01  0.7574E-01  0.7574E-01  0.0000E+00  0.0000E+00  0.0000E+00  0.0000E+00  0.0000E+00
     19.077  0.3778E-01  0.5601E-01  0.5601E-01  0.5601E-01  0.0000E+00  0.0000E+00  0.0000E+00  0.0000E+00  0.0000E+00
     19.228  0.6512E-01  0.7662E-01  0.7662E-01  0.7662E-01  0.0000E+00  0.0000E+00  0.0000E+00  0.0000E+00  0.0000E+00
     19.379  0.6465E-01  0.6213E-01  0.6213E-01  0.6213E-01  0.0000E+00  0.0000E+00  0.0000E+00  0.0000E+00  0.0000E+00
     19.530  0.7306E-01  0.5657E-01  0.5657E-01  0.5657E-01  0.0000E+00  0.0000E+00  0.0000E+00  0.0000E+00  0.0000E+00
     19.681  0.6393E-01  0.5554E-01  0.5554E-01  0.5554E-01  0.0000E+00  0.0000E+00  0.0000E+00  0.0000E+00  0.0000E+00
     19.832  0.6311E-01  0.5485E-01  0.5485E-01  0.5485E-01  0.0000E+00  0.0000E+00  0.0000E+00  0.0000E+00  0.0000E+00
     19.983  0.5620E-01  0.5253E-01  0.5253E-01  0.5253E-01  0.0000E+00  0.0000E+00  0.0000E+00  0.0000E+00  0.0000E+00
     20.134  0.5598E-01  0.5326E-01  0.5326E-01  0.5326E-01  0.0000E+00  0.0000E+00  0.0000E+00  0.0000E+00  0.0000E+00
     20.285  0.5261E-01  0.5203E-01  0.5203E-01  0.5203E-01  0.0000E+00  0.0000E+00  0.0000E+00  0.0000E+00  0.0000E+00
     20.436  0.5023E-01  0.5352E-01  0.5352E-01  0.5352E-01  0.0000E+00  0.0000E+00  0.0000E+00  0.0000E+00  0.0000E+00
     20.586  0.4738E-01  0.5352E-01  0.5352E-01  0.5352E-01  0.0000E+00  0.0000E+00  0.0000E+00  0.0000E+00  0.0000E+00
     20.737  0.4577E-01  0.5255E-01  0.5255E-01  0.5255E-01  0.0000E+00  0.0000E+00  0.0000E+00  0.0000E+00  0.0000E+00
     20.888  0.4404E-01  0.5183E-01  0.5183E-01  0.5183E-01  0.0000E+00  0.0000E+00  0.0000E+00  0.0000E+00  0.0000E+00
     21.039  0.4039E-01  0.5069E-01  0.5069E-01  0.5069E-01  0.0000E+00  0.0000E+00  0.0000E+00  0.0000E+00  0.0000E+00
     21.190  0.3924E-01  0.4903E-01  0.4903E-01  0.4903E-01  0.0000E+00  0.0000E+00  0.0000E+00  0.0000E+00  0.0000E+00
     21.341  0.3946E-01  0.4820E-01  0.4820E-01  0.4820E-01  0.0000E+00  0.0000E+00  0.0000E+00  0.0000E+00  0.0000E+00
     21.492  0.3629E-01  0.4435E-01  0.4435E-01  0.4435E-01  0.0000E+00  0.0000E+00  0.0000E+00  0.0000E+00  0.0000E+00
     21.643  0.3027E-01  0.3984E-01  0.3984E-01  0.3984E-01  0.0000E+00  0.0000E+00  0.0000E+00  0.0000E+00  0.0000E+00
     21.794  0.2829E-01  0.3819E-01  0.3819E-01  0.3819E-01  0.0000E+00  0.0000E+00  0.0000E+00  0.0000E+00  0.0000E+00
     21.945  0.3456E-01  0.4074E-01  0.4074E-01  0.4074E-01  0.0000E+00  0.0000E+00  0.0000E+00  0.0000E+00  0.0000E+00
     22.096  0.3853E-01  0.4043E-01  0.4043E-01  0.4043E-01  0.0000E+00  0.0000E+00  0.0000E+00  0.0000E+00  0.0000E+00
     22.246  0.4586E-01  0.4268E-01  0.4268E-01  0.4268E-01  0.0000E+00  0.0000E+00  0.0000E+00  0.0000E+00  0.0000E+00
     22.397  0.4496E-01  0.4121E-01  0.4121E-01  0.4121E-01  0.0000E+00  0.0000E+00  0.0000E+00  0.0000E+00  0.0000E+00
     22.548  0.4803E-01  0.4229E-01  0.4229E-01  0.4229E-01  0.0000E+00  0.0000E+00  0.0000E+00  0.0000E+00  0.0000E+00
     22.699  0.5415E-01  0.4554E-01  0.4554E-01  0.4554E-01  0.0000E+00  0.0000E+00  0.0000E+00  0.0000E+00  0.0000E+00
     22.850  0.5248E-01  0.4596E-01  0.4596E-01  0.4596E-01  0.0000E+00  0.0000E+00  0.0000E+00  0.0000E+00  0.0000E+00
     23.001  0.5630E-01  0.4845E-01  0.4845E-01  0.4845E-01  0.0000E+00  0.0000E+00  0.0000E+00  0.0000E+00  0.0000E+00
     23.152  0.5540E-01  0.4791E-01  0.4791E-01  0.4791E-01  0.0000E+00  0.0000E+00  0.0000E+00  0.0000E+00  0.0000E+00
     23.303  0.5669E-01  0.4957E-01  0.4957E-01  0.4957E-01  0.0000E+00  0.0000E+00  0.0000E+00  0.0000E+00  0.0000E+00
     23.454  0.5849E-01  0.5211E-01  0.5211E-01  0.5211E-01  0.0000E+00  0.0000E+00  0.0000E+00  0.0000E+00  0.0000E+00
     23.605  0.5499E-01  0.5179E-01  0.5179E-01  0.5179E-01  0.0000E+00  0.0000E+00  0.0000E+00  0.0000E+00  0.0000E+00
     23.755  0.5585E-01  0.5231E-01  0.5231E-01  0.5231E-01  0.0000E+00  0.0000E+00  0.0000E+00  0.0000E+00  0.0000E+00
     23.906  0.5678E-01  0.5336E-01  0.5336E-01  0.5336E-01  0.0000E+00  0.0000E+00  0.0000E+00  0.0000E+00  0.0000E+00
     24.057  0.5880E-01  0.5620E-01  0.5620E-01  0.5620E-01  0.0000E+00  0.0000E+00  0.0000E+00  0.0000E+00  0.0000E+00
     24.208  0.5935E-01  0.5699E-01  0.5699E-01  0.5699E-01  0.0000E+00  0.0000E+00  0.0000E+00  0.0000E+00  0.0000E+00
     24.359  0.7396E-01  0.5948E-01  0.5948E-01  0.5948E-01  0.0000E+00  0.0000E+00  0.0000E+00  0.0000E+00  0.0000E+00
     24.510  0.1218E+00  0.6217E-01  0.6217E-01  0.6217E-01  0.0000E+00  0.0000E+00  0.0000E+00  0.0000E+00  0.0000E+00
     24.661  0.1142E+00  0.6783E-01  0.6783E-01  0.6783E-01  0.0000E+00  0.0000E+00  0.0000E+00  0.0000E+00  0.0000E+00
     24.812  0.9511E-01  0.6438E-01  0.6438E-01  0.6438E-01  0.0000E+00  0.0000E+00  0.0000E+00  0.0000E+00  0.0000E+00
     24.963  0.6301E-01  0.5994E-01  0.5994E-01  0.5994E-01  0.0000E+00  0.0000E+00  0.0000E+00  0.0000E+00  0.0000E+00
     25.114  0.5134E-01  0.6167E-01  0.6167E-01  0.6167E-01  0.0000E+00  0.0000E+00  0.0000E+00  0.0000E+00  0.0000E+00
     25.265  0.4608E-01  0.6448E-01  0.6448E-01  0.6448E-01  0.0000E+00  0.0000E+00  0.0000E+00  0.0000E+00  0.0000E+00
     25.415  0.4708E-01  0.7520E-01  0.7520E-01  0.7520E-01  0.0000E+00  0.0000E+00  0.0000E+00  0.0000E+00  0.0000E+00
     25.566  0.4802E-01  0.8326E-01  0.8326E-01  0.8326E-01  0.0000E+00  0.0000E+00  0.0000E+00  0.0000E+00  0.0000E+00
     25.717  0.4312E-01  0.8054E-01  0.8054E-01  0.8054E-01  0.0000E+00  0.0000E+00  0.0000E+00  0.0000E+00  0.0000E+00
     25.868  0.3590E-01  0.7283E-01  0.7283E-01  0.7283E-01  0.0000E+00  0.0000E+00  0.0000E+00  0.0000E+00  0.0000E+00
     26.019  0.2977E-01  0.6791E-01  0.6791E-01  0.6791E-01  0.0000E+00  0.0000E+00  0.0000E+00  0.0000E+00  0.0000E+00
     26.170  0.2530E-01  0.6565E-01  0.6565E-01  0.6565E-01  0.0000E+00  0.0000E+00  0.0000E+00  0.0000E+00  0.0000E+00
     26.321  0.2097E-01  0.6241E-01  0.6241E-01  0.6241E-01  0.0000E+00  0.0000E+00  0.0000E+00  0.0000E+00  0.0000E+00
     26.472  0.1754E-01  0.6020E-01  0.6020E-01  0.6020E-01  0.0000E+00  0.0000E+00  0.0000E+00  0.0000E+00  0.0000E+00
     26.623  0.1392E-01  0.5748E-01  0.5748E-01  0.5748E-01  0.0000E+00  0.0000E+00  0.0000E+00  0.0000E+00  0.0000E+00
     26.774  0.1060E-01  0.5676E-01  0.5676E-01  0.5676E-01  0.0000E+00  0.0000E+00  0.0000E+00  0.0000E+00  0.0000E+00
     26.924  0.7195E-02  0.4749E-01  0.4749E-01  0.4749E-01  0.0000E+00  0.0000E+00  0.0000E+00  0.0000E+00  0.0000E+00
     27.075  0.4953E-02  0.2754E-01  0.2754E-01  0.2754E-01  0.0000E+00  0.0000E+00  0.0000E+00  0.0000E+00  0.0000E+00
     27.226  0.3868E-02  0.2533E-01  0.2533E-01  0.2533E-01  0.0000E+00  0.0000E+00  0.0000E+00  0.0000E+00  0.0000E+00
     27.377  0.2970E-02  0.2285E-01  0.2285E-01  0.2285E-01  0.0000E+00  0.0000E+00  0.0000E+00  0.0000E+00  0.0000E+00
     27.528  0.2181E-02  0.2027E-01  0.2027E-01  0.2027E-01  0.0000E+00  0.0000E+00  0.0000E+00  0.0000E+00  0.0000E+00
     27.679  0.1460E-02  0.1787E-01  0.1787E-01  0.1787E-01  0.0000E+00  0.0000E+00  0.0000E+00  0.0000E+00  0.0000E+00
     27.830  0.8684E-03  0.1443E-01  0.1443E-01  0.1443E-01  0.0000E+00  0.0000E+00  0.0000E+00  0.0000E+00  0.0000E+00
     27.981  0.3899E-03  0.1094E-01  0.1094E-01  0.1094E-01  0.0000E+00  0.0000E+00  0.0000E+00  0.0000E+00  0.0000E+00
     28.132  0.1145E-03  0.6968E-02  0.6968E-02  0.6968E-02  0.0000E+00  0.0000E+00  0.0000E+00  0.0000E+00  0.0000E+00
     28.283  0.1498E-05  0.3103E-03  0.3103E-03  0.3103E-03  0.0000E+00  0.0000E+00  0.0000E+00  0.0000E+00  0.0000E+00
     28.434  0.0000E+00  0.0000E+00  0.0000E+00  0.0000E+00  0.0000E+00  0.0000E+00  0.0000E+00  0.0000E+00  0.0000E+00
     28.584  0.0000E+00  0.0000E+00  0.0000E+00  0.0000E+00  0.0000E+00  0.0000E+00  0.0000E+00  0.0000E+00  0.0000E+00
     28.735  0.0000E+00  0.0000E+00  0.0000E+00  0.0000E+00  0.0000E+00  0.0000E+00  0.0000E+00  0.0000E+00  0.0000E+00
     28.886  0.0000E+00  0.0000E+00  0.0000E+00  0.0000E+00  0.0000E+00  0.0000E+00  0.0000E+00  0.0000E+00  0.0000E+00
     29.037  0.0000E+00  0.0000E+00  0.0000E+00  0.0000E+00  0.0000E+00  0.0000E+00  0.0000E+00  0.0000E+00  0.0000E+00
     29.188  0.0000E+00  0.0000E+00  0.0000E+00  0.0000E+00  0.0000E+00  0.0000E+00  0.0000E+00  0.0000E+00  0.0000E+00
     29.339  0.0000E+00  0.0000E+00  0.0000E+00  0.0000E+00  0.0000E+00  0.0000E+00  0.0000E+00  0.0000E+00  0.0000E+00
     29.490  0.0000E+00  0.0000E+00  0.0000E+00  0.0000E+00  0.0000E+00  0.0000E+00  0.0000E+00  0.0000E+00  0.0000E+00
     29.641  0.0000E+00  0.0000E+00  0.0000E+00  0.0000E+00  0.0000E+00  0.0000E+00  0.0000E+00  0.0000E+00  0.0000E+00
     29.792  0.0000E+00  0.0000E+00  0.0000E+00  0.0000E+00  0.0000E+00  0.0000E+00  0.0000E+00  0.0000E+00  0.0000E+00
     29.943  0.0000E+00  0.0000E+00  0.0000E+00  0.0000E+00  0.0000E+00  0.0000E+00  0.0000E+00  0.0000E+00  0.0000E+00
     30.094  0.0000E+00  0.0000E+00  0.0000E+00  0.0000E+00  0.0000E+00  0.0000E+00  0.0000E+00  0.0000E+00  0.0000E+00
     30.244  0.0000E+00  0.0000E+00  0.0000E+00  0.0000E+00  0.0000E+00  0.0000E+00  0.0000E+00  0.0000E+00  0.0000E+00
