   2   2   1   0
  0.6347039E+01  0.2618416E-09  0.2618416E-09  0.2618416E-09  0.5000000E-15
  1.000000000000000E-004
  CAR 
 C                                       
     26.27372291    -15.05477692  301     12.21070970      1.00000000
    -15.055  0.0000E+00  0.0000E+00
    -14.917  0.0000E+00  0.0000E+00
    -14.779  0.0000E+00  0.0000E+00
    -14.641  0.0000E+00  0.0000E+00
    -14.504  0.0000E+00  0.0000E+00
    -14.366  0.0000E+00  0.0000E+00
    -14.228  0.0000E+00  0.0000E+00
    -14.090  0.0000E+00  0.0000E+00
    -13.953  0.0000E+00  0.0000E+00
    -13.815  0.0000E+00  0.0000E+00
    -13.677  0.0000E+00  0.0000E+00
    -13.539  0.0000E+00  0.0000E+00
    -13.402  0.0000E+00  0.0000E+00
    -13.264  0.0000E+00  0.0000E+00
    -13.126  0.0000E+00  0.0000E+00
    -12.988  0.3191E-01  0.1161E-02
    -12.851  0.6677E-01  0.6912E-02
    -12.713  0.7814E-01  0.1532E-01
    -12.575  0.8216E-01  0.2570E-01
    -12.437  0.9320E-01  0.3774E-01
    -12.300  0.1030E+00  0.5127E-01
    -12.162  0.1126E+00  0.6616E-01
    -12.024  0.1216E+00  0.8228E-01
    -11.886  0.1295E+00  0.9958E-01
    -11.748  0.1378E+00  0.1180E+00
    -11.611  0.1449E+00  0.1374E+00
    -11.473  0.1525E+00  0.1579E+00
    -11.335  0.1592E+00  0.1794E+00
    -11.197  0.1664E+00  0.2018E+00
    -11.060  0.1727E+00  0.2252E+00
    -10.922  0.1794E+00  0.2494E+00
    -10.784  0.1857E+00  0.2746E+00
    -10.646  0.1921E+00  0.3006E+00
    -10.509  0.1985E+00  0.3275E+00
    -10.371  0.2045E+00  0.3553E+00
    -10.233  0.2108E+00  0.3839E+00
    -10.095  0.2169E+00  0.4133E+00
     -9.958  0.2231E+00  0.4437E+00
     -9.820  0.2295E+00  0.4748E+00
     -9.682  0.2356E+00  0.5069E+00
     -9.544  0.2420E+00  0.5398E+00
     -9.407  0.2486E+00  0.5735E+00
     -9.269  0.2551E+00  0.6082E+00
     -9.131  0.2619E+00  0.6438E+00
     -8.993  0.2691E+00  0.6804E+00
     -8.856  0.2764E+00  0.7180E+00
     -8.718  0.2843E+00  0.7566E+00
     -8.580  0.2928E+00  0.7963E+00
     -8.442  0.3020E+00  0.8373E+00
     -8.304  0.3124E+00  0.8796E+00
     -8.167  0.3245E+00  0.9235E+00
     -8.029  0.3394E+00  0.9691E+00
     -7.891  0.3601E+00  0.1017E+01
     -7.753  0.4089E+00  0.1069E+01
     -7.616  0.4308E+00  0.1127E+01
     -7.478  0.4004E+00  0.1183E+01
     -7.340  0.3928E+00  0.1237E+01
     -7.202  0.3780E+00  0.1290E+01
     -7.065  0.3698E+00  0.1342E+01
     -6.927  0.3561E+00  0.1392E+01
     -6.789  0.3454E+00  0.1440E+01
     -6.651  0.3355E+00  0.1487E+01
     -6.514  0.3227E+00  0.1532E+01
     -6.376  0.3125E+00  0.1576E+01
     -6.238  0.3010E+00  0.1618E+01
     -6.100  0.2895E+00  0.1659E+01
     -5.963  0.2776E+00  0.1698E+01
     -5.825  0.2666E+00  0.1736E+01
     -5.687  0.2538E+00  0.1771E+01
     -5.549  0.2422E+00  0.1805E+01
     -5.411  0.2287E+00  0.1838E+01
     -5.274  0.2163E+00  0.1869E+01
     -5.136  0.2027E+00  0.1897E+01
     -4.998  0.1917E+00  0.1924E+01
     -4.860  0.1876E+00  0.1951E+01
     -4.723  0.1410E+00  0.1974E+01
     -4.585  0.1330E+00  0.1992E+01
     -4.447  0.1598E+00  0.2010E+01
     -4.309  0.1813E+00  0.2033E+01
     -4.172  0.2115E+00  0.2059E+01
     -4.034  0.2609E+00  0.2091E+01
     -3.896  0.3263E+00  0.2131E+01
     -3.758  0.3913E+00  0.2180E+01
     -3.621  0.4601E+00  0.2238E+01
     -3.483  0.5512E+00  0.2307E+01
     -3.345  0.8356E+00  0.2397E+01
     -3.207  0.7217E+00  0.2509E+01
     -3.070  0.5542E+00  0.2593E+01
     -2.932  0.4846E+00  0.2664E+01
     -2.794  0.4458E+00  0.2728E+01
     -2.656  0.4090E+00  0.2787E+01
     -2.518  0.3862E+00  0.2842E+01
     -2.381  0.3633E+00  0.2894E+01
     -2.243  0.3433E+00  0.2942E+01
     -2.105  0.3275E+00  0.2988E+01
     -1.967  0.3086E+00  0.3032E+01
     -1.830  0.2973E+00  0.3074E+01
     -1.692  0.2837E+00  0.3114E+01
     -1.554  0.2702E+00  0.3152E+01
     -1.416  0.2608E+00  0.3188E+01
     -1.279  0.2477E+00  0.3224E+01
     -1.141  0.2386E+00  0.3257E+01
     -1.003  0.2304E+00  0.3289E+01
     -0.865  0.2190E+00  0.3320E+01
     -0.728  0.2114E+00  0.3350E+01
     -0.590  0.3162E+00  0.3385E+01
     -0.452  0.3727E+00  0.3431E+01
     -0.314  0.4168E+00  0.3484E+01
     -0.177  0.4772E+00  0.3546E+01
     -0.039  0.5986E+00  0.3619E+01
      0.099  0.5804E+00  0.3700E+01
      0.237  0.5640E+00  0.3778E+01
      0.375  0.5388E+00  0.3854E+01
      0.512  0.5301E+00  0.3928E+01
      0.650  0.5367E+00  0.4001E+01
      0.788  0.5391E+00  0.4075E+01
      0.926  0.5463E+00  0.4150E+01
      1.063  0.5722E+00  0.4226E+01
      1.201  0.5669E+00  0.4303E+01
      1.339  0.5842E+00  0.4383E+01
      1.477  0.5991E+00  0.4464E+01
      1.614  0.6140E+00  0.4548E+01
      1.752  0.6508E+00  0.4635E+01
      1.890  0.6704E+00  0.4726E+01
      2.028  0.7291E+00  0.4822E+01
      2.165  0.8382E+00  0.4927E+01
      2.303  0.8534E+00  0.5042E+01
      2.441  0.8203E+00  0.5155E+01
      2.579  0.8111E+00  0.5267E+01
      2.716  0.8015E+00  0.5378E+01
      2.854  0.7929E+00  0.5488E+01
      2.992  0.7869E+00  0.5597E+01
      3.130  0.7759E+00  0.5705E+01
      3.268  0.7668E+00  0.5811E+01
      3.405  0.7614E+00  0.5916E+01
      3.543  0.7535E+00  0.6021E+01
      3.681  0.7416E+00  0.6124E+01
      3.819  0.7374E+00  0.6225E+01
      3.956  0.7306E+00  0.6326E+01
      4.094  0.7213E+00  0.6426E+01
      4.232  0.7136E+00  0.6525E+01
      4.370  0.7062E+00  0.6623E+01
      4.507  0.7001E+00  0.6720E+01
      4.645  0.6913E+00  0.6816E+01
      4.783  0.6835E+00  0.6911E+01
      4.921  0.6773E+00  0.7004E+01
      5.058  0.6695E+00  0.7097E+01
      5.196  0.6631E+00  0.7189E+01
      5.334  0.6540E+00  0.7280E+01
      5.472  0.6105E+00  0.7369E+01
      5.609  0.4986E+00  0.7442E+01
      5.747  0.4421E+00  0.7507E+01
      5.885  0.3983E+00  0.7565E+01
      6.023  0.3615E+00  0.7617E+01
      6.161  0.3313E+00  0.7665E+01
      6.298  0.3028E+00  0.7708E+01
      6.436  0.2757E+00  0.7748E+01
      6.574  0.2515E+00  0.7784E+01
      6.712  0.2301E+00  0.7818E+01
      6.849  0.2085E+00  0.7848E+01
      6.987  0.1881E+00  0.7875E+01
      7.125  0.1695E+00  0.7900E+01
      7.263  0.1505E+00  0.7922E+01
      7.400  0.1330E+00  0.7941E+01
      7.538  0.1140E+00  0.7958E+01
      7.676  0.9549E-01  0.7973E+01
      7.814  0.7640E-01  0.7985E+01
      7.951  0.5626E-01  0.7994E+01
      8.089  0.2518E-01  0.7999E+01
      8.227  0.0000E+00  0.8000E+01
      8.365  0.0000E+00  0.8000E+01
      8.502  0.0000E+00  0.8000E+01
      8.640  0.0000E+00  0.8000E+01
      8.778  0.0000E+00  0.8000E+01
      8.916  0.0000E+00  0.8000E+01
      9.054  0.0000E+00  0.8000E+01
      9.191  0.0000E+00  0.8000E+01
      9.329  0.0000E+00  0.8000E+01
      9.467  0.0000E+00  0.8000E+01
      9.605  0.0000E+00  0.8000E+01
      9.742  0.0000E+00  0.8000E+01
      9.880  0.0000E+00  0.8000E+01
     10.018  0.0000E+00  0.8000E+01
     10.156  0.0000E+00  0.8000E+01
     10.293  0.0000E+00  0.8000E+01
     10.431  0.0000E+00  0.8000E+01
     10.569  0.0000E+00  0.8000E+01
     10.707  0.0000E+00  0.8000E+01
     10.844  0.0000E+00  0.8000E+01
     10.982  0.0000E+00  0.8000E+01
     11.120  0.0000E+00  0.8000E+01
     11.258  0.0000E+00  0.8000E+01
     11.395  0.0000E+00  0.8000E+01
     11.533  0.0000E+00  0.8000E+01
     11.671  0.0000E+00  0.8000E+01
     11.809  0.0000E+00  0.8000E+01
     11.947  0.0000E+00  0.8000E+01
     12.084  0.0000E+00  0.8000E+01
     12.222  0.2818E-02  0.8000E+01
     12.360  0.7351E-01  0.8006E+01
     12.498  0.1041E+00  0.8017E+01
     12.635  0.1329E+00  0.8034E+01
     12.773  0.1658E+00  0.8054E+01
     12.911  0.2077E+00  0.8080E+01
     13.049  0.2481E+00  0.8111E+01
     13.186  0.2825E+00  0.8147E+01
     13.324  0.3189E+00  0.8189E+01
     13.462  0.3519E+00  0.8235E+01
     13.600  0.3993E+00  0.8286E+01
     13.737  0.4511E+00  0.8344E+01
     13.875  0.4645E+00  0.8407E+01
     14.013  0.4854E+00  0.8473E+01
     14.151  0.5082E+00  0.8541E+01
     14.288  0.5308E+00  0.8613E+01
     14.426  0.5550E+00  0.8688E+01
     14.564  0.5777E+00  0.8766E+01
     14.702  0.6025E+00  0.8847E+01
     14.840  0.6293E+00  0.8932E+01
     14.977  0.6588E+00  0.9020E+01
     15.115  0.6908E+00  0.9113E+01
     15.253  0.7273E+00  0.9211E+01
     15.391  0.7693E+00  0.9314E+01
     15.528  0.8204E+00  0.9423E+01
     15.666  0.9136E+00  0.9542E+01
     15.804  0.1139E+01  0.9679E+01
     15.942  0.1165E+01  0.9835E+01
     16.079  0.1198E+01  0.9994E+01
     16.217  0.1292E+01  0.1016E+02
     16.355  0.1113E+01  0.1032E+02
     16.493  0.1358E+01  0.1048E+02
     16.630  0.1098E+01  0.1064E+02
     16.768  0.1001E+01  0.1078E+02
     16.906  0.9311E+00  0.1091E+02
     17.044  0.8945E+00  0.1103E+02
     17.181  0.8682E+00  0.1115E+02
     17.319  0.8621E+00  0.1127E+02
     17.457  0.8190E+00  0.1139E+02
     17.595  0.8103E+00  0.1150E+02
     17.732  0.8157E+00  0.1161E+02
     17.870  0.7942E+00  0.1172E+02
     18.008  0.8252E+00  0.1183E+02
     18.146  0.8690E+00  0.1195E+02
     18.284  0.8749E+00  0.1207E+02
     18.421  0.6915E+00  0.1218E+02
     18.559  0.6145E+00  0.1227E+02
     18.697  0.5913E+00  0.1235E+02
     18.835  0.6398E+00  0.1243E+02
     18.972  0.7311E+00  0.1253E+02
     19.110  0.7336E+00  0.1263E+02
     19.248  0.7311E+00  0.1273E+02
     19.386  0.7370E+00  0.1283E+02
     19.523  0.7829E+00  0.1294E+02
     19.661  0.7824E+00  0.1304E+02
     19.799  0.8646E+00  0.1316E+02
     19.937  0.8471E+00  0.1327E+02
     20.074  0.8291E+00  0.1339E+02
     20.212  0.8540E+00  0.1350E+02
     20.350  0.8443E+00  0.1362E+02
     20.488  0.8188E+00  0.1374E+02
     20.625  0.8293E+00  0.1385E+02
     20.763  0.8493E+00  0.1396E+02
     20.901  0.8723E+00  0.1408E+02
     21.039  0.8278E+00  0.1420E+02
     21.177  0.7069E+00  0.1430E+02
     21.314  0.6923E+00  0.1440E+02
     21.452  0.6801E+00  0.1449E+02
     21.590  0.7063E+00  0.1459E+02
     21.728  0.7829E+00  0.1469E+02
     21.865  0.9717E+00  0.1481E+02
     22.003  0.1058E+01  0.1495E+02
     22.141  0.8517E+00  0.1508E+02
     22.279  0.7584E+00  0.1519E+02
     22.416  0.7104E+00  0.1529E+02
     22.554  0.6513E+00  0.1538E+02
     22.692  0.6093E+00  0.1547E+02
     22.830  0.5676E+00  0.1555E+02
     22.967  0.5343E+00  0.1563E+02
     23.105  0.4936E+00  0.1570E+02
     23.243  0.4517E+00  0.1576E+02
     23.381  0.4166E+00  0.1582E+02
     23.518  0.3785E+00  0.1588E+02
     23.656  0.3130E+00  0.1592E+02
     23.794  0.1723E+00  0.1595E+02
     23.932  0.1274E+00  0.1597E+02
     24.070  0.9853E-01  0.1599E+02
     24.207  0.6103E-01  0.1600E+02
     24.345  0.4586E-02  0.1600E+02
     24.483  0.0000E+00  0.1600E+02
     24.621  0.0000E+00  0.1600E+02
     24.758  0.0000E+00  0.1600E+02
     24.896  0.0000E+00  0.1600E+02
     25.034  0.0000E+00  0.1600E+02
     25.172  0.0000E+00  0.1600E+02
     25.309  0.0000E+00  0.1600E+02
     25.447  0.0000E+00  0.1600E+02
     25.585  0.0000E+00  0.1600E+02
     25.723  0.0000E+00  0.1600E+02
     25.860  0.0000E+00  0.1600E+02
     25.998  0.0000E+00  0.1600E+02
     26.136  0.0000E+00  0.1600E+02
     26.274  0.0000E+00  0.1600E+02
     26.27372291    -15.05477692  301     12.21070970      1.00000000
    -15.055  0.0000E+00  0.0000E+00  0.0000E+00  0.0000E+00  0.0000E+00  0.0000E+00  0.0000E+00  0.0000E+00  0.0000E+00
    -14.917  0.0000E+00  0.0000E+00  0.0000E+00  0.0000E+00  0.0000E+00  0.0000E+00  0.0000E+00  0.0000E+00  0.0000E+00
    -14.779  0.0000E+00  0.0000E+00  0.0000E+00  0.0000E+00  0.0000E+00  0.0000E+00  0.0000E+00  0.0000E+00  0.0000E+00
    -14.641  0.0000E+00  0.0000E+00  0.0000E+00  0.0000E+00  0.0000E+00  0.0000E+00  0.0000E+00  0.0000E+00  0.0000E+00
    -14.504  0.0000E+00  0.0000E+00  0.0000E+00  0.0000E+00  0.0000E+00  0.0000E+00  0.0000E+00  0.0000E+00  0.0000E+00
    -14.366  0.0000E+00  0.0000E+00  0.0000E+00  0.0000E+00  0.0000E+00  0.0000E+00  0.0000E+00  0.0000E+00  0.0000E+00
    -14.228  0.0000E+00  0.0000E+00  0.0000E+00  0.0000E+00  0.0000E+00  0.0000E+00  0.0000E+00  0.0000E+00  0.0000E+00
    -14.090  0.0000E+00  0.0000E+00  0.0000E+00  0.0000E+00  0.0000E+00  0.0000E+00  0.0000E+00  0.0000E+00  0.0000E+00
    -13.953  0.0000E+00  0.0000E+00  0.0000E+00  0.0000E+00  0.0000E+00  0.0000E+00  0.0000E+00  0.0000E+00  0.0000E+00
    -13.815  0.0000E+00  0.0000E+00  0.0000E+00  0.0000E+00  0.0000E+00  0.0000E+00  0.0000E+00  0.0000E+00  0.0000E+00
    -13.677  0.0000E+00  0.0000E+00  0.0000E+00  0.0000E+00  0.0000E+00  0.0000E+00  0.0000E+00  0.0000E+00  0.0000E+00
    -13.539  0.0000E+00  0.0000E+00  0.0000E+00  0.0000E+00  0.0000E+00  0.0000E+00  0.0000E+00  0.0000E+00  0.0000E+00
    -13.402  0.0000E+00  0.0000E+00  0.0000E+00  0.0000E+00  0.0000E+00  0.0000E+00  0.0000E+00  0.0000E+00  0.0000E+00
    -13.264  0.0000E+00  0.0000E+00  0.0000E+00  0.0000E+00  0.0000E+00  0.0000E+00  0.0000E+00  0.0000E+00  0.0000E+00
    -13.126  0.0000E+00  0.0000E+00  0.0000E+00  0.0000E+00  0.0000E+00  0.0000E+00  0.0000E+00  0.0000E+00  0.0000E+00
    -12.988  0.8497E-02  0.7959E-05  0.7959E-05  0.7959E-05  0.0000E+00  0.0000E+00  0.0000E+00  0.0000E+00  0.0000E+00
    -12.851  0.1772E-01  0.4831E-04  0.4831E-04  0.4831E-04  0.0000E+00  0.0000E+00  0.0000E+00  0.0000E+00  0.0000E+00
    -12.713  0.2065E-01  0.1006E-03  0.1006E-03  0.1006E-03  0.0000E+00  0.0000E+00  0.0000E+00  0.0000E+00  0.0000E+00
    -12.575  0.2163E-01  0.1510E-03  0.1510E-03  0.1510E-03  0.0000E+00  0.0000E+00  0.0000E+00  0.0000E+00  0.0000E+00
    -12.437  0.2444E-01  0.2211E-03  0.2211E-03  0.2211E-03  0.0000E+00  0.0000E+00  0.0000E+00  0.0000E+00  0.0000E+00
    -12.300  0.2692E-01  0.3001E-03  0.3001E-03  0.3001E-03  0.0000E+00  0.0000E+00  0.0000E+00  0.0000E+00  0.0000E+00
    -12.162  0.2931E-01  0.3854E-03  0.3854E-03  0.3854E-03  0.0000E+00  0.0000E+00  0.0000E+00  0.0000E+00  0.0000E+00
    -12.024  0.3154E-01  0.4766E-03  0.4766E-03  0.4766E-03  0.0000E+00  0.0000E+00  0.0000E+00  0.0000E+00  0.0000E+00
    -11.886  0.3347E-01  0.5768E-03  0.5768E-03  0.5768E-03  0.0000E+00  0.0000E+00  0.0000E+00  0.0000E+00  0.0000E+00
    -11.748  0.3549E-01  0.6792E-03  0.6792E-03  0.6792E-03  0.0000E+00  0.0000E+00  0.0000E+00  0.0000E+00  0.0000E+00
    -11.611  0.3719E-01  0.7916E-03  0.7916E-03  0.7916E-03  0.0000E+00  0.0000E+00  0.0000E+00  0.0000E+00  0.0000E+00
    -11.473  0.3902E-01  0.9052E-03  0.9052E-03  0.9052E-03  0.0000E+00  0.0000E+00  0.0000E+00  0.0000E+00  0.0000E+00
    -11.335  0.4060E-01  0.1028E-02  0.1028E-02  0.1028E-02  0.0000E+00  0.0000E+00  0.0000E+00  0.0000E+00  0.0000E+00
    -11.197  0.4231E-01  0.1151E-02  0.1151E-02  0.1151E-02  0.0000E+00  0.0000E+00  0.0000E+00  0.0000E+00  0.0000E+00
    -11.060  0.4377E-01  0.1284E-02  0.1284E-02  0.1284E-02  0.0000E+00  0.0000E+00  0.0000E+00  0.0000E+00  0.0000E+00
    -10.922  0.4533E-01  0.1418E-02  0.1418E-02  0.1418E-02  0.0000E+00  0.0000E+00  0.0000E+00  0.0000E+00  0.0000E+00
    -10.784  0.4678E-01  0.1559E-02  0.1559E-02  0.1559E-02  0.0000E+00  0.0000E+00  0.0000E+00  0.0000E+00  0.0000E+00
    -10.646  0.4824E-01  0.1702E-02  0.1702E-02  0.1702E-02  0.0000E+00  0.0000E+00  0.0000E+00  0.0000E+00  0.0000E+00
    -10.509  0.4971E-01  0.1849E-02  0.1849E-02  0.1849E-02  0.0000E+00  0.0000E+00  0.0000E+00  0.0000E+00  0.0000E+00
    -10.371  0.5108E-01  0.2004E-02  0.2004E-02  0.2004E-02  0.0000E+00  0.0000E+00  0.0000E+00  0.0000E+00  0.0000E+00
    -10.233  0.5254E-01  0.2158E-02  0.2158E-02  0.2158E-02  0.0000E+00  0.0000E+00  0.0000E+00  0.0000E+00  0.0000E+00
    -10.095  0.5393E-01  0.2320E-02  0.2320E-02  0.2320E-02  0.0000E+00  0.0000E+00  0.0000E+00  0.0000E+00  0.0000E+00
     -9.958  0.5532E-01  0.2486E-02  0.2486E-02  0.2486E-02  0.0000E+00  0.0000E+00  0.0000E+00  0.0000E+00  0.0000E+00
     -9.820  0.5680E-01  0.2652E-02  0.2652E-02  0.2652E-02  0.0000E+00  0.0000E+00  0.0000E+00  0.0000E+00  0.0000E+00
     -9.682  0.5819E-01  0.2828E-02  0.2828E-02  0.2828E-02  0.0000E+00  0.0000E+00  0.0000E+00  0.0000E+00  0.0000E+00
     -9.544  0.5966E-01  0.3005E-02  0.3005E-02  0.3005E-02  0.0000E+00  0.0000E+00  0.0000E+00  0.0000E+00  0.0000E+00
     -9.407  0.6120E-01  0.3183E-02  0.3183E-02  0.3183E-02  0.0000E+00  0.0000E+00  0.0000E+00  0.0000E+00  0.0000E+00
     -9.269  0.6271E-01  0.3373E-02  0.3373E-02  0.3373E-02  0.0000E+00  0.0000E+00  0.0000E+00  0.0000E+00  0.0000E+00
     -9.131  0.6432E-01  0.3563E-02  0.3563E-02  0.3563E-02  0.0000E+00  0.0000E+00  0.0000E+00  0.0000E+00  0.0000E+00
     -8.993  0.6604E-01  0.3755E-02  0.3755E-02  0.3755E-02  0.0000E+00  0.0000E+00  0.0000E+00  0.0000E+00  0.0000E+00
     -8.856  0.6781E-01  0.3961E-02  0.3961E-02  0.3961E-02  0.0000E+00  0.0000E+00  0.0000E+00  0.0000E+00  0.0000E+00
     -8.718  0.6973E-01  0.4168E-02  0.4168E-02  0.4168E-02  0.0000E+00  0.0000E+00  0.0000E+00  0.0000E+00  0.0000E+00
     -8.580  0.7185E-01  0.4379E-02  0.4379E-02  0.4379E-02  0.0000E+00  0.0000E+00  0.0000E+00  0.0000E+00  0.0000E+00
     -8.442  0.7418E-01  0.4607E-02  0.4607E-02  0.4607E-02  0.0000E+00  0.0000E+00  0.0000E+00  0.0000E+00  0.0000E+00
     -8.304  0.7686E-01  0.4844E-02  0.4844E-02  0.4844E-02  0.0000E+00  0.0000E+00  0.0000E+00  0.0000E+00  0.0000E+00
     -8.167  0.8004E-01  0.5094E-02  0.5094E-02  0.5094E-02  0.0000E+00  0.0000E+00  0.0000E+00  0.0000E+00  0.0000E+00
     -8.029  0.8403E-01  0.5376E-02  0.5376E-02  0.5376E-02  0.0000E+00  0.0000E+00  0.0000E+00  0.0000E+00  0.0000E+00
     -7.891  0.8971E-01  0.5717E-02  0.5717E-02  0.5717E-02  0.0000E+00  0.0000E+00  0.0000E+00  0.0000E+00  0.0000E+00
     -7.753  0.1033E+00  0.6318E-02  0.6318E-02  0.6318E-02  0.0000E+00  0.0000E+00  0.0000E+00  0.0000E+00  0.0000E+00
     -7.616  0.1094E+00  0.6687E-02  0.6687E-02  0.6687E-02  0.0000E+00  0.0000E+00  0.0000E+00  0.0000E+00  0.0000E+00
     -7.478  0.1009E+00  0.6539E-02  0.6539E-02  0.6539E-02  0.0000E+00  0.0000E+00  0.0000E+00  0.0000E+00  0.0000E+00
     -7.340  0.9875E-01  0.6608E-02  0.6608E-02  0.6608E-02  0.0000E+00  0.0000E+00  0.0000E+00  0.0000E+00  0.0000E+00
     -7.202  0.9464E-01  0.6571E-02  0.6571E-02  0.6571E-02  0.0000E+00  0.0000E+00  0.0000E+00  0.0000E+00  0.0000E+00
     -7.065  0.9236E-01  0.6629E-02  0.6629E-02  0.6629E-02  0.0000E+00  0.0000E+00  0.0000E+00  0.0000E+00  0.0000E+00
     -6.927  0.8863E-01  0.6586E-02  0.6586E-02  0.6586E-02  0.0000E+00  0.0000E+00  0.0000E+00  0.0000E+00  0.0000E+00
     -6.789  0.8568E-01  0.6566E-02  0.6566E-02  0.6566E-02  0.0000E+00  0.0000E+00  0.0000E+00  0.0000E+00  0.0000E+00
     -6.651  0.8300E-01  0.6564E-02  0.6564E-02  0.6564E-02  0.0000E+00  0.0000E+00  0.0000E+00  0.0000E+00  0.0000E+00
     -6.514  0.7956E-01  0.6497E-02  0.6497E-02  0.6497E-02  0.0000E+00  0.0000E+00  0.0000E+00  0.0000E+00  0.0000E+00
     -6.376  0.7680E-01  0.6452E-02  0.6452E-02  0.6452E-02  0.0000E+00  0.0000E+00  0.0000E+00  0.0000E+00  0.0000E+00
     -6.238  0.7374E-01  0.6389E-02  0.6389E-02  0.6389E-02  0.0000E+00  0.0000E+00  0.0000E+00  0.0000E+00  0.0000E+00
     -6.100  0.7070E-01  0.6302E-02  0.6302E-02  0.6302E-02  0.0000E+00  0.0000E+00  0.0000E+00  0.0000E+00  0.0000E+00
     -5.963  0.6754E-01  0.6199E-02  0.6199E-02  0.6199E-02  0.0000E+00  0.0000E+00  0.0000E+00  0.0000E+00  0.0000E+00
     -5.825  0.6468E-01  0.6103E-02  0.6103E-02  0.6103E-02  0.0000E+00  0.0000E+00  0.0000E+00  0.0000E+00  0.0000E+00
     -5.687  0.6133E-01  0.5958E-02  0.5958E-02  0.5958E-02  0.0000E+00  0.0000E+00  0.0000E+00  0.0000E+00  0.0000E+00
     -5.549  0.5831E-01  0.5822E-02  0.5822E-02  0.5822E-02  0.0000E+00  0.0000E+00  0.0000E+00  0.0000E+00  0.0000E+00
     -5.411  0.5483E-01  0.5641E-02  0.5641E-02  0.5641E-02  0.0000E+00  0.0000E+00  0.0000E+00  0.0000E+00  0.0000E+00
     -5.274  0.5163E-01  0.5459E-02  0.5459E-02  0.5459E-02  0.0000E+00  0.0000E+00  0.0000E+00  0.0000E+00  0.0000E+00
     -5.136  0.4812E-01  0.5251E-02  0.5251E-02  0.5251E-02  0.0000E+00  0.0000E+00  0.0000E+00  0.0000E+00  0.0000E+00
     -4.998  0.4521E-01  0.5101E-02  0.5101E-02  0.5101E-02  0.0000E+00  0.0000E+00  0.0000E+00  0.0000E+00  0.0000E+00
     -4.860  0.4374E-01  0.5163E-02  0.5163E-02  0.5163E-02  0.0000E+00  0.0000E+00  0.0000E+00  0.0000E+00  0.0000E+00
     -4.723  0.3267E-01  0.3971E-02  0.3971E-02  0.3971E-02  0.0000E+00  0.0000E+00  0.0000E+00  0.0000E+00  0.0000E+00
     -4.585  0.2293E-01  0.5364E-02  0.5364E-02  0.5364E-02  0.0000E+00  0.0000E+00  0.0000E+00  0.0000E+00  0.0000E+00
     -4.447  0.2185E-01  0.7622E-02  0.7622E-02  0.7622E-02  0.0000E+00  0.0000E+00  0.0000E+00  0.0000E+00  0.0000E+00
     -4.309  0.2416E-01  0.8830E-02  0.8830E-02  0.8830E-02  0.0000E+00  0.0000E+00  0.0000E+00  0.0000E+00  0.0000E+00
     -4.172  0.2774E-01  0.1046E-01  0.1046E-01  0.1046E-01  0.0000E+00  0.0000E+00  0.0000E+00  0.0000E+00  0.0000E+00
     -4.034  0.3579E-01  0.1270E-01  0.1270E-01  0.1270E-01  0.0000E+00  0.0000E+00  0.0000E+00  0.0000E+00  0.0000E+00
     -3.896  0.4684E-01  0.1560E-01  0.1560E-01  0.1560E-01  0.0000E+00  0.0000E+00  0.0000E+00  0.0000E+00  0.0000E+00
     -3.758  0.5869E-01  0.1839E-01  0.1839E-01  0.1839E-01  0.0000E+00  0.0000E+00  0.0000E+00  0.0000E+00  0.0000E+00
     -3.621  0.6987E-01  0.2164E-01  0.2164E-01  0.2164E-01  0.0000E+00  0.0000E+00  0.0000E+00  0.0000E+00  0.0000E+00
     -3.483  0.8566E-01  0.2578E-01  0.2578E-01  0.2578E-01  0.0000E+00  0.0000E+00  0.0000E+00  0.0000E+00  0.0000E+00
     -3.345  0.1333E+00  0.3880E-01  0.3880E-01  0.3880E-01  0.0000E+00  0.0000E+00  0.0000E+00  0.0000E+00  0.0000E+00
     -3.207  0.1164E+00  0.3355E-01  0.3355E-01  0.3355E-01  0.0000E+00  0.0000E+00  0.0000E+00  0.0000E+00  0.0000E+00
     -3.070  0.8846E-01  0.2614E-01  0.2614E-01  0.2614E-01  0.0000E+00  0.0000E+00  0.0000E+00  0.0000E+00  0.0000E+00
     -2.932  0.7674E-01  0.2317E-01  0.2317E-01  0.2317E-01  0.0000E+00  0.0000E+00  0.0000E+00  0.0000E+00  0.0000E+00
     -2.794  0.7032E-01  0.2153E-01  0.2153E-01  0.2153E-01  0.0000E+00  0.0000E+00  0.0000E+00  0.0000E+00  0.0000E+00
     -2.656  0.6398E-01  0.2003E-01  0.2003E-01  0.2003E-01  0.0000E+00  0.0000E+00  0.0000E+00  0.0000E+00  0.0000E+00
     -2.518  0.6010E-01  0.1912E-01  0.1912E-01  0.1912E-01  0.0000E+00  0.0000E+00  0.0000E+00  0.0000E+00  0.0000E+00
     -2.381  0.5608E-01  0.1822E-01  0.1822E-01  0.1822E-01  0.0000E+00  0.0000E+00  0.0000E+00  0.0000E+00  0.0000E+00
     -2.243  0.5255E-01  0.1743E-01  0.1743E-01  0.1743E-01  0.0000E+00  0.0000E+00  0.0000E+00  0.0000E+00  0.0000E+00
     -2.105  0.4973E-01  0.1684E-01  0.1684E-01  0.1684E-01  0.0000E+00  0.0000E+00  0.0000E+00  0.0000E+00  0.0000E+00
     -1.967  0.4635E-01  0.1609E-01  0.1609E-01  0.1609E-01  0.0000E+00  0.0000E+00  0.0000E+00  0.0000E+00  0.0000E+00
     -1.830  0.4430E-01  0.1568E-01  0.1568E-01  0.1568E-01  0.0000E+00  0.0000E+00  0.0000E+00  0.0000E+00  0.0000E+00
     -1.692  0.4183E-01  0.1517E-01  0.1517E-01  0.1517E-01  0.0000E+00  0.0000E+00  0.0000E+00  0.0000E+00  0.0000E+00
     -1.554  0.3941E-01  0.1464E-01  0.1464E-01  0.1464E-01  0.0000E+00  0.0000E+00  0.0000E+00  0.0000E+00  0.0000E+00
     -1.416  0.3768E-01  0.1430E-01  0.1430E-01  0.1430E-01  0.0000E+00  0.0000E+00  0.0000E+00  0.0000E+00  0.0000E+00
     -1.279  0.3533E-01  0.1377E-01  0.1377E-01  0.1377E-01  0.0000E+00  0.0000E+00  0.0000E+00  0.0000E+00  0.0000E+00
     -1.141  0.3367E-01  0.1343E-01  0.1343E-01  0.1343E-01  0.0000E+00  0.0000E+00  0.0000E+00  0.0000E+00  0.0000E+00
     -1.003  0.3216E-01  0.1313E-01  0.1313E-01  0.1313E-01  0.0000E+00  0.0000E+00  0.0000E+00  0.0000E+00  0.0000E+00
     -0.865  0.3013E-01  0.1265E-01  0.1265E-01  0.1265E-01  0.0000E+00  0.0000E+00  0.0000E+00  0.0000E+00  0.0000E+00
     -0.728  0.2876E-01  0.1237E-01  0.1237E-01  0.1237E-01  0.0000E+00  0.0000E+00  0.0000E+00  0.0000E+00  0.0000E+00
     -0.590  0.2857E-01  0.2129E-01  0.2129E-01  0.2129E-01  0.0000E+00  0.0000E+00  0.0000E+00  0.0000E+00  0.0000E+00
     -0.452  0.2798E-01  0.2632E-01  0.2632E-01  0.2632E-01  0.0000E+00  0.0000E+00  0.0000E+00  0.0000E+00  0.0000E+00
     -0.314  0.2787E-01  0.3029E-01  0.3029E-01  0.3029E-01  0.0000E+00  0.0000E+00  0.0000E+00  0.0000E+00  0.0000E+00
     -0.177  0.2840E-01  0.3557E-01  0.3557E-01  0.3557E-01  0.0000E+00  0.0000E+00  0.0000E+00  0.0000E+00  0.0000E+00
     -0.039  0.2972E-01  0.4605E-01  0.4605E-01  0.4605E-01  0.0000E+00  0.0000E+00  0.0000E+00  0.0000E+00  0.0000E+00
      0.099  0.2945E-01  0.4484E-01  0.4484E-01  0.4484E-01  0.0000E+00  0.0000E+00  0.0000E+00  0.0000E+00  0.0000E+00
      0.237  0.2955E-01  0.4371E-01  0.4371E-01  0.4371E-01  0.0000E+00  0.0000E+00  0.0000E+00  0.0000E+00  0.0000E+00
      0.375  0.2924E-01  0.4184E-01  0.4184E-01  0.4184E-01  0.0000E+00  0.0000E+00  0.0000E+00  0.0000E+00  0.0000E+00
      0.512  0.2863E-01  0.4149E-01  0.4149E-01  0.4149E-01  0.0000E+00  0.0000E+00  0.0000E+00  0.0000E+00  0.0000E+00
      0.650  0.2847E-01  0.4240E-01  0.4240E-01  0.4240E-01  0.0000E+00  0.0000E+00  0.0000E+00  0.0000E+00  0.0000E+00
      0.788  0.2810E-01  0.4300E-01  0.4300E-01  0.4300E-01  0.0000E+00  0.0000E+00  0.0000E+00  0.0000E+00  0.0000E+00
      0.926  0.2756E-01  0.4405E-01  0.4405E-01  0.4405E-01  0.0000E+00  0.0000E+00  0.0000E+00  0.0000E+00  0.0000E+00
      1.063  0.2706E-01  0.4689E-01  0.4689E-01  0.4689E-01  0.0000E+00  0.0000E+00  0.0000E+00  0.0000E+00  0.0000E+00
      1.201  0.2653E-01  0.4680E-01  0.4680E-01  0.4680E-01  0.0000E+00  0.0000E+00  0.0000E+00  0.0000E+00  0.0000E+00
      1.339  0.2604E-01  0.4887E-01  0.4887E-01  0.4887E-01  0.0000E+00  0.0000E+00  0.0000E+00  0.0000E+00  0.0000E+00
      1.477  0.2522E-01  0.5082E-01  0.5082E-01  0.5082E-01  0.0000E+00  0.0000E+00  0.0000E+00  0.0000E+00  0.0000E+00
      1.614  0.2467E-01  0.5271E-01  0.5271E-01  0.5271E-01  0.0000E+00  0.0000E+00  0.0000E+00  0.0000E+00  0.0000E+00
      1.752  0.2420E-01  0.5680E-01  0.5680E-01  0.5680E-01  0.0000E+00  0.0000E+00  0.0000E+00  0.0000E+00  0.0000E+00
      1.890  0.2352E-01  0.5926E-01  0.5926E-01  0.5926E-01  0.0000E+00  0.0000E+00  0.0000E+00  0.0000E+00  0.0000E+00
      2.028  0.2264E-01  0.6580E-01  0.6580E-01  0.6580E-01  0.0000E+00  0.0000E+00  0.0000E+00  0.0000E+00  0.0000E+00
      2.165  0.2201E-01  0.7756E-01  0.7756E-01  0.7756E-01  0.0000E+00  0.0000E+00  0.0000E+00  0.0000E+00  0.0000E+00
      2.303  0.2134E-01  0.7968E-01  0.7968E-01  0.7968E-01  0.0000E+00  0.0000E+00  0.0000E+00  0.0000E+00  0.0000E+00
      2.441  0.2052E-01  0.7688E-01  0.7688E-01  0.7688E-01  0.0000E+00  0.0000E+00  0.0000E+00  0.0000E+00  0.0000E+00
      2.579  0.1960E-01  0.7655E-01  0.7655E-01  0.7655E-01  0.0000E+00  0.0000E+00  0.0000E+00  0.0000E+00  0.0000E+00
      2.716  0.1893E-01  0.7611E-01  0.7611E-01  0.7611E-01  0.0000E+00  0.0000E+00  0.0000E+00  0.0000E+00  0.0000E+00
      2.854  0.1824E-01  0.7578E-01  0.7578E-01  0.7578E-01  0.0000E+00  0.0000E+00  0.0000E+00  0.0000E+00  0.0000E+00
      2.992  0.1751E-01  0.7573E-01  0.7573E-01  0.7573E-01  0.0000E+00  0.0000E+00  0.0000E+00  0.0000E+00  0.0000E+00
      3.130  0.1659E-01  0.7521E-01  0.7521E-01  0.7521E-01  0.0000E+00  0.0000E+00  0.0000E+00  0.0000E+00  0.0000E+00
      3.268  0.1595E-01  0.7482E-01  0.7482E-01  0.7482E-01  0.0000E+00  0.0000E+00  0.0000E+00  0.0000E+00  0.0000E+00
      3.405  0.1537E-01  0.7476E-01  0.7476E-01  0.7476E-01  0.0000E+00  0.0000E+00  0.0000E+00  0.0000E+00  0.0000E+00
      3.543  0.1461E-01  0.7453E-01  0.7453E-01  0.7453E-01  0.0000E+00  0.0000E+00  0.0000E+00  0.0000E+00  0.0000E+00
      3.681  0.1369E-01  0.7391E-01  0.7391E-01  0.7391E-01  0.0000E+00  0.0000E+00  0.0000E+00  0.0000E+00  0.0000E+00
      3.819  0.1312E-01  0.7400E-01  0.7400E-01  0.7400E-01  0.0000E+00  0.0000E+00  0.0000E+00  0.0000E+00  0.0000E+00
      3.956  0.1252E-01  0.7382E-01  0.7382E-01  0.7382E-01  0.0000E+00  0.0000E+00  0.0000E+00  0.0000E+00  0.0000E+00
      4.094  0.1181E-01  0.7340E-01  0.7340E-01  0.7340E-01  0.0000E+00  0.0000E+00  0.0000E+00  0.0000E+00  0.0000E+00
      4.232  0.1099E-01  0.7320E-01  0.7320E-01  0.7320E-01  0.0000E+00  0.0000E+00  0.0000E+00  0.0000E+00  0.0000E+00
      4.370  0.1041E-01  0.7292E-01  0.7292E-01  0.7292E-01  0.0000E+00  0.0000E+00  0.0000E+00  0.0000E+00  0.0000E+00
      4.507  0.9757E-02  0.7283E-01  0.7283E-01  0.7283E-01  0.0000E+00  0.0000E+00  0.0000E+00  0.0000E+00  0.0000E+00
      4.645  0.9092E-02  0.7246E-01  0.7246E-01  0.7246E-01  0.0000E+00  0.0000E+00  0.0000E+00  0.0000E+00  0.0000E+00
      4.783  0.8362E-02  0.7220E-01  0.7220E-01  0.7220E-01  0.0000E+00  0.0000E+00  0.0000E+00  0.0000E+00  0.0000E+00
      4.921  0.7799E-02  0.7207E-01  0.7207E-01  0.7207E-01  0.0000E+00  0.0000E+00  0.0000E+00  0.0000E+00  0.0000E+00
      5.058  0.7270E-02  0.7173E-01  0.7173E-01  0.7173E-01  0.0000E+00  0.0000E+00  0.0000E+00  0.0000E+00  0.0000E+00
      5.196  0.6661E-02  0.7160E-01  0.7160E-01  0.7160E-01  0.0000E+00  0.0000E+00  0.0000E+00  0.0000E+00  0.0000E+00
      5.334  0.5971E-02  0.7117E-01  0.7117E-01  0.7117E-01  0.0000E+00  0.0000E+00  0.0000E+00  0.0000E+00  0.0000E+00
      5.472  0.5371E-02  0.6679E-01  0.6679E-01  0.6679E-01  0.0000E+00  0.0000E+00  0.0000E+00  0.0000E+00  0.0000E+00
      5.609  0.4896E-02  0.5446E-01  0.5446E-01  0.5446E-01  0.0000E+00  0.0000E+00  0.0000E+00  0.0000E+00  0.0000E+00
      5.747  0.4451E-02  0.4839E-01  0.4839E-01  0.4839E-01  0.0000E+00  0.0000E+00  0.0000E+00  0.0000E+00  0.0000E+00
      5.885  0.3970E-02  0.4376E-01  0.4376E-01  0.4376E-01  0.0000E+00  0.0000E+00  0.0000E+00  0.0000E+00  0.0000E+00
      6.023  0.3553E-02  0.3986E-01  0.3986E-01  0.3986E-01  0.0000E+00  0.0000E+00  0.0000E+00  0.0000E+00  0.0000E+00
      6.161  0.3205E-02  0.3666E-01  0.3666E-01  0.3666E-01  0.0000E+00  0.0000E+00  0.0000E+00  0.0000E+00  0.0000E+00
      6.298  0.2855E-02  0.3364E-01  0.3364E-01  0.3364E-01  0.0000E+00  0.0000E+00  0.0000E+00  0.0000E+00  0.0000E+00
      6.436  0.2491E-02  0.3077E-01  0.3077E-01  0.3077E-01  0.0000E+00  0.0000E+00  0.0000E+00  0.0000E+00  0.0000E+00
      6.574  0.2172E-02  0.2820E-01  0.2820E-01  0.2820E-01  0.0000E+00  0.0000E+00  0.0000E+00  0.0000E+00  0.0000E+00
      6.712  0.1893E-02  0.2592E-01  0.2592E-01  0.2592E-01  0.0000E+00  0.0000E+00  0.0000E+00  0.0000E+00  0.0000E+00
      6.849  0.1629E-02  0.2359E-01  0.2359E-01  0.2359E-01  0.0000E+00  0.0000E+00  0.0000E+00  0.0000E+00  0.0000E+00
      6.987  0.1331E-02  0.2141E-01  0.2141E-01  0.2141E-01  0.0000E+00  0.0000E+00  0.0000E+00  0.0000E+00  0.0000E+00
      7.125  0.1121E-02  0.1938E-01  0.1938E-01  0.1938E-01  0.0000E+00  0.0000E+00  0.0000E+00  0.0000E+00  0.0000E+00
      7.263  0.9081E-03  0.1728E-01  0.1728E-01  0.1728E-01  0.0000E+00  0.0000E+00  0.0000E+00  0.0000E+00  0.0000E+00
      7.400  0.6824E-03  0.1537E-01  0.1537E-01  0.1537E-01  0.0000E+00  0.0000E+00  0.0000E+00  0.0000E+00  0.0000E+00
      7.538  0.5155E-03  0.1323E-01  0.1323E-01  0.1323E-01  0.0000E+00  0.0000E+00  0.0000E+00  0.0000E+00  0.0000E+00
      7.676  0.3569E-03  0.1114E-01  0.1114E-01  0.1114E-01  0.0000E+00  0.0000E+00  0.0000E+00  0.0000E+00  0.0000E+00
      7.814  0.2039E-03  0.8974E-02  0.8974E-02  0.8974E-02  0.0000E+00  0.0000E+00  0.0000E+00  0.0000E+00  0.0000E+00
      7.951  0.9817E-04  0.6645E-02  0.6645E-02  0.6645E-02  0.0000E+00  0.0000E+00  0.0000E+00  0.0000E+00  0.0000E+00
      8.089  0.2278E-04  0.2989E-02  0.2989E-02  0.2989E-02  0.0000E+00  0.0000E+00  0.0000E+00  0.0000E+00  0.0000E+00
      8.227  0.0000E+00  0.0000E+00  0.0000E+00  0.0000E+00  0.0000E+00  0.0000E+00  0.0000E+00  0.0000E+00  0.0000E+00
      8.365  0.0000E+00  0.0000E+00  0.0000E+00  0.0000E+00  0.0000E+00  0.0000E+00  0.0000E+00  0.0000E+00  0.0000E+00
      8.502  0.0000E+00  0.0000E+00  0.0000E+00  0.0000E+00  0.0000E+00  0.0000E+00  0.0000E+00  0.0000E+00  0.0000E+00
      8.640  0.0000E+00  0.0000E+00  0.0000E+00  0.0000E+00  0.0000E+00  0.0000E+00  0.0000E+00  0.0000E+00  0.0000E+00
      8.778  0.0000E+00  0.0000E+00  0.0000E+00  0.0000E+00  0.0000E+00  0.0000E+00  0.0000E+00  0.0000E+00  0.0000E+00
      8.916  0.0000E+00  0.0000E+00  0.0000E+00  0.0000E+00  0.0000E+00  0.0000E+00  0.0000E+00  0.0000E+00  0.0000E+00
      9.054  0.0000E+00  0.0000E+00  0.0000E+00  0.0000E+00  0.0000E+00  0.0000E+00  0.0000E+00  0.0000E+00  0.0000E+00
      9.191  0.0000E+00  0.0000E+00  0.0000E+00  0.0000E+00  0.0000E+00  0.0000E+00  0.0000E+00  0.0000E+00  0.0000E+00
      9.329  0.0000E+00  0.0000E+00  0.0000E+00  0.0000E+00  0.0000E+00  0.0000E+00  0.0000E+00  0.0000E+00  0.0000E+00
      9.467  0.0000E+00  0.0000E+00  0.0000E+00  0.0000E+00  0.0000E+00  0.0000E+00  0.0000E+00  0.0000E+00  0.0000E+00
      9.605  0.0000E+00  0.0000E+00  0.0000E+00  0.0000E+00  0.0000E+00  0.0000E+00  0.0000E+00  0.0000E+00  0.0000E+00
      9.742  0.0000E+00  0.0000E+00  0.0000E+00  0.0000E+00  0.0000E+00  0.0000E+00  0.0000E+00  0.0000E+00  0.0000E+00
      9.880  0.0000E+00  0.0000E+00  0.0000E+00  0.0000E+00  0.0000E+00  0.0000E+00  0.0000E+00  0.0000E+00  0.0000E+00
     10.018  0.0000E+00  0.0000E+00  0.0000E+00  0.0000E+00  0.0000E+00  0.0000E+00  0.0000E+00  0.0000E+00  0.0000E+00
     10.156  0.0000E+00  0.0000E+00  0.0000E+00  0.0000E+00  0.0000E+00  0.0000E+00  0.0000E+00  0.0000E+00  0.0000E+00
     10.293  0.0000E+00  0.0000E+00  0.0000E+00  0.0000E+00  0.0000E+00  0.0000E+00  0.0000E+00  0.0000E+00  0.0000E+00
     10.431  0.0000E+00  0.0000E+00  0.0000E+00  0.0000E+00  0.0000E+00  0.0000E+00  0.0000E+00  0.0000E+00  0.0000E+00
     10.569  0.0000E+00  0.0000E+00  0.0000E+00  0.0000E+00  0.0000E+00  0.0000E+00  0.0000E+00  0.0000E+00  0.0000E+00
     10.707  0.0000E+00  0.0000E+00  0.0000E+00  0.0000E+00  0.0000E+00  0.0000E+00  0.0000E+00  0.0000E+00  0.0000E+00
     10.844  0.0000E+00  0.0000E+00  0.0000E+00  0.0000E+00  0.0000E+00  0.0000E+00  0.0000E+00  0.0000E+00  0.0000E+00
     10.982  0.0000E+00  0.0000E+00  0.0000E+00  0.0000E+00  0.0000E+00  0.0000E+00  0.0000E+00  0.0000E+00  0.0000E+00
     11.120  0.0000E+00  0.0000E+00  0.0000E+00  0.0000E+00  0.0000E+00  0.0000E+00  0.0000E+00  0.0000E+00  0.0000E+00
     11.258  0.0000E+00  0.0000E+00  0.0000E+00  0.0000E+00  0.0000E+00  0.0000E+00  0.0000E+00  0.0000E+00  0.0000E+00
     11.395  0.0000E+00  0.0000E+00  0.0000E+00  0.0000E+00  0.0000E+00  0.0000E+00  0.0000E+00  0.0000E+00  0.0000E+00
     11.533  0.0000E+00  0.0000E+00  0.0000E+00  0.0000E+00  0.0000E+00  0.0000E+00  0.0000E+00  0.0000E+00  0.0000E+00
     11.671  0.0000E+00  0.0000E+00  0.0000E+00  0.0000E+00  0.0000E+00  0.0000E+00  0.0000E+00  0.0000E+00  0.0000E+00
     11.809  0.0000E+00  0.0000E+00  0.0000E+00  0.0000E+00  0.0000E+00  0.0000E+00  0.0000E+00  0.0000E+00  0.0000E+00
     11.947  0.0000E+00  0.0000E+00  0.0000E+00  0.0000E+00  0.0000E+00  0.0000E+00  0.0000E+00  0.0000E+00  0.0000E+00
     12.084  0.0000E+00  0.0000E+00  0.0000E+00  0.0000E+00  0.0000E+00  0.0000E+00  0.0000E+00  0.0000E+00  0.0000E+00
     12.222  0.2717E-03  0.1049E-03  0.1049E-03  0.1049E-03  0.0000E+00  0.0000E+00  0.0000E+00  0.0000E+00  0.0000E+00
     12.360  0.6873E-02  0.2872E-02  0.2872E-02  0.2872E-02  0.0000E+00  0.0000E+00  0.0000E+00  0.0000E+00  0.0000E+00
     12.498  0.9545E-02  0.4167E-02  0.4167E-02  0.4167E-02  0.0000E+00  0.0000E+00  0.0000E+00  0.0000E+00  0.0000E+00
     12.635  0.1182E-01  0.5534E-02  0.5534E-02  0.5534E-02  0.0000E+00  0.0000E+00  0.0000E+00  0.0000E+00  0.0000E+00
     12.773  0.1441E-01  0.7081E-02  0.7081E-02  0.7081E-02  0.0000E+00  0.0000E+00  0.0000E+00  0.0000E+00  0.0000E+00
     12.911  0.1784E-01  0.8924E-02  0.8924E-02  0.8924E-02  0.0000E+00  0.0000E+00  0.0000E+00  0.0000E+00  0.0000E+00
     13.049  0.2090E-01  0.1086E-01  0.1086E-01  0.1086E-01  0.0000E+00  0.0000E+00  0.0000E+00  0.0000E+00  0.0000E+00
     13.186  0.2312E-01  0.1277E-01  0.1277E-01  0.1277E-01  0.0000E+00  0.0000E+00  0.0000E+00  0.0000E+00  0.0000E+00
     13.324  0.2521E-01  0.1498E-01  0.1498E-01  0.1498E-01  0.0000E+00  0.0000E+00  0.0000E+00  0.0000E+00  0.0000E+00
     13.462  0.2675E-01  0.1721E-01  0.1721E-01  0.1721E-01  0.0000E+00  0.0000E+00  0.0000E+00  0.0000E+00  0.0000E+00
     13.600  0.2834E-01  0.2081E-01  0.2081E-01  0.2081E-01  0.0000E+00  0.0000E+00  0.0000E+00  0.0000E+00  0.0000E+00
     13.737  0.2967E-01  0.2499E-01  0.2499E-01  0.2499E-01  0.0000E+00  0.0000E+00  0.0000E+00  0.0000E+00  0.0000E+00
     13.875  0.3069E-01  0.2574E-01  0.2574E-01  0.2574E-01  0.0000E+00  0.0000E+00  0.0000E+00  0.0000E+00  0.0000E+00
     14.013  0.3171E-01  0.2721E-01  0.2721E-01  0.2721E-01  0.0000E+00  0.0000E+00  0.0000E+00  0.0000E+00  0.0000E+00
     14.151  0.3277E-01  0.2887E-01  0.2887E-01  0.2887E-01  0.0000E+00  0.0000E+00  0.0000E+00  0.0000E+00  0.0000E+00
     14.288  0.3396E-01  0.3046E-01  0.3046E-01  0.3046E-01  0.0000E+00  0.0000E+00  0.0000E+00  0.0000E+00  0.0000E+00
     14.426  0.3512E-01  0.3226E-01  0.3226E-01  0.3226E-01  0.0000E+00  0.0000E+00  0.0000E+00  0.0000E+00  0.0000E+00
     14.564  0.3620E-01  0.3402E-01  0.3402E-01  0.3402E-01  0.0000E+00  0.0000E+00  0.0000E+00  0.0000E+00  0.0000E+00
     14.702  0.3745E-01  0.3594E-01  0.3594E-01  0.3594E-01  0.0000E+00  0.0000E+00  0.0000E+00  0.0000E+00  0.0000E+00
     14.840  0.3889E-01  0.3800E-01  0.3800E-01  0.3800E-01  0.0000E+00  0.0000E+00  0.0000E+00  0.0000E+00  0.0000E+00
     14.977  0.4069E-01  0.4022E-01  0.4022E-01  0.4022E-01  0.0000E+00  0.0000E+00  0.0000E+00  0.0000E+00  0.0000E+00
     15.115  0.4277E-01  0.4266E-01  0.4266E-01  0.4266E-01  0.0000E+00  0.0000E+00  0.0000E+00  0.0000E+00  0.0000E+00
     15.253  0.4563E-01  0.4530E-01  0.4530E-01  0.4530E-01  0.0000E+00  0.0000E+00  0.0000E+00  0.0000E+00  0.0000E+00
     15.391  0.4966E-01  0.4819E-01  0.4819E-01  0.4819E-01  0.0000E+00  0.0000E+00  0.0000E+00  0.0000E+00  0.0000E+00
     15.528  0.5540E-01  0.5148E-01  0.5148E-01  0.5148E-01  0.0000E+00  0.0000E+00  0.0000E+00  0.0000E+00  0.0000E+00
     15.666  0.6916E-01  0.5643E-01  0.5643E-01  0.5643E-01  0.0000E+00  0.0000E+00  0.0000E+00  0.0000E+00  0.0000E+00
     15.804  0.1217E+00  0.6247E-01  0.6247E-01  0.6247E-01  0.0000E+00  0.0000E+00  0.0000E+00  0.0000E+00  0.0000E+00
     15.942  0.1200E+00  0.6576E-01  0.6576E-01  0.6576E-01  0.0000E+00  0.0000E+00  0.0000E+00  0.0000E+00  0.0000E+00
     16.079  0.1123E+00  0.7161E-01  0.7161E-01  0.7161E-01  0.0000E+00  0.0000E+00  0.0000E+00  0.0000E+00  0.0000E+00
     16.217  0.1018E+00  0.8379E-01  0.8379E-01  0.8379E-01  0.0000E+00  0.0000E+00  0.0000E+00  0.0000E+00  0.0000E+00
     16.355  0.7293E-01  0.7718E-01  0.7718E-01  0.7718E-01  0.0000E+00  0.0000E+00  0.0000E+00  0.0000E+00  0.0000E+00
     16.493  0.7118E-01  0.9883E-01  0.9883E-01  0.9883E-01  0.0000E+00  0.0000E+00  0.0000E+00  0.0000E+00  0.0000E+00
     16.630  0.6413E-01  0.7883E-01  0.7883E-01  0.7883E-01  0.0000E+00  0.0000E+00  0.0000E+00  0.0000E+00  0.0000E+00
     16.768  0.6371E-01  0.7112E-01  0.7112E-01  0.7112E-01  0.0000E+00  0.0000E+00  0.0000E+00  0.0000E+00  0.0000E+00
     16.906  0.6036E-01  0.6634E-01  0.6634E-01  0.6634E-01  0.0000E+00  0.0000E+00  0.0000E+00  0.0000E+00  0.0000E+00
     17.044  0.5868E-01  0.6402E-01  0.6402E-01  0.6402E-01  0.0000E+00  0.0000E+00  0.0000E+00  0.0000E+00  0.0000E+00
     17.181  0.5704E-01  0.6236E-01  0.6236E-01  0.6236E-01  0.0000E+00  0.0000E+00  0.0000E+00  0.0000E+00  0.0000E+00
     17.319  0.5691E-01  0.6233E-01  0.6233E-01  0.6233E-01  0.0000E+00  0.0000E+00  0.0000E+00  0.0000E+00  0.0000E+00
     17.457  0.5399E-01  0.5947E-01  0.5947E-01  0.5947E-01  0.0000E+00  0.0000E+00  0.0000E+00  0.0000E+00  0.0000E+00
     17.595  0.5399E-01  0.5908E-01  0.5908E-01  0.5908E-01  0.0000E+00  0.0000E+00  0.0000E+00  0.0000E+00  0.0000E+00
     17.732  0.5401E-01  0.5974E-01  0.5974E-01  0.5974E-01  0.0000E+00  0.0000E+00  0.0000E+00  0.0000E+00  0.0000E+00
     17.870  0.5314E-01  0.5841E-01  0.5841E-01  0.5841E-01  0.0000E+00  0.0000E+00  0.0000E+00  0.0000E+00  0.0000E+00
     18.008  0.5661E-01  0.6031E-01  0.6031E-01  0.6031E-01  0.0000E+00  0.0000E+00  0.0000E+00  0.0000E+00  0.0000E+00
     18.146  0.6108E-01  0.6296E-01  0.6296E-01  0.6296E-01  0.0000E+00  0.0000E+00  0.0000E+00  0.0000E+00  0.0000E+00
     18.284  0.6732E-01  0.6320E-01  0.6320E-01  0.6320E-01  0.0000E+00  0.0000E+00  0.0000E+00  0.0000E+00  0.0000E+00
     18.421  0.4501E-01  0.5324E-01  0.5324E-01  0.5324E-01  0.0000E+00  0.0000E+00  0.0000E+00  0.0000E+00  0.0000E+00
     18.559  0.3689E-01  0.4882E-01  0.4882E-01  0.4882E-01  0.0000E+00  0.0000E+00  0.0000E+00  0.0000E+00  0.0000E+00
     18.697  0.3377E-01  0.4760E-01  0.4760E-01  0.4760E-01  0.0000E+00  0.0000E+00  0.0000E+00  0.0000E+00  0.0000E+00
     18.835  0.3660E-01  0.5134E-01  0.5134E-01  0.5134E-01  0.0000E+00  0.0000E+00  0.0000E+00  0.0000E+00  0.0000E+00
     18.972  0.4347E-01  0.5826E-01  0.5826E-01  0.5826E-01  0.0000E+00  0.0000E+00  0.0000E+00  0.0000E+00  0.0000E+00
     19.110  0.4505E-01  0.5862E-01  0.5862E-01  0.5862E-01  0.0000E+00  0.0000E+00  0.0000E+00  0.0000E+00  0.0000E+00
     19.248  0.4739E-01  0.5864E-01  0.5864E-01  0.5864E-01  0.0000E+00  0.0000E+00  0.0000E+00  0.0000E+00  0.0000E+00
     19.386  0.5191E-01  0.5853E-01  0.5853E-01  0.5853E-01  0.0000E+00  0.0000E+00  0.0000E+00  0.0000E+00  0.0000E+00
     19.523  0.6613E-01  0.6016E-01  0.6016E-01  0.6016E-01  0.0000E+00  0.0000E+00  0.0000E+00  0.0000E+00  0.0000E+00
     19.661  0.6931E-01  0.6000E-01  0.6000E-01  0.6000E-01  0.0000E+00  0.0000E+00  0.0000E+00  0.0000E+00  0.0000E+00
     19.799  0.8743E-01  0.6426E-01  0.6426E-01  0.6426E-01  0.0000E+00  0.0000E+00  0.0000E+00  0.0000E+00  0.0000E+00
     19.937  0.8684E-01  0.6331E-01  0.6331E-01  0.6331E-01  0.0000E+00  0.0000E+00  0.0000E+00  0.0000E+00  0.0000E+00
     20.074  0.7848E-01  0.6406E-01  0.6406E-01  0.6406E-01  0.0000E+00  0.0000E+00  0.0000E+00  0.0000E+00  0.0000E+00
     20.212  0.7700E-01  0.6767E-01  0.6767E-01  0.6767E-01  0.0000E+00  0.0000E+00  0.0000E+00  0.0000E+00  0.0000E+00
     20.350  0.7379E-01  0.6791E-01  0.6791E-01  0.6791E-01  0.0000E+00  0.0000E+00  0.0000E+00  0.0000E+00  0.0000E+00
     20.488  0.6978E-01  0.6678E-01  0.6678E-01  0.6678E-01  0.0000E+00  0.0000E+00  0.0000E+00  0.0000E+00  0.0000E+00
     20.625  0.6720E-01  0.6899E-01  0.6899E-01  0.6899E-01  0.0000E+00  0.0000E+00  0.0000E+00  0.0000E+00  0.0000E+00
     20.763  0.6808E-01  0.7134E-01  0.7134E-01  0.7134E-01  0.0000E+00  0.0000E+00  0.0000E+00  0.0000E+00  0.0000E+00
     20.901  0.6346E-01  0.7543E-01  0.7543E-01  0.7543E-01  0.0000E+00  0.0000E+00  0.0000E+00  0.0000E+00  0.0000E+00
     21.039  0.5565E-01  0.7341E-01  0.7341E-01  0.7341E-01  0.0000E+00  0.0000E+00  0.0000E+00  0.0000E+00  0.0000E+00
     21.177  0.4328E-01  0.6396E-01  0.6396E-01  0.6396E-01  0.0000E+00  0.0000E+00  0.0000E+00  0.0000E+00  0.0000E+00
     21.314  0.3920E-01  0.6390E-01  0.6390E-01  0.6390E-01  0.0000E+00  0.0000E+00  0.0000E+00  0.0000E+00  0.0000E+00
     21.452  0.3530E-01  0.6419E-01  0.6419E-01  0.6419E-01  0.0000E+00  0.0000E+00  0.0000E+00  0.0000E+00  0.0000E+00
     21.590  0.3434E-01  0.6768E-01  0.6768E-01  0.6768E-01  0.0000E+00  0.0000E+00  0.0000E+00  0.0000E+00  0.0000E+00
     21.728  0.3668E-01  0.7633E-01  0.7633E-01  0.7633E-01  0.0000E+00  0.0000E+00  0.0000E+00  0.0000E+00  0.0000E+00
     21.865  0.4484E-01  0.9637E-01  0.9637E-01  0.9637E-01  0.0000E+00  0.0000E+00  0.0000E+00  0.0000E+00  0.0000E+00
     22.003  0.4740E-01  0.1068E+00  0.1068E+00  0.1068E+00  0.0000E+00  0.0000E+00  0.0000E+00  0.0000E+00  0.0000E+00
     22.141  0.3615E-01  0.8706E-01  0.8706E-01  0.8706E-01  0.0000E+00  0.0000E+00  0.0000E+00  0.0000E+00  0.0000E+00
     22.279  0.2976E-01  0.7888E-01  0.7888E-01  0.7888E-01  0.0000E+00  0.0000E+00  0.0000E+00  0.0000E+00  0.0000E+00
     22.416  0.2578E-01  0.7516E-01  0.7516E-01  0.7516E-01  0.0000E+00  0.0000E+00  0.0000E+00  0.0000E+00  0.0000E+00
     22.554  0.2185E-01  0.6979E-01  0.6979E-01  0.6979E-01  0.0000E+00  0.0000E+00  0.0000E+00  0.0000E+00  0.0000E+00
     22.692  0.1892E-01  0.6603E-01  0.6603E-01  0.6603E-01  0.0000E+00  0.0000E+00  0.0000E+00  0.0000E+00  0.0000E+00
     22.830  0.1591E-01  0.6232E-01  0.6232E-01  0.6232E-01  0.0000E+00  0.0000E+00  0.0000E+00  0.0000E+00  0.0000E+00
     22.967  0.1332E-01  0.5939E-01  0.5939E-01  0.5939E-01  0.0000E+00  0.0000E+00  0.0000E+00  0.0000E+00  0.0000E+00
     23.105  0.1091E-01  0.5528E-01  0.5528E-01  0.5528E-01  0.0000E+00  0.0000E+00  0.0000E+00  0.0000E+00  0.0000E+00
     23.243  0.8567E-02  0.5100E-01  0.5100E-01  0.5100E-01  0.0000E+00  0.0000E+00  0.0000E+00  0.0000E+00  0.0000E+00
     23.381  0.6447E-02  0.4740E-01  0.4740E-01  0.4740E-01  0.0000E+00  0.0000E+00  0.0000E+00  0.0000E+00  0.0000E+00
     23.518  0.4587E-02  0.4304E-01  0.4304E-01  0.4304E-01  0.0000E+00  0.0000E+00  0.0000E+00  0.0000E+00  0.0000E+00
     23.656  0.2780E-02  0.3586E-01  0.3586E-01  0.3586E-01  0.0000E+00  0.0000E+00  0.0000E+00  0.0000E+00  0.0000E+00
     23.794  0.1418E-02  0.2205E-01  0.2205E-01  0.2205E-01  0.0000E+00  0.0000E+00  0.0000E+00  0.0000E+00  0.0000E+00
     23.932  0.8483E-03  0.1690E-01  0.1690E-01  0.1690E-01  0.0000E+00  0.0000E+00  0.0000E+00  0.0000E+00  0.0000E+00
     24.070  0.4059E-03  0.1326E-01  0.1326E-01  0.1326E-01  0.0000E+00  0.0000E+00  0.0000E+00  0.0000E+00  0.0000E+00
     24.207  0.9842E-04  0.8332E-02  0.8332E-02  0.8332E-02  0.0000E+00  0.0000E+00  0.0000E+00  0.0000E+00  0.0000E+00
     24.345  0.2612E-05  0.6297E-03  0.6297E-03  0.6297E-03  0.0000E+00  0.0000E+00  0.0000E+00  0.0000E+00  0.0000E+00
     24.483  0.0000E+00  0.0000E+00  0.0000E+00  0.0000E+00  0.0000E+00  0.0000E+00  0.0000E+00  0.0000E+00  0.0000E+00
     24.621  0.0000E+00  0.0000E+00  0.0000E+00  0.0000E+00  0.0000E+00  0.0000E+00  0.0000E+00  0.0000E+00  0.0000E+00
     24.758  0.0000E+00  0.0000E+00  0.0000E+00  0.0000E+00  0.0000E+00  0.0000E+00  0.0000E+00  0.0000E+00  0.0000E+00
     24.896  0.0000E+00  0.0000E+00  0.0000E+00  0.0000E+00  0.0000E+00  0.0000E+00  0.0000E+00  0.0000E+00  0.0000E+00
     25.034  0.0000E+00  0.0000E+00  0.0000E+00  0.0000E+00  0.0000E+00  0.0000E+00  0.0000E+00  0.0000E+00  0.0000E+00
     25.172  0.0000E+00  0.0000E+00  0.0000E+00  0.0000E+00  0.0000E+00  0.0000E+00  0.0000E+00  0.0000E+00  0.0000E+00
     25.309  0.0000E+00  0.0000E+00  0.0000E+00  0.0000E+00  0.0000E+00  0.0000E+00  0.0000E+00  0.0000E+00  0.0000E+00
     25.447  0.0000E+00  0.0000E+00  0.0000E+00  0.0000E+00  0.0000E+00  0.0000E+00  0.0000E+00  0.0000E+00  0.0000E+00
     25.585  0.0000E+00  0.0000E+00  0.0000E+00  0.0000E+00  0.0000E+00  0.0000E+00  0.0000E+00  0.0000E+00  0.0000E+00
     25.723  0.0000E+00  0.0000E+00  0.0000E+00  0.0000E+00  0.0000E+00  0.0000E+00  0.0000E+00  0.0000E+00  0.0000E+00
     25.860  0.0000E+00  0.0000E+00  0.0000E+00  0.0000E+00  0.0000E+00  0.0000E+00  0.0000E+00  0.0000E+00  0.0000E+00
     25.998  0.0000E+00  0.0000E+00  0.0000E+00  0.0000E+00  0.0000E+00  0.0000E+00  0.0000E+00  0.0000E+00  0.0000E+00
     26.136  0.0000E+00  0.0000E+00  0.0000E+00  0.0000E+00  0.0000E+00  0.0000E+00  0.0000E+00  0.0000E+00  0.0000E+00
     26.274  0.0000E+00  0.0000E+00  0.0000E+00  0.0000E+00  0.0000E+00  0.0000E+00  0.0000E+00  0.0000E+00  0.0000E+00
     26.27372291    -15.05477692  301     12.21070970      1.00000000
    -15.055  0.0000E+00  0.0000E+00  0.0000E+00  0.0000E+00  0.0000E+00  0.0000E+00  0.0000E+00  0.0000E+00  0.0000E+00
    -14.917  0.0000E+00  0.0000E+00  0.0000E+00  0.0000E+00  0.0000E+00  0.0000E+00  0.0000E+00  0.0000E+00  0.0000E+00
    -14.779  0.0000E+00  0.0000E+00  0.0000E+00  0.0000E+00  0.0000E+00  0.0000E+00  0.0000E+00  0.0000E+00  0.0000E+00
    -14.641  0.0000E+00  0.0000E+00  0.0000E+00  0.0000E+00  0.0000E+00  0.0000E+00  0.0000E+00  0.0000E+00  0.0000E+00
    -14.504  0.0000E+00  0.0000E+00  0.0000E+00  0.0000E+00  0.0000E+00  0.0000E+00  0.0000E+00  0.0000E+00  0.0000E+00
    -14.366  0.0000E+00  0.0000E+00  0.0000E+00  0.0000E+00  0.0000E+00  0.0000E+00  0.0000E+00  0.0000E+00  0.0000E+00
    -14.228  0.0000E+00  0.0000E+00  0.0000E+00  0.0000E+00  0.0000E+00  0.0000E+00  0.0000E+00  0.0000E+00  0.0000E+00
    -14.090  0.0000E+00  0.0000E+00  0.0000E+00  0.0000E+00  0.0000E+00  0.0000E+00  0.0000E+00  0.0000E+00  0.0000E+00
    -13.953  0.0000E+00  0.0000E+00  0.0000E+00  0.0000E+00  0.0000E+00  0.0000E+00  0.0000E+00  0.0000E+00  0.0000E+00
    -13.815  0.0000E+00  0.0000E+00  0.0000E+00  0.0000E+00  0.0000E+00  0.0000E+00  0.0000E+00  0.0000E+00  0.0000E+00
    -13.677  0.0000E+00  0.0000E+00  0.0000E+00  0.0000E+00  0.0000E+00  0.0000E+00  0.0000E+00  0.0000E+00  0.0000E+00
    -13.539  0.0000E+00  0.0000E+00  0.0000E+00  0.0000E+00  0.0000E+00  0.0000E+00  0.0000E+00  0.0000E+00  0.0000E+00
    -13.402  0.0000E+00  0.0000E+00  0.0000E+00  0.0000E+00  0.0000E+00  0.0000E+00  0.0000E+00  0.0000E+00  0.0000E+00
    -13.264  0.0000E+00  0.0000E+00  0.0000E+00  0.0000E+00  0.0000E+00  0.0000E+00  0.0000E+00  0.0000E+00  0.0000E+00
    -13.126  0.0000E+00  0.0000E+00  0.0000E+00  0.0000E+00  0.0000E+00  0.0000E+00  0.0000E+00  0.0000E+00  0.0000E+00
    -12.988  0.8497E-02  0.7959E-05  0.7959E-05  0.7959E-05  0.0000E+00  0.0000E+00  0.0000E+00  0.0000E+00  0.0000E+00
    -12.851  0.1772E-01  0.4831E-04  0.4831E-04  0.4831E-04  0.0000E+00  0.0000E+00  0.0000E+00  0.0000E+00  0.0000E+00
    -12.713  0.2065E-01  0.1006E-03  0.1006E-03  0.1006E-03  0.0000E+00  0.0000E+00  0.0000E+00  0.0000E+00  0.0000E+00
    -12.575  0.2163E-01  0.1510E-03  0.1510E-03  0.1510E-03  0.0000E+00  0.0000E+00  0.0000E+00  0.0000E+00  0.0000E+00
    -12.437  0.2444E-01  0.2211E-03  0.2211E-03  0.2211E-03  0.0000E+00  0.0000E+00  0.0000E+00  0.0000E+00  0.0000E+00
    -12.300  0.2692E-01  0.3001E-03  0.3001E-03  0.3001E-03  0.0000E+00  0.0000E+00  0.0000E+00  0.0000E+00  0.0000E+00
    -12.162  0.2931E-01  0.3854E-03  0.3854E-03  0.3854E-03  0.0000E+00  0.0000E+00  0.0000E+00  0.0000E+00  0.0000E+00
    -12.024  0.3154E-01  0.4766E-03  0.4766E-03  0.4766E-03  0.0000E+00  0.0000E+00  0.0000E+00  0.0000E+00  0.0000E+00
    -11.886  0.3347E-01  0.5768E-03  0.5768E-03  0.5768E-03  0.0000E+00  0.0000E+00  0.0000E+00  0.0000E+00  0.0000E+00
    -11.748  0.3549E-01  0.6792E-03  0.6792E-03  0.6792E-03  0.0000E+00  0.0000E+00  0.0000E+00  0.0000E+00  0.0000E+00
    -11.611  0.3719E-01  0.7916E-03  0.7916E-03  0.7916E-03  0.0000E+00  0.0000E+00  0.0000E+00  0.0000E+00  0.0000E+00
    -11.473  0.3902E-01  0.9052E-03  0.9052E-03  0.9052E-03  0.0000E+00  0.0000E+00  0.0000E+00  0.0000E+00  0.0000E+00
    -11.335  0.4060E-01  0.1028E-02  0.1028E-02  0.1028E-02  0.0000E+00  0.0000E+00  0.0000E+00  0.0000E+00  0.0000E+00
    -11.197  0.4231E-01  0.1151E-02  0.1151E-02  0.1151E-02  0.0000E+00  0.0000E+00  0.0000E+00  0.0000E+00  0.0000E+00
    -11.060  0.4377E-01  0.1284E-02  0.1284E-02  0.1284E-02  0.0000E+00  0.0000E+00  0.0000E+00  0.0000E+00  0.0000E+00
    -10.922  0.4533E-01  0.1418E-02  0.1418E-02  0.1418E-02  0.0000E+00  0.0000E+00  0.0000E+00  0.0000E+00  0.0000E+00
    -10.784  0.4678E-01  0.1559E-02  0.1559E-02  0.1559E-02  0.0000E+00  0.0000E+00  0.0000E+00  0.0000E+00  0.0000E+00
    -10.646  0.4824E-01  0.1702E-02  0.1702E-02  0.1702E-02  0.0000E+00  0.0000E+00  0.0000E+00  0.0000E+00  0.0000E+00
    -10.509  0.4971E-01  0.1849E-02  0.1849E-02  0.1849E-02  0.0000E+00  0.0000E+00  0.0000E+00  0.0000E+00  0.0000E+00
    -10.371  0.5108E-01  0.2004E-02  0.2004E-02  0.2004E-02  0.0000E+00  0.0000E+00  0.0000E+00  0.0000E+00  0.0000E+00
    -10.233  0.5254E-01  0.2158E-02  0.2158E-02  0.2158E-02  0.0000E+00  0.0000E+00  0.0000E+00  0.0000E+00  0.0000E+00
    -10.095  0.5393E-01  0.2320E-02  0.2320E-02  0.2320E-02  0.0000E+00  0.0000E+00  0.0000E+00  0.0000E+00  0.0000E+00
     -9.958  0.5532E-01  0.2486E-02  0.2486E-02  0.2486E-02  0.0000E+00  0.0000E+00  0.0000E+00  0.0000E+00  0.0000E+00
     -9.820  0.5680E-01  0.2652E-02  0.2652E-02  0.2652E-02  0.0000E+00  0.0000E+00  0.0000E+00  0.0000E+00  0.0000E+00
     -9.682  0.5819E-01  0.2828E-02  0.2828E-02  0.2828E-02  0.0000E+00  0.0000E+00  0.0000E+00  0.0000E+00  0.0000E+00
     -9.544  0.5966E-01  0.3005E-02  0.3005E-02  0.3005E-02  0.0000E+00  0.0000E+00  0.0000E+00  0.0000E+00  0.0000E+00
     -9.407  0.6120E-01  0.3183E-02  0.3183E-02  0.3183E-02  0.0000E+00  0.0000E+00  0.0000E+00  0.0000E+00  0.0000E+00
     -9.269  0.6271E-01  0.3373E-02  0.3373E-02  0.3373E-02  0.0000E+00  0.0000E+00  0.0000E+00  0.0000E+00  0.0000E+00
     -9.131  0.6432E-01  0.3563E-02  0.3563E-02  0.3563E-02  0.0000E+00  0.0000E+00  0.0000E+00  0.0000E+00  0.0000E+00
     -8.993  0.6604E-01  0.3755E-02  0.3755E-02  0.3755E-02  0.0000E+00  0.0000E+00  0.0000E+00  0.0000E+00  0.0000E+00
     -8.856  0.6781E-01  0.3961E-02  0.3961E-02  0.3961E-02  0.0000E+00  0.0000E+00  0.0000E+00  0.0000E+00  0.0000E+00
     -8.718  0.6973E-01  0.4168E-02  0.4168E-02  0.4168E-02  0.0000E+00  0.0000E+00  0.0000E+00  0.0000E+00  0.0000E+00
     -8.580  0.7185E-01  0.4379E-02  0.4379E-02  0.4379E-02  0.0000E+00  0.0000E+00  0.0000E+00  0.0000E+00  0.0000E+00
     -8.442  0.7418E-01  0.4607E-02  0.4607E-02  0.4607E-02  0.0000E+00  0.0000E+00  0.0000E+00  0.0000E+00  0.0000E+00
     -8.304  0.7686E-01  0.4844E-02  0.4844E-02  0.4844E-02  0.0000E+00  0.0000E+00  0.0000E+00  0.0000E+00  0.0000E+00
     -8.167  0.8004E-01  0.5094E-02  0.5094E-02  0.5094E-02  0.0000E+00  0.0000E+00  0.0000E+00  0.0000E+00  0.0000E+00
     -8.029  0.8403E-01  0.5376E-02  0.5376E-02  0.5376E-02  0.0000E+00  0.0000E+00  0.0000E+00  0.0000E+00  0.0000E+00
     -7.891  0.8971E-01  0.5717E-02  0.5717E-02  0.5717E-02  0.0000E+00  0.0000E+00  0.0000E+00  0.0000E+00  0.0000E+00
     -7.753  0.1033E+00  0.6318E-02  0.6318E-02  0.6318E-02  0.0000E+00  0.0000E+00  0.0000E+00  0.0000E+00  0.0000E+00
     -7.616  0.1094E+00  0.6687E-02  0.6687E-02  0.6687E-02  0.0000E+00  0.0000E+00  0.0000E+00  0.0000E+00  0.0000E+00
     -7.478  0.1009E+00  0.6539E-02  0.6539E-02  0.6539E-02  0.0000E+00  0.0000E+00  0.0000E+00  0.0000E+00  0.0000E+00
     -7.340  0.9875E-01  0.6608E-02  0.6608E-02  0.6608E-02  0.0000E+00  0.0000E+00  0.0000E+00  0.0000E+00  0.0000E+00
     -7.202  0.9464E-01  0.6571E-02  0.6571E-02  0.6571E-02  0.0000E+00  0.0000E+00  0.0000E+00  0.0000E+00  0.0000E+00
     -7.065  0.9236E-01  0.6629E-02  0.6629E-02  0.6629E-02  0.0000E+00  0.0000E+00  0.0000E+00  0.0000E+00  0.0000E+00
     -6.927  0.8863E-01  0.6586E-02  0.6586E-02  0.6586E-02  0.0000E+00  0.0000E+00  0.0000E+00  0.0000E+00  0.0000E+00
     -6.789  0.8568E-01  0.6566E-02  0.6566E-02  0.6566E-02  0.0000E+00  0.0000E+00  0.0000E+00  0.0000E+00  0.0000E+00
     -6.651  0.8300E-01  0.6564E-02  0.6564E-02  0.6564E-02  0.0000E+00  0.0000E+00  0.0000E+00  0.0000E+00  0.0000E+00
     -6.514  0.7956E-01  0.6497E-02  0.6497E-02  0.6497E-02  0.0000E+00  0.0000E+00  0.0000E+00  0.0000E+00  0.0000E+00
     -6.376  0.7680E-01  0.6452E-02  0.6452E-02  0.6452E-02  0.0000E+00  0.0000E+00  0.0000E+00  0.0000E+00  0.0000E+00
     -6.238  0.7374E-01  0.6389E-02  0.6389E-02  0.6389E-02  0.0000E+00  0.0000E+00  0.0000E+00  0.0000E+00  0.0000E+00
     -6.100  0.7070E-01  0.6302E-02  0.6302E-02  0.6302E-02  0.0000E+00  0.0000E+00  0.0000E+00  0.0000E+00  0.0000E+00
     -5.963  0.6754E-01  0.6199E-02  0.6199E-02  0.6199E-02  0.0000E+00  0.0000E+00  0.0000E+00  0.0000E+00  0.0000E+00
     -5.825  0.6468E-01  0.6103E-02  0.6103E-02  0.6103E-02  0.0000E+00  0.0000E+00  0.0000E+00  0.0000E+00  0.0000E+00
     -5.687  0.6133E-01  0.5958E-02  0.5958E-02  0.5958E-02  0.0000E+00  0.0000E+00  0.0000E+00  0.0000E+00  0.0000E+00
     -5.549  0.5831E-01  0.5822E-02  0.5822E-02  0.5822E-02  0.0000E+00  0.0000E+00  0.0000E+00  0.0000E+00  0.0000E+00
     -5.411  0.5483E-01  0.5641E-02  0.5641E-02  0.5641E-02  0.0000E+00  0.0000E+00  0.0000E+00  0.0000E+00  0.0000E+00
     -5.274  0.5163E-01  0.5459E-02  0.5459E-02  0.5459E-02  0.0000E+00  0.0000E+00  0.0000E+00  0.0000E+00  0.0000E+00
     -5.136  0.4812E-01  0.5251E-02  0.5251E-02  0.5251E-02  0.0000E+00  0.0000E+00  0.0000E+00  0.0000E+00  0.0000E+00
     -4.998  0.4521E-01  0.5101E-02  0.5101E-02  0.5101E-02  0.0000E+00  0.0000E+00  0.0000E+00  0.0000E+00  0.0000E+00
     -4.860  0.4374E-01  0.5163E-02  0.5163E-02  0.5163E-02  0.0000E+00  0.0000E+00  0.0000E+00  0.0000E+00  0.0000E+00
     -4.723  0.3267E-01  0.3971E-02  0.3971E-02  0.3971E-02  0.0000E+00  0.0000E+00  0.0000E+00  0.0000E+00  0.0000E+00
     -4.585  0.2293E-01  0.5364E-02  0.5364E-02  0.5364E-02  0.0000E+00  0.0000E+00  0.0000E+00  0.0000E+00  0.0000E+00
     -4.447  0.2185E-01  0.7622E-02  0.7622E-02  0.7622E-02  0.0000E+00  0.0000E+00  0.0000E+00  0.0000E+00  0.0000E+00
     -4.309  0.2416E-01  0.8830E-02  0.8830E-02  0.8830E-02  0.0000E+00  0.0000E+00  0.0000E+00  0.0000E+00  0.0000E+00
     -4.172  0.2774E-01  0.1046E-01  0.1046E-01  0.1046E-01  0.0000E+00  0.0000E+00  0.0000E+00  0.0000E+00  0.0000E+00
     -4.034  0.3579E-01  0.1270E-01  0.1270E-01  0.1270E-01  0.0000E+00  0.0000E+00  0.0000E+00  0.0000E+00  0.0000E+00
     -3.896  0.4684E-01  0.1560E-01  0.1560E-01  0.1560E-01  0.0000E+00  0.0000E+00  0.0000E+00  0.0000E+00  0.0000E+00
     -3.758  0.5869E-01  0.1839E-01  0.1839E-01  0.1839E-01  0.0000E+00  0.0000E+00  0.0000E+00  0.0000E+00  0.0000E+00
     -3.621  0.6987E-01  0.2164E-01  0.2164E-01  0.2164E-01  0.0000E+00  0.0000E+00  0.0000E+00  0.0000E+00  0.0000E+00
     -3.483  0.8566E-01  0.2578E-01  0.2578E-01  0.2578E-01  0.0000E+00  0.0000E+00  0.0000E+00  0.0000E+00  0.0000E+00
     -3.345  0.1333E+00  0.3880E-01  0.3880E-01  0.3880E-01  0.0000E+00  0.0000E+00  0.0000E+00  0.0000E+00  0.0000E+00
     -3.207  0.1164E+00  0.3355E-01  0.3355E-01  0.3355E-01  0.0000E+00  0.0000E+00  0.0000E+00  0.0000E+00  0.0000E+00
     -3.070  0.8846E-01  0.2614E-01  0.2614E-01  0.2614E-01  0.0000E+00  0.0000E+00  0.0000E+00  0.0000E+00  0.0000E+00
     -2.932  0.7674E-01  0.2317E-01  0.2317E-01  0.2317E-01  0.0000E+00  0.0000E+00  0.0000E+00  0.0000E+00  0.0000E+00
     -2.794  0.7032E-01  0.2153E-01  0.2153E-01  0.2153E-01  0.0000E+00  0.0000E+00  0.0000E+00  0.0000E+00  0.0000E+00
     -2.656  0.6398E-01  0.2003E-01  0.2003E-01  0.2003E-01  0.0000E+00  0.0000E+00  0.0000E+00  0.0000E+00  0.0000E+00
     -2.518  0.6010E-01  0.1912E-01  0.1912E-01  0.1912E-01  0.0000E+00  0.0000E+00  0.0000E+00  0.0000E+00  0.0000E+00
     -2.381  0.5608E-01  0.1822E-01  0.1822E-01  0.1822E-01  0.0000E+00  0.0000E+00  0.0000E+00  0.0000E+00  0.0000E+00
     -2.243  0.5255E-01  0.1743E-01  0.1743E-01  0.1743E-01  0.0000E+00  0.0000E+00  0.0000E+00  0.0000E+00  0.0000E+00
     -2.105  0.4973E-01  0.1684E-01  0.1684E-01  0.1684E-01  0.0000E+00  0.0000E+00  0.0000E+00  0.0000E+00  0.0000E+00
     -1.967  0.4635E-01  0.1609E-01  0.1609E-01  0.1609E-01  0.0000E+00  0.0000E+00  0.0000E+00  0.0000E+00  0.0000E+00
     -1.830  0.4430E-01  0.1568E-01  0.1568E-01  0.1568E-01  0.0000E+00  0.0000E+00  0.0000E+00  0.0000E+00  0.0000E+00
     -1.692  0.4183E-01  0.1517E-01  0.1517E-01  0.1517E-01  0.0000E+00  0.0000E+00  0.0000E+00  0.0000E+00  0.0000E+00
     -1.554  0.3941E-01  0.1464E-01  0.1464E-01  0.1464E-01  0.0000E+00  0.0000E+00  0.0000E+00  0.0000E+00  0.0000E+00
     -1.416  0.3768E-01  0.1430E-01  0.1430E-01  0.1430E-01  0.0000E+00  0.0000E+00  0.0000E+00  0.0000E+00  0.0000E+00
     -1.279  0.3533E-01  0.1377E-01  0.1377E-01  0.1377E-01  0.0000E+00  0.0000E+00  0.0000E+00  0.0000E+00  0.0000E+00
     -1.141  0.3367E-01  0.1343E-01  0.1343E-01  0.1343E-01  0.0000E+00  0.0000E+00  0.0000E+00  0.0000E+00  0.0000E+00
     -1.003  0.3216E-01  0.1313E-01  0.1313E-01  0.1313E-01  0.0000E+00  0.0000E+00  0.0000E+00  0.0000E+00  0.0000E+00
     -0.865  0.3013E-01  0.1265E-01  0.1265E-01  0.1265E-01  0.0000E+00  0.0000E+00  0.0000E+00  0.0000E+00  0.0000E+00
     -0.728  0.2876E-01  0.1237E-01  0.1237E-01  0.1237E-01  0.0000E+00  0.0000E+00  0.0000E+00  0.0000E+00  0.0000E+00
     -0.590  0.2857E-01  0.2129E-01  0.2129E-01  0.2129E-01  0.0000E+00  0.0000E+00  0.0000E+00  0.0000E+00  0.0000E+00
     -0.452  0.2798E-01  0.2632E-01  0.2632E-01  0.2632E-01  0.0000E+00  0.0000E+00  0.0000E+00  0.0000E+00  0.0000E+00
     -0.314  0.2787E-01  0.3029E-01  0.3029E-01  0.3029E-01  0.0000E+00  0.0000E+00  0.0000E+00  0.0000E+00  0.0000E+00
     -0.177  0.2840E-01  0.3557E-01  0.3557E-01  0.3557E-01  0.0000E+00  0.0000E+00  0.0000E+00  0.0000E+00  0.0000E+00
     -0.039  0.2972E-01  0.4605E-01  0.4605E-01  0.4605E-01  0.0000E+00  0.0000E+00  0.0000E+00  0.0000E+00  0.0000E+00
      0.099  0.2945E-01  0.4484E-01  0.4484E-01  0.4484E-01  0.0000E+00  0.0000E+00  0.0000E+00  0.0000E+00  0.0000E+00
      0.237  0.2955E-01  0.4371E-01  0.4371E-01  0.4371E-01  0.0000E+00  0.0000E+00  0.0000E+00  0.0000E+00  0.0000E+00
      0.375  0.2924E-01  0.4184E-01  0.4184E-01  0.4184E-01  0.0000E+00  0.0000E+00  0.0000E+00  0.0000E+00  0.0000E+00
      0.512  0.2863E-01  0.4149E-01  0.4149E-01  0.4149E-01  0.0000E+00  0.0000E+00  0.0000E+00  0.0000E+00  0.0000E+00
      0.650  0.2847E-01  0.4240E-01  0.4240E-01  0.4240E-01  0.0000E+00  0.0000E+00  0.0000E+00  0.0000E+00  0.0000E+00
      0.788  0.2810E-01  0.4300E-01  0.4300E-01  0.4300E-01  0.0000E+00  0.0000E+00  0.0000E+00  0.0000E+00  0.0000E+00
      0.926  0.2756E-01  0.4405E-01  0.4405E-01  0.4405E-01  0.0000E+00  0.0000E+00  0.0000E+00  0.0000E+00  0.0000E+00
      1.063  0.2706E-01  0.4689E-01  0.4689E-01  0.4689E-01  0.0000E+00  0.0000E+00  0.0000E+00  0.0000E+00  0.0000E+00
      1.201  0.2653E-01  0.4680E-01  0.4680E-01  0.4680E-01  0.0000E+00  0.0000E+00  0.0000E+00  0.0000E+00  0.0000E+00
      1.339  0.2604E-01  0.4887E-01  0.4887E-01  0.4887E-01  0.0000E+00  0.0000E+00  0.0000E+00  0.0000E+00  0.0000E+00
      1.477  0.2522E-01  0.5082E-01  0.5082E-01  0.5082E-01  0.0000E+00  0.0000E+00  0.0000E+00  0.0000E+00  0.0000E+00
      1.614  0.2467E-01  0.5271E-01  0.5271E-01  0.5271E-01  0.0000E+00  0.0000E+00  0.0000E+00  0.0000E+00  0.0000E+00
      1.752  0.2420E-01  0.5680E-01  0.5680E-01  0.5680E-01  0.0000E+00  0.0000E+00  0.0000E+00  0.0000E+00  0.0000E+00
      1.890  0.2352E-01  0.5926E-01  0.5926E-01  0.5926E-01  0.0000E+00  0.0000E+00  0.0000E+00  0.0000E+00  0.0000E+00
      2.028  0.2264E-01  0.6580E-01  0.6580E-01  0.6580E-01  0.0000E+00  0.0000E+00  0.0000E+00  0.0000E+00  0.0000E+00
      2.165  0.2201E-01  0.7756E-01  0.7756E-01  0.7756E-01  0.0000E+00  0.0000E+00  0.0000E+00  0.0000E+00  0.0000E+00
      2.303  0.2134E-01  0.7968E-01  0.7968E-01  0.7968E-01  0.0000E+00  0.0000E+00  0.0000E+00  0.0000E+00  0.0000E+00
      2.441  0.2052E-01  0.7688E-01  0.7688E-01  0.7688E-01  0.0000E+00  0.0000E+00  0.0000E+00  0.0000E+00  0.0000E+00
      2.579  0.1960E-01  0.7655E-01  0.7655E-01  0.7655E-01  0.0000E+00  0.0000E+00  0.0000E+00  0.0000E+00  0.0000E+00
      2.716  0.1893E-01  0.7611E-01  0.7611E-01  0.7611E-01  0.0000E+00  0.0000E+00  0.0000E+00  0.0000E+00  0.0000E+00
      2.854  0.1824E-01  0.7578E-01  0.7578E-01  0.7578E-01  0.0000E+00  0.0000E+00  0.0000E+00  0.0000E+00  0.0000E+00
      2.992  0.1751E-01  0.7573E-01  0.7573E-01  0.7573E-01  0.0000E+00  0.0000E+00  0.0000E+00  0.0000E+00  0.0000E+00
      3.130  0.1659E-01  0.7521E-01  0.7521E-01  0.7521E-01  0.0000E+00  0.0000E+00  0.0000E+00  0.0000E+00  0.0000E+00
      3.268  0.1595E-01  0.7482E-01  0.7482E-01  0.7482E-01  0.0000E+00  0.0000E+00  0.0000E+00  0.0000E+00  0.0000E+00
      3.405  0.1537E-01  0.7476E-01  0.7476E-01  0.7476E-01  0.0000E+00  0.0000E+00  0.0000E+00  0.0000E+00  0.0000E+00
      3.543  0.1461E-01  0.7453E-01  0.7453E-01  0.7453E-01  0.0000E+00  0.0000E+00  0.0000E+00  0.0000E+00  0.0000E+00
      3.681  0.1369E-01  0.7391E-01  0.7391E-01  0.7391E-01  0.0000E+00  0.0000E+00  0.0000E+00  0.0000E+00  0.0000E+00
      3.819  0.1312E-01  0.7400E-01  0.7400E-01  0.7400E-01  0.0000E+00  0.0000E+00  0.0000E+00  0.0000E+00  0.0000E+00
      3.956  0.1252E-01  0.7382E-01  0.7382E-01  0.7382E-01  0.0000E+00  0.0000E+00  0.0000E+00  0.0000E+00  0.0000E+00
      4.094  0.1181E-01  0.7340E-01  0.7340E-01  0.7340E-01  0.0000E+00  0.0000E+00  0.0000E+00  0.0000E+00  0.0000E+00
      4.232  0.1099E-01  0.7320E-01  0.7320E-01  0.7320E-01  0.0000E+00  0.0000E+00  0.0000E+00  0.0000E+00  0.0000E+00
      4.370  0.1041E-01  0.7292E-01  0.7292E-01  0.7292E-01  0.0000E+00  0.0000E+00  0.0000E+00  0.0000E+00  0.0000E+00
      4.507  0.9757E-02  0.7283E-01  0.7283E-01  0.7283E-01  0.0000E+00  0.0000E+00  0.0000E+00  0.0000E+00  0.0000E+00
      4.645  0.9092E-02  0.7246E-01  0.7246E-01  0.7246E-01  0.0000E+00  0.0000E+00  0.0000E+00  0.0000E+00  0.0000E+00
      4.783  0.8362E-02  0.7220E-01  0.7220E-01  0.7220E-01  0.0000E+00  0.0000E+00  0.0000E+00  0.0000E+00  0.0000E+00
      4.921  0.7799E-02  0.7207E-01  0.7207E-01  0.7207E-01  0.0000E+00  0.0000E+00  0.0000E+00  0.0000E+00  0.0000E+00
      5.058  0.7270E-02  0.7173E-01  0.7173E-01  0.7173E-01  0.0000E+00  0.0000E+00  0.0000E+00  0.0000E+00  0.0000E+00
      5.196  0.6661E-02  0.7160E-01  0.7160E-01  0.7160E-01  0.0000E+00  0.0000E+00  0.0000E+00  0.0000E+00  0.0000E+00
      5.334  0.5971E-02  0.7117E-01  0.7117E-01  0.7117E-01  0.0000E+00  0.0000E+00  0.0000E+00  0.0000E+00  0.0000E+00
      5.472  0.5371E-02  0.6679E-01  0.6679E-01  0.6679E-01  0.0000E+00  0.0000E+00  0.0000E+00  0.0000E+00  0.0000E+00
      5.609  0.4896E-02  0.5446E-01  0.5446E-01  0.5446E-01  0.0000E+00  0.0000E+00  0.0000E+00  0.0000E+00  0.0000E+00
      5.747  0.4451E-02  0.4839E-01  0.4839E-01  0.4839E-01  0.0000E+00  0.0000E+00  0.0000E+00  0.0000E+00  0.0000E+00
      5.885  0.3970E-02  0.4376E-01  0.4376E-01  0.4376E-01  0.0000E+00  0.0000E+00  0.0000E+00  0.0000E+00  0.0000E+00
      6.023  0.3553E-02  0.3986E-01  0.3986E-01  0.3986E-01  0.0000E+00  0.0000E+00  0.0000E+00  0.0000E+00  0.0000E+00
      6.161  0.3205E-02  0.3666E-01  0.3666E-01  0.3666E-01  0.0000E+00  0.0000E+00  0.0000E+00  0.0000E+00  0.0000E+00
      6.298  0.2855E-02  0.3364E-01  0.3364E-01  0.3364E-01  0.0000E+00  0.0000E+00  0.0000E+00  0.0000E+00  0.0000E+00
      6.436  0.2491E-02  0.3077E-01  0.3077E-01  0.3077E-01  0.0000E+00  0.0000E+00  0.0000E+00  0.0000E+00  0.0000E+00
      6.574  0.2172E-02  0.2820E-01  0.2820E-01  0.2820E-01  0.0000E+00  0.0000E+00  0.0000E+00  0.0000E+00  0.0000E+00
      6.712  0.1893E-02  0.2592E-01  0.2592E-01  0.2592E-01  0.0000E+00  0.0000E+00  0.0000E+00  0.0000E+00  0.0000E+00
      6.849  0.1629E-02  0.2359E-01  0.2359E-01  0.2359E-01  0.0000E+00  0.0000E+00  0.0000E+00  0.0000E+00  0.0000E+00
      6.987  0.1331E-02  0.2141E-01  0.2141E-01  0.2141E-01  0.0000E+00  0.0000E+00  0.0000E+00  0.0000E+00  0.0000E+00
      7.125  0.1121E-02  0.1938E-01  0.1938E-01  0.1938E-01  0.0000E+00  0.0000E+00  0.0000E+00  0.0000E+00  0.0000E+00
      7.263  0.9081E-03  0.1728E-01  0.1728E-01  0.1728E-01  0.0000E+00  0.0000E+00  0.0000E+00  0.0000E+00  0.0000E+00
      7.400  0.6824E-03  0.1537E-01  0.1537E-01  0.1537E-01  0.0000E+00  0.0000E+00  0.0000E+00  0.0000E+00  0.0000E+00
      7.538  0.5155E-03  0.1323E-01  0.1323E-01  0.1323E-01  0.0000E+00  0.0000E+00  0.0000E+00  0.0000E+00  0.0000E+00
      7.676  0.3569E-03  0.1114E-01  0.1114E-01  0.1114E-01  0.0000E+00  0.0000E+00  0.0000E+00  0.0000E+00  0.0000E+00
      7.814  0.2039E-03  0.8974E-02  0.8974E-02  0.8974E-02  0.0000E+00  0.0000E+00  0.0000E+00  0.0000E+00  0.0000E+00
      7.951  0.9817E-04  0.6645E-02  0.6645E-02  0.6645E-02  0.0000E+00  0.0000E+00  0.0000E+00  0.0000E+00  0.0000E+00
      8.089  0.2278E-04  0.2989E-02  0.2989E-02  0.2989E-02  0.0000E+00  0.0000E+00  0.0000E+00  0.0000E+00  0.0000E+00
      8.227  0.0000E+00  0.0000E+00  0.0000E+00  0.0000E+00  0.0000E+00  0.0000E+00  0.0000E+00  0.0000E+00  0.0000E+00
      8.365  0.0000E+00  0.0000E+00  0.0000E+00  0.0000E+00  0.0000E+00  0.0000E+00  0.0000E+00  0.0000E+00  0.0000E+00
      8.502  0.0000E+00  0.0000E+00  0.0000E+00  0.0000E+00  0.0000E+00  0.0000E+00  0.0000E+00  0.0000E+00  0.0000E+00
      8.640  0.0000E+00  0.0000E+00  0.0000E+00  0.0000E+00  0.0000E+00  0.0000E+00  0.0000E+00  0.0000E+00  0.0000E+00
      8.778  0.0000E+00  0.0000E+00  0.0000E+00  0.0000E+00  0.0000E+00  0.0000E+00  0.0000E+00  0.0000E+00  0.0000E+00
      8.916  0.0000E+00  0.0000E+00  0.0000E+00  0.0000E+00  0.0000E+00  0.0000E+00  0.0000E+00  0.0000E+00  0.0000E+00
      9.054  0.0000E+00  0.0000E+00  0.0000E+00  0.0000E+00  0.0000E+00  0.0000E+00  0.0000E+00  0.0000E+00  0.0000E+00
      9.191  0.0000E+00  0.0000E+00  0.0000E+00  0.0000E+00  0.0000E+00  0.0000E+00  0.0000E+00  0.0000E+00  0.0000E+00
      9.329  0.0000E+00  0.0000E+00  0.0000E+00  0.0000E+00  0.0000E+00  0.0000E+00  0.0000E+00  0.0000E+00  0.0000E+00
      9.467  0.0000E+00  0.0000E+00  0.0000E+00  0.0000E+00  0.0000E+00  0.0000E+00  0.0000E+00  0.0000E+00  0.0000E+00
      9.605  0.0000E+00  0.0000E+00  0.0000E+00  0.0000E+00  0.0000E+00  0.0000E+00  0.0000E+00  0.0000E+00  0.0000E+00
      9.742  0.0000E+00  0.0000E+00  0.0000E+00  0.0000E+00  0.0000E+00  0.0000E+00  0.0000E+00  0.0000E+00  0.0000E+00
      9.880  0.0000E+00  0.0000E+00  0.0000E+00  0.0000E+00  0.0000E+00  0.0000E+00  0.0000E+00  0.0000E+00  0.0000E+00
     10.018  0.0000E+00  0.0000E+00  0.0000E+00  0.0000E+00  0.0000E+00  0.0000E+00  0.0000E+00  0.0000E+00  0.0000E+00
     10.156  0.0000E+00  0.0000E+00  0.0000E+00  0.0000E+00  0.0000E+00  0.0000E+00  0.0000E+00  0.0000E+00  0.0000E+00
     10.293  0.0000E+00  0.0000E+00  0.0000E+00  0.0000E+00  0.0000E+00  0.0000E+00  0.0000E+00  0.0000E+00  0.0000E+00
     10.431  0.0000E+00  0.0000E+00  0.0000E+00  0.0000E+00  0.0000E+00  0.0000E+00  0.0000E+00  0.0000E+00  0.0000E+00
     10.569  0.0000E+00  0.0000E+00  0.0000E+00  0.0000E+00  0.0000E+00  0.0000E+00  0.0000E+00  0.0000E+00  0.0000E+00
     10.707  0.0000E+00  0.0000E+00  0.0000E+00  0.0000E+00  0.0000E+00  0.0000E+00  0.0000E+00  0.0000E+00  0.0000E+00
     10.844  0.0000E+00  0.0000E+00  0.0000E+00  0.0000E+00  0.0000E+00  0.0000E+00  0.0000E+00  0.0000E+00  0.0000E+00
     10.982  0.0000E+00  0.0000E+00  0.0000E+00  0.0000E+00  0.0000E+00  0.0000E+00  0.0000E+00  0.0000E+00  0.0000E+00
     11.120  0.0000E+00  0.0000E+00  0.0000E+00  0.0000E+00  0.0000E+00  0.0000E+00  0.0000E+00  0.0000E+00  0.0000E+00
     11.258  0.0000E+00  0.0000E+00  0.0000E+00  0.0000E+00  0.0000E+00  0.0000E+00  0.0000E+00  0.0000E+00  0.0000E+00
     11.395  0.0000E+00  0.0000E+00  0.0000E+00  0.0000E+00  0.0000E+00  0.0000E+00  0.0000E+00  0.0000E+00  0.0000E+00
     11.533  0.0000E+00  0.0000E+00  0.0000E+00  0.0000E+00  0.0000E+00  0.0000E+00  0.0000E+00  0.0000E+00  0.0000E+00
     11.671  0.0000E+00  0.0000E+00  0.0000E+00  0.0000E+00  0.0000E+00  0.0000E+00  0.0000E+00  0.0000E+00  0.0000E+00
     11.809  0.0000E+00  0.0000E+00  0.0000E+00  0.0000E+00  0.0000E+00  0.0000E+00  0.0000E+00  0.0000E+00  0.0000E+00
     11.947  0.0000E+00  0.0000E+00  0.0000E+00  0.0000E+00  0.0000E+00  0.0000E+00  0.0000E+00  0.0000E+00  0.0000E+00
     12.084  0.0000E+00  0.0000E+00  0.0000E+00  0.0000E+00  0.0000E+00  0.0000E+00  0.0000E+00  0.0000E+00  0.0000E+00
     12.222  0.2717E-03  0.1049E-03  0.1049E-03  0.1049E-03  0.0000E+00  0.0000E+00  0.0000E+00  0.0000E+00  0.0000E+00
     12.360  0.6873E-02  0.2872E-02  0.2872E-02  0.2872E-02  0.0000E+00  0.0000E+00  0.0000E+00  0.0000E+00  0.0000E+00
     12.498  0.9545E-02  0.4167E-02  0.4167E-02  0.4167E-02  0.0000E+00  0.0000E+00  0.0000E+00  0.0000E+00  0.0000E+00
     12.635  0.1182E-01  0.5534E-02  0.5534E-02  0.5534E-02  0.0000E+00  0.0000E+00  0.0000E+00  0.0000E+00  0.0000E+00
     12.773  0.1441E-01  0.7081E-02  0.7081E-02  0.7081E-02  0.0000E+00  0.0000E+00  0.0000E+00  0.0000E+00  0.0000E+00
     12.911  0.1784E-01  0.8924E-02  0.8924E-02  0.8924E-02  0.0000E+00  0.0000E+00  0.0000E+00  0.0000E+00  0.0000E+00
     13.049  0.2090E-01  0.1086E-01  0.1086E-01  0.1086E-01  0.0000E+00  0.0000E+00  0.0000E+00  0.0000E+00  0.0000E+00
     13.186  0.2312E-01  0.1277E-01  0.1277E-01  0.1277E-01  0.0000E+00  0.0000E+00  0.0000E+00  0.0000E+00  0.0000E+00
     13.324  0.2521E-01  0.1498E-01  0.1498E-01  0.1498E-01  0.0000E+00  0.0000E+00  0.0000E+00  0.0000E+00  0.0000E+00
     13.462  0.2675E-01  0.1721E-01  0.1721E-01  0.1721E-01  0.0000E+00  0.0000E+00  0.0000E+00  0.0000E+00  0.0000E+00
     13.600  0.2834E-01  0.2081E-01  0.2081E-01  0.2081E-01  0.0000E+00  0.0000E+00  0.0000E+00  0.0000E+00  0.0000E+00
     13.737  0.2967E-01  0.2499E-01  0.2499E-01  0.2499E-01  0.0000E+00  0.0000E+00  0.0000E+00  0.0000E+00  0.0000E+00
     13.875  0.3069E-01  0.2574E-01  0.2574E-01  0.2574E-01  0.0000E+00  0.0000E+00  0.0000E+00  0.0000E+00  0.0000E+00
     14.013  0.3171E-01  0.2721E-01  0.2721E-01  0.2721E-01  0.0000E+00  0.0000E+00  0.0000E+00  0.0000E+00  0.0000E+00
     14.151  0.3277E-01  0.2887E-01  0.2887E-01  0.2887E-01  0.0000E+00  0.0000E+00  0.0000E+00  0.0000E+00  0.0000E+00
     14.288  0.3396E-01  0.3046E-01  0.3046E-01  0.3046E-01  0.0000E+00  0.0000E+00  0.0000E+00  0.0000E+00  0.0000E+00
     14.426  0.3512E-01  0.3226E-01  0.3226E-01  0.3226E-01  0.0000E+00  0.0000E+00  0.0000E+00  0.0000E+00  0.0000E+00
     14.564  0.3620E-01  0.3402E-01  0.3402E-01  0.3402E-01  0.0000E+00  0.0000E+00  0.0000E+00  0.0000E+00  0.0000E+00
     14.702  0.3745E-01  0.3594E-01  0.3594E-01  0.3594E-01  0.0000E+00  0.0000E+00  0.0000E+00  0.0000E+00  0.0000E+00
     14.840  0.3889E-01  0.3800E-01  0.3800E-01  0.3800E-01  0.0000E+00  0.0000E+00  0.0000E+00  0.0000E+00  0.0000E+00
     14.977  0.4069E-01  0.4022E-01  0.4022E-01  0.4022E-01  0.0000E+00  0.0000E+00  0.0000E+00  0.0000E+00  0.0000E+00
     15.115  0.4277E-01  0.4266E-01  0.4266E-01  0.4266E-01  0.0000E+00  0.0000E+00  0.0000E+00  0.0000E+00  0.0000E+00
     15.253  0.4563E-01  0.4530E-01  0.4530E-01  0.4530E-01  0.0000E+00  0.0000E+00  0.0000E+00  0.0000E+00  0.0000E+00
     15.391  0.4966E-01  0.4819E-01  0.4819E-01  0.4819E-01  0.0000E+00  0.0000E+00  0.0000E+00  0.0000E+00  0.0000E+00
     15.528  0.5540E-01  0.5148E-01  0.5148E-01  0.5148E-01  0.0000E+00  0.0000E+00  0.0000E+00  0.0000E+00  0.0000E+00
     15.666  0.6916E-01  0.5643E-01  0.5643E-01  0.5643E-01  0.0000E+00  0.0000E+00  0.0000E+00  0.0000E+00  0.0000E+00
     15.804  0.1217E+00  0.6247E-01  0.6247E-01  0.6247E-01  0.0000E+00  0.0000E+00  0.0000E+00  0.0000E+00  0.0000E+00
     15.942  0.1200E+00  0.6576E-01  0.6576E-01  0.6576E-01  0.0000E+00  0.0000E+00  0.0000E+00  0.0000E+00  0.0000E+00
     16.079  0.1123E+00  0.7161E-01  0.7161E-01  0.7161E-01  0.0000E+00  0.0000E+00  0.0000E+00  0.0000E+00  0.0000E+00
     16.217  0.1018E+00  0.8379E-01  0.8379E-01  0.8379E-01  0.0000E+00  0.0000E+00  0.0000E+00  0.0000E+00  0.0000E+00
     16.355  0.7293E-01  0.7718E-01  0.7718E-01  0.7718E-01  0.0000E+00  0.0000E+00  0.0000E+00  0.0000E+00  0.0000E+00
     16.493  0.7118E-01  0.9883E-01  0.9883E-01  0.9883E-01  0.0000E+00  0.0000E+00  0.0000E+00  0.0000E+00  0.0000E+00
     16.630  0.6413E-01  0.7883E-01  0.7883E-01  0.7883E-01  0.0000E+00  0.0000E+00  0.0000E+00  0.0000E+00  0.0000E+00
     16.768  0.6371E-01  0.7112E-01  0.7112E-01  0.7112E-01  0.0000E+00  0.0000E+00  0.0000E+00  0.0000E+00  0.0000E+00
     16.906  0.6036E-01  0.6634E-01  0.6634E-01  0.6634E-01  0.0000E+00  0.0000E+00  0.0000E+00  0.0000E+00  0.0000E+00
     17.044  0.5868E-01  0.6402E-01  0.6402E-01  0.6402E-01  0.0000E+00  0.0000E+00  0.0000E+00  0.0000E+00  0.0000E+00
     17.181  0.5704E-01  0.6236E-01  0.6236E-01  0.6236E-01  0.0000E+00  0.0000E+00  0.0000E+00  0.0000E+00  0.0000E+00
     17.319  0.5691E-01  0.6233E-01  0.6233E-01  0.6233E-01  0.0000E+00  0.0000E+00  0.0000E+00  0.0000E+00  0.0000E+00
     17.457  0.5399E-01  0.5947E-01  0.5947E-01  0.5947E-01  0.0000E+00  0.0000E+00  0.0000E+00  0.0000E+00  0.0000E+00
     17.595  0.5399E-01  0.5908E-01  0.5908E-01  0.5908E-01  0.0000E+00  0.0000E+00  0.0000E+00  0.0000E+00  0.0000E+00
     17.732  0.5401E-01  0.5974E-01  0.5974E-01  0.5974E-01  0.0000E+00  0.0000E+00  0.0000E+00  0.0000E+00  0.0000E+00
     17.870  0.5314E-01  0.5841E-01  0.5841E-01  0.5841E-01  0.0000E+00  0.0000E+00  0.0000E+00  0.0000E+00  0.0000E+00
     18.008  0.5661E-01  0.6031E-01  0.6031E-01  0.6031E-01  0.0000E+00  0.0000E+00  0.0000E+00  0.0000E+00  0.0000E+00
     18.146  0.6108E-01  0.6296E-01  0.6296E-01  0.6296E-01  0.0000E+00  0.0000E+00  0.0000E+00  0.0000E+00  0.0000E+00
     18.284  0.6732E-01  0.6320E-01  0.6320E-01  0.6320E-01  0.0000E+00  0.0000E+00  0.0000E+00  0.0000E+00  0.0000E+00
     18.421  0.4501E-01  0.5324E-01  0.5324E-01  0.5324E-01  0.0000E+00  0.0000E+00  0.0000E+00  0.0000E+00  0.0000E+00
     18.559  0.3689E-01  0.4882E-01  0.4882E-01  0.4882E-01  0.0000E+00  0.0000E+00  0.0000E+00  0.0000E+00  0.0000E+00
     18.697  0.3377E-01  0.4760E-01  0.4760E-01  0.4760E-01  0.0000E+00  0.0000E+00  0.0000E+00  0.0000E+00  0.0000E+00
     18.835  0.3660E-01  0.5134E-01  0.5134E-01  0.5134E-01  0.0000E+00  0.0000E+00  0.0000E+00  0.0000E+00  0.0000E+00
     18.972  0.4347E-01  0.5826E-01  0.5826E-01  0.5826E-01  0.0000E+00  0.0000E+00  0.0000E+00  0.0000E+00  0.0000E+00
     19.110  0.4505E-01  0.5862E-01  0.5862E-01  0.5862E-01  0.0000E+00  0.0000E+00  0.0000E+00  0.0000E+00  0.0000E+00
     19.248  0.4739E-01  0.5864E-01  0.5864E-01  0.5864E-01  0.0000E+00  0.0000E+00  0.0000E+00  0.0000E+00  0.0000E+00
     19.386  0.5191E-01  0.5853E-01  0.5853E-01  0.5853E-01  0.0000E+00  0.0000E+00  0.0000E+00  0.0000E+00  0.0000E+00
     19.523  0.6613E-01  0.6016E-01  0.6016E-01  0.6016E-01  0.0000E+00  0.0000E+00  0.0000E+00  0.0000E+00  0.0000E+00
     19.661  0.6931E-01  0.6000E-01  0.6000E-01  0.6000E-01  0.0000E+00  0.0000E+00  0.0000E+00  0.0000E+00  0.0000E+00
     19.799  0.8743E-01  0.6426E-01  0.6426E-01  0.6426E-01  0.0000E+00  0.0000E+00  0.0000E+00  0.0000E+00  0.0000E+00
     19.937  0.8684E-01  0.6331E-01  0.6331E-01  0.6331E-01  0.0000E+00  0.0000E+00  0.0000E+00  0.0000E+00  0.0000E+00
     20.074  0.7848E-01  0.6406E-01  0.6406E-01  0.6406E-01  0.0000E+00  0.0000E+00  0.0000E+00  0.0000E+00  0.0000E+00
     20.212  0.7700E-01  0.6767E-01  0.6767E-01  0.6767E-01  0.0000E+00  0.0000E+00  0.0000E+00  0.0000E+00  0.0000E+00
     20.350  0.7379E-01  0.6791E-01  0.6791E-01  0.6791E-01  0.0000E+00  0.0000E+00  0.0000E+00  0.0000E+00  0.0000E+00
     20.488  0.6978E-01  0.6678E-01  0.6678E-01  0.6678E-01  0.0000E+00  0.0000E+00  0.0000E+00  0.0000E+00  0.0000E+00
     20.625  0.6720E-01  0.6899E-01  0.6899E-01  0.6899E-01  0.0000E+00  0.0000E+00  0.0000E+00  0.0000E+00  0.0000E+00
     20.763  0.6808E-01  0.7134E-01  0.7134E-01  0.7134E-01  0.0000E+00  0.0000E+00  0.0000E+00  0.0000E+00  0.0000E+00
     20.901  0.6346E-01  0.7543E-01  0.7543E-01  0.7543E-01  0.0000E+00  0.0000E+00  0.0000E+00  0.0000E+00  0.0000E+00
     21.039  0.5565E-01  0.7341E-01  0.7341E-01  0.7341E-01  0.0000E+00  0.0000E+00  0.0000E+00  0.0000E+00  0.0000E+00
     21.177  0.4328E-01  0.6396E-01  0.6396E-01  0.6396E-01  0.0000E+00  0.0000E+00  0.0000E+00  0.0000E+00  0.0000E+00
     21.314  0.3920E-01  0.6390E-01  0.6390E-01  0.6390E-01  0.0000E+00  0.0000E+00  0.0000E+00  0.0000E+00  0.0000E+00
     21.452  0.3530E-01  0.6419E-01  0.6419E-01  0.6419E-01  0.0000E+00  0.0000E+00  0.0000E+00  0.0000E+00  0.0000E+00
     21.590  0.3434E-01  0.6768E-01  0.6768E-01  0.6768E-01  0.0000E+00  0.0000E+00  0.0000E+00  0.0000E+00  0.0000E+00
     21.728  0.3668E-01  0.7633E-01  0.7633E-01  0.7633E-01  0.0000E+00  0.0000E+00  0.0000E+00  0.0000E+00  0.0000E+00
     21.865  0.4484E-01  0.9637E-01  0.9637E-01  0.9637E-01  0.0000E+00  0.0000E+00  0.0000E+00  0.0000E+00  0.0000E+00
     22.003  0.4740E-01  0.1068E+00  0.1068E+00  0.1068E+00  0.0000E+00  0.0000E+00  0.0000E+00  0.0000E+00  0.0000E+00
     22.141  0.3615E-01  0.8706E-01  0.8706E-01  0.8706E-01  0.0000E+00  0.0000E+00  0.0000E+00  0.0000E+00  0.0000E+00
     22.279  0.2976E-01  0.7888E-01  0.7888E-01  0.7888E-01  0.0000E+00  0.0000E+00  0.0000E+00  0.0000E+00  0.0000E+00
     22.416  0.2578E-01  0.7516E-01  0.7516E-01  0.7516E-01  0.0000E+00  0.0000E+00  0.0000E+00  0.0000E+00  0.0000E+00
     22.554  0.2185E-01  0.6979E-01  0.6979E-01  0.6979E-01  0.0000E+00  0.0000E+00  0.0000E+00  0.0000E+00  0.0000E+00
     22.692  0.1892E-01  0.6603E-01  0.6603E-01  0.6603E-01  0.0000E+00  0.0000E+00  0.0000E+00  0.0000E+00  0.0000E+00
     22.830  0.1591E-01  0.6232E-01  0.6232E-01  0.6232E-01  0.0000E+00  0.0000E+00  0.0000E+00  0.0000E+00  0.0000E+00
     22.967  0.1332E-01  0.5939E-01  0.5939E-01  0.5939E-01  0.0000E+00  0.0000E+00  0.0000E+00  0.0000E+00  0.0000E+00
     23.105  0.1091E-01  0.5528E-01  0.5528E-01  0.5528E-01  0.0000E+00  0.0000E+00  0.0000E+00  0.0000E+00  0.0000E+00
     23.243  0.8567E-02  0.5100E-01  0.5100E-01  0.5100E-01  0.0000E+00  0.0000E+00  0.0000E+00  0.0000E+00  0.0000E+00
     23.381  0.6447E-02  0.4740E-01  0.4740E-01  0.4740E-01  0.0000E+00  0.0000E+00  0.0000E+00  0.0000E+00  0.0000E+00
     23.518  0.4587E-02  0.4304E-01  0.4304E-01  0.4304E-01  0.0000E+00  0.0000E+00  0.0000E+00  0.0000E+00  0.0000E+00
     23.656  0.2780E-02  0.3586E-01  0.3586E-01  0.3586E-01  0.0000E+00  0.0000E+00  0.0000E+00  0.0000E+00  0.0000E+00
     23.794  0.1418E-02  0.2205E-01  0.2205E-01  0.2205E-01  0.0000E+00  0.0000E+00  0.0000E+00  0.0000E+00  0.0000E+00
     23.932  0.8483E-03  0.1690E-01  0.1690E-01  0.1690E-01  0.0000E+00  0.0000E+00  0.0000E+00  0.0000E+00  0.0000E+00
     24.070  0.4059E-03  0.1326E-01  0.1326E-01  0.1326E-01  0.0000E+00  0.0000E+00  0.0000E+00  0.0000E+00  0.0000E+00
     24.207  0.9842E-04  0.8332E-02  0.8332E-02  0.8332E-02  0.0000E+00  0.0000E+00  0.0000E+00  0.0000E+00  0.0000E+00
     24.345  0.2612E-05  0.6297E-03  0.6297E-03  0.6297E-03  0.0000E+00  0.0000E+00  0.0000E+00  0.0000E+00  0.0000E+00
     24.483  0.0000E+00  0.0000E+00  0.0000E+00  0.0000E+00  0.0000E+00  0.0000E+00  0.0000E+00  0.0000E+00  0.0000E+00
     24.621  0.0000E+00  0.0000E+00  0.0000E+00  0.0000E+00  0.0000E+00  0.0000E+00  0.0000E+00  0.0000E+00  0.0000E+00
     24.758  0.0000E+00  0.0000E+00  0.0000E+00  0.0000E+00  0.0000E+00  0.0000E+00  0.0000E+00  0.0000E+00  0.0000E+00
     24.896  0.0000E+00  0.0000E+00  0.0000E+00  0.0000E+00  0.0000E+00  0.0000E+00  0.0000E+00  0.0000E+00  0.0000E+00
     25.034  0.0000E+00  0.0000E+00  0.0000E+00  0.0000E+00  0.0000E+00  0.0000E+00  0.0000E+00  0.0000E+00  0.0000E+00
     25.172  0.0000E+00  0.0000E+00  0.0000E+00  0.0000E+00  0.0000E+00  0.0000E+00  0.0000E+00  0.0000E+00  0.0000E+00
     25.309  0.0000E+00  0.0000E+00  0.0000E+00  0.0000E+00  0.0000E+00  0.0000E+00  0.0000E+00  0.0000E+00  0.0000E+00
     25.447  0.0000E+00  0.0000E+00  0.0000E+00  0.0000E+00  0.0000E+00  0.0000E+00  0.0000E+00  0.0000E+00  0.0000E+00
     25.585  0.0000E+00  0.0000E+00  0.0000E+00  0.0000E+00  0.0000E+00  0.0000E+00  0.0000E+00  0.0000E+00  0.0000E+00
     25.723  0.0000E+00  0.0000E+00  0.0000E+00  0.0000E+00  0.0000E+00  0.0000E+00  0.0000E+00  0.0000E+00  0.0000E+00
     25.860  0.0000E+00  0.0000E+00  0.0000E+00  0.0000E+00  0.0000E+00  0.0000E+00  0.0000E+00  0.0000E+00  0.0000E+00
     25.998  0.0000E+00  0.0000E+00  0.0000E+00  0.0000E+00  0.0000E+00  0.0000E+00  0.0000E+00  0.0000E+00  0.0000E+00
     26.136  0.0000E+00  0.0000E+00  0.0000E+00  0.0000E+00  0.0000E+00  0.0000E+00  0.0000E+00  0.0000E+00  0.0000E+00
     26.274  0.0000E+00  0.0000E+00  0.0000E+00  0.0000E+00  0.0000E+00  0.0000E+00  0.0000E+00  0.0000E+00  0.0000E+00
