   2   2   1   0
  0.5606549E+01  0.2512350E-09  0.2512350E-09  0.2512350E-09  0.5000000E-15
  1.000000000000000E-004
  CAR 
 C                                       
     29.95792581    -15.02015161  301      9.87690282      1.00000000
    -15.020  0.0000E+00  0.0000E+00
    -14.870  0.0000E+00  0.0000E+00
    -14.720  0.0000E+00  0.0000E+00
    -14.570  0.0000E+00  0.0000E+00
    -14.420  0.0000E+00  0.0000E+00
    -14.271  0.0000E+00  0.0000E+00
    -14.121  0.0000E+00  0.0000E+00
    -13.971  0.0000E+00  0.0000E+00
    -13.821  0.0000E+00  0.0000E+00
    -13.671  0.0000E+00  0.0000E+00
    -13.521  0.0000E+00  0.0000E+00
    -13.371  0.0000E+00  0.0000E+00
    -13.221  0.0000E+00  0.0000E+00
    -13.071  0.0000E+00  0.0000E+00
    -12.921  0.2545E-01  0.7267E-03
    -12.771  0.5846E-01  0.6094E-02
    -12.621  0.6317E-01  0.1422E-01
    -12.471  0.7353E-01  0.2436E-01
    -12.321  0.8420E-01  0.3619E-01
    -12.172  0.9368E-01  0.4950E-01
    -12.022  0.1020E+00  0.6417E-01
    -11.872  0.1100E+00  0.8009E-01
    -11.722  0.1178E+00  0.9716E-01
    -11.572  0.1247E+00  0.1153E+00
    -11.422  0.1318E+00  0.1346E+00
    -11.272  0.1381E+00  0.1548E+00
    -11.122  0.1446E+00  0.1760E+00
    -10.972  0.1506E+00  0.1981E+00
    -10.822  0.1568E+00  0.2212E+00
    -10.672  0.1624E+00  0.2451E+00
    -10.522  0.1683E+00  0.2699E+00
    -10.372  0.1738E+00  0.2955E+00
    -10.222  0.1794E+00  0.3220E+00
    -10.073  0.1849E+00  0.3493E+00
     -9.923  0.1902E+00  0.3774E+00
     -9.773  0.1958E+00  0.4063E+00
     -9.623  0.2009E+00  0.4361E+00
     -9.473  0.2063E+00  0.4666E+00
     -9.323  0.2117E+00  0.4979E+00
     -9.173  0.2170E+00  0.5301E+00
     -9.023  0.2225E+00  0.5630E+00
     -8.873  0.2280E+00  0.5968E+00
     -8.723  0.2335E+00  0.6314E+00
     -8.573  0.2393E+00  0.6668E+00
     -8.423  0.2452E+00  0.7032E+00
     -8.273  0.2512E+00  0.7404E+00
     -8.124  0.2577E+00  0.7785E+00
     -7.974  0.2644E+00  0.8176E+00
     -7.824  0.2717E+00  0.8578E+00
     -7.674  0.2797E+00  0.8991E+00
     -7.524  0.2888E+00  0.9417E+00
     -7.374  0.2995E+00  0.9858E+00
     -7.224  0.3133E+00  0.1032E+01
     -7.074  0.3345E+00  0.1080E+01
     -6.924  0.3751E+00  0.1134E+01
     -6.774  0.3628E+00  0.1189E+01
     -6.624  0.3579E+00  0.1242E+01
     -6.474  0.3421E+00  0.1294E+01
     -6.324  0.3339E+00  0.1345E+01
     -6.174  0.3218E+00  0.1394E+01
     -6.025  0.3128E+00  0.1442E+01
     -5.875  0.3029E+00  0.1488E+01
     -5.725  0.2922E+00  0.1533E+01
     -5.575  0.2826E+00  0.1576E+01
     -5.425  0.2728E+00  0.1617E+01
     -5.275  0.2619E+00  0.1657E+01
     -5.125  0.2528E+00  0.1696E+01
     -4.975  0.2414E+00  0.1733E+01
     -4.825  0.2313E+00  0.1768E+01
     -4.675  0.2203E+00  0.1802E+01
     -4.525  0.2095E+00  0.1835E+01
     -4.375  0.1980E+00  0.1865E+01
     -4.225  0.2160E+00  0.1895E+01
     -4.075  0.2482E+00  0.1930E+01
     -3.926  0.2692E+00  0.1968E+01
     -3.776  0.2439E+00  0.2007E+01
     -3.626  0.2066E+00  0.2039E+01
     -3.476  0.2130E+00  0.2071E+01
     -3.326  0.2296E+00  0.2104E+01
     -3.176  0.2519E+00  0.2140E+01
     -3.026  0.2942E+00  0.2181E+01
     -2.876  0.3484E+00  0.2228E+01
     -2.726  0.4179E+00  0.2286E+01
     -2.576  0.5042E+00  0.2354E+01
     -2.426  0.6652E+00  0.2445E+01
     -2.276  0.6211E+00  0.2543E+01
     -2.126  0.4770E+00  0.2621E+01
     -1.977  0.4299E+00  0.2689E+01
     -1.827  0.3910E+00  0.2750E+01
     -1.677  0.3692E+00  0.2807E+01
     -1.527  0.3428E+00  0.2861E+01
     -1.377  0.3282E+00  0.2911E+01
     -1.227  0.3082E+00  0.2959E+01
     -1.077  0.2961E+00  0.3004E+01
     -0.927  0.2822E+00  0.3048E+01
     -0.777  0.2687E+00  0.3089E+01
     -0.627  0.2592E+00  0.3128E+01
     -0.477  0.2446E+00  0.3166E+01
     -0.327  0.2376E+00  0.3202E+01
     -0.177  0.2277E+00  0.3237E+01
     -0.027  0.3026E+00  0.3274E+01
      0.122  0.3353E+00  0.3321E+01
      0.272  0.3701E+00  0.3373E+01
      0.422  0.4094E+00  0.3432E+01
      0.572  0.4703E+00  0.3497E+01
      0.722  0.5274E+00  0.3574E+01
      0.872  0.5057E+00  0.3650E+01
      1.022  0.4897E+00  0.3724E+01
      1.172  0.4742E+00  0.3796E+01
      1.322  0.4861E+00  0.3868E+01
      1.472  0.4859E+00  0.3940E+01
      1.622  0.4913E+00  0.4014E+01
      1.772  0.4992E+00  0.4088E+01
      1.922  0.5101E+00  0.4163E+01
      2.072  0.5197E+00  0.4241E+01
      2.221  0.5333E+00  0.4319E+01
      2.371  0.5479E+00  0.4400E+01
      2.521  0.5666E+00  0.4484E+01
      2.671  0.5905E+00  0.4570E+01
      2.821  0.6093E+00  0.4659E+01
      2.971  0.6513E+00  0.4754E+01
      3.121  0.7240E+00  0.4855E+01
      3.271  0.7859E+00  0.4968E+01
      3.421  0.7470E+00  0.5080E+01
      3.571  0.7387E+00  0.5191E+01
      3.721  0.7276E+00  0.5301E+01
      3.871  0.7198E+00  0.5410E+01
      4.021  0.7143E+00  0.5517E+01
      4.170  0.7056E+00  0.5624E+01
      4.320  0.6951E+00  0.5729E+01
      4.470  0.6920E+00  0.5833E+01
      4.620  0.6826E+00  0.5936E+01
      4.770  0.6734E+00  0.6037E+01
      4.920  0.6689E+00  0.6138E+01
      5.070  0.6615E+00  0.6238E+01
      5.220  0.6551E+00  0.6336E+01
      5.370  0.6465E+00  0.6434E+01
      5.520  0.6404E+00  0.6530E+01
      5.670  0.6333E+00  0.6626E+01
      5.820  0.6266E+00  0.6720E+01
      5.970  0.6184E+00  0.6814E+01
      6.120  0.6128E+00  0.6906E+01
      6.269  0.6059E+00  0.6997E+01
      6.419  0.6005E+00  0.7088E+01
      6.569  0.5907E+00  0.7177E+01
      6.719  0.5873E+00  0.7266E+01
      6.869  0.5586E+00  0.7353E+01
      7.019  0.4628E+00  0.7426E+01
      7.169  0.4056E+00  0.7490E+01
      7.319  0.3649E+00  0.7548E+01
      7.469  0.3331E+00  0.7600E+01
      7.619  0.3044E+00  0.7648E+01
      7.769  0.2789E+00  0.7692E+01
      7.919  0.2564E+00  0.7732E+01
      8.069  0.2348E+00  0.7769E+01
      8.219  0.2141E+00  0.7802E+01
      8.368  0.1964E+00  0.7833E+01
      8.518  0.1785E+00  0.7861E+01
      8.668  0.1613E+00  0.7887E+01
      8.818  0.1450E+00  0.7909E+01
      8.968  0.1287E+00  0.7930E+01
      9.118  0.1136E+00  0.7948E+01
      9.268  0.9698E-01  0.7964E+01
      9.418  0.8071E-01  0.7977E+01
      9.568  0.6224E-01  0.7988E+01
      9.718  0.4243E-01  0.7996E+01
      9.868  0.1234E-01  0.8000E+01
     10.018  0.0000E+00  0.8000E+01
     10.168  0.0000E+00  0.8000E+01
     10.317  0.0000E+00  0.8000E+01
     10.467  0.0000E+00  0.8000E+01
     10.617  0.0000E+00  0.8000E+01
     10.767  0.0000E+00  0.8000E+01
     10.917  0.0000E+00  0.8000E+01
     11.067  0.0000E+00  0.8000E+01
     11.217  0.0000E+00  0.8000E+01
     11.367  0.0000E+00  0.8000E+01
     11.517  0.0000E+00  0.8000E+01
     11.667  0.0000E+00  0.8000E+01
     11.817  0.0000E+00  0.8000E+01
     11.967  0.0000E+00  0.8000E+01
     12.117  0.0000E+00  0.8000E+01
     12.267  0.0000E+00  0.8000E+01
     12.416  0.0000E+00  0.8000E+01
     12.566  0.0000E+00  0.8000E+01
     12.716  0.0000E+00  0.8000E+01
     12.866  0.0000E+00  0.8000E+01
     13.016  0.0000E+00  0.8000E+01
     13.166  0.0000E+00  0.8000E+01
     13.316  0.0000E+00  0.8000E+01
     13.466  0.0000E+00  0.8000E+01
     13.616  0.0000E+00  0.8000E+01
     13.766  0.0000E+00  0.8000E+01
     13.916  0.0000E+00  0.8000E+01
     14.066  0.0000E+00  0.8000E+01
     14.216  0.0000E+00  0.8000E+01
     14.366  0.7141E-01  0.8004E+01
     14.515  0.9578E-01  0.8016E+01
     14.665  0.1205E+00  0.8031E+01
     14.815  0.1524E+00  0.8052E+01
     14.965  0.1909E+00  0.8078E+01
     15.115  0.2301E+00  0.8109E+01
     15.265  0.2644E+00  0.8146E+01
     15.415  0.2948E+00  0.8187E+01
     15.565  0.3267E+00  0.8234E+01
     15.715  0.3719E+00  0.8285E+01
     15.865  0.4123E+00  0.8344E+01
     16.015  0.4244E+00  0.8406E+01
     16.165  0.4403E+00  0.8471E+01
     16.315  0.4610E+00  0.8539E+01
     16.465  0.4798E+00  0.8609E+01
     16.614  0.4983E+00  0.8683E+01
     16.764  0.5179E+00  0.8759E+01
     16.914  0.5386E+00  0.8838E+01
     17.064  0.5603E+00  0.8920E+01
     17.214  0.5835E+00  0.9006E+01
     17.364  0.6067E+00  0.9095E+01
     17.514  0.6320E+00  0.9188E+01
     17.664  0.6590E+00  0.9285E+01
     17.814  0.6917E+00  0.9386E+01
     17.964  0.7260E+00  0.9492E+01
     18.114  0.7706E+00  0.9604E+01
     18.264  0.8252E+00  0.9724E+01
     18.414  0.9180E+00  0.9853E+01
     18.563  0.1076E+01  0.1001E+02
     18.713  0.1070E+01  0.1017E+02
     18.863  0.8765E+00  0.1031E+02
     19.013  0.1117E+01  0.1044E+02
     19.163  0.9787E+00  0.1059E+02
     19.313  0.8749E+00  0.1072E+02
     19.463  0.8381E+00  0.1085E+02
     19.613  0.8374E+00  0.1098E+02
     19.763  0.7802E+00  0.1110E+02
     19.913  0.7879E+00  0.1122E+02
     20.063  0.7661E+00  0.1133E+02
     20.213  0.7670E+00  0.1145E+02
     20.363  0.7788E+00  0.1156E+02
     20.513  0.7584E+00  0.1168E+02
     20.662  0.7419E+00  0.1179E+02
     20.812  0.7045E+00  0.1190E+02
     20.962  0.6811E+00  0.1200E+02
     21.112  0.6800E+00  0.1211E+02
     21.262  0.6158E+00  0.1220E+02
     21.412  0.5393E+00  0.1229E+02
     21.562  0.4997E+00  0.1237E+02
     21.712  0.5270E+00  0.1244E+02
     21.862  0.5541E+00  0.1252E+02
     22.012  0.5836E+00  0.1261E+02
     22.162  0.5614E+00  0.1269E+02
     22.312  0.5769E+00  0.1278E+02
     22.462  0.6258E+00  0.1287E+02
     22.612  0.6201E+00  0.1296E+02
     22.761  0.6495E+00  0.1305E+02
     22.911  0.6399E+00  0.1315E+02
     23.061  0.6508E+00  0.1325E+02
     23.211  0.6814E+00  0.1335E+02
     23.361  0.6620E+00  0.1345E+02
     23.511  0.6746E+00  0.1355E+02
     23.661  0.6785E+00  0.1365E+02
     23.811  0.7187E+00  0.1375E+02
     23.961  0.7171E+00  0.1386E+02
     24.111  0.8430E+00  0.1398E+02
     24.261  0.8903E+00  0.1410E+02
     24.411  0.9256E+00  0.1424E+02
     24.561  0.8292E+00  0.1437E+02
     24.710  0.7069E+00  0.1448E+02
     24.860  0.7015E+00  0.1458E+02
     25.010  0.7079E+00  0.1469E+02
     25.160  0.8089E+00  0.1480E+02
     25.310  0.8719E+00  0.1493E+02
     25.460  0.8296E+00  0.1506E+02
     25.610  0.7343E+00  0.1518E+02
     25.760  0.6727E+00  0.1528E+02
     25.910  0.6378E+00  0.1538E+02
     26.060  0.5974E+00  0.1547E+02
     26.210  0.5674E+00  0.1556E+02
     26.360  0.5364E+00  0.1564E+02
     26.510  0.5416E+00  0.1572E+02
     26.660  0.7410E+00  0.1580E+02
     26.809  0.2519E+00  0.1585E+02
     26.959  0.2027E+00  0.1588E+02
     27.109  0.1801E+00  0.1591E+02
     27.259  0.1575E+00  0.1593E+02
     27.409  0.1367E+00  0.1596E+02
     27.559  0.1087E+00  0.1597E+02
     27.709  0.8114E-01  0.1599E+02
     27.859  0.5094E-01  0.1600E+02
     28.009  0.2249E-02  0.1600E+02
     28.159  0.0000E+00  0.1600E+02
     28.309  0.0000E+00  0.1600E+02
     28.459  0.0000E+00  0.1600E+02
     28.609  0.0000E+00  0.1600E+02
     28.759  0.0000E+00  0.1600E+02
     28.908  0.0000E+00  0.1600E+02
     29.058  0.0000E+00  0.1600E+02
     29.208  0.0000E+00  0.1600E+02
     29.358  0.0000E+00  0.1600E+02
     29.508  0.0000E+00  0.1600E+02
     29.658  0.0000E+00  0.1600E+02
     29.808  0.0000E+00  0.1600E+02
     29.958  0.0000E+00  0.1600E+02
     29.95792581    -15.02015161  301      9.87690282      1.00000000
    -15.020  0.0000E+00  0.0000E+00  0.0000E+00  0.0000E+00  0.0000E+00  0.0000E+00  0.0000E+00  0.0000E+00  0.0000E+00
    -14.870  0.0000E+00  0.0000E+00  0.0000E+00  0.0000E+00  0.0000E+00  0.0000E+00  0.0000E+00  0.0000E+00  0.0000E+00
    -14.720  0.0000E+00  0.0000E+00  0.0000E+00  0.0000E+00  0.0000E+00  0.0000E+00  0.0000E+00  0.0000E+00  0.0000E+00
    -14.570  0.0000E+00  0.0000E+00  0.0000E+00  0.0000E+00  0.0000E+00  0.0000E+00  0.0000E+00  0.0000E+00  0.0000E+00
    -14.420  0.0000E+00  0.0000E+00  0.0000E+00  0.0000E+00  0.0000E+00  0.0000E+00  0.0000E+00  0.0000E+00  0.0000E+00
    -14.271  0.0000E+00  0.0000E+00  0.0000E+00  0.0000E+00  0.0000E+00  0.0000E+00  0.0000E+00  0.0000E+00  0.0000E+00
    -14.121  0.0000E+00  0.0000E+00  0.0000E+00  0.0000E+00  0.0000E+00  0.0000E+00  0.0000E+00  0.0000E+00  0.0000E+00
    -13.971  0.0000E+00  0.0000E+00  0.0000E+00  0.0000E+00  0.0000E+00  0.0000E+00  0.0000E+00  0.0000E+00  0.0000E+00
    -13.821  0.0000E+00  0.0000E+00  0.0000E+00  0.0000E+00  0.0000E+00  0.0000E+00  0.0000E+00  0.0000E+00  0.0000E+00
    -13.671  0.0000E+00  0.0000E+00  0.0000E+00  0.0000E+00  0.0000E+00  0.0000E+00  0.0000E+00  0.0000E+00  0.0000E+00
    -13.521  0.0000E+00  0.0000E+00  0.0000E+00  0.0000E+00  0.0000E+00  0.0000E+00  0.0000E+00  0.0000E+00  0.0000E+00
    -13.371  0.0000E+00  0.0000E+00  0.0000E+00  0.0000E+00  0.0000E+00  0.0000E+00  0.0000E+00  0.0000E+00  0.0000E+00
    -13.221  0.0000E+00  0.0000E+00  0.0000E+00  0.0000E+00  0.0000E+00  0.0000E+00  0.0000E+00  0.0000E+00  0.0000E+00
    -13.071  0.0000E+00  0.0000E+00  0.0000E+00  0.0000E+00  0.0000E+00  0.0000E+00  0.0000E+00  0.0000E+00  0.0000E+00
    -12.921  0.7203E-02  0.5568E-05  0.5568E-05  0.5568E-05  0.0000E+00  0.0000E+00  0.0000E+00  0.0000E+00  0.0000E+00
    -12.771  0.1648E-01  0.4627E-04  0.4627E-04  0.4627E-04  0.0000E+00  0.0000E+00  0.0000E+00  0.0000E+00  0.0000E+00
    -12.621  0.1771E-01  0.9496E-04  0.9496E-04  0.9496E-04  0.0000E+00  0.0000E+00  0.0000E+00  0.0000E+00  0.0000E+00
    -12.471  0.2052E-01  0.1575E-03  0.1575E-03  0.1575E-03  0.0000E+00  0.0000E+00  0.0000E+00  0.0000E+00  0.0000E+00
    -12.321  0.2339E-01  0.2320E-03  0.2320E-03  0.2320E-03  0.0000E+00  0.0000E+00  0.0000E+00  0.0000E+00  0.0000E+00
    -12.172  0.2591E-01  0.3155E-03  0.3155E-03  0.3155E-03  0.0000E+00  0.0000E+00  0.0000E+00  0.0000E+00  0.0000E+00
    -12.022  0.2806E-01  0.4088E-03  0.4088E-03  0.4088E-03  0.0000E+00  0.0000E+00  0.0000E+00  0.0000E+00  0.0000E+00
    -11.872  0.3015E-01  0.5083E-03  0.5083E-03  0.5083E-03  0.0000E+00  0.0000E+00  0.0000E+00  0.0000E+00  0.0000E+00
    -11.722  0.3213E-01  0.6134E-03  0.6134E-03  0.6134E-03  0.0000E+00  0.0000E+00  0.0000E+00  0.0000E+00  0.0000E+00
    -11.572  0.3385E-01  0.7278E-03  0.7278E-03  0.7278E-03  0.0000E+00  0.0000E+00  0.0000E+00  0.0000E+00  0.0000E+00
    -11.422  0.3564E-01  0.8446E-03  0.8446E-03  0.8446E-03  0.0000E+00  0.0000E+00  0.0000E+00  0.0000E+00  0.0000E+00
    -11.272  0.3717E-01  0.9711E-03  0.9711E-03  0.9711E-03  0.0000E+00  0.0000E+00  0.0000E+00  0.0000E+00  0.0000E+00
    -11.122  0.3878E-01  0.1099E-02  0.1099E-02  0.1099E-02  0.0000E+00  0.0000E+00  0.0000E+00  0.0000E+00  0.0000E+00
    -10.972  0.4020E-01  0.1236E-02  0.1236E-02  0.1236E-02  0.0000E+00  0.0000E+00  0.0000E+00  0.0000E+00  0.0000E+00
    -10.822  0.4170E-01  0.1374E-02  0.1374E-02  0.1374E-02  0.0000E+00  0.0000E+00  0.0000E+00  0.0000E+00  0.0000E+00
    -10.672  0.4300E-01  0.1522E-02  0.1522E-02  0.1522E-02  0.0000E+00  0.0000E+00  0.0000E+00  0.0000E+00  0.0000E+00
    -10.522  0.4440E-01  0.1669E-02  0.1669E-02  0.1669E-02  0.0000E+00  0.0000E+00  0.0000E+00  0.0000E+00  0.0000E+00
    -10.372  0.4565E-01  0.1825E-02  0.1825E-02  0.1825E-02  0.0000E+00  0.0000E+00  0.0000E+00  0.0000E+00  0.0000E+00
    -10.222  0.4694E-01  0.1983E-02  0.1983E-02  0.1983E-02  0.0000E+00  0.0000E+00  0.0000E+00  0.0000E+00  0.0000E+00
    -10.073  0.4820E-01  0.2146E-02  0.2146E-02  0.2146E-02  0.0000E+00  0.0000E+00  0.0000E+00  0.0000E+00  0.0000E+00
     -9.923  0.4941E-01  0.2314E-02  0.2314E-02  0.2314E-02  0.0000E+00  0.0000E+00  0.0000E+00  0.0000E+00  0.0000E+00
     -9.773  0.5069E-01  0.2482E-02  0.2482E-02  0.2482E-02  0.0000E+00  0.0000E+00  0.0000E+00  0.0000E+00  0.0000E+00
     -9.623  0.5185E-01  0.2660E-02  0.2660E-02  0.2660E-02  0.0000E+00  0.0000E+00  0.0000E+00  0.0000E+00  0.0000E+00
     -9.473  0.5307E-01  0.2839E-02  0.2839E-02  0.2839E-02  0.0000E+00  0.0000E+00  0.0000E+00  0.0000E+00  0.0000E+00
     -9.323  0.5430E-01  0.3020E-02  0.3020E-02  0.3020E-02  0.0000E+00  0.0000E+00  0.0000E+00  0.0000E+00  0.0000E+00
     -9.173  0.5549E-01  0.3209E-02  0.3209E-02  0.3209E-02  0.0000E+00  0.0000E+00  0.0000E+00  0.0000E+00  0.0000E+00
     -9.023  0.5674E-01  0.3398E-02  0.3398E-02  0.3398E-02  0.0000E+00  0.0000E+00  0.0000E+00  0.0000E+00  0.0000E+00
     -8.873  0.5800E-01  0.3592E-02  0.3592E-02  0.3592E-02  0.0000E+00  0.0000E+00  0.0000E+00  0.0000E+00  0.0000E+00
     -8.723  0.5927E-01  0.3792E-02  0.3792E-02  0.3792E-02  0.0000E+00  0.0000E+00  0.0000E+00  0.0000E+00  0.0000E+00
     -8.573  0.6062E-01  0.3992E-02  0.3992E-02  0.3992E-02  0.0000E+00  0.0000E+00  0.0000E+00  0.0000E+00  0.0000E+00
     -8.423  0.6201E-01  0.4199E-02  0.4199E-02  0.4199E-02  0.0000E+00  0.0000E+00  0.0000E+00  0.0000E+00  0.0000E+00
     -8.273  0.6346E-01  0.4412E-02  0.4412E-02  0.4412E-02  0.0000E+00  0.0000E+00  0.0000E+00  0.0000E+00  0.0000E+00
     -8.124  0.6503E-01  0.4625E-02  0.4625E-02  0.4625E-02  0.0000E+00  0.0000E+00  0.0000E+00  0.0000E+00  0.0000E+00
     -7.974  0.6671E-01  0.4846E-02  0.4846E-02  0.4846E-02  0.0000E+00  0.0000E+00  0.0000E+00  0.0000E+00  0.0000E+00
     -7.824  0.6855E-01  0.5076E-02  0.5076E-02  0.5076E-02  0.0000E+00  0.0000E+00  0.0000E+00  0.0000E+00  0.0000E+00
     -7.674  0.7064E-01  0.5310E-02  0.5310E-02  0.5310E-02  0.0000E+00  0.0000E+00  0.0000E+00  0.0000E+00  0.0000E+00
     -7.524  0.7307E-01  0.5556E-02  0.5556E-02  0.5556E-02  0.0000E+00  0.0000E+00  0.0000E+00  0.0000E+00  0.0000E+00
     -7.374  0.7601E-01  0.5824E-02  0.5824E-02  0.5824E-02  0.0000E+00  0.0000E+00  0.0000E+00  0.0000E+00  0.0000E+00
     -7.224  0.7990E-01  0.6119E-02  0.6119E-02  0.6119E-02  0.0000E+00  0.0000E+00  0.0000E+00  0.0000E+00  0.0000E+00
     -7.074  0.8602E-01  0.6490E-02  0.6490E-02  0.6490E-02  0.0000E+00  0.0000E+00  0.0000E+00  0.0000E+00  0.0000E+00
     -6.924  0.9798E-01  0.7084E-02  0.7084E-02  0.7084E-02  0.0000E+00  0.0000E+00  0.0000E+00  0.0000E+00  0.0000E+00
     -6.774  0.9434E-01  0.7089E-02  0.7089E-02  0.7089E-02  0.0000E+00  0.0000E+00  0.0000E+00  0.0000E+00  0.0000E+00
     -6.624  0.9291E-01  0.7170E-02  0.7170E-02  0.7170E-02  0.0000E+00  0.0000E+00  0.0000E+00  0.0000E+00  0.0000E+00
     -6.474  0.8831E-01  0.7109E-02  0.7109E-02  0.7109E-02  0.0000E+00  0.0000E+00  0.0000E+00  0.0000E+00  0.0000E+00
     -6.324  0.8592E-01  0.7133E-02  0.7133E-02  0.7133E-02  0.0000E+00  0.0000E+00  0.0000E+00  0.0000E+00  0.0000E+00
     -6.174  0.8245E-01  0.7077E-02  0.7077E-02  0.7077E-02  0.0000E+00  0.0000E+00  0.0000E+00  0.0000E+00  0.0000E+00
     -6.025  0.7988E-01  0.7076E-02  0.7076E-02  0.7076E-02  0.0000E+00  0.0000E+00  0.0000E+00  0.0000E+00  0.0000E+00
     -5.875  0.7708E-01  0.7032E-02  0.7032E-02  0.7032E-02  0.0000E+00  0.0000E+00  0.0000E+00  0.0000E+00  0.0000E+00
     -5.725  0.7408E-01  0.6964E-02  0.6964E-02  0.6964E-02  0.0000E+00  0.0000E+00  0.0000E+00  0.0000E+00  0.0000E+00
     -5.575  0.7138E-01  0.6914E-02  0.6914E-02  0.6914E-02  0.0000E+00  0.0000E+00  0.0000E+00  0.0000E+00  0.0000E+00
     -5.425  0.6869E-01  0.6837E-02  0.6837E-02  0.6837E-02  0.0000E+00  0.0000E+00  0.0000E+00  0.0000E+00  0.0000E+00
     -5.275  0.6567E-01  0.6729E-02  0.6729E-02  0.6729E-02  0.0000E+00  0.0000E+00  0.0000E+00  0.0000E+00  0.0000E+00
     -5.125  0.6321E-01  0.6649E-02  0.6649E-02  0.6649E-02  0.0000E+00  0.0000E+00  0.0000E+00  0.0000E+00  0.0000E+00
     -4.975  0.6010E-01  0.6506E-02  0.6506E-02  0.6506E-02  0.0000E+00  0.0000E+00  0.0000E+00  0.0000E+00  0.0000E+00
     -4.825  0.5735E-01  0.6372E-02  0.6372E-02  0.6372E-02  0.0000E+00  0.0000E+00  0.0000E+00  0.0000E+00  0.0000E+00
     -4.675  0.5440E-01  0.6216E-02  0.6216E-02  0.6216E-02  0.0000E+00  0.0000E+00  0.0000E+00  0.0000E+00  0.0000E+00
     -4.525  0.5154E-01  0.6043E-02  0.6043E-02  0.6043E-02  0.0000E+00  0.0000E+00  0.0000E+00  0.0000E+00  0.0000E+00
     -4.375  0.4846E-01  0.5846E-02  0.5846E-02  0.5846E-02  0.0000E+00  0.0000E+00  0.0000E+00  0.0000E+00  0.0000E+00
     -4.225  0.4803E-01  0.7460E-02  0.7460E-02  0.7460E-02  0.0000E+00  0.0000E+00  0.0000E+00  0.0000E+00  0.0000E+00
     -4.075  0.4932E-01  0.9878E-02  0.9878E-02  0.9878E-02  0.0000E+00  0.0000E+00  0.0000E+00  0.0000E+00  0.0000E+00
     -3.926  0.5058E-01  0.1140E-01  0.1140E-01  0.1140E-01  0.0000E+00  0.0000E+00  0.0000E+00  0.0000E+00  0.0000E+00
     -3.776  0.4231E-01  0.1114E-01  0.1114E-01  0.1114E-01  0.0000E+00  0.0000E+00  0.0000E+00  0.0000E+00  0.0000E+00
     -3.626  0.3056E-01  0.1059E-01  0.1059E-01  0.1059E-01  0.0000E+00  0.0000E+00  0.0000E+00  0.0000E+00  0.0000E+00
     -3.476  0.2929E-01  0.1144E-01  0.1144E-01  0.1144E-01  0.0000E+00  0.0000E+00  0.0000E+00  0.0000E+00  0.0000E+00
     -3.326  0.3063E-01  0.1260E-01  0.1260E-01  0.1260E-01  0.0000E+00  0.0000E+00  0.0000E+00  0.0000E+00  0.0000E+00
     -3.176  0.3314E-01  0.1401E-01  0.1401E-01  0.1401E-01  0.0000E+00  0.0000E+00  0.0000E+00  0.0000E+00  0.0000E+00
     -3.026  0.4028E-01  0.1617E-01  0.1617E-01  0.1617E-01  0.0000E+00  0.0000E+00  0.0000E+00  0.0000E+00  0.0000E+00
     -2.876  0.5010E-01  0.1882E-01  0.1882E-01  0.1882E-01  0.0000E+00  0.0000E+00  0.0000E+00  0.0000E+00  0.0000E+00
     -2.726  0.6298E-01  0.2219E-01  0.2219E-01  0.2219E-01  0.0000E+00  0.0000E+00  0.0000E+00  0.0000E+00  0.0000E+00
     -2.576  0.7834E-01  0.2654E-01  0.2654E-01  0.2654E-01  0.0000E+00  0.0000E+00  0.0000E+00  0.0000E+00  0.0000E+00
     -2.426  0.1072E+00  0.3458E-01  0.3458E-01  0.3458E-01  0.0000E+00  0.0000E+00  0.0000E+00  0.0000E+00  0.0000E+00
     -2.276  0.1015E+00  0.3228E-01  0.3228E-01  0.3228E-01  0.0000E+00  0.0000E+00  0.0000E+00  0.0000E+00  0.0000E+00
     -2.126  0.7644E-01  0.2528E-01  0.2528E-01  0.2528E-01  0.0000E+00  0.0000E+00  0.0000E+00  0.0000E+00  0.0000E+00
     -1.977  0.6843E-01  0.2305E-01  0.2305E-01  0.2305E-01  0.0000E+00  0.0000E+00  0.0000E+00  0.0000E+00  0.0000E+00
     -1.827  0.6160E-01  0.2126E-01  0.2126E-01  0.2126E-01  0.0000E+00  0.0000E+00  0.0000E+00  0.0000E+00  0.0000E+00
     -1.677  0.5783E-01  0.2029E-01  0.2029E-01  0.2029E-01  0.0000E+00  0.0000E+00  0.0000E+00  0.0000E+00  0.0000E+00
     -1.527  0.5308E-01  0.1911E-01  0.1911E-01  0.1911E-01  0.0000E+00  0.0000E+00  0.0000E+00  0.0000E+00  0.0000E+00
     -1.377  0.5044E-01  0.1850E-01  0.1850E-01  0.1850E-01  0.0000E+00  0.0000E+00  0.0000E+00  0.0000E+00  0.0000E+00
     -1.227  0.4681E-01  0.1762E-01  0.1762E-01  0.1762E-01  0.0000E+00  0.0000E+00  0.0000E+00  0.0000E+00  0.0000E+00
     -1.077  0.4456E-01  0.1713E-01  0.1713E-01  0.1713E-01  0.0000E+00  0.0000E+00  0.0000E+00  0.0000E+00  0.0000E+00
     -0.927  0.4200E-01  0.1654E-01  0.1654E-01  0.1654E-01  0.0000E+00  0.0000E+00  0.0000E+00  0.0000E+00  0.0000E+00
     -0.777  0.3951E-01  0.1596E-01  0.1596E-01  0.1596E-01  0.0000E+00  0.0000E+00  0.0000E+00  0.0000E+00  0.0000E+00
     -0.627  0.3769E-01  0.1558E-01  0.1558E-01  0.1558E-01  0.0000E+00  0.0000E+00  0.0000E+00  0.0000E+00  0.0000E+00
     -0.477  0.3504E-01  0.1492E-01  0.1492E-01  0.1492E-01  0.0000E+00  0.0000E+00  0.0000E+00  0.0000E+00  0.0000E+00
     -0.327  0.3367E-01  0.1466E-01  0.1466E-01  0.1466E-01  0.0000E+00  0.0000E+00  0.0000E+00  0.0000E+00  0.0000E+00
     -0.177  0.3183E-01  0.1424E-01  0.1424E-01  0.1424E-01  0.0000E+00  0.0000E+00  0.0000E+00  0.0000E+00  0.0000E+00
     -0.027  0.3100E-01  0.2115E-01  0.2115E-01  0.2115E-01  0.0000E+00  0.0000E+00  0.0000E+00  0.0000E+00  0.0000E+00
      0.122  0.3062E-01  0.2429E-01  0.2429E-01  0.2429E-01  0.0000E+00  0.0000E+00  0.0000E+00  0.0000E+00  0.0000E+00
      0.272  0.2988E-01  0.2772E-01  0.2772E-01  0.2772E-01  0.0000E+00  0.0000E+00  0.0000E+00  0.0000E+00  0.0000E+00
      0.422  0.3001E-01  0.3145E-01  0.3145E-01  0.3145E-01  0.0000E+00  0.0000E+00  0.0000E+00  0.0000E+00  0.0000E+00
      0.572  0.3079E-01  0.3707E-01  0.3707E-01  0.3707E-01  0.0000E+00  0.0000E+00  0.0000E+00  0.0000E+00  0.0000E+00
      0.722  0.3125E-01  0.4248E-01  0.4248E-01  0.4248E-01  0.0000E+00  0.0000E+00  0.0000E+00  0.0000E+00  0.0000E+00
      0.872  0.3113E-01  0.4079E-01  0.4079E-01  0.4079E-01  0.0000E+00  0.0000E+00  0.0000E+00  0.0000E+00  0.0000E+00
      1.022  0.3109E-01  0.3958E-01  0.3958E-01  0.3958E-01  0.0000E+00  0.0000E+00  0.0000E+00  0.0000E+00  0.0000E+00
      1.172  0.3026E-01  0.3856E-01  0.3856E-01  0.3856E-01  0.0000E+00  0.0000E+00  0.0000E+00  0.0000E+00  0.0000E+00
      1.322  0.3013E-01  0.3998E-01  0.3998E-01  0.3998E-01  0.0000E+00  0.0000E+00  0.0000E+00  0.0000E+00  0.0000E+00
      1.472  0.2984E-01  0.4028E-01  0.4028E-01  0.4028E-01  0.0000E+00  0.0000E+00  0.0000E+00  0.0000E+00  0.0000E+00
      1.622  0.2899E-01  0.4125E-01  0.4125E-01  0.4125E-01  0.0000E+00  0.0000E+00  0.0000E+00  0.0000E+00  0.0000E+00
      1.772  0.2860E-01  0.4237E-01  0.4237E-01  0.4237E-01  0.0000E+00  0.0000E+00  0.0000E+00  0.0000E+00  0.0000E+00
      1.922  0.2821E-01  0.4381E-01  0.4381E-01  0.4381E-01  0.0000E+00  0.0000E+00  0.0000E+00  0.0000E+00  0.0000E+00
      2.072  0.2750E-01  0.4523E-01  0.4523E-01  0.4523E-01  0.0000E+00  0.0000E+00  0.0000E+00  0.0000E+00  0.0000E+00
      2.221  0.2680E-01  0.4701E-01  0.4701E-01  0.4701E-01  0.0000E+00  0.0000E+00  0.0000E+00  0.0000E+00  0.0000E+00
      2.371  0.2635E-01  0.4893E-01  0.4893E-01  0.4893E-01  0.0000E+00  0.0000E+00  0.0000E+00  0.0000E+00  0.0000E+00
      2.521  0.2569E-01  0.5131E-01  0.5131E-01  0.5131E-01  0.0000E+00  0.0000E+00  0.0000E+00  0.0000E+00  0.0000E+00
      2.671  0.2480E-01  0.5436E-01  0.5436E-01  0.5436E-01  0.0000E+00  0.0000E+00  0.0000E+00  0.0000E+00  0.0000E+00
      2.821  0.2426E-01  0.5680E-01  0.5680E-01  0.5680E-01  0.0000E+00  0.0000E+00  0.0000E+00  0.0000E+00  0.0000E+00
      2.971  0.2362E-01  0.6181E-01  0.6181E-01  0.6181E-01  0.0000E+00  0.0000E+00  0.0000E+00  0.0000E+00  0.0000E+00
      3.121  0.2270E-01  0.7032E-01  0.7032E-01  0.7032E-01  0.0000E+00  0.0000E+00  0.0000E+00  0.0000E+00  0.0000E+00
      3.271  0.2188E-01  0.7769E-01  0.7769E-01  0.7769E-01  0.0000E+00  0.0000E+00  0.0000E+00  0.0000E+00  0.0000E+00
      3.421  0.2120E-01  0.7393E-01  0.7393E-01  0.7393E-01  0.0000E+00  0.0000E+00  0.0000E+00  0.0000E+00  0.0000E+00
      3.571  0.2039E-01  0.7355E-01  0.7355E-01  0.7355E-01  0.0000E+00  0.0000E+00  0.0000E+00  0.0000E+00  0.0000E+00
      3.721  0.1936E-01  0.7297E-01  0.7297E-01  0.7297E-01  0.0000E+00  0.0000E+00  0.0000E+00  0.0000E+00  0.0000E+00
      3.871  0.1873E-01  0.7261E-01  0.7261E-01  0.7261E-01  0.0000E+00  0.0000E+00  0.0000E+00  0.0000E+00  0.0000E+00
      4.021  0.1806E-01  0.7249E-01  0.7249E-01  0.7249E-01  0.0000E+00  0.0000E+00  0.0000E+00  0.0000E+00  0.0000E+00
      4.170  0.1720E-01  0.7213E-01  0.7213E-01  0.7213E-01  0.0000E+00  0.0000E+00  0.0000E+00  0.0000E+00  0.0000E+00
      4.320  0.1636E-01  0.7151E-01  0.7151E-01  0.7151E-01  0.0000E+00  0.0000E+00  0.0000E+00  0.0000E+00  0.0000E+00
      4.470  0.1577E-01  0.7167E-01  0.7167E-01  0.7167E-01  0.0000E+00  0.0000E+00  0.0000E+00  0.0000E+00  0.0000E+00
      4.620  0.1500E-01  0.7116E-01  0.7116E-01  0.7116E-01  0.0000E+00  0.0000E+00  0.0000E+00  0.0000E+00  0.0000E+00
      4.770  0.1415E-01  0.7070E-01  0.7070E-01  0.7070E-01  0.0000E+00  0.0000E+00  0.0000E+00  0.0000E+00  0.0000E+00
      4.920  0.1352E-01  0.7070E-01  0.7070E-01  0.7070E-01  0.0000E+00  0.0000E+00  0.0000E+00  0.0000E+00  0.0000E+00
      5.070  0.1290E-01  0.7037E-01  0.7037E-01  0.7037E-01  0.0000E+00  0.0000E+00  0.0000E+00  0.0000E+00  0.0000E+00
      5.220  0.1220E-01  0.7020E-01  0.7020E-01  0.7020E-01  0.0000E+00  0.0000E+00  0.0000E+00  0.0000E+00  0.0000E+00
      5.370  0.1140E-01  0.6978E-01  0.6978E-01  0.6978E-01  0.0000E+00  0.0000E+00  0.0000E+00  0.0000E+00  0.0000E+00
      5.520  0.1076E-01  0.6961E-01  0.6961E-01  0.6961E-01  0.0000E+00  0.0000E+00  0.0000E+00  0.0000E+00  0.0000E+00
      5.670  0.1011E-01  0.6932E-01  0.6932E-01  0.6932E-01  0.0000E+00  0.0000E+00  0.0000E+00  0.0000E+00  0.0000E+00
      5.820  0.9487E-02  0.6908E-01  0.6908E-01  0.6908E-01  0.0000E+00  0.0000E+00  0.0000E+00  0.0000E+00  0.0000E+00
      5.970  0.8798E-02  0.6867E-01  0.6867E-01  0.6867E-01  0.0000E+00  0.0000E+00  0.0000E+00  0.0000E+00  0.0000E+00
      6.120  0.8252E-02  0.6853E-01  0.6853E-01  0.6853E-01  0.0000E+00  0.0000E+00  0.0000E+00  0.0000E+00  0.0000E+00
      6.269  0.7719E-02  0.6822E-01  0.6822E-01  0.6822E-01  0.0000E+00  0.0000E+00  0.0000E+00  0.0000E+00  0.0000E+00
      6.419  0.7068E-02  0.6814E-01  0.6814E-01  0.6814E-01  0.0000E+00  0.0000E+00  0.0000E+00  0.0000E+00  0.0000E+00
      6.569  0.6396E-02  0.6754E-01  0.6754E-01  0.6754E-01  0.0000E+00  0.0000E+00  0.0000E+00  0.0000E+00  0.0000E+00
      6.719  0.5891E-02  0.6765E-01  0.6765E-01  0.6765E-01  0.0000E+00  0.0000E+00  0.0000E+00  0.0000E+00  0.0000E+00
      6.869  0.5357E-02  0.6469E-01  0.6469E-01  0.6469E-01  0.0000E+00  0.0000E+00  0.0000E+00  0.0000E+00  0.0000E+00
      7.019  0.4828E-02  0.5353E-01  0.5353E-01  0.5353E-01  0.0000E+00  0.0000E+00  0.0000E+00  0.0000E+00  0.0000E+00
      7.169  0.4323E-02  0.4699E-01  0.4699E-01  0.4699E-01  0.0000E+00  0.0000E+00  0.0000E+00  0.0000E+00  0.0000E+00
      7.319  0.3938E-02  0.4238E-01  0.4238E-01  0.4238E-01  0.0000E+00  0.0000E+00  0.0000E+00  0.0000E+00  0.0000E+00
      7.469  0.3564E-02  0.3880E-01  0.3880E-01  0.3880E-01  0.0000E+00  0.0000E+00  0.0000E+00  0.0000E+00  0.0000E+00
      7.619  0.3177E-02  0.3559E-01  0.3559E-01  0.3559E-01  0.0000E+00  0.0000E+00  0.0000E+00  0.0000E+00  0.0000E+00
      7.769  0.2820E-02  0.3274E-01  0.3274E-01  0.3274E-01  0.0000E+00  0.0000E+00  0.0000E+00  0.0000E+00  0.0000E+00
      7.919  0.2522E-02  0.3021E-01  0.3021E-01  0.3021E-01  0.0000E+00  0.0000E+00  0.0000E+00  0.0000E+00  0.0000E+00
      8.069  0.2229E-02  0.2777E-01  0.2777E-01  0.2777E-01  0.0000E+00  0.0000E+00  0.0000E+00  0.0000E+00  0.0000E+00
      8.219  0.1909E-02  0.2545E-01  0.2545E-01  0.2545E-01  0.0000E+00  0.0000E+00  0.0000E+00  0.0000E+00  0.0000E+00
      8.368  0.1666E-02  0.2344E-01  0.2344E-01  0.2344E-01  0.0000E+00  0.0000E+00  0.0000E+00  0.0000E+00  0.0000E+00
      8.518  0.1429E-02  0.2139E-01  0.2139E-01  0.2139E-01  0.0000E+00  0.0000E+00  0.0000E+00  0.0000E+00  0.0000E+00
      8.668  0.1173E-02  0.1943E-01  0.1943E-01  0.1943E-01  0.0000E+00  0.0000E+00  0.0000E+00  0.0000E+00  0.0000E+00
      8.818  0.9693E-03  0.1755E-01  0.1755E-01  0.1755E-01  0.0000E+00  0.0000E+00  0.0000E+00  0.0000E+00  0.0000E+00
      8.968  0.7723E-03  0.1564E-01  0.1564E-01  0.1564E-01  0.0000E+00  0.0000E+00  0.0000E+00  0.0000E+00  0.0000E+00
      9.118  0.5823E-03  0.1388E-01  0.1388E-01  0.1388E-01  0.0000E+00  0.0000E+00  0.0000E+00  0.0000E+00  0.0000E+00
      9.268  0.4260E-03  0.1191E-01  0.1191E-01  0.1191E-01  0.0000E+00  0.0000E+00  0.0000E+00  0.0000E+00  0.0000E+00
      9.418  0.2851E-03  0.9958E-02  0.9958E-02  0.9958E-02  0.0000E+00  0.0000E+00  0.0000E+00  0.0000E+00  0.0000E+00
      9.568  0.1552E-03  0.7722E-02  0.7722E-02  0.7722E-02  0.0000E+00  0.0000E+00  0.0000E+00  0.0000E+00  0.0000E+00
      9.718  0.6448E-04  0.5290E-02  0.5290E-02  0.5290E-02  0.0000E+00  0.0000E+00  0.0000E+00  0.0000E+00  0.0000E+00
      9.868  0.1057E-04  0.1545E-02  0.1545E-02  0.1545E-02  0.0000E+00  0.0000E+00  0.0000E+00  0.0000E+00  0.0000E+00
     10.018  0.0000E+00  0.0000E+00  0.0000E+00  0.0000E+00  0.0000E+00  0.0000E+00  0.0000E+00  0.0000E+00  0.0000E+00
     10.168  0.0000E+00  0.0000E+00  0.0000E+00  0.0000E+00  0.0000E+00  0.0000E+00  0.0000E+00  0.0000E+00  0.0000E+00
     10.317  0.0000E+00  0.0000E+00  0.0000E+00  0.0000E+00  0.0000E+00  0.0000E+00  0.0000E+00  0.0000E+00  0.0000E+00
     10.467  0.0000E+00  0.0000E+00  0.0000E+00  0.0000E+00  0.0000E+00  0.0000E+00  0.0000E+00  0.0000E+00  0.0000E+00
     10.617  0.0000E+00  0.0000E+00  0.0000E+00  0.0000E+00  0.0000E+00  0.0000E+00  0.0000E+00  0.0000E+00  0.0000E+00
     10.767  0.0000E+00  0.0000E+00  0.0000E+00  0.0000E+00  0.0000E+00  0.0000E+00  0.0000E+00  0.0000E+00  0.0000E+00
     10.917  0.0000E+00  0.0000E+00  0.0000E+00  0.0000E+00  0.0000E+00  0.0000E+00  0.0000E+00  0.0000E+00  0.0000E+00
     11.067  0.0000E+00  0.0000E+00  0.0000E+00  0.0000E+00  0.0000E+00  0.0000E+00  0.0000E+00  0.0000E+00  0.0000E+00
     11.217  0.0000E+00  0.0000E+00  0.0000E+00  0.0000E+00  0.0000E+00  0.0000E+00  0.0000E+00  0.0000E+00  0.0000E+00
     11.367  0.0000E+00  0.0000E+00  0.0000E+00  0.0000E+00  0.0000E+00  0.0000E+00  0.0000E+00  0.0000E+00  0.0000E+00
     11.517  0.0000E+00  0.0000E+00  0.0000E+00  0.0000E+00  0.0000E+00  0.0000E+00  0.0000E+00  0.0000E+00  0.0000E+00
     11.667  0.0000E+00  0.0000E+00  0.0000E+00  0.0000E+00  0.0000E+00  0.0000E+00  0.0000E+00  0.0000E+00  0.0000E+00
     11.817  0.0000E+00  0.0000E+00  0.0000E+00  0.0000E+00  0.0000E+00  0.0000E+00  0.0000E+00  0.0000E+00  0.0000E+00
     11.967  0.0000E+00  0.0000E+00  0.0000E+00  0.0000E+00  0.0000E+00  0.0000E+00  0.0000E+00  0.0000E+00  0.0000E+00
     12.117  0.0000E+00  0.0000E+00  0.0000E+00  0.0000E+00  0.0000E+00  0.0000E+00  0.0000E+00  0.0000E+00  0.0000E+00
     12.267  0.0000E+00  0.0000E+00  0.0000E+00  0.0000E+00  0.0000E+00  0.0000E+00  0.0000E+00  0.0000E+00  0.0000E+00
     12.416  0.0000E+00  0.0000E+00  0.0000E+00  0.0000E+00  0.0000E+00  0.0000E+00  0.0000E+00  0.0000E+00  0.0000E+00
     12.566  0.0000E+00  0.0000E+00  0.0000E+00  0.0000E+00  0.0000E+00  0.0000E+00  0.0000E+00  0.0000E+00  0.0000E+00
     12.716  0.0000E+00  0.0000E+00  0.0000E+00  0.0000E+00  0.0000E+00  0.0000E+00  0.0000E+00  0.0000E+00  0.0000E+00
     12.866  0.0000E+00  0.0000E+00  0.0000E+00  0.0000E+00  0.0000E+00  0.0000E+00  0.0000E+00  0.0000E+00  0.0000E+00
     13.016  0.0000E+00  0.0000E+00  0.0000E+00  0.0000E+00  0.0000E+00  0.0000E+00  0.0000E+00  0.0000E+00  0.0000E+00
     13.166  0.0000E+00  0.0000E+00  0.0000E+00  0.0000E+00  0.0000E+00  0.0000E+00  0.0000E+00  0.0000E+00  0.0000E+00
     13.316  0.0000E+00  0.0000E+00  0.0000E+00  0.0000E+00  0.0000E+00  0.0000E+00  0.0000E+00  0.0000E+00  0.0000E+00
     13.466  0.0000E+00  0.0000E+00  0.0000E+00  0.0000E+00  0.0000E+00  0.0000E+00  0.0000E+00  0.0000E+00  0.0000E+00
     13.616  0.0000E+00  0.0000E+00  0.0000E+00  0.0000E+00  0.0000E+00  0.0000E+00  0.0000E+00  0.0000E+00  0.0000E+00
     13.766  0.0000E+00  0.0000E+00  0.0000E+00  0.0000E+00  0.0000E+00  0.0000E+00  0.0000E+00  0.0000E+00  0.0000E+00
     13.916  0.0000E+00  0.0000E+00  0.0000E+00  0.0000E+00  0.0000E+00  0.0000E+00  0.0000E+00  0.0000E+00  0.0000E+00
     14.066  0.0000E+00  0.0000E+00  0.0000E+00  0.0000E+00  0.0000E+00  0.0000E+00  0.0000E+00  0.0000E+00  0.0000E+00
     14.216  0.0000E+00  0.0000E+00  0.0000E+00  0.0000E+00  0.0000E+00  0.0000E+00  0.0000E+00  0.0000E+00  0.0000E+00
     14.366  0.7423E-02  0.2499E-02  0.2499E-02  0.2499E-02  0.0000E+00  0.0000E+00  0.0000E+00  0.0000E+00  0.0000E+00
     14.515  0.9545E-02  0.3594E-02  0.3594E-02  0.3594E-02  0.0000E+00  0.0000E+00  0.0000E+00  0.0000E+00  0.0000E+00
     14.665  0.1176E-01  0.4624E-02  0.4624E-02  0.4624E-02  0.0000E+00  0.0000E+00  0.0000E+00  0.0000E+00  0.0000E+00
     14.815  0.1449E-01  0.6007E-02  0.6007E-02  0.6007E-02  0.0000E+00  0.0000E+00  0.0000E+00  0.0000E+00  0.0000E+00
     14.965  0.1780E-01  0.7610E-02  0.7610E-02  0.7610E-02  0.0000E+00  0.0000E+00  0.0000E+00  0.0000E+00  0.0000E+00
     15.115  0.2089E-01  0.9394E-02  0.9394E-02  0.9394E-02  0.0000E+00  0.0000E+00  0.0000E+00  0.0000E+00  0.0000E+00
     15.265  0.2328E-01  0.1114E-01  0.1114E-01  0.1114E-01  0.0000E+00  0.0000E+00  0.0000E+00  0.0000E+00  0.0000E+00
     15.415  0.2480E-01  0.1310E-01  0.1310E-01  0.1310E-01  0.0000E+00  0.0000E+00  0.0000E+00  0.0000E+00  0.0000E+00
     15.565  0.2608E-01  0.1534E-01  0.1534E-01  0.1534E-01  0.0000E+00  0.0000E+00  0.0000E+00  0.0000E+00  0.0000E+00
     15.715  0.2741E-01  0.1883E-01  0.1883E-01  0.1883E-01  0.0000E+00  0.0000E+00  0.0000E+00  0.0000E+00  0.0000E+00
     15.865  0.2826E-01  0.2217E-01  0.2217E-01  0.2217E-01  0.0000E+00  0.0000E+00  0.0000E+00  0.0000E+00  0.0000E+00
     16.015  0.2898E-01  0.2282E-01  0.2282E-01  0.2282E-01  0.0000E+00  0.0000E+00  0.0000E+00  0.0000E+00  0.0000E+00
     16.165  0.2966E-01  0.2389E-01  0.2389E-01  0.2389E-01  0.0000E+00  0.0000E+00  0.0000E+00  0.0000E+00  0.0000E+00
     16.315  0.3043E-01  0.2534E-01  0.2534E-01  0.2534E-01  0.0000E+00  0.0000E+00  0.0000E+00  0.0000E+00  0.0000E+00
     16.465  0.3105E-01  0.2673E-01  0.2673E-01  0.2673E-01  0.0000E+00  0.0000E+00  0.0000E+00  0.0000E+00  0.0000E+00
     16.614  0.3153E-01  0.2819E-01  0.2819E-01  0.2819E-01  0.0000E+00  0.0000E+00  0.0000E+00  0.0000E+00  0.0000E+00
     16.764  0.3202E-01  0.2975E-01  0.2975E-01  0.2975E-01  0.0000E+00  0.0000E+00  0.0000E+00  0.0000E+00  0.0000E+00
     16.914  0.3255E-01  0.3139E-01  0.3139E-01  0.3139E-01  0.0000E+00  0.0000E+00  0.0000E+00  0.0000E+00  0.0000E+00
     17.064  0.3308E-01  0.3315E-01  0.3315E-01  0.3315E-01  0.0000E+00  0.0000E+00  0.0000E+00  0.0000E+00  0.0000E+00
     17.214  0.3363E-01  0.3506E-01  0.3506E-01  0.3506E-01  0.0000E+00  0.0000E+00  0.0000E+00  0.0000E+00  0.0000E+00
     17.364  0.3406E-01  0.3703E-01  0.3703E-01  0.3703E-01  0.0000E+00  0.0000E+00  0.0000E+00  0.0000E+00  0.0000E+00
     17.514  0.3455E-01  0.3922E-01  0.3922E-01  0.3922E-01  0.0000E+00  0.0000E+00  0.0000E+00  0.0000E+00  0.0000E+00
     17.664  0.3507E-01  0.4151E-01  0.4151E-01  0.4151E-01  0.0000E+00  0.0000E+00  0.0000E+00  0.0000E+00  0.0000E+00
     17.814  0.3577E-01  0.4428E-01  0.4428E-01  0.4428E-01  0.0000E+00  0.0000E+00  0.0000E+00  0.0000E+00  0.0000E+00
     17.964  0.3646E-01  0.4718E-01  0.4718E-01  0.4718E-01  0.0000E+00  0.0000E+00  0.0000E+00  0.0000E+00  0.0000E+00
     18.114  0.3739E-01  0.5093E-01  0.5093E-01  0.5093E-01  0.0000E+00  0.0000E+00  0.0000E+00  0.0000E+00  0.0000E+00
     18.264  0.3837E-01  0.5545E-01  0.5545E-01  0.5545E-01  0.0000E+00  0.0000E+00  0.0000E+00  0.0000E+00  0.0000E+00
     18.414  0.4013E-01  0.6280E-01  0.6280E-01  0.6280E-01  0.0000E+00  0.0000E+00  0.0000E+00  0.0000E+00  0.0000E+00
     18.563  0.4305E-01  0.7507E-01  0.7507E-01  0.7507E-01  0.0000E+00  0.0000E+00  0.0000E+00  0.0000E+00  0.0000E+00
     18.713  0.4413E-01  0.7605E-01  0.7605E-01  0.7605E-01  0.0000E+00  0.0000E+00  0.0000E+00  0.0000E+00  0.0000E+00
     18.863  0.4245E-01  0.6231E-01  0.6231E-01  0.6231E-01  0.0000E+00  0.0000E+00  0.0000E+00  0.0000E+00  0.0000E+00
     19.013  0.6927E-01  0.7887E-01  0.7887E-01  0.7887E-01  0.0000E+00  0.0000E+00  0.0000E+00  0.0000E+00  0.0000E+00
     19.163  0.7363E-01  0.6493E-01  0.6493E-01  0.6493E-01  0.0000E+00  0.0000E+00  0.0000E+00  0.0000E+00  0.0000E+00
     19.313  0.7046E-01  0.5665E-01  0.5665E-01  0.5665E-01  0.0000E+00  0.0000E+00  0.0000E+00  0.0000E+00  0.0000E+00
     19.463  0.6395E-01  0.5561E-01  0.5561E-01  0.5561E-01  0.0000E+00  0.0000E+00  0.0000E+00  0.0000E+00  0.0000E+00
     19.613  0.6339E-01  0.5573E-01  0.5573E-01  0.5573E-01  0.0000E+00  0.0000E+00  0.0000E+00  0.0000E+00  0.0000E+00
     19.763  0.5610E-01  0.5287E-01  0.5287E-01  0.5287E-01  0.0000E+00  0.0000E+00  0.0000E+00  0.0000E+00  0.0000E+00
     19.913  0.5603E-01  0.5356E-01  0.5356E-01  0.5356E-01  0.0000E+00  0.0000E+00  0.0000E+00  0.0000E+00  0.0000E+00
     20.063  0.5333E-01  0.5247E-01  0.5247E-01  0.5247E-01  0.0000E+00  0.0000E+00  0.0000E+00  0.0000E+00  0.0000E+00
     20.213  0.5016E-01  0.5317E-01  0.5317E-01  0.5317E-01  0.0000E+00  0.0000E+00  0.0000E+00  0.0000E+00  0.0000E+00
     20.363  0.4807E-01  0.5419E-01  0.5419E-01  0.5419E-01  0.0000E+00  0.0000E+00  0.0000E+00  0.0000E+00  0.0000E+00
     20.513  0.4629E-01  0.5324E-01  0.5324E-01  0.5324E-01  0.0000E+00  0.0000E+00  0.0000E+00  0.0000E+00  0.0000E+00
     20.662  0.4482E-01  0.5266E-01  0.5266E-01  0.5266E-01  0.0000E+00  0.0000E+00  0.0000E+00  0.0000E+00  0.0000E+00
     20.812  0.4097E-01  0.5094E-01  0.5094E-01  0.5094E-01  0.0000E+00  0.0000E+00  0.0000E+00  0.0000E+00  0.0000E+00
     20.962  0.3995E-01  0.4968E-01  0.4968E-01  0.4968E-01  0.0000E+00  0.0000E+00  0.0000E+00  0.0000E+00  0.0000E+00
     21.112  0.4058E-01  0.4984E-01  0.4984E-01  0.4984E-01  0.0000E+00  0.0000E+00  0.0000E+00  0.0000E+00  0.0000E+00
     21.262  0.3780E-01  0.4540E-01  0.4540E-01  0.4540E-01  0.0000E+00  0.0000E+00  0.0000E+00  0.0000E+00  0.0000E+00
     21.412  0.3138E-01  0.4113E-01  0.4113E-01  0.4113E-01  0.0000E+00  0.0000E+00  0.0000E+00  0.0000E+00  0.0000E+00
     21.562  0.2870E-01  0.3921E-01  0.3921E-01  0.3921E-01  0.0000E+00  0.0000E+00  0.0000E+00  0.0000E+00  0.0000E+00
     21.712  0.3329E-01  0.4066E-01  0.4066E-01  0.4066E-01  0.0000E+00  0.0000E+00  0.0000E+00  0.0000E+00  0.0000E+00
     21.862  0.3885E-01  0.4219E-01  0.4219E-01  0.4219E-01  0.0000E+00  0.0000E+00  0.0000E+00  0.0000E+00  0.0000E+00
     22.012  0.4602E-01  0.4361E-01  0.4361E-01  0.4361E-01  0.0000E+00  0.0000E+00  0.0000E+00  0.0000E+00  0.0000E+00
     22.162  0.4487E-01  0.4192E-01  0.4192E-01  0.4192E-01  0.0000E+00  0.0000E+00  0.0000E+00  0.0000E+00  0.0000E+00
     22.312  0.4804E-01  0.4292E-01  0.4292E-01  0.4292E-01  0.0000E+00  0.0000E+00  0.0000E+00  0.0000E+00  0.0000E+00
     22.462  0.5402E-01  0.4651E-01  0.4651E-01  0.4651E-01  0.0000E+00  0.0000E+00  0.0000E+00  0.0000E+00  0.0000E+00
     22.612  0.5289E-01  0.4683E-01  0.4683E-01  0.4683E-01  0.0000E+00  0.0000E+00  0.0000E+00  0.0000E+00  0.0000E+00
     22.761  0.5645E-01  0.4920E-01  0.4920E-01  0.4920E-01  0.0000E+00  0.0000E+00  0.0000E+00  0.0000E+00  0.0000E+00
     22.911  0.5540E-01  0.4870E-01  0.4870E-01  0.4870E-01  0.0000E+00  0.0000E+00  0.0000E+00  0.0000E+00  0.0000E+00
     23.061  0.5622E-01  0.4987E-01  0.4987E-01  0.4987E-01  0.0000E+00  0.0000E+00  0.0000E+00  0.0000E+00  0.0000E+00
     23.211  0.5852E-01  0.5277E-01  0.5277E-01  0.5277E-01  0.0000E+00  0.0000E+00  0.0000E+00  0.0000E+00  0.0000E+00
     23.361  0.5489E-01  0.5213E-01  0.5213E-01  0.5213E-01  0.0000E+00  0.0000E+00  0.0000E+00  0.0000E+00  0.0000E+00
     23.511  0.5610E-01  0.5338E-01  0.5338E-01  0.5338E-01  0.0000E+00  0.0000E+00  0.0000E+00  0.0000E+00  0.0000E+00
     23.661  0.5708E-01  0.5373E-01  0.5373E-01  0.5373E-01  0.0000E+00  0.0000E+00  0.0000E+00  0.0000E+00  0.0000E+00
     23.811  0.6031E-01  0.5753E-01  0.5753E-01  0.5753E-01  0.0000E+00  0.0000E+00  0.0000E+00  0.0000E+00  0.0000E+00
     23.961  0.6105E-01  0.5755E-01  0.5755E-01  0.5755E-01  0.0000E+00  0.0000E+00  0.0000E+00  0.0000E+00  0.0000E+00
     24.111  0.9985E-01  0.6082E-01  0.6082E-01  0.6082E-01  0.0000E+00  0.0000E+00  0.0000E+00  0.0000E+00  0.0000E+00
     24.261  0.1103E+00  0.6339E-01  0.6339E-01  0.6339E-01  0.0000E+00  0.0000E+00  0.0000E+00  0.0000E+00  0.0000E+00
     24.411  0.1051E+00  0.6859E-01  0.6859E-01  0.6859E-01  0.0000E+00  0.0000E+00  0.0000E+00  0.0000E+00  0.0000E+00
     24.561  0.8560E-01  0.6396E-01  0.6396E-01  0.6396E-01  0.0000E+00  0.0000E+00  0.0000E+00  0.0000E+00  0.0000E+00
     24.710  0.5678E-01  0.5961E-01  0.5961E-01  0.5961E-01  0.0000E+00  0.0000E+00  0.0000E+00  0.0000E+00  0.0000E+00
     24.860  0.4928E-01  0.6181E-01  0.6181E-01  0.6181E-01  0.0000E+00  0.0000E+00  0.0000E+00  0.0000E+00  0.0000E+00
     25.010  0.4472E-01  0.6444E-01  0.6444E-01  0.6444E-01  0.0000E+00  0.0000E+00  0.0000E+00  0.0000E+00  0.0000E+00
     25.160  0.4665E-01  0.7599E-01  0.7599E-01  0.7599E-01  0.0000E+00  0.0000E+00  0.0000E+00  0.0000E+00  0.0000E+00
     25.310  0.4764E-01  0.8404E-01  0.8404E-01  0.8404E-01  0.0000E+00  0.0000E+00  0.0000E+00  0.0000E+00  0.0000E+00
     25.460  0.4316E-01  0.8162E-01  0.8162E-01  0.8162E-01  0.0000E+00  0.0000E+00  0.0000E+00  0.0000E+00  0.0000E+00
     25.610  0.3551E-01  0.7329E-01  0.7329E-01  0.7329E-01  0.0000E+00  0.0000E+00  0.0000E+00  0.0000E+00  0.0000E+00
     25.760  0.2967E-01  0.6836E-01  0.6836E-01  0.6836E-01  0.0000E+00  0.0000E+00  0.0000E+00  0.0000E+00  0.0000E+00
     25.910  0.2528E-01  0.6598E-01  0.6598E-01  0.6598E-01  0.0000E+00  0.0000E+00  0.0000E+00  0.0000E+00  0.0000E+00
     26.060  0.2102E-01  0.6269E-01  0.6269E-01  0.6269E-01  0.0000E+00  0.0000E+00  0.0000E+00  0.0000E+00  0.0000E+00
     26.210  0.1762E-01  0.6011E-01  0.6011E-01  0.6011E-01  0.0000E+00  0.0000E+00  0.0000E+00  0.0000E+00  0.0000E+00
     26.360  0.1408E-01  0.5720E-01  0.5720E-01  0.5720E-01  0.0000E+00  0.0000E+00  0.0000E+00  0.0000E+00  0.0000E+00
     26.510  0.1116E-01  0.5734E-01  0.5734E-01  0.5734E-01  0.0000E+00  0.0000E+00  0.0000E+00  0.0000E+00  0.0000E+00
     26.660  0.8525E-02  0.7337E-01  0.7337E-01  0.7337E-01  0.0000E+00  0.0000E+00  0.0000E+00  0.0000E+00  0.0000E+00
     26.809  0.4968E-02  0.3011E-01  0.3011E-01  0.3011E-01  0.0000E+00  0.0000E+00  0.0000E+00  0.0000E+00  0.0000E+00
     26.959  0.3840E-02  0.2555E-01  0.2555E-01  0.2555E-01  0.0000E+00  0.0000E+00  0.0000E+00  0.0000E+00  0.0000E+00
     27.109  0.2940E-02  0.2304E-01  0.2304E-01  0.2304E-01  0.0000E+00  0.0000E+00  0.0000E+00  0.0000E+00  0.0000E+00
     27.259  0.2162E-02  0.2043E-01  0.2043E-01  0.2043E-01  0.0000E+00  0.0000E+00  0.0000E+00  0.0000E+00  0.0000E+00
     27.409  0.1447E-02  0.1803E-01  0.1803E-01  0.1803E-01  0.0000E+00  0.0000E+00  0.0000E+00  0.0000E+00  0.0000E+00
     27.559  0.8612E-03  0.1454E-01  0.1454E-01  0.1454E-01  0.0000E+00  0.0000E+00  0.0000E+00  0.0000E+00  0.0000E+00
     27.709  0.3862E-03  0.1103E-01  0.1103E-01  0.1103E-01  0.0000E+00  0.0000E+00  0.0000E+00  0.0000E+00  0.0000E+00
     27.859  0.1140E-03  0.7020E-02  0.7020E-02  0.7020E-02  0.0000E+00  0.0000E+00  0.0000E+00  0.0000E+00  0.0000E+00
     28.009  0.1496E-05  0.3121E-03  0.3121E-03  0.3121E-03  0.0000E+00  0.0000E+00  0.0000E+00  0.0000E+00  0.0000E+00
     28.159  0.0000E+00  0.0000E+00  0.0000E+00  0.0000E+00  0.0000E+00  0.0000E+00  0.0000E+00  0.0000E+00  0.0000E+00
     28.309  0.0000E+00  0.0000E+00  0.0000E+00  0.0000E+00  0.0000E+00  0.0000E+00  0.0000E+00  0.0000E+00  0.0000E+00
     28.459  0.0000E+00  0.0000E+00  0.0000E+00  0.0000E+00  0.0000E+00  0.0000E+00  0.0000E+00  0.0000E+00  0.0000E+00
     28.609  0.0000E+00  0.0000E+00  0.0000E+00  0.0000E+00  0.0000E+00  0.0000E+00  0.0000E+00  0.0000E+00  0.0000E+00
     28.759  0.0000E+00  0.0000E+00  0.0000E+00  0.0000E+00  0.0000E+00  0.0000E+00  0.0000E+00  0.0000E+00  0.0000E+00
     28.908  0.0000E+00  0.0000E+00  0.0000E+00  0.0000E+00  0.0000E+00  0.0000E+00  0.0000E+00  0.0000E+00  0.0000E+00
     29.058  0.0000E+00  0.0000E+00  0.0000E+00  0.0000E+00  0.0000E+00  0.0000E+00  0.0000E+00  0.0000E+00  0.0000E+00
     29.208  0.0000E+00  0.0000E+00  0.0000E+00  0.0000E+00  0.0000E+00  0.0000E+00  0.0000E+00  0.0000E+00  0.0000E+00
     29.358  0.0000E+00  0.0000E+00  0.0000E+00  0.0000E+00  0.0000E+00  0.0000E+00  0.0000E+00  0.0000E+00  0.0000E+00
     29.508  0.0000E+00  0.0000E+00  0.0000E+00  0.0000E+00  0.0000E+00  0.0000E+00  0.0000E+00  0.0000E+00  0.0000E+00
     29.658  0.0000E+00  0.0000E+00  0.0000E+00  0.0000E+00  0.0000E+00  0.0000E+00  0.0000E+00  0.0000E+00  0.0000E+00
     29.808  0.0000E+00  0.0000E+00  0.0000E+00  0.0000E+00  0.0000E+00  0.0000E+00  0.0000E+00  0.0000E+00  0.0000E+00
     29.958  0.0000E+00  0.0000E+00  0.0000E+00  0.0000E+00  0.0000E+00  0.0000E+00  0.0000E+00  0.0000E+00  0.0000E+00
     29.95792581    -15.02015161  301      9.87690282      1.00000000
    -15.020  0.0000E+00  0.0000E+00  0.0000E+00  0.0000E+00  0.0000E+00  0.0000E+00  0.0000E+00  0.0000E+00  0.0000E+00
    -14.870  0.0000E+00  0.0000E+00  0.0000E+00  0.0000E+00  0.0000E+00  0.0000E+00  0.0000E+00  0.0000E+00  0.0000E+00
    -14.720  0.0000E+00  0.0000E+00  0.0000E+00  0.0000E+00  0.0000E+00  0.0000E+00  0.0000E+00  0.0000E+00  0.0000E+00
    -14.570  0.0000E+00  0.0000E+00  0.0000E+00  0.0000E+00  0.0000E+00  0.0000E+00  0.0000E+00  0.0000E+00  0.0000E+00
    -14.420  0.0000E+00  0.0000E+00  0.0000E+00  0.0000E+00  0.0000E+00  0.0000E+00  0.0000E+00  0.0000E+00  0.0000E+00
    -14.271  0.0000E+00  0.0000E+00  0.0000E+00  0.0000E+00  0.0000E+00  0.0000E+00  0.0000E+00  0.0000E+00  0.0000E+00
    -14.121  0.0000E+00  0.0000E+00  0.0000E+00  0.0000E+00  0.0000E+00  0.0000E+00  0.0000E+00  0.0000E+00  0.0000E+00
    -13.971  0.0000E+00  0.0000E+00  0.0000E+00  0.0000E+00  0.0000E+00  0.0000E+00  0.0000E+00  0.0000E+00  0.0000E+00
    -13.821  0.0000E+00  0.0000E+00  0.0000E+00  0.0000E+00  0.0000E+00  0.0000E+00  0.0000E+00  0.0000E+00  0.0000E+00
    -13.671  0.0000E+00  0.0000E+00  0.0000E+00  0.0000E+00  0.0000E+00  0.0000E+00  0.0000E+00  0.0000E+00  0.0000E+00
    -13.521  0.0000E+00  0.0000E+00  0.0000E+00  0.0000E+00  0.0000E+00  0.0000E+00  0.0000E+00  0.0000E+00  0.0000E+00
    -13.371  0.0000E+00  0.0000E+00  0.0000E+00  0.0000E+00  0.0000E+00  0.0000E+00  0.0000E+00  0.0000E+00  0.0000E+00
    -13.221  0.0000E+00  0.0000E+00  0.0000E+00  0.0000E+00  0.0000E+00  0.0000E+00  0.0000E+00  0.0000E+00  0.0000E+00
    -13.071  0.0000E+00  0.0000E+00  0.0000E+00  0.0000E+00  0.0000E+00  0.0000E+00  0.0000E+00  0.0000E+00  0.0000E+00
    -12.921  0.7203E-02  0.5568E-05  0.5568E-05  0.5568E-05  0.0000E+00  0.0000E+00  0.0000E+00  0.0000E+00  0.0000E+00
    -12.771  0.1648E-01  0.4627E-04  0.4627E-04  0.4627E-04  0.0000E+00  0.0000E+00  0.0000E+00  0.0000E+00  0.0000E+00
    -12.621  0.1771E-01  0.9496E-04  0.9496E-04  0.9496E-04  0.0000E+00  0.0000E+00  0.0000E+00  0.0000E+00  0.0000E+00
    -12.471  0.2052E-01  0.1575E-03  0.1575E-03  0.1575E-03  0.0000E+00  0.0000E+00  0.0000E+00  0.0000E+00  0.0000E+00
    -12.321  0.2339E-01  0.2320E-03  0.2320E-03  0.2320E-03  0.0000E+00  0.0000E+00  0.0000E+00  0.0000E+00  0.0000E+00
    -12.172  0.2591E-01  0.3155E-03  0.3155E-03  0.3155E-03  0.0000E+00  0.0000E+00  0.0000E+00  0.0000E+00  0.0000E+00
    -12.022  0.2806E-01  0.4088E-03  0.4088E-03  0.4088E-03  0.0000E+00  0.0000E+00  0.0000E+00  0.0000E+00  0.0000E+00
    -11.872  0.3015E-01  0.5083E-03  0.5083E-03  0.5083E-03  0.0000E+00  0.0000E+00  0.0000E+00  0.0000E+00  0.0000E+00
    -11.722  0.3213E-01  0.6134E-03  0.6134E-03  0.6134E-03  0.0000E+00  0.0000E+00  0.0000E+00  0.0000E+00  0.0000E+00
    -11.572  0.3385E-01  0.7278E-03  0.7278E-03  0.7278E-03  0.0000E+00  0.0000E+00  0.0000E+00  0.0000E+00  0.0000E+00
    -11.422  0.3564E-01  0.8446E-03  0.8446E-03  0.8446E-03  0.0000E+00  0.0000E+00  0.0000E+00  0.0000E+00  0.0000E+00
    -11.272  0.3717E-01  0.9711E-03  0.9711E-03  0.9711E-03  0.0000E+00  0.0000E+00  0.0000E+00  0.0000E+00  0.0000E+00
    -11.122  0.3878E-01  0.1099E-02  0.1099E-02  0.1099E-02  0.0000E+00  0.0000E+00  0.0000E+00  0.0000E+00  0.0000E+00
    -10.972  0.4020E-01  0.1236E-02  0.1236E-02  0.1236E-02  0.0000E+00  0.0000E+00  0.0000E+00  0.0000E+00  0.0000E+00
    -10.822  0.4170E-01  0.1374E-02  0.1374E-02  0.1374E-02  0.0000E+00  0.0000E+00  0.0000E+00  0.0000E+00  0.0000E+00
    -10.672  0.4300E-01  0.1522E-02  0.1522E-02  0.1522E-02  0.0000E+00  0.0000E+00  0.0000E+00  0.0000E+00  0.0000E+00
    -10.522  0.4440E-01  0.1669E-02  0.1669E-02  0.1669E-02  0.0000E+00  0.0000E+00  0.0000E+00  0.0000E+00  0.0000E+00
    -10.372  0.4565E-01  0.1825E-02  0.1825E-02  0.1825E-02  0.0000E+00  0.0000E+00  0.0000E+00  0.0000E+00  0.0000E+00
    -10.222  0.4694E-01  0.1983E-02  0.1983E-02  0.1983E-02  0.0000E+00  0.0000E+00  0.0000E+00  0.0000E+00  0.0000E+00
    -10.073  0.4820E-01  0.2146E-02  0.2146E-02  0.2146E-02  0.0000E+00  0.0000E+00  0.0000E+00  0.0000E+00  0.0000E+00
     -9.923  0.4941E-01  0.2314E-02  0.2314E-02  0.2314E-02  0.0000E+00  0.0000E+00  0.0000E+00  0.0000E+00  0.0000E+00
     -9.773  0.5069E-01  0.2482E-02  0.2482E-02  0.2482E-02  0.0000E+00  0.0000E+00  0.0000E+00  0.0000E+00  0.0000E+00
     -9.623  0.5185E-01  0.2660E-02  0.2660E-02  0.2660E-02  0.0000E+00  0.0000E+00  0.0000E+00  0.0000E+00  0.0000E+00
     -9.473  0.5307E-01  0.2839E-02  0.2839E-02  0.2839E-02  0.0000E+00  0.0000E+00  0.0000E+00  0.0000E+00  0.0000E+00
     -9.323  0.5430E-01  0.3020E-02  0.3020E-02  0.3020E-02  0.0000E+00  0.0000E+00  0.0000E+00  0.0000E+00  0.0000E+00
     -9.173  0.5549E-01  0.3209E-02  0.3209E-02  0.3209E-02  0.0000E+00  0.0000E+00  0.0000E+00  0.0000E+00  0.0000E+00
     -9.023  0.5674E-01  0.3398E-02  0.3398E-02  0.3398E-02  0.0000E+00  0.0000E+00  0.0000E+00  0.0000E+00  0.0000E+00
     -8.873  0.5800E-01  0.3592E-02  0.3592E-02  0.3592E-02  0.0000E+00  0.0000E+00  0.0000E+00  0.0000E+00  0.0000E+00
     -8.723  0.5927E-01  0.3792E-02  0.3792E-02  0.3792E-02  0.0000E+00  0.0000E+00  0.0000E+00  0.0000E+00  0.0000E+00
     -8.573  0.6062E-01  0.3992E-02  0.3992E-02  0.3992E-02  0.0000E+00  0.0000E+00  0.0000E+00  0.0000E+00  0.0000E+00
     -8.423  0.6201E-01  0.4199E-02  0.4199E-02  0.4199E-02  0.0000E+00  0.0000E+00  0.0000E+00  0.0000E+00  0.0000E+00
     -8.273  0.6346E-01  0.4412E-02  0.4412E-02  0.4412E-02  0.0000E+00  0.0000E+00  0.0000E+00  0.0000E+00  0.0000E+00
     -8.124  0.6503E-01  0.4625E-02  0.4625E-02  0.4625E-02  0.0000E+00  0.0000E+00  0.0000E+00  0.0000E+00  0.0000E+00
     -7.974  0.6671E-01  0.4846E-02  0.4846E-02  0.4846E-02  0.0000E+00  0.0000E+00  0.0000E+00  0.0000E+00  0.0000E+00
     -7.824  0.6855E-01  0.5076E-02  0.5076E-02  0.5076E-02  0.0000E+00  0.0000E+00  0.0000E+00  0.0000E+00  0.0000E+00
     -7.674  0.7064E-01  0.5310E-02  0.5310E-02  0.5310E-02  0.0000E+00  0.0000E+00  0.0000E+00  0.0000E+00  0.0000E+00
     -7.524  0.7307E-01  0.5556E-02  0.5556E-02  0.5556E-02  0.0000E+00  0.0000E+00  0.0000E+00  0.0000E+00  0.0000E+00
     -7.374  0.7601E-01  0.5824E-02  0.5824E-02  0.5824E-02  0.0000E+00  0.0000E+00  0.0000E+00  0.0000E+00  0.0000E+00
     -7.224  0.7990E-01  0.6119E-02  0.6119E-02  0.6119E-02  0.0000E+00  0.0000E+00  0.0000E+00  0.0000E+00  0.0000E+00
     -7.074  0.8602E-01  0.6490E-02  0.6490E-02  0.6490E-02  0.0000E+00  0.0000E+00  0.0000E+00  0.0000E+00  0.0000E+00
     -6.924  0.9798E-01  0.7084E-02  0.7084E-02  0.7084E-02  0.0000E+00  0.0000E+00  0.0000E+00  0.0000E+00  0.0000E+00
     -6.774  0.9434E-01  0.7089E-02  0.7089E-02  0.7089E-02  0.0000E+00  0.0000E+00  0.0000E+00  0.0000E+00  0.0000E+00
     -6.624  0.9291E-01  0.7170E-02  0.7170E-02  0.7170E-02  0.0000E+00  0.0000E+00  0.0000E+00  0.0000E+00  0.0000E+00
     -6.474  0.8831E-01  0.7109E-02  0.7109E-02  0.7109E-02  0.0000E+00  0.0000E+00  0.0000E+00  0.0000E+00  0.0000E+00
     -6.324  0.8592E-01  0.7133E-02  0.7133E-02  0.7133E-02  0.0000E+00  0.0000E+00  0.0000E+00  0.0000E+00  0.0000E+00
     -6.174  0.8245E-01  0.7077E-02  0.7077E-02  0.7077E-02  0.0000E+00  0.0000E+00  0.0000E+00  0.0000E+00  0.0000E+00
     -6.025  0.7988E-01  0.7076E-02  0.7076E-02  0.7076E-02  0.0000E+00  0.0000E+00  0.0000E+00  0.0000E+00  0.0000E+00
     -5.875  0.7708E-01  0.7032E-02  0.7032E-02  0.7032E-02  0.0000E+00  0.0000E+00  0.0000E+00  0.0000E+00  0.0000E+00
     -5.725  0.7408E-01  0.6964E-02  0.6964E-02  0.6964E-02  0.0000E+00  0.0000E+00  0.0000E+00  0.0000E+00  0.0000E+00
     -5.575  0.7138E-01  0.6914E-02  0.6914E-02  0.6914E-02  0.0000E+00  0.0000E+00  0.0000E+00  0.0000E+00  0.0000E+00
     -5.425  0.6869E-01  0.6837E-02  0.6837E-02  0.6837E-02  0.0000E+00  0.0000E+00  0.0000E+00  0.0000E+00  0.0000E+00
     -5.275  0.6567E-01  0.6729E-02  0.6729E-02  0.6729E-02  0.0000E+00  0.0000E+00  0.0000E+00  0.0000E+00  0.0000E+00
     -5.125  0.6321E-01  0.6649E-02  0.6649E-02  0.6649E-02  0.0000E+00  0.0000E+00  0.0000E+00  0.0000E+00  0.0000E+00
     -4.975  0.6010E-01  0.6506E-02  0.6506E-02  0.6506E-02  0.0000E+00  0.0000E+00  0.0000E+00  0.0000E+00  0.0000E+00
     -4.825  0.5735E-01  0.6372E-02  0.6372E-02  0.6372E-02  0.0000E+00  0.0000E+00  0.0000E+00  0.0000E+00  0.0000E+00
     -4.675  0.5440E-01  0.6216E-02  0.6216E-02  0.6216E-02  0.0000E+00  0.0000E+00  0.0000E+00  0.0000E+00  0.0000E+00
     -4.525  0.5154E-01  0.6043E-02  0.6043E-02  0.6043E-02  0.0000E+00  0.0000E+00  0.0000E+00  0.0000E+00  0.0000E+00
     -4.375  0.4846E-01  0.5846E-02  0.5846E-02  0.5846E-02  0.0000E+00  0.0000E+00  0.0000E+00  0.0000E+00  0.0000E+00
     -4.225  0.4803E-01  0.7460E-02  0.7460E-02  0.7460E-02  0.0000E+00  0.0000E+00  0.0000E+00  0.0000E+00  0.0000E+00
     -4.075  0.4932E-01  0.9878E-02  0.9878E-02  0.9878E-02  0.0000E+00  0.0000E+00  0.0000E+00  0.0000E+00  0.0000E+00
     -3.926  0.5058E-01  0.1140E-01  0.1140E-01  0.1140E-01  0.0000E+00  0.0000E+00  0.0000E+00  0.0000E+00  0.0000E+00
     -3.776  0.4231E-01  0.1114E-01  0.1114E-01  0.1114E-01  0.0000E+00  0.0000E+00  0.0000E+00  0.0000E+00  0.0000E+00
     -3.626  0.3056E-01  0.1059E-01  0.1059E-01  0.1059E-01  0.0000E+00  0.0000E+00  0.0000E+00  0.0000E+00  0.0000E+00
     -3.476  0.2929E-01  0.1144E-01  0.1144E-01  0.1144E-01  0.0000E+00  0.0000E+00  0.0000E+00  0.0000E+00  0.0000E+00
     -3.326  0.3063E-01  0.1260E-01  0.1260E-01  0.1260E-01  0.0000E+00  0.0000E+00  0.0000E+00  0.0000E+00  0.0000E+00
     -3.176  0.3314E-01  0.1401E-01  0.1401E-01  0.1401E-01  0.0000E+00  0.0000E+00  0.0000E+00  0.0000E+00  0.0000E+00
     -3.026  0.4028E-01  0.1617E-01  0.1617E-01  0.1617E-01  0.0000E+00  0.0000E+00  0.0000E+00  0.0000E+00  0.0000E+00
     -2.876  0.5010E-01  0.1882E-01  0.1882E-01  0.1882E-01  0.0000E+00  0.0000E+00  0.0000E+00  0.0000E+00  0.0000E+00
     -2.726  0.6298E-01  0.2219E-01  0.2219E-01  0.2219E-01  0.0000E+00  0.0000E+00  0.0000E+00  0.0000E+00  0.0000E+00
     -2.576  0.7834E-01  0.2654E-01  0.2654E-01  0.2654E-01  0.0000E+00  0.0000E+00  0.0000E+00  0.0000E+00  0.0000E+00
     -2.426  0.1072E+00  0.3458E-01  0.3458E-01  0.3458E-01  0.0000E+00  0.0000E+00  0.0000E+00  0.0000E+00  0.0000E+00
     -2.276  0.1015E+00  0.3228E-01  0.3228E-01  0.3228E-01  0.0000E+00  0.0000E+00  0.0000E+00  0.0000E+00  0.0000E+00
     -2.126  0.7644E-01  0.2528E-01  0.2528E-01  0.2528E-01  0.0000E+00  0.0000E+00  0.0000E+00  0.0000E+00  0.0000E+00
     -1.977  0.6843E-01  0.2305E-01  0.2305E-01  0.2305E-01  0.0000E+00  0.0000E+00  0.0000E+00  0.0000E+00  0.0000E+00
     -1.827  0.6160E-01  0.2126E-01  0.2126E-01  0.2126E-01  0.0000E+00  0.0000E+00  0.0000E+00  0.0000E+00  0.0000E+00
     -1.677  0.5783E-01  0.2029E-01  0.2029E-01  0.2029E-01  0.0000E+00  0.0000E+00  0.0000E+00  0.0000E+00  0.0000E+00
     -1.527  0.5308E-01  0.1911E-01  0.1911E-01  0.1911E-01  0.0000E+00  0.0000E+00  0.0000E+00  0.0000E+00  0.0000E+00
     -1.377  0.5044E-01  0.1850E-01  0.1850E-01  0.1850E-01  0.0000E+00  0.0000E+00  0.0000E+00  0.0000E+00  0.0000E+00
     -1.227  0.4681E-01  0.1762E-01  0.1762E-01  0.1762E-01  0.0000E+00  0.0000E+00  0.0000E+00  0.0000E+00  0.0000E+00
     -1.077  0.4456E-01  0.1713E-01  0.1713E-01  0.1713E-01  0.0000E+00  0.0000E+00  0.0000E+00  0.0000E+00  0.0000E+00
     -0.927  0.4200E-01  0.1654E-01  0.1654E-01  0.1654E-01  0.0000E+00  0.0000E+00  0.0000E+00  0.0000E+00  0.0000E+00
     -0.777  0.3951E-01  0.1596E-01  0.1596E-01  0.1596E-01  0.0000E+00  0.0000E+00  0.0000E+00  0.0000E+00  0.0000E+00
     -0.627  0.3769E-01  0.1558E-01  0.1558E-01  0.1558E-01  0.0000E+00  0.0000E+00  0.0000E+00  0.0000E+00  0.0000E+00
     -0.477  0.3504E-01  0.1492E-01  0.1492E-01  0.1492E-01  0.0000E+00  0.0000E+00  0.0000E+00  0.0000E+00  0.0000E+00
     -0.327  0.3367E-01  0.1466E-01  0.1466E-01  0.1466E-01  0.0000E+00  0.0000E+00  0.0000E+00  0.0000E+00  0.0000E+00
     -0.177  0.3183E-01  0.1424E-01  0.1424E-01  0.1424E-01  0.0000E+00  0.0000E+00  0.0000E+00  0.0000E+00  0.0000E+00
     -0.027  0.3100E-01  0.2115E-01  0.2115E-01  0.2115E-01  0.0000E+00  0.0000E+00  0.0000E+00  0.0000E+00  0.0000E+00
      0.122  0.3062E-01  0.2429E-01  0.2429E-01  0.2429E-01  0.0000E+00  0.0000E+00  0.0000E+00  0.0000E+00  0.0000E+00
      0.272  0.2988E-01  0.2772E-01  0.2772E-01  0.2772E-01  0.0000E+00  0.0000E+00  0.0000E+00  0.0000E+00  0.0000E+00
      0.422  0.3001E-01  0.3145E-01  0.3145E-01  0.3145E-01  0.0000E+00  0.0000E+00  0.0000E+00  0.0000E+00  0.0000E+00
      0.572  0.3079E-01  0.3707E-01  0.3707E-01  0.3707E-01  0.0000E+00  0.0000E+00  0.0000E+00  0.0000E+00  0.0000E+00
      0.722  0.3125E-01  0.4248E-01  0.4248E-01  0.4248E-01  0.0000E+00  0.0000E+00  0.0000E+00  0.0000E+00  0.0000E+00
      0.872  0.3113E-01  0.4079E-01  0.4079E-01  0.4079E-01  0.0000E+00  0.0000E+00  0.0000E+00  0.0000E+00  0.0000E+00
      1.022  0.3109E-01  0.3958E-01  0.3958E-01  0.3958E-01  0.0000E+00  0.0000E+00  0.0000E+00  0.0000E+00  0.0000E+00
      1.172  0.3026E-01  0.3856E-01  0.3856E-01  0.3856E-01  0.0000E+00  0.0000E+00  0.0000E+00  0.0000E+00  0.0000E+00
      1.322  0.3013E-01  0.3998E-01  0.3998E-01  0.3998E-01  0.0000E+00  0.0000E+00  0.0000E+00  0.0000E+00  0.0000E+00
      1.472  0.2984E-01  0.4028E-01  0.4028E-01  0.4028E-01  0.0000E+00  0.0000E+00  0.0000E+00  0.0000E+00  0.0000E+00
      1.622  0.2899E-01  0.4125E-01  0.4125E-01  0.4125E-01  0.0000E+00  0.0000E+00  0.0000E+00  0.0000E+00  0.0000E+00
      1.772  0.2860E-01  0.4237E-01  0.4237E-01  0.4237E-01  0.0000E+00  0.0000E+00  0.0000E+00  0.0000E+00  0.0000E+00
      1.922  0.2821E-01  0.4381E-01  0.4381E-01  0.4381E-01  0.0000E+00  0.0000E+00  0.0000E+00  0.0000E+00  0.0000E+00
      2.072  0.2750E-01  0.4523E-01  0.4523E-01  0.4523E-01  0.0000E+00  0.0000E+00  0.0000E+00  0.0000E+00  0.0000E+00
      2.221  0.2680E-01  0.4701E-01  0.4701E-01  0.4701E-01  0.0000E+00  0.0000E+00  0.0000E+00  0.0000E+00  0.0000E+00
      2.371  0.2635E-01  0.4893E-01  0.4893E-01  0.4893E-01  0.0000E+00  0.0000E+00  0.0000E+00  0.0000E+00  0.0000E+00
      2.521  0.2569E-01  0.5131E-01  0.5131E-01  0.5131E-01  0.0000E+00  0.0000E+00  0.0000E+00  0.0000E+00  0.0000E+00
      2.671  0.2480E-01  0.5436E-01  0.5436E-01  0.5436E-01  0.0000E+00  0.0000E+00  0.0000E+00  0.0000E+00  0.0000E+00
      2.821  0.2426E-01  0.5680E-01  0.5680E-01  0.5680E-01  0.0000E+00  0.0000E+00  0.0000E+00  0.0000E+00  0.0000E+00
      2.971  0.2362E-01  0.6181E-01  0.6181E-01  0.6181E-01  0.0000E+00  0.0000E+00  0.0000E+00  0.0000E+00  0.0000E+00
      3.121  0.2270E-01  0.7032E-01  0.7032E-01  0.7032E-01  0.0000E+00  0.0000E+00  0.0000E+00  0.0000E+00  0.0000E+00
      3.271  0.2188E-01  0.7769E-01  0.7769E-01  0.7769E-01  0.0000E+00  0.0000E+00  0.0000E+00  0.0000E+00  0.0000E+00
      3.421  0.2120E-01  0.7393E-01  0.7393E-01  0.7393E-01  0.0000E+00  0.0000E+00  0.0000E+00  0.0000E+00  0.0000E+00
      3.571  0.2039E-01  0.7355E-01  0.7355E-01  0.7355E-01  0.0000E+00  0.0000E+00  0.0000E+00  0.0000E+00  0.0000E+00
      3.721  0.1936E-01  0.7297E-01  0.7297E-01  0.7297E-01  0.0000E+00  0.0000E+00  0.0000E+00  0.0000E+00  0.0000E+00
      3.871  0.1873E-01  0.7261E-01  0.7261E-01  0.7261E-01  0.0000E+00  0.0000E+00  0.0000E+00  0.0000E+00  0.0000E+00
      4.021  0.1806E-01  0.7249E-01  0.7249E-01  0.7249E-01  0.0000E+00  0.0000E+00  0.0000E+00  0.0000E+00  0.0000E+00
      4.170  0.1720E-01  0.7213E-01  0.7213E-01  0.7213E-01  0.0000E+00  0.0000E+00  0.0000E+00  0.0000E+00  0.0000E+00
      4.320  0.1636E-01  0.7151E-01  0.7151E-01  0.7151E-01  0.0000E+00  0.0000E+00  0.0000E+00  0.0000E+00  0.0000E+00
      4.470  0.1577E-01  0.7167E-01  0.7167E-01  0.7167E-01  0.0000E+00  0.0000E+00  0.0000E+00  0.0000E+00  0.0000E+00
      4.620  0.1500E-01  0.7116E-01  0.7116E-01  0.7116E-01  0.0000E+00  0.0000E+00  0.0000E+00  0.0000E+00  0.0000E+00
      4.770  0.1415E-01  0.7070E-01  0.7070E-01  0.7070E-01  0.0000E+00  0.0000E+00  0.0000E+00  0.0000E+00  0.0000E+00
      4.920  0.1352E-01  0.7070E-01  0.7070E-01  0.7070E-01  0.0000E+00  0.0000E+00  0.0000E+00  0.0000E+00  0.0000E+00
      5.070  0.1290E-01  0.7037E-01  0.7037E-01  0.7037E-01  0.0000E+00  0.0000E+00  0.0000E+00  0.0000E+00  0.0000E+00
      5.220  0.1220E-01  0.7020E-01  0.7020E-01  0.7020E-01  0.0000E+00  0.0000E+00  0.0000E+00  0.0000E+00  0.0000E+00
      5.370  0.1140E-01  0.6978E-01  0.6978E-01  0.6978E-01  0.0000E+00  0.0000E+00  0.0000E+00  0.0000E+00  0.0000E+00
      5.520  0.1076E-01  0.6961E-01  0.6961E-01  0.6961E-01  0.0000E+00  0.0000E+00  0.0000E+00  0.0000E+00  0.0000E+00
      5.670  0.1011E-01  0.6932E-01  0.6932E-01  0.6932E-01  0.0000E+00  0.0000E+00  0.0000E+00  0.0000E+00  0.0000E+00
      5.820  0.9487E-02  0.6908E-01  0.6908E-01  0.6908E-01  0.0000E+00  0.0000E+00  0.0000E+00  0.0000E+00  0.0000E+00
      5.970  0.8798E-02  0.6867E-01  0.6867E-01  0.6867E-01  0.0000E+00  0.0000E+00  0.0000E+00  0.0000E+00  0.0000E+00
      6.120  0.8252E-02  0.6853E-01  0.6853E-01  0.6853E-01  0.0000E+00  0.0000E+00  0.0000E+00  0.0000E+00  0.0000E+00
      6.269  0.7719E-02  0.6822E-01  0.6822E-01  0.6822E-01  0.0000E+00  0.0000E+00  0.0000E+00  0.0000E+00  0.0000E+00
      6.419  0.7068E-02  0.6814E-01  0.6814E-01  0.6814E-01  0.0000E+00  0.0000E+00  0.0000E+00  0.0000E+00  0.0000E+00
      6.569  0.6396E-02  0.6754E-01  0.6754E-01  0.6754E-01  0.0000E+00  0.0000E+00  0.0000E+00  0.0000E+00  0.0000E+00
      6.719  0.5891E-02  0.6765E-01  0.6765E-01  0.6765E-01  0.0000E+00  0.0000E+00  0.0000E+00  0.0000E+00  0.0000E+00
      6.869  0.5357E-02  0.6469E-01  0.6469E-01  0.6469E-01  0.0000E+00  0.0000E+00  0.0000E+00  0.0000E+00  0.0000E+00
      7.019  0.4828E-02  0.5353E-01  0.5353E-01  0.5353E-01  0.0000E+00  0.0000E+00  0.0000E+00  0.0000E+00  0.0000E+00
      7.169  0.4323E-02  0.4699E-01  0.4699E-01  0.4699E-01  0.0000E+00  0.0000E+00  0.0000E+00  0.0000E+00  0.0000E+00
      7.319  0.3938E-02  0.4238E-01  0.4238E-01  0.4238E-01  0.0000E+00  0.0000E+00  0.0000E+00  0.0000E+00  0.0000E+00
      7.469  0.3564E-02  0.3880E-01  0.3880E-01  0.3880E-01  0.0000E+00  0.0000E+00  0.0000E+00  0.0000E+00  0.0000E+00
      7.619  0.3177E-02  0.3559E-01  0.3559E-01  0.3559E-01  0.0000E+00  0.0000E+00  0.0000E+00  0.0000E+00  0.0000E+00
      7.769  0.2820E-02  0.3274E-01  0.3274E-01  0.3274E-01  0.0000E+00  0.0000E+00  0.0000E+00  0.0000E+00  0.0000E+00
      7.919  0.2522E-02  0.3021E-01  0.3021E-01  0.3021E-01  0.0000E+00  0.0000E+00  0.0000E+00  0.0000E+00  0.0000E+00
      8.069  0.2229E-02  0.2777E-01  0.2777E-01  0.2777E-01  0.0000E+00  0.0000E+00  0.0000E+00  0.0000E+00  0.0000E+00
      8.219  0.1909E-02  0.2545E-01  0.2545E-01  0.2545E-01  0.0000E+00  0.0000E+00  0.0000E+00  0.0000E+00  0.0000E+00
      8.368  0.1666E-02  0.2344E-01  0.2344E-01  0.2344E-01  0.0000E+00  0.0000E+00  0.0000E+00  0.0000E+00  0.0000E+00
      8.518  0.1429E-02  0.2139E-01  0.2139E-01  0.2139E-01  0.0000E+00  0.0000E+00  0.0000E+00  0.0000E+00  0.0000E+00
      8.668  0.1173E-02  0.1943E-01  0.1943E-01  0.1943E-01  0.0000E+00  0.0000E+00  0.0000E+00  0.0000E+00  0.0000E+00
      8.818  0.9693E-03  0.1755E-01  0.1755E-01  0.1755E-01  0.0000E+00  0.0000E+00  0.0000E+00  0.0000E+00  0.0000E+00
      8.968  0.7723E-03  0.1564E-01  0.1564E-01  0.1564E-01  0.0000E+00  0.0000E+00  0.0000E+00  0.0000E+00  0.0000E+00
      9.118  0.5823E-03  0.1388E-01  0.1388E-01  0.1388E-01  0.0000E+00  0.0000E+00  0.0000E+00  0.0000E+00  0.0000E+00
      9.268  0.4260E-03  0.1191E-01  0.1191E-01  0.1191E-01  0.0000E+00  0.0000E+00  0.0000E+00  0.0000E+00  0.0000E+00
      9.418  0.2851E-03  0.9958E-02  0.9958E-02  0.9958E-02  0.0000E+00  0.0000E+00  0.0000E+00  0.0000E+00  0.0000E+00
      9.568  0.1552E-03  0.7722E-02  0.7722E-02  0.7722E-02  0.0000E+00  0.0000E+00  0.0000E+00  0.0000E+00  0.0000E+00
      9.718  0.6448E-04  0.5290E-02  0.5290E-02  0.5290E-02  0.0000E+00  0.0000E+00  0.0000E+00  0.0000E+00  0.0000E+00
      9.868  0.1057E-04  0.1545E-02  0.1545E-02  0.1545E-02  0.0000E+00  0.0000E+00  0.0000E+00  0.0000E+00  0.0000E+00
     10.018  0.0000E+00  0.0000E+00  0.0000E+00  0.0000E+00  0.0000E+00  0.0000E+00  0.0000E+00  0.0000E+00  0.0000E+00
     10.168  0.0000E+00  0.0000E+00  0.0000E+00  0.0000E+00  0.0000E+00  0.0000E+00  0.0000E+00  0.0000E+00  0.0000E+00
     10.317  0.0000E+00  0.0000E+00  0.0000E+00  0.0000E+00  0.0000E+00  0.0000E+00  0.0000E+00  0.0000E+00  0.0000E+00
     10.467  0.0000E+00  0.0000E+00  0.0000E+00  0.0000E+00  0.0000E+00  0.0000E+00  0.0000E+00  0.0000E+00  0.0000E+00
     10.617  0.0000E+00  0.0000E+00  0.0000E+00  0.0000E+00  0.0000E+00  0.0000E+00  0.0000E+00  0.0000E+00  0.0000E+00
     10.767  0.0000E+00  0.0000E+00  0.0000E+00  0.0000E+00  0.0000E+00  0.0000E+00  0.0000E+00  0.0000E+00  0.0000E+00
     10.917  0.0000E+00  0.0000E+00  0.0000E+00  0.0000E+00  0.0000E+00  0.0000E+00  0.0000E+00  0.0000E+00  0.0000E+00
     11.067  0.0000E+00  0.0000E+00  0.0000E+00  0.0000E+00  0.0000E+00  0.0000E+00  0.0000E+00  0.0000E+00  0.0000E+00
     11.217  0.0000E+00  0.0000E+00  0.0000E+00  0.0000E+00  0.0000E+00  0.0000E+00  0.0000E+00  0.0000E+00  0.0000E+00
     11.367  0.0000E+00  0.0000E+00  0.0000E+00  0.0000E+00  0.0000E+00  0.0000E+00  0.0000E+00  0.0000E+00  0.0000E+00
     11.517  0.0000E+00  0.0000E+00  0.0000E+00  0.0000E+00  0.0000E+00  0.0000E+00  0.0000E+00  0.0000E+00  0.0000E+00
     11.667  0.0000E+00  0.0000E+00  0.0000E+00  0.0000E+00  0.0000E+00  0.0000E+00  0.0000E+00  0.0000E+00  0.0000E+00
     11.817  0.0000E+00  0.0000E+00  0.0000E+00  0.0000E+00  0.0000E+00  0.0000E+00  0.0000E+00  0.0000E+00  0.0000E+00
     11.967  0.0000E+00  0.0000E+00  0.0000E+00  0.0000E+00  0.0000E+00  0.0000E+00  0.0000E+00  0.0000E+00  0.0000E+00
     12.117  0.0000E+00  0.0000E+00  0.0000E+00  0.0000E+00  0.0000E+00  0.0000E+00  0.0000E+00  0.0000E+00  0.0000E+00
     12.267  0.0000E+00  0.0000E+00  0.0000E+00  0.0000E+00  0.0000E+00  0.0000E+00  0.0000E+00  0.0000E+00  0.0000E+00
     12.416  0.0000E+00  0.0000E+00  0.0000E+00  0.0000E+00  0.0000E+00  0.0000E+00  0.0000E+00  0.0000E+00  0.0000E+00
     12.566  0.0000E+00  0.0000E+00  0.0000E+00  0.0000E+00  0.0000E+00  0.0000E+00  0.0000E+00  0.0000E+00  0.0000E+00
     12.716  0.0000E+00  0.0000E+00  0.0000E+00  0.0000E+00  0.0000E+00  0.0000E+00  0.0000E+00  0.0000E+00  0.0000E+00
     12.866  0.0000E+00  0.0000E+00  0.0000E+00  0.0000E+00  0.0000E+00  0.0000E+00  0.0000E+00  0.0000E+00  0.0000E+00
     13.016  0.0000E+00  0.0000E+00  0.0000E+00  0.0000E+00  0.0000E+00  0.0000E+00  0.0000E+00  0.0000E+00  0.0000E+00
     13.166  0.0000E+00  0.0000E+00  0.0000E+00  0.0000E+00  0.0000E+00  0.0000E+00  0.0000E+00  0.0000E+00  0.0000E+00
     13.316  0.0000E+00  0.0000E+00  0.0000E+00  0.0000E+00  0.0000E+00  0.0000E+00  0.0000E+00  0.0000E+00  0.0000E+00
     13.466  0.0000E+00  0.0000E+00  0.0000E+00  0.0000E+00  0.0000E+00  0.0000E+00  0.0000E+00  0.0000E+00  0.0000E+00
     13.616  0.0000E+00  0.0000E+00  0.0000E+00  0.0000E+00  0.0000E+00  0.0000E+00  0.0000E+00  0.0000E+00  0.0000E+00
     13.766  0.0000E+00  0.0000E+00  0.0000E+00  0.0000E+00  0.0000E+00  0.0000E+00  0.0000E+00  0.0000E+00  0.0000E+00
     13.916  0.0000E+00  0.0000E+00  0.0000E+00  0.0000E+00  0.0000E+00  0.0000E+00  0.0000E+00  0.0000E+00  0.0000E+00
     14.066  0.0000E+00  0.0000E+00  0.0000E+00  0.0000E+00  0.0000E+00  0.0000E+00  0.0000E+00  0.0000E+00  0.0000E+00
     14.216  0.0000E+00  0.0000E+00  0.0000E+00  0.0000E+00  0.0000E+00  0.0000E+00  0.0000E+00  0.0000E+00  0.0000E+00
     14.366  0.7423E-02  0.2499E-02  0.2499E-02  0.2499E-02  0.0000E+00  0.0000E+00  0.0000E+00  0.0000E+00  0.0000E+00
     14.515  0.9545E-02  0.3594E-02  0.3594E-02  0.3594E-02  0.0000E+00  0.0000E+00  0.0000E+00  0.0000E+00  0.0000E+00
     14.665  0.1176E-01  0.4624E-02  0.4624E-02  0.4624E-02  0.0000E+00  0.0000E+00  0.0000E+00  0.0000E+00  0.0000E+00
     14.815  0.1449E-01  0.6007E-02  0.6007E-02  0.6007E-02  0.0000E+00  0.0000E+00  0.0000E+00  0.0000E+00  0.0000E+00
     14.965  0.1780E-01  0.7610E-02  0.7610E-02  0.7610E-02  0.0000E+00  0.0000E+00  0.0000E+00  0.0000E+00  0.0000E+00
     15.115  0.2089E-01  0.9394E-02  0.9394E-02  0.9394E-02  0.0000E+00  0.0000E+00  0.0000E+00  0.0000E+00  0.0000E+00
     15.265  0.2328E-01  0.1114E-01  0.1114E-01  0.1114E-01  0.0000E+00  0.0000E+00  0.0000E+00  0.0000E+00  0.0000E+00
     15.415  0.2480E-01  0.1310E-01  0.1310E-01  0.1310E-01  0.0000E+00  0.0000E+00  0.0000E+00  0.0000E+00  0.0000E+00
     15.565  0.2608E-01  0.1534E-01  0.1534E-01  0.1534E-01  0.0000E+00  0.0000E+00  0.0000E+00  0.0000E+00  0.0000E+00
     15.715  0.2741E-01  0.1883E-01  0.1883E-01  0.1883E-01  0.0000E+00  0.0000E+00  0.0000E+00  0.0000E+00  0.0000E+00
     15.865  0.2826E-01  0.2217E-01  0.2217E-01  0.2217E-01  0.0000E+00  0.0000E+00  0.0000E+00  0.0000E+00  0.0000E+00
     16.015  0.2898E-01  0.2282E-01  0.2282E-01  0.2282E-01  0.0000E+00  0.0000E+00  0.0000E+00  0.0000E+00  0.0000E+00
     16.165  0.2966E-01  0.2389E-01  0.2389E-01  0.2389E-01  0.0000E+00  0.0000E+00  0.0000E+00  0.0000E+00  0.0000E+00
     16.315  0.3043E-01  0.2534E-01  0.2534E-01  0.2534E-01  0.0000E+00  0.0000E+00  0.0000E+00  0.0000E+00  0.0000E+00
     16.465  0.3105E-01  0.2673E-01  0.2673E-01  0.2673E-01  0.0000E+00  0.0000E+00  0.0000E+00  0.0000E+00  0.0000E+00
     16.614  0.3153E-01  0.2819E-01  0.2819E-01  0.2819E-01  0.0000E+00  0.0000E+00  0.0000E+00  0.0000E+00  0.0000E+00
     16.764  0.3202E-01  0.2975E-01  0.2975E-01  0.2975E-01  0.0000E+00  0.0000E+00  0.0000E+00  0.0000E+00  0.0000E+00
     16.914  0.3255E-01  0.3139E-01  0.3139E-01  0.3139E-01  0.0000E+00  0.0000E+00  0.0000E+00  0.0000E+00  0.0000E+00
     17.064  0.3308E-01  0.3315E-01  0.3315E-01  0.3315E-01  0.0000E+00  0.0000E+00  0.0000E+00  0.0000E+00  0.0000E+00
     17.214  0.3363E-01  0.3506E-01  0.3506E-01  0.3506E-01  0.0000E+00  0.0000E+00  0.0000E+00  0.0000E+00  0.0000E+00
     17.364  0.3406E-01  0.3703E-01  0.3703E-01  0.3703E-01  0.0000E+00  0.0000E+00  0.0000E+00  0.0000E+00  0.0000E+00
     17.514  0.3455E-01  0.3922E-01  0.3922E-01  0.3922E-01  0.0000E+00  0.0000E+00  0.0000E+00  0.0000E+00  0.0000E+00
     17.664  0.3507E-01  0.4151E-01  0.4151E-01  0.4151E-01  0.0000E+00  0.0000E+00  0.0000E+00  0.0000E+00  0.0000E+00
     17.814  0.3577E-01  0.4428E-01  0.4428E-01  0.4428E-01  0.0000E+00  0.0000E+00  0.0000E+00  0.0000E+00  0.0000E+00
     17.964  0.3646E-01  0.4718E-01  0.4718E-01  0.4718E-01  0.0000E+00  0.0000E+00  0.0000E+00  0.0000E+00  0.0000E+00
     18.114  0.3739E-01  0.5093E-01  0.5093E-01  0.5093E-01  0.0000E+00  0.0000E+00  0.0000E+00  0.0000E+00  0.0000E+00
     18.264  0.3837E-01  0.5545E-01  0.5545E-01  0.5545E-01  0.0000E+00  0.0000E+00  0.0000E+00  0.0000E+00  0.0000E+00
     18.414  0.4013E-01  0.6280E-01  0.6280E-01  0.6280E-01  0.0000E+00  0.0000E+00  0.0000E+00  0.0000E+00  0.0000E+00
     18.563  0.4305E-01  0.7507E-01  0.7507E-01  0.7507E-01  0.0000E+00  0.0000E+00  0.0000E+00  0.0000E+00  0.0000E+00
     18.713  0.4413E-01  0.7605E-01  0.7605E-01  0.7605E-01  0.0000E+00  0.0000E+00  0.0000E+00  0.0000E+00  0.0000E+00
     18.863  0.4245E-01  0.6231E-01  0.6231E-01  0.6231E-01  0.0000E+00  0.0000E+00  0.0000E+00  0.0000E+00  0.0000E+00
     19.013  0.6927E-01  0.7887E-01  0.7887E-01  0.7887E-01  0.0000E+00  0.0000E+00  0.0000E+00  0.0000E+00  0.0000E+00
     19.163  0.7363E-01  0.6493E-01  0.6493E-01  0.6493E-01  0.0000E+00  0.0000E+00  0.0000E+00  0.0000E+00  0.0000E+00
     19.313  0.7046E-01  0.5665E-01  0.5665E-01  0.5665E-01  0.0000E+00  0.0000E+00  0.0000E+00  0.0000E+00  0.0000E+00
     19.463  0.6395E-01  0.5561E-01  0.5561E-01  0.5561E-01  0.0000E+00  0.0000E+00  0.0000E+00  0.0000E+00  0.0000E+00
     19.613  0.6339E-01  0.5573E-01  0.5573E-01  0.5573E-01  0.0000E+00  0.0000E+00  0.0000E+00  0.0000E+00  0.0000E+00
     19.763  0.5610E-01  0.5287E-01  0.5287E-01  0.5287E-01  0.0000E+00  0.0000E+00  0.0000E+00  0.0000E+00  0.0000E+00
     19.913  0.5603E-01  0.5356E-01  0.5356E-01  0.5356E-01  0.0000E+00  0.0000E+00  0.0000E+00  0.0000E+00  0.0000E+00
     20.063  0.5333E-01  0.5247E-01  0.5247E-01  0.5247E-01  0.0000E+00  0.0000E+00  0.0000E+00  0.0000E+00  0.0000E+00
     20.213  0.5016E-01  0.5317E-01  0.5317E-01  0.5317E-01  0.0000E+00  0.0000E+00  0.0000E+00  0.0000E+00  0.0000E+00
     20.363  0.4807E-01  0.5419E-01  0.5419E-01  0.5419E-01  0.0000E+00  0.0000E+00  0.0000E+00  0.0000E+00  0.0000E+00
     20.513  0.4629E-01  0.5324E-01  0.5324E-01  0.5324E-01  0.0000E+00  0.0000E+00  0.0000E+00  0.0000E+00  0.0000E+00
     20.662  0.4482E-01  0.5266E-01  0.5266E-01  0.5266E-01  0.0000E+00  0.0000E+00  0.0000E+00  0.0000E+00  0.0000E+00
     20.812  0.4097E-01  0.5094E-01  0.5094E-01  0.5094E-01  0.0000E+00  0.0000E+00  0.0000E+00  0.0000E+00  0.0000E+00
     20.962  0.3995E-01  0.4968E-01  0.4968E-01  0.4968E-01  0.0000E+00  0.0000E+00  0.0000E+00  0.0000E+00  0.0000E+00
     21.112  0.4058E-01  0.4984E-01  0.4984E-01  0.4984E-01  0.0000E+00  0.0000E+00  0.0000E+00  0.0000E+00  0.0000E+00
     21.262  0.3780E-01  0.4540E-01  0.4540E-01  0.4540E-01  0.0000E+00  0.0000E+00  0.0000E+00  0.0000E+00  0.0000E+00
     21.412  0.3138E-01  0.4113E-01  0.4113E-01  0.4113E-01  0.0000E+00  0.0000E+00  0.0000E+00  0.0000E+00  0.0000E+00
     21.562  0.2870E-01  0.3921E-01  0.3921E-01  0.3921E-01  0.0000E+00  0.0000E+00  0.0000E+00  0.0000E+00  0.0000E+00
     21.712  0.3329E-01  0.4066E-01  0.4066E-01  0.4066E-01  0.0000E+00  0.0000E+00  0.0000E+00  0.0000E+00  0.0000E+00
     21.862  0.3885E-01  0.4219E-01  0.4219E-01  0.4219E-01  0.0000E+00  0.0000E+00  0.0000E+00  0.0000E+00  0.0000E+00
     22.012  0.4602E-01  0.4361E-01  0.4361E-01  0.4361E-01  0.0000E+00  0.0000E+00  0.0000E+00  0.0000E+00  0.0000E+00
     22.162  0.4487E-01  0.4192E-01  0.4192E-01  0.4192E-01  0.0000E+00  0.0000E+00  0.0000E+00  0.0000E+00  0.0000E+00
     22.312  0.4804E-01  0.4292E-01  0.4292E-01  0.4292E-01  0.0000E+00  0.0000E+00  0.0000E+00  0.0000E+00  0.0000E+00
     22.462  0.5402E-01  0.4651E-01  0.4651E-01  0.4651E-01  0.0000E+00  0.0000E+00  0.0000E+00  0.0000E+00  0.0000E+00
     22.612  0.5289E-01  0.4683E-01  0.4683E-01  0.4683E-01  0.0000E+00  0.0000E+00  0.0000E+00  0.0000E+00  0.0000E+00
     22.761  0.5645E-01  0.4920E-01  0.4920E-01  0.4920E-01  0.0000E+00  0.0000E+00  0.0000E+00  0.0000E+00  0.0000E+00
     22.911  0.5540E-01  0.4870E-01  0.4870E-01  0.4870E-01  0.0000E+00  0.0000E+00  0.0000E+00  0.0000E+00  0.0000E+00
     23.061  0.5622E-01  0.4987E-01  0.4987E-01  0.4987E-01  0.0000E+00  0.0000E+00  0.0000E+00  0.0000E+00  0.0000E+00
     23.211  0.5852E-01  0.5277E-01  0.5277E-01  0.5277E-01  0.0000E+00  0.0000E+00  0.0000E+00  0.0000E+00  0.0000E+00
     23.361  0.5489E-01  0.5213E-01  0.5213E-01  0.5213E-01  0.0000E+00  0.0000E+00  0.0000E+00  0.0000E+00  0.0000E+00
     23.511  0.5610E-01  0.5338E-01  0.5338E-01  0.5338E-01  0.0000E+00  0.0000E+00  0.0000E+00  0.0000E+00  0.0000E+00
     23.661  0.5708E-01  0.5373E-01  0.5373E-01  0.5373E-01  0.0000E+00  0.0000E+00  0.0000E+00  0.0000E+00  0.0000E+00
     23.811  0.6031E-01  0.5753E-01  0.5753E-01  0.5753E-01  0.0000E+00  0.0000E+00  0.0000E+00  0.0000E+00  0.0000E+00
     23.961  0.6105E-01  0.5755E-01  0.5755E-01  0.5755E-01  0.0000E+00  0.0000E+00  0.0000E+00  0.0000E+00  0.0000E+00
     24.111  0.9985E-01  0.6082E-01  0.6082E-01  0.6082E-01  0.0000E+00  0.0000E+00  0.0000E+00  0.0000E+00  0.0000E+00
     24.261  0.1103E+00  0.6339E-01  0.6339E-01  0.6339E-01  0.0000E+00  0.0000E+00  0.0000E+00  0.0000E+00  0.0000E+00
     24.411  0.1051E+00  0.6859E-01  0.6859E-01  0.6859E-01  0.0000E+00  0.0000E+00  0.0000E+00  0.0000E+00  0.0000E+00
     24.561  0.8560E-01  0.6396E-01  0.6396E-01  0.6396E-01  0.0000E+00  0.0000E+00  0.0000E+00  0.0000E+00  0.0000E+00
     24.710  0.5678E-01  0.5961E-01  0.5961E-01  0.5961E-01  0.0000E+00  0.0000E+00  0.0000E+00  0.0000E+00  0.0000E+00
     24.860  0.4928E-01  0.6181E-01  0.6181E-01  0.6181E-01  0.0000E+00  0.0000E+00  0.0000E+00  0.0000E+00  0.0000E+00
     25.010  0.4472E-01  0.6444E-01  0.6444E-01  0.6444E-01  0.0000E+00  0.0000E+00  0.0000E+00  0.0000E+00  0.0000E+00
     25.160  0.4665E-01  0.7599E-01  0.7599E-01  0.7599E-01  0.0000E+00  0.0000E+00  0.0000E+00  0.0000E+00  0.0000E+00
     25.310  0.4764E-01  0.8404E-01  0.8404E-01  0.8404E-01  0.0000E+00  0.0000E+00  0.0000E+00  0.0000E+00  0.0000E+00
     25.460  0.4316E-01  0.8162E-01  0.8162E-01  0.8162E-01  0.0000E+00  0.0000E+00  0.0000E+00  0.0000E+00  0.0000E+00
     25.610  0.3551E-01  0.7329E-01  0.7329E-01  0.7329E-01  0.0000E+00  0.0000E+00  0.0000E+00  0.0000E+00  0.0000E+00
     25.760  0.2967E-01  0.6836E-01  0.6836E-01  0.6836E-01  0.0000E+00  0.0000E+00  0.0000E+00  0.0000E+00  0.0000E+00
     25.910  0.2528E-01  0.6598E-01  0.6598E-01  0.6598E-01  0.0000E+00  0.0000E+00  0.0000E+00  0.0000E+00  0.0000E+00
     26.060  0.2102E-01  0.6269E-01  0.6269E-01  0.6269E-01  0.0000E+00  0.0000E+00  0.0000E+00  0.0000E+00  0.0000E+00
     26.210  0.1762E-01  0.6011E-01  0.6011E-01  0.6011E-01  0.0000E+00  0.0000E+00  0.0000E+00  0.0000E+00  0.0000E+00
     26.360  0.1408E-01  0.5720E-01  0.5720E-01  0.5720E-01  0.0000E+00  0.0000E+00  0.0000E+00  0.0000E+00  0.0000E+00
     26.510  0.1116E-01  0.5734E-01  0.5734E-01  0.5734E-01  0.0000E+00  0.0000E+00  0.0000E+00  0.0000E+00  0.0000E+00
     26.660  0.8525E-02  0.7337E-01  0.7337E-01  0.7337E-01  0.0000E+00  0.0000E+00  0.0000E+00  0.0000E+00  0.0000E+00
     26.809  0.4968E-02  0.3011E-01  0.3011E-01  0.3011E-01  0.0000E+00  0.0000E+00  0.0000E+00  0.0000E+00  0.0000E+00
     26.959  0.3840E-02  0.2555E-01  0.2555E-01  0.2555E-01  0.0000E+00  0.0000E+00  0.0000E+00  0.0000E+00  0.0000E+00
     27.109  0.2940E-02  0.2304E-01  0.2304E-01  0.2304E-01  0.0000E+00  0.0000E+00  0.0000E+00  0.0000E+00  0.0000E+00
     27.259  0.2162E-02  0.2043E-01  0.2043E-01  0.2043E-01  0.0000E+00  0.0000E+00  0.0000E+00  0.0000E+00  0.0000E+00
     27.409  0.1447E-02  0.1803E-01  0.1803E-01  0.1803E-01  0.0000E+00  0.0000E+00  0.0000E+00  0.0000E+00  0.0000E+00
     27.559  0.8612E-03  0.1454E-01  0.1454E-01  0.1454E-01  0.0000E+00  0.0000E+00  0.0000E+00  0.0000E+00  0.0000E+00
     27.709  0.3862E-03  0.1103E-01  0.1103E-01  0.1103E-01  0.0000E+00  0.0000E+00  0.0000E+00  0.0000E+00  0.0000E+00
     27.859  0.1140E-03  0.7020E-02  0.7020E-02  0.7020E-02  0.0000E+00  0.0000E+00  0.0000E+00  0.0000E+00  0.0000E+00
     28.009  0.1496E-05  0.3121E-03  0.3121E-03  0.3121E-03  0.0000E+00  0.0000E+00  0.0000E+00  0.0000E+00  0.0000E+00
     28.159  0.0000E+00  0.0000E+00  0.0000E+00  0.0000E+00  0.0000E+00  0.0000E+00  0.0000E+00  0.0000E+00  0.0000E+00
     28.309  0.0000E+00  0.0000E+00  0.0000E+00  0.0000E+00  0.0000E+00  0.0000E+00  0.0000E+00  0.0000E+00  0.0000E+00
     28.459  0.0000E+00  0.0000E+00  0.0000E+00  0.0000E+00  0.0000E+00  0.0000E+00  0.0000E+00  0.0000E+00  0.0000E+00
     28.609  0.0000E+00  0.0000E+00  0.0000E+00  0.0000E+00  0.0000E+00  0.0000E+00  0.0000E+00  0.0000E+00  0.0000E+00
     28.759  0.0000E+00  0.0000E+00  0.0000E+00  0.0000E+00  0.0000E+00  0.0000E+00  0.0000E+00  0.0000E+00  0.0000E+00
     28.908  0.0000E+00  0.0000E+00  0.0000E+00  0.0000E+00  0.0000E+00  0.0000E+00  0.0000E+00  0.0000E+00  0.0000E+00
     29.058  0.0000E+00  0.0000E+00  0.0000E+00  0.0000E+00  0.0000E+00  0.0000E+00  0.0000E+00  0.0000E+00  0.0000E+00
     29.208  0.0000E+00  0.0000E+00  0.0000E+00  0.0000E+00  0.0000E+00  0.0000E+00  0.0000E+00  0.0000E+00  0.0000E+00
     29.358  0.0000E+00  0.0000E+00  0.0000E+00  0.0000E+00  0.0000E+00  0.0000E+00  0.0000E+00  0.0000E+00  0.0000E+00
     29.508  0.0000E+00  0.0000E+00  0.0000E+00  0.0000E+00  0.0000E+00  0.0000E+00  0.0000E+00  0.0000E+00  0.0000E+00
     29.658  0.0000E+00  0.0000E+00  0.0000E+00  0.0000E+00  0.0000E+00  0.0000E+00  0.0000E+00  0.0000E+00  0.0000E+00
     29.808  0.0000E+00  0.0000E+00  0.0000E+00  0.0000E+00  0.0000E+00  0.0000E+00  0.0000E+00  0.0000E+00  0.0000E+00
     29.958  0.0000E+00  0.0000E+00  0.0000E+00  0.0000E+00  0.0000E+00  0.0000E+00  0.0000E+00  0.0000E+00  0.0000E+00
