   2   2   1   0
  0.5463398E+01  0.2490783E-09  0.2490783E-09  0.2490783E-09  0.5000000E-15
  1.000000000000000E-004
  CAR 
 C                                       
     30.79767053    -15.04072040  301     10.25942675      1.00000000
    -15.041  0.0000E+00  0.0000E+00
    -14.888  0.0000E+00  0.0000E+00
    -14.735  0.0000E+00  0.0000E+00
    -14.582  0.0000E+00  0.0000E+00
    -14.430  0.0000E+00  0.0000E+00
    -14.277  0.0000E+00  0.0000E+00
    -14.124  0.0000E+00  0.0000E+00
    -13.971  0.0000E+00  0.0000E+00
    -13.818  0.0000E+00  0.0000E+00
    -13.666  0.0000E+00  0.0000E+00
    -13.513  0.0000E+00  0.0000E+00
    -13.360  0.0000E+00  0.0000E+00
    -13.207  0.0000E+00  0.0000E+00
    -13.054  0.0000E+00  0.0000E+00
    -12.902  0.2503E-01  0.7289E-03
    -12.749  0.5748E-01  0.6109E-02
    -12.596  0.6211E-01  0.1426E-01
    -12.443  0.7229E-01  0.2442E-01
    -12.290  0.8277E-01  0.3627E-01
    -12.138  0.9211E-01  0.4961E-01
    -11.985  0.1002E+00  0.6430E-01
    -11.832  0.1081E+00  0.8025E-01
    -11.679  0.1158E+00  0.9735E-01
    -11.526  0.1225E+00  0.1156E+00
    -11.374  0.1295E+00  0.1348E+00
    -11.221  0.1357E+00  0.1551E+00
    -11.068  0.1421E+00  0.1763E+00
    -10.915  0.1479E+00  0.1984E+00
    -10.762  0.1540E+00  0.2215E+00
    -10.610  0.1595E+00  0.2454E+00
    -10.457  0.1653E+00  0.2703E+00
    -10.304  0.1706E+00  0.2959E+00
    -10.151  0.1761E+00  0.3224E+00
     -9.998  0.1814E+00  0.3497E+00
     -9.846  0.1866E+00  0.3778E+00
     -9.693  0.1920E+00  0.4068E+00
     -9.540  0.1971E+00  0.4365E+00
     -9.387  0.2023E+00  0.4670E+00
     -9.235  0.2076E+00  0.4983E+00
     -9.082  0.2127E+00  0.5304E+00
     -8.929  0.2180E+00  0.5633E+00
     -8.776  0.2233E+00  0.5970E+00
     -8.623  0.2286E+00  0.6316E+00
     -8.471  0.2342E+00  0.6669E+00
     -8.318  0.2398E+00  0.7031E+00
     -8.165  0.2456E+00  0.7402E+00
     -8.012  0.2518E+00  0.7782E+00
     -7.859  0.2582E+00  0.8172E+00
     -7.707  0.2650E+00  0.8571E+00
     -7.554  0.2725E+00  0.8982E+00
     -7.401  0.2810E+00  0.9405E+00
     -7.248  0.2908E+00  0.9841E+00
     -7.095  0.3031E+00  0.1029E+01
     -6.943  0.3207E+00  0.1077E+01
     -6.790  0.3775E+00  0.1129E+01
     -6.637  0.3584E+00  0.1184E+01
     -6.484  0.3528E+00  0.1238E+01
     -6.331  0.3348E+00  0.1290E+01
     -6.179  0.3277E+00  0.1341E+01
     -6.026  0.3154E+00  0.1390E+01
     -5.873  0.3085E+00  0.1437E+01
     -5.720  0.2978E+00  0.1484E+01
     -5.567  0.2870E+00  0.1528E+01
     -5.415  0.2781E+00  0.1571E+01
     -5.262  0.2681E+00  0.1613E+01
     -5.109  0.2574E+00  0.1653E+01
     -4.956  0.2488E+00  0.1692E+01
     -4.803  0.2374E+00  0.1729E+01
     -4.651  0.2277E+00  0.1765E+01
     -4.498  0.2169E+00  0.1799E+01
     -4.345  0.2067E+00  0.1831E+01
     -4.192  0.1980E+00  0.1862E+01
     -4.040  0.2389E+00  0.1896E+01
     -3.887  0.2572E+00  0.1933E+01
     -3.734  0.2680E+00  0.1974E+01
     -3.581  0.2538E+00  0.2015E+01
     -3.428  0.2135E+00  0.2050E+01
     -3.276  0.2210E+00  0.2083E+01
     -3.123  0.2345E+00  0.2117E+01
     -2.970  0.2558E+00  0.2155E+01
     -2.817  0.2925E+00  0.2197E+01
     -2.664  0.3466E+00  0.2245E+01
     -2.512  0.4195E+00  0.2303E+01
     -2.359  0.5202E+00  0.2374E+01
     -2.206  0.6637E+00  0.2466E+01
     -2.053  0.5615E+00  0.2560E+01
     -1.900  0.4556E+00  0.2636E+01
     -1.748  0.4143E+00  0.2702E+01
     -1.595  0.3782E+00  0.2763E+01
     -1.442  0.3581E+00  0.2819E+01
     -1.289  0.3329E+00  0.2872E+01
     -1.136  0.3192E+00  0.2921E+01
     -0.984  0.2994E+00  0.2969E+01
     -0.831  0.2886E+00  0.3014E+01
     -0.678  0.2740E+00  0.3057E+01
     -0.525  0.2623E+00  0.3098E+01
     -0.372  0.2528E+00  0.3137E+01
     -0.220  0.2388E+00  0.3174E+01
     -0.067  0.2320E+00  0.3210E+01
      0.086  0.2846E+00  0.3248E+01
      0.239  0.3341E+00  0.3294E+01
      0.392  0.3608E+00  0.3347E+01
      0.544  0.3951E+00  0.3404E+01
      0.697  0.4477E+00  0.3468E+01
      0.850  0.5108E+00  0.3543E+01
      1.003  0.4896E+00  0.3619E+01
      1.156  0.4790E+00  0.3693E+01
      1.308  0.4685E+00  0.3765E+01
      1.461  0.4706E+00  0.3837E+01
      1.614  0.4744E+00  0.3909E+01
      1.767  0.4820E+00  0.3982E+01
      1.919  0.4888E+00  0.4056E+01
      2.072  0.4969E+00  0.4131E+01
      2.225  0.5107E+00  0.4208E+01
      2.378  0.5181E+00  0.4287E+01
      2.531  0.5395E+00  0.4367E+01
      2.683  0.5514E+00  0.4450E+01
      2.836  0.5701E+00  0.4535E+01
      2.989  0.5952E+00  0.4624E+01
      3.142  0.6301E+00  0.4716E+01
      3.295  0.6802E+00  0.4815E+01
      3.447  0.7683E+00  0.4926E+01
      3.600  0.7459E+00  0.5039E+01
      3.753  0.7260E+00  0.5150E+01
      3.906  0.7184E+00  0.5260E+01
      4.059  0.7067E+00  0.5369E+01
      4.211  0.7018E+00  0.5476E+01
      4.364  0.6949E+00  0.5583E+01
      4.517  0.6825E+00  0.5688E+01
      4.670  0.6793E+00  0.5792E+01
      4.823  0.6717E+00  0.5895E+01
      4.975  0.6626E+00  0.5997E+01
      5.128  0.6568E+00  0.6098E+01
      5.281  0.6500E+00  0.6198E+01
      5.434  0.6433E+00  0.6297E+01
      5.587  0.6367E+00  0.6395E+01
      5.739  0.6281E+00  0.6491E+01
      5.892  0.6223E+00  0.6587E+01
      6.045  0.6148E+00  0.6681E+01
      6.198  0.6084E+00  0.6775E+01
      6.351  0.6007E+00  0.6867E+01
      6.503  0.5950E+00  0.6958E+01
      6.656  0.5904E+00  0.7049E+01
      6.809  0.5821E+00  0.7138E+01
      6.962  0.5757E+00  0.7227E+01
      7.115  0.5804E+00  0.7314E+01
      7.267  0.4817E+00  0.7395E+01
      7.420  0.4175E+00  0.7462E+01
      7.573  0.3727E+00  0.7522E+01
      7.726  0.3399E+00  0.7576E+01
      7.878  0.3104E+00  0.7626E+01
      8.031  0.2831E+00  0.7671E+01
      8.184  0.2612E+00  0.7713E+01
      8.337  0.2395E+00  0.7751E+01
      8.490  0.2192E+00  0.7786E+01
      8.642  0.2008E+00  0.7818E+01
      8.795  0.1830E+00  0.7847E+01
      8.948  0.1658E+00  0.7874E+01
      9.101  0.1498E+00  0.7898E+01
      9.254  0.1342E+00  0.7920E+01
      9.406  0.1183E+00  0.7939E+01
      9.559  0.1030E+00  0.7956E+01
      9.712  0.8760E-01  0.7971E+01
      9.865  0.7197E-01  0.7983E+01
     10.018  0.5306E-01  0.7992E+01
     10.170  0.4152E-01  0.7999E+01
     10.323  0.1765E-02  0.8000E+01
     10.476  0.0000E+00  0.8000E+01
     10.629  0.0000E+00  0.8000E+01
     10.782  0.0000E+00  0.8000E+01
     10.934  0.0000E+00  0.8000E+01
     11.087  0.0000E+00  0.8000E+01
     11.240  0.0000E+00  0.8000E+01
     11.393  0.0000E+00  0.8000E+01
     11.546  0.0000E+00  0.8000E+01
     11.698  0.0000E+00  0.8000E+01
     11.851  0.0000E+00  0.8000E+01
     12.004  0.0000E+00  0.8000E+01
     12.157  0.0000E+00  0.8000E+01
     12.310  0.0000E+00  0.8000E+01
     12.462  0.0000E+00  0.8000E+01
     12.615  0.0000E+00  0.8000E+01
     12.768  0.0000E+00  0.8000E+01
     12.921  0.0000E+00  0.8000E+01
     13.073  0.0000E+00  0.8000E+01
     13.226  0.0000E+00  0.8000E+01
     13.379  0.0000E+00  0.8000E+01
     13.532  0.0000E+00  0.8000E+01
     13.685  0.0000E+00  0.8000E+01
     13.837  0.0000E+00  0.8000E+01
     13.990  0.0000E+00  0.8000E+01
     14.143  0.0000E+00  0.8000E+01
     14.296  0.0000E+00  0.8000E+01
     14.449  0.0000E+00  0.8000E+01
     14.601  0.0000E+00  0.8000E+01
     14.754  0.4544E-01  0.8002E+01
     14.907  0.8134E-01  0.8011E+01
     15.060  0.1075E+00  0.8025E+01
     15.213  0.1381E+00  0.8044E+01
     15.365  0.1793E+00  0.8068E+01
     15.518  0.2146E+00  0.8098E+01
     15.671  0.2474E+00  0.8133E+01
     15.824  0.2790E+00  0.8173E+01
     15.977  0.3105E+00  0.8218E+01
     16.129  0.3476E+00  0.8269E+01
     16.282  0.3985E+00  0.8326E+01
     16.435  0.4107E+00  0.8387E+01
     16.588  0.4267E+00  0.8451E+01
     16.741  0.4471E+00  0.8518E+01
     16.893  0.4657E+00  0.8588E+01
     17.046  0.4844E+00  0.8660E+01
     17.199  0.5026E+00  0.8736E+01
     17.352  0.5227E+00  0.8814E+01
     17.505  0.5435E+00  0.8895E+01
     17.657  0.5655E+00  0.8980E+01
     17.810  0.5886E+00  0.9068E+01
     17.963  0.6122E+00  0.9160E+01
     18.116  0.6384E+00  0.9256E+01
     18.269  0.6683E+00  0.9355E+01
     18.421  0.7022E+00  0.9460E+01
     18.574  0.7431E+00  0.9570E+01
     18.727  0.7962E+00  0.9688E+01
     18.880  0.8784E+00  0.9815E+01
     19.032  0.1125E+01  0.9965E+01
     19.185  0.1033E+01  0.1012E+02
     19.338  0.8608E+00  0.1026E+02
     19.491  0.7526E+00  0.1038E+02
     19.644  0.9480E+00  0.1052E+02
     19.796  0.8551E+00  0.1065E+02
     19.949  0.8624E+00  0.1078E+02
     20.102  0.8314E+00  0.1091E+02
     20.255  0.8062E+00  0.1103E+02
     20.408  0.7808E+00  0.1115E+02
     20.560  0.7784E+00  0.1127E+02
     20.713  0.7618E+00  0.1139E+02
     20.866  0.7863E+00  0.1151E+02
     21.019  0.7572E+00  0.1162E+02
     21.172  0.7300E+00  0.1174E+02
     21.324  0.7036E+00  0.1185E+02
     21.477  0.6722E+00  0.1195E+02
     21.630  0.6529E+00  0.1205E+02
     21.783  0.6244E+00  0.1215E+02
     21.936  0.5609E+00  0.1224E+02
     22.088  0.4897E+00  0.1232E+02
     22.241  0.4720E+00  0.1240E+02
     22.394  0.5187E+00  0.1247E+02
     22.547  0.5100E+00  0.1255E+02
     22.700  0.5454E+00  0.1263E+02
     22.852  0.5426E+00  0.1271E+02
     23.005  0.5626E+00  0.1279E+02
     23.158  0.6110E+00  0.1288E+02
     23.311  0.5929E+00  0.1297E+02
     23.464  0.6269E+00  0.1307E+02
     23.616  0.6216E+00  0.1316E+02
     23.769  0.6494E+00  0.1326E+02
     23.922  0.6646E+00  0.1336E+02
     24.075  0.6497E+00  0.1346E+02
     24.228  0.6536E+00  0.1356E+02
     24.380  0.6692E+00  0.1366E+02
     24.533  0.6825E+00  0.1377E+02
     24.686  0.6953E+00  0.1387E+02
     24.839  0.7191E+00  0.1398E+02
     24.991  0.7406E+00  0.1409E+02
     25.144  0.9649E+00  0.1422E+02
     25.297  0.9023E+00  0.1435E+02
     25.450  0.7845E+00  0.1448E+02
     25.603  0.7252E+00  0.1459E+02
     25.755  0.7229E+00  0.1470E+02
     25.908  0.8057E+00  0.1482E+02
     26.061  0.8545E+00  0.1494E+02
     26.214  0.8119E+00  0.1507E+02
     26.367  0.7254E+00  0.1519E+02
     26.519  0.6656E+00  0.1530E+02
     26.672  0.6323E+00  0.1540E+02
     26.825  0.5967E+00  0.1549E+02
     26.978  0.5797E+00  0.1558E+02
     27.131  0.5577E+00  0.1566E+02
     27.283  0.6738E+00  0.1575E+02
     27.436  0.3382E+00  0.1581E+02
     27.589  0.2188E+00  0.1585E+02
     27.742  0.1980E+00  0.1588E+02
     27.895  0.1761E+00  0.1591E+02
     28.047  0.1539E+00  0.1593E+02
     28.200  0.1332E+00  0.1596E+02
     28.353  0.1063E+00  0.1597E+02
     28.506  0.7918E-01  0.1599E+02
     28.659  0.4970E-01  0.1600E+02
     28.811  0.2207E-02  0.1600E+02
     28.964  0.0000E+00  0.1600E+02
     29.117  0.0000E+00  0.1600E+02
     29.270  0.0000E+00  0.1600E+02
     29.423  0.0000E+00  0.1600E+02
     29.575  0.0000E+00  0.1600E+02
     29.728  0.0000E+00  0.1600E+02
     29.881  0.0000E+00  0.1600E+02
     30.034  0.0000E+00  0.1600E+02
     30.186  0.0000E+00  0.1600E+02
     30.339  0.0000E+00  0.1600E+02
     30.492  0.0000E+00  0.1600E+02
     30.645  0.0000E+00  0.1600E+02
     30.798  0.0000E+00  0.1600E+02
     30.79767053    -15.04072040  301     10.25942675      1.00000000
    -15.041  0.0000E+00  0.0000E+00  0.0000E+00  0.0000E+00  0.0000E+00  0.0000E+00  0.0000E+00  0.0000E+00  0.0000E+00
    -14.888  0.0000E+00  0.0000E+00  0.0000E+00  0.0000E+00  0.0000E+00  0.0000E+00  0.0000E+00  0.0000E+00  0.0000E+00
    -14.735  0.0000E+00  0.0000E+00  0.0000E+00  0.0000E+00  0.0000E+00  0.0000E+00  0.0000E+00  0.0000E+00  0.0000E+00
    -14.582  0.0000E+00  0.0000E+00  0.0000E+00  0.0000E+00  0.0000E+00  0.0000E+00  0.0000E+00  0.0000E+00  0.0000E+00
    -14.430  0.0000E+00  0.0000E+00  0.0000E+00  0.0000E+00  0.0000E+00  0.0000E+00  0.0000E+00  0.0000E+00  0.0000E+00
    -14.277  0.0000E+00  0.0000E+00  0.0000E+00  0.0000E+00  0.0000E+00  0.0000E+00  0.0000E+00  0.0000E+00  0.0000E+00
    -14.124  0.0000E+00  0.0000E+00  0.0000E+00  0.0000E+00  0.0000E+00  0.0000E+00  0.0000E+00  0.0000E+00  0.0000E+00
    -13.971  0.0000E+00  0.0000E+00  0.0000E+00  0.0000E+00  0.0000E+00  0.0000E+00  0.0000E+00  0.0000E+00  0.0000E+00
    -13.818  0.0000E+00  0.0000E+00  0.0000E+00  0.0000E+00  0.0000E+00  0.0000E+00  0.0000E+00  0.0000E+00  0.0000E+00
    -13.666  0.0000E+00  0.0000E+00  0.0000E+00  0.0000E+00  0.0000E+00  0.0000E+00  0.0000E+00  0.0000E+00  0.0000E+00
    -13.513  0.0000E+00  0.0000E+00  0.0000E+00  0.0000E+00  0.0000E+00  0.0000E+00  0.0000E+00  0.0000E+00  0.0000E+00
    -13.360  0.0000E+00  0.0000E+00  0.0000E+00  0.0000E+00  0.0000E+00  0.0000E+00  0.0000E+00  0.0000E+00  0.0000E+00
    -13.207  0.0000E+00  0.0000E+00  0.0000E+00  0.0000E+00  0.0000E+00  0.0000E+00  0.0000E+00  0.0000E+00  0.0000E+00
    -13.054  0.0000E+00  0.0000E+00  0.0000E+00  0.0000E+00  0.0000E+00  0.0000E+00  0.0000E+00  0.0000E+00  0.0000E+00
    -12.902  0.7182E-02  0.5691E-05  0.5691E-05  0.5691E-05  0.0000E+00  0.0000E+00  0.0000E+00  0.0000E+00  0.0000E+00
    -12.749  0.1642E-01  0.4726E-04  0.4726E-04  0.4726E-04  0.0000E+00  0.0000E+00  0.0000E+00  0.0000E+00  0.0000E+00
    -12.596  0.1765E-01  0.9704E-04  0.9704E-04  0.9704E-04  0.0000E+00  0.0000E+00  0.0000E+00  0.0000E+00  0.0000E+00
    -12.443  0.2044E-01  0.1609E-03  0.1609E-03  0.1609E-03  0.0000E+00  0.0000E+00  0.0000E+00  0.0000E+00  0.0000E+00
    -12.290  0.2329E-01  0.2370E-03  0.2370E-03  0.2370E-03  0.0000E+00  0.0000E+00  0.0000E+00  0.0000E+00  0.0000E+00
    -12.138  0.2580E-01  0.3223E-03  0.3223E-03  0.3223E-03  0.0000E+00  0.0000E+00  0.0000E+00  0.0000E+00  0.0000E+00
    -11.985  0.2793E-01  0.4175E-03  0.4175E-03  0.4175E-03  0.0000E+00  0.0000E+00  0.0000E+00  0.0000E+00  0.0000E+00
    -11.832  0.2999E-01  0.5191E-03  0.5191E-03  0.5191E-03  0.0000E+00  0.0000E+00  0.0000E+00  0.0000E+00  0.0000E+00
    -11.679  0.3196E-01  0.6263E-03  0.6263E-03  0.6263E-03  0.0000E+00  0.0000E+00  0.0000E+00  0.0000E+00  0.0000E+00
    -11.526  0.3366E-01  0.7431E-03  0.7431E-03  0.7431E-03  0.0000E+00  0.0000E+00  0.0000E+00  0.0000E+00  0.0000E+00
    -11.374  0.3543E-01  0.8623E-03  0.8623E-03  0.8623E-03  0.0000E+00  0.0000E+00  0.0000E+00  0.0000E+00  0.0000E+00
    -11.221  0.3694E-01  0.9913E-03  0.9913E-03  0.9913E-03  0.0000E+00  0.0000E+00  0.0000E+00  0.0000E+00  0.0000E+00
    -11.068  0.3852E-01  0.1122E-02  0.1122E-02  0.1122E-02  0.0000E+00  0.0000E+00  0.0000E+00  0.0000E+00  0.0000E+00
    -10.915  0.3992E-01  0.1262E-02  0.1262E-02  0.1262E-02  0.0000E+00  0.0000E+00  0.0000E+00  0.0000E+00  0.0000E+00
    -10.762  0.4139E-01  0.1402E-02  0.1402E-02  0.1402E-02  0.0000E+00  0.0000E+00  0.0000E+00  0.0000E+00  0.0000E+00
    -10.610  0.4267E-01  0.1553E-02  0.1553E-02  0.1553E-02  0.0000E+00  0.0000E+00  0.0000E+00  0.0000E+00  0.0000E+00
    -10.457  0.4405E-01  0.1703E-02  0.1703E-02  0.1703E-02  0.0000E+00  0.0000E+00  0.0000E+00  0.0000E+00  0.0000E+00
    -10.304  0.4527E-01  0.1862E-02  0.1862E-02  0.1862E-02  0.0000E+00  0.0000E+00  0.0000E+00  0.0000E+00  0.0000E+00
    -10.151  0.4653E-01  0.2023E-02  0.2023E-02  0.2023E-02  0.0000E+00  0.0000E+00  0.0000E+00  0.0000E+00  0.0000E+00
     -9.998  0.4776E-01  0.2188E-02  0.2188E-02  0.2188E-02  0.0000E+00  0.0000E+00  0.0000E+00  0.0000E+00  0.0000E+00
     -9.846  0.4894E-01  0.2360E-02  0.2360E-02  0.2360E-02  0.0000E+00  0.0000E+00  0.0000E+00  0.0000E+00  0.0000E+00
     -9.693  0.5019E-01  0.2530E-02  0.2530E-02  0.2530E-02  0.0000E+00  0.0000E+00  0.0000E+00  0.0000E+00  0.0000E+00
     -9.540  0.5131E-01  0.2712E-02  0.2712E-02  0.2712E-02  0.0000E+00  0.0000E+00  0.0000E+00  0.0000E+00  0.0000E+00
     -9.387  0.5249E-01  0.2893E-02  0.2893E-02  0.2893E-02  0.0000E+00  0.0000E+00  0.0000E+00  0.0000E+00  0.0000E+00
     -9.235  0.5368E-01  0.3077E-02  0.3077E-02  0.3077E-02  0.0000E+00  0.0000E+00  0.0000E+00  0.0000E+00  0.0000E+00
     -9.082  0.5482E-01  0.3269E-02  0.3269E-02  0.3269E-02  0.0000E+00  0.0000E+00  0.0000E+00  0.0000E+00  0.0000E+00
     -8.929  0.5603E-01  0.3461E-02  0.3461E-02  0.3461E-02  0.0000E+00  0.0000E+00  0.0000E+00  0.0000E+00  0.0000E+00
     -8.776  0.5725E-01  0.3658E-02  0.3658E-02  0.3658E-02  0.0000E+00  0.0000E+00  0.0000E+00  0.0000E+00  0.0000E+00
     -8.623  0.5846E-01  0.3861E-02  0.3861E-02  0.3861E-02  0.0000E+00  0.0000E+00  0.0000E+00  0.0000E+00  0.0000E+00
     -8.471  0.5976E-01  0.4063E-02  0.4063E-02  0.4063E-02  0.0000E+00  0.0000E+00  0.0000E+00  0.0000E+00  0.0000E+00
     -8.318  0.6108E-01  0.4272E-02  0.4272E-02  0.4272E-02  0.0000E+00  0.0000E+00  0.0000E+00  0.0000E+00  0.0000E+00
     -8.165  0.6245E-01  0.4487E-02  0.4487E-02  0.4487E-02  0.0000E+00  0.0000E+00  0.0000E+00  0.0000E+00  0.0000E+00
     -8.012  0.6394E-01  0.4702E-02  0.4702E-02  0.4702E-02  0.0000E+00  0.0000E+00  0.0000E+00  0.0000E+00  0.0000E+00
     -7.859  0.6553E-01  0.4924E-02  0.4924E-02  0.4924E-02  0.0000E+00  0.0000E+00  0.0000E+00  0.0000E+00  0.0000E+00
     -7.707  0.6726E-01  0.5155E-02  0.5155E-02  0.5155E-02  0.0000E+00  0.0000E+00  0.0000E+00  0.0000E+00  0.0000E+00
     -7.554  0.6921E-01  0.5388E-02  0.5388E-02  0.5388E-02  0.0000E+00  0.0000E+00  0.0000E+00  0.0000E+00  0.0000E+00
     -7.401  0.7146E-01  0.5632E-02  0.5632E-02  0.5632E-02  0.0000E+00  0.0000E+00  0.0000E+00  0.0000E+00  0.0000E+00
     -7.248  0.7415E-01  0.5896E-02  0.5896E-02  0.5896E-02  0.0000E+00  0.0000E+00  0.0000E+00  0.0000E+00  0.0000E+00
     -7.095  0.7762E-01  0.6181E-02  0.6181E-02  0.6181E-02  0.0000E+00  0.0000E+00  0.0000E+00  0.0000E+00  0.0000E+00
     -6.943  0.8275E-01  0.6520E-02  0.6520E-02  0.6520E-02  0.0000E+00  0.0000E+00  0.0000E+00  0.0000E+00  0.0000E+00
     -6.790  0.9966E-01  0.7311E-02  0.7311E-02  0.7311E-02  0.0000E+00  0.0000E+00  0.0000E+00  0.0000E+00  0.0000E+00
     -6.637  0.9395E-01  0.7236E-02  0.7236E-02  0.7236E-02  0.0000E+00  0.0000E+00  0.0000E+00  0.0000E+00  0.0000E+00
     -6.484  0.9228E-01  0.7309E-02  0.7309E-02  0.7309E-02  0.0000E+00  0.0000E+00  0.0000E+00  0.0000E+00  0.0000E+00
     -6.331  0.8696E-01  0.7209E-02  0.7209E-02  0.7209E-02  0.0000E+00  0.0000E+00  0.0000E+00  0.0000E+00  0.0000E+00
     -6.179  0.8491E-01  0.7248E-02  0.7248E-02  0.7248E-02  0.0000E+00  0.0000E+00  0.0000E+00  0.0000E+00  0.0000E+00
     -6.026  0.8133E-01  0.7182E-02  0.7182E-02  0.7182E-02  0.0000E+00  0.0000E+00  0.0000E+00  0.0000E+00  0.0000E+00
     -5.873  0.7935E-01  0.7206E-02  0.7206E-02  0.7206E-02  0.0000E+00  0.0000E+00  0.0000E+00  0.0000E+00  0.0000E+00
     -5.720  0.7629E-01  0.7148E-02  0.7148E-02  0.7148E-02  0.0000E+00  0.0000E+00  0.0000E+00  0.0000E+00  0.0000E+00
     -5.567  0.7321E-01  0.7071E-02  0.7071E-02  0.7071E-02  0.0000E+00  0.0000E+00  0.0000E+00  0.0000E+00  0.0000E+00
     -5.415  0.7072E-01  0.7028E-02  0.7028E-02  0.7028E-02  0.0000E+00  0.0000E+00  0.0000E+00  0.0000E+00  0.0000E+00
     -5.262  0.6792E-01  0.6943E-02  0.6943E-02  0.6943E-02  0.0000E+00  0.0000E+00  0.0000E+00  0.0000E+00  0.0000E+00
     -5.109  0.6493E-01  0.6830E-02  0.6830E-02  0.6830E-02  0.0000E+00  0.0000E+00  0.0000E+00  0.0000E+00  0.0000E+00
     -4.956  0.6257E-01  0.6753E-02  0.6753E-02  0.6753E-02  0.0000E+00  0.0000E+00  0.0000E+00  0.0000E+00  0.0000E+00
     -4.803  0.5946E-01  0.6606E-02  0.6606E-02  0.6606E-02  0.0000E+00  0.0000E+00  0.0000E+00  0.0000E+00  0.0000E+00
     -4.651  0.5681E-01  0.6474E-02  0.6474E-02  0.6474E-02  0.0000E+00  0.0000E+00  0.0000E+00  0.0000E+00  0.0000E+00
     -4.498  0.5390E-01  0.6316E-02  0.6316E-02  0.6316E-02  0.0000E+00  0.0000E+00  0.0000E+00  0.0000E+00  0.0000E+00
     -4.345  0.5115E-01  0.6146E-02  0.6146E-02  0.6146E-02  0.0000E+00  0.0000E+00  0.0000E+00  0.0000E+00  0.0000E+00
     -4.192  0.4833E-01  0.6114E-02  0.6114E-02  0.6114E-02  0.0000E+00  0.0000E+00  0.0000E+00  0.0000E+00  0.0000E+00
     -4.040  0.4998E-01  0.9198E-02  0.9198E-02  0.9198E-02  0.0000E+00  0.0000E+00  0.0000E+00  0.0000E+00  0.0000E+00
     -3.887  0.5015E-01  0.1076E-01  0.1076E-01  0.1076E-01  0.0000E+00  0.0000E+00  0.0000E+00  0.0000E+00  0.0000E+00
     -3.734  0.5022E-01  0.1173E-01  0.1173E-01  0.1173E-01  0.0000E+00  0.0000E+00  0.0000E+00  0.0000E+00  0.0000E+00
     -3.581  0.4357E-01  0.1202E-01  0.1202E-01  0.1202E-01  0.0000E+00  0.0000E+00  0.0000E+00  0.0000E+00  0.0000E+00
     -3.428  0.3202E-01  0.1114E-01  0.1114E-01  0.1114E-01  0.0000E+00  0.0000E+00  0.0000E+00  0.0000E+00  0.0000E+00
     -3.276  0.3062E-01  0.1213E-01  0.1213E-01  0.1213E-01  0.0000E+00  0.0000E+00  0.0000E+00  0.0000E+00  0.0000E+00
     -3.123  0.3156E-01  0.1314E-01  0.1314E-01  0.1314E-01  0.0000E+00  0.0000E+00  0.0000E+00  0.0000E+00  0.0000E+00
     -2.970  0.3365E-01  0.1458E-01  0.1458E-01  0.1458E-01  0.0000E+00  0.0000E+00  0.0000E+00  0.0000E+00  0.0000E+00
     -2.817  0.4015E-01  0.1646E-01  0.1646E-01  0.1646E-01  0.0000E+00  0.0000E+00  0.0000E+00  0.0000E+00  0.0000E+00
     -2.664  0.4966E-01  0.1923E-01  0.1923E-01  0.1923E-01  0.0000E+00  0.0000E+00  0.0000E+00  0.0000E+00  0.0000E+00
     -2.512  0.6364E-01  0.2278E-01  0.2278E-01  0.2278E-01  0.0000E+00  0.0000E+00  0.0000E+00  0.0000E+00  0.0000E+00
     -2.359  0.8118E-01  0.2803E-01  0.2803E-01  0.2803E-01  0.0000E+00  0.0000E+00  0.0000E+00  0.0000E+00  0.0000E+00
     -2.206  0.1076E+00  0.3530E-01  0.3530E-01  0.3530E-01  0.0000E+00  0.0000E+00  0.0000E+00  0.0000E+00  0.0000E+00
     -2.053  0.9166E-01  0.2999E-01  0.2999E-01  0.2999E-01  0.0000E+00  0.0000E+00  0.0000E+00  0.0000E+00  0.0000E+00
     -1.900  0.7309E-01  0.2476E-01  0.2476E-01  0.2476E-01  0.0000E+00  0.0000E+00  0.0000E+00  0.0000E+00  0.0000E+00
     -1.748  0.6601E-01  0.2278E-01  0.2278E-01  0.2278E-01  0.0000E+00  0.0000E+00  0.0000E+00  0.0000E+00  0.0000E+00
     -1.595  0.5960E-01  0.2108E-01  0.2108E-01  0.2108E-01  0.0000E+00  0.0000E+00  0.0000E+00  0.0000E+00  0.0000E+00
     -1.442  0.5608E-01  0.2018E-01  0.2018E-01  0.2018E-01  0.0000E+00  0.0000E+00  0.0000E+00  0.0000E+00  0.0000E+00
     -1.289  0.5153E-01  0.1903E-01  0.1903E-01  0.1903E-01  0.0000E+00  0.0000E+00  0.0000E+00  0.0000E+00  0.0000E+00
     -1.136  0.4902E-01  0.1846E-01  0.1846E-01  0.1846E-01  0.0000E+00  0.0000E+00  0.0000E+00  0.0000E+00  0.0000E+00
     -0.984  0.4539E-01  0.1756E-01  0.1756E-01  0.1756E-01  0.0000E+00  0.0000E+00  0.0000E+00  0.0000E+00  0.0000E+00
     -0.831  0.4335E-01  0.1712E-01  0.1712E-01  0.1712E-01  0.0000E+00  0.0000E+00  0.0000E+00  0.0000E+00  0.0000E+00
     -0.678  0.4065E-01  0.1648E-01  0.1648E-01  0.1648E-01  0.0000E+00  0.0000E+00  0.0000E+00  0.0000E+00  0.0000E+00
     -0.525  0.3845E-01  0.1598E-01  0.1598E-01  0.1598E-01  0.0000E+00  0.0000E+00  0.0000E+00  0.0000E+00  0.0000E+00
     -0.372  0.3663E-01  0.1559E-01  0.1559E-01  0.1559E-01  0.0000E+00  0.0000E+00  0.0000E+00  0.0000E+00  0.0000E+00
     -0.220  0.3408E-01  0.1494E-01  0.1494E-01  0.1494E-01  0.0000E+00  0.0000E+00  0.0000E+00  0.0000E+00  0.0000E+00
     -0.067  0.3273E-01  0.1469E-01  0.1469E-01  0.1469E-01  0.0000E+00  0.0000E+00  0.0000E+00  0.0000E+00  0.0000E+00
      0.086  0.3154E-01  0.1975E-01  0.1975E-01  0.1975E-01  0.0000E+00  0.0000E+00  0.0000E+00  0.0000E+00  0.0000E+00
      0.239  0.3102E-01  0.2446E-01  0.2446E-01  0.2446E-01  0.0000E+00  0.0000E+00  0.0000E+00  0.0000E+00  0.0000E+00
      0.392  0.3082E-01  0.2710E-01  0.2710E-01  0.2710E-01  0.0000E+00  0.0000E+00  0.0000E+00  0.0000E+00  0.0000E+00
      0.544  0.3019E-01  0.3055E-01  0.3055E-01  0.3055E-01  0.0000E+00  0.0000E+00  0.0000E+00  0.0000E+00  0.0000E+00
      0.697  0.3092E-01  0.3547E-01  0.3547E-01  0.3547E-01  0.0000E+00  0.0000E+00  0.0000E+00  0.0000E+00  0.0000E+00
      0.850  0.3204E-01  0.4136E-01  0.4136E-01  0.4136E-01  0.0000E+00  0.0000E+00  0.0000E+00  0.0000E+00  0.0000E+00
      1.003  0.3129E-01  0.3981E-01  0.3981E-01  0.3981E-01  0.0000E+00  0.0000E+00  0.0000E+00  0.0000E+00  0.0000E+00
      1.156  0.3135E-01  0.3906E-01  0.3906E-01  0.3906E-01  0.0000E+00  0.0000E+00  0.0000E+00  0.0000E+00  0.0000E+00
      1.308  0.3111E-01  0.3838E-01  0.3838E-01  0.3838E-01  0.0000E+00  0.0000E+00  0.0000E+00  0.0000E+00  0.0000E+00
      1.461  0.3026E-01  0.3901E-01  0.3901E-01  0.3901E-01  0.0000E+00  0.0000E+00  0.0000E+00  0.0000E+00  0.0000E+00
      1.614  0.3012E-01  0.3967E-01  0.3967E-01  0.3967E-01  0.0000E+00  0.0000E+00  0.0000E+00  0.0000E+00  0.0000E+00
      1.767  0.2968E-01  0.4076E-01  0.4076E-01  0.4076E-01  0.0000E+00  0.0000E+00  0.0000E+00  0.0000E+00  0.0000E+00
      1.919  0.2880E-01  0.4189E-01  0.4189E-01  0.4189E-01  0.0000E+00  0.0000E+00  0.0000E+00  0.0000E+00  0.0000E+00
      2.072  0.2849E-01  0.4303E-01  0.4303E-01  0.4303E-01  0.0000E+00  0.0000E+00  0.0000E+00  0.0000E+00  0.0000E+00
      2.225  0.2800E-01  0.4482E-01  0.4482E-01  0.4482E-01  0.0000E+00  0.0000E+00  0.0000E+00  0.0000E+00  0.0000E+00
      2.378  0.2712E-01  0.4604E-01  0.4604E-01  0.4604E-01  0.0000E+00  0.0000E+00  0.0000E+00  0.0000E+00  0.0000E+00
      2.531  0.2664E-01  0.4867E-01  0.4867E-01  0.4867E-01  0.0000E+00  0.0000E+00  0.0000E+00  0.0000E+00  0.0000E+00
      2.683  0.2607E-01  0.5033E-01  0.5033E-01  0.5033E-01  0.0000E+00  0.0000E+00  0.0000E+00  0.0000E+00  0.0000E+00
      2.836  0.2536E-01  0.5279E-01  0.5279E-01  0.5279E-01  0.0000E+00  0.0000E+00  0.0000E+00  0.0000E+00  0.0000E+00
      2.989  0.2449E-01  0.5600E-01  0.5600E-01  0.5600E-01  0.0000E+00  0.0000E+00  0.0000E+00  0.0000E+00  0.0000E+00
      3.142  0.2394E-01  0.6026E-01  0.6026E-01  0.6026E-01  0.0000E+00  0.0000E+00  0.0000E+00  0.0000E+00  0.0000E+00
      3.295  0.2320E-01  0.6630E-01  0.6630E-01  0.6630E-01  0.0000E+00  0.0000E+00  0.0000E+00  0.0000E+00  0.0000E+00
      3.447  0.2216E-01  0.7672E-01  0.7672E-01  0.7672E-01  0.0000E+00  0.0000E+00  0.0000E+00  0.0000E+00  0.0000E+00
      3.600  0.2142E-01  0.7478E-01  0.7478E-01  0.7478E-01  0.0000E+00  0.0000E+00  0.0000E+00  0.0000E+00  0.0000E+00
      3.753  0.2076E-01  0.7303E-01  0.7303E-01  0.7303E-01  0.0000E+00  0.0000E+00  0.0000E+00  0.0000E+00  0.0000E+00
      3.906  0.1987E-01  0.7277E-01  0.7277E-01  0.7277E-01  0.0000E+00  0.0000E+00  0.0000E+00  0.0000E+00  0.0000E+00
      4.059  0.1892E-01  0.7204E-01  0.7204E-01  0.7204E-01  0.0000E+00  0.0000E+00  0.0000E+00  0.0000E+00  0.0000E+00
      4.211  0.1833E-01  0.7196E-01  0.7196E-01  0.7196E-01  0.0000E+00  0.0000E+00  0.0000E+00  0.0000E+00  0.0000E+00
      4.364  0.1754E-01  0.7175E-01  0.7175E-01  0.7175E-01  0.0000E+00  0.0000E+00  0.0000E+00  0.0000E+00  0.0000E+00
      4.517  0.1660E-01  0.7094E-01  0.7094E-01  0.7094E-01  0.0000E+00  0.0000E+00  0.0000E+00  0.0000E+00  0.0000E+00
      4.670  0.1597E-01  0.7107E-01  0.7107E-01  0.7107E-01  0.0000E+00  0.0000E+00  0.0000E+00  0.0000E+00  0.0000E+00
      4.823  0.1530E-01  0.7072E-01  0.7072E-01  0.7072E-01  0.0000E+00  0.0000E+00  0.0000E+00  0.0000E+00  0.0000E+00
      4.975  0.1448E-01  0.7024E-01  0.7024E-01  0.7024E-01  0.0000E+00  0.0000E+00  0.0000E+00  0.0000E+00  0.0000E+00
      5.128  0.1365E-01  0.7014E-01  0.7014E-01  0.7014E-01  0.0000E+00  0.0000E+00  0.0000E+00  0.0000E+00  0.0000E+00
      5.281  0.1307E-01  0.6985E-01  0.6985E-01  0.6985E-01  0.0000E+00  0.0000E+00  0.0000E+00  0.0000E+00  0.0000E+00
      5.434  0.1243E-01  0.6961E-01  0.6961E-01  0.6961E-01  0.0000E+00  0.0000E+00  0.0000E+00  0.0000E+00  0.0000E+00
      5.587  0.1175E-01  0.6936E-01  0.6936E-01  0.6936E-01  0.0000E+00  0.0000E+00  0.0000E+00  0.0000E+00  0.0000E+00
      5.739  0.1100E-01  0.6891E-01  0.6891E-01  0.6891E-01  0.0000E+00  0.0000E+00  0.0000E+00  0.0000E+00  0.0000E+00
      5.892  0.1037E-01  0.6877E-01  0.6877E-01  0.6877E-01  0.0000E+00  0.0000E+00  0.0000E+00  0.0000E+00  0.0000E+00
      6.045  0.9714E-02  0.6841E-01  0.6841E-01  0.6841E-01  0.0000E+00  0.0000E+00  0.0000E+00  0.0000E+00  0.0000E+00
      6.198  0.9029E-02  0.6819E-01  0.6819E-01  0.6819E-01  0.0000E+00  0.0000E+00  0.0000E+00  0.0000E+00  0.0000E+00
      6.351  0.8376E-02  0.6783E-01  0.6783E-01  0.6783E-01  0.0000E+00  0.0000E+00  0.0000E+00  0.0000E+00  0.0000E+00
      6.503  0.7874E-02  0.6764E-01  0.6764E-01  0.6764E-01  0.0000E+00  0.0000E+00  0.0000E+00  0.0000E+00  0.0000E+00
      6.656  0.7324E-02  0.6760E-01  0.6760E-01  0.6760E-01  0.0000E+00  0.0000E+00  0.0000E+00  0.0000E+00  0.0000E+00
      6.809  0.6674E-02  0.6715E-01  0.6715E-01  0.6715E-01  0.0000E+00  0.0000E+00  0.0000E+00  0.0000E+00  0.0000E+00
      6.962  0.6071E-02  0.6692E-01  0.6692E-01  0.6692E-01  0.0000E+00  0.0000E+00  0.0000E+00  0.0000E+00  0.0000E+00
      7.115  0.5567E-02  0.6800E-01  0.6800E-01  0.6800E-01  0.0000E+00  0.0000E+00  0.0000E+00  0.0000E+00  0.0000E+00
      7.267  0.5025E-02  0.5638E-01  0.5638E-01  0.5638E-01  0.0000E+00  0.0000E+00  0.0000E+00  0.0000E+00  0.0000E+00
      7.420  0.4500E-02  0.4892E-01  0.4892E-01  0.4892E-01  0.0000E+00  0.0000E+00  0.0000E+00  0.0000E+00  0.0000E+00
      7.573  0.4081E-02  0.4375E-01  0.4375E-01  0.4375E-01  0.0000E+00  0.0000E+00  0.0000E+00  0.0000E+00  0.0000E+00
      7.726  0.3712E-02  0.4002E-01  0.4002E-01  0.4002E-01  0.0000E+00  0.0000E+00  0.0000E+00  0.0000E+00  0.0000E+00
      7.878  0.3328E-02  0.3667E-01  0.3667E-01  0.3667E-01  0.0000E+00  0.0000E+00  0.0000E+00  0.0000E+00  0.0000E+00
      8.031  0.2942E-02  0.3358E-01  0.3358E-01  0.3358E-01  0.0000E+00  0.0000E+00  0.0000E+00  0.0000E+00  0.0000E+00
      8.184  0.2651E-02  0.3109E-01  0.3109E-01  0.3109E-01  0.0000E+00  0.0000E+00  0.0000E+00  0.0000E+00  0.0000E+00
      8.337  0.2347E-02  0.2862E-01  0.2862E-01  0.2862E-01  0.0000E+00  0.0000E+00  0.0000E+00  0.0000E+00  0.0000E+00
      8.490  0.2050E-02  0.2631E-01  0.2631E-01  0.2631E-01  0.0000E+00  0.0000E+00  0.0000E+00  0.0000E+00  0.0000E+00
      8.642  0.1774E-02  0.2421E-01  0.2421E-01  0.2421E-01  0.0000E+00  0.0000E+00  0.0000E+00  0.0000E+00  0.0000E+00
      8.795  0.1521E-02  0.2216E-01  0.2216E-01  0.2216E-01  0.0000E+00  0.0000E+00  0.0000E+00  0.0000E+00  0.0000E+00
      8.948  0.1295E-02  0.2015E-01  0.2015E-01  0.2015E-01  0.0000E+00  0.0000E+00  0.0000E+00  0.0000E+00  0.0000E+00
      9.101  0.1055E-02  0.1829E-01  0.1829E-01  0.1829E-01  0.0000E+00  0.0000E+00  0.0000E+00  0.0000E+00  0.0000E+00
      9.254  0.8527E-03  0.1647E-01  0.1647E-01  0.1647E-01  0.0000E+00  0.0000E+00  0.0000E+00  0.0000E+00  0.0000E+00
      9.406  0.6809E-03  0.1458E-01  0.1458E-01  0.1458E-01  0.0000E+00  0.0000E+00  0.0000E+00  0.0000E+00  0.0000E+00
      9.559  0.4938E-03  0.1276E-01  0.1276E-01  0.1276E-01  0.0000E+00  0.0000E+00  0.0000E+00  0.0000E+00  0.0000E+00
      9.712  0.3462E-03  0.1091E-01  0.1091E-01  0.1091E-01  0.0000E+00  0.0000E+00  0.0000E+00  0.0000E+00  0.0000E+00
      9.865  0.2164E-03  0.9007E-02  0.9007E-02  0.9007E-02  0.0000E+00  0.0000E+00  0.0000E+00  0.0000E+00  0.0000E+00
     10.018  0.1102E-03  0.6672E-02  0.6672E-02  0.6672E-02  0.0000E+00  0.0000E+00  0.0000E+00  0.0000E+00  0.0000E+00
     10.170  0.4004E-04  0.5250E-02  0.5250E-02  0.5250E-02  0.0000E+00  0.0000E+00  0.0000E+00  0.0000E+00  0.0000E+00
     10.323  0.1139E-05  0.2236E-03  0.2236E-03  0.2236E-03  0.0000E+00  0.0000E+00  0.0000E+00  0.0000E+00  0.0000E+00
     10.476  0.0000E+00  0.0000E+00  0.0000E+00  0.0000E+00  0.0000E+00  0.0000E+00  0.0000E+00  0.0000E+00  0.0000E+00
     10.629  0.0000E+00  0.0000E+00  0.0000E+00  0.0000E+00  0.0000E+00  0.0000E+00  0.0000E+00  0.0000E+00  0.0000E+00
     10.782  0.0000E+00  0.0000E+00  0.0000E+00  0.0000E+00  0.0000E+00  0.0000E+00  0.0000E+00  0.0000E+00  0.0000E+00
     10.934  0.0000E+00  0.0000E+00  0.0000E+00  0.0000E+00  0.0000E+00  0.0000E+00  0.0000E+00  0.0000E+00  0.0000E+00
     11.087  0.0000E+00  0.0000E+00  0.0000E+00  0.0000E+00  0.0000E+00  0.0000E+00  0.0000E+00  0.0000E+00  0.0000E+00
     11.240  0.0000E+00  0.0000E+00  0.0000E+00  0.0000E+00  0.0000E+00  0.0000E+00  0.0000E+00  0.0000E+00  0.0000E+00
     11.393  0.0000E+00  0.0000E+00  0.0000E+00  0.0000E+00  0.0000E+00  0.0000E+00  0.0000E+00  0.0000E+00  0.0000E+00
     11.546  0.0000E+00  0.0000E+00  0.0000E+00  0.0000E+00  0.0000E+00  0.0000E+00  0.0000E+00  0.0000E+00  0.0000E+00
     11.698  0.0000E+00  0.0000E+00  0.0000E+00  0.0000E+00  0.0000E+00  0.0000E+00  0.0000E+00  0.0000E+00  0.0000E+00
     11.851  0.0000E+00  0.0000E+00  0.0000E+00  0.0000E+00  0.0000E+00  0.0000E+00  0.0000E+00  0.0000E+00  0.0000E+00
     12.004  0.0000E+00  0.0000E+00  0.0000E+00  0.0000E+00  0.0000E+00  0.0000E+00  0.0000E+00  0.0000E+00  0.0000E+00
     12.157  0.0000E+00  0.0000E+00  0.0000E+00  0.0000E+00  0.0000E+00  0.0000E+00  0.0000E+00  0.0000E+00  0.0000E+00
     12.310  0.0000E+00  0.0000E+00  0.0000E+00  0.0000E+00  0.0000E+00  0.0000E+00  0.0000E+00  0.0000E+00  0.0000E+00
     12.462  0.0000E+00  0.0000E+00  0.0000E+00  0.0000E+00  0.0000E+00  0.0000E+00  0.0000E+00  0.0000E+00  0.0000E+00
     12.615  0.0000E+00  0.0000E+00  0.0000E+00  0.0000E+00  0.0000E+00  0.0000E+00  0.0000E+00  0.0000E+00  0.0000E+00
     12.768  0.0000E+00  0.0000E+00  0.0000E+00  0.0000E+00  0.0000E+00  0.0000E+00  0.0000E+00  0.0000E+00  0.0000E+00
     12.921  0.0000E+00  0.0000E+00  0.0000E+00  0.0000E+00  0.0000E+00  0.0000E+00  0.0000E+00  0.0000E+00  0.0000E+00
     13.073  0.0000E+00  0.0000E+00  0.0000E+00  0.0000E+00  0.0000E+00  0.0000E+00  0.0000E+00  0.0000E+00  0.0000E+00
     13.226  0.0000E+00  0.0000E+00  0.0000E+00  0.0000E+00  0.0000E+00  0.0000E+00  0.0000E+00  0.0000E+00  0.0000E+00
     13.379  0.0000E+00  0.0000E+00  0.0000E+00  0.0000E+00  0.0000E+00  0.0000E+00  0.0000E+00  0.0000E+00  0.0000E+00
     13.532  0.0000E+00  0.0000E+00  0.0000E+00  0.0000E+00  0.0000E+00  0.0000E+00  0.0000E+00  0.0000E+00  0.0000E+00
     13.685  0.0000E+00  0.0000E+00  0.0000E+00  0.0000E+00  0.0000E+00  0.0000E+00  0.0000E+00  0.0000E+00  0.0000E+00
     13.837  0.0000E+00  0.0000E+00  0.0000E+00  0.0000E+00  0.0000E+00  0.0000E+00  0.0000E+00  0.0000E+00  0.0000E+00
     13.990  0.0000E+00  0.0000E+00  0.0000E+00  0.0000E+00  0.0000E+00  0.0000E+00  0.0000E+00  0.0000E+00  0.0000E+00
     14.143  0.0000E+00  0.0000E+00  0.0000E+00  0.0000E+00  0.0000E+00  0.0000E+00  0.0000E+00  0.0000E+00  0.0000E+00
     14.296  0.0000E+00  0.0000E+00  0.0000E+00  0.0000E+00  0.0000E+00  0.0000E+00  0.0000E+00  0.0000E+00  0.0000E+00
     14.449  0.0000E+00  0.0000E+00  0.0000E+00  0.0000E+00  0.0000E+00  0.0000E+00  0.0000E+00  0.0000E+00  0.0000E+00
     14.601  0.0000E+00  0.0000E+00  0.0000E+00  0.0000E+00  0.0000E+00  0.0000E+00  0.0000E+00  0.0000E+00  0.0000E+00
     14.754  0.4873E-02  0.1527E-02  0.1527E-02  0.1527E-02  0.0000E+00  0.0000E+00  0.0000E+00  0.0000E+00  0.0000E+00
     14.907  0.8442E-02  0.2886E-02  0.2886E-02  0.2886E-02  0.0000E+00  0.0000E+00  0.0000E+00  0.0000E+00  0.0000E+00
     15.060  0.1079E-01  0.4005E-02  0.4005E-02  0.4005E-02  0.0000E+00  0.0000E+00  0.0000E+00  0.0000E+00  0.0000E+00
     15.213  0.1346E-01  0.5321E-02  0.5321E-02  0.5321E-02  0.0000E+00  0.0000E+00  0.0000E+00  0.0000E+00  0.0000E+00
     15.365  0.1723E-01  0.6906E-02  0.6906E-02  0.6906E-02  0.0000E+00  0.0000E+00  0.0000E+00  0.0000E+00  0.0000E+00
     15.518  0.2003E-01  0.8514E-02  0.8514E-02  0.8514E-02  0.0000E+00  0.0000E+00  0.0000E+00  0.0000E+00  0.0000E+00
     15.671  0.2229E-01  0.1021E-01  0.1021E-01  0.1021E-01  0.0000E+00  0.0000E+00  0.0000E+00  0.0000E+00  0.0000E+00
     15.824  0.2412E-01  0.1206E-01  0.1206E-01  0.1206E-01  0.0000E+00  0.0000E+00  0.0000E+00  0.0000E+00  0.0000E+00
     15.977  0.2554E-01  0.1417E-01  0.1417E-01  0.1417E-01  0.0000E+00  0.0000E+00  0.0000E+00  0.0000E+00  0.0000E+00
     16.129  0.2685E-01  0.1688E-01  0.1688E-01  0.1688E-01  0.0000E+00  0.0000E+00  0.0000E+00  0.0000E+00  0.0000E+00
     16.282  0.2785E-01  0.2114E-01  0.2114E-01  0.2114E-01  0.0000E+00  0.0000E+00  0.0000E+00  0.0000E+00  0.0000E+00
     16.435  0.2856E-01  0.2179E-01  0.2179E-01  0.2179E-01  0.0000E+00  0.0000E+00  0.0000E+00  0.0000E+00  0.0000E+00
     16.588  0.2917E-01  0.2287E-01  0.2287E-01  0.2287E-01  0.0000E+00  0.0000E+00  0.0000E+00  0.0000E+00  0.0000E+00
     16.741  0.2987E-01  0.2434E-01  0.2434E-01  0.2434E-01  0.0000E+00  0.0000E+00  0.0000E+00  0.0000E+00  0.0000E+00
     16.893  0.3048E-01  0.2567E-01  0.2567E-01  0.2567E-01  0.0000E+00  0.0000E+00  0.0000E+00  0.0000E+00  0.0000E+00
     17.046  0.3093E-01  0.2713E-01  0.2713E-01  0.2713E-01  0.0000E+00  0.0000E+00  0.0000E+00  0.0000E+00  0.0000E+00
     17.199  0.3129E-01  0.2859E-01  0.2859E-01  0.2859E-01  0.0000E+00  0.0000E+00  0.0000E+00  0.0000E+00  0.0000E+00
     17.352  0.3175E-01  0.3018E-01  0.3018E-01  0.3018E-01  0.0000E+00  0.0000E+00  0.0000E+00  0.0000E+00  0.0000E+00
     17.505  0.3216E-01  0.3188E-01  0.3188E-01  0.3188E-01  0.0000E+00  0.0000E+00  0.0000E+00  0.0000E+00  0.0000E+00
     17.657  0.3257E-01  0.3369E-01  0.3369E-01  0.3369E-01  0.0000E+00  0.0000E+00  0.0000E+00  0.0000E+00  0.0000E+00
     17.810  0.3291E-01  0.3565E-01  0.3565E-01  0.3565E-01  0.0000E+00  0.0000E+00  0.0000E+00  0.0000E+00  0.0000E+00
     17.963  0.3320E-01  0.3770E-01  0.3770E-01  0.3770E-01  0.0000E+00  0.0000E+00  0.0000E+00  0.0000E+00  0.0000E+00
     18.116  0.3351E-01  0.3997E-01  0.3997E-01  0.3997E-01  0.0000E+00  0.0000E+00  0.0000E+00  0.0000E+00  0.0000E+00
     18.269  0.3389E-01  0.4253E-01  0.4253E-01  0.4253E-01  0.0000E+00  0.0000E+00  0.0000E+00  0.0000E+00  0.0000E+00
     18.421  0.3433E-01  0.4543E-01  0.4543E-01  0.4543E-01  0.0000E+00  0.0000E+00  0.0000E+00  0.0000E+00  0.0000E+00
     18.574  0.3471E-01  0.4893E-01  0.4893E-01  0.4893E-01  0.0000E+00  0.0000E+00  0.0000E+00  0.0000E+00  0.0000E+00
     18.727  0.3531E-01  0.5339E-01  0.5339E-01  0.5339E-01  0.0000E+00  0.0000E+00  0.0000E+00  0.0000E+00  0.0000E+00
     18.880  0.3618E-01  0.5998E-01  0.5998E-01  0.5998E-01  0.0000E+00  0.0000E+00  0.0000E+00  0.0000E+00  0.0000E+00
     19.032  0.3950E-01  0.7859E-01  0.7859E-01  0.7859E-01  0.0000E+00  0.0000E+00  0.0000E+00  0.0000E+00  0.0000E+00
     19.185  0.3789E-01  0.7360E-01  0.7360E-01  0.7360E-01  0.0000E+00  0.0000E+00  0.0000E+00  0.0000E+00  0.0000E+00
     19.338  0.3643E-01  0.6162E-01  0.6162E-01  0.6162E-01  0.0000E+00  0.0000E+00  0.0000E+00  0.0000E+00  0.0000E+00
     19.491  0.3481E-01  0.5419E-01  0.5419E-01  0.5419E-01  0.0000E+00  0.0000E+00  0.0000E+00  0.0000E+00  0.0000E+00
     19.644  0.5435E-01  0.6761E-01  0.6761E-01  0.6761E-01  0.0000E+00  0.0000E+00  0.0000E+00  0.0000E+00  0.0000E+00
     19.796  0.5576E-01  0.5882E-01  0.5882E-01  0.5882E-01  0.0000E+00  0.0000E+00  0.0000E+00  0.0000E+00  0.0000E+00
     19.949  0.7190E-01  0.5508E-01  0.5508E-01  0.5508E-01  0.0000E+00  0.0000E+00  0.0000E+00  0.0000E+00  0.0000E+00
     20.102  0.6547E-01  0.5419E-01  0.5419E-01  0.5419E-01  0.0000E+00  0.0000E+00  0.0000E+00  0.0000E+00  0.0000E+00
     20.255  0.6185E-01  0.5310E-01  0.5310E-01  0.5310E-01  0.0000E+00  0.0000E+00  0.0000E+00  0.0000E+00  0.0000E+00
     20.408  0.5743E-01  0.5206E-01  0.5206E-01  0.5206E-01  0.0000E+00  0.0000E+00  0.0000E+00  0.0000E+00  0.0000E+00
     20.560  0.5528E-01  0.5251E-01  0.5251E-01  0.5251E-01  0.0000E+00  0.0000E+00  0.0000E+00  0.0000E+00  0.0000E+00
     20.713  0.5169E-01  0.5170E-01  0.5170E-01  0.5170E-01  0.0000E+00  0.0000E+00  0.0000E+00  0.0000E+00  0.0000E+00
     20.866  0.4956E-01  0.5384E-01  0.5384E-01  0.5384E-01  0.0000E+00  0.0000E+00  0.0000E+00  0.0000E+00  0.0000E+00
     21.019  0.4649E-01  0.5251E-01  0.5251E-01  0.5251E-01  0.0000E+00  0.0000E+00  0.0000E+00  0.0000E+00  0.0000E+00
     21.172  0.4472E-01  0.5111E-01  0.5111E-01  0.5111E-01  0.0000E+00  0.0000E+00  0.0000E+00  0.0000E+00  0.0000E+00
     21.324  0.4208E-01  0.4997E-01  0.4997E-01  0.4997E-01  0.0000E+00  0.0000E+00  0.0000E+00  0.0000E+00  0.0000E+00
     21.477  0.3900E-01  0.4854E-01  0.4854E-01  0.4854E-01  0.0000E+00  0.0000E+00  0.0000E+00  0.0000E+00  0.0000E+00
     21.630  0.3789E-01  0.4760E-01  0.4760E-01  0.4760E-01  0.0000E+00  0.0000E+00  0.0000E+00  0.0000E+00  0.0000E+00
     21.783  0.3697E-01  0.4564E-01  0.4564E-01  0.4564E-01  0.0000E+00  0.0000E+00  0.0000E+00  0.0000E+00  0.0000E+00
     21.936  0.3299E-01  0.4171E-01  0.4171E-01  0.4171E-01  0.0000E+00  0.0000E+00  0.0000E+00  0.0000E+00  0.0000E+00
     22.088  0.2857E-01  0.3764E-01  0.3764E-01  0.3764E-01  0.0000E+00  0.0000E+00  0.0000E+00  0.0000E+00  0.0000E+00
     22.241  0.2802E-01  0.3690E-01  0.3690E-01  0.3690E-01  0.0000E+00  0.0000E+00  0.0000E+00  0.0000E+00  0.0000E+00
     22.394  0.3524E-01  0.3934E-01  0.3934E-01  0.3934E-01  0.0000E+00  0.0000E+00  0.0000E+00  0.0000E+00  0.0000E+00
     22.547  0.3794E-01  0.3816E-01  0.3816E-01  0.3816E-01  0.0000E+00  0.0000E+00  0.0000E+00  0.0000E+00  0.0000E+00
     22.700  0.4371E-01  0.4034E-01  0.4034E-01  0.4034E-01  0.0000E+00  0.0000E+00  0.0000E+00  0.0000E+00  0.0000E+00
     22.852  0.4505E-01  0.3994E-01  0.3994E-01  0.3994E-01  0.0000E+00  0.0000E+00  0.0000E+00  0.0000E+00  0.0000E+00
     23.005  0.4775E-01  0.4136E-01  0.4136E-01  0.4136E-01  0.0000E+00  0.0000E+00  0.0000E+00  0.0000E+00  0.0000E+00
     23.158  0.5465E-01  0.4481E-01  0.4481E-01  0.4481E-01  0.0000E+00  0.0000E+00  0.0000E+00  0.0000E+00  0.0000E+00
     23.311  0.5170E-01  0.4419E-01  0.4419E-01  0.4419E-01  0.0000E+00  0.0000E+00  0.0000E+00  0.0000E+00  0.0000E+00
     23.464  0.5569E-01  0.4683E-01  0.4683E-01  0.4683E-01  0.0000E+00  0.0000E+00  0.0000E+00  0.0000E+00  0.0000E+00
     23.616  0.5544E-01  0.4663E-01  0.4663E-01  0.4663E-01  0.0000E+00  0.0000E+00  0.0000E+00  0.0000E+00  0.0000E+00
     23.769  0.5766E-01  0.4910E-01  0.4910E-01  0.4910E-01  0.0000E+00  0.0000E+00  0.0000E+00  0.0000E+00  0.0000E+00
     23.922  0.5838E-01  0.5083E-01  0.5083E-01  0.5083E-01  0.0000E+00  0.0000E+00  0.0000E+00  0.0000E+00  0.0000E+00
     24.075  0.5502E-01  0.5061E-01  0.5061E-01  0.5061E-01  0.0000E+00  0.0000E+00  0.0000E+00  0.0000E+00  0.0000E+00
     24.228  0.5578E-01  0.5106E-01  0.5106E-01  0.5106E-01  0.0000E+00  0.0000E+00  0.0000E+00  0.0000E+00  0.0000E+00
     24.380  0.5641E-01  0.5273E-01  0.5273E-01  0.5273E-01  0.0000E+00  0.0000E+00  0.0000E+00  0.0000E+00  0.0000E+00
     24.533  0.5690E-01  0.5440E-01  0.5440E-01  0.5440E-01  0.0000E+00  0.0000E+00  0.0000E+00  0.0000E+00  0.0000E+00
     24.686  0.5725E-01  0.5606E-01  0.5606E-01  0.5606E-01  0.0000E+00  0.0000E+00  0.0000E+00  0.0000E+00  0.0000E+00
     24.839  0.6018E-01  0.5789E-01  0.5789E-01  0.5789E-01  0.0000E+00  0.0000E+00  0.0000E+00  0.0000E+00  0.0000E+00
     24.991  0.6605E-01  0.5871E-01  0.5871E-01  0.5871E-01  0.0000E+00  0.0000E+00  0.0000E+00  0.0000E+00  0.0000E+00
     25.144  0.1296E+00  0.6571E-01  0.6571E-01  0.6571E-01  0.0000E+00  0.0000E+00  0.0000E+00  0.0000E+00  0.0000E+00
     25.297  0.1151E+00  0.6311E-01  0.6311E-01  0.6311E-01  0.0000E+00  0.0000E+00  0.0000E+00  0.0000E+00  0.0000E+00
     25.450  0.7975E-01  0.6089E-01  0.6089E-01  0.6089E-01  0.0000E+00  0.0000E+00  0.0000E+00  0.0000E+00  0.0000E+00
     25.603  0.5792E-01  0.6159E-01  0.6159E-01  0.6159E-01  0.0000E+00  0.0000E+00  0.0000E+00  0.0000E+00  0.0000E+00
     25.755  0.4958E-01  0.6443E-01  0.6443E-01  0.6443E-01  0.0000E+00  0.0000E+00  0.0000E+00  0.0000E+00  0.0000E+00
     25.908  0.4901E-01  0.7463E-01  0.7463E-01  0.7463E-01  0.0000E+00  0.0000E+00  0.0000E+00  0.0000E+00  0.0000E+00
     26.061  0.4851E-01  0.8156E-01  0.8156E-01  0.8156E-01  0.0000E+00  0.0000E+00  0.0000E+00  0.0000E+00  0.0000E+00
     26.214  0.4357E-01  0.7915E-01  0.7915E-01  0.7915E-01  0.0000E+00  0.0000E+00  0.0000E+00  0.0000E+00  0.0000E+00
     26.367  0.3632E-01  0.7171E-01  0.7171E-01  0.7171E-01  0.0000E+00  0.0000E+00  0.0000E+00  0.0000E+00  0.0000E+00
     26.519  0.2996E-01  0.6712E-01  0.6712E-01  0.6712E-01  0.0000E+00  0.0000E+00  0.0000E+00  0.0000E+00  0.0000E+00
     26.672  0.2525E-01  0.6496E-01  0.6496E-01  0.6496E-01  0.0000E+00  0.0000E+00  0.0000E+00  0.0000E+00  0.0000E+00
     26.825  0.2099E-01  0.6209E-01  0.6209E-01  0.6209E-01  0.0000E+00  0.0000E+00  0.0000E+00  0.0000E+00  0.0000E+00
     26.978  0.1744E-01  0.6073E-01  0.6073E-01  0.6073E-01  0.0000E+00  0.0000E+00  0.0000E+00  0.0000E+00  0.0000E+00
     27.131  0.1357E-01  0.5857E-01  0.5857E-01  0.5857E-01  0.0000E+00  0.0000E+00  0.0000E+00  0.0000E+00  0.0000E+00
     27.283  0.1088E-01  0.6798E-01  0.6798E-01  0.6798E-01  0.0000E+00  0.0000E+00  0.0000E+00  0.0000E+00  0.0000E+00
     27.436  0.6464E-02  0.3756E-01  0.3756E-01  0.3756E-01  0.0000E+00  0.0000E+00  0.0000E+00  0.0000E+00  0.0000E+00
     27.589  0.5026E-02  0.2710E-01  0.2710E-01  0.2710E-01  0.0000E+00  0.0000E+00  0.0000E+00  0.0000E+00  0.0000E+00
     27.742  0.3921E-02  0.2494E-01  0.2494E-01  0.2494E-01  0.0000E+00  0.0000E+00  0.0000E+00  0.0000E+00  0.0000E+00
     27.895  0.3033E-02  0.2251E-01  0.2251E-01  0.2251E-01  0.0000E+00  0.0000E+00  0.0000E+00  0.0000E+00  0.0000E+00
     28.047  0.2217E-02  0.1997E-01  0.1997E-01  0.1997E-01  0.0000E+00  0.0000E+00  0.0000E+00  0.0000E+00  0.0000E+00
     28.200  0.1485E-02  0.1757E-01  0.1757E-01  0.1757E-01  0.0000E+00  0.0000E+00  0.0000E+00  0.0000E+00  0.0000E+00
     28.353  0.8820E-03  0.1422E-01  0.1422E-01  0.1422E-01  0.0000E+00  0.0000E+00  0.0000E+00  0.0000E+00  0.0000E+00
     28.506  0.3969E-03  0.1077E-01  0.1077E-01  0.1077E-01  0.0000E+00  0.0000E+00  0.0000E+00  0.0000E+00  0.0000E+00
     28.659  0.1150E-03  0.6860E-02  0.6860E-02  0.6860E-02  0.0000E+00  0.0000E+00  0.0000E+00  0.0000E+00  0.0000E+00
     28.811  0.1500E-05  0.3068E-03  0.3068E-03  0.3068E-03  0.0000E+00  0.0000E+00  0.0000E+00  0.0000E+00  0.0000E+00
     28.964  0.0000E+00  0.0000E+00  0.0000E+00  0.0000E+00  0.0000E+00  0.0000E+00  0.0000E+00  0.0000E+00  0.0000E+00
     29.117  0.0000E+00  0.0000E+00  0.0000E+00  0.0000E+00  0.0000E+00  0.0000E+00  0.0000E+00  0.0000E+00  0.0000E+00
     29.270  0.0000E+00  0.0000E+00  0.0000E+00  0.0000E+00  0.0000E+00  0.0000E+00  0.0000E+00  0.0000E+00  0.0000E+00
     29.423  0.0000E+00  0.0000E+00  0.0000E+00  0.0000E+00  0.0000E+00  0.0000E+00  0.0000E+00  0.0000E+00  0.0000E+00
     29.575  0.0000E+00  0.0000E+00  0.0000E+00  0.0000E+00  0.0000E+00  0.0000E+00  0.0000E+00  0.0000E+00  0.0000E+00
     29.728  0.0000E+00  0.0000E+00  0.0000E+00  0.0000E+00  0.0000E+00  0.0000E+00  0.0000E+00  0.0000E+00  0.0000E+00
     29.881  0.0000E+00  0.0000E+00  0.0000E+00  0.0000E+00  0.0000E+00  0.0000E+00  0.0000E+00  0.0000E+00  0.0000E+00
     30.034  0.0000E+00  0.0000E+00  0.0000E+00  0.0000E+00  0.0000E+00  0.0000E+00  0.0000E+00  0.0000E+00  0.0000E+00
     30.186  0.0000E+00  0.0000E+00  0.0000E+00  0.0000E+00  0.0000E+00  0.0000E+00  0.0000E+00  0.0000E+00  0.0000E+00
     30.339  0.0000E+00  0.0000E+00  0.0000E+00  0.0000E+00  0.0000E+00  0.0000E+00  0.0000E+00  0.0000E+00  0.0000E+00
     30.492  0.0000E+00  0.0000E+00  0.0000E+00  0.0000E+00  0.0000E+00  0.0000E+00  0.0000E+00  0.0000E+00  0.0000E+00
     30.645  0.0000E+00  0.0000E+00  0.0000E+00  0.0000E+00  0.0000E+00  0.0000E+00  0.0000E+00  0.0000E+00  0.0000E+00
     30.798  0.0000E+00  0.0000E+00  0.0000E+00  0.0000E+00  0.0000E+00  0.0000E+00  0.0000E+00  0.0000E+00  0.0000E+00
     30.79767053    -15.04072040  301     10.25942675      1.00000000
    -15.041  0.0000E+00  0.0000E+00  0.0000E+00  0.0000E+00  0.0000E+00  0.0000E+00  0.0000E+00  0.0000E+00  0.0000E+00
    -14.888  0.0000E+00  0.0000E+00  0.0000E+00  0.0000E+00  0.0000E+00  0.0000E+00  0.0000E+00  0.0000E+00  0.0000E+00
    -14.735  0.0000E+00  0.0000E+00  0.0000E+00  0.0000E+00  0.0000E+00  0.0000E+00  0.0000E+00  0.0000E+00  0.0000E+00
    -14.582  0.0000E+00  0.0000E+00  0.0000E+00  0.0000E+00  0.0000E+00  0.0000E+00  0.0000E+00  0.0000E+00  0.0000E+00
    -14.430  0.0000E+00  0.0000E+00  0.0000E+00  0.0000E+00  0.0000E+00  0.0000E+00  0.0000E+00  0.0000E+00  0.0000E+00
    -14.277  0.0000E+00  0.0000E+00  0.0000E+00  0.0000E+00  0.0000E+00  0.0000E+00  0.0000E+00  0.0000E+00  0.0000E+00
    -14.124  0.0000E+00  0.0000E+00  0.0000E+00  0.0000E+00  0.0000E+00  0.0000E+00  0.0000E+00  0.0000E+00  0.0000E+00
    -13.971  0.0000E+00  0.0000E+00  0.0000E+00  0.0000E+00  0.0000E+00  0.0000E+00  0.0000E+00  0.0000E+00  0.0000E+00
    -13.818  0.0000E+00  0.0000E+00  0.0000E+00  0.0000E+00  0.0000E+00  0.0000E+00  0.0000E+00  0.0000E+00  0.0000E+00
    -13.666  0.0000E+00  0.0000E+00  0.0000E+00  0.0000E+00  0.0000E+00  0.0000E+00  0.0000E+00  0.0000E+00  0.0000E+00
    -13.513  0.0000E+00  0.0000E+00  0.0000E+00  0.0000E+00  0.0000E+00  0.0000E+00  0.0000E+00  0.0000E+00  0.0000E+00
    -13.360  0.0000E+00  0.0000E+00  0.0000E+00  0.0000E+00  0.0000E+00  0.0000E+00  0.0000E+00  0.0000E+00  0.0000E+00
    -13.207  0.0000E+00  0.0000E+00  0.0000E+00  0.0000E+00  0.0000E+00  0.0000E+00  0.0000E+00  0.0000E+00  0.0000E+00
    -13.054  0.0000E+00  0.0000E+00  0.0000E+00  0.0000E+00  0.0000E+00  0.0000E+00  0.0000E+00  0.0000E+00  0.0000E+00
    -12.902  0.7182E-02  0.5691E-05  0.5691E-05  0.5691E-05  0.0000E+00  0.0000E+00  0.0000E+00  0.0000E+00  0.0000E+00
    -12.749  0.1642E-01  0.4726E-04  0.4726E-04  0.4726E-04  0.0000E+00  0.0000E+00  0.0000E+00  0.0000E+00  0.0000E+00
    -12.596  0.1765E-01  0.9704E-04  0.9704E-04  0.9704E-04  0.0000E+00  0.0000E+00  0.0000E+00  0.0000E+00  0.0000E+00
    -12.443  0.2044E-01  0.1609E-03  0.1609E-03  0.1609E-03  0.0000E+00  0.0000E+00  0.0000E+00  0.0000E+00  0.0000E+00
    -12.290  0.2329E-01  0.2370E-03  0.2370E-03  0.2370E-03  0.0000E+00  0.0000E+00  0.0000E+00  0.0000E+00  0.0000E+00
    -12.138  0.2580E-01  0.3223E-03  0.3223E-03  0.3223E-03  0.0000E+00  0.0000E+00  0.0000E+00  0.0000E+00  0.0000E+00
    -11.985  0.2793E-01  0.4175E-03  0.4175E-03  0.4175E-03  0.0000E+00  0.0000E+00  0.0000E+00  0.0000E+00  0.0000E+00
    -11.832  0.2999E-01  0.5191E-03  0.5191E-03  0.5191E-03  0.0000E+00  0.0000E+00  0.0000E+00  0.0000E+00  0.0000E+00
    -11.679  0.3196E-01  0.6263E-03  0.6263E-03  0.6263E-03  0.0000E+00  0.0000E+00  0.0000E+00  0.0000E+00  0.0000E+00
    -11.526  0.3366E-01  0.7431E-03  0.7431E-03  0.7431E-03  0.0000E+00  0.0000E+00  0.0000E+00  0.0000E+00  0.0000E+00
    -11.374  0.3543E-01  0.8623E-03  0.8623E-03  0.8623E-03  0.0000E+00  0.0000E+00  0.0000E+00  0.0000E+00  0.0000E+00
    -11.221  0.3694E-01  0.9913E-03  0.9913E-03  0.9913E-03  0.0000E+00  0.0000E+00  0.0000E+00  0.0000E+00  0.0000E+00
    -11.068  0.3852E-01  0.1122E-02  0.1122E-02  0.1122E-02  0.0000E+00  0.0000E+00  0.0000E+00  0.0000E+00  0.0000E+00
    -10.915  0.3992E-01  0.1262E-02  0.1262E-02  0.1262E-02  0.0000E+00  0.0000E+00  0.0000E+00  0.0000E+00  0.0000E+00
    -10.762  0.4139E-01  0.1402E-02  0.1402E-02  0.1402E-02  0.0000E+00  0.0000E+00  0.0000E+00  0.0000E+00  0.0000E+00
    -10.610  0.4267E-01  0.1553E-02  0.1553E-02  0.1553E-02  0.0000E+00  0.0000E+00  0.0000E+00  0.0000E+00  0.0000E+00
    -10.457  0.4405E-01  0.1703E-02  0.1703E-02  0.1703E-02  0.0000E+00  0.0000E+00  0.0000E+00  0.0000E+00  0.0000E+00
    -10.304  0.4527E-01  0.1862E-02  0.1862E-02  0.1862E-02  0.0000E+00  0.0000E+00  0.0000E+00  0.0000E+00  0.0000E+00
    -10.151  0.4653E-01  0.2023E-02  0.2023E-02  0.2023E-02  0.0000E+00  0.0000E+00  0.0000E+00  0.0000E+00  0.0000E+00
     -9.998  0.4776E-01  0.2188E-02  0.2188E-02  0.2188E-02  0.0000E+00  0.0000E+00  0.0000E+00  0.0000E+00  0.0000E+00
     -9.846  0.4894E-01  0.2360E-02  0.2360E-02  0.2360E-02  0.0000E+00  0.0000E+00  0.0000E+00  0.0000E+00  0.0000E+00
     -9.693  0.5019E-01  0.2530E-02  0.2530E-02  0.2530E-02  0.0000E+00  0.0000E+00  0.0000E+00  0.0000E+00  0.0000E+00
     -9.540  0.5131E-01  0.2712E-02  0.2712E-02  0.2712E-02  0.0000E+00  0.0000E+00  0.0000E+00  0.0000E+00  0.0000E+00
     -9.387  0.5249E-01  0.2893E-02  0.2893E-02  0.2893E-02  0.0000E+00  0.0000E+00  0.0000E+00  0.0000E+00  0.0000E+00
     -9.235  0.5368E-01  0.3077E-02  0.3077E-02  0.3077E-02  0.0000E+00  0.0000E+00  0.0000E+00  0.0000E+00  0.0000E+00
     -9.082  0.5482E-01  0.3269E-02  0.3269E-02  0.3269E-02  0.0000E+00  0.0000E+00  0.0000E+00  0.0000E+00  0.0000E+00
     -8.929  0.5603E-01  0.3461E-02  0.3461E-02  0.3461E-02  0.0000E+00  0.0000E+00  0.0000E+00  0.0000E+00  0.0000E+00
     -8.776  0.5725E-01  0.3658E-02  0.3658E-02  0.3658E-02  0.0000E+00  0.0000E+00  0.0000E+00  0.0000E+00  0.0000E+00
     -8.623  0.5846E-01  0.3861E-02  0.3861E-02  0.3861E-02  0.0000E+00  0.0000E+00  0.0000E+00  0.0000E+00  0.0000E+00
     -8.471  0.5976E-01  0.4063E-02  0.4063E-02  0.4063E-02  0.0000E+00  0.0000E+00  0.0000E+00  0.0000E+00  0.0000E+00
     -8.318  0.6108E-01  0.4272E-02  0.4272E-02  0.4272E-02  0.0000E+00  0.0000E+00  0.0000E+00  0.0000E+00  0.0000E+00
     -8.165  0.6245E-01  0.4487E-02  0.4487E-02  0.4487E-02  0.0000E+00  0.0000E+00  0.0000E+00  0.0000E+00  0.0000E+00
     -8.012  0.6394E-01  0.4702E-02  0.4702E-02  0.4702E-02  0.0000E+00  0.0000E+00  0.0000E+00  0.0000E+00  0.0000E+00
     -7.859  0.6553E-01  0.4924E-02  0.4924E-02  0.4924E-02  0.0000E+00  0.0000E+00  0.0000E+00  0.0000E+00  0.0000E+00
     -7.707  0.6726E-01  0.5155E-02  0.5155E-02  0.5155E-02  0.0000E+00  0.0000E+00  0.0000E+00  0.0000E+00  0.0000E+00
     -7.554  0.6921E-01  0.5388E-02  0.5388E-02  0.5388E-02  0.0000E+00  0.0000E+00  0.0000E+00  0.0000E+00  0.0000E+00
     -7.401  0.7146E-01  0.5632E-02  0.5632E-02  0.5632E-02  0.0000E+00  0.0000E+00  0.0000E+00  0.0000E+00  0.0000E+00
     -7.248  0.7415E-01  0.5896E-02  0.5896E-02  0.5896E-02  0.0000E+00  0.0000E+00  0.0000E+00  0.0000E+00  0.0000E+00
     -7.095  0.7762E-01  0.6181E-02  0.6181E-02  0.6181E-02  0.0000E+00  0.0000E+00  0.0000E+00  0.0000E+00  0.0000E+00
     -6.943  0.8275E-01  0.6520E-02  0.6520E-02  0.6520E-02  0.0000E+00  0.0000E+00  0.0000E+00  0.0000E+00  0.0000E+00
     -6.790  0.9966E-01  0.7311E-02  0.7311E-02  0.7311E-02  0.0000E+00  0.0000E+00  0.0000E+00  0.0000E+00  0.0000E+00
     -6.637  0.9395E-01  0.7236E-02  0.7236E-02  0.7236E-02  0.0000E+00  0.0000E+00  0.0000E+00  0.0000E+00  0.0000E+00
     -6.484  0.9228E-01  0.7309E-02  0.7309E-02  0.7309E-02  0.0000E+00  0.0000E+00  0.0000E+00  0.0000E+00  0.0000E+00
     -6.331  0.8696E-01  0.7209E-02  0.7209E-02  0.7209E-02  0.0000E+00  0.0000E+00  0.0000E+00  0.0000E+00  0.0000E+00
     -6.179  0.8491E-01  0.7248E-02  0.7248E-02  0.7248E-02  0.0000E+00  0.0000E+00  0.0000E+00  0.0000E+00  0.0000E+00
     -6.026  0.8133E-01  0.7182E-02  0.7182E-02  0.7182E-02  0.0000E+00  0.0000E+00  0.0000E+00  0.0000E+00  0.0000E+00
     -5.873  0.7935E-01  0.7206E-02  0.7206E-02  0.7206E-02  0.0000E+00  0.0000E+00  0.0000E+00  0.0000E+00  0.0000E+00
     -5.720  0.7629E-01  0.7148E-02  0.7148E-02  0.7148E-02  0.0000E+00  0.0000E+00  0.0000E+00  0.0000E+00  0.0000E+00
     -5.567  0.7321E-01  0.7071E-02  0.7071E-02  0.7071E-02  0.0000E+00  0.0000E+00  0.0000E+00  0.0000E+00  0.0000E+00
     -5.415  0.7072E-01  0.7028E-02  0.7028E-02  0.7028E-02  0.0000E+00  0.0000E+00  0.0000E+00  0.0000E+00  0.0000E+00
     -5.262  0.6792E-01  0.6943E-02  0.6943E-02  0.6943E-02  0.0000E+00  0.0000E+00  0.0000E+00  0.0000E+00  0.0000E+00
     -5.109  0.6493E-01  0.6830E-02  0.6830E-02  0.6830E-02  0.0000E+00  0.0000E+00  0.0000E+00  0.0000E+00  0.0000E+00
     -4.956  0.6257E-01  0.6753E-02  0.6753E-02  0.6753E-02  0.0000E+00  0.0000E+00  0.0000E+00  0.0000E+00  0.0000E+00
     -4.803  0.5946E-01  0.6606E-02  0.6606E-02  0.6606E-02  0.0000E+00  0.0000E+00  0.0000E+00  0.0000E+00  0.0000E+00
     -4.651  0.5681E-01  0.6474E-02  0.6474E-02  0.6474E-02  0.0000E+00  0.0000E+00  0.0000E+00  0.0000E+00  0.0000E+00
     -4.498  0.5390E-01  0.6316E-02  0.6316E-02  0.6316E-02  0.0000E+00  0.0000E+00  0.0000E+00  0.0000E+00  0.0000E+00
     -4.345  0.5115E-01  0.6146E-02  0.6146E-02  0.6146E-02  0.0000E+00  0.0000E+00  0.0000E+00  0.0000E+00  0.0000E+00
     -4.192  0.4833E-01  0.6114E-02  0.6114E-02  0.6114E-02  0.0000E+00  0.0000E+00  0.0000E+00  0.0000E+00  0.0000E+00
     -4.040  0.4998E-01  0.9198E-02  0.9198E-02  0.9198E-02  0.0000E+00  0.0000E+00  0.0000E+00  0.0000E+00  0.0000E+00
     -3.887  0.5015E-01  0.1076E-01  0.1076E-01  0.1076E-01  0.0000E+00  0.0000E+00  0.0000E+00  0.0000E+00  0.0000E+00
     -3.734  0.5022E-01  0.1173E-01  0.1173E-01  0.1173E-01  0.0000E+00  0.0000E+00  0.0000E+00  0.0000E+00  0.0000E+00
     -3.581  0.4357E-01  0.1202E-01  0.1202E-01  0.1202E-01  0.0000E+00  0.0000E+00  0.0000E+00  0.0000E+00  0.0000E+00
     -3.428  0.3202E-01  0.1114E-01  0.1114E-01  0.1114E-01  0.0000E+00  0.0000E+00  0.0000E+00  0.0000E+00  0.0000E+00
     -3.276  0.3062E-01  0.1213E-01  0.1213E-01  0.1213E-01  0.0000E+00  0.0000E+00  0.0000E+00  0.0000E+00  0.0000E+00
     -3.123  0.3156E-01  0.1314E-01  0.1314E-01  0.1314E-01  0.0000E+00  0.0000E+00  0.0000E+00  0.0000E+00  0.0000E+00
     -2.970  0.3365E-01  0.1458E-01  0.1458E-01  0.1458E-01  0.0000E+00  0.0000E+00  0.0000E+00  0.0000E+00  0.0000E+00
     -2.817  0.4015E-01  0.1646E-01  0.1646E-01  0.1646E-01  0.0000E+00  0.0000E+00  0.0000E+00  0.0000E+00  0.0000E+00
     -2.664  0.4966E-01  0.1923E-01  0.1923E-01  0.1923E-01  0.0000E+00  0.0000E+00  0.0000E+00  0.0000E+00  0.0000E+00
     -2.512  0.6364E-01  0.2278E-01  0.2278E-01  0.2278E-01  0.0000E+00  0.0000E+00  0.0000E+00  0.0000E+00  0.0000E+00
     -2.359  0.8118E-01  0.2803E-01  0.2803E-01  0.2803E-01  0.0000E+00  0.0000E+00  0.0000E+00  0.0000E+00  0.0000E+00
     -2.206  0.1076E+00  0.3530E-01  0.3530E-01  0.3530E-01  0.0000E+00  0.0000E+00  0.0000E+00  0.0000E+00  0.0000E+00
     -2.053  0.9166E-01  0.2999E-01  0.2999E-01  0.2999E-01  0.0000E+00  0.0000E+00  0.0000E+00  0.0000E+00  0.0000E+00
     -1.900  0.7309E-01  0.2476E-01  0.2476E-01  0.2476E-01  0.0000E+00  0.0000E+00  0.0000E+00  0.0000E+00  0.0000E+00
     -1.748  0.6601E-01  0.2278E-01  0.2278E-01  0.2278E-01  0.0000E+00  0.0000E+00  0.0000E+00  0.0000E+00  0.0000E+00
     -1.595  0.5960E-01  0.2108E-01  0.2108E-01  0.2108E-01  0.0000E+00  0.0000E+00  0.0000E+00  0.0000E+00  0.0000E+00
     -1.442  0.5608E-01  0.2018E-01  0.2018E-01  0.2018E-01  0.0000E+00  0.0000E+00  0.0000E+00  0.0000E+00  0.0000E+00
     -1.289  0.5153E-01  0.1903E-01  0.1903E-01  0.1903E-01  0.0000E+00  0.0000E+00  0.0000E+00  0.0000E+00  0.0000E+00
     -1.136  0.4902E-01  0.1846E-01  0.1846E-01  0.1846E-01  0.0000E+00  0.0000E+00  0.0000E+00  0.0000E+00  0.0000E+00
     -0.984  0.4539E-01  0.1756E-01  0.1756E-01  0.1756E-01  0.0000E+00  0.0000E+00  0.0000E+00  0.0000E+00  0.0000E+00
     -0.831  0.4335E-01  0.1712E-01  0.1712E-01  0.1712E-01  0.0000E+00  0.0000E+00  0.0000E+00  0.0000E+00  0.0000E+00
     -0.678  0.4065E-01  0.1648E-01  0.1648E-01  0.1648E-01  0.0000E+00  0.0000E+00  0.0000E+00  0.0000E+00  0.0000E+00
     -0.525  0.3845E-01  0.1598E-01  0.1598E-01  0.1598E-01  0.0000E+00  0.0000E+00  0.0000E+00  0.0000E+00  0.0000E+00
     -0.372  0.3663E-01  0.1559E-01  0.1559E-01  0.1559E-01  0.0000E+00  0.0000E+00  0.0000E+00  0.0000E+00  0.0000E+00
     -0.220  0.3408E-01  0.1494E-01  0.1494E-01  0.1494E-01  0.0000E+00  0.0000E+00  0.0000E+00  0.0000E+00  0.0000E+00
     -0.067  0.3273E-01  0.1469E-01  0.1469E-01  0.1469E-01  0.0000E+00  0.0000E+00  0.0000E+00  0.0000E+00  0.0000E+00
      0.086  0.3154E-01  0.1975E-01  0.1975E-01  0.1975E-01  0.0000E+00  0.0000E+00  0.0000E+00  0.0000E+00  0.0000E+00
      0.239  0.3102E-01  0.2446E-01  0.2446E-01  0.2446E-01  0.0000E+00  0.0000E+00  0.0000E+00  0.0000E+00  0.0000E+00
      0.392  0.3082E-01  0.2710E-01  0.2710E-01  0.2710E-01  0.0000E+00  0.0000E+00  0.0000E+00  0.0000E+00  0.0000E+00
      0.544  0.3019E-01  0.3055E-01  0.3055E-01  0.3055E-01  0.0000E+00  0.0000E+00  0.0000E+00  0.0000E+00  0.0000E+00
      0.697  0.3092E-01  0.3547E-01  0.3547E-01  0.3547E-01  0.0000E+00  0.0000E+00  0.0000E+00  0.0000E+00  0.0000E+00
      0.850  0.3204E-01  0.4136E-01  0.4136E-01  0.4136E-01  0.0000E+00  0.0000E+00  0.0000E+00  0.0000E+00  0.0000E+00
      1.003  0.3129E-01  0.3981E-01  0.3981E-01  0.3981E-01  0.0000E+00  0.0000E+00  0.0000E+00  0.0000E+00  0.0000E+00
      1.156  0.3135E-01  0.3906E-01  0.3906E-01  0.3906E-01  0.0000E+00  0.0000E+00  0.0000E+00  0.0000E+00  0.0000E+00
      1.308  0.3111E-01  0.3838E-01  0.3838E-01  0.3838E-01  0.0000E+00  0.0000E+00  0.0000E+00  0.0000E+00  0.0000E+00
      1.461  0.3026E-01  0.3901E-01  0.3901E-01  0.3901E-01  0.0000E+00  0.0000E+00  0.0000E+00  0.0000E+00  0.0000E+00
      1.614  0.3012E-01  0.3967E-01  0.3967E-01  0.3967E-01  0.0000E+00  0.0000E+00  0.0000E+00  0.0000E+00  0.0000E+00
      1.767  0.2968E-01  0.4076E-01  0.4076E-01  0.4076E-01  0.0000E+00  0.0000E+00  0.0000E+00  0.0000E+00  0.0000E+00
      1.919  0.2880E-01  0.4189E-01  0.4189E-01  0.4189E-01  0.0000E+00  0.0000E+00  0.0000E+00  0.0000E+00  0.0000E+00
      2.072  0.2849E-01  0.4303E-01  0.4303E-01  0.4303E-01  0.0000E+00  0.0000E+00  0.0000E+00  0.0000E+00  0.0000E+00
      2.225  0.2800E-01  0.4482E-01  0.4482E-01  0.4482E-01  0.0000E+00  0.0000E+00  0.0000E+00  0.0000E+00  0.0000E+00
      2.378  0.2712E-01  0.4604E-01  0.4604E-01  0.4604E-01  0.0000E+00  0.0000E+00  0.0000E+00  0.0000E+00  0.0000E+00
      2.531  0.2664E-01  0.4867E-01  0.4867E-01  0.4867E-01  0.0000E+00  0.0000E+00  0.0000E+00  0.0000E+00  0.0000E+00
      2.683  0.2607E-01  0.5033E-01  0.5033E-01  0.5033E-01  0.0000E+00  0.0000E+00  0.0000E+00  0.0000E+00  0.0000E+00
      2.836  0.2536E-01  0.5279E-01  0.5279E-01  0.5279E-01  0.0000E+00  0.0000E+00  0.0000E+00  0.0000E+00  0.0000E+00
      2.989  0.2449E-01  0.5600E-01  0.5600E-01  0.5600E-01  0.0000E+00  0.0000E+00  0.0000E+00  0.0000E+00  0.0000E+00
      3.142  0.2394E-01  0.6026E-01  0.6026E-01  0.6026E-01  0.0000E+00  0.0000E+00  0.0000E+00  0.0000E+00  0.0000E+00
      3.295  0.2320E-01  0.6630E-01  0.6630E-01  0.6630E-01  0.0000E+00  0.0000E+00  0.0000E+00  0.0000E+00  0.0000E+00
      3.447  0.2216E-01  0.7672E-01  0.7672E-01  0.7672E-01  0.0000E+00  0.0000E+00  0.0000E+00  0.0000E+00  0.0000E+00
      3.600  0.2142E-01  0.7478E-01  0.7478E-01  0.7478E-01  0.0000E+00  0.0000E+00  0.0000E+00  0.0000E+00  0.0000E+00
      3.753  0.2076E-01  0.7303E-01  0.7303E-01  0.7303E-01  0.0000E+00  0.0000E+00  0.0000E+00  0.0000E+00  0.0000E+00
      3.906  0.1987E-01  0.7277E-01  0.7277E-01  0.7277E-01  0.0000E+00  0.0000E+00  0.0000E+00  0.0000E+00  0.0000E+00
      4.059  0.1892E-01  0.7204E-01  0.7204E-01  0.7204E-01  0.0000E+00  0.0000E+00  0.0000E+00  0.0000E+00  0.0000E+00
      4.211  0.1833E-01  0.7196E-01  0.7196E-01  0.7196E-01  0.0000E+00  0.0000E+00  0.0000E+00  0.0000E+00  0.0000E+00
      4.364  0.1754E-01  0.7175E-01  0.7175E-01  0.7175E-01  0.0000E+00  0.0000E+00  0.0000E+00  0.0000E+00  0.0000E+00
      4.517  0.1660E-01  0.7094E-01  0.7094E-01  0.7094E-01  0.0000E+00  0.0000E+00  0.0000E+00  0.0000E+00  0.0000E+00
      4.670  0.1597E-01  0.7107E-01  0.7107E-01  0.7107E-01  0.0000E+00  0.0000E+00  0.0000E+00  0.0000E+00  0.0000E+00
      4.823  0.1530E-01  0.7072E-01  0.7072E-01  0.7072E-01  0.0000E+00  0.0000E+00  0.0000E+00  0.0000E+00  0.0000E+00
      4.975  0.1448E-01  0.7024E-01  0.7024E-01  0.7024E-01  0.0000E+00  0.0000E+00  0.0000E+00  0.0000E+00  0.0000E+00
      5.128  0.1365E-01  0.7014E-01  0.7014E-01  0.7014E-01  0.0000E+00  0.0000E+00  0.0000E+00  0.0000E+00  0.0000E+00
      5.281  0.1307E-01  0.6985E-01  0.6985E-01  0.6985E-01  0.0000E+00  0.0000E+00  0.0000E+00  0.0000E+00  0.0000E+00
      5.434  0.1243E-01  0.6961E-01  0.6961E-01  0.6961E-01  0.0000E+00  0.0000E+00  0.0000E+00  0.0000E+00  0.0000E+00
      5.587  0.1175E-01  0.6936E-01  0.6936E-01  0.6936E-01  0.0000E+00  0.0000E+00  0.0000E+00  0.0000E+00  0.0000E+00
      5.739  0.1100E-01  0.6891E-01  0.6891E-01  0.6891E-01  0.0000E+00  0.0000E+00  0.0000E+00  0.0000E+00  0.0000E+00
      5.892  0.1037E-01  0.6877E-01  0.6877E-01  0.6877E-01  0.0000E+00  0.0000E+00  0.0000E+00  0.0000E+00  0.0000E+00
      6.045  0.9714E-02  0.6841E-01  0.6841E-01  0.6841E-01  0.0000E+00  0.0000E+00  0.0000E+00  0.0000E+00  0.0000E+00
      6.198  0.9029E-02  0.6819E-01  0.6819E-01  0.6819E-01  0.0000E+00  0.0000E+00  0.0000E+00  0.0000E+00  0.0000E+00
      6.351  0.8376E-02  0.6783E-01  0.6783E-01  0.6783E-01  0.0000E+00  0.0000E+00  0.0000E+00  0.0000E+00  0.0000E+00
      6.503  0.7874E-02  0.6764E-01  0.6764E-01  0.6764E-01  0.0000E+00  0.0000E+00  0.0000E+00  0.0000E+00  0.0000E+00
      6.656  0.7324E-02  0.6760E-01  0.6760E-01  0.6760E-01  0.0000E+00  0.0000E+00  0.0000E+00  0.0000E+00  0.0000E+00
      6.809  0.6674E-02  0.6715E-01  0.6715E-01  0.6715E-01  0.0000E+00  0.0000E+00  0.0000E+00  0.0000E+00  0.0000E+00
      6.962  0.6071E-02  0.6692E-01  0.6692E-01  0.6692E-01  0.0000E+00  0.0000E+00  0.0000E+00  0.0000E+00  0.0000E+00
      7.115  0.5567E-02  0.6800E-01  0.6800E-01  0.6800E-01  0.0000E+00  0.0000E+00  0.0000E+00  0.0000E+00  0.0000E+00
      7.267  0.5025E-02  0.5638E-01  0.5638E-01  0.5638E-01  0.0000E+00  0.0000E+00  0.0000E+00  0.0000E+00  0.0000E+00
      7.420  0.4500E-02  0.4892E-01  0.4892E-01  0.4892E-01  0.0000E+00  0.0000E+00  0.0000E+00  0.0000E+00  0.0000E+00
      7.573  0.4081E-02  0.4375E-01  0.4375E-01  0.4375E-01  0.0000E+00  0.0000E+00  0.0000E+00  0.0000E+00  0.0000E+00
      7.726  0.3712E-02  0.4002E-01  0.4002E-01  0.4002E-01  0.0000E+00  0.0000E+00  0.0000E+00  0.0000E+00  0.0000E+00
      7.878  0.3328E-02  0.3667E-01  0.3667E-01  0.3667E-01  0.0000E+00  0.0000E+00  0.0000E+00  0.0000E+00  0.0000E+00
      8.031  0.2942E-02  0.3358E-01  0.3358E-01  0.3358E-01  0.0000E+00  0.0000E+00  0.0000E+00  0.0000E+00  0.0000E+00
      8.184  0.2651E-02  0.3109E-01  0.3109E-01  0.3109E-01  0.0000E+00  0.0000E+00  0.0000E+00  0.0000E+00  0.0000E+00
      8.337  0.2347E-02  0.2862E-01  0.2862E-01  0.2862E-01  0.0000E+00  0.0000E+00  0.0000E+00  0.0000E+00  0.0000E+00
      8.490  0.2050E-02  0.2631E-01  0.2631E-01  0.2631E-01  0.0000E+00  0.0000E+00  0.0000E+00  0.0000E+00  0.0000E+00
      8.642  0.1774E-02  0.2421E-01  0.2421E-01  0.2421E-01  0.0000E+00  0.0000E+00  0.0000E+00  0.0000E+00  0.0000E+00
      8.795  0.1521E-02  0.2216E-01  0.2216E-01  0.2216E-01  0.0000E+00  0.0000E+00  0.0000E+00  0.0000E+00  0.0000E+00
      8.948  0.1295E-02  0.2015E-01  0.2015E-01  0.2015E-01  0.0000E+00  0.0000E+00  0.0000E+00  0.0000E+00  0.0000E+00
      9.101  0.1055E-02  0.1829E-01  0.1829E-01  0.1829E-01  0.0000E+00  0.0000E+00  0.0000E+00  0.0000E+00  0.0000E+00
      9.254  0.8527E-03  0.1647E-01  0.1647E-01  0.1647E-01  0.0000E+00  0.0000E+00  0.0000E+00  0.0000E+00  0.0000E+00
      9.406  0.6809E-03  0.1458E-01  0.1458E-01  0.1458E-01  0.0000E+00  0.0000E+00  0.0000E+00  0.0000E+00  0.0000E+00
      9.559  0.4938E-03  0.1276E-01  0.1276E-01  0.1276E-01  0.0000E+00  0.0000E+00  0.0000E+00  0.0000E+00  0.0000E+00
      9.712  0.3462E-03  0.1091E-01  0.1091E-01  0.1091E-01  0.0000E+00  0.0000E+00  0.0000E+00  0.0000E+00  0.0000E+00
      9.865  0.2164E-03  0.9007E-02  0.9007E-02  0.9007E-02  0.0000E+00  0.0000E+00  0.0000E+00  0.0000E+00  0.0000E+00
     10.018  0.1102E-03  0.6672E-02  0.6672E-02  0.6672E-02  0.0000E+00  0.0000E+00  0.0000E+00  0.0000E+00  0.0000E+00
     10.170  0.4004E-04  0.5250E-02  0.5250E-02  0.5250E-02  0.0000E+00  0.0000E+00  0.0000E+00  0.0000E+00  0.0000E+00
     10.323  0.1139E-05  0.2236E-03  0.2236E-03  0.2236E-03  0.0000E+00  0.0000E+00  0.0000E+00  0.0000E+00  0.0000E+00
     10.476  0.0000E+00  0.0000E+00  0.0000E+00  0.0000E+00  0.0000E+00  0.0000E+00  0.0000E+00  0.0000E+00  0.0000E+00
     10.629  0.0000E+00  0.0000E+00  0.0000E+00  0.0000E+00  0.0000E+00  0.0000E+00  0.0000E+00  0.0000E+00  0.0000E+00
     10.782  0.0000E+00  0.0000E+00  0.0000E+00  0.0000E+00  0.0000E+00  0.0000E+00  0.0000E+00  0.0000E+00  0.0000E+00
     10.934  0.0000E+00  0.0000E+00  0.0000E+00  0.0000E+00  0.0000E+00  0.0000E+00  0.0000E+00  0.0000E+00  0.0000E+00
     11.087  0.0000E+00  0.0000E+00  0.0000E+00  0.0000E+00  0.0000E+00  0.0000E+00  0.0000E+00  0.0000E+00  0.0000E+00
     11.240  0.0000E+00  0.0000E+00  0.0000E+00  0.0000E+00  0.0000E+00  0.0000E+00  0.0000E+00  0.0000E+00  0.0000E+00
     11.393  0.0000E+00  0.0000E+00  0.0000E+00  0.0000E+00  0.0000E+00  0.0000E+00  0.0000E+00  0.0000E+00  0.0000E+00
     11.546  0.0000E+00  0.0000E+00  0.0000E+00  0.0000E+00  0.0000E+00  0.0000E+00  0.0000E+00  0.0000E+00  0.0000E+00
     11.698  0.0000E+00  0.0000E+00  0.0000E+00  0.0000E+00  0.0000E+00  0.0000E+00  0.0000E+00  0.0000E+00  0.0000E+00
     11.851  0.0000E+00  0.0000E+00  0.0000E+00  0.0000E+00  0.0000E+00  0.0000E+00  0.0000E+00  0.0000E+00  0.0000E+00
     12.004  0.0000E+00  0.0000E+00  0.0000E+00  0.0000E+00  0.0000E+00  0.0000E+00  0.0000E+00  0.0000E+00  0.0000E+00
     12.157  0.0000E+00  0.0000E+00  0.0000E+00  0.0000E+00  0.0000E+00  0.0000E+00  0.0000E+00  0.0000E+00  0.0000E+00
     12.310  0.0000E+00  0.0000E+00  0.0000E+00  0.0000E+00  0.0000E+00  0.0000E+00  0.0000E+00  0.0000E+00  0.0000E+00
     12.462  0.0000E+00  0.0000E+00  0.0000E+00  0.0000E+00  0.0000E+00  0.0000E+00  0.0000E+00  0.0000E+00  0.0000E+00
     12.615  0.0000E+00  0.0000E+00  0.0000E+00  0.0000E+00  0.0000E+00  0.0000E+00  0.0000E+00  0.0000E+00  0.0000E+00
     12.768  0.0000E+00  0.0000E+00  0.0000E+00  0.0000E+00  0.0000E+00  0.0000E+00  0.0000E+00  0.0000E+00  0.0000E+00
     12.921  0.0000E+00  0.0000E+00  0.0000E+00  0.0000E+00  0.0000E+00  0.0000E+00  0.0000E+00  0.0000E+00  0.0000E+00
     13.073  0.0000E+00  0.0000E+00  0.0000E+00  0.0000E+00  0.0000E+00  0.0000E+00  0.0000E+00  0.0000E+00  0.0000E+00
     13.226  0.0000E+00  0.0000E+00  0.0000E+00  0.0000E+00  0.0000E+00  0.0000E+00  0.0000E+00  0.0000E+00  0.0000E+00
     13.379  0.0000E+00  0.0000E+00  0.0000E+00  0.0000E+00  0.0000E+00  0.0000E+00  0.0000E+00  0.0000E+00  0.0000E+00
     13.532  0.0000E+00  0.0000E+00  0.0000E+00  0.0000E+00  0.0000E+00  0.0000E+00  0.0000E+00  0.0000E+00  0.0000E+00
     13.685  0.0000E+00  0.0000E+00  0.0000E+00  0.0000E+00  0.0000E+00  0.0000E+00  0.0000E+00  0.0000E+00  0.0000E+00
     13.837  0.0000E+00  0.0000E+00  0.0000E+00  0.0000E+00  0.0000E+00  0.0000E+00  0.0000E+00  0.0000E+00  0.0000E+00
     13.990  0.0000E+00  0.0000E+00  0.0000E+00  0.0000E+00  0.0000E+00  0.0000E+00  0.0000E+00  0.0000E+00  0.0000E+00
     14.143  0.0000E+00  0.0000E+00  0.0000E+00  0.0000E+00  0.0000E+00  0.0000E+00  0.0000E+00  0.0000E+00  0.0000E+00
     14.296  0.0000E+00  0.0000E+00  0.0000E+00  0.0000E+00  0.0000E+00  0.0000E+00  0.0000E+00  0.0000E+00  0.0000E+00
     14.449  0.0000E+00  0.0000E+00  0.0000E+00  0.0000E+00  0.0000E+00  0.0000E+00  0.0000E+00  0.0000E+00  0.0000E+00
     14.601  0.0000E+00  0.0000E+00  0.0000E+00  0.0000E+00  0.0000E+00  0.0000E+00  0.0000E+00  0.0000E+00  0.0000E+00
     14.754  0.4873E-02  0.1527E-02  0.1527E-02  0.1527E-02  0.0000E+00  0.0000E+00  0.0000E+00  0.0000E+00  0.0000E+00
     14.907  0.8442E-02  0.2886E-02  0.2886E-02  0.2886E-02  0.0000E+00  0.0000E+00  0.0000E+00  0.0000E+00  0.0000E+00
     15.060  0.1079E-01  0.4005E-02  0.4005E-02  0.4005E-02  0.0000E+00  0.0000E+00  0.0000E+00  0.0000E+00  0.0000E+00
     15.213  0.1346E-01  0.5321E-02  0.5321E-02  0.5321E-02  0.0000E+00  0.0000E+00  0.0000E+00  0.0000E+00  0.0000E+00
     15.365  0.1723E-01  0.6906E-02  0.6906E-02  0.6906E-02  0.0000E+00  0.0000E+00  0.0000E+00  0.0000E+00  0.0000E+00
     15.518  0.2003E-01  0.8514E-02  0.8514E-02  0.8514E-02  0.0000E+00  0.0000E+00  0.0000E+00  0.0000E+00  0.0000E+00
     15.671  0.2229E-01  0.1021E-01  0.1021E-01  0.1021E-01  0.0000E+00  0.0000E+00  0.0000E+00  0.0000E+00  0.0000E+00
     15.824  0.2412E-01  0.1206E-01  0.1206E-01  0.1206E-01  0.0000E+00  0.0000E+00  0.0000E+00  0.0000E+00  0.0000E+00
     15.977  0.2554E-01  0.1417E-01  0.1417E-01  0.1417E-01  0.0000E+00  0.0000E+00  0.0000E+00  0.0000E+00  0.0000E+00
     16.129  0.2685E-01  0.1688E-01  0.1688E-01  0.1688E-01  0.0000E+00  0.0000E+00  0.0000E+00  0.0000E+00  0.0000E+00
     16.282  0.2785E-01  0.2114E-01  0.2114E-01  0.2114E-01  0.0000E+00  0.0000E+00  0.0000E+00  0.0000E+00  0.0000E+00
     16.435  0.2856E-01  0.2179E-01  0.2179E-01  0.2179E-01  0.0000E+00  0.0000E+00  0.0000E+00  0.0000E+00  0.0000E+00
     16.588  0.2917E-01  0.2287E-01  0.2287E-01  0.2287E-01  0.0000E+00  0.0000E+00  0.0000E+00  0.0000E+00  0.0000E+00
     16.741  0.2987E-01  0.2434E-01  0.2434E-01  0.2434E-01  0.0000E+00  0.0000E+00  0.0000E+00  0.0000E+00  0.0000E+00
     16.893  0.3048E-01  0.2567E-01  0.2567E-01  0.2567E-01  0.0000E+00  0.0000E+00  0.0000E+00  0.0000E+00  0.0000E+00
     17.046  0.3093E-01  0.2713E-01  0.2713E-01  0.2713E-01  0.0000E+00  0.0000E+00  0.0000E+00  0.0000E+00  0.0000E+00
     17.199  0.3129E-01  0.2859E-01  0.2859E-01  0.2859E-01  0.0000E+00  0.0000E+00  0.0000E+00  0.0000E+00  0.0000E+00
     17.352  0.3175E-01  0.3018E-01  0.3018E-01  0.3018E-01  0.0000E+00  0.0000E+00  0.0000E+00  0.0000E+00  0.0000E+00
     17.505  0.3216E-01  0.3188E-01  0.3188E-01  0.3188E-01  0.0000E+00  0.0000E+00  0.0000E+00  0.0000E+00  0.0000E+00
     17.657  0.3257E-01  0.3369E-01  0.3369E-01  0.3369E-01  0.0000E+00  0.0000E+00  0.0000E+00  0.0000E+00  0.0000E+00
     17.810  0.3291E-01  0.3565E-01  0.3565E-01  0.3565E-01  0.0000E+00  0.0000E+00  0.0000E+00  0.0000E+00  0.0000E+00
     17.963  0.3320E-01  0.3770E-01  0.3770E-01  0.3770E-01  0.0000E+00  0.0000E+00  0.0000E+00  0.0000E+00  0.0000E+00
     18.116  0.3351E-01  0.3997E-01  0.3997E-01  0.3997E-01  0.0000E+00  0.0000E+00  0.0000E+00  0.0000E+00  0.0000E+00
     18.269  0.3389E-01  0.4253E-01  0.4253E-01  0.4253E-01  0.0000E+00  0.0000E+00  0.0000E+00  0.0000E+00  0.0000E+00
     18.421  0.3433E-01  0.4543E-01  0.4543E-01  0.4543E-01  0.0000E+00  0.0000E+00  0.0000E+00  0.0000E+00  0.0000E+00
     18.574  0.3471E-01  0.4893E-01  0.4893E-01  0.4893E-01  0.0000E+00  0.0000E+00  0.0000E+00  0.0000E+00  0.0000E+00
     18.727  0.3531E-01  0.5339E-01  0.5339E-01  0.5339E-01  0.0000E+00  0.0000E+00  0.0000E+00  0.0000E+00  0.0000E+00
     18.880  0.3618E-01  0.5998E-01  0.5998E-01  0.5998E-01  0.0000E+00  0.0000E+00  0.0000E+00  0.0000E+00  0.0000E+00
     19.032  0.3950E-01  0.7859E-01  0.7859E-01  0.7859E-01  0.0000E+00  0.0000E+00  0.0000E+00  0.0000E+00  0.0000E+00
     19.185  0.3789E-01  0.7360E-01  0.7360E-01  0.7360E-01  0.0000E+00  0.0000E+00  0.0000E+00  0.0000E+00  0.0000E+00
     19.338  0.3643E-01  0.6162E-01  0.6162E-01  0.6162E-01  0.0000E+00  0.0000E+00  0.0000E+00  0.0000E+00  0.0000E+00
     19.491  0.3481E-01  0.5419E-01  0.5419E-01  0.5419E-01  0.0000E+00  0.0000E+00  0.0000E+00  0.0000E+00  0.0000E+00
     19.644  0.5435E-01  0.6761E-01  0.6761E-01  0.6761E-01  0.0000E+00  0.0000E+00  0.0000E+00  0.0000E+00  0.0000E+00
     19.796  0.5576E-01  0.5882E-01  0.5882E-01  0.5882E-01  0.0000E+00  0.0000E+00  0.0000E+00  0.0000E+00  0.0000E+00
     19.949  0.7190E-01  0.5508E-01  0.5508E-01  0.5508E-01  0.0000E+00  0.0000E+00  0.0000E+00  0.0000E+00  0.0000E+00
     20.102  0.6547E-01  0.5419E-01  0.5419E-01  0.5419E-01  0.0000E+00  0.0000E+00  0.0000E+00  0.0000E+00  0.0000E+00
     20.255  0.6185E-01  0.5310E-01  0.5310E-01  0.5310E-01  0.0000E+00  0.0000E+00  0.0000E+00  0.0000E+00  0.0000E+00
     20.408  0.5743E-01  0.5206E-01  0.5206E-01  0.5206E-01  0.0000E+00  0.0000E+00  0.0000E+00  0.0000E+00  0.0000E+00
     20.560  0.5528E-01  0.5251E-01  0.5251E-01  0.5251E-01  0.0000E+00  0.0000E+00  0.0000E+00  0.0000E+00  0.0000E+00
     20.713  0.5169E-01  0.5170E-01  0.5170E-01  0.5170E-01  0.0000E+00  0.0000E+00  0.0000E+00  0.0000E+00  0.0000E+00
     20.866  0.4956E-01  0.5384E-01  0.5384E-01  0.5384E-01  0.0000E+00  0.0000E+00  0.0000E+00  0.0000E+00  0.0000E+00
     21.019  0.4649E-01  0.5251E-01  0.5251E-01  0.5251E-01  0.0000E+00  0.0000E+00  0.0000E+00  0.0000E+00  0.0000E+00
     21.172  0.4472E-01  0.5111E-01  0.5111E-01  0.5111E-01  0.0000E+00  0.0000E+00  0.0000E+00  0.0000E+00  0.0000E+00
     21.324  0.4208E-01  0.4997E-01  0.4997E-01  0.4997E-01  0.0000E+00  0.0000E+00  0.0000E+00  0.0000E+00  0.0000E+00
     21.477  0.3900E-01  0.4854E-01  0.4854E-01  0.4854E-01  0.0000E+00  0.0000E+00  0.0000E+00  0.0000E+00  0.0000E+00
     21.630  0.3789E-01  0.4760E-01  0.4760E-01  0.4760E-01  0.0000E+00  0.0000E+00  0.0000E+00  0.0000E+00  0.0000E+00
     21.783  0.3697E-01  0.4564E-01  0.4564E-01  0.4564E-01  0.0000E+00  0.0000E+00  0.0000E+00  0.0000E+00  0.0000E+00
     21.936  0.3299E-01  0.4171E-01  0.4171E-01  0.4171E-01  0.0000E+00  0.0000E+00  0.0000E+00  0.0000E+00  0.0000E+00
     22.088  0.2857E-01  0.3764E-01  0.3764E-01  0.3764E-01  0.0000E+00  0.0000E+00  0.0000E+00  0.0000E+00  0.0000E+00
     22.241  0.2802E-01  0.3690E-01  0.3690E-01  0.3690E-01  0.0000E+00  0.0000E+00  0.0000E+00  0.0000E+00  0.0000E+00
     22.394  0.3524E-01  0.3934E-01  0.3934E-01  0.3934E-01  0.0000E+00  0.0000E+00  0.0000E+00  0.0000E+00  0.0000E+00
     22.547  0.3794E-01  0.3816E-01  0.3816E-01  0.3816E-01  0.0000E+00  0.0000E+00  0.0000E+00  0.0000E+00  0.0000E+00
     22.700  0.4371E-01  0.4034E-01  0.4034E-01  0.4034E-01  0.0000E+00  0.0000E+00  0.0000E+00  0.0000E+00  0.0000E+00
     22.852  0.4505E-01  0.3994E-01  0.3994E-01  0.3994E-01  0.0000E+00  0.0000E+00  0.0000E+00  0.0000E+00  0.0000E+00
     23.005  0.4775E-01  0.4136E-01  0.4136E-01  0.4136E-01  0.0000E+00  0.0000E+00  0.0000E+00  0.0000E+00  0.0000E+00
     23.158  0.5465E-01  0.4481E-01  0.4481E-01  0.4481E-01  0.0000E+00  0.0000E+00  0.0000E+00  0.0000E+00  0.0000E+00
     23.311  0.5170E-01  0.4419E-01  0.4419E-01  0.4419E-01  0.0000E+00  0.0000E+00  0.0000E+00  0.0000E+00  0.0000E+00
     23.464  0.5569E-01  0.4683E-01  0.4683E-01  0.4683E-01  0.0000E+00  0.0000E+00  0.0000E+00  0.0000E+00  0.0000E+00
     23.616  0.5544E-01  0.4663E-01  0.4663E-01  0.4663E-01  0.0000E+00  0.0000E+00  0.0000E+00  0.0000E+00  0.0000E+00
     23.769  0.5766E-01  0.4910E-01  0.4910E-01  0.4910E-01  0.0000E+00  0.0000E+00  0.0000E+00  0.0000E+00  0.0000E+00
     23.922  0.5838E-01  0.5083E-01  0.5083E-01  0.5083E-01  0.0000E+00  0.0000E+00  0.0000E+00  0.0000E+00  0.0000E+00
     24.075  0.5502E-01  0.5061E-01  0.5061E-01  0.5061E-01  0.0000E+00  0.0000E+00  0.0000E+00  0.0000E+00  0.0000E+00
     24.228  0.5578E-01  0.5106E-01  0.5106E-01  0.5106E-01  0.0000E+00  0.0000E+00  0.0000E+00  0.0000E+00  0.0000E+00
     24.380  0.5641E-01  0.5273E-01  0.5273E-01  0.5273E-01  0.0000E+00  0.0000E+00  0.0000E+00  0.0000E+00  0.0000E+00
     24.533  0.5690E-01  0.5440E-01  0.5440E-01  0.5440E-01  0.0000E+00  0.0000E+00  0.0000E+00  0.0000E+00  0.0000E+00
     24.686  0.5725E-01  0.5606E-01  0.5606E-01  0.5606E-01  0.0000E+00  0.0000E+00  0.0000E+00  0.0000E+00  0.0000E+00
     24.839  0.6018E-01  0.5789E-01  0.5789E-01  0.5789E-01  0.0000E+00  0.0000E+00  0.0000E+00  0.0000E+00  0.0000E+00
     24.991  0.6605E-01  0.5871E-01  0.5871E-01  0.5871E-01  0.0000E+00  0.0000E+00  0.0000E+00  0.0000E+00  0.0000E+00
     25.144  0.1296E+00  0.6571E-01  0.6571E-01  0.6571E-01  0.0000E+00  0.0000E+00  0.0000E+00  0.0000E+00  0.0000E+00
     25.297  0.1151E+00  0.6311E-01  0.6311E-01  0.6311E-01  0.0000E+00  0.0000E+00  0.0000E+00  0.0000E+00  0.0000E+00
     25.450  0.7975E-01  0.6089E-01  0.6089E-01  0.6089E-01  0.0000E+00  0.0000E+00  0.0000E+00  0.0000E+00  0.0000E+00
     25.603  0.5792E-01  0.6159E-01  0.6159E-01  0.6159E-01  0.0000E+00  0.0000E+00  0.0000E+00  0.0000E+00  0.0000E+00
     25.755  0.4958E-01  0.6443E-01  0.6443E-01  0.6443E-01  0.0000E+00  0.0000E+00  0.0000E+00  0.0000E+00  0.0000E+00
     25.908  0.4901E-01  0.7463E-01  0.7463E-01  0.7463E-01  0.0000E+00  0.0000E+00  0.0000E+00  0.0000E+00  0.0000E+00
     26.061  0.4851E-01  0.8156E-01  0.8156E-01  0.8156E-01  0.0000E+00  0.0000E+00  0.0000E+00  0.0000E+00  0.0000E+00
     26.214  0.4357E-01  0.7915E-01  0.7915E-01  0.7915E-01  0.0000E+00  0.0000E+00  0.0000E+00  0.0000E+00  0.0000E+00
     26.367  0.3632E-01  0.7171E-01  0.7171E-01  0.7171E-01  0.0000E+00  0.0000E+00  0.0000E+00  0.0000E+00  0.0000E+00
     26.519  0.2996E-01  0.6712E-01  0.6712E-01  0.6712E-01  0.0000E+00  0.0000E+00  0.0000E+00  0.0000E+00  0.0000E+00
     26.672  0.2525E-01  0.6496E-01  0.6496E-01  0.6496E-01  0.0000E+00  0.0000E+00  0.0000E+00  0.0000E+00  0.0000E+00
     26.825  0.2099E-01  0.6209E-01  0.6209E-01  0.6209E-01  0.0000E+00  0.0000E+00  0.0000E+00  0.0000E+00  0.0000E+00
     26.978  0.1744E-01  0.6073E-01  0.6073E-01  0.6073E-01  0.0000E+00  0.0000E+00  0.0000E+00  0.0000E+00  0.0000E+00
     27.131  0.1357E-01  0.5857E-01  0.5857E-01  0.5857E-01  0.0000E+00  0.0000E+00  0.0000E+00  0.0000E+00  0.0000E+00
     27.283  0.1088E-01  0.6798E-01  0.6798E-01  0.6798E-01  0.0000E+00  0.0000E+00  0.0000E+00  0.0000E+00  0.0000E+00
     27.436  0.6464E-02  0.3756E-01  0.3756E-01  0.3756E-01  0.0000E+00  0.0000E+00  0.0000E+00  0.0000E+00  0.0000E+00
     27.589  0.5026E-02  0.2710E-01  0.2710E-01  0.2710E-01  0.0000E+00  0.0000E+00  0.0000E+00  0.0000E+00  0.0000E+00
     27.742  0.3921E-02  0.2494E-01  0.2494E-01  0.2494E-01  0.0000E+00  0.0000E+00  0.0000E+00  0.0000E+00  0.0000E+00
     27.895  0.3033E-02  0.2251E-01  0.2251E-01  0.2251E-01  0.0000E+00  0.0000E+00  0.0000E+00  0.0000E+00  0.0000E+00
     28.047  0.2217E-02  0.1997E-01  0.1997E-01  0.1997E-01  0.0000E+00  0.0000E+00  0.0000E+00  0.0000E+00  0.0000E+00
     28.200  0.1485E-02  0.1757E-01  0.1757E-01  0.1757E-01  0.0000E+00  0.0000E+00  0.0000E+00  0.0000E+00  0.0000E+00
     28.353  0.8820E-03  0.1422E-01  0.1422E-01  0.1422E-01  0.0000E+00  0.0000E+00  0.0000E+00  0.0000E+00  0.0000E+00
     28.506  0.3969E-03  0.1077E-01  0.1077E-01  0.1077E-01  0.0000E+00  0.0000E+00  0.0000E+00  0.0000E+00  0.0000E+00
     28.659  0.1150E-03  0.6860E-02  0.6860E-02  0.6860E-02  0.0000E+00  0.0000E+00  0.0000E+00  0.0000E+00  0.0000E+00
     28.811  0.1500E-05  0.3068E-03  0.3068E-03  0.3068E-03  0.0000E+00  0.0000E+00  0.0000E+00  0.0000E+00  0.0000E+00
     28.964  0.0000E+00  0.0000E+00  0.0000E+00  0.0000E+00  0.0000E+00  0.0000E+00  0.0000E+00  0.0000E+00  0.0000E+00
     29.117  0.0000E+00  0.0000E+00  0.0000E+00  0.0000E+00  0.0000E+00  0.0000E+00  0.0000E+00  0.0000E+00  0.0000E+00
     29.270  0.0000E+00  0.0000E+00  0.0000E+00  0.0000E+00  0.0000E+00  0.0000E+00  0.0000E+00  0.0000E+00  0.0000E+00
     29.423  0.0000E+00  0.0000E+00  0.0000E+00  0.0000E+00  0.0000E+00  0.0000E+00  0.0000E+00  0.0000E+00  0.0000E+00
     29.575  0.0000E+00  0.0000E+00  0.0000E+00  0.0000E+00  0.0000E+00  0.0000E+00  0.0000E+00  0.0000E+00  0.0000E+00
     29.728  0.0000E+00  0.0000E+00  0.0000E+00  0.0000E+00  0.0000E+00  0.0000E+00  0.0000E+00  0.0000E+00  0.0000E+00
     29.881  0.0000E+00  0.0000E+00  0.0000E+00  0.0000E+00  0.0000E+00  0.0000E+00  0.0000E+00  0.0000E+00  0.0000E+00
     30.034  0.0000E+00  0.0000E+00  0.0000E+00  0.0000E+00  0.0000E+00  0.0000E+00  0.0000E+00  0.0000E+00  0.0000E+00
     30.186  0.0000E+00  0.0000E+00  0.0000E+00  0.0000E+00  0.0000E+00  0.0000E+00  0.0000E+00  0.0000E+00  0.0000E+00
     30.339  0.0000E+00  0.0000E+00  0.0000E+00  0.0000E+00  0.0000E+00  0.0000E+00  0.0000E+00  0.0000E+00  0.0000E+00
     30.492  0.0000E+00  0.0000E+00  0.0000E+00  0.0000E+00  0.0000E+00  0.0000E+00  0.0000E+00  0.0000E+00  0.0000E+00
     30.645  0.0000E+00  0.0000E+00  0.0000E+00  0.0000E+00  0.0000E+00  0.0000E+00  0.0000E+00  0.0000E+00  0.0000E+00
     30.798  0.0000E+00  0.0000E+00  0.0000E+00  0.0000E+00  0.0000E+00  0.0000E+00  0.0000E+00  0.0000E+00  0.0000E+00
