   2   2   1   0
  0.4926016E+01  0.2406284E-09  0.2406284E-09  0.2406284E-09  0.5000000E-15
  1.000000000000000E-004
  CAR 
 C                                       
     34.33614998    -15.12274225  301     11.86560672      1.00000000
    -15.123  0.0000E+00  0.0000E+00
    -14.958  0.0000E+00  0.0000E+00
    -14.793  0.0000E+00  0.0000E+00
    -14.628  0.0000E+00  0.0000E+00
    -14.463  0.0000E+00  0.0000E+00
    -14.298  0.0000E+00  0.0000E+00
    -14.134  0.0000E+00  0.0000E+00
    -13.969  0.0000E+00  0.0000E+00
    -13.804  0.0000E+00  0.0000E+00
    -13.639  0.0000E+00  0.0000E+00
    -13.474  0.0000E+00  0.0000E+00
    -13.309  0.0000E+00  0.0000E+00
    -13.144  0.0000E+00  0.0000E+00
    -12.980  0.0000E+00  0.0000E+00
    -12.815  0.2352E-01  0.7492E-03
    -12.650  0.5300E-01  0.6205E-02
    -12.485  0.6394E-01  0.1444E-01
    -12.320  0.6909E-01  0.2472E-01
    -12.155  0.7733E-01  0.3671E-01
    -11.990  0.8614E-01  0.5020E-01
    -11.825  0.9409E-01  0.6504E-01
    -11.661  0.1012E+00  0.8115E-01
    -11.496  0.1082E+00  0.9843E-01
    -11.331  0.1147E+00  0.1168E+00
    -11.166  0.1208E+00  0.1362E+00
    -11.001  0.1270E+00  0.1566E+00
    -10.836  0.1325E+00  0.1780E+00
    -10.671  0.1383E+00  0.2004E+00
    -10.507  0.1435E+00  0.2236E+00
    -10.342  0.1489E+00  0.2477E+00
    -10.177  0.1539E+00  0.2727E+00
    -10.012  0.1590E+00  0.2985E+00
     -9.847  0.1640E+00  0.3251E+00
     -9.682  0.1688E+00  0.3525E+00
     -9.517  0.1737E+00  0.3808E+00
     -9.353  0.1783E+00  0.4098E+00
     -9.188  0.1831E+00  0.4396E+00
     -9.023  0.1877E+00  0.4702E+00
     -8.858  0.1923E+00  0.5015E+00
     -8.693  0.1971E+00  0.5336E+00
     -8.528  0.2016E+00  0.5664E+00
     -8.363  0.2063E+00  0.6001E+00
     -8.198  0.2111E+00  0.6345E+00
     -8.034  0.2157E+00  0.6697E+00
     -7.869  0.2206E+00  0.7056E+00
     -7.704  0.2256E+00  0.7424E+00
     -7.539  0.2306E+00  0.7800E+00
     -7.374  0.2359E+00  0.8185E+00
     -7.209  0.2414E+00  0.8578E+00
     -7.044  0.2473E+00  0.8981E+00
     -6.880  0.2536E+00  0.9394E+00
     -6.715  0.2607E+00  0.9817E+00
     -6.550  0.2690E+00  0.1025E+01
     -6.385  0.2793E+00  0.1071E+01
     -6.220  0.2942E+00  0.1118E+01
     -6.055  0.3294E+00  0.1169E+01
     -5.890  0.3290E+00  0.1223E+01
     -5.726  0.3165E+00  0.1275E+01
     -5.561  0.3038E+00  0.1326E+01
     -5.396  0.2971E+00  0.1375E+01
     -5.231  0.2859E+00  0.1423E+01
     -5.066  0.2755E+00  0.1469E+01
     -4.901  0.2675E+00  0.1514E+01
     -4.736  0.2586E+00  0.1558E+01
     -4.572  0.2496E+00  0.1600E+01
     -4.407  0.2401E+00  0.1640E+01
     -4.242  0.2314E+00  0.1679E+01
     -4.077  0.2218E+00  0.1716E+01
     -3.912  0.2133E+00  0.1752E+01
     -3.747  0.2414E+00  0.1789E+01
     -3.582  0.2584E+00  0.1829E+01
     -3.417  0.2586E+00  0.1871E+01
     -3.253  0.2658E+00  0.1915E+01
     -3.088  0.2779E+00  0.1959E+01
     -2.923  0.2840E+00  0.2006E+01
     -2.758  0.2798E+00  0.2052E+01
     -2.593  0.2413E+00  0.2096E+01
     -2.428  0.2398E+00  0.2135E+01
     -2.263  0.2503E+00  0.2175E+01
     -2.099  0.2665E+00  0.2218E+01
     -1.934  0.2974E+00  0.2264E+01
     -1.769  0.3429E+00  0.2317E+01
     -1.604  0.4157E+00  0.2379E+01
     -1.439  0.5238E+00  0.2459E+01
     -1.274  0.5302E+00  0.2546E+01
     -1.109  0.4478E+00  0.2627E+01
     -0.945  0.3893E+00  0.2694E+01
     -0.780  0.3563E+00  0.2756E+01
     -0.615  0.3356E+00  0.2813E+01
     -0.450  0.3132E+00  0.2866E+01
     -0.285  0.2997E+00  0.2917E+01
     -0.120  0.2819E+00  0.2964E+01
      0.045  0.2721E+00  0.3010E+01
      0.210  0.2563E+00  0.3054E+01
      0.374  0.2483E+00  0.3095E+01
      0.539  0.2483E+00  0.3135E+01
      0.704  0.3034E+00  0.3181E+01
      0.869  0.3317E+00  0.3233E+01
      1.034  0.3495E+00  0.3288E+01
      1.199  0.3831E+00  0.3348E+01
      1.364  0.4334E+00  0.3415E+01
      1.528  0.4573E+00  0.3489E+01
      1.693  0.4406E+00  0.3563E+01
      1.858  0.4319E+00  0.3635E+01
      2.023  0.4300E+00  0.3706E+01
      2.188  0.4342E+00  0.3777E+01
      2.353  0.4403E+00  0.3849E+01
      2.518  0.4474E+00  0.3922E+01
      2.682  0.4541E+00  0.3997E+01
      2.847  0.4630E+00  0.4072E+01
      3.012  0.4764E+00  0.4149E+01
      3.177  0.4847E+00  0.4228E+01
      3.342  0.4928E+00  0.4308E+01
      3.507  0.5147E+00  0.4391E+01
      3.672  0.5236E+00  0.4476E+01
      3.836  0.5504E+00  0.4565E+01
      4.001  0.5713E+00  0.4657E+01
      4.166  0.6154E+00  0.4755E+01
      4.331  0.7042E+00  0.4864E+01
      4.496  0.6820E+00  0.4976E+01
      4.661  0.6716E+00  0.5088E+01
      4.826  0.6618E+00  0.5197E+01
      4.991  0.6567E+00  0.5306E+01
      5.155  0.6490E+00  0.5414E+01
      5.320  0.6397E+00  0.5520E+01
      5.485  0.6350E+00  0.5625E+01
      5.650  0.6261E+00  0.5729E+01
      5.815  0.6214E+00  0.5831E+01
      5.980  0.6132E+00  0.5933E+01
      6.145  0.6057E+00  0.6034E+01
      6.309  0.6008E+00  0.6133E+01
      6.474  0.5930E+00  0.6232E+01
      6.639  0.5862E+00  0.6329E+01
      6.804  0.5801E+00  0.6425E+01
      6.969  0.5745E+00  0.6520E+01
      7.134  0.5658E+00  0.6614E+01
      7.299  0.5596E+00  0.6707E+01
      7.463  0.5546E+00  0.6799E+01
      7.628  0.5487E+00  0.6890E+01
      7.793  0.5411E+00  0.6980E+01
      7.958  0.5359E+00  0.7068E+01
      8.123  0.5299E+00  0.7156E+01
      8.288  0.5262E+00  0.7243E+01
      8.453  0.5209E+00  0.7329E+01
      8.618  0.4264E+00  0.7404E+01
      8.782  0.3746E+00  0.7469E+01
      8.947  0.3348E+00  0.7527E+01
      9.112  0.3066E+00  0.7580E+01
      9.277  0.2806E+00  0.7628E+01
      9.442  0.2577E+00  0.7673E+01
      9.607  0.2371E+00  0.7714E+01
      9.772  0.2183E+00  0.7751E+01
      9.936  0.2006E+00  0.7786E+01
     10.101  0.1835E+00  0.7817E+01
     10.266  0.1679E+00  0.7846E+01
     10.431  0.1526E+00  0.7873E+01
     10.596  0.1382E+00  0.7897E+01
     10.761  0.1240E+00  0.7918E+01
     10.926  0.1099E+00  0.7937E+01
     11.090  0.9631E-01  0.7954E+01
     11.255  0.8207E-01  0.7969E+01
     11.420  0.6803E-01  0.7981E+01
     11.585  0.5123E-01  0.7991E+01
     11.750  0.3479E-01  0.7998E+01
     11.915  0.3791E-02  0.8000E+01
     12.080  0.0000E+00  0.8000E+01
     12.245  0.0000E+00  0.8000E+01
     12.409  0.0000E+00  0.8000E+01
     12.574  0.0000E+00  0.8000E+01
     12.739  0.0000E+00  0.8000E+01
     12.904  0.0000E+00  0.8000E+01
     13.069  0.0000E+00  0.8000E+01
     13.234  0.0000E+00  0.8000E+01
     13.399  0.0000E+00  0.8000E+01
     13.563  0.0000E+00  0.8000E+01
     13.728  0.0000E+00  0.8000E+01
     13.893  0.0000E+00  0.8000E+01
     14.058  0.0000E+00  0.8000E+01
     14.223  0.0000E+00  0.8000E+01
     14.388  0.0000E+00  0.8000E+01
     14.553  0.0000E+00  0.8000E+01
     14.717  0.0000E+00  0.8000E+01
     14.882  0.0000E+00  0.8000E+01
     15.047  0.0000E+00  0.8000E+01
     15.212  0.0000E+00  0.8000E+01
     15.377  0.0000E+00  0.8000E+01
     15.542  0.0000E+00  0.8000E+01
     15.707  0.0000E+00  0.8000E+01
     15.871  0.0000E+00  0.8000E+01
     16.036  0.0000E+00  0.8000E+01
     16.201  0.0000E+00  0.8000E+01
     16.366  0.0000E+00  0.8000E+01
     16.531  0.6446E-03  0.8000E+01
     16.696  0.7076E-01  0.8006E+01
     16.861  0.8967E-01  0.8018E+01
     17.026  0.1246E+00  0.8035E+01
     17.190  0.1563E+00  0.8058E+01
     17.355  0.1953E+00  0.8087E+01
     17.520  0.2267E+00  0.8122E+01
     17.685  0.2602E+00  0.8162E+01
     17.850  0.2886E+00  0.8207E+01
     18.015  0.3233E+00  0.8257E+01
     18.180  0.3752E+00  0.8315E+01
     18.344  0.3825E+00  0.8376E+01
     18.509  0.3983E+00  0.8441E+01
     18.674  0.4176E+00  0.8508E+01
     18.839  0.4354E+00  0.8578E+01
     19.004  0.4517E+00  0.8651E+01
     19.169  0.4690E+00  0.8727E+01
     19.334  0.4881E+00  0.8806E+01
     19.498  0.5079E+00  0.8888E+01
     19.663  0.5290E+00  0.8974E+01
     19.828  0.5500E+00  0.9063E+01
     19.993  0.5730E+00  0.9155E+01
     20.158  0.5991E+00  0.9252E+01
     20.323  0.6296E+00  0.9353E+01
     20.488  0.6648E+00  0.9460E+01
     20.653  0.7106E+00  0.9573E+01
     20.817  0.7794E+00  0.9695E+01
     20.982  0.9497E+00  0.9837E+01
     21.147  0.9315E+00  0.9990E+01
     21.312  0.8464E+00  0.1013E+02
     21.477  0.7084E+00  0.1025E+02
     21.642  0.6407E+00  0.1036E+02
     21.807  0.6159E+00  0.1046E+02
     21.971  0.7680E+00  0.1058E+02
     22.136  0.6851E+00  0.1069E+02
     22.301  0.6753E+00  0.1080E+02
     22.466  0.6797E+00  0.1092E+02
     22.631  0.6960E+00  0.1103E+02
     22.796  0.7258E+00  0.1114E+02
     22.961  0.7403E+00  0.1127E+02
     23.125  0.7706E+00  0.1139E+02
     23.290  0.7412E+00  0.1151E+02
     23.455  0.7046E+00  0.1163E+02
     23.620  0.6715E+00  0.1174E+02
     23.785  0.6414E+00  0.1185E+02
     23.950  0.6197E+00  0.1196E+02
     24.115  0.5954E+00  0.1206E+02
     24.280  0.5351E+00  0.1215E+02
     24.444  0.4522E+00  0.1223E+02
     24.609  0.4180E+00  0.1230E+02
     24.774  0.3979E+00  0.1237E+02
     24.939  0.3883E+00  0.1244E+02
     25.104  0.3990E+00  0.1250E+02
     25.269  0.4199E+00  0.1257E+02
     25.434  0.4288E+00  0.1264E+02
     25.598  0.4528E+00  0.1271E+02
     25.763  0.4741E+00  0.1279E+02
     25.928  0.4942E+00  0.1287E+02
     26.093  0.5104E+00  0.1295E+02
     26.258  0.5298E+00  0.1304E+02
     26.423  0.5771E+00  0.1313E+02
     26.588  0.5767E+00  0.1322E+02
     26.752  0.5914E+00  0.1332E+02
     26.917  0.6104E+00  0.1342E+02
     27.082  0.6094E+00  0.1352E+02
     27.247  0.6264E+00  0.1362E+02
     27.412  0.6204E+00  0.1372E+02
     27.577  0.6625E+00  0.1383E+02
     27.742  0.6471E+00  0.1393E+02
     27.906  0.6464E+00  0.1404E+02
     28.071  0.6454E+00  0.1414E+02
     28.236  0.6516E+00  0.1425E+02
     28.401  0.6934E+00  0.1436E+02
     28.566  0.7154E+00  0.1448E+02
     28.731  0.7083E+00  0.1459E+02
     28.896  0.7732E+00  0.1471E+02
     29.061  0.8280E+00  0.1484E+02
     29.225  0.1047E+01  0.1499E+02
     29.390  0.8498E+00  0.1514E+02
     29.555  0.7386E+00  0.1527E+02
     29.720  0.6973E+00  0.1538E+02
     29.885  0.8103E+00  0.1550E+02
     30.050  0.8813E+00  0.1563E+02
     30.215  0.3238E+00  0.1570E+02
     30.379  0.2590E+00  0.1574E+02
     30.544  0.2388E+00  0.1578E+02
     30.709  0.2189E+00  0.1582E+02
     30.874  0.1999E+00  0.1585E+02
     31.039  0.1797E+00  0.1588E+02
     31.204  0.1603E+00  0.1591E+02
     31.369  0.1398E+00  0.1594E+02
     31.533  0.1192E+00  0.1596E+02
     31.698  0.9693E-01  0.1598E+02
     31.863  0.7081E-01  0.1599E+02
     32.028  0.3832E-01  0.1600E+02
     32.193  0.1516E-02  0.1600E+02
     32.358  0.0000E+00  0.1600E+02
     32.523  0.0000E+00  0.1600E+02
     32.688  0.0000E+00  0.1600E+02
     32.852  0.0000E+00  0.1600E+02
     33.017  0.0000E+00  0.1600E+02
     33.182  0.0000E+00  0.1600E+02
     33.347  0.0000E+00  0.1600E+02
     33.512  0.0000E+00  0.1600E+02
     33.677  0.0000E+00  0.1600E+02
     33.842  0.0000E+00  0.1600E+02
     34.006  0.0000E+00  0.1600E+02
     34.171  0.0000E+00  0.1600E+02
     34.336  0.0000E+00  0.1600E+02
     34.33614998    -15.12274225  301     11.86560672      1.00000000
    -15.123  0.0000E+00  0.0000E+00  0.0000E+00  0.0000E+00  0.0000E+00  0.0000E+00  0.0000E+00  0.0000E+00  0.0000E+00
    -14.958  0.0000E+00  0.0000E+00  0.0000E+00  0.0000E+00  0.0000E+00  0.0000E+00  0.0000E+00  0.0000E+00  0.0000E+00
    -14.793  0.0000E+00  0.0000E+00  0.0000E+00  0.0000E+00  0.0000E+00  0.0000E+00  0.0000E+00  0.0000E+00  0.0000E+00
    -14.628  0.0000E+00  0.0000E+00  0.0000E+00  0.0000E+00  0.0000E+00  0.0000E+00  0.0000E+00  0.0000E+00  0.0000E+00
    -14.463  0.0000E+00  0.0000E+00  0.0000E+00  0.0000E+00  0.0000E+00  0.0000E+00  0.0000E+00  0.0000E+00  0.0000E+00
    -14.298  0.0000E+00  0.0000E+00  0.0000E+00  0.0000E+00  0.0000E+00  0.0000E+00  0.0000E+00  0.0000E+00  0.0000E+00
    -14.134  0.0000E+00  0.0000E+00  0.0000E+00  0.0000E+00  0.0000E+00  0.0000E+00  0.0000E+00  0.0000E+00  0.0000E+00
    -13.969  0.0000E+00  0.0000E+00  0.0000E+00  0.0000E+00  0.0000E+00  0.0000E+00  0.0000E+00  0.0000E+00  0.0000E+00
    -13.804  0.0000E+00  0.0000E+00  0.0000E+00  0.0000E+00  0.0000E+00  0.0000E+00  0.0000E+00  0.0000E+00  0.0000E+00
    -13.639  0.0000E+00  0.0000E+00  0.0000E+00  0.0000E+00  0.0000E+00  0.0000E+00  0.0000E+00  0.0000E+00  0.0000E+00
    -13.474  0.0000E+00  0.0000E+00  0.0000E+00  0.0000E+00  0.0000E+00  0.0000E+00  0.0000E+00  0.0000E+00  0.0000E+00
    -13.309  0.0000E+00  0.0000E+00  0.0000E+00  0.0000E+00  0.0000E+00  0.0000E+00  0.0000E+00  0.0000E+00  0.0000E+00
    -13.144  0.0000E+00  0.0000E+00  0.0000E+00  0.0000E+00  0.0000E+00  0.0000E+00  0.0000E+00  0.0000E+00  0.0000E+00
    -12.980  0.0000E+00  0.0000E+00  0.0000E+00  0.0000E+00  0.0000E+00  0.0000E+00  0.0000E+00  0.0000E+00  0.0000E+00
    -12.815  0.7150E-02  0.6235E-05  0.6235E-05  0.6235E-05  0.0000E+00  0.0000E+00  0.0000E+00  0.0000E+00  0.0000E+00
    -12.650  0.1603E-01  0.5098E-04  0.5098E-04  0.5098E-04  0.0000E+00  0.0000E+00  0.0000E+00  0.0000E+00  0.0000E+00
    -12.485  0.1922E-01  0.1147E-03  0.1147E-03  0.1147E-03  0.0000E+00  0.0000E+00  0.0000E+00  0.0000E+00  0.0000E+00
    -12.320  0.2064E-01  0.1799E-03  0.1799E-03  0.1799E-03  0.0000E+00  0.0000E+00  0.0000E+00  0.0000E+00  0.0000E+00
    -12.155  0.2297E-01  0.2601E-03  0.2601E-03  0.2601E-03  0.0000E+00  0.0000E+00  0.0000E+00  0.0000E+00  0.0000E+00
    -11.990  0.2545E-01  0.3531E-03  0.3531E-03  0.3531E-03  0.0000E+00  0.0000E+00  0.0000E+00  0.0000E+00  0.0000E+00
    -11.825  0.2764E-01  0.4552E-03  0.4552E-03  0.4552E-03  0.0000E+00  0.0000E+00  0.0000E+00  0.0000E+00  0.0000E+00
    -11.661  0.2955E-01  0.5673E-03  0.5673E-03  0.5673E-03  0.0000E+00  0.0000E+00  0.0000E+00  0.0000E+00  0.0000E+00
    -11.496  0.3143E-01  0.6850E-03  0.6850E-03  0.6850E-03  0.0000E+00  0.0000E+00  0.0000E+00  0.0000E+00  0.0000E+00
    -11.331  0.3314E-01  0.8100E-03  0.8100E-03  0.8100E-03  0.0000E+00  0.0000E+00  0.0000E+00  0.0000E+00  0.0000E+00
    -11.166  0.3471E-01  0.9430E-03  0.9430E-03  0.9430E-03  0.0000E+00  0.0000E+00  0.0000E+00  0.0000E+00  0.0000E+00
    -11.001  0.3630E-01  0.1079E-02  0.1079E-02  0.1079E-02  0.0000E+00  0.0000E+00  0.0000E+00  0.0000E+00  0.0000E+00
    -10.836  0.3767E-01  0.1225E-02  0.1225E-02  0.1225E-02  0.0000E+00  0.0000E+00  0.0000E+00  0.0000E+00  0.0000E+00
    -10.671  0.3911E-01  0.1373E-02  0.1373E-02  0.1373E-02  0.0000E+00  0.0000E+00  0.0000E+00  0.0000E+00  0.0000E+00
    -10.507  0.4035E-01  0.1530E-02  0.1530E-02  0.1530E-02  0.0000E+00  0.0000E+00  0.0000E+00  0.0000E+00  0.0000E+00
    -10.342  0.4167E-01  0.1688E-02  0.1688E-02  0.1688E-02  0.0000E+00  0.0000E+00  0.0000E+00  0.0000E+00  0.0000E+00
    -10.177  0.4284E-01  0.1855E-02  0.1855E-02  0.1855E-02  0.0000E+00  0.0000E+00  0.0000E+00  0.0000E+00  0.0000E+00
    -10.012  0.4403E-01  0.2024E-02  0.2024E-02  0.2024E-02  0.0000E+00  0.0000E+00  0.0000E+00  0.0000E+00  0.0000E+00
     -9.847  0.4518E-01  0.2199E-02  0.2199E-02  0.2199E-02  0.0000E+00  0.0000E+00  0.0000E+00  0.0000E+00  0.0000E+00
     -9.682  0.4626E-01  0.2379E-02  0.2379E-02  0.2379E-02  0.0000E+00  0.0000E+00  0.0000E+00  0.0000E+00  0.0000E+00
     -9.517  0.4741E-01  0.2559E-02  0.2559E-02  0.2559E-02  0.0000E+00  0.0000E+00  0.0000E+00  0.0000E+00  0.0000E+00
     -9.353  0.4841E-01  0.2750E-02  0.2750E-02  0.2750E-02  0.0000E+00  0.0000E+00  0.0000E+00  0.0000E+00  0.0000E+00
     -9.188  0.4948E-01  0.2940E-02  0.2940E-02  0.2940E-02  0.0000E+00  0.0000E+00  0.0000E+00  0.0000E+00  0.0000E+00
     -9.023  0.5052E-01  0.3136E-02  0.3136E-02  0.3136E-02  0.0000E+00  0.0000E+00  0.0000E+00  0.0000E+00  0.0000E+00
     -8.858  0.5152E-01  0.3336E-02  0.3336E-02  0.3336E-02  0.0000E+00  0.0000E+00  0.0000E+00  0.0000E+00  0.0000E+00
     -8.693  0.5258E-01  0.3536E-02  0.3536E-02  0.3536E-02  0.0000E+00  0.0000E+00  0.0000E+00  0.0000E+00  0.0000E+00
     -8.528  0.5357E-01  0.3745E-02  0.3745E-02  0.3745E-02  0.0000E+00  0.0000E+00  0.0000E+00  0.0000E+00  0.0000E+00
     -8.363  0.5460E-01  0.3956E-02  0.3956E-02  0.3956E-02  0.0000E+00  0.0000E+00  0.0000E+00  0.0000E+00  0.0000E+00
     -8.198  0.5568E-01  0.4165E-02  0.4165E-02  0.4165E-02  0.0000E+00  0.0000E+00  0.0000E+00  0.0000E+00  0.0000E+00
     -8.034  0.5671E-01  0.4387E-02  0.4387E-02  0.4387E-02  0.0000E+00  0.0000E+00  0.0000E+00  0.0000E+00  0.0000E+00
     -7.869  0.5780E-01  0.4607E-02  0.4607E-02  0.4607E-02  0.0000E+00  0.0000E+00  0.0000E+00  0.0000E+00  0.0000E+00
     -7.704  0.5896E-01  0.4827E-02  0.4827E-02  0.4827E-02  0.0000E+00  0.0000E+00  0.0000E+00  0.0000E+00  0.0000E+00
     -7.539  0.6011E-01  0.5058E-02  0.5058E-02  0.5058E-02  0.0000E+00  0.0000E+00  0.0000E+00  0.0000E+00  0.0000E+00
     -7.374  0.6137E-01  0.5288E-02  0.5288E-02  0.5288E-02  0.0000E+00  0.0000E+00  0.0000E+00  0.0000E+00  0.0000E+00
     -7.209  0.6275E-01  0.5518E-02  0.5518E-02  0.5518E-02  0.0000E+00  0.0000E+00  0.0000E+00  0.0000E+00  0.0000E+00
     -7.044  0.6420E-01  0.5761E-02  0.5761E-02  0.5761E-02  0.0000E+00  0.0000E+00  0.0000E+00  0.0000E+00  0.0000E+00
     -6.880  0.6586E-01  0.6005E-02  0.6005E-02  0.6005E-02  0.0000E+00  0.0000E+00  0.0000E+00  0.0000E+00  0.0000E+00
     -6.715  0.6779E-01  0.6251E-02  0.6251E-02  0.6251E-02  0.0000E+00  0.0000E+00  0.0000E+00  0.0000E+00  0.0000E+00
     -6.550  0.7010E-01  0.6519E-02  0.6519E-02  0.6519E-02  0.0000E+00  0.0000E+00  0.0000E+00  0.0000E+00  0.0000E+00
     -6.385  0.7310E-01  0.6804E-02  0.6804E-02  0.6804E-02  0.0000E+00  0.0000E+00  0.0000E+00  0.0000E+00  0.0000E+00
     -6.220  0.7764E-01  0.7136E-02  0.7136E-02  0.7136E-02  0.0000E+00  0.0000E+00  0.0000E+00  0.0000E+00  0.0000E+00
     -6.055  0.8862E-01  0.7728E-02  0.7728E-02  0.7728E-02  0.0000E+00  0.0000E+00  0.0000E+00  0.0000E+00  0.0000E+00
     -5.890  0.8854E-01  0.7859E-02  0.7859E-02  0.7859E-02  0.0000E+00  0.0000E+00  0.0000E+00  0.0000E+00  0.0000E+00
     -5.726  0.8467E-01  0.7807E-02  0.7807E-02  0.7807E-02  0.0000E+00  0.0000E+00  0.0000E+00  0.0000E+00  0.0000E+00
     -5.561  0.8080E-01  0.7736E-02  0.7736E-02  0.7736E-02  0.0000E+00  0.0000E+00  0.0000E+00  0.0000E+00  0.0000E+00
     -5.396  0.7879E-01  0.7757E-02  0.7757E-02  0.7757E-02  0.0000E+00  0.0000E+00  0.0000E+00  0.0000E+00  0.0000E+00
     -5.231  0.7544E-01  0.7676E-02  0.7676E-02  0.7676E-02  0.0000E+00  0.0000E+00  0.0000E+00  0.0000E+00  0.0000E+00
     -5.066  0.7232E-01  0.7592E-02  0.7592E-02  0.7592E-02  0.0000E+00  0.0000E+00  0.0000E+00  0.0000E+00  0.0000E+00
     -4.901  0.7000E-01  0.7558E-02  0.7558E-02  0.7558E-02  0.0000E+00  0.0000E+00  0.0000E+00  0.0000E+00  0.0000E+00
     -4.736  0.6740E-01  0.7475E-02  0.7475E-02  0.7475E-02  0.0000E+00  0.0000E+00  0.0000E+00  0.0000E+00  0.0000E+00
     -4.572  0.6478E-01  0.7383E-02  0.7383E-02  0.7383E-02  0.0000E+00  0.0000E+00  0.0000E+00  0.0000E+00  0.0000E+00
     -4.407  0.6209E-01  0.7280E-02  0.7280E-02  0.7280E-02  0.0000E+00  0.0000E+00  0.0000E+00  0.0000E+00  0.0000E+00
     -4.242  0.5959E-01  0.7165E-02  0.7165E-02  0.7165E-02  0.0000E+00  0.0000E+00  0.0000E+00  0.0000E+00  0.0000E+00
     -4.077  0.5688E-01  0.7024E-02  0.7024E-02  0.7024E-02  0.0000E+00  0.0000E+00  0.0000E+00  0.0000E+00  0.0000E+00
     -3.912  0.5452E-01  0.6898E-02  0.6898E-02  0.6898E-02  0.0000E+00  0.0000E+00  0.0000E+00  0.0000E+00  0.0000E+00
     -3.747  0.5488E-01  0.9367E-02  0.9367E-02  0.9367E-02  0.0000E+00  0.0000E+00  0.0000E+00  0.0000E+00  0.0000E+00
     -3.582  0.5490E-01  0.1095E-01  0.1095E-01  0.1095E-01  0.0000E+00  0.0000E+00  0.0000E+00  0.0000E+00  0.0000E+00
     -3.417  0.5325E-01  0.1144E-01  0.1144E-01  0.1144E-01  0.0000E+00  0.0000E+00  0.0000E+00  0.0000E+00  0.0000E+00
     -3.253  0.5250E-01  0.1233E-01  0.1233E-01  0.1233E-01  0.0000E+00  0.0000E+00  0.0000E+00  0.0000E+00  0.0000E+00
     -3.088  0.5256E-01  0.1350E-01  0.1350E-01  0.1350E-01  0.0000E+00  0.0000E+00  0.0000E+00  0.0000E+00  0.0000E+00
     -2.923  0.5228E-01  0.1421E-01  0.1421E-01  0.1421E-01  0.0000E+00  0.0000E+00  0.0000E+00  0.0000E+00  0.0000E+00
     -2.758  0.4913E-01  0.1461E-01  0.1461E-01  0.1461E-01  0.0000E+00  0.0000E+00  0.0000E+00  0.0000E+00  0.0000E+00
     -2.593  0.3783E-01  0.1364E-01  0.1364E-01  0.1364E-01  0.0000E+00  0.0000E+00  0.0000E+00  0.0000E+00  0.0000E+00
     -2.428  0.3506E-01  0.1418E-01  0.1418E-01  0.1418E-01  0.0000E+00  0.0000E+00  0.0000E+00  0.0000E+00  0.0000E+00
     -2.263  0.3524E-01  0.1517E-01  0.1517E-01  0.1517E-01  0.0000E+00  0.0000E+00  0.0000E+00  0.0000E+00  0.0000E+00
     -2.099  0.3705E-01  0.1636E-01  0.1636E-01  0.1636E-01  0.0000E+00  0.0000E+00  0.0000E+00  0.0000E+00  0.0000E+00
     -1.934  0.4188E-01  0.1827E-01  0.1827E-01  0.1827E-01  0.0000E+00  0.0000E+00  0.0000E+00  0.0000E+00  0.0000E+00
     -1.769  0.5034E-01  0.2081E-01  0.2081E-01  0.2081E-01  0.0000E+00  0.0000E+00  0.0000E+00  0.0000E+00  0.0000E+00
     -1.604  0.6395E-01  0.2483E-01  0.2483E-01  0.2483E-01  0.0000E+00  0.0000E+00  0.0000E+00  0.0000E+00  0.0000E+00
     -1.439  0.8461E-01  0.3076E-01  0.3076E-01  0.3076E-01  0.0000E+00  0.0000E+00  0.0000E+00  0.0000E+00  0.0000E+00
     -1.274  0.8793E-01  0.3094E-01  0.3094E-01  0.3094E-01  0.0000E+00  0.0000E+00  0.0000E+00  0.0000E+00  0.0000E+00
     -1.109  0.7361E-01  0.2646E-01  0.2646E-01  0.2646E-01  0.0000E+00  0.0000E+00  0.0000E+00  0.0000E+00  0.0000E+00
     -0.945  0.6302E-01  0.2337E-01  0.2337E-01  0.2337E-01  0.0000E+00  0.0000E+00  0.0000E+00  0.0000E+00  0.0000E+00
     -0.780  0.5706E-01  0.2168E-01  0.2168E-01  0.2168E-01  0.0000E+00  0.0000E+00  0.0000E+00  0.0000E+00  0.0000E+00
     -0.615  0.5327E-01  0.2066E-01  0.2066E-01  0.2066E-01  0.0000E+00  0.0000E+00  0.0000E+00  0.0000E+00  0.0000E+00
     -0.450  0.4909E-01  0.1955E-01  0.1955E-01  0.1955E-01  0.0000E+00  0.0000E+00  0.0000E+00  0.0000E+00  0.0000E+00
     -0.285  0.4654E-01  0.1893E-01  0.1893E-01  0.1893E-01  0.0000E+00  0.0000E+00  0.0000E+00  0.0000E+00  0.0000E+00
     -0.120  0.4316E-01  0.1805E-01  0.1805E-01  0.1805E-01  0.0000E+00  0.0000E+00  0.0000E+00  0.0000E+00  0.0000E+00
      0.045  0.4123E-01  0.1763E-01  0.1763E-01  0.1763E-01  0.0000E+00  0.0000E+00  0.0000E+00  0.0000E+00  0.0000E+00
      0.210  0.3823E-01  0.1685E-01  0.1685E-01  0.1685E-01  0.0000E+00  0.0000E+00  0.0000E+00  0.0000E+00  0.0000E+00
      0.374  0.3662E-01  0.1652E-01  0.1652E-01  0.1652E-01  0.0000E+00  0.0000E+00  0.0000E+00  0.0000E+00  0.0000E+00
      0.539  0.3432E-01  0.1707E-01  0.1707E-01  0.1707E-01  0.0000E+00  0.0000E+00  0.0000E+00  0.0000E+00  0.0000E+00
      0.704  0.3396E-01  0.2251E-01  0.2251E-01  0.2251E-01  0.0000E+00  0.0000E+00  0.0000E+00  0.0000E+00  0.0000E+00
      0.869  0.3323E-01  0.2551E-01  0.2551E-01  0.2551E-01  0.0000E+00  0.0000E+00  0.0000E+00  0.0000E+00  0.0000E+00
      1.034  0.3245E-01  0.2754E-01  0.2754E-01  0.2754E-01  0.0000E+00  0.0000E+00  0.0000E+00  0.0000E+00  0.0000E+00
      1.199  0.3281E-01  0.3091E-01  0.3091E-01  0.3091E-01  0.0000E+00  0.0000E+00  0.0000E+00  0.0000E+00  0.0000E+00
      1.364  0.3285E-01  0.3602E-01  0.3602E-01  0.3602E-01  0.0000E+00  0.0000E+00  0.0000E+00  0.0000E+00  0.0000E+00
      1.528  0.3363E-01  0.3846E-01  0.3846E-01  0.3846E-01  0.0000E+00  0.0000E+00  0.0000E+00  0.0000E+00  0.0000E+00
      1.693  0.3324E-01  0.3714E-01  0.3714E-01  0.3714E-01  0.0000E+00  0.0000E+00  0.0000E+00  0.0000E+00  0.0000E+00
      1.858  0.3260E-01  0.3664E-01  0.3664E-01  0.3664E-01  0.0000E+00  0.0000E+00  0.0000E+00  0.0000E+00  0.0000E+00
      2.023  0.3242E-01  0.3674E-01  0.3674E-01  0.3674E-01  0.0000E+00  0.0000E+00  0.0000E+00  0.0000E+00  0.0000E+00
      2.188  0.3191E-01  0.3750E-01  0.3750E-01  0.3750E-01  0.0000E+00  0.0000E+00  0.0000E+00  0.0000E+00  0.0000E+00
      2.353  0.3123E-01  0.3851E-01  0.3851E-01  0.3851E-01  0.0000E+00  0.0000E+00  0.0000E+00  0.0000E+00  0.0000E+00
      2.518  0.3091E-01  0.3956E-01  0.3956E-01  0.3956E-01  0.0000E+00  0.0000E+00  0.0000E+00  0.0000E+00  0.0000E+00
      2.682  0.3019E-01  0.4066E-01  0.4066E-01  0.4066E-01  0.0000E+00  0.0000E+00  0.0000E+00  0.0000E+00  0.0000E+00
      2.847  0.2946E-01  0.4201E-01  0.4201E-01  0.4201E-01  0.0000E+00  0.0000E+00  0.0000E+00  0.0000E+00  0.0000E+00
      3.012  0.2911E-01  0.4378E-01  0.4378E-01  0.4378E-01  0.0000E+00  0.0000E+00  0.0000E+00  0.0000E+00  0.0000E+00
      3.177  0.2826E-01  0.4513E-01  0.4513E-01  0.4513E-01  0.0000E+00  0.0000E+00  0.0000E+00  0.0000E+00  0.0000E+00
      3.342  0.2748E-01  0.4647E-01  0.4647E-01  0.4647E-01  0.0000E+00  0.0000E+00  0.0000E+00  0.0000E+00  0.0000E+00
      3.507  0.2708E-01  0.4926E-01  0.4926E-01  0.4926E-01  0.0000E+00  0.0000E+00  0.0000E+00  0.0000E+00  0.0000E+00
      3.672  0.2620E-01  0.5073E-01  0.5073E-01  0.5073E-01  0.0000E+00  0.0000E+00  0.0000E+00  0.0000E+00  0.0000E+00
      3.836  0.2539E-01  0.5427E-01  0.5427E-01  0.5427E-01  0.0000E+00  0.0000E+00  0.0000E+00  0.0000E+00  0.0000E+00
      4.001  0.2475E-01  0.5712E-01  0.5712E-01  0.5712E-01  0.0000E+00  0.0000E+00  0.0000E+00  0.0000E+00  0.0000E+00
      4.166  0.2397E-01  0.6274E-01  0.6274E-01  0.6274E-01  0.0000E+00  0.0000E+00  0.0000E+00  0.0000E+00  0.0000E+00
      4.331  0.2292E-01  0.7380E-01  0.7380E-01  0.7380E-01  0.0000E+00  0.0000E+00  0.0000E+00  0.0000E+00  0.0000E+00
      4.496  0.2221E-01  0.7165E-01  0.7165E-01  0.7165E-01  0.0000E+00  0.0000E+00  0.0000E+00  0.0000E+00  0.0000E+00
      4.661  0.2134E-01  0.7096E-01  0.7096E-01  0.7096E-01  0.0000E+00  0.0000E+00  0.0000E+00  0.0000E+00  0.0000E+00
      4.826  0.2029E-01  0.7038E-01  0.7038E-01  0.7038E-01  0.0000E+00  0.0000E+00  0.0000E+00  0.0000E+00  0.0000E+00
      4.991  0.1961E-01  0.7026E-01  0.7026E-01  0.7026E-01  0.0000E+00  0.0000E+00  0.0000E+00  0.0000E+00  0.0000E+00
      5.155  0.1882E-01  0.6987E-01  0.6987E-01  0.6987E-01  0.0000E+00  0.0000E+00  0.0000E+00  0.0000E+00  0.0000E+00
      5.320  0.1792E-01  0.6929E-01  0.6929E-01  0.6929E-01  0.0000E+00  0.0000E+00  0.0000E+00  0.0000E+00  0.0000E+00
      5.485  0.1714E-01  0.6925E-01  0.6925E-01  0.6925E-01  0.0000E+00  0.0000E+00  0.0000E+00  0.0000E+00  0.0000E+00
      5.650  0.1643E-01  0.6868E-01  0.6868E-01  0.6868E-01  0.0000E+00  0.0000E+00  0.0000E+00  0.0000E+00  0.0000E+00
      5.815  0.1568E-01  0.6863E-01  0.6863E-01  0.6863E-01  0.0000E+00  0.0000E+00  0.0000E+00  0.0000E+00  0.0000E+00
      5.980  0.1479E-01  0.6818E-01  0.6818E-01  0.6818E-01  0.0000E+00  0.0000E+00  0.0000E+00  0.0000E+00  0.0000E+00
      6.145  0.1408E-01  0.6778E-01  0.6778E-01  0.6778E-01  0.0000E+00  0.0000E+00  0.0000E+00  0.0000E+00  0.0000E+00
      6.309  0.1339E-01  0.6769E-01  0.6769E-01  0.6769E-01  0.0000E+00  0.0000E+00  0.0000E+00  0.0000E+00  0.0000E+00
      6.474  0.1264E-01  0.6726E-01  0.6726E-01  0.6726E-01  0.0000E+00  0.0000E+00  0.0000E+00  0.0000E+00  0.0000E+00
      6.639  0.1195E-01  0.6694E-01  0.6694E-01  0.6694E-01  0.0000E+00  0.0000E+00  0.0000E+00  0.0000E+00  0.0000E+00
      6.804  0.1136E-01  0.6666E-01  0.6666E-01  0.6666E-01  0.0000E+00  0.0000E+00  0.0000E+00  0.0000E+00  0.0000E+00
      6.969  0.1072E-01  0.6647E-01  0.6647E-01  0.6647E-01  0.0000E+00  0.0000E+00  0.0000E+00  0.0000E+00  0.0000E+00
      7.134  0.9942E-02  0.6594E-01  0.6594E-01  0.6594E-01  0.0000E+00  0.0000E+00  0.0000E+00  0.0000E+00  0.0000E+00
      7.299  0.9337E-02  0.6566E-01  0.6566E-01  0.6566E-01  0.0000E+00  0.0000E+00  0.0000E+00  0.0000E+00  0.0000E+00
      7.463  0.8782E-02  0.6551E-01  0.6551E-01  0.6551E-01  0.0000E+00  0.0000E+00  0.0000E+00  0.0000E+00  0.0000E+00
      7.628  0.8165E-02  0.6528E-01  0.6528E-01  0.6528E-01  0.0000E+00  0.0000E+00  0.0000E+00  0.0000E+00  0.0000E+00
      7.793  0.7513E-02  0.6484E-01  0.6484E-01  0.6484E-01  0.0000E+00  0.0000E+00  0.0000E+00  0.0000E+00  0.0000E+00
      7.958  0.6966E-02  0.6467E-01  0.6467E-01  0.6467E-01  0.0000E+00  0.0000E+00  0.0000E+00  0.0000E+00  0.0000E+00
      8.123  0.6394E-02  0.6441E-01  0.6441E-01  0.6441E-01  0.0000E+00  0.0000E+00  0.0000E+00  0.0000E+00  0.0000E+00
      8.288  0.5823E-02  0.6445E-01  0.6445E-01  0.6445E-01  0.0000E+00  0.0000E+00  0.0000E+00  0.0000E+00  0.0000E+00
      8.453  0.5272E-02  0.6426E-01  0.6426E-01  0.6426E-01  0.0000E+00  0.0000E+00  0.0000E+00  0.0000E+00  0.0000E+00
      8.618  0.4797E-02  0.5247E-01  0.5247E-01  0.5247E-01  0.0000E+00  0.0000E+00  0.0000E+00  0.0000E+00  0.0000E+00
      8.782  0.4350E-02  0.4613E-01  0.4613E-01  0.4613E-01  0.0000E+00  0.0000E+00  0.0000E+00  0.0000E+00  0.0000E+00
      8.947  0.3894E-02  0.4133E-01  0.4133E-01  0.4133E-01  0.0000E+00  0.0000E+00  0.0000E+00  0.0000E+00  0.0000E+00
      9.112  0.3536E-02  0.3794E-01  0.3794E-01  0.3794E-01  0.0000E+00  0.0000E+00  0.0000E+00  0.0000E+00  0.0000E+00
      9.277  0.3195E-02  0.3484E-01  0.3484E-01  0.3484E-01  0.0000E+00  0.0000E+00  0.0000E+00  0.0000E+00  0.0000E+00
      9.442  0.2864E-02  0.3210E-01  0.3210E-01  0.3210E-01  0.0000E+00  0.0000E+00  0.0000E+00  0.0000E+00  0.0000E+00
      9.607  0.2537E-02  0.2964E-01  0.2964E-01  0.2964E-01  0.0000E+00  0.0000E+00  0.0000E+00  0.0000E+00  0.0000E+00
      9.772  0.2254E-02  0.2739E-01  0.2739E-01  0.2739E-01  0.0000E+00  0.0000E+00  0.0000E+00  0.0000E+00  0.0000E+00
      9.936  0.1994E-02  0.2526E-01  0.2526E-01  0.2526E-01  0.0000E+00  0.0000E+00  0.0000E+00  0.0000E+00  0.0000E+00
     10.101  0.1712E-02  0.2321E-01  0.2321E-01  0.2321E-01  0.0000E+00  0.0000E+00  0.0000E+00  0.0000E+00  0.0000E+00
     10.266  0.1479E-02  0.2132E-01  0.2132E-01  0.2132E-01  0.0000E+00  0.0000E+00  0.0000E+00  0.0000E+00  0.0000E+00
     10.431  0.1262E-02  0.1945E-01  0.1945E-01  0.1945E-01  0.0000E+00  0.0000E+00  0.0000E+00  0.0000E+00  0.0000E+00
     10.596  0.1031E-02  0.1770E-01  0.1770E-01  0.1770E-01  0.0000E+00  0.0000E+00  0.0000E+00  0.0000E+00  0.0000E+00
     10.761  0.8451E-03  0.1594E-01  0.1594E-01  0.1594E-01  0.0000E+00  0.0000E+00  0.0000E+00  0.0000E+00  0.0000E+00
     10.926  0.6680E-03  0.1419E-01  0.1419E-01  0.1419E-01  0.0000E+00  0.0000E+00  0.0000E+00  0.0000E+00  0.0000E+00
     11.090  0.4880E-03  0.1250E-01  0.1250E-01  0.1250E-01  0.0000E+00  0.0000E+00  0.0000E+00  0.0000E+00  0.0000E+00
     11.255  0.3502E-03  0.1070E-01  0.1070E-01  0.1070E-01  0.0000E+00  0.0000E+00  0.0000E+00  0.0000E+00  0.0000E+00
     11.420  0.2242E-03  0.8908E-02  0.8908E-02  0.8908E-02  0.0000E+00  0.0000E+00  0.0000E+00  0.0000E+00  0.0000E+00
     11.585  0.1166E-03  0.6739E-02  0.6739E-02  0.6739E-02  0.0000E+00  0.0000E+00  0.0000E+00  0.0000E+00  0.0000E+00
     11.750  0.3557E-04  0.4600E-02  0.4600E-02  0.4600E-02  0.0000E+00  0.0000E+00  0.0000E+00  0.0000E+00  0.0000E+00
     11.915  0.3482E-05  0.5019E-03  0.5019E-03  0.5019E-03  0.0000E+00  0.0000E+00  0.0000E+00  0.0000E+00  0.0000E+00
     12.080  0.0000E+00  0.0000E+00  0.0000E+00  0.0000E+00  0.0000E+00  0.0000E+00  0.0000E+00  0.0000E+00  0.0000E+00
     12.245  0.0000E+00  0.0000E+00  0.0000E+00  0.0000E+00  0.0000E+00  0.0000E+00  0.0000E+00  0.0000E+00  0.0000E+00
     12.409  0.0000E+00  0.0000E+00  0.0000E+00  0.0000E+00  0.0000E+00  0.0000E+00  0.0000E+00  0.0000E+00  0.0000E+00
     12.574  0.0000E+00  0.0000E+00  0.0000E+00  0.0000E+00  0.0000E+00  0.0000E+00  0.0000E+00  0.0000E+00  0.0000E+00
     12.739  0.0000E+00  0.0000E+00  0.0000E+00  0.0000E+00  0.0000E+00  0.0000E+00  0.0000E+00  0.0000E+00  0.0000E+00
     12.904  0.0000E+00  0.0000E+00  0.0000E+00  0.0000E+00  0.0000E+00  0.0000E+00  0.0000E+00  0.0000E+00  0.0000E+00
     13.069  0.0000E+00  0.0000E+00  0.0000E+00  0.0000E+00  0.0000E+00  0.0000E+00  0.0000E+00  0.0000E+00  0.0000E+00
     13.234  0.0000E+00  0.0000E+00  0.0000E+00  0.0000E+00  0.0000E+00  0.0000E+00  0.0000E+00  0.0000E+00  0.0000E+00
     13.399  0.0000E+00  0.0000E+00  0.0000E+00  0.0000E+00  0.0000E+00  0.0000E+00  0.0000E+00  0.0000E+00  0.0000E+00
     13.563  0.0000E+00  0.0000E+00  0.0000E+00  0.0000E+00  0.0000E+00  0.0000E+00  0.0000E+00  0.0000E+00  0.0000E+00
     13.728  0.0000E+00  0.0000E+00  0.0000E+00  0.0000E+00  0.0000E+00  0.0000E+00  0.0000E+00  0.0000E+00  0.0000E+00
     13.893  0.0000E+00  0.0000E+00  0.0000E+00  0.0000E+00  0.0000E+00  0.0000E+00  0.0000E+00  0.0000E+00  0.0000E+00
     14.058  0.0000E+00  0.0000E+00  0.0000E+00  0.0000E+00  0.0000E+00  0.0000E+00  0.0000E+00  0.0000E+00  0.0000E+00
     14.223  0.0000E+00  0.0000E+00  0.0000E+00  0.0000E+00  0.0000E+00  0.0000E+00  0.0000E+00  0.0000E+00  0.0000E+00
     14.388  0.0000E+00  0.0000E+00  0.0000E+00  0.0000E+00  0.0000E+00  0.0000E+00  0.0000E+00  0.0000E+00  0.0000E+00
     14.553  0.0000E+00  0.0000E+00  0.0000E+00  0.0000E+00  0.0000E+00  0.0000E+00  0.0000E+00  0.0000E+00  0.0000E+00
     14.717  0.0000E+00  0.0000E+00  0.0000E+00  0.0000E+00  0.0000E+00  0.0000E+00  0.0000E+00  0.0000E+00  0.0000E+00
     14.882  0.0000E+00  0.0000E+00  0.0000E+00  0.0000E+00  0.0000E+00  0.0000E+00  0.0000E+00  0.0000E+00  0.0000E+00
     15.047  0.0000E+00  0.0000E+00  0.0000E+00  0.0000E+00  0.0000E+00  0.0000E+00  0.0000E+00  0.0000E+00  0.0000E+00
     15.212  0.0000E+00  0.0000E+00  0.0000E+00  0.0000E+00  0.0000E+00  0.0000E+00  0.0000E+00  0.0000E+00  0.0000E+00
     15.377  0.0000E+00  0.0000E+00  0.0000E+00  0.0000E+00  0.0000E+00  0.0000E+00  0.0000E+00  0.0000E+00  0.0000E+00
     15.542  0.0000E+00  0.0000E+00  0.0000E+00  0.0000E+00  0.0000E+00  0.0000E+00  0.0000E+00  0.0000E+00  0.0000E+00
     15.707  0.0000E+00  0.0000E+00  0.0000E+00  0.0000E+00  0.0000E+00  0.0000E+00  0.0000E+00  0.0000E+00  0.0000E+00
     15.871  0.0000E+00  0.0000E+00  0.0000E+00  0.0000E+00  0.0000E+00  0.0000E+00  0.0000E+00  0.0000E+00  0.0000E+00
     16.036  0.0000E+00  0.0000E+00  0.0000E+00  0.0000E+00  0.0000E+00  0.0000E+00  0.0000E+00  0.0000E+00  0.0000E+00
     16.201  0.0000E+00  0.0000E+00  0.0000E+00  0.0000E+00  0.0000E+00  0.0000E+00  0.0000E+00  0.0000E+00  0.0000E+00
     16.366  0.0000E+00  0.0000E+00  0.0000E+00  0.0000E+00  0.0000E+00  0.0000E+00  0.0000E+00  0.0000E+00  0.0000E+00
     16.531  0.7577E-04  0.1928E-04  0.1928E-04  0.1928E-04  0.0000E+00  0.0000E+00  0.0000E+00  0.0000E+00  0.0000E+00
     16.696  0.8065E-02  0.2252E-02  0.2252E-02  0.2252E-02  0.0000E+00  0.0000E+00  0.0000E+00  0.0000E+00  0.0000E+00
     16.861  0.9866E-02  0.3020E-02  0.3020E-02  0.3020E-02  0.0000E+00  0.0000E+00  0.0000E+00  0.0000E+00  0.0000E+00
     17.026  0.1317E-01  0.4473E-02  0.4473E-02  0.4473E-02  0.0000E+00  0.0000E+00  0.0000E+00  0.0000E+00  0.0000E+00
     17.190  0.1623E-01  0.5593E-02  0.5593E-02  0.5593E-02  0.0000E+00  0.0000E+00  0.0000E+00  0.0000E+00  0.0000E+00
     17.355  0.1971E-01  0.7127E-02  0.7127E-02  0.7127E-02  0.0000E+00  0.0000E+00  0.0000E+00  0.0000E+00  0.0000E+00
     17.520  0.2199E-01  0.8687E-02  0.8687E-02  0.8687E-02  0.0000E+00  0.0000E+00  0.0000E+00  0.0000E+00  0.0000E+00
     17.685  0.2416E-01  0.1048E-01  0.1048E-01  0.1048E-01  0.0000E+00  0.0000E+00  0.0000E+00  0.0000E+00  0.0000E+00
     17.850  0.2532E-01  0.1244E-01  0.1244E-01  0.1244E-01  0.0000E+00  0.0000E+00  0.0000E+00  0.0000E+00  0.0000E+00
     18.015  0.2651E-01  0.1497E-01  0.1497E-01  0.1497E-01  0.0000E+00  0.0000E+00  0.0000E+00  0.0000E+00  0.0000E+00
     18.180  0.2741E-01  0.1939E-01  0.1939E-01  0.1939E-01  0.0000E+00  0.0000E+00  0.0000E+00  0.0000E+00  0.0000E+00
     18.344  0.2782E-01  0.1965E-01  0.1965E-01  0.1965E-01  0.0000E+00  0.0000E+00  0.0000E+00  0.0000E+00  0.0000E+00
     18.509  0.2835E-01  0.2068E-01  0.2068E-01  0.2068E-01  0.0000E+00  0.0000E+00  0.0000E+00  0.0000E+00  0.0000E+00
     18.674  0.2887E-01  0.2205E-01  0.2205E-01  0.2205E-01  0.0000E+00  0.0000E+00  0.0000E+00  0.0000E+00  0.0000E+00
     18.839  0.2927E-01  0.2333E-01  0.2333E-01  0.2333E-01  0.0000E+00  0.0000E+00  0.0000E+00  0.0000E+00  0.0000E+00
     19.004  0.2938E-01  0.2467E-01  0.2467E-01  0.2467E-01  0.0000E+00  0.0000E+00  0.0000E+00  0.0000E+00  0.0000E+00
     19.169  0.2952E-01  0.2606E-01  0.2606E-01  0.2606E-01  0.0000E+00  0.0000E+00  0.0000E+00  0.0000E+00  0.0000E+00
     19.334  0.2970E-01  0.2759E-01  0.2759E-01  0.2759E-01  0.0000E+00  0.0000E+00  0.0000E+00  0.0000E+00  0.0000E+00
     19.498  0.2981E-01  0.2921E-01  0.2921E-01  0.2921E-01  0.0000E+00  0.0000E+00  0.0000E+00  0.0000E+00  0.0000E+00
     19.663  0.2988E-01  0.3098E-01  0.3098E-01  0.3098E-01  0.0000E+00  0.0000E+00  0.0000E+00  0.0000E+00  0.0000E+00
     19.828  0.2974E-01  0.3283E-01  0.3283E-01  0.3283E-01  0.0000E+00  0.0000E+00  0.0000E+00  0.0000E+00  0.0000E+00
     19.993  0.2960E-01  0.3485E-01  0.3485E-01  0.3485E-01  0.0000E+00  0.0000E+00  0.0000E+00  0.0000E+00  0.0000E+00
     20.158  0.2947E-01  0.3712E-01  0.3712E-01  0.3712E-01  0.0000E+00  0.0000E+00  0.0000E+00  0.0000E+00  0.0000E+00
     20.323  0.2929E-01  0.3976E-01  0.3976E-01  0.3976E-01  0.0000E+00  0.0000E+00  0.0000E+00  0.0000E+00  0.0000E+00
     20.488  0.2909E-01  0.4277E-01  0.4277E-01  0.4277E-01  0.0000E+00  0.0000E+00  0.0000E+00  0.0000E+00  0.0000E+00
     20.653  0.2880E-01  0.4666E-01  0.4666E-01  0.4666E-01  0.0000E+00  0.0000E+00  0.0000E+00  0.0000E+00  0.0000E+00
     20.817  0.2864E-01  0.5222E-01  0.5222E-01  0.5222E-01  0.0000E+00  0.0000E+00  0.0000E+00  0.0000E+00  0.0000E+00
     20.982  0.2967E-01  0.6484E-01  0.6484E-01  0.6484E-01  0.0000E+00  0.0000E+00  0.0000E+00  0.0000E+00  0.0000E+00
     21.147  0.2734E-01  0.6540E-01  0.6540E-01  0.6540E-01  0.0000E+00  0.0000E+00  0.0000E+00  0.0000E+00  0.0000E+00
     21.312  0.2494E-01  0.6071E-01  0.6071E-01  0.6071E-01  0.0000E+00  0.0000E+00  0.0000E+00  0.0000E+00  0.0000E+00
     21.477  0.2379E-01  0.5066E-01  0.5066E-01  0.5066E-01  0.0000E+00  0.0000E+00  0.0000E+00  0.0000E+00  0.0000E+00
     21.642  0.2243E-01  0.4644E-01  0.4644E-01  0.4644E-01  0.0000E+00  0.0000E+00  0.0000E+00  0.0000E+00  0.0000E+00
     21.807  0.2166E-01  0.4559E-01  0.4559E-01  0.4559E-01  0.0000E+00  0.0000E+00  0.0000E+00  0.0000E+00  0.0000E+00
     21.971  0.3114E-01  0.5757E-01  0.5757E-01  0.5757E-01  0.0000E+00  0.0000E+00  0.0000E+00  0.0000E+00  0.0000E+00
     22.136  0.2935E-01  0.5053E-01  0.5053E-01  0.5053E-01  0.0000E+00  0.0000E+00  0.0000E+00  0.0000E+00  0.0000E+00
     22.301  0.3122E-01  0.4903E-01  0.4903E-01  0.4903E-01  0.0000E+00  0.0000E+00  0.0000E+00  0.0000E+00  0.0000E+00
     22.466  0.3372E-01  0.4864E-01  0.4864E-01  0.4864E-01  0.0000E+00  0.0000E+00  0.0000E+00  0.0000E+00  0.0000E+00
     22.631  0.3668E-01  0.4891E-01  0.4891E-01  0.4891E-01  0.0000E+00  0.0000E+00  0.0000E+00  0.0000E+00  0.0000E+00
     22.796  0.3965E-01  0.4994E-01  0.4994E-01  0.4994E-01  0.0000E+00  0.0000E+00  0.0000E+00  0.0000E+00  0.0000E+00
     22.961  0.4446E-01  0.4991E-01  0.4991E-01  0.4991E-01  0.0000E+00  0.0000E+00  0.0000E+00  0.0000E+00  0.0000E+00
     23.125  0.5886E-01  0.4870E-01  0.4870E-01  0.4870E-01  0.0000E+00  0.0000E+00  0.0000E+00  0.0000E+00  0.0000E+00
     23.290  0.5168E-01  0.4847E-01  0.4847E-01  0.4847E-01  0.0000E+00  0.0000E+00  0.0000E+00  0.0000E+00  0.0000E+00
     23.455  0.4805E-01  0.4676E-01  0.4676E-01  0.4676E-01  0.0000E+00  0.0000E+00  0.0000E+00  0.0000E+00  0.0000E+00
     23.620  0.4419E-01  0.4531E-01  0.4531E-01  0.4531E-01  0.0000E+00  0.0000E+00  0.0000E+00  0.0000E+00  0.0000E+00
     23.785  0.4144E-01  0.4385E-01  0.4385E-01  0.4385E-01  0.0000E+00  0.0000E+00  0.0000E+00  0.0000E+00  0.0000E+00
     23.950  0.3829E-01  0.4309E-01  0.4309E-01  0.4309E-01  0.0000E+00  0.0000E+00  0.0000E+00  0.0000E+00  0.0000E+00
     24.115  0.3614E-01  0.4184E-01  0.4184E-01  0.4184E-01  0.0000E+00  0.0000E+00  0.0000E+00  0.0000E+00  0.0000E+00
     24.280  0.3283E-01  0.3819E-01  0.3819E-01  0.3819E-01  0.0000E+00  0.0000E+00  0.0000E+00  0.0000E+00  0.0000E+00
     24.444  0.2874E-01  0.3293E-01  0.3293E-01  0.3293E-01  0.0000E+00  0.0000E+00  0.0000E+00  0.0000E+00  0.0000E+00
     24.609  0.2719E-01  0.3082E-01  0.3082E-01  0.3082E-01  0.0000E+00  0.0000E+00  0.0000E+00  0.0000E+00  0.0000E+00
     24.774  0.2638E-01  0.2955E-01  0.2955E-01  0.2955E-01  0.0000E+00  0.0000E+00  0.0000E+00  0.0000E+00  0.0000E+00
     24.939  0.2601E-01  0.2899E-01  0.2899E-01  0.2899E-01  0.0000E+00  0.0000E+00  0.0000E+00  0.0000E+00  0.0000E+00
     25.104  0.2767E-01  0.2972E-01  0.2972E-01  0.2972E-01  0.0000E+00  0.0000E+00  0.0000E+00  0.0000E+00  0.0000E+00
     25.269  0.3100E-01  0.3079E-01  0.3079E-01  0.3079E-01  0.0000E+00  0.0000E+00  0.0000E+00  0.0000E+00  0.0000E+00
     25.434  0.3379E-01  0.3115E-01  0.3115E-01  0.3115E-01  0.0000E+00  0.0000E+00  0.0000E+00  0.0000E+00  0.0000E+00
     25.598  0.3757E-01  0.3253E-01  0.3253E-01  0.3253E-01  0.0000E+00  0.0000E+00  0.0000E+00  0.0000E+00  0.0000E+00
     25.763  0.4124E-01  0.3353E-01  0.3353E-01  0.3353E-01  0.0000E+00  0.0000E+00  0.0000E+00  0.0000E+00  0.0000E+00
     25.928  0.4536E-01  0.3452E-01  0.3452E-01  0.3452E-01  0.0000E+00  0.0000E+00  0.0000E+00  0.0000E+00  0.0000E+00
     26.093  0.4827E-01  0.3547E-01  0.3547E-01  0.3547E-01  0.0000E+00  0.0000E+00  0.0000E+00  0.0000E+00  0.0000E+00
     26.258  0.5010E-01  0.3700E-01  0.3700E-01  0.3700E-01  0.0000E+00  0.0000E+00  0.0000E+00  0.0000E+00  0.0000E+00
     26.423  0.5582E-01  0.4038E-01  0.4038E-01  0.4038E-01  0.0000E+00  0.0000E+00  0.0000E+00  0.0000E+00  0.0000E+00
     26.588  0.5486E-01  0.4092E-01  0.4092E-01  0.4092E-01  0.0000E+00  0.0000E+00  0.0000E+00  0.0000E+00  0.0000E+00
     26.752  0.5672E-01  0.4216E-01  0.4216E-01  0.4216E-01  0.0000E+00  0.0000E+00  0.0000E+00  0.0000E+00  0.0000E+00
     26.917  0.5704E-01  0.4428E-01  0.4428E-01  0.4428E-01  0.0000E+00  0.0000E+00  0.0000E+00  0.0000E+00  0.0000E+00
     27.082  0.5576E-01  0.4494E-01  0.4494E-01  0.4494E-01  0.0000E+00  0.0000E+00  0.0000E+00  0.0000E+00  0.0000E+00
     27.247  0.5586E-01  0.4702E-01  0.4702E-01  0.4702E-01  0.0000E+00  0.0000E+00  0.0000E+00  0.0000E+00  0.0000E+00
     27.412  0.5331E-01  0.4736E-01  0.4736E-01  0.4736E-01  0.0000E+00  0.0000E+00  0.0000E+00  0.0000E+00  0.0000E+00
     27.577  0.5395E-01  0.5173E-01  0.5173E-01  0.5173E-01  0.0000E+00  0.0000E+00  0.0000E+00  0.0000E+00  0.0000E+00
     27.742  0.5361E-01  0.5046E-01  0.5046E-01  0.5046E-01  0.0000E+00  0.0000E+00  0.0000E+00  0.0000E+00  0.0000E+00
     27.906  0.5371E-01  0.5059E-01  0.5059E-01  0.5059E-01  0.0000E+00  0.0000E+00  0.0000E+00  0.0000E+00  0.0000E+00
     28.071  0.5329E-01  0.5086E-01  0.5086E-01  0.5086E-01  0.0000E+00  0.0000E+00  0.0000E+00  0.0000E+00  0.0000E+00
     28.236  0.5391E-01  0.5160E-01  0.5160E-01  0.5160E-01  0.0000E+00  0.0000E+00  0.0000E+00  0.0000E+00  0.0000E+00
     28.401  0.5992E-01  0.5396E-01  0.5396E-01  0.5396E-01  0.0000E+00  0.0000E+00  0.0000E+00  0.0000E+00  0.0000E+00
     28.566  0.6029E-01  0.5664E-01  0.5664E-01  0.5664E-01  0.0000E+00  0.0000E+00  0.0000E+00  0.0000E+00  0.0000E+00
     28.731  0.5831E-01  0.5695E-01  0.5695E-01  0.5695E-01  0.0000E+00  0.0000E+00  0.0000E+00  0.0000E+00  0.0000E+00
     28.896  0.6318E-01  0.6334E-01  0.6334E-01  0.6334E-01  0.0000E+00  0.0000E+00  0.0000E+00  0.0000E+00  0.0000E+00
     29.061  0.7012E-01  0.6832E-01  0.6832E-01  0.6832E-01  0.0000E+00  0.0000E+00  0.0000E+00  0.0000E+00  0.0000E+00
     29.225  0.1227E+00  0.7885E-01  0.7885E-01  0.7885E-01  0.0000E+00  0.0000E+00  0.0000E+00  0.0000E+00  0.0000E+00
     29.390  0.7603E-01  0.7106E-01  0.7106E-01  0.7106E-01  0.0000E+00  0.0000E+00  0.0000E+00  0.0000E+00  0.0000E+00
     29.555  0.4214E-01  0.6887E-01  0.6887E-01  0.6887E-01  0.0000E+00  0.0000E+00  0.0000E+00  0.0000E+00  0.0000E+00
     29.720  0.3121E-01  0.6716E-01  0.6716E-01  0.6716E-01  0.0000E+00  0.0000E+00  0.0000E+00  0.0000E+00  0.0000E+00
     29.885  0.2624E-01  0.7652E-01  0.7652E-01  0.7652E-01  0.0000E+00  0.0000E+00  0.0000E+00  0.0000E+00  0.0000E+00
     30.050  0.1783E-01  0.8363E-01  0.8363E-01  0.8363E-01  0.0000E+00  0.0000E+00  0.0000E+00  0.0000E+00  0.0000E+00
     30.215  0.1159E-01  0.3626E-01  0.3626E-01  0.3626E-01  0.0000E+00  0.0000E+00  0.0000E+00  0.0000E+00  0.0000E+00
     30.379  0.9427E-02  0.3028E-01  0.3028E-01  0.3028E-01  0.0000E+00  0.0000E+00  0.0000E+00  0.0000E+00  0.0000E+00
     30.544  0.8039E-02  0.2835E-01  0.2835E-01  0.2835E-01  0.0000E+00  0.0000E+00  0.0000E+00  0.0000E+00  0.0000E+00
     30.709  0.6685E-02  0.2645E-01  0.2645E-01  0.2645E-01  0.0000E+00  0.0000E+00  0.0000E+00  0.0000E+00  0.0000E+00
     30.874  0.5432E-02  0.2459E-01  0.2459E-01  0.2459E-01  0.0000E+00  0.0000E+00  0.0000E+00  0.0000E+00  0.0000E+00
     31.039  0.4332E-02  0.2246E-01  0.2246E-01  0.2246E-01  0.0000E+00  0.0000E+00  0.0000E+00  0.0000E+00  0.0000E+00
     31.204  0.3297E-02  0.2039E-01  0.2039E-01  0.2039E-01  0.0000E+00  0.0000E+00  0.0000E+00  0.0000E+00  0.0000E+00
     31.369  0.2370E-02  0.1811E-01  0.1811E-01  0.1811E-01  0.0000E+00  0.0000E+00  0.0000E+00  0.0000E+00  0.0000E+00
     31.533  0.1604E-02  0.1571E-01  0.1571E-01  0.1571E-01  0.0000E+00  0.0000E+00  0.0000E+00  0.0000E+00  0.0000E+00
     31.698  0.9266E-03  0.1301E-01  0.1301E-01  0.1301E-01  0.0000E+00  0.0000E+00  0.0000E+00  0.0000E+00  0.0000E+00
     31.863  0.3976E-03  0.9672E-02  0.9672E-02  0.9672E-02  0.0000E+00  0.0000E+00  0.0000E+00  0.0000E+00  0.0000E+00
     32.028  0.7945E-04  0.5324E-02  0.5324E-02  0.5324E-02  0.0000E+00  0.0000E+00  0.0000E+00  0.0000E+00  0.0000E+00
     32.193  0.1404E-05  0.2117E-03  0.2117E-03  0.2117E-03  0.0000E+00  0.0000E+00  0.0000E+00  0.0000E+00  0.0000E+00
     32.358  0.0000E+00  0.0000E+00  0.0000E+00  0.0000E+00  0.0000E+00  0.0000E+00  0.0000E+00  0.0000E+00  0.0000E+00
     32.523  0.0000E+00  0.0000E+00  0.0000E+00  0.0000E+00  0.0000E+00  0.0000E+00  0.0000E+00  0.0000E+00  0.0000E+00
     32.688  0.0000E+00  0.0000E+00  0.0000E+00  0.0000E+00  0.0000E+00  0.0000E+00  0.0000E+00  0.0000E+00  0.0000E+00
     32.852  0.0000E+00  0.0000E+00  0.0000E+00  0.0000E+00  0.0000E+00  0.0000E+00  0.0000E+00  0.0000E+00  0.0000E+00
     33.017  0.0000E+00  0.0000E+00  0.0000E+00  0.0000E+00  0.0000E+00  0.0000E+00  0.0000E+00  0.0000E+00  0.0000E+00
     33.182  0.0000E+00  0.0000E+00  0.0000E+00  0.0000E+00  0.0000E+00  0.0000E+00  0.0000E+00  0.0000E+00  0.0000E+00
     33.347  0.0000E+00  0.0000E+00  0.0000E+00  0.0000E+00  0.0000E+00  0.0000E+00  0.0000E+00  0.0000E+00  0.0000E+00
     33.512  0.0000E+00  0.0000E+00  0.0000E+00  0.0000E+00  0.0000E+00  0.0000E+00  0.0000E+00  0.0000E+00  0.0000E+00
     33.677  0.0000E+00  0.0000E+00  0.0000E+00  0.0000E+00  0.0000E+00  0.0000E+00  0.0000E+00  0.0000E+00  0.0000E+00
     33.842  0.0000E+00  0.0000E+00  0.0000E+00  0.0000E+00  0.0000E+00  0.0000E+00  0.0000E+00  0.0000E+00  0.0000E+00
     34.006  0.0000E+00  0.0000E+00  0.0000E+00  0.0000E+00  0.0000E+00  0.0000E+00  0.0000E+00  0.0000E+00  0.0000E+00
     34.171  0.0000E+00  0.0000E+00  0.0000E+00  0.0000E+00  0.0000E+00  0.0000E+00  0.0000E+00  0.0000E+00  0.0000E+00
     34.336  0.0000E+00  0.0000E+00  0.0000E+00  0.0000E+00  0.0000E+00  0.0000E+00  0.0000E+00  0.0000E+00  0.0000E+00
     34.33614998    -15.12274225  301     11.86560672      1.00000000
    -15.123  0.0000E+00  0.0000E+00  0.0000E+00  0.0000E+00  0.0000E+00  0.0000E+00  0.0000E+00  0.0000E+00  0.0000E+00
    -14.958  0.0000E+00  0.0000E+00  0.0000E+00  0.0000E+00  0.0000E+00  0.0000E+00  0.0000E+00  0.0000E+00  0.0000E+00
    -14.793  0.0000E+00  0.0000E+00  0.0000E+00  0.0000E+00  0.0000E+00  0.0000E+00  0.0000E+00  0.0000E+00  0.0000E+00
    -14.628  0.0000E+00  0.0000E+00  0.0000E+00  0.0000E+00  0.0000E+00  0.0000E+00  0.0000E+00  0.0000E+00  0.0000E+00
    -14.463  0.0000E+00  0.0000E+00  0.0000E+00  0.0000E+00  0.0000E+00  0.0000E+00  0.0000E+00  0.0000E+00  0.0000E+00
    -14.298  0.0000E+00  0.0000E+00  0.0000E+00  0.0000E+00  0.0000E+00  0.0000E+00  0.0000E+00  0.0000E+00  0.0000E+00
    -14.134  0.0000E+00  0.0000E+00  0.0000E+00  0.0000E+00  0.0000E+00  0.0000E+00  0.0000E+00  0.0000E+00  0.0000E+00
    -13.969  0.0000E+00  0.0000E+00  0.0000E+00  0.0000E+00  0.0000E+00  0.0000E+00  0.0000E+00  0.0000E+00  0.0000E+00
    -13.804  0.0000E+00  0.0000E+00  0.0000E+00  0.0000E+00  0.0000E+00  0.0000E+00  0.0000E+00  0.0000E+00  0.0000E+00
    -13.639  0.0000E+00  0.0000E+00  0.0000E+00  0.0000E+00  0.0000E+00  0.0000E+00  0.0000E+00  0.0000E+00  0.0000E+00
    -13.474  0.0000E+00  0.0000E+00  0.0000E+00  0.0000E+00  0.0000E+00  0.0000E+00  0.0000E+00  0.0000E+00  0.0000E+00
    -13.309  0.0000E+00  0.0000E+00  0.0000E+00  0.0000E+00  0.0000E+00  0.0000E+00  0.0000E+00  0.0000E+00  0.0000E+00
    -13.144  0.0000E+00  0.0000E+00  0.0000E+00  0.0000E+00  0.0000E+00  0.0000E+00  0.0000E+00  0.0000E+00  0.0000E+00
    -12.980  0.0000E+00  0.0000E+00  0.0000E+00  0.0000E+00  0.0000E+00  0.0000E+00  0.0000E+00  0.0000E+00  0.0000E+00
    -12.815  0.7150E-02  0.6235E-05  0.6235E-05  0.6235E-05  0.0000E+00  0.0000E+00  0.0000E+00  0.0000E+00  0.0000E+00
    -12.650  0.1603E-01  0.5098E-04  0.5098E-04  0.5098E-04  0.0000E+00  0.0000E+00  0.0000E+00  0.0000E+00  0.0000E+00
    -12.485  0.1922E-01  0.1147E-03  0.1147E-03  0.1147E-03  0.0000E+00  0.0000E+00  0.0000E+00  0.0000E+00  0.0000E+00
    -12.320  0.2064E-01  0.1799E-03  0.1799E-03  0.1799E-03  0.0000E+00  0.0000E+00  0.0000E+00  0.0000E+00  0.0000E+00
    -12.155  0.2297E-01  0.2601E-03  0.2601E-03  0.2601E-03  0.0000E+00  0.0000E+00  0.0000E+00  0.0000E+00  0.0000E+00
    -11.990  0.2545E-01  0.3531E-03  0.3531E-03  0.3531E-03  0.0000E+00  0.0000E+00  0.0000E+00  0.0000E+00  0.0000E+00
    -11.825  0.2764E-01  0.4552E-03  0.4552E-03  0.4552E-03  0.0000E+00  0.0000E+00  0.0000E+00  0.0000E+00  0.0000E+00
    -11.661  0.2955E-01  0.5673E-03  0.5673E-03  0.5673E-03  0.0000E+00  0.0000E+00  0.0000E+00  0.0000E+00  0.0000E+00
    -11.496  0.3143E-01  0.6850E-03  0.6850E-03  0.6850E-03  0.0000E+00  0.0000E+00  0.0000E+00  0.0000E+00  0.0000E+00
    -11.331  0.3314E-01  0.8100E-03  0.8100E-03  0.8100E-03  0.0000E+00  0.0000E+00  0.0000E+00  0.0000E+00  0.0000E+00
    -11.166  0.3471E-01  0.9430E-03  0.9430E-03  0.9430E-03  0.0000E+00  0.0000E+00  0.0000E+00  0.0000E+00  0.0000E+00
    -11.001  0.3630E-01  0.1079E-02  0.1079E-02  0.1079E-02  0.0000E+00  0.0000E+00  0.0000E+00  0.0000E+00  0.0000E+00
    -10.836  0.3767E-01  0.1225E-02  0.1225E-02  0.1225E-02  0.0000E+00  0.0000E+00  0.0000E+00  0.0000E+00  0.0000E+00
    -10.671  0.3911E-01  0.1373E-02  0.1373E-02  0.1373E-02  0.0000E+00  0.0000E+00  0.0000E+00  0.0000E+00  0.0000E+00
    -10.507  0.4035E-01  0.1530E-02  0.1530E-02  0.1530E-02  0.0000E+00  0.0000E+00  0.0000E+00  0.0000E+00  0.0000E+00
    -10.342  0.4167E-01  0.1688E-02  0.1688E-02  0.1688E-02  0.0000E+00  0.0000E+00  0.0000E+00  0.0000E+00  0.0000E+00
    -10.177  0.4284E-01  0.1855E-02  0.1855E-02  0.1855E-02  0.0000E+00  0.0000E+00  0.0000E+00  0.0000E+00  0.0000E+00
    -10.012  0.4403E-01  0.2024E-02  0.2024E-02  0.2024E-02  0.0000E+00  0.0000E+00  0.0000E+00  0.0000E+00  0.0000E+00
     -9.847  0.4518E-01  0.2199E-02  0.2199E-02  0.2199E-02  0.0000E+00  0.0000E+00  0.0000E+00  0.0000E+00  0.0000E+00
     -9.682  0.4626E-01  0.2379E-02  0.2379E-02  0.2379E-02  0.0000E+00  0.0000E+00  0.0000E+00  0.0000E+00  0.0000E+00
     -9.517  0.4741E-01  0.2559E-02  0.2559E-02  0.2559E-02  0.0000E+00  0.0000E+00  0.0000E+00  0.0000E+00  0.0000E+00
     -9.353  0.4841E-01  0.2750E-02  0.2750E-02  0.2750E-02  0.0000E+00  0.0000E+00  0.0000E+00  0.0000E+00  0.0000E+00
     -9.188  0.4948E-01  0.2940E-02  0.2940E-02  0.2940E-02  0.0000E+00  0.0000E+00  0.0000E+00  0.0000E+00  0.0000E+00
     -9.023  0.5052E-01  0.3136E-02  0.3136E-02  0.3136E-02  0.0000E+00  0.0000E+00  0.0000E+00  0.0000E+00  0.0000E+00
     -8.858  0.5152E-01  0.3336E-02  0.3336E-02  0.3336E-02  0.0000E+00  0.0000E+00  0.0000E+00  0.0000E+00  0.0000E+00
     -8.693  0.5258E-01  0.3536E-02  0.3536E-02  0.3536E-02  0.0000E+00  0.0000E+00  0.0000E+00  0.0000E+00  0.0000E+00
     -8.528  0.5357E-01  0.3745E-02  0.3745E-02  0.3745E-02  0.0000E+00  0.0000E+00  0.0000E+00  0.0000E+00  0.0000E+00
     -8.363  0.5460E-01  0.3956E-02  0.3956E-02  0.3956E-02  0.0000E+00  0.0000E+00  0.0000E+00  0.0000E+00  0.0000E+00
     -8.198  0.5568E-01  0.4165E-02  0.4165E-02  0.4165E-02  0.0000E+00  0.0000E+00  0.0000E+00  0.0000E+00  0.0000E+00
     -8.034  0.5671E-01  0.4387E-02  0.4387E-02  0.4387E-02  0.0000E+00  0.0000E+00  0.0000E+00  0.0000E+00  0.0000E+00
     -7.869  0.5780E-01  0.4607E-02  0.4607E-02  0.4607E-02  0.0000E+00  0.0000E+00  0.0000E+00  0.0000E+00  0.0000E+00
     -7.704  0.5896E-01  0.4827E-02  0.4827E-02  0.4827E-02  0.0000E+00  0.0000E+00  0.0000E+00  0.0000E+00  0.0000E+00
     -7.539  0.6011E-01  0.5058E-02  0.5058E-02  0.5058E-02  0.0000E+00  0.0000E+00  0.0000E+00  0.0000E+00  0.0000E+00
     -7.374  0.6137E-01  0.5288E-02  0.5288E-02  0.5288E-02  0.0000E+00  0.0000E+00  0.0000E+00  0.0000E+00  0.0000E+00
     -7.209  0.6275E-01  0.5518E-02  0.5518E-02  0.5518E-02  0.0000E+00  0.0000E+00  0.0000E+00  0.0000E+00  0.0000E+00
     -7.044  0.6420E-01  0.5761E-02  0.5761E-02  0.5761E-02  0.0000E+00  0.0000E+00  0.0000E+00  0.0000E+00  0.0000E+00
     -6.880  0.6586E-01  0.6005E-02  0.6005E-02  0.6005E-02  0.0000E+00  0.0000E+00  0.0000E+00  0.0000E+00  0.0000E+00
     -6.715  0.6779E-01  0.6251E-02  0.6251E-02  0.6251E-02  0.0000E+00  0.0000E+00  0.0000E+00  0.0000E+00  0.0000E+00
     -6.550  0.7010E-01  0.6519E-02  0.6519E-02  0.6519E-02  0.0000E+00  0.0000E+00  0.0000E+00  0.0000E+00  0.0000E+00
     -6.385  0.7310E-01  0.6804E-02  0.6804E-02  0.6804E-02  0.0000E+00  0.0000E+00  0.0000E+00  0.0000E+00  0.0000E+00
     -6.220  0.7764E-01  0.7136E-02  0.7136E-02  0.7136E-02  0.0000E+00  0.0000E+00  0.0000E+00  0.0000E+00  0.0000E+00
     -6.055  0.8862E-01  0.7728E-02  0.7728E-02  0.7728E-02  0.0000E+00  0.0000E+00  0.0000E+00  0.0000E+00  0.0000E+00
     -5.890  0.8854E-01  0.7859E-02  0.7859E-02  0.7859E-02  0.0000E+00  0.0000E+00  0.0000E+00  0.0000E+00  0.0000E+00
     -5.726  0.8467E-01  0.7807E-02  0.7807E-02  0.7807E-02  0.0000E+00  0.0000E+00  0.0000E+00  0.0000E+00  0.0000E+00
     -5.561  0.8080E-01  0.7736E-02  0.7736E-02  0.7736E-02  0.0000E+00  0.0000E+00  0.0000E+00  0.0000E+00  0.0000E+00
     -5.396  0.7879E-01  0.7757E-02  0.7757E-02  0.7757E-02  0.0000E+00  0.0000E+00  0.0000E+00  0.0000E+00  0.0000E+00
     -5.231  0.7544E-01  0.7676E-02  0.7676E-02  0.7676E-02  0.0000E+00  0.0000E+00  0.0000E+00  0.0000E+00  0.0000E+00
     -5.066  0.7232E-01  0.7592E-02  0.7592E-02  0.7592E-02  0.0000E+00  0.0000E+00  0.0000E+00  0.0000E+00  0.0000E+00
     -4.901  0.7000E-01  0.7558E-02  0.7558E-02  0.7558E-02  0.0000E+00  0.0000E+00  0.0000E+00  0.0000E+00  0.0000E+00
     -4.736  0.6740E-01  0.7475E-02  0.7475E-02  0.7475E-02  0.0000E+00  0.0000E+00  0.0000E+00  0.0000E+00  0.0000E+00
     -4.572  0.6478E-01  0.7383E-02  0.7383E-02  0.7383E-02  0.0000E+00  0.0000E+00  0.0000E+00  0.0000E+00  0.0000E+00
     -4.407  0.6209E-01  0.7280E-02  0.7280E-02  0.7280E-02  0.0000E+00  0.0000E+00  0.0000E+00  0.0000E+00  0.0000E+00
     -4.242  0.5959E-01  0.7165E-02  0.7165E-02  0.7165E-02  0.0000E+00  0.0000E+00  0.0000E+00  0.0000E+00  0.0000E+00
     -4.077  0.5688E-01  0.7024E-02  0.7024E-02  0.7024E-02  0.0000E+00  0.0000E+00  0.0000E+00  0.0000E+00  0.0000E+00
     -3.912  0.5452E-01  0.6898E-02  0.6898E-02  0.6898E-02  0.0000E+00  0.0000E+00  0.0000E+00  0.0000E+00  0.0000E+00
     -3.747  0.5488E-01  0.9367E-02  0.9367E-02  0.9367E-02  0.0000E+00  0.0000E+00  0.0000E+00  0.0000E+00  0.0000E+00
     -3.582  0.5490E-01  0.1095E-01  0.1095E-01  0.1095E-01  0.0000E+00  0.0000E+00  0.0000E+00  0.0000E+00  0.0000E+00
     -3.417  0.5325E-01  0.1144E-01  0.1144E-01  0.1144E-01  0.0000E+00  0.0000E+00  0.0000E+00  0.0000E+00  0.0000E+00
     -3.253  0.5250E-01  0.1233E-01  0.1233E-01  0.1233E-01  0.0000E+00  0.0000E+00  0.0000E+00  0.0000E+00  0.0000E+00
     -3.088  0.5256E-01  0.1350E-01  0.1350E-01  0.1350E-01  0.0000E+00  0.0000E+00  0.0000E+00  0.0000E+00  0.0000E+00
     -2.923  0.5228E-01  0.1421E-01  0.1421E-01  0.1421E-01  0.0000E+00  0.0000E+00  0.0000E+00  0.0000E+00  0.0000E+00
     -2.758  0.4913E-01  0.1461E-01  0.1461E-01  0.1461E-01  0.0000E+00  0.0000E+00  0.0000E+00  0.0000E+00  0.0000E+00
     -2.593  0.3783E-01  0.1364E-01  0.1364E-01  0.1364E-01  0.0000E+00  0.0000E+00  0.0000E+00  0.0000E+00  0.0000E+00
     -2.428  0.3506E-01  0.1418E-01  0.1418E-01  0.1418E-01  0.0000E+00  0.0000E+00  0.0000E+00  0.0000E+00  0.0000E+00
     -2.263  0.3524E-01  0.1517E-01  0.1517E-01  0.1517E-01  0.0000E+00  0.0000E+00  0.0000E+00  0.0000E+00  0.0000E+00
     -2.099  0.3705E-01  0.1636E-01  0.1636E-01  0.1636E-01  0.0000E+00  0.0000E+00  0.0000E+00  0.0000E+00  0.0000E+00
     -1.934  0.4188E-01  0.1827E-01  0.1827E-01  0.1827E-01  0.0000E+00  0.0000E+00  0.0000E+00  0.0000E+00  0.0000E+00
     -1.769  0.5034E-01  0.2081E-01  0.2081E-01  0.2081E-01  0.0000E+00  0.0000E+00  0.0000E+00  0.0000E+00  0.0000E+00
     -1.604  0.6395E-01  0.2483E-01  0.2483E-01  0.2483E-01  0.0000E+00  0.0000E+00  0.0000E+00  0.0000E+00  0.0000E+00
     -1.439  0.8461E-01  0.3076E-01  0.3076E-01  0.3076E-01  0.0000E+00  0.0000E+00  0.0000E+00  0.0000E+00  0.0000E+00
     -1.274  0.8793E-01  0.3094E-01  0.3094E-01  0.3094E-01  0.0000E+00  0.0000E+00  0.0000E+00  0.0000E+00  0.0000E+00
     -1.109  0.7361E-01  0.2646E-01  0.2646E-01  0.2646E-01  0.0000E+00  0.0000E+00  0.0000E+00  0.0000E+00  0.0000E+00
     -0.945  0.6302E-01  0.2337E-01  0.2337E-01  0.2337E-01  0.0000E+00  0.0000E+00  0.0000E+00  0.0000E+00  0.0000E+00
     -0.780  0.5706E-01  0.2168E-01  0.2168E-01  0.2168E-01  0.0000E+00  0.0000E+00  0.0000E+00  0.0000E+00  0.0000E+00
     -0.615  0.5327E-01  0.2066E-01  0.2066E-01  0.2066E-01  0.0000E+00  0.0000E+00  0.0000E+00  0.0000E+00  0.0000E+00
     -0.450  0.4909E-01  0.1955E-01  0.1955E-01  0.1955E-01  0.0000E+00  0.0000E+00  0.0000E+00  0.0000E+00  0.0000E+00
     -0.285  0.4654E-01  0.1893E-01  0.1893E-01  0.1893E-01  0.0000E+00  0.0000E+00  0.0000E+00  0.0000E+00  0.0000E+00
     -0.120  0.4316E-01  0.1805E-01  0.1805E-01  0.1805E-01  0.0000E+00  0.0000E+00  0.0000E+00  0.0000E+00  0.0000E+00
      0.045  0.4123E-01  0.1763E-01  0.1763E-01  0.1763E-01  0.0000E+00  0.0000E+00  0.0000E+00  0.0000E+00  0.0000E+00
      0.210  0.3823E-01  0.1685E-01  0.1685E-01  0.1685E-01  0.0000E+00  0.0000E+00  0.0000E+00  0.0000E+00  0.0000E+00
      0.374  0.3662E-01  0.1652E-01  0.1652E-01  0.1652E-01  0.0000E+00  0.0000E+00  0.0000E+00  0.0000E+00  0.0000E+00
      0.539  0.3432E-01  0.1707E-01  0.1707E-01  0.1707E-01  0.0000E+00  0.0000E+00  0.0000E+00  0.0000E+00  0.0000E+00
      0.704  0.3396E-01  0.2251E-01  0.2251E-01  0.2251E-01  0.0000E+00  0.0000E+00  0.0000E+00  0.0000E+00  0.0000E+00
      0.869  0.3323E-01  0.2551E-01  0.2551E-01  0.2551E-01  0.0000E+00  0.0000E+00  0.0000E+00  0.0000E+00  0.0000E+00
      1.034  0.3245E-01  0.2754E-01  0.2754E-01  0.2754E-01  0.0000E+00  0.0000E+00  0.0000E+00  0.0000E+00  0.0000E+00
      1.199  0.3281E-01  0.3091E-01  0.3091E-01  0.3091E-01  0.0000E+00  0.0000E+00  0.0000E+00  0.0000E+00  0.0000E+00
      1.364  0.3285E-01  0.3602E-01  0.3602E-01  0.3602E-01  0.0000E+00  0.0000E+00  0.0000E+00  0.0000E+00  0.0000E+00
      1.528  0.3363E-01  0.3846E-01  0.3846E-01  0.3846E-01  0.0000E+00  0.0000E+00  0.0000E+00  0.0000E+00  0.0000E+00
      1.693  0.3324E-01  0.3714E-01  0.3714E-01  0.3714E-01  0.0000E+00  0.0000E+00  0.0000E+00  0.0000E+00  0.0000E+00
      1.858  0.3260E-01  0.3664E-01  0.3664E-01  0.3664E-01  0.0000E+00  0.0000E+00  0.0000E+00  0.0000E+00  0.0000E+00
      2.023  0.3242E-01  0.3674E-01  0.3674E-01  0.3674E-01  0.0000E+00  0.0000E+00  0.0000E+00  0.0000E+00  0.0000E+00
      2.188  0.3191E-01  0.3750E-01  0.3750E-01  0.3750E-01  0.0000E+00  0.0000E+00  0.0000E+00  0.0000E+00  0.0000E+00
      2.353  0.3123E-01  0.3851E-01  0.3851E-01  0.3851E-01  0.0000E+00  0.0000E+00  0.0000E+00  0.0000E+00  0.0000E+00
      2.518  0.3091E-01  0.3956E-01  0.3956E-01  0.3956E-01  0.0000E+00  0.0000E+00  0.0000E+00  0.0000E+00  0.0000E+00
      2.682  0.3019E-01  0.4066E-01  0.4066E-01  0.4066E-01  0.0000E+00  0.0000E+00  0.0000E+00  0.0000E+00  0.0000E+00
      2.847  0.2946E-01  0.4201E-01  0.4201E-01  0.4201E-01  0.0000E+00  0.0000E+00  0.0000E+00  0.0000E+00  0.0000E+00
      3.012  0.2911E-01  0.4378E-01  0.4378E-01  0.4378E-01  0.0000E+00  0.0000E+00  0.0000E+00  0.0000E+00  0.0000E+00
      3.177  0.2826E-01  0.4513E-01  0.4513E-01  0.4513E-01  0.0000E+00  0.0000E+00  0.0000E+00  0.0000E+00  0.0000E+00
      3.342  0.2748E-01  0.4647E-01  0.4647E-01  0.4647E-01  0.0000E+00  0.0000E+00  0.0000E+00  0.0000E+00  0.0000E+00
      3.507  0.2708E-01  0.4926E-01  0.4926E-01  0.4926E-01  0.0000E+00  0.0000E+00  0.0000E+00  0.0000E+00  0.0000E+00
      3.672  0.2620E-01  0.5073E-01  0.5073E-01  0.5073E-01  0.0000E+00  0.0000E+00  0.0000E+00  0.0000E+00  0.0000E+00
      3.836  0.2539E-01  0.5427E-01  0.5427E-01  0.5427E-01  0.0000E+00  0.0000E+00  0.0000E+00  0.0000E+00  0.0000E+00
      4.001  0.2475E-01  0.5712E-01  0.5712E-01  0.5712E-01  0.0000E+00  0.0000E+00  0.0000E+00  0.0000E+00  0.0000E+00
      4.166  0.2397E-01  0.6274E-01  0.6274E-01  0.6274E-01  0.0000E+00  0.0000E+00  0.0000E+00  0.0000E+00  0.0000E+00
      4.331  0.2292E-01  0.7380E-01  0.7380E-01  0.7380E-01  0.0000E+00  0.0000E+00  0.0000E+00  0.0000E+00  0.0000E+00
      4.496  0.2221E-01  0.7165E-01  0.7165E-01  0.7165E-01  0.0000E+00  0.0000E+00  0.0000E+00  0.0000E+00  0.0000E+00
      4.661  0.2134E-01  0.7096E-01  0.7096E-01  0.7096E-01  0.0000E+00  0.0000E+00  0.0000E+00  0.0000E+00  0.0000E+00
      4.826  0.2029E-01  0.7038E-01  0.7038E-01  0.7038E-01  0.0000E+00  0.0000E+00  0.0000E+00  0.0000E+00  0.0000E+00
      4.991  0.1961E-01  0.7026E-01  0.7026E-01  0.7026E-01  0.0000E+00  0.0000E+00  0.0000E+00  0.0000E+00  0.0000E+00
      5.155  0.1882E-01  0.6987E-01  0.6987E-01  0.6987E-01  0.0000E+00  0.0000E+00  0.0000E+00  0.0000E+00  0.0000E+00
      5.320  0.1792E-01  0.6929E-01  0.6929E-01  0.6929E-01  0.0000E+00  0.0000E+00  0.0000E+00  0.0000E+00  0.0000E+00
      5.485  0.1714E-01  0.6925E-01  0.6925E-01  0.6925E-01  0.0000E+00  0.0000E+00  0.0000E+00  0.0000E+00  0.0000E+00
      5.650  0.1643E-01  0.6868E-01  0.6868E-01  0.6868E-01  0.0000E+00  0.0000E+00  0.0000E+00  0.0000E+00  0.0000E+00
      5.815  0.1568E-01  0.6863E-01  0.6863E-01  0.6863E-01  0.0000E+00  0.0000E+00  0.0000E+00  0.0000E+00  0.0000E+00
      5.980  0.1479E-01  0.6818E-01  0.6818E-01  0.6818E-01  0.0000E+00  0.0000E+00  0.0000E+00  0.0000E+00  0.0000E+00
      6.145  0.1408E-01  0.6778E-01  0.6778E-01  0.6778E-01  0.0000E+00  0.0000E+00  0.0000E+00  0.0000E+00  0.0000E+00
      6.309  0.1339E-01  0.6769E-01  0.6769E-01  0.6769E-01  0.0000E+00  0.0000E+00  0.0000E+00  0.0000E+00  0.0000E+00
      6.474  0.1264E-01  0.6726E-01  0.6726E-01  0.6726E-01  0.0000E+00  0.0000E+00  0.0000E+00  0.0000E+00  0.0000E+00
      6.639  0.1195E-01  0.6694E-01  0.6694E-01  0.6694E-01  0.0000E+00  0.0000E+00  0.0000E+00  0.0000E+00  0.0000E+00
      6.804  0.1136E-01  0.6666E-01  0.6666E-01  0.6666E-01  0.0000E+00  0.0000E+00  0.0000E+00  0.0000E+00  0.0000E+00
      6.969  0.1072E-01  0.6647E-01  0.6647E-01  0.6647E-01  0.0000E+00  0.0000E+00  0.0000E+00  0.0000E+00  0.0000E+00
      7.134  0.9942E-02  0.6594E-01  0.6594E-01  0.6594E-01  0.0000E+00  0.0000E+00  0.0000E+00  0.0000E+00  0.0000E+00
      7.299  0.9337E-02  0.6566E-01  0.6566E-01  0.6566E-01  0.0000E+00  0.0000E+00  0.0000E+00  0.0000E+00  0.0000E+00
      7.463  0.8782E-02  0.6551E-01  0.6551E-01  0.6551E-01  0.0000E+00  0.0000E+00  0.0000E+00  0.0000E+00  0.0000E+00
      7.628  0.8165E-02  0.6528E-01  0.6528E-01  0.6528E-01  0.0000E+00  0.0000E+00  0.0000E+00  0.0000E+00  0.0000E+00
      7.793  0.7513E-02  0.6484E-01  0.6484E-01  0.6484E-01  0.0000E+00  0.0000E+00  0.0000E+00  0.0000E+00  0.0000E+00
      7.958  0.6966E-02  0.6467E-01  0.6467E-01  0.6467E-01  0.0000E+00  0.0000E+00  0.0000E+00  0.0000E+00  0.0000E+00
      8.123  0.6394E-02  0.6441E-01  0.6441E-01  0.6441E-01  0.0000E+00  0.0000E+00  0.0000E+00  0.0000E+00  0.0000E+00
      8.288  0.5823E-02  0.6445E-01  0.6445E-01  0.6445E-01  0.0000E+00  0.0000E+00  0.0000E+00  0.0000E+00  0.0000E+00
      8.453  0.5272E-02  0.6426E-01  0.6426E-01  0.6426E-01  0.0000E+00  0.0000E+00  0.0000E+00  0.0000E+00  0.0000E+00
      8.618  0.4797E-02  0.5247E-01  0.5247E-01  0.5247E-01  0.0000E+00  0.0000E+00  0.0000E+00  0.0000E+00  0.0000E+00
      8.782  0.4350E-02  0.4613E-01  0.4613E-01  0.4613E-01  0.0000E+00  0.0000E+00  0.0000E+00  0.0000E+00  0.0000E+00
      8.947  0.3894E-02  0.4133E-01  0.4133E-01  0.4133E-01  0.0000E+00  0.0000E+00  0.0000E+00  0.0000E+00  0.0000E+00
      9.112  0.3536E-02  0.3794E-01  0.3794E-01  0.3794E-01  0.0000E+00  0.0000E+00  0.0000E+00  0.0000E+00  0.0000E+00
      9.277  0.3195E-02  0.3484E-01  0.3484E-01  0.3484E-01  0.0000E+00  0.0000E+00  0.0000E+00  0.0000E+00  0.0000E+00
      9.442  0.2864E-02  0.3210E-01  0.3210E-01  0.3210E-01  0.0000E+00  0.0000E+00  0.0000E+00  0.0000E+00  0.0000E+00
      9.607  0.2537E-02  0.2964E-01  0.2964E-01  0.2964E-01  0.0000E+00  0.0000E+00  0.0000E+00  0.0000E+00  0.0000E+00
      9.772  0.2254E-02  0.2739E-01  0.2739E-01  0.2739E-01  0.0000E+00  0.0000E+00  0.0000E+00  0.0000E+00  0.0000E+00
      9.936  0.1994E-02  0.2526E-01  0.2526E-01  0.2526E-01  0.0000E+00  0.0000E+00  0.0000E+00  0.0000E+00  0.0000E+00
     10.101  0.1712E-02  0.2321E-01  0.2321E-01  0.2321E-01  0.0000E+00  0.0000E+00  0.0000E+00  0.0000E+00  0.0000E+00
     10.266  0.1479E-02  0.2132E-01  0.2132E-01  0.2132E-01  0.0000E+00  0.0000E+00  0.0000E+00  0.0000E+00  0.0000E+00
     10.431  0.1262E-02  0.1945E-01  0.1945E-01  0.1945E-01  0.0000E+00  0.0000E+00  0.0000E+00  0.0000E+00  0.0000E+00
     10.596  0.1031E-02  0.1770E-01  0.1770E-01  0.1770E-01  0.0000E+00  0.0000E+00  0.0000E+00  0.0000E+00  0.0000E+00
     10.761  0.8451E-03  0.1594E-01  0.1594E-01  0.1594E-01  0.0000E+00  0.0000E+00  0.0000E+00  0.0000E+00  0.0000E+00
     10.926  0.6680E-03  0.1419E-01  0.1419E-01  0.1419E-01  0.0000E+00  0.0000E+00  0.0000E+00  0.0000E+00  0.0000E+00
     11.090  0.4880E-03  0.1250E-01  0.1250E-01  0.1250E-01  0.0000E+00  0.0000E+00  0.0000E+00  0.0000E+00  0.0000E+00
     11.255  0.3502E-03  0.1070E-01  0.1070E-01  0.1070E-01  0.0000E+00  0.0000E+00  0.0000E+00  0.0000E+00  0.0000E+00
     11.420  0.2242E-03  0.8908E-02  0.8908E-02  0.8908E-02  0.0000E+00  0.0000E+00  0.0000E+00  0.0000E+00  0.0000E+00
     11.585  0.1166E-03  0.6739E-02  0.6739E-02  0.6739E-02  0.0000E+00  0.0000E+00  0.0000E+00  0.0000E+00  0.0000E+00
     11.750  0.3557E-04  0.4600E-02  0.4600E-02  0.4600E-02  0.0000E+00  0.0000E+00  0.0000E+00  0.0000E+00  0.0000E+00
     11.915  0.3482E-05  0.5019E-03  0.5019E-03  0.5019E-03  0.0000E+00  0.0000E+00  0.0000E+00  0.0000E+00  0.0000E+00
     12.080  0.0000E+00  0.0000E+00  0.0000E+00  0.0000E+00  0.0000E+00  0.0000E+00  0.0000E+00  0.0000E+00  0.0000E+00
     12.245  0.0000E+00  0.0000E+00  0.0000E+00  0.0000E+00  0.0000E+00  0.0000E+00  0.0000E+00  0.0000E+00  0.0000E+00
     12.409  0.0000E+00  0.0000E+00  0.0000E+00  0.0000E+00  0.0000E+00  0.0000E+00  0.0000E+00  0.0000E+00  0.0000E+00
     12.574  0.0000E+00  0.0000E+00  0.0000E+00  0.0000E+00  0.0000E+00  0.0000E+00  0.0000E+00  0.0000E+00  0.0000E+00
     12.739  0.0000E+00  0.0000E+00  0.0000E+00  0.0000E+00  0.0000E+00  0.0000E+00  0.0000E+00  0.0000E+00  0.0000E+00
     12.904  0.0000E+00  0.0000E+00  0.0000E+00  0.0000E+00  0.0000E+00  0.0000E+00  0.0000E+00  0.0000E+00  0.0000E+00
     13.069  0.0000E+00  0.0000E+00  0.0000E+00  0.0000E+00  0.0000E+00  0.0000E+00  0.0000E+00  0.0000E+00  0.0000E+00
     13.234  0.0000E+00  0.0000E+00  0.0000E+00  0.0000E+00  0.0000E+00  0.0000E+00  0.0000E+00  0.0000E+00  0.0000E+00
     13.399  0.0000E+00  0.0000E+00  0.0000E+00  0.0000E+00  0.0000E+00  0.0000E+00  0.0000E+00  0.0000E+00  0.0000E+00
     13.563  0.0000E+00  0.0000E+00  0.0000E+00  0.0000E+00  0.0000E+00  0.0000E+00  0.0000E+00  0.0000E+00  0.0000E+00
     13.728  0.0000E+00  0.0000E+00  0.0000E+00  0.0000E+00  0.0000E+00  0.0000E+00  0.0000E+00  0.0000E+00  0.0000E+00
     13.893  0.0000E+00  0.0000E+00  0.0000E+00  0.0000E+00  0.0000E+00  0.0000E+00  0.0000E+00  0.0000E+00  0.0000E+00
     14.058  0.0000E+00  0.0000E+00  0.0000E+00  0.0000E+00  0.0000E+00  0.0000E+00  0.0000E+00  0.0000E+00  0.0000E+00
     14.223  0.0000E+00  0.0000E+00  0.0000E+00  0.0000E+00  0.0000E+00  0.0000E+00  0.0000E+00  0.0000E+00  0.0000E+00
     14.388  0.0000E+00  0.0000E+00  0.0000E+00  0.0000E+00  0.0000E+00  0.0000E+00  0.0000E+00  0.0000E+00  0.0000E+00
     14.553  0.0000E+00  0.0000E+00  0.0000E+00  0.0000E+00  0.0000E+00  0.0000E+00  0.0000E+00  0.0000E+00  0.0000E+00
     14.717  0.0000E+00  0.0000E+00  0.0000E+00  0.0000E+00  0.0000E+00  0.0000E+00  0.0000E+00  0.0000E+00  0.0000E+00
     14.882  0.0000E+00  0.0000E+00  0.0000E+00  0.0000E+00  0.0000E+00  0.0000E+00  0.0000E+00  0.0000E+00  0.0000E+00
     15.047  0.0000E+00  0.0000E+00  0.0000E+00  0.0000E+00  0.0000E+00  0.0000E+00  0.0000E+00  0.0000E+00  0.0000E+00
     15.212  0.0000E+00  0.0000E+00  0.0000E+00  0.0000E+00  0.0000E+00  0.0000E+00  0.0000E+00  0.0000E+00  0.0000E+00
     15.377  0.0000E+00  0.0000E+00  0.0000E+00  0.0000E+00  0.0000E+00  0.0000E+00  0.0000E+00  0.0000E+00  0.0000E+00
     15.542  0.0000E+00  0.0000E+00  0.0000E+00  0.0000E+00  0.0000E+00  0.0000E+00  0.0000E+00  0.0000E+00  0.0000E+00
     15.707  0.0000E+00  0.0000E+00  0.0000E+00  0.0000E+00  0.0000E+00  0.0000E+00  0.0000E+00  0.0000E+00  0.0000E+00
     15.871  0.0000E+00  0.0000E+00  0.0000E+00  0.0000E+00  0.0000E+00  0.0000E+00  0.0000E+00  0.0000E+00  0.0000E+00
     16.036  0.0000E+00  0.0000E+00  0.0000E+00  0.0000E+00  0.0000E+00  0.0000E+00  0.0000E+00  0.0000E+00  0.0000E+00
     16.201  0.0000E+00  0.0000E+00  0.0000E+00  0.0000E+00  0.0000E+00  0.0000E+00  0.0000E+00  0.0000E+00  0.0000E+00
     16.366  0.0000E+00  0.0000E+00  0.0000E+00  0.0000E+00  0.0000E+00  0.0000E+00  0.0000E+00  0.0000E+00  0.0000E+00
     16.531  0.7577E-04  0.1928E-04  0.1928E-04  0.1928E-04  0.0000E+00  0.0000E+00  0.0000E+00  0.0000E+00  0.0000E+00
     16.696  0.8065E-02  0.2252E-02  0.2252E-02  0.2252E-02  0.0000E+00  0.0000E+00  0.0000E+00  0.0000E+00  0.0000E+00
     16.861  0.9866E-02  0.3020E-02  0.3020E-02  0.3020E-02  0.0000E+00  0.0000E+00  0.0000E+00  0.0000E+00  0.0000E+00
     17.026  0.1317E-01  0.4473E-02  0.4473E-02  0.4473E-02  0.0000E+00  0.0000E+00  0.0000E+00  0.0000E+00  0.0000E+00
     17.190  0.1623E-01  0.5593E-02  0.5593E-02  0.5593E-02  0.0000E+00  0.0000E+00  0.0000E+00  0.0000E+00  0.0000E+00
     17.355  0.1971E-01  0.7127E-02  0.7127E-02  0.7127E-02  0.0000E+00  0.0000E+00  0.0000E+00  0.0000E+00  0.0000E+00
     17.520  0.2199E-01  0.8687E-02  0.8687E-02  0.8687E-02  0.0000E+00  0.0000E+00  0.0000E+00  0.0000E+00  0.0000E+00
     17.685  0.2416E-01  0.1048E-01  0.1048E-01  0.1048E-01  0.0000E+00  0.0000E+00  0.0000E+00  0.0000E+00  0.0000E+00
     17.850  0.2532E-01  0.1244E-01  0.1244E-01  0.1244E-01  0.0000E+00  0.0000E+00  0.0000E+00  0.0000E+00  0.0000E+00
     18.015  0.2651E-01  0.1497E-01  0.1497E-01  0.1497E-01  0.0000E+00  0.0000E+00  0.0000E+00  0.0000E+00  0.0000E+00
     18.180  0.2741E-01  0.1939E-01  0.1939E-01  0.1939E-01  0.0000E+00  0.0000E+00  0.0000E+00  0.0000E+00  0.0000E+00
     18.344  0.2782E-01  0.1965E-01  0.1965E-01  0.1965E-01  0.0000E+00  0.0000E+00  0.0000E+00  0.0000E+00  0.0000E+00
     18.509  0.2835E-01  0.2068E-01  0.2068E-01  0.2068E-01  0.0000E+00  0.0000E+00  0.0000E+00  0.0000E+00  0.0000E+00
     18.674  0.2887E-01  0.2205E-01  0.2205E-01  0.2205E-01  0.0000E+00  0.0000E+00  0.0000E+00  0.0000E+00  0.0000E+00
     18.839  0.2927E-01  0.2333E-01  0.2333E-01  0.2333E-01  0.0000E+00  0.0000E+00  0.0000E+00  0.0000E+00  0.0000E+00
     19.004  0.2938E-01  0.2467E-01  0.2467E-01  0.2467E-01  0.0000E+00  0.0000E+00  0.0000E+00  0.0000E+00  0.0000E+00
     19.169  0.2952E-01  0.2606E-01  0.2606E-01  0.2606E-01  0.0000E+00  0.0000E+00  0.0000E+00  0.0000E+00  0.0000E+00
     19.334  0.2970E-01  0.2759E-01  0.2759E-01  0.2759E-01  0.0000E+00  0.0000E+00  0.0000E+00  0.0000E+00  0.0000E+00
     19.498  0.2981E-01  0.2921E-01  0.2921E-01  0.2921E-01  0.0000E+00  0.0000E+00  0.0000E+00  0.0000E+00  0.0000E+00
     19.663  0.2988E-01  0.3098E-01  0.3098E-01  0.3098E-01  0.0000E+00  0.0000E+00  0.0000E+00  0.0000E+00  0.0000E+00
     19.828  0.2974E-01  0.3283E-01  0.3283E-01  0.3283E-01  0.0000E+00  0.0000E+00  0.0000E+00  0.0000E+00  0.0000E+00
     19.993  0.2960E-01  0.3485E-01  0.3485E-01  0.3485E-01  0.0000E+00  0.0000E+00  0.0000E+00  0.0000E+00  0.0000E+00
     20.158  0.2947E-01  0.3712E-01  0.3712E-01  0.3712E-01  0.0000E+00  0.0000E+00  0.0000E+00  0.0000E+00  0.0000E+00
     20.323  0.2929E-01  0.3976E-01  0.3976E-01  0.3976E-01  0.0000E+00  0.0000E+00  0.0000E+00  0.0000E+00  0.0000E+00
     20.488  0.2909E-01  0.4277E-01  0.4277E-01  0.4277E-01  0.0000E+00  0.0000E+00  0.0000E+00  0.0000E+00  0.0000E+00
     20.653  0.2880E-01  0.4666E-01  0.4666E-01  0.4666E-01  0.0000E+00  0.0000E+00  0.0000E+00  0.0000E+00  0.0000E+00
     20.817  0.2864E-01  0.5222E-01  0.5222E-01  0.5222E-01  0.0000E+00  0.0000E+00  0.0000E+00  0.0000E+00  0.0000E+00
     20.982  0.2967E-01  0.6484E-01  0.6484E-01  0.6484E-01  0.0000E+00  0.0000E+00  0.0000E+00  0.0000E+00  0.0000E+00
     21.147  0.2734E-01  0.6540E-01  0.6540E-01  0.6540E-01  0.0000E+00  0.0000E+00  0.0000E+00  0.0000E+00  0.0000E+00
     21.312  0.2494E-01  0.6071E-01  0.6071E-01  0.6071E-01  0.0000E+00  0.0000E+00  0.0000E+00  0.0000E+00  0.0000E+00
     21.477  0.2379E-01  0.5066E-01  0.5066E-01  0.5066E-01  0.0000E+00  0.0000E+00  0.0000E+00  0.0000E+00  0.0000E+00
     21.642  0.2243E-01  0.4644E-01  0.4644E-01  0.4644E-01  0.0000E+00  0.0000E+00  0.0000E+00  0.0000E+00  0.0000E+00
     21.807  0.2166E-01  0.4559E-01  0.4559E-01  0.4559E-01  0.0000E+00  0.0000E+00  0.0000E+00  0.0000E+00  0.0000E+00
     21.971  0.3114E-01  0.5757E-01  0.5757E-01  0.5757E-01  0.0000E+00  0.0000E+00  0.0000E+00  0.0000E+00  0.0000E+00
     22.136  0.2935E-01  0.5053E-01  0.5053E-01  0.5053E-01  0.0000E+00  0.0000E+00  0.0000E+00  0.0000E+00  0.0000E+00
     22.301  0.3122E-01  0.4903E-01  0.4903E-01  0.4903E-01  0.0000E+00  0.0000E+00  0.0000E+00  0.0000E+00  0.0000E+00
     22.466  0.3372E-01  0.4864E-01  0.4864E-01  0.4864E-01  0.0000E+00  0.0000E+00  0.0000E+00  0.0000E+00  0.0000E+00
     22.631  0.3668E-01  0.4891E-01  0.4891E-01  0.4891E-01  0.0000E+00  0.0000E+00  0.0000E+00  0.0000E+00  0.0000E+00
     22.796  0.3965E-01  0.4994E-01  0.4994E-01  0.4994E-01  0.0000E+00  0.0000E+00  0.0000E+00  0.0000E+00  0.0000E+00
     22.961  0.4446E-01  0.4991E-01  0.4991E-01  0.4991E-01  0.0000E+00  0.0000E+00  0.0000E+00  0.0000E+00  0.0000E+00
     23.125  0.5886E-01  0.4870E-01  0.4870E-01  0.4870E-01  0.0000E+00  0.0000E+00  0.0000E+00  0.0000E+00  0.0000E+00
     23.290  0.5168E-01  0.4847E-01  0.4847E-01  0.4847E-01  0.0000E+00  0.0000E+00  0.0000E+00  0.0000E+00  0.0000E+00
     23.455  0.4805E-01  0.4676E-01  0.4676E-01  0.4676E-01  0.0000E+00  0.0000E+00  0.0000E+00  0.0000E+00  0.0000E+00
     23.620  0.4419E-01  0.4531E-01  0.4531E-01  0.4531E-01  0.0000E+00  0.0000E+00  0.0000E+00  0.0000E+00  0.0000E+00
     23.785  0.4144E-01  0.4385E-01  0.4385E-01  0.4385E-01  0.0000E+00  0.0000E+00  0.0000E+00  0.0000E+00  0.0000E+00
     23.950  0.3829E-01  0.4309E-01  0.4309E-01  0.4309E-01  0.0000E+00  0.0000E+00  0.0000E+00  0.0000E+00  0.0000E+00
     24.115  0.3614E-01  0.4184E-01  0.4184E-01  0.4184E-01  0.0000E+00  0.0000E+00  0.0000E+00  0.0000E+00  0.0000E+00
     24.280  0.3283E-01  0.3819E-01  0.3819E-01  0.3819E-01  0.0000E+00  0.0000E+00  0.0000E+00  0.0000E+00  0.0000E+00
     24.444  0.2874E-01  0.3293E-01  0.3293E-01  0.3293E-01  0.0000E+00  0.0000E+00  0.0000E+00  0.0000E+00  0.0000E+00
     24.609  0.2719E-01  0.3082E-01  0.3082E-01  0.3082E-01  0.0000E+00  0.0000E+00  0.0000E+00  0.0000E+00  0.0000E+00
     24.774  0.2638E-01  0.2955E-01  0.2955E-01  0.2955E-01  0.0000E+00  0.0000E+00  0.0000E+00  0.0000E+00  0.0000E+00
     24.939  0.2601E-01  0.2899E-01  0.2899E-01  0.2899E-01  0.0000E+00  0.0000E+00  0.0000E+00  0.0000E+00  0.0000E+00
     25.104  0.2767E-01  0.2972E-01  0.2972E-01  0.2972E-01  0.0000E+00  0.0000E+00  0.0000E+00  0.0000E+00  0.0000E+00
     25.269  0.3100E-01  0.3079E-01  0.3079E-01  0.3079E-01  0.0000E+00  0.0000E+00  0.0000E+00  0.0000E+00  0.0000E+00
     25.434  0.3379E-01  0.3115E-01  0.3115E-01  0.3115E-01  0.0000E+00  0.0000E+00  0.0000E+00  0.0000E+00  0.0000E+00
     25.598  0.3757E-01  0.3253E-01  0.3253E-01  0.3253E-01  0.0000E+00  0.0000E+00  0.0000E+00  0.0000E+00  0.0000E+00
     25.763  0.4124E-01  0.3353E-01  0.3353E-01  0.3353E-01  0.0000E+00  0.0000E+00  0.0000E+00  0.0000E+00  0.0000E+00
     25.928  0.4536E-01  0.3452E-01  0.3452E-01  0.3452E-01  0.0000E+00  0.0000E+00  0.0000E+00  0.0000E+00  0.0000E+00
     26.093  0.4827E-01  0.3547E-01  0.3547E-01  0.3547E-01  0.0000E+00  0.0000E+00  0.0000E+00  0.0000E+00  0.0000E+00
     26.258  0.5010E-01  0.3700E-01  0.3700E-01  0.3700E-01  0.0000E+00  0.0000E+00  0.0000E+00  0.0000E+00  0.0000E+00
     26.423  0.5582E-01  0.4038E-01  0.4038E-01  0.4038E-01  0.0000E+00  0.0000E+00  0.0000E+00  0.0000E+00  0.0000E+00
     26.588  0.5486E-01  0.4092E-01  0.4092E-01  0.4092E-01  0.0000E+00  0.0000E+00  0.0000E+00  0.0000E+00  0.0000E+00
     26.752  0.5672E-01  0.4216E-01  0.4216E-01  0.4216E-01  0.0000E+00  0.0000E+00  0.0000E+00  0.0000E+00  0.0000E+00
     26.917  0.5704E-01  0.4428E-01  0.4428E-01  0.4428E-01  0.0000E+00  0.0000E+00  0.0000E+00  0.0000E+00  0.0000E+00
     27.082  0.5576E-01  0.4494E-01  0.4494E-01  0.4494E-01  0.0000E+00  0.0000E+00  0.0000E+00  0.0000E+00  0.0000E+00
     27.247  0.5586E-01  0.4702E-01  0.4702E-01  0.4702E-01  0.0000E+00  0.0000E+00  0.0000E+00  0.0000E+00  0.0000E+00
     27.412  0.5331E-01  0.4736E-01  0.4736E-01  0.4736E-01  0.0000E+00  0.0000E+00  0.0000E+00  0.0000E+00  0.0000E+00
     27.577  0.5395E-01  0.5173E-01  0.5173E-01  0.5173E-01  0.0000E+00  0.0000E+00  0.0000E+00  0.0000E+00  0.0000E+00
     27.742  0.5361E-01  0.5046E-01  0.5046E-01  0.5046E-01  0.0000E+00  0.0000E+00  0.0000E+00  0.0000E+00  0.0000E+00
     27.906  0.5371E-01  0.5059E-01  0.5059E-01  0.5059E-01  0.0000E+00  0.0000E+00  0.0000E+00  0.0000E+00  0.0000E+00
     28.071  0.5329E-01  0.5086E-01  0.5086E-01  0.5086E-01  0.0000E+00  0.0000E+00  0.0000E+00  0.0000E+00  0.0000E+00
     28.236  0.5391E-01  0.5160E-01  0.5160E-01  0.5160E-01  0.0000E+00  0.0000E+00  0.0000E+00  0.0000E+00  0.0000E+00
     28.401  0.5992E-01  0.5396E-01  0.5396E-01  0.5396E-01  0.0000E+00  0.0000E+00  0.0000E+00  0.0000E+00  0.0000E+00
     28.566  0.6029E-01  0.5664E-01  0.5664E-01  0.5664E-01  0.0000E+00  0.0000E+00  0.0000E+00  0.0000E+00  0.0000E+00
     28.731  0.5831E-01  0.5695E-01  0.5695E-01  0.5695E-01  0.0000E+00  0.0000E+00  0.0000E+00  0.0000E+00  0.0000E+00
     28.896  0.6318E-01  0.6334E-01  0.6334E-01  0.6334E-01  0.0000E+00  0.0000E+00  0.0000E+00  0.0000E+00  0.0000E+00
     29.061  0.7012E-01  0.6832E-01  0.6832E-01  0.6832E-01  0.0000E+00  0.0000E+00  0.0000E+00  0.0000E+00  0.0000E+00
     29.225  0.1227E+00  0.7885E-01  0.7885E-01  0.7885E-01  0.0000E+00  0.0000E+00  0.0000E+00  0.0000E+00  0.0000E+00
     29.390  0.7603E-01  0.7106E-01  0.7106E-01  0.7106E-01  0.0000E+00  0.0000E+00  0.0000E+00  0.0000E+00  0.0000E+00
     29.555  0.4214E-01  0.6887E-01  0.6887E-01  0.6887E-01  0.0000E+00  0.0000E+00  0.0000E+00  0.0000E+00  0.0000E+00
     29.720  0.3121E-01  0.6716E-01  0.6716E-01  0.6716E-01  0.0000E+00  0.0000E+00  0.0000E+00  0.0000E+00  0.0000E+00
     29.885  0.2624E-01  0.7652E-01  0.7652E-01  0.7652E-01  0.0000E+00  0.0000E+00  0.0000E+00  0.0000E+00  0.0000E+00
     30.050  0.1783E-01  0.8363E-01  0.8363E-01  0.8363E-01  0.0000E+00  0.0000E+00  0.0000E+00  0.0000E+00  0.0000E+00
     30.215  0.1159E-01  0.3626E-01  0.3626E-01  0.3626E-01  0.0000E+00  0.0000E+00  0.0000E+00  0.0000E+00  0.0000E+00
     30.379  0.9427E-02  0.3028E-01  0.3028E-01  0.3028E-01  0.0000E+00  0.0000E+00  0.0000E+00  0.0000E+00  0.0000E+00
     30.544  0.8039E-02  0.2835E-01  0.2835E-01  0.2835E-01  0.0000E+00  0.0000E+00  0.0000E+00  0.0000E+00  0.0000E+00
     30.709  0.6685E-02  0.2645E-01  0.2645E-01  0.2645E-01  0.0000E+00  0.0000E+00  0.0000E+00  0.0000E+00  0.0000E+00
     30.874  0.5432E-02  0.2459E-01  0.2459E-01  0.2459E-01  0.0000E+00  0.0000E+00  0.0000E+00  0.0000E+00  0.0000E+00
     31.039  0.4332E-02  0.2246E-01  0.2246E-01  0.2246E-01  0.0000E+00  0.0000E+00  0.0000E+00  0.0000E+00  0.0000E+00
     31.204  0.3297E-02  0.2039E-01  0.2039E-01  0.2039E-01  0.0000E+00  0.0000E+00  0.0000E+00  0.0000E+00  0.0000E+00
     31.369  0.2370E-02  0.1811E-01  0.1811E-01  0.1811E-01  0.0000E+00  0.0000E+00  0.0000E+00  0.0000E+00  0.0000E+00
     31.533  0.1604E-02  0.1571E-01  0.1571E-01  0.1571E-01  0.0000E+00  0.0000E+00  0.0000E+00  0.0000E+00  0.0000E+00
     31.698  0.9266E-03  0.1301E-01  0.1301E-01  0.1301E-01  0.0000E+00  0.0000E+00  0.0000E+00  0.0000E+00  0.0000E+00
     31.863  0.3976E-03  0.9672E-02  0.9672E-02  0.9672E-02  0.0000E+00  0.0000E+00  0.0000E+00  0.0000E+00  0.0000E+00
     32.028  0.7945E-04  0.5324E-02  0.5324E-02  0.5324E-02  0.0000E+00  0.0000E+00  0.0000E+00  0.0000E+00  0.0000E+00
     32.193  0.1404E-05  0.2117E-03  0.2117E-03  0.2117E-03  0.0000E+00  0.0000E+00  0.0000E+00  0.0000E+00  0.0000E+00
     32.358  0.0000E+00  0.0000E+00  0.0000E+00  0.0000E+00  0.0000E+00  0.0000E+00  0.0000E+00  0.0000E+00  0.0000E+00
     32.523  0.0000E+00  0.0000E+00  0.0000E+00  0.0000E+00  0.0000E+00  0.0000E+00  0.0000E+00  0.0000E+00  0.0000E+00
     32.688  0.0000E+00  0.0000E+00  0.0000E+00  0.0000E+00  0.0000E+00  0.0000E+00  0.0000E+00  0.0000E+00  0.0000E+00
     32.852  0.0000E+00  0.0000E+00  0.0000E+00  0.0000E+00  0.0000E+00  0.0000E+00  0.0000E+00  0.0000E+00  0.0000E+00
     33.017  0.0000E+00  0.0000E+00  0.0000E+00  0.0000E+00  0.0000E+00  0.0000E+00  0.0000E+00  0.0000E+00  0.0000E+00
     33.182  0.0000E+00  0.0000E+00  0.0000E+00  0.0000E+00  0.0000E+00  0.0000E+00  0.0000E+00  0.0000E+00  0.0000E+00
     33.347  0.0000E+00  0.0000E+00  0.0000E+00  0.0000E+00  0.0000E+00  0.0000E+00  0.0000E+00  0.0000E+00  0.0000E+00
     33.512  0.0000E+00  0.0000E+00  0.0000E+00  0.0000E+00  0.0000E+00  0.0000E+00  0.0000E+00  0.0000E+00  0.0000E+00
     33.677  0.0000E+00  0.0000E+00  0.0000E+00  0.0000E+00  0.0000E+00  0.0000E+00  0.0000E+00  0.0000E+00  0.0000E+00
     33.842  0.0000E+00  0.0000E+00  0.0000E+00  0.0000E+00  0.0000E+00  0.0000E+00  0.0000E+00  0.0000E+00  0.0000E+00
     34.006  0.0000E+00  0.0000E+00  0.0000E+00  0.0000E+00  0.0000E+00  0.0000E+00  0.0000E+00  0.0000E+00  0.0000E+00
     34.171  0.0000E+00  0.0000E+00  0.0000E+00  0.0000E+00  0.0000E+00  0.0000E+00  0.0000E+00  0.0000E+00  0.0000E+00
     34.336  0.0000E+00  0.0000E+00  0.0000E+00  0.0000E+00  0.0000E+00  0.0000E+00  0.0000E+00  0.0000E+00  0.0000E+00
