   2   2   1   0
  0.5651640E+01  0.2519068E-09  0.2519068E-09  0.2519068E-09  0.5000000E-15
  1.000000000000000E-004
  CAR 
 C                                       
     29.70103670    -15.01376501  301      9.75988604      1.00000000
    -15.014  0.0000E+00  0.0000E+00
    -14.865  0.0000E+00  0.0000E+00
    -14.716  0.0000E+00  0.0000E+00
    -14.567  0.0000E+00  0.0000E+00
    -14.418  0.0000E+00  0.0000E+00
    -14.269  0.0000E+00  0.0000E+00
    -14.119  0.0000E+00  0.0000E+00
    -13.970  0.0000E+00  0.0000E+00
    -13.821  0.0000E+00  0.0000E+00
    -13.672  0.0000E+00  0.0000E+00
    -13.523  0.0000E+00  0.0000E+00
    -13.374  0.0000E+00  0.0000E+00
    -13.225  0.0000E+00  0.0000E+00
    -13.076  0.0000E+00  0.0000E+00
    -12.927  0.2558E-01  0.7263E-03
    -12.778  0.5786E-01  0.6090E-02
    -12.629  0.6894E-01  0.1421E-01
    -12.480  0.7392E-01  0.2435E-01
    -12.331  0.8465E-01  0.3617E-01
    -12.182  0.9418E-01  0.4947E-01
    -12.033  0.1025E+00  0.6413E-01
    -11.884  0.1106E+00  0.8005E-01
    -11.735  0.1184E+00  0.9711E-01
    -11.586  0.1253E+00  0.1153E+00
    -11.437  0.1325E+00  0.1345E+00
    -11.288  0.1388E+00  0.1547E+00
    -11.138  0.1454E+00  0.1759E+00
    -10.989  0.1514E+00  0.1980E+00
    -10.840  0.1577E+00  0.2211E+00
    -10.691  0.1633E+00  0.2450E+00
    -10.542  0.1693E+00  0.2698E+00
    -10.393  0.1748E+00  0.2954E+00
    -10.244  0.1804E+00  0.3219E+00
    -10.095  0.1859E+00  0.3492E+00
     -9.946  0.1913E+00  0.3773E+00
     -9.797  0.1969E+00  0.4062E+00
     -9.648  0.2022E+00  0.4360E+00
     -9.499  0.2076E+00  0.4665E+00
     -9.350  0.2131E+00  0.4979E+00
     -9.201  0.2184E+00  0.5300E+00
     -9.052  0.2239E+00  0.5630E+00
     -8.903  0.2295E+00  0.5968E+00
     -8.754  0.2351E+00  0.6314E+00
     -8.605  0.2409E+00  0.6669E+00
     -8.456  0.2469E+00  0.7032E+00
     -8.307  0.2530E+00  0.7405E+00
     -8.157  0.2595E+00  0.7786E+00
     -8.008  0.2664E+00  0.8178E+00
     -7.859  0.2738E+00  0.8581E+00
     -7.710  0.2820E+00  0.8995E+00
     -7.561  0.2913E+00  0.9422E+00
     -7.412  0.3024E+00  0.9864E+00
     -7.263  0.3167E+00  0.1033E+01
     -7.114  0.3392E+00  0.1081E+01
     -6.965  0.3726E+00  0.1135E+01
     -6.816  0.3717E+00  0.1190E+01
     -6.667  0.3563E+00  0.1244E+01
     -6.518  0.3440E+00  0.1296E+01
     -6.369  0.3357E+00  0.1347E+01
     -6.220  0.3236E+00  0.1396E+01
     -6.071  0.3146E+00  0.1443E+01
     -5.922  0.3042E+00  0.1490E+01
     -5.773  0.2939E+00  0.1534E+01
     -5.624  0.2841E+00  0.1577E+01
     -5.475  0.2743E+00  0.1619E+01
     -5.326  0.2632E+00  0.1659E+01
     -5.177  0.2541E+00  0.1697E+01
     -5.027  0.2426E+00  0.1734E+01
     -4.878  0.2323E+00  0.1770E+01
     -4.729  0.2213E+00  0.1803E+01
     -4.580  0.2104E+00  0.1836E+01
     -4.431  0.1987E+00  0.1866E+01
     -4.282  0.2063E+00  0.1895E+01
     -4.133  0.2477E+00  0.1929E+01
     -3.984  0.2658E+00  0.1966E+01
     -3.835  0.2456E+00  0.2004E+01
     -3.686  0.2043E+00  0.2036E+01
     -3.537  0.2099E+00  0.2067E+01
     -3.388  0.2287E+00  0.2100E+01
     -3.239  0.2511E+00  0.2135E+01
     -3.090  0.2944E+00  0.2176E+01
     -2.941  0.3491E+00  0.2223E+01
     -2.792  0.4184E+00  0.2280E+01
     -2.643  0.5028E+00  0.2348E+01
     -2.494  0.6741E+00  0.2438E+01
     -2.345  0.6358E+00  0.2537E+01
     -2.196  0.4840E+00  0.2617E+01
     -2.046  0.4349E+00  0.2685E+01
     -1.897  0.3952E+00  0.2747E+01
     -1.748  0.3728E+00  0.2804E+01
     -1.599  0.3460E+00  0.2857E+01
     -1.450  0.3310E+00  0.2908E+01
     -1.301  0.3111E+00  0.2956E+01
     -1.152  0.2984E+00  0.3001E+01
     -1.003  0.2848E+00  0.3045E+01
     -0.854  0.2708E+00  0.3086E+01
     -0.705  0.2612E+00  0.3126E+01
     -0.556  0.2465E+00  0.3163E+01
     -0.407  0.2393E+00  0.3200E+01
     -0.258  0.2298E+00  0.3235E+01
     -0.109  0.2704E+00  0.3269E+01
      0.040  0.3233E+00  0.3314E+01
      0.189  0.3618E+00  0.3365E+01
      0.338  0.3989E+00  0.3421E+01
      0.487  0.4552E+00  0.3485E+01
      0.636  0.5332E+00  0.3559E+01
      0.785  0.5094E+00  0.3636E+01
      0.935  0.4962E+00  0.3711E+01
      1.084  0.4802E+00  0.3784E+01
      1.233  0.4839E+00  0.3855E+01
      1.382  0.4880E+00  0.3927E+01
      1.531  0.4934E+00  0.4000E+01
      1.680  0.5006E+00  0.4074E+01
      1.829  0.5106E+00  0.4150E+01
      1.978  0.5227E+00  0.4227E+01
      2.127  0.5311E+00  0.4305E+01
      2.276  0.5539E+00  0.4385E+01
      2.425  0.5651E+00  0.4468E+01
      2.574  0.5831E+00  0.4553E+01
      2.723  0.6123E+00  0.4642E+01
      2.872  0.6461E+00  0.4735E+01
      3.021  0.7055E+00  0.4834E+01
      3.170  0.7881E+00  0.4946E+01
      3.319  0.7633E+00  0.5058E+01
      3.468  0.7443E+00  0.5170E+01
      3.617  0.7342E+00  0.5280E+01
      3.766  0.7261E+00  0.5389E+01
      3.916  0.7205E+00  0.5496E+01
      4.065  0.7125E+00  0.5603E+01
      4.214  0.7005E+00  0.5708E+01
      4.363  0.6980E+00  0.5813E+01
      4.512  0.6893E+00  0.5916E+01
      4.661  0.6794E+00  0.6018E+01
      4.810  0.6748E+00  0.6119E+01
      4.959  0.6679E+00  0.6219E+01
      5.108  0.6611E+00  0.6318E+01
      5.257  0.6529E+00  0.6416E+01
      5.406  0.6458E+00  0.6513E+01
      5.555  0.6391E+00  0.6608E+01
      5.704  0.6318E+00  0.6703E+01
      5.853  0.6241E+00  0.6797E+01
      6.002  0.6183E+00  0.6889E+01
      6.151  0.6116E+00  0.6981E+01
      6.300  0.6067E+00  0.7072E+01
      6.449  0.5967E+00  0.7162E+01
      6.598  0.5935E+00  0.7250E+01
      6.747  0.5912E+00  0.7338E+01
      6.896  0.4769E+00  0.7415E+01
      7.046  0.4146E+00  0.7480E+01
      7.195  0.3736E+00  0.7539E+01
      7.344  0.3408E+00  0.7592E+01
      7.493  0.3114E+00  0.7640E+01
      7.642  0.2845E+00  0.7685E+01
      7.791  0.2620E+00  0.7725E+01
      7.940  0.2399E+00  0.7763E+01
      8.089  0.2188E+00  0.7797E+01
      8.238  0.2008E+00  0.7828E+01
      8.387  0.1825E+00  0.7857E+01
      8.536  0.1651E+00  0.7883E+01
      8.685  0.1485E+00  0.7906E+01
      8.834  0.1321E+00  0.7927E+01
      8.983  0.1168E+00  0.7945E+01
      9.132  0.1000E+00  0.7962E+01
      9.281  0.8363E-01  0.7975E+01
      9.430  0.6586E-01  0.7987E+01
      9.579  0.4685E-01  0.7995E+01
      9.728  0.1944E-01  0.8000E+01
      9.877  0.0000E+00  0.8000E+01
     10.027  0.0000E+00  0.8000E+01
     10.176  0.0000E+00  0.8000E+01
     10.325  0.0000E+00  0.8000E+01
     10.474  0.0000E+00  0.8000E+01
     10.623  0.0000E+00  0.8000E+01
     10.772  0.0000E+00  0.8000E+01
     10.921  0.0000E+00  0.8000E+01
     11.070  0.0000E+00  0.8000E+01
     11.219  0.0000E+00  0.8000E+01
     11.368  0.0000E+00  0.8000E+01
     11.517  0.0000E+00  0.8000E+01
     11.666  0.0000E+00  0.8000E+01
     11.815  0.0000E+00  0.8000E+01
     11.964  0.0000E+00  0.8000E+01
     12.113  0.0000E+00  0.8000E+01
     12.262  0.0000E+00  0.8000E+01
     12.411  0.0000E+00  0.8000E+01
     12.560  0.0000E+00  0.8000E+01
     12.709  0.0000E+00  0.8000E+01
     12.858  0.0000E+00  0.8000E+01
     13.008  0.0000E+00  0.8000E+01
     13.157  0.0000E+00  0.8000E+01
     13.306  0.0000E+00  0.8000E+01
     13.455  0.0000E+00  0.8000E+01
     13.604  0.0000E+00  0.8000E+01
     13.753  0.0000E+00  0.8000E+01
     13.902  0.0000E+00  0.8000E+01
     14.051  0.0000E+00  0.8000E+01
     14.200  0.5263E-01  0.8003E+01
     14.349  0.8581E-01  0.8013E+01
     14.498  0.1163E+00  0.8028E+01
     14.647  0.1489E+00  0.8047E+01
     14.796  0.1851E+00  0.8072E+01
     14.945  0.2258E+00  0.8102E+01
     15.094  0.2557E+00  0.8138E+01
     15.243  0.2894E+00  0.8178E+01
     15.392  0.3197E+00  0.8223E+01
     15.541  0.3641E+00  0.8274E+01
     15.690  0.4089E+00  0.8331E+01
     15.839  0.4219E+00  0.8393E+01
     15.988  0.4384E+00  0.8457E+01
     16.138  0.4594E+00  0.8524E+01
     16.287  0.4784E+00  0.8594E+01
     16.436  0.4977E+00  0.8666E+01
     16.585  0.5165E+00  0.8742E+01
     16.734  0.5373E+00  0.8820E+01
     16.883  0.5590E+00  0.8902E+01
     17.032  0.5817E+00  0.8987E+01
     17.181  0.6055E+00  0.9076E+01
     17.330  0.6301E+00  0.9168E+01
     17.479  0.6570E+00  0.9264E+01
     17.628  0.6887E+00  0.9364E+01
     17.777  0.7226E+00  0.9469E+01
     17.926  0.7655E+00  0.9580E+01
     18.075  0.8163E+00  0.9697E+01
     18.224  0.8936E+00  0.9824E+01
     18.373  0.1103E+01  0.9969E+01
     18.522  0.1110E+01  0.1013E+02
     18.671  0.9619E+00  0.1029E+02
     18.820  0.1113E+01  0.1042E+02
     18.969  0.1021E+01  0.1057E+02
     19.119  0.8877E+00  0.1071E+02
     19.268  0.8570E+00  0.1084E+02
     19.417  0.8395E+00  0.1096E+02
     19.566  0.7833E+00  0.1108E+02
     19.715  0.7935E+00  0.1120E+02
     19.864  0.7701E+00  0.1132E+02
     20.013  0.7619E+00  0.1143E+02
     20.162  0.7769E+00  0.1155E+02
     20.311  0.7687E+00  0.1166E+02
     20.460  0.7525E+00  0.1178E+02
     20.609  0.7165E+00  0.1188E+02
     20.758  0.6895E+00  0.1199E+02
     20.907  0.6932E+00  0.1209E+02
     21.056  0.6362E+00  0.1219E+02
     21.205  0.5566E+00  0.1228E+02
     21.354  0.5097E+00  0.1236E+02
     21.503  0.5266E+00  0.1243E+02
     21.652  0.5751E+00  0.1252E+02
     21.801  0.5929E+00  0.1260E+02
     21.950  0.5659E+00  0.1269E+02
     22.100  0.5836E+00  0.1277E+02
     22.249  0.6293E+00  0.1286E+02
     22.398  0.6308E+00  0.1295E+02
     22.547  0.6540E+00  0.1305E+02
     22.696  0.6484E+00  0.1315E+02
     22.845  0.6527E+00  0.1324E+02
     22.994  0.6884E+00  0.1334E+02
     23.143  0.6669E+00  0.1344E+02
     23.292  0.6843E+00  0.1354E+02
     23.441  0.6821E+00  0.1365E+02
     23.590  0.7284E+00  0.1375E+02
     23.739  0.7644E+00  0.1386E+02
     23.888  0.8975E+00  0.1398E+02
     24.037  0.8766E+00  0.1411E+02
     24.186  0.9186E+00  0.1424E+02
     24.335  0.7789E+00  0.1437E+02
     24.484  0.7000E+00  0.1448E+02
     24.633  0.7004E+00  0.1458E+02
     24.782  0.7044E+00  0.1468E+02
     24.931  0.8113E+00  0.1480E+02
     25.081  0.8799E+00  0.1492E+02
     25.230  0.8355E+00  0.1506E+02
     25.379  0.7369E+00  0.1517E+02
     25.528  0.6754E+00  0.1528E+02
     25.677  0.6394E+00  0.1537E+02
     25.826  0.5988E+00  0.1547E+02
     25.975  0.5645E+00  0.1555E+02
     26.124  0.5375E+00  0.1564E+02
     26.273  0.5287E+00  0.1571E+02
     26.422  0.5301E+00  0.1579E+02
     26.571  0.3216E+00  0.1585E+02
     26.720  0.2042E+00  0.1588E+02
     26.869  0.1815E+00  0.1591E+02
     27.018  0.1586E+00  0.1593E+02
     27.167  0.1378E+00  0.1596E+02
     27.316  0.1095E+00  0.1597E+02
     27.465  0.8177E-01  0.1599E+02
     27.614  0.5133E-01  0.1600E+02
     27.763  0.2262E-02  0.1600E+02
     27.912  0.0000E+00  0.1600E+02
     28.061  0.0000E+00  0.1600E+02
     28.211  0.0000E+00  0.1600E+02
     28.360  0.0000E+00  0.1600E+02
     28.509  0.0000E+00  0.1600E+02
     28.658  0.0000E+00  0.1600E+02
     28.807  0.0000E+00  0.1600E+02
     28.956  0.0000E+00  0.1600E+02
     29.105  0.0000E+00  0.1600E+02
     29.254  0.0000E+00  0.1600E+02
     29.403  0.0000E+00  0.1600E+02
     29.552  0.0000E+00  0.1600E+02
     29.701  0.0000E+00  0.1600E+02
     29.70103670    -15.01376501  301      9.75988604      1.00000000
    -15.014  0.0000E+00  0.0000E+00  0.0000E+00  0.0000E+00  0.0000E+00  0.0000E+00  0.0000E+00  0.0000E+00  0.0000E+00
    -14.865  0.0000E+00  0.0000E+00  0.0000E+00  0.0000E+00  0.0000E+00  0.0000E+00  0.0000E+00  0.0000E+00  0.0000E+00
    -14.716  0.0000E+00  0.0000E+00  0.0000E+00  0.0000E+00  0.0000E+00  0.0000E+00  0.0000E+00  0.0000E+00  0.0000E+00
    -14.567  0.0000E+00  0.0000E+00  0.0000E+00  0.0000E+00  0.0000E+00  0.0000E+00  0.0000E+00  0.0000E+00  0.0000E+00
    -14.418  0.0000E+00  0.0000E+00  0.0000E+00  0.0000E+00  0.0000E+00  0.0000E+00  0.0000E+00  0.0000E+00  0.0000E+00
    -14.269  0.0000E+00  0.0000E+00  0.0000E+00  0.0000E+00  0.0000E+00  0.0000E+00  0.0000E+00  0.0000E+00  0.0000E+00
    -14.119  0.0000E+00  0.0000E+00  0.0000E+00  0.0000E+00  0.0000E+00  0.0000E+00  0.0000E+00  0.0000E+00  0.0000E+00
    -13.970  0.0000E+00  0.0000E+00  0.0000E+00  0.0000E+00  0.0000E+00  0.0000E+00  0.0000E+00  0.0000E+00  0.0000E+00
    -13.821  0.0000E+00  0.0000E+00  0.0000E+00  0.0000E+00  0.0000E+00  0.0000E+00  0.0000E+00  0.0000E+00  0.0000E+00
    -13.672  0.0000E+00  0.0000E+00  0.0000E+00  0.0000E+00  0.0000E+00  0.0000E+00  0.0000E+00  0.0000E+00  0.0000E+00
    -13.523  0.0000E+00  0.0000E+00  0.0000E+00  0.0000E+00  0.0000E+00  0.0000E+00  0.0000E+00  0.0000E+00  0.0000E+00
    -13.374  0.0000E+00  0.0000E+00  0.0000E+00  0.0000E+00  0.0000E+00  0.0000E+00  0.0000E+00  0.0000E+00  0.0000E+00
    -13.225  0.0000E+00  0.0000E+00  0.0000E+00  0.0000E+00  0.0000E+00  0.0000E+00  0.0000E+00  0.0000E+00  0.0000E+00
    -13.076  0.0000E+00  0.0000E+00  0.0000E+00  0.0000E+00  0.0000E+00  0.0000E+00  0.0000E+00  0.0000E+00  0.0000E+00
    -12.927  0.7210E-02  0.5531E-05  0.5531E-05  0.5531E-05  0.0000E+00  0.0000E+00  0.0000E+00  0.0000E+00  0.0000E+00
    -12.778  0.1624E-01  0.4543E-04  0.4543E-04  0.4543E-04  0.0000E+00  0.0000E+00  0.0000E+00  0.0000E+00  0.0000E+00
    -12.629  0.1926E-01  0.1003E-03  0.1003E-03  0.1003E-03  0.0000E+00  0.0000E+00  0.0000E+00  0.0000E+00  0.0000E+00
    -12.480  0.2055E-01  0.1565E-03  0.1565E-03  0.1565E-03  0.0000E+00  0.0000E+00  0.0000E+00  0.0000E+00  0.0000E+00
    -12.331  0.2342E-01  0.2305E-03  0.2305E-03  0.2305E-03  0.0000E+00  0.0000E+00  0.0000E+00  0.0000E+00  0.0000E+00
    -12.182  0.2594E-01  0.3135E-03  0.3135E-03  0.3135E-03  0.0000E+00  0.0000E+00  0.0000E+00  0.0000E+00  0.0000E+00
    -12.033  0.2811E-01  0.4062E-03  0.4062E-03  0.4062E-03  0.0000E+00  0.0000E+00  0.0000E+00  0.0000E+00  0.0000E+00
    -11.884  0.3020E-01  0.5050E-03  0.5050E-03  0.5050E-03  0.0000E+00  0.0000E+00  0.0000E+00  0.0000E+00  0.0000E+00
    -11.735  0.3219E-01  0.6095E-03  0.6095E-03  0.6095E-03  0.0000E+00  0.0000E+00  0.0000E+00  0.0000E+00  0.0000E+00
    -11.586  0.3392E-01  0.7231E-03  0.7231E-03  0.7231E-03  0.0000E+00  0.0000E+00  0.0000E+00  0.0000E+00  0.0000E+00
    -11.437  0.3571E-01  0.8393E-03  0.8393E-03  0.8393E-03  0.0000E+00  0.0000E+00  0.0000E+00  0.0000E+00  0.0000E+00
    -11.288  0.3725E-01  0.9650E-03  0.9650E-03  0.9650E-03  0.0000E+00  0.0000E+00  0.0000E+00  0.0000E+00  0.0000E+00
    -11.138  0.3887E-01  0.1092E-02  0.1092E-02  0.1092E-02  0.0000E+00  0.0000E+00  0.0000E+00  0.0000E+00  0.0000E+00
    -10.989  0.4029E-01  0.1229E-02  0.1229E-02  0.1229E-02  0.0000E+00  0.0000E+00  0.0000E+00  0.0000E+00  0.0000E+00
    -10.840  0.4180E-01  0.1366E-02  0.1366E-02  0.1366E-02  0.0000E+00  0.0000E+00  0.0000E+00  0.0000E+00  0.0000E+00
    -10.691  0.4311E-01  0.1512E-02  0.1512E-02  0.1512E-02  0.0000E+00  0.0000E+00  0.0000E+00  0.0000E+00  0.0000E+00
    -10.542  0.4452E-01  0.1659E-02  0.1659E-02  0.1659E-02  0.0000E+00  0.0000E+00  0.0000E+00  0.0000E+00  0.0000E+00
    -10.393  0.4578E-01  0.1814E-02  0.1814E-02  0.1814E-02  0.0000E+00  0.0000E+00  0.0000E+00  0.0000E+00  0.0000E+00
    -10.244  0.4708E-01  0.1971E-02  0.1971E-02  0.1971E-02  0.0000E+00  0.0000E+00  0.0000E+00  0.0000E+00  0.0000E+00
    -10.095  0.4835E-01  0.2133E-02  0.2133E-02  0.2133E-02  0.0000E+00  0.0000E+00  0.0000E+00  0.0000E+00  0.0000E+00
     -9.946  0.4956E-01  0.2301E-02  0.2301E-02  0.2301E-02  0.0000E+00  0.0000E+00  0.0000E+00  0.0000E+00  0.0000E+00
     -9.797  0.5085E-01  0.2467E-02  0.2467E-02  0.2467E-02  0.0000E+00  0.0000E+00  0.0000E+00  0.0000E+00  0.0000E+00
     -9.648  0.5203E-01  0.2645E-02  0.2645E-02  0.2645E-02  0.0000E+00  0.0000E+00  0.0000E+00  0.0000E+00  0.0000E+00
     -9.499  0.5325E-01  0.2822E-02  0.2822E-02  0.2822E-02  0.0000E+00  0.0000E+00  0.0000E+00  0.0000E+00  0.0000E+00
     -9.350  0.5450E-01  0.3003E-02  0.3003E-02  0.3003E-02  0.0000E+00  0.0000E+00  0.0000E+00  0.0000E+00  0.0000E+00
     -9.201  0.5570E-01  0.3191E-02  0.3191E-02  0.3191E-02  0.0000E+00  0.0000E+00  0.0000E+00  0.0000E+00  0.0000E+00
     -9.052  0.5697E-01  0.3379E-02  0.3379E-02  0.3379E-02  0.0000E+00  0.0000E+00  0.0000E+00  0.0000E+00  0.0000E+00
     -8.903  0.5824E-01  0.3572E-02  0.3572E-02  0.3572E-02  0.0000E+00  0.0000E+00  0.0000E+00  0.0000E+00  0.0000E+00
     -8.754  0.5953E-01  0.3772E-02  0.3772E-02  0.3772E-02  0.0000E+00  0.0000E+00  0.0000E+00  0.0000E+00  0.0000E+00
     -8.605  0.6090E-01  0.3971E-02  0.3971E-02  0.3971E-02  0.0000E+00  0.0000E+00  0.0000E+00  0.0000E+00  0.0000E+00
     -8.456  0.6231E-01  0.4177E-02  0.4177E-02  0.4177E-02  0.0000E+00  0.0000E+00  0.0000E+00  0.0000E+00  0.0000E+00
     -8.307  0.6378E-01  0.4389E-02  0.4389E-02  0.4389E-02  0.0000E+00  0.0000E+00  0.0000E+00  0.0000E+00  0.0000E+00
     -8.157  0.6537E-01  0.4602E-02  0.4602E-02  0.4602E-02  0.0000E+00  0.0000E+00  0.0000E+00  0.0000E+00  0.0000E+00
     -8.008  0.6709E-01  0.4823E-02  0.4823E-02  0.4823E-02  0.0000E+00  0.0000E+00  0.0000E+00  0.0000E+00  0.0000E+00
     -7.859  0.6897E-01  0.5053E-02  0.5053E-02  0.5053E-02  0.0000E+00  0.0000E+00  0.0000E+00  0.0000E+00  0.0000E+00
     -7.710  0.7110E-01  0.5287E-02  0.5287E-02  0.5287E-02  0.0000E+00  0.0000E+00  0.0000E+00  0.0000E+00  0.0000E+00
     -7.561  0.7359E-01  0.5533E-02  0.5533E-02  0.5533E-02  0.0000E+00  0.0000E+00  0.0000E+00  0.0000E+00  0.0000E+00
     -7.412  0.7662E-01  0.5803E-02  0.5803E-02  0.5803E-02  0.0000E+00  0.0000E+00  0.0000E+00  0.0000E+00  0.0000E+00
     -7.263  0.8065E-01  0.6102E-02  0.6102E-02  0.6102E-02  0.0000E+00  0.0000E+00  0.0000E+00  0.0000E+00  0.0000E+00
     -7.114  0.8715E-01  0.6485E-02  0.6485E-02  0.6485E-02  0.0000E+00  0.0000E+00  0.0000E+00  0.0000E+00  0.0000E+00
     -6.965  0.9696E-01  0.6997E-02  0.6997E-02  0.6997E-02  0.0000E+00  0.0000E+00  0.0000E+00  0.0000E+00  0.0000E+00
     -6.816  0.9668E-01  0.7134E-02  0.7134E-02  0.7134E-02  0.0000E+00  0.0000E+00  0.0000E+00  0.0000E+00  0.0000E+00
     -6.667  0.9217E-01  0.7088E-02  0.7088E-02  0.7088E-02  0.0000E+00  0.0000E+00  0.0000E+00  0.0000E+00  0.0000E+00
     -6.518  0.8859E-01  0.7073E-02  0.7073E-02  0.7073E-02  0.0000E+00  0.0000E+00  0.0000E+00  0.0000E+00  0.0000E+00
     -6.369  0.8620E-01  0.7097E-02  0.7097E-02  0.7097E-02  0.0000E+00  0.0000E+00  0.0000E+00  0.0000E+00  0.0000E+00
     -6.220  0.8275E-01  0.7043E-02  0.7043E-02  0.7043E-02  0.0000E+00  0.0000E+00  0.0000E+00  0.0000E+00  0.0000E+00
     -6.071  0.8018E-01  0.7043E-02  0.7043E-02  0.7043E-02  0.0000E+00  0.0000E+00  0.0000E+00  0.0000E+00  0.0000E+00
     -5.922  0.7725E-01  0.6993E-02  0.6993E-02  0.6993E-02  0.0000E+00  0.0000E+00  0.0000E+00  0.0000E+00  0.0000E+00
     -5.773  0.7437E-01  0.6933E-02  0.6933E-02  0.6933E-02  0.0000E+00  0.0000E+00  0.0000E+00  0.0000E+00  0.0000E+00
     -5.624  0.7163E-01  0.6881E-02  0.6881E-02  0.6881E-02  0.0000E+00  0.0000E+00  0.0000E+00  0.0000E+00  0.0000E+00
     -5.475  0.6892E-01  0.6804E-02  0.6804E-02  0.6804E-02  0.0000E+00  0.0000E+00  0.0000E+00  0.0000E+00  0.0000E+00
     -5.326  0.6588E-01  0.6696E-02  0.6696E-02  0.6696E-02  0.0000E+00  0.0000E+00  0.0000E+00  0.0000E+00  0.0000E+00
     -5.177  0.6339E-01  0.6616E-02  0.6616E-02  0.6616E-02  0.0000E+00  0.0000E+00  0.0000E+00  0.0000E+00  0.0000E+00
     -5.027  0.6028E-01  0.6474E-02  0.6474E-02  0.6474E-02  0.0000E+00  0.0000E+00  0.0000E+00  0.0000E+00  0.0000E+00
     -4.878  0.5749E-01  0.6339E-02  0.6339E-02  0.6339E-02  0.0000E+00  0.0000E+00  0.0000E+00  0.0000E+00  0.0000E+00
     -4.729  0.5456E-01  0.6185E-02  0.6185E-02  0.6185E-02  0.0000E+00  0.0000E+00  0.0000E+00  0.0000E+00  0.0000E+00
     -4.580  0.5165E-01  0.6010E-02  0.6010E-02  0.6010E-02  0.0000E+00  0.0000E+00  0.0000E+00  0.0000E+00  0.0000E+00
     -4.431  0.4856E-01  0.5814E-02  0.5814E-02  0.5814E-02  0.0000E+00  0.0000E+00  0.0000E+00  0.0000E+00  0.0000E+00
     -4.282  0.4722E-01  0.6774E-02  0.6774E-02  0.6774E-02  0.0000E+00  0.0000E+00  0.0000E+00  0.0000E+00  0.0000E+00
     -4.133  0.4925E-01  0.9750E-02  0.9750E-02  0.9750E-02  0.0000E+00  0.0000E+00  0.0000E+00  0.0000E+00  0.0000E+00
     -3.984  0.5013E-01  0.1111E-01  0.1111E-01  0.1111E-01  0.0000E+00  0.0000E+00  0.0000E+00  0.0000E+00  0.0000E+00
     -3.835  0.4253E-01  0.1114E-01  0.1114E-01  0.1114E-01  0.0000E+00  0.0000E+00  0.0000E+00  0.0000E+00  0.0000E+00
     -3.686  0.3013E-01  0.1041E-01  0.1041E-01  0.1041E-01  0.0000E+00  0.0000E+00  0.0000E+00  0.0000E+00  0.0000E+00
     -3.537  0.2884E-01  0.1120E-01  0.1120E-01  0.1120E-01  0.0000E+00  0.0000E+00  0.0000E+00  0.0000E+00  0.0000E+00
     -3.388  0.3040E-01  0.1248E-01  0.1248E-01  0.1248E-01  0.0000E+00  0.0000E+00  0.0000E+00  0.0000E+00  0.0000E+00
     -3.239  0.3305E-01  0.1386E-01  0.1386E-01  0.1386E-01  0.0000E+00  0.0000E+00  0.0000E+00  0.0000E+00  0.0000E+00
     -3.090  0.4028E-01  0.1606E-01  0.1606E-01  0.1606E-01  0.0000E+00  0.0000E+00  0.0000E+00  0.0000E+00  0.0000E+00
     -2.941  0.5028E-01  0.1870E-01  0.1870E-01  0.1870E-01  0.0000E+00  0.0000E+00  0.0000E+00  0.0000E+00  0.0000E+00
     -2.792  0.6300E-01  0.2206E-01  0.2206E-01  0.2206E-01  0.0000E+00  0.0000E+00  0.0000E+00  0.0000E+00  0.0000E+00
     -2.643  0.7800E-01  0.2628E-01  0.2628E-01  0.2628E-01  0.0000E+00  0.0000E+00  0.0000E+00  0.0000E+00  0.0000E+00
     -2.494  0.1084E+00  0.3480E-01  0.3480E-01  0.3480E-01  0.0000E+00  0.0000E+00  0.0000E+00  0.0000E+00  0.0000E+00
     -2.345  0.1038E+00  0.3280E-01  0.3280E-01  0.3280E-01  0.0000E+00  0.0000E+00  0.0000E+00  0.0000E+00  0.0000E+00
     -2.196  0.7756E-01  0.2545E-01  0.2545E-01  0.2545E-01  0.0000E+00  0.0000E+00  0.0000E+00  0.0000E+00  0.0000E+00
     -2.046  0.6921E-01  0.2313E-01  0.2313E-01  0.2313E-01  0.0000E+00  0.0000E+00  0.0000E+00  0.0000E+00  0.0000E+00
     -1.897  0.6226E-01  0.2132E-01  0.2132E-01  0.2132E-01  0.0000E+00  0.0000E+00  0.0000E+00  0.0000E+00  0.0000E+00
     -1.748  0.5839E-01  0.2032E-01  0.2032E-01  0.2032E-01  0.0000E+00  0.0000E+00  0.0000E+00  0.0000E+00  0.0000E+00
     -1.599  0.5359E-01  0.1913E-01  0.1913E-01  0.1913E-01  0.0000E+00  0.0000E+00  0.0000E+00  0.0000E+00  0.0000E+00
     -1.450  0.5090E-01  0.1851E-01  0.1851E-01  0.1851E-01  0.0000E+00  0.0000E+00  0.0000E+00  0.0000E+00  0.0000E+00
     -1.301  0.4729E-01  0.1764E-01  0.1764E-01  0.1764E-01  0.0000E+00  0.0000E+00  0.0000E+00  0.0000E+00  0.0000E+00
     -1.152  0.4495E-01  0.1713E-01  0.1713E-01  0.1713E-01  0.0000E+00  0.0000E+00  0.0000E+00  0.0000E+00  0.0000E+00
     -1.003  0.4243E-01  0.1656E-01  0.1656E-01  0.1656E-01  0.0000E+00  0.0000E+00  0.0000E+00  0.0000E+00  0.0000E+00
     -0.854  0.3984E-01  0.1595E-01  0.1595E-01  0.1595E-01  0.0000E+00  0.0000E+00  0.0000E+00  0.0000E+00  0.0000E+00
     -0.705  0.3803E-01  0.1558E-01  0.1558E-01  0.1558E-01  0.0000E+00  0.0000E+00  0.0000E+00  0.0000E+00  0.0000E+00
     -0.556  0.3536E-01  0.1491E-01  0.1491E-01  0.1491E-01  0.0000E+00  0.0000E+00  0.0000E+00  0.0000E+00  0.0000E+00
     -0.407  0.3397E-01  0.1465E-01  0.1465E-01  0.1465E-01  0.0000E+00  0.0000E+00  0.0000E+00  0.0000E+00  0.0000E+00
     -0.258  0.3218E-01  0.1425E-01  0.1425E-01  0.1425E-01  0.0000E+00  0.0000E+00  0.0000E+00  0.0000E+00  0.0000E+00
     -0.109  0.3077E-01  0.1821E-01  0.1821E-01  0.1821E-01  0.0000E+00  0.0000E+00  0.0000E+00  0.0000E+00  0.0000E+00
      0.040  0.3052E-01  0.2308E-01  0.2308E-01  0.2308E-01  0.0000E+00  0.0000E+00  0.0000E+00  0.0000E+00  0.0000E+00
      0.189  0.2988E-01  0.2681E-01  0.2681E-01  0.2681E-01  0.0000E+00  0.0000E+00  0.0000E+00  0.0000E+00  0.0000E+00
      0.338  0.2980E-01  0.3034E-01  0.3034E-01  0.3034E-01  0.0000E+00  0.0000E+00  0.0000E+00  0.0000E+00  0.0000E+00
      0.487  0.3042E-01  0.3553E-01  0.3553E-01  0.3553E-01  0.0000E+00  0.0000E+00  0.0000E+00  0.0000E+00  0.0000E+00
      0.636  0.3118E-01  0.4277E-01  0.4277E-01  0.4277E-01  0.0000E+00  0.0000E+00  0.0000E+00  0.0000E+00  0.0000E+00
      0.785  0.3107E-01  0.4088E-01  0.4088E-01  0.4088E-01  0.0000E+00  0.0000E+00  0.0000E+00  0.0000E+00  0.0000E+00
      0.935  0.3100E-01  0.3995E-01  0.3995E-01  0.3995E-01  0.0000E+00  0.0000E+00  0.0000E+00  0.0000E+00  0.0000E+00
      1.084  0.3031E-01  0.3888E-01  0.3888E-01  0.3888E-01  0.0000E+00  0.0000E+00  0.0000E+00  0.0000E+00  0.0000E+00
      1.233  0.3007E-01  0.3953E-01  0.3953E-01  0.3953E-01  0.0000E+00  0.0000E+00  0.0000E+00  0.0000E+00  0.0000E+00
      1.382  0.2986E-01  0.4024E-01  0.4024E-01  0.4024E-01  0.0000E+00  0.0000E+00  0.0000E+00  0.0000E+00  0.0000E+00
      1.531  0.2907E-01  0.4118E-01  0.4118E-01  0.4118E-01  0.0000E+00  0.0000E+00  0.0000E+00  0.0000E+00  0.0000E+00
      1.680  0.2863E-01  0.4225E-01  0.4225E-01  0.4225E-01  0.0000E+00  0.0000E+00  0.0000E+00  0.0000E+00  0.0000E+00
      1.829  0.2827E-01  0.4357E-01  0.4357E-01  0.4357E-01  0.0000E+00  0.0000E+00  0.0000E+00  0.0000E+00  0.0000E+00
      1.978  0.2761E-01  0.4522E-01  0.4522E-01  0.4522E-01  0.0000E+00  0.0000E+00  0.0000E+00  0.0000E+00  0.0000E+00
      2.127  0.2685E-01  0.4650E-01  0.4650E-01  0.4650E-01  0.0000E+00  0.0000E+00  0.0000E+00  0.0000E+00  0.0000E+00
      2.276  0.2648E-01  0.4921E-01  0.4921E-01  0.4921E-01  0.0000E+00  0.0000E+00  0.0000E+00  0.0000E+00  0.0000E+00
      2.425  0.2577E-01  0.5083E-01  0.5083E-01  0.5083E-01  0.0000E+00  0.0000E+00  0.0000E+00  0.0000E+00  0.0000E+00
      2.574  0.2486E-01  0.5323E-01  0.5323E-01  0.5323E-01  0.0000E+00  0.0000E+00  0.0000E+00  0.0000E+00  0.0000E+00
      2.723  0.2437E-01  0.5674E-01  0.5674E-01  0.5674E-01  0.0000E+00  0.0000E+00  0.0000E+00  0.0000E+00  0.0000E+00
      2.872  0.2374E-01  0.6084E-01  0.6084E-01  0.6084E-01  0.0000E+00  0.0000E+00  0.0000E+00  0.0000E+00  0.0000E+00
      3.021  0.2289E-01  0.6783E-01  0.6783E-01  0.6783E-01  0.0000E+00  0.0000E+00  0.0000E+00  0.0000E+00  0.0000E+00
      3.170  0.2202E-01  0.7745E-01  0.7745E-01  0.7745E-01  0.0000E+00  0.0000E+00  0.0000E+00  0.0000E+00  0.0000E+00
      3.319  0.2132E-01  0.7528E-01  0.7528E-01  0.7528E-01  0.0000E+00  0.0000E+00  0.0000E+00  0.0000E+00  0.0000E+00
      3.468  0.2054E-01  0.7373E-01  0.7373E-01  0.7373E-01  0.0000E+00  0.0000E+00  0.0000E+00  0.0000E+00  0.0000E+00
      3.617  0.1951E-01  0.7326E-01  0.7326E-01  0.7326E-01  0.0000E+00  0.0000E+00  0.0000E+00  0.0000E+00  0.0000E+00
      3.766  0.1886E-01  0.7287E-01  0.7287E-01  0.7287E-01  0.0000E+00  0.0000E+00  0.0000E+00  0.0000E+00  0.0000E+00
      3.916  0.1821E-01  0.7275E-01  0.7275E-01  0.7275E-01  0.0000E+00  0.0000E+00  0.0000E+00  0.0000E+00  0.0000E+00
      4.065  0.1736E-01  0.7246E-01  0.7246E-01  0.7246E-01  0.0000E+00  0.0000E+00  0.0000E+00  0.0000E+00  0.0000E+00
      4.214  0.1648E-01  0.7170E-01  0.7170E-01  0.7170E-01  0.0000E+00  0.0000E+00  0.0000E+00  0.0000E+00  0.0000E+00
      4.363  0.1591E-01  0.7192E-01  0.7192E-01  0.7192E-01  0.0000E+00  0.0000E+00  0.0000E+00  0.0000E+00  0.0000E+00
      4.512  0.1516E-01  0.7149E-01  0.7149E-01  0.7149E-01  0.0000E+00  0.0000E+00  0.0000E+00  0.0000E+00  0.0000E+00
      4.661  0.1432E-01  0.7095E-01  0.7095E-01  0.7095E-01  0.0000E+00  0.0000E+00  0.0000E+00  0.0000E+00  0.0000E+00
      4.810  0.1365E-01  0.7098E-01  0.7098E-01  0.7098E-01  0.0000E+00  0.0000E+00  0.0000E+00  0.0000E+00  0.0000E+00
      4.959  0.1304E-01  0.7070E-01  0.7070E-01  0.7070E-01  0.0000E+00  0.0000E+00  0.0000E+00  0.0000E+00  0.0000E+00
      5.108  0.1235E-01  0.7048E-01  0.7048E-01  0.7048E-01  0.0000E+00  0.0000E+00  0.0000E+00  0.0000E+00  0.0000E+00
      5.257  0.1156E-01  0.7010E-01  0.7010E-01  0.7010E-01  0.0000E+00  0.0000E+00  0.0000E+00  0.0000E+00  0.0000E+00
      5.406  0.1090E-01  0.6983E-01  0.6983E-01  0.6983E-01  0.0000E+00  0.0000E+00  0.0000E+00  0.0000E+00  0.0000E+00
      5.555  0.1025E-01  0.6960E-01  0.6960E-01  0.6960E-01  0.0000E+00  0.0000E+00  0.0000E+00  0.0000E+00  0.0000E+00
      5.704  0.9622E-02  0.6928E-01  0.6928E-01  0.6928E-01  0.0000E+00  0.0000E+00  0.0000E+00  0.0000E+00  0.0000E+00
      5.853  0.8927E-02  0.6895E-01  0.6895E-01  0.6895E-01  0.0000E+00  0.0000E+00  0.0000E+00  0.0000E+00  0.0000E+00
      6.002  0.8369E-02  0.6879E-01  0.6879E-01  0.6879E-01  0.0000E+00  0.0000E+00  0.0000E+00  0.0000E+00  0.0000E+00
      6.151  0.7837E-02  0.6852E-01  0.6852E-01  0.6852E-01  0.0000E+00  0.0000E+00  0.0000E+00  0.0000E+00  0.0000E+00
      6.300  0.7211E-02  0.6849E-01  0.6849E-01  0.6849E-01  0.0000E+00  0.0000E+00  0.0000E+00  0.0000E+00  0.0000E+00
      6.449  0.6508E-02  0.6788E-01  0.6788E-01  0.6788E-01  0.0000E+00  0.0000E+00  0.0000E+00  0.0000E+00  0.0000E+00
      6.598  0.5992E-02  0.6801E-01  0.6801E-01  0.6801E-01  0.0000E+00  0.0000E+00  0.0000E+00  0.0000E+00  0.0000E+00
      6.747  0.5480E-02  0.6826E-01  0.6826E-01  0.6826E-01  0.0000E+00  0.0000E+00  0.0000E+00  0.0000E+00  0.0000E+00
      6.896  0.4932E-02  0.5493E-01  0.5493E-01  0.5493E-01  0.0000E+00  0.0000E+00  0.0000E+00  0.0000E+00  0.0000E+00
      7.046  0.4408E-02  0.4784E-01  0.4784E-01  0.4784E-01  0.0000E+00  0.0000E+00  0.0000E+00  0.0000E+00  0.0000E+00
      7.195  0.4017E-02  0.4320E-01  0.4320E-01  0.4320E-01  0.0000E+00  0.0000E+00  0.0000E+00  0.0000E+00  0.0000E+00
      7.344  0.3639E-02  0.3953E-01  0.3953E-01  0.3953E-01  0.0000E+00  0.0000E+00  0.0000E+00  0.0000E+00  0.0000E+00
      7.493  0.3248E-02  0.3626E-01  0.3626E-01  0.3626E-01  0.0000E+00  0.0000E+00  0.0000E+00  0.0000E+00  0.0000E+00
      7.642  0.2872E-02  0.3325E-01  0.3325E-01  0.3325E-01  0.0000E+00  0.0000E+00  0.0000E+00  0.0000E+00  0.0000E+00
      7.791  0.2584E-02  0.3074E-01  0.3074E-01  0.3074E-01  0.0000E+00  0.0000E+00  0.0000E+00  0.0000E+00  0.0000E+00
      7.940  0.2281E-02  0.2826E-01  0.2826E-01  0.2826E-01  0.0000E+00  0.0000E+00  0.0000E+00  0.0000E+00  0.0000E+00
      8.089  0.1956E-02  0.2590E-01  0.2590E-01  0.2590E-01  0.0000E+00  0.0000E+00  0.0000E+00  0.0000E+00  0.0000E+00
      8.238  0.1712E-02  0.2386E-01  0.2386E-01  0.2386E-01  0.0000E+00  0.0000E+00  0.0000E+00  0.0000E+00  0.0000E+00
      8.387  0.1468E-02  0.2178E-01  0.2178E-01  0.2178E-01  0.0000E+00  0.0000E+00  0.0000E+00  0.0000E+00  0.0000E+00
      8.536  0.1219E-02  0.1981E-01  0.1981E-01  0.1981E-01  0.0000E+00  0.0000E+00  0.0000E+00  0.0000E+00  0.0000E+00
      8.685  0.1002E-02  0.1789E-01  0.1789E-01  0.1789E-01  0.0000E+00  0.0000E+00  0.0000E+00  0.0000E+00  0.0000E+00
      8.834  0.7996E-03  0.1600E-01  0.1600E-01  0.1600E-01  0.0000E+00  0.0000E+00  0.0000E+00  0.0000E+00  0.0000E+00
      8.983  0.6165E-03  0.1421E-01  0.1421E-01  0.1421E-01  0.0000E+00  0.0000E+00  0.0000E+00  0.0000E+00  0.0000E+00
      9.132  0.4493E-03  0.1223E-01  0.1223E-01  0.1223E-01  0.0000E+00  0.0000E+00  0.0000E+00  0.0000E+00  0.0000E+00
      9.281  0.3036E-03  0.1028E-01  0.1028E-01  0.1028E-01  0.0000E+00  0.0000E+00  0.0000E+00  0.0000E+00  0.0000E+00
      9.430  0.1693E-03  0.8139E-02  0.8139E-02  0.8139E-02  0.0000E+00  0.0000E+00  0.0000E+00  0.0000E+00  0.0000E+00
      9.579  0.7476E-04  0.5818E-02  0.5818E-02  0.5818E-02  0.0000E+00  0.0000E+00  0.0000E+00  0.0000E+00  0.0000E+00
      9.728  0.1370E-04  0.2425E-02  0.2425E-02  0.2425E-02  0.0000E+00  0.0000E+00  0.0000E+00  0.0000E+00  0.0000E+00
      9.877  0.0000E+00  0.0000E+00  0.0000E+00  0.0000E+00  0.0000E+00  0.0000E+00  0.0000E+00  0.0000E+00  0.0000E+00
     10.027  0.0000E+00  0.0000E+00  0.0000E+00  0.0000E+00  0.0000E+00  0.0000E+00  0.0000E+00  0.0000E+00  0.0000E+00
     10.176  0.0000E+00  0.0000E+00  0.0000E+00  0.0000E+00  0.0000E+00  0.0000E+00  0.0000E+00  0.0000E+00  0.0000E+00
     10.325  0.0000E+00  0.0000E+00  0.0000E+00  0.0000E+00  0.0000E+00  0.0000E+00  0.0000E+00  0.0000E+00  0.0000E+00
     10.474  0.0000E+00  0.0000E+00  0.0000E+00  0.0000E+00  0.0000E+00  0.0000E+00  0.0000E+00  0.0000E+00  0.0000E+00
     10.623  0.0000E+00  0.0000E+00  0.0000E+00  0.0000E+00  0.0000E+00  0.0000E+00  0.0000E+00  0.0000E+00  0.0000E+00
     10.772  0.0000E+00  0.0000E+00  0.0000E+00  0.0000E+00  0.0000E+00  0.0000E+00  0.0000E+00  0.0000E+00  0.0000E+00
     10.921  0.0000E+00  0.0000E+00  0.0000E+00  0.0000E+00  0.0000E+00  0.0000E+00  0.0000E+00  0.0000E+00  0.0000E+00
     11.070  0.0000E+00  0.0000E+00  0.0000E+00  0.0000E+00  0.0000E+00  0.0000E+00  0.0000E+00  0.0000E+00  0.0000E+00
     11.219  0.0000E+00  0.0000E+00  0.0000E+00  0.0000E+00  0.0000E+00  0.0000E+00  0.0000E+00  0.0000E+00  0.0000E+00
     11.368  0.0000E+00  0.0000E+00  0.0000E+00  0.0000E+00  0.0000E+00  0.0000E+00  0.0000E+00  0.0000E+00  0.0000E+00
     11.517  0.0000E+00  0.0000E+00  0.0000E+00  0.0000E+00  0.0000E+00  0.0000E+00  0.0000E+00  0.0000E+00  0.0000E+00
     11.666  0.0000E+00  0.0000E+00  0.0000E+00  0.0000E+00  0.0000E+00  0.0000E+00  0.0000E+00  0.0000E+00  0.0000E+00
     11.815  0.0000E+00  0.0000E+00  0.0000E+00  0.0000E+00  0.0000E+00  0.0000E+00  0.0000E+00  0.0000E+00  0.0000E+00
     11.964  0.0000E+00  0.0000E+00  0.0000E+00  0.0000E+00  0.0000E+00  0.0000E+00  0.0000E+00  0.0000E+00  0.0000E+00
     12.113  0.0000E+00  0.0000E+00  0.0000E+00  0.0000E+00  0.0000E+00  0.0000E+00  0.0000E+00  0.0000E+00  0.0000E+00
     12.262  0.0000E+00  0.0000E+00  0.0000E+00  0.0000E+00  0.0000E+00  0.0000E+00  0.0000E+00  0.0000E+00  0.0000E+00
     12.411  0.0000E+00  0.0000E+00  0.0000E+00  0.0000E+00  0.0000E+00  0.0000E+00  0.0000E+00  0.0000E+00  0.0000E+00
     12.560  0.0000E+00  0.0000E+00  0.0000E+00  0.0000E+00  0.0000E+00  0.0000E+00  0.0000E+00  0.0000E+00  0.0000E+00
     12.709  0.0000E+00  0.0000E+00  0.0000E+00  0.0000E+00  0.0000E+00  0.0000E+00  0.0000E+00  0.0000E+00  0.0000E+00
     12.858  0.0000E+00  0.0000E+00  0.0000E+00  0.0000E+00  0.0000E+00  0.0000E+00  0.0000E+00  0.0000E+00  0.0000E+00
     13.008  0.0000E+00  0.0000E+00  0.0000E+00  0.0000E+00  0.0000E+00  0.0000E+00  0.0000E+00  0.0000E+00  0.0000E+00
     13.157  0.0000E+00  0.0000E+00  0.0000E+00  0.0000E+00  0.0000E+00  0.0000E+00  0.0000E+00  0.0000E+00  0.0000E+00
     13.306  0.0000E+00  0.0000E+00  0.0000E+00  0.0000E+00  0.0000E+00  0.0000E+00  0.0000E+00  0.0000E+00  0.0000E+00
     13.455  0.0000E+00  0.0000E+00  0.0000E+00  0.0000E+00  0.0000E+00  0.0000E+00  0.0000E+00  0.0000E+00  0.0000E+00
     13.604  0.0000E+00  0.0000E+00  0.0000E+00  0.0000E+00  0.0000E+00  0.0000E+00  0.0000E+00  0.0000E+00  0.0000E+00
     13.753  0.0000E+00  0.0000E+00  0.0000E+00  0.0000E+00  0.0000E+00  0.0000E+00  0.0000E+00  0.0000E+00  0.0000E+00
     13.902  0.0000E+00  0.0000E+00  0.0000E+00  0.0000E+00  0.0000E+00  0.0000E+00  0.0000E+00  0.0000E+00  0.0000E+00
     14.051  0.0000E+00  0.0000E+00  0.0000E+00  0.0000E+00  0.0000E+00  0.0000E+00  0.0000E+00  0.0000E+00  0.0000E+00
     14.200  0.5458E-02  0.1841E-02  0.1841E-02  0.1841E-02  0.0000E+00  0.0000E+00  0.0000E+00  0.0000E+00  0.0000E+00
     14.349  0.8633E-02  0.3149E-02  0.3149E-02  0.3149E-02  0.0000E+00  0.0000E+00  0.0000E+00  0.0000E+00  0.0000E+00
     14.498  0.1131E-01  0.4480E-02  0.4480E-02  0.4480E-02  0.0000E+00  0.0000E+00  0.0000E+00  0.0000E+00  0.0000E+00
     14.647  0.1403E-01  0.5960E-02  0.5960E-02  0.5960E-02  0.0000E+00  0.0000E+00  0.0000E+00  0.0000E+00  0.0000E+00
     14.796  0.1729E-01  0.7356E-02  0.7356E-02  0.7356E-02  0.0000E+00  0.0000E+00  0.0000E+00  0.0000E+00  0.0000E+00
     14.945  0.2058E-01  0.9155E-02  0.9155E-02  0.9155E-02  0.0000E+00  0.0000E+00  0.0000E+00  0.0000E+00  0.0000E+00
     15.094  0.2251E-01  0.1079E-01  0.1079E-01  0.1079E-01  0.0000E+00  0.0000E+00  0.0000E+00  0.0000E+00  0.0000E+00
     15.243  0.2452E-01  0.1273E-01  0.1273E-01  0.1273E-01  0.0000E+00  0.0000E+00  0.0000E+00  0.0000E+00  0.0000E+00
     15.392  0.2576E-01  0.1485E-01  0.1485E-01  0.1485E-01  0.0000E+00  0.0000E+00  0.0000E+00  0.0000E+00  0.0000E+00
     15.541  0.2717E-01  0.1823E-01  0.1823E-01  0.1823E-01  0.0000E+00  0.0000E+00  0.0000E+00  0.0000E+00  0.0000E+00
     15.690  0.2814E-01  0.2192E-01  0.2192E-01  0.2192E-01  0.0000E+00  0.0000E+00  0.0000E+00  0.0000E+00  0.0000E+00
     15.839  0.2891E-01  0.2264E-01  0.2264E-01  0.2264E-01  0.0000E+00  0.0000E+00  0.0000E+00  0.0000E+00  0.0000E+00
     15.988  0.2960E-01  0.2375E-01  0.2375E-01  0.2375E-01  0.0000E+00  0.0000E+00  0.0000E+00  0.0000E+00  0.0000E+00
     16.138  0.3038E-01  0.2525E-01  0.2525E-01  0.2525E-01  0.0000E+00  0.0000E+00  0.0000E+00  0.0000E+00  0.0000E+00
     16.287  0.3107E-01  0.2662E-01  0.2662E-01  0.2662E-01  0.0000E+00  0.0000E+00  0.0000E+00  0.0000E+00  0.0000E+00
     16.436  0.3161E-01  0.2812E-01  0.2812E-01  0.2812E-01  0.0000E+00  0.0000E+00  0.0000E+00  0.0000E+00  0.0000E+00
     16.585  0.3209E-01  0.2963E-01  0.2963E-01  0.2963E-01  0.0000E+00  0.0000E+00  0.0000E+00  0.0000E+00  0.0000E+00
     16.734  0.3268E-01  0.3126E-01  0.3126E-01  0.3126E-01  0.0000E+00  0.0000E+00  0.0000E+00  0.0000E+00  0.0000E+00
     16.883  0.3324E-01  0.3301E-01  0.3301E-01  0.3301E-01  0.0000E+00  0.0000E+00  0.0000E+00  0.0000E+00  0.0000E+00
     17.032  0.3381E-01  0.3487E-01  0.3487E-01  0.3487E-01  0.0000E+00  0.0000E+00  0.0000E+00  0.0000E+00  0.0000E+00
     17.181  0.3433E-01  0.3686E-01  0.3686E-01  0.3686E-01  0.0000E+00  0.0000E+00  0.0000E+00  0.0000E+00  0.0000E+00
     17.330  0.3487E-01  0.3897E-01  0.3897E-01  0.3897E-01  0.0000E+00  0.0000E+00  0.0000E+00  0.0000E+00  0.0000E+00
     17.479  0.3543E-01  0.4127E-01  0.4127E-01  0.4127E-01  0.0000E+00  0.0000E+00  0.0000E+00  0.0000E+00  0.0000E+00
     17.628  0.3619E-01  0.4394E-01  0.4394E-01  0.4394E-01  0.0000E+00  0.0000E+00  0.0000E+00  0.0000E+00  0.0000E+00
     17.777  0.3698E-01  0.4679E-01  0.4679E-01  0.4679E-01  0.0000E+00  0.0000E+00  0.0000E+00  0.0000E+00  0.0000E+00
     17.926  0.3802E-01  0.5039E-01  0.5039E-01  0.5039E-01  0.0000E+00  0.0000E+00  0.0000E+00  0.0000E+00  0.0000E+00
     18.075  0.3916E-01  0.5459E-01  0.5459E-01  0.5459E-01  0.0000E+00  0.0000E+00  0.0000E+00  0.0000E+00  0.0000E+00
     18.224  0.4085E-01  0.6078E-01  0.6078E-01  0.6078E-01  0.0000E+00  0.0000E+00  0.0000E+00  0.0000E+00  0.0000E+00
     18.373  0.4527E-01  0.7637E-01  0.7637E-01  0.7637E-01  0.0000E+00  0.0000E+00  0.0000E+00  0.0000E+00  0.0000E+00
     18.522  0.4670E-01  0.7837E-01  0.7837E-01  0.7837E-01  0.0000E+00  0.0000E+00  0.0000E+00  0.0000E+00  0.0000E+00
     18.671  0.4797E-01  0.6816E-01  0.6816E-01  0.6816E-01  0.0000E+00  0.0000E+00  0.0000E+00  0.0000E+00  0.0000E+00
     18.820  0.7014E-01  0.7791E-01  0.7791E-01  0.7791E-01  0.0000E+00  0.0000E+00  0.0000E+00  0.0000E+00  0.0000E+00
     18.969  0.8370E-01  0.6584E-01  0.6584E-01  0.6584E-01  0.0000E+00  0.0000E+00  0.0000E+00  0.0000E+00  0.0000E+00
     19.119  0.7042E-01  0.5786E-01  0.5786E-01  0.5786E-01  0.0000E+00  0.0000E+00  0.0000E+00  0.0000E+00  0.0000E+00
     19.268  0.6513E-01  0.5696E-01  0.5696E-01  0.5696E-01  0.0000E+00  0.0000E+00  0.0000E+00  0.0000E+00  0.0000E+00
     19.417  0.6299E-01  0.5608E-01  0.5608E-01  0.5608E-01  0.0000E+00  0.0000E+00  0.0000E+00  0.0000E+00  0.0000E+00
     19.566  0.5599E-01  0.5330E-01  0.5330E-01  0.5330E-01  0.0000E+00  0.0000E+00  0.0000E+00  0.0000E+00  0.0000E+00
     19.715  0.5632E-01  0.5412E-01  0.5412E-01  0.5412E-01  0.0000E+00  0.0000E+00  0.0000E+00  0.0000E+00  0.0000E+00
     19.864  0.5363E-01  0.5293E-01  0.5293E-01  0.5293E-01  0.0000E+00  0.0000E+00  0.0000E+00  0.0000E+00  0.0000E+00
     20.013  0.4989E-01  0.5304E-01  0.5304E-01  0.5304E-01  0.0000E+00  0.0000E+00  0.0000E+00  0.0000E+00  0.0000E+00
     20.162  0.4866E-01  0.5420E-01  0.5420E-01  0.5420E-01  0.0000E+00  0.0000E+00  0.0000E+00  0.0000E+00  0.0000E+00
     20.311  0.4690E-01  0.5402E-01  0.5402E-01  0.5402E-01  0.0000E+00  0.0000E+00  0.0000E+00  0.0000E+00  0.0000E+00
     20.460  0.4537E-01  0.5343E-01  0.5343E-01  0.5343E-01  0.0000E+00  0.0000E+00  0.0000E+00  0.0000E+00  0.0000E+00
     20.609  0.4175E-01  0.5175E-01  0.5175E-01  0.5175E-01  0.0000E+00  0.0000E+00  0.0000E+00  0.0000E+00  0.0000E+00
     20.758  0.4059E-01  0.5030E-01  0.5030E-01  0.5030E-01  0.0000E+00  0.0000E+00  0.0000E+00  0.0000E+00  0.0000E+00
     20.907  0.4162E-01  0.5081E-01  0.5081E-01  0.5081E-01  0.0000E+00  0.0000E+00  0.0000E+00  0.0000E+00  0.0000E+00
     21.056  0.3954E-01  0.4682E-01  0.4682E-01  0.4682E-01  0.0000E+00  0.0000E+00  0.0000E+00  0.0000E+00  0.0000E+00
     21.205  0.3246E-01  0.4233E-01  0.4233E-01  0.4233E-01  0.0000E+00  0.0000E+00  0.0000E+00  0.0000E+00  0.0000E+00
     21.354  0.2914E-01  0.3998E-01  0.3998E-01  0.3998E-01  0.0000E+00  0.0000E+00  0.0000E+00  0.0000E+00  0.0000E+00
     21.503  0.3254E-01  0.4084E-01  0.4084E-01  0.4084E-01  0.0000E+00  0.0000E+00  0.0000E+00  0.0000E+00  0.0000E+00
     21.652  0.3976E-01  0.4395E-01  0.4395E-01  0.4395E-01  0.0000E+00  0.0000E+00  0.0000E+00  0.0000E+00  0.0000E+00
     21.801  0.4600E-01  0.4449E-01  0.4449E-01  0.4449E-01  0.0000E+00  0.0000E+00  0.0000E+00  0.0000E+00  0.0000E+00
     21.950  0.4463E-01  0.4248E-01  0.4248E-01  0.4248E-01  0.0000E+00  0.0000E+00  0.0000E+00  0.0000E+00  0.0000E+00
     22.100  0.4813E-01  0.4360E-01  0.4360E-01  0.4360E-01  0.0000E+00  0.0000E+00  0.0000E+00  0.0000E+00  0.0000E+00
     22.249  0.5363E-01  0.4698E-01  0.4698E-01  0.4698E-01  0.0000E+00  0.0000E+00  0.0000E+00  0.0000E+00  0.0000E+00
     22.398  0.5332E-01  0.4783E-01  0.4783E-01  0.4783E-01  0.0000E+00  0.0000E+00  0.0000E+00  0.0000E+00  0.0000E+00
     22.547  0.5616E-01  0.4977E-01  0.4977E-01  0.4977E-01  0.0000E+00  0.0000E+00  0.0000E+00  0.0000E+00  0.0000E+00
     22.696  0.5537E-01  0.4962E-01  0.4962E-01  0.4962E-01  0.0000E+00  0.0000E+00  0.0000E+00  0.0000E+00  0.0000E+00
     22.845  0.5585E-01  0.5023E-01  0.5023E-01  0.5023E-01  0.0000E+00  0.0000E+00  0.0000E+00  0.0000E+00  0.0000E+00
     22.994  0.5868E-01  0.5352E-01  0.5352E-01  0.5352E-01  0.0000E+00  0.0000E+00  0.0000E+00  0.0000E+00  0.0000E+00
     23.143  0.5514E-01  0.5263E-01  0.5263E-01  0.5263E-01  0.0000E+00  0.0000E+00  0.0000E+00  0.0000E+00  0.0000E+00
     23.292  0.5641E-01  0.5438E-01  0.5438E-01  0.5438E-01  0.0000E+00  0.0000E+00  0.0000E+00  0.0000E+00  0.0000E+00
     23.441  0.5749E-01  0.5401E-01  0.5401E-01  0.5401E-01  0.0000E+00  0.0000E+00  0.0000E+00  0.0000E+00  0.0000E+00
     23.590  0.6150E-01  0.5830E-01  0.5830E-01  0.5830E-01  0.0000E+00  0.0000E+00  0.0000E+00  0.0000E+00  0.0000E+00
     23.739  0.7739E-01  0.5831E-01  0.5831E-01  0.5831E-01  0.0000E+00  0.0000E+00  0.0000E+00  0.0000E+00  0.0000E+00
     23.888  0.1166E+00  0.6233E-01  0.6233E-01  0.6233E-01  0.0000E+00  0.0000E+00  0.0000E+00  0.0000E+00  0.0000E+00
     24.037  0.1014E+00  0.6450E-01  0.6450E-01  0.6450E-01  0.0000E+00  0.0000E+00  0.0000E+00  0.0000E+00  0.0000E+00
     24.186  0.9916E-01  0.6948E-01  0.6948E-01  0.6948E-01  0.0000E+00  0.0000E+00  0.0000E+00  0.0000E+00  0.0000E+00
     24.335  0.7221E-01  0.6257E-01  0.6257E-01  0.6257E-01  0.0000E+00  0.0000E+00  0.0000E+00  0.0000E+00  0.0000E+00
     24.484  0.5410E-01  0.5975E-01  0.5975E-01  0.5975E-01  0.0000E+00  0.0000E+00  0.0000E+00  0.0000E+00  0.0000E+00
     24.633  0.4774E-01  0.6223E-01  0.6223E-01  0.6223E-01  0.0000E+00  0.0000E+00  0.0000E+00  0.0000E+00  0.0000E+00
     24.782  0.4354E-01  0.6446E-01  0.6446E-01  0.6446E-01  0.0000E+00  0.0000E+00  0.0000E+00  0.0000E+00  0.0000E+00
     24.931  0.4632E-01  0.7645E-01  0.7645E-01  0.7645E-01  0.0000E+00  0.0000E+00  0.0000E+00  0.0000E+00  0.0000E+00
     25.081  0.4751E-01  0.8508E-01  0.8508E-01  0.8508E-01  0.0000E+00  0.0000E+00  0.0000E+00  0.0000E+00  0.0000E+00
     25.230  0.4307E-01  0.8239E-01  0.8239E-01  0.8239E-01  0.0000E+00  0.0000E+00  0.0000E+00  0.0000E+00  0.0000E+00
     25.379  0.3524E-01  0.7376E-01  0.7376E-01  0.7376E-01  0.0000E+00  0.0000E+00  0.0000E+00  0.0000E+00  0.0000E+00
     25.528  0.2958E-01  0.6879E-01  0.6879E-01  0.6879E-01  0.0000E+00  0.0000E+00  0.0000E+00  0.0000E+00  0.0000E+00
     25.677  0.2526E-01  0.6628E-01  0.6628E-01  0.6628E-01  0.0000E+00  0.0000E+00  0.0000E+00  0.0000E+00  0.0000E+00
     25.826  0.2105E-01  0.6297E-01  0.6297E-01  0.6297E-01  0.0000E+00  0.0000E+00  0.0000E+00  0.0000E+00  0.0000E+00
     25.975  0.1761E-01  0.5997E-01  0.5997E-01  0.5997E-01  0.0000E+00  0.0000E+00  0.0000E+00  0.0000E+00  0.0000E+00
     26.124  0.1431E-01  0.5751E-01  0.5751E-01  0.5751E-01  0.0000E+00  0.0000E+00  0.0000E+00  0.0000E+00  0.0000E+00
     26.273  0.1120E-01  0.5654E-01  0.5654E-01  0.5654E-01  0.0000E+00  0.0000E+00  0.0000E+00  0.0000E+00  0.0000E+00
     26.422  0.8196E-02  0.5564E-01  0.5564E-01  0.5564E-01  0.0000E+00  0.0000E+00  0.0000E+00  0.0000E+00  0.0000E+00
     26.571  0.5204E-02  0.3624E-01  0.3624E-01  0.3624E-01  0.0000E+00  0.0000E+00  0.0000E+00  0.0000E+00  0.0000E+00
     26.720  0.3816E-02  0.2575E-01  0.2575E-01  0.2575E-01  0.0000E+00  0.0000E+00  0.0000E+00  0.0000E+00  0.0000E+00
     26.869  0.2914E-02  0.2322E-01  0.2322E-01  0.2322E-01  0.0000E+00  0.0000E+00  0.0000E+00  0.0000E+00  0.0000E+00
     27.018  0.2145E-02  0.2058E-01  0.2058E-01  0.2058E-01  0.0000E+00  0.0000E+00  0.0000E+00  0.0000E+00  0.0000E+00
     27.167  0.1435E-02  0.1817E-01  0.1817E-01  0.1817E-01  0.0000E+00  0.0000E+00  0.0000E+00  0.0000E+00  0.0000E+00
     27.316  0.8548E-03  0.1464E-01  0.1464E-01  0.1464E-01  0.0000E+00  0.0000E+00  0.0000E+00  0.0000E+00  0.0000E+00
     27.465  0.3829E-03  0.1111E-01  0.1111E-01  0.1111E-01  0.0000E+00  0.0000E+00  0.0000E+00  0.0000E+00  0.0000E+00
     27.614  0.1137E-03  0.7072E-02  0.7072E-02  0.7072E-02  0.0000E+00  0.0000E+00  0.0000E+00  0.0000E+00  0.0000E+00
     27.763  0.1493E-05  0.3138E-03  0.3138E-03  0.3138E-03  0.0000E+00  0.0000E+00  0.0000E+00  0.0000E+00  0.0000E+00
     27.912  0.0000E+00  0.0000E+00  0.0000E+00  0.0000E+00  0.0000E+00  0.0000E+00  0.0000E+00  0.0000E+00  0.0000E+00
     28.061  0.0000E+00  0.0000E+00  0.0000E+00  0.0000E+00  0.0000E+00  0.0000E+00  0.0000E+00  0.0000E+00  0.0000E+00
     28.211  0.0000E+00  0.0000E+00  0.0000E+00  0.0000E+00  0.0000E+00  0.0000E+00  0.0000E+00  0.0000E+00  0.0000E+00
     28.360  0.0000E+00  0.0000E+00  0.0000E+00  0.0000E+00  0.0000E+00  0.0000E+00  0.0000E+00  0.0000E+00  0.0000E+00
     28.509  0.0000E+00  0.0000E+00  0.0000E+00  0.0000E+00  0.0000E+00  0.0000E+00  0.0000E+00  0.0000E+00  0.0000E+00
     28.658  0.0000E+00  0.0000E+00  0.0000E+00  0.0000E+00  0.0000E+00  0.0000E+00  0.0000E+00  0.0000E+00  0.0000E+00
     28.807  0.0000E+00  0.0000E+00  0.0000E+00  0.0000E+00  0.0000E+00  0.0000E+00  0.0000E+00  0.0000E+00  0.0000E+00
     28.956  0.0000E+00  0.0000E+00  0.0000E+00  0.0000E+00  0.0000E+00  0.0000E+00  0.0000E+00  0.0000E+00  0.0000E+00
     29.105  0.0000E+00  0.0000E+00  0.0000E+00  0.0000E+00  0.0000E+00  0.0000E+00  0.0000E+00  0.0000E+00  0.0000E+00
     29.254  0.0000E+00  0.0000E+00  0.0000E+00  0.0000E+00  0.0000E+00  0.0000E+00  0.0000E+00  0.0000E+00  0.0000E+00
     29.403  0.0000E+00  0.0000E+00  0.0000E+00  0.0000E+00  0.0000E+00  0.0000E+00  0.0000E+00  0.0000E+00  0.0000E+00
     29.552  0.0000E+00  0.0000E+00  0.0000E+00  0.0000E+00  0.0000E+00  0.0000E+00  0.0000E+00  0.0000E+00  0.0000E+00
     29.701  0.0000E+00  0.0000E+00  0.0000E+00  0.0000E+00  0.0000E+00  0.0000E+00  0.0000E+00  0.0000E+00  0.0000E+00
     29.70103670    -15.01376501  301      9.75988604      1.00000000
    -15.014  0.0000E+00  0.0000E+00  0.0000E+00  0.0000E+00  0.0000E+00  0.0000E+00  0.0000E+00  0.0000E+00  0.0000E+00
    -14.865  0.0000E+00  0.0000E+00  0.0000E+00  0.0000E+00  0.0000E+00  0.0000E+00  0.0000E+00  0.0000E+00  0.0000E+00
    -14.716  0.0000E+00  0.0000E+00  0.0000E+00  0.0000E+00  0.0000E+00  0.0000E+00  0.0000E+00  0.0000E+00  0.0000E+00
    -14.567  0.0000E+00  0.0000E+00  0.0000E+00  0.0000E+00  0.0000E+00  0.0000E+00  0.0000E+00  0.0000E+00  0.0000E+00
    -14.418  0.0000E+00  0.0000E+00  0.0000E+00  0.0000E+00  0.0000E+00  0.0000E+00  0.0000E+00  0.0000E+00  0.0000E+00
    -14.269  0.0000E+00  0.0000E+00  0.0000E+00  0.0000E+00  0.0000E+00  0.0000E+00  0.0000E+00  0.0000E+00  0.0000E+00
    -14.119  0.0000E+00  0.0000E+00  0.0000E+00  0.0000E+00  0.0000E+00  0.0000E+00  0.0000E+00  0.0000E+00  0.0000E+00
    -13.970  0.0000E+00  0.0000E+00  0.0000E+00  0.0000E+00  0.0000E+00  0.0000E+00  0.0000E+00  0.0000E+00  0.0000E+00
    -13.821  0.0000E+00  0.0000E+00  0.0000E+00  0.0000E+00  0.0000E+00  0.0000E+00  0.0000E+00  0.0000E+00  0.0000E+00
    -13.672  0.0000E+00  0.0000E+00  0.0000E+00  0.0000E+00  0.0000E+00  0.0000E+00  0.0000E+00  0.0000E+00  0.0000E+00
    -13.523  0.0000E+00  0.0000E+00  0.0000E+00  0.0000E+00  0.0000E+00  0.0000E+00  0.0000E+00  0.0000E+00  0.0000E+00
    -13.374  0.0000E+00  0.0000E+00  0.0000E+00  0.0000E+00  0.0000E+00  0.0000E+00  0.0000E+00  0.0000E+00  0.0000E+00
    -13.225  0.0000E+00  0.0000E+00  0.0000E+00  0.0000E+00  0.0000E+00  0.0000E+00  0.0000E+00  0.0000E+00  0.0000E+00
    -13.076  0.0000E+00  0.0000E+00  0.0000E+00  0.0000E+00  0.0000E+00  0.0000E+00  0.0000E+00  0.0000E+00  0.0000E+00
    -12.927  0.7210E-02  0.5531E-05  0.5531E-05  0.5531E-05  0.0000E+00  0.0000E+00  0.0000E+00  0.0000E+00  0.0000E+00
    -12.778  0.1624E-01  0.4543E-04  0.4543E-04  0.4543E-04  0.0000E+00  0.0000E+00  0.0000E+00  0.0000E+00  0.0000E+00
    -12.629  0.1926E-01  0.1003E-03  0.1003E-03  0.1003E-03  0.0000E+00  0.0000E+00  0.0000E+00  0.0000E+00  0.0000E+00
    -12.480  0.2055E-01  0.1565E-03  0.1565E-03  0.1565E-03  0.0000E+00  0.0000E+00  0.0000E+00  0.0000E+00  0.0000E+00
    -12.331  0.2342E-01  0.2305E-03  0.2305E-03  0.2305E-03  0.0000E+00  0.0000E+00  0.0000E+00  0.0000E+00  0.0000E+00
    -12.182  0.2594E-01  0.3135E-03  0.3135E-03  0.3135E-03  0.0000E+00  0.0000E+00  0.0000E+00  0.0000E+00  0.0000E+00
    -12.033  0.2811E-01  0.4062E-03  0.4062E-03  0.4062E-03  0.0000E+00  0.0000E+00  0.0000E+00  0.0000E+00  0.0000E+00
    -11.884  0.3020E-01  0.5050E-03  0.5050E-03  0.5050E-03  0.0000E+00  0.0000E+00  0.0000E+00  0.0000E+00  0.0000E+00
    -11.735  0.3219E-01  0.6095E-03  0.6095E-03  0.6095E-03  0.0000E+00  0.0000E+00  0.0000E+00  0.0000E+00  0.0000E+00
    -11.586  0.3392E-01  0.7231E-03  0.7231E-03  0.7231E-03  0.0000E+00  0.0000E+00  0.0000E+00  0.0000E+00  0.0000E+00
    -11.437  0.3571E-01  0.8393E-03  0.8393E-03  0.8393E-03  0.0000E+00  0.0000E+00  0.0000E+00  0.0000E+00  0.0000E+00
    -11.288  0.3725E-01  0.9650E-03  0.9650E-03  0.9650E-03  0.0000E+00  0.0000E+00  0.0000E+00  0.0000E+00  0.0000E+00
    -11.138  0.3887E-01  0.1092E-02  0.1092E-02  0.1092E-02  0.0000E+00  0.0000E+00  0.0000E+00  0.0000E+00  0.0000E+00
    -10.989  0.4029E-01  0.1229E-02  0.1229E-02  0.1229E-02  0.0000E+00  0.0000E+00  0.0000E+00  0.0000E+00  0.0000E+00
    -10.840  0.4180E-01  0.1366E-02  0.1366E-02  0.1366E-02  0.0000E+00  0.0000E+00  0.0000E+00  0.0000E+00  0.0000E+00
    -10.691  0.4311E-01  0.1512E-02  0.1512E-02  0.1512E-02  0.0000E+00  0.0000E+00  0.0000E+00  0.0000E+00  0.0000E+00
    -10.542  0.4452E-01  0.1659E-02  0.1659E-02  0.1659E-02  0.0000E+00  0.0000E+00  0.0000E+00  0.0000E+00  0.0000E+00
    -10.393  0.4578E-01  0.1814E-02  0.1814E-02  0.1814E-02  0.0000E+00  0.0000E+00  0.0000E+00  0.0000E+00  0.0000E+00
    -10.244  0.4708E-01  0.1971E-02  0.1971E-02  0.1971E-02  0.0000E+00  0.0000E+00  0.0000E+00  0.0000E+00  0.0000E+00
    -10.095  0.4835E-01  0.2133E-02  0.2133E-02  0.2133E-02  0.0000E+00  0.0000E+00  0.0000E+00  0.0000E+00  0.0000E+00
     -9.946  0.4956E-01  0.2301E-02  0.2301E-02  0.2301E-02  0.0000E+00  0.0000E+00  0.0000E+00  0.0000E+00  0.0000E+00
     -9.797  0.5085E-01  0.2467E-02  0.2467E-02  0.2467E-02  0.0000E+00  0.0000E+00  0.0000E+00  0.0000E+00  0.0000E+00
     -9.648  0.5203E-01  0.2645E-02  0.2645E-02  0.2645E-02  0.0000E+00  0.0000E+00  0.0000E+00  0.0000E+00  0.0000E+00
     -9.499  0.5325E-01  0.2822E-02  0.2822E-02  0.2822E-02  0.0000E+00  0.0000E+00  0.0000E+00  0.0000E+00  0.0000E+00
     -9.350  0.5450E-01  0.3003E-02  0.3003E-02  0.3003E-02  0.0000E+00  0.0000E+00  0.0000E+00  0.0000E+00  0.0000E+00
     -9.201  0.5570E-01  0.3191E-02  0.3191E-02  0.3191E-02  0.0000E+00  0.0000E+00  0.0000E+00  0.0000E+00  0.0000E+00
     -9.052  0.5697E-01  0.3379E-02  0.3379E-02  0.3379E-02  0.0000E+00  0.0000E+00  0.0000E+00  0.0000E+00  0.0000E+00
     -8.903  0.5824E-01  0.3572E-02  0.3572E-02  0.3572E-02  0.0000E+00  0.0000E+00  0.0000E+00  0.0000E+00  0.0000E+00
     -8.754  0.5953E-01  0.3772E-02  0.3772E-02  0.3772E-02  0.0000E+00  0.0000E+00  0.0000E+00  0.0000E+00  0.0000E+00
     -8.605  0.6090E-01  0.3971E-02  0.3971E-02  0.3971E-02  0.0000E+00  0.0000E+00  0.0000E+00  0.0000E+00  0.0000E+00
     -8.456  0.6231E-01  0.4177E-02  0.4177E-02  0.4177E-02  0.0000E+00  0.0000E+00  0.0000E+00  0.0000E+00  0.0000E+00
     -8.307  0.6378E-01  0.4389E-02  0.4389E-02  0.4389E-02  0.0000E+00  0.0000E+00  0.0000E+00  0.0000E+00  0.0000E+00
     -8.157  0.6537E-01  0.4602E-02  0.4602E-02  0.4602E-02  0.0000E+00  0.0000E+00  0.0000E+00  0.0000E+00  0.0000E+00
     -8.008  0.6709E-01  0.4823E-02  0.4823E-02  0.4823E-02  0.0000E+00  0.0000E+00  0.0000E+00  0.0000E+00  0.0000E+00
     -7.859  0.6897E-01  0.5053E-02  0.5053E-02  0.5053E-02  0.0000E+00  0.0000E+00  0.0000E+00  0.0000E+00  0.0000E+00
     -7.710  0.7110E-01  0.5287E-02  0.5287E-02  0.5287E-02  0.0000E+00  0.0000E+00  0.0000E+00  0.0000E+00  0.0000E+00
     -7.561  0.7359E-01  0.5533E-02  0.5533E-02  0.5533E-02  0.0000E+00  0.0000E+00  0.0000E+00  0.0000E+00  0.0000E+00
     -7.412  0.7662E-01  0.5803E-02  0.5803E-02  0.5803E-02  0.0000E+00  0.0000E+00  0.0000E+00  0.0000E+00  0.0000E+00
     -7.263  0.8065E-01  0.6102E-02  0.6102E-02  0.6102E-02  0.0000E+00  0.0000E+00  0.0000E+00  0.0000E+00  0.0000E+00
     -7.114  0.8715E-01  0.6485E-02  0.6485E-02  0.6485E-02  0.0000E+00  0.0000E+00  0.0000E+00  0.0000E+00  0.0000E+00
     -6.965  0.9696E-01  0.6997E-02  0.6997E-02  0.6997E-02  0.0000E+00  0.0000E+00  0.0000E+00  0.0000E+00  0.0000E+00
     -6.816  0.9668E-01  0.7134E-02  0.7134E-02  0.7134E-02  0.0000E+00  0.0000E+00  0.0000E+00  0.0000E+00  0.0000E+00
     -6.667  0.9217E-01  0.7088E-02  0.7088E-02  0.7088E-02  0.0000E+00  0.0000E+00  0.0000E+00  0.0000E+00  0.0000E+00
     -6.518  0.8859E-01  0.7073E-02  0.7073E-02  0.7073E-02  0.0000E+00  0.0000E+00  0.0000E+00  0.0000E+00  0.0000E+00
     -6.369  0.8620E-01  0.7097E-02  0.7097E-02  0.7097E-02  0.0000E+00  0.0000E+00  0.0000E+00  0.0000E+00  0.0000E+00
     -6.220  0.8275E-01  0.7043E-02  0.7043E-02  0.7043E-02  0.0000E+00  0.0000E+00  0.0000E+00  0.0000E+00  0.0000E+00
     -6.071  0.8018E-01  0.7043E-02  0.7043E-02  0.7043E-02  0.0000E+00  0.0000E+00  0.0000E+00  0.0000E+00  0.0000E+00
     -5.922  0.7725E-01  0.6993E-02  0.6993E-02  0.6993E-02  0.0000E+00  0.0000E+00  0.0000E+00  0.0000E+00  0.0000E+00
     -5.773  0.7437E-01  0.6933E-02  0.6933E-02  0.6933E-02  0.0000E+00  0.0000E+00  0.0000E+00  0.0000E+00  0.0000E+00
     -5.624  0.7163E-01  0.6881E-02  0.6881E-02  0.6881E-02  0.0000E+00  0.0000E+00  0.0000E+00  0.0000E+00  0.0000E+00
     -5.475  0.6892E-01  0.6804E-02  0.6804E-02  0.6804E-02  0.0000E+00  0.0000E+00  0.0000E+00  0.0000E+00  0.0000E+00
     -5.326  0.6588E-01  0.6696E-02  0.6696E-02  0.6696E-02  0.0000E+00  0.0000E+00  0.0000E+00  0.0000E+00  0.0000E+00
     -5.177  0.6339E-01  0.6616E-02  0.6616E-02  0.6616E-02  0.0000E+00  0.0000E+00  0.0000E+00  0.0000E+00  0.0000E+00
     -5.027  0.6028E-01  0.6474E-02  0.6474E-02  0.6474E-02  0.0000E+00  0.0000E+00  0.0000E+00  0.0000E+00  0.0000E+00
     -4.878  0.5749E-01  0.6339E-02  0.6339E-02  0.6339E-02  0.0000E+00  0.0000E+00  0.0000E+00  0.0000E+00  0.0000E+00
     -4.729  0.5456E-01  0.6185E-02  0.6185E-02  0.6185E-02  0.0000E+00  0.0000E+00  0.0000E+00  0.0000E+00  0.0000E+00
     -4.580  0.5165E-01  0.6010E-02  0.6010E-02  0.6010E-02  0.0000E+00  0.0000E+00  0.0000E+00  0.0000E+00  0.0000E+00
     -4.431  0.4856E-01  0.5814E-02  0.5814E-02  0.5814E-02  0.0000E+00  0.0000E+00  0.0000E+00  0.0000E+00  0.0000E+00
     -4.282  0.4722E-01  0.6774E-02  0.6774E-02  0.6774E-02  0.0000E+00  0.0000E+00  0.0000E+00  0.0000E+00  0.0000E+00
     -4.133  0.4925E-01  0.9750E-02  0.9750E-02  0.9750E-02  0.0000E+00  0.0000E+00  0.0000E+00  0.0000E+00  0.0000E+00
     -3.984  0.5013E-01  0.1111E-01  0.1111E-01  0.1111E-01  0.0000E+00  0.0000E+00  0.0000E+00  0.0000E+00  0.0000E+00
     -3.835  0.4253E-01  0.1114E-01  0.1114E-01  0.1114E-01  0.0000E+00  0.0000E+00  0.0000E+00  0.0000E+00  0.0000E+00
     -3.686  0.3013E-01  0.1041E-01  0.1041E-01  0.1041E-01  0.0000E+00  0.0000E+00  0.0000E+00  0.0000E+00  0.0000E+00
     -3.537  0.2884E-01  0.1120E-01  0.1120E-01  0.1120E-01  0.0000E+00  0.0000E+00  0.0000E+00  0.0000E+00  0.0000E+00
     -3.388  0.3040E-01  0.1248E-01  0.1248E-01  0.1248E-01  0.0000E+00  0.0000E+00  0.0000E+00  0.0000E+00  0.0000E+00
     -3.239  0.3305E-01  0.1386E-01  0.1386E-01  0.1386E-01  0.0000E+00  0.0000E+00  0.0000E+00  0.0000E+00  0.0000E+00
     -3.090  0.4028E-01  0.1606E-01  0.1606E-01  0.1606E-01  0.0000E+00  0.0000E+00  0.0000E+00  0.0000E+00  0.0000E+00
     -2.941  0.5028E-01  0.1870E-01  0.1870E-01  0.1870E-01  0.0000E+00  0.0000E+00  0.0000E+00  0.0000E+00  0.0000E+00
     -2.792  0.6300E-01  0.2206E-01  0.2206E-01  0.2206E-01  0.0000E+00  0.0000E+00  0.0000E+00  0.0000E+00  0.0000E+00
     -2.643  0.7800E-01  0.2628E-01  0.2628E-01  0.2628E-01  0.0000E+00  0.0000E+00  0.0000E+00  0.0000E+00  0.0000E+00
     -2.494  0.1084E+00  0.3480E-01  0.3480E-01  0.3480E-01  0.0000E+00  0.0000E+00  0.0000E+00  0.0000E+00  0.0000E+00
     -2.345  0.1038E+00  0.3280E-01  0.3280E-01  0.3280E-01  0.0000E+00  0.0000E+00  0.0000E+00  0.0000E+00  0.0000E+00
     -2.196  0.7756E-01  0.2545E-01  0.2545E-01  0.2545E-01  0.0000E+00  0.0000E+00  0.0000E+00  0.0000E+00  0.0000E+00
     -2.046  0.6921E-01  0.2313E-01  0.2313E-01  0.2313E-01  0.0000E+00  0.0000E+00  0.0000E+00  0.0000E+00  0.0000E+00
     -1.897  0.6226E-01  0.2132E-01  0.2132E-01  0.2132E-01  0.0000E+00  0.0000E+00  0.0000E+00  0.0000E+00  0.0000E+00
     -1.748  0.5839E-01  0.2032E-01  0.2032E-01  0.2032E-01  0.0000E+00  0.0000E+00  0.0000E+00  0.0000E+00  0.0000E+00
     -1.599  0.5359E-01  0.1913E-01  0.1913E-01  0.1913E-01  0.0000E+00  0.0000E+00  0.0000E+00  0.0000E+00  0.0000E+00
     -1.450  0.5090E-01  0.1851E-01  0.1851E-01  0.1851E-01  0.0000E+00  0.0000E+00  0.0000E+00  0.0000E+00  0.0000E+00
     -1.301  0.4729E-01  0.1764E-01  0.1764E-01  0.1764E-01  0.0000E+00  0.0000E+00  0.0000E+00  0.0000E+00  0.0000E+00
     -1.152  0.4495E-01  0.1713E-01  0.1713E-01  0.1713E-01  0.0000E+00  0.0000E+00  0.0000E+00  0.0000E+00  0.0000E+00
     -1.003  0.4243E-01  0.1656E-01  0.1656E-01  0.1656E-01  0.0000E+00  0.0000E+00  0.0000E+00  0.0000E+00  0.0000E+00
     -0.854  0.3984E-01  0.1595E-01  0.1595E-01  0.1595E-01  0.0000E+00  0.0000E+00  0.0000E+00  0.0000E+00  0.0000E+00
     -0.705  0.3803E-01  0.1558E-01  0.1558E-01  0.1558E-01  0.0000E+00  0.0000E+00  0.0000E+00  0.0000E+00  0.0000E+00
     -0.556  0.3536E-01  0.1491E-01  0.1491E-01  0.1491E-01  0.0000E+00  0.0000E+00  0.0000E+00  0.0000E+00  0.0000E+00
     -0.407  0.3397E-01  0.1465E-01  0.1465E-01  0.1465E-01  0.0000E+00  0.0000E+00  0.0000E+00  0.0000E+00  0.0000E+00
     -0.258  0.3218E-01  0.1425E-01  0.1425E-01  0.1425E-01  0.0000E+00  0.0000E+00  0.0000E+00  0.0000E+00  0.0000E+00
     -0.109  0.3077E-01  0.1821E-01  0.1821E-01  0.1821E-01  0.0000E+00  0.0000E+00  0.0000E+00  0.0000E+00  0.0000E+00
      0.040  0.3052E-01  0.2308E-01  0.2308E-01  0.2308E-01  0.0000E+00  0.0000E+00  0.0000E+00  0.0000E+00  0.0000E+00
      0.189  0.2988E-01  0.2681E-01  0.2681E-01  0.2681E-01  0.0000E+00  0.0000E+00  0.0000E+00  0.0000E+00  0.0000E+00
      0.338  0.2980E-01  0.3034E-01  0.3034E-01  0.3034E-01  0.0000E+00  0.0000E+00  0.0000E+00  0.0000E+00  0.0000E+00
      0.487  0.3042E-01  0.3553E-01  0.3553E-01  0.3553E-01  0.0000E+00  0.0000E+00  0.0000E+00  0.0000E+00  0.0000E+00
      0.636  0.3118E-01  0.4277E-01  0.4277E-01  0.4277E-01  0.0000E+00  0.0000E+00  0.0000E+00  0.0000E+00  0.0000E+00
      0.785  0.3107E-01  0.4088E-01  0.4088E-01  0.4088E-01  0.0000E+00  0.0000E+00  0.0000E+00  0.0000E+00  0.0000E+00
      0.935  0.3100E-01  0.3995E-01  0.3995E-01  0.3995E-01  0.0000E+00  0.0000E+00  0.0000E+00  0.0000E+00  0.0000E+00
      1.084  0.3031E-01  0.3888E-01  0.3888E-01  0.3888E-01  0.0000E+00  0.0000E+00  0.0000E+00  0.0000E+00  0.0000E+00
      1.233  0.3007E-01  0.3953E-01  0.3953E-01  0.3953E-01  0.0000E+00  0.0000E+00  0.0000E+00  0.0000E+00  0.0000E+00
      1.382  0.2986E-01  0.4024E-01  0.4024E-01  0.4024E-01  0.0000E+00  0.0000E+00  0.0000E+00  0.0000E+00  0.0000E+00
      1.531  0.2907E-01  0.4118E-01  0.4118E-01  0.4118E-01  0.0000E+00  0.0000E+00  0.0000E+00  0.0000E+00  0.0000E+00
      1.680  0.2863E-01  0.4225E-01  0.4225E-01  0.4225E-01  0.0000E+00  0.0000E+00  0.0000E+00  0.0000E+00  0.0000E+00
      1.829  0.2827E-01  0.4357E-01  0.4357E-01  0.4357E-01  0.0000E+00  0.0000E+00  0.0000E+00  0.0000E+00  0.0000E+00
      1.978  0.2761E-01  0.4522E-01  0.4522E-01  0.4522E-01  0.0000E+00  0.0000E+00  0.0000E+00  0.0000E+00  0.0000E+00
      2.127  0.2685E-01  0.4650E-01  0.4650E-01  0.4650E-01  0.0000E+00  0.0000E+00  0.0000E+00  0.0000E+00  0.0000E+00
      2.276  0.2648E-01  0.4921E-01  0.4921E-01  0.4921E-01  0.0000E+00  0.0000E+00  0.0000E+00  0.0000E+00  0.0000E+00
      2.425  0.2577E-01  0.5083E-01  0.5083E-01  0.5083E-01  0.0000E+00  0.0000E+00  0.0000E+00  0.0000E+00  0.0000E+00
      2.574  0.2486E-01  0.5323E-01  0.5323E-01  0.5323E-01  0.0000E+00  0.0000E+00  0.0000E+00  0.0000E+00  0.0000E+00
      2.723  0.2437E-01  0.5674E-01  0.5674E-01  0.5674E-01  0.0000E+00  0.0000E+00  0.0000E+00  0.0000E+00  0.0000E+00
      2.872  0.2374E-01  0.6084E-01  0.6084E-01  0.6084E-01  0.0000E+00  0.0000E+00  0.0000E+00  0.0000E+00  0.0000E+00
      3.021  0.2289E-01  0.6783E-01  0.6783E-01  0.6783E-01  0.0000E+00  0.0000E+00  0.0000E+00  0.0000E+00  0.0000E+00
      3.170  0.2202E-01  0.7745E-01  0.7745E-01  0.7745E-01  0.0000E+00  0.0000E+00  0.0000E+00  0.0000E+00  0.0000E+00
      3.319  0.2132E-01  0.7528E-01  0.7528E-01  0.7528E-01  0.0000E+00  0.0000E+00  0.0000E+00  0.0000E+00  0.0000E+00
      3.468  0.2054E-01  0.7373E-01  0.7373E-01  0.7373E-01  0.0000E+00  0.0000E+00  0.0000E+00  0.0000E+00  0.0000E+00
      3.617  0.1951E-01  0.7326E-01  0.7326E-01  0.7326E-01  0.0000E+00  0.0000E+00  0.0000E+00  0.0000E+00  0.0000E+00
      3.766  0.1886E-01  0.7287E-01  0.7287E-01  0.7287E-01  0.0000E+00  0.0000E+00  0.0000E+00  0.0000E+00  0.0000E+00
      3.916  0.1821E-01  0.7275E-01  0.7275E-01  0.7275E-01  0.0000E+00  0.0000E+00  0.0000E+00  0.0000E+00  0.0000E+00
      4.065  0.1736E-01  0.7246E-01  0.7246E-01  0.7246E-01  0.0000E+00  0.0000E+00  0.0000E+00  0.0000E+00  0.0000E+00
      4.214  0.1648E-01  0.7170E-01  0.7170E-01  0.7170E-01  0.0000E+00  0.0000E+00  0.0000E+00  0.0000E+00  0.0000E+00
      4.363  0.1591E-01  0.7192E-01  0.7192E-01  0.7192E-01  0.0000E+00  0.0000E+00  0.0000E+00  0.0000E+00  0.0000E+00
      4.512  0.1516E-01  0.7149E-01  0.7149E-01  0.7149E-01  0.0000E+00  0.0000E+00  0.0000E+00  0.0000E+00  0.0000E+00
      4.661  0.1432E-01  0.7095E-01  0.7095E-01  0.7095E-01  0.0000E+00  0.0000E+00  0.0000E+00  0.0000E+00  0.0000E+00
      4.810  0.1365E-01  0.7098E-01  0.7098E-01  0.7098E-01  0.0000E+00  0.0000E+00  0.0000E+00  0.0000E+00  0.0000E+00
      4.959  0.1304E-01  0.7070E-01  0.7070E-01  0.7070E-01  0.0000E+00  0.0000E+00  0.0000E+00  0.0000E+00  0.0000E+00
      5.108  0.1235E-01  0.7048E-01  0.7048E-01  0.7048E-01  0.0000E+00  0.0000E+00  0.0000E+00  0.0000E+00  0.0000E+00
      5.257  0.1156E-01  0.7010E-01  0.7010E-01  0.7010E-01  0.0000E+00  0.0000E+00  0.0000E+00  0.0000E+00  0.0000E+00
      5.406  0.1090E-01  0.6983E-01  0.6983E-01  0.6983E-01  0.0000E+00  0.0000E+00  0.0000E+00  0.0000E+00  0.0000E+00
      5.555  0.1025E-01  0.6960E-01  0.6960E-01  0.6960E-01  0.0000E+00  0.0000E+00  0.0000E+00  0.0000E+00  0.0000E+00
      5.704  0.9622E-02  0.6928E-01  0.6928E-01  0.6928E-01  0.0000E+00  0.0000E+00  0.0000E+00  0.0000E+00  0.0000E+00
      5.853  0.8927E-02  0.6895E-01  0.6895E-01  0.6895E-01  0.0000E+00  0.0000E+00  0.0000E+00  0.0000E+00  0.0000E+00
      6.002  0.8369E-02  0.6879E-01  0.6879E-01  0.6879E-01  0.0000E+00  0.0000E+00  0.0000E+00  0.0000E+00  0.0000E+00
      6.151  0.7837E-02  0.6852E-01  0.6852E-01  0.6852E-01  0.0000E+00  0.0000E+00  0.0000E+00  0.0000E+00  0.0000E+00
      6.300  0.7211E-02  0.6849E-01  0.6849E-01  0.6849E-01  0.0000E+00  0.0000E+00  0.0000E+00  0.0000E+00  0.0000E+00
      6.449  0.6508E-02  0.6788E-01  0.6788E-01  0.6788E-01  0.0000E+00  0.0000E+00  0.0000E+00  0.0000E+00  0.0000E+00
      6.598  0.5992E-02  0.6801E-01  0.6801E-01  0.6801E-01  0.0000E+00  0.0000E+00  0.0000E+00  0.0000E+00  0.0000E+00
      6.747  0.5480E-02  0.6826E-01  0.6826E-01  0.6826E-01  0.0000E+00  0.0000E+00  0.0000E+00  0.0000E+00  0.0000E+00
      6.896  0.4932E-02  0.5493E-01  0.5493E-01  0.5493E-01  0.0000E+00  0.0000E+00  0.0000E+00  0.0000E+00  0.0000E+00
      7.046  0.4408E-02  0.4784E-01  0.4784E-01  0.4784E-01  0.0000E+00  0.0000E+00  0.0000E+00  0.0000E+00  0.0000E+00
      7.195  0.4017E-02  0.4320E-01  0.4320E-01  0.4320E-01  0.0000E+00  0.0000E+00  0.0000E+00  0.0000E+00  0.0000E+00
      7.344  0.3639E-02  0.3953E-01  0.3953E-01  0.3953E-01  0.0000E+00  0.0000E+00  0.0000E+00  0.0000E+00  0.0000E+00
      7.493  0.3248E-02  0.3626E-01  0.3626E-01  0.3626E-01  0.0000E+00  0.0000E+00  0.0000E+00  0.0000E+00  0.0000E+00
      7.642  0.2872E-02  0.3325E-01  0.3325E-01  0.3325E-01  0.0000E+00  0.0000E+00  0.0000E+00  0.0000E+00  0.0000E+00
      7.791  0.2584E-02  0.3074E-01  0.3074E-01  0.3074E-01  0.0000E+00  0.0000E+00  0.0000E+00  0.0000E+00  0.0000E+00
      7.940  0.2281E-02  0.2826E-01  0.2826E-01  0.2826E-01  0.0000E+00  0.0000E+00  0.0000E+00  0.0000E+00  0.0000E+00
      8.089  0.1956E-02  0.2590E-01  0.2590E-01  0.2590E-01  0.0000E+00  0.0000E+00  0.0000E+00  0.0000E+00  0.0000E+00
      8.238  0.1712E-02  0.2386E-01  0.2386E-01  0.2386E-01  0.0000E+00  0.0000E+00  0.0000E+00  0.0000E+00  0.0000E+00
      8.387  0.1468E-02  0.2178E-01  0.2178E-01  0.2178E-01  0.0000E+00  0.0000E+00  0.0000E+00  0.0000E+00  0.0000E+00
      8.536  0.1219E-02  0.1981E-01  0.1981E-01  0.1981E-01  0.0000E+00  0.0000E+00  0.0000E+00  0.0000E+00  0.0000E+00
      8.685  0.1002E-02  0.1789E-01  0.1789E-01  0.1789E-01  0.0000E+00  0.0000E+00  0.0000E+00  0.0000E+00  0.0000E+00
      8.834  0.7996E-03  0.1600E-01  0.1600E-01  0.1600E-01  0.0000E+00  0.0000E+00  0.0000E+00  0.0000E+00  0.0000E+00
      8.983  0.6165E-03  0.1421E-01  0.1421E-01  0.1421E-01  0.0000E+00  0.0000E+00  0.0000E+00  0.0000E+00  0.0000E+00
      9.132  0.4493E-03  0.1223E-01  0.1223E-01  0.1223E-01  0.0000E+00  0.0000E+00  0.0000E+00  0.0000E+00  0.0000E+00
      9.281  0.3036E-03  0.1028E-01  0.1028E-01  0.1028E-01  0.0000E+00  0.0000E+00  0.0000E+00  0.0000E+00  0.0000E+00
      9.430  0.1693E-03  0.8139E-02  0.8139E-02  0.8139E-02  0.0000E+00  0.0000E+00  0.0000E+00  0.0000E+00  0.0000E+00
      9.579  0.7476E-04  0.5818E-02  0.5818E-02  0.5818E-02  0.0000E+00  0.0000E+00  0.0000E+00  0.0000E+00  0.0000E+00
      9.728  0.1370E-04  0.2425E-02  0.2425E-02  0.2425E-02  0.0000E+00  0.0000E+00  0.0000E+00  0.0000E+00  0.0000E+00
      9.877  0.0000E+00  0.0000E+00  0.0000E+00  0.0000E+00  0.0000E+00  0.0000E+00  0.0000E+00  0.0000E+00  0.0000E+00
     10.027  0.0000E+00  0.0000E+00  0.0000E+00  0.0000E+00  0.0000E+00  0.0000E+00  0.0000E+00  0.0000E+00  0.0000E+00
     10.176  0.0000E+00  0.0000E+00  0.0000E+00  0.0000E+00  0.0000E+00  0.0000E+00  0.0000E+00  0.0000E+00  0.0000E+00
     10.325  0.0000E+00  0.0000E+00  0.0000E+00  0.0000E+00  0.0000E+00  0.0000E+00  0.0000E+00  0.0000E+00  0.0000E+00
     10.474  0.0000E+00  0.0000E+00  0.0000E+00  0.0000E+00  0.0000E+00  0.0000E+00  0.0000E+00  0.0000E+00  0.0000E+00
     10.623  0.0000E+00  0.0000E+00  0.0000E+00  0.0000E+00  0.0000E+00  0.0000E+00  0.0000E+00  0.0000E+00  0.0000E+00
     10.772  0.0000E+00  0.0000E+00  0.0000E+00  0.0000E+00  0.0000E+00  0.0000E+00  0.0000E+00  0.0000E+00  0.0000E+00
     10.921  0.0000E+00  0.0000E+00  0.0000E+00  0.0000E+00  0.0000E+00  0.0000E+00  0.0000E+00  0.0000E+00  0.0000E+00
     11.070  0.0000E+00  0.0000E+00  0.0000E+00  0.0000E+00  0.0000E+00  0.0000E+00  0.0000E+00  0.0000E+00  0.0000E+00
     11.219  0.0000E+00  0.0000E+00  0.0000E+00  0.0000E+00  0.0000E+00  0.0000E+00  0.0000E+00  0.0000E+00  0.0000E+00
     11.368  0.0000E+00  0.0000E+00  0.0000E+00  0.0000E+00  0.0000E+00  0.0000E+00  0.0000E+00  0.0000E+00  0.0000E+00
     11.517  0.0000E+00  0.0000E+00  0.0000E+00  0.0000E+00  0.0000E+00  0.0000E+00  0.0000E+00  0.0000E+00  0.0000E+00
     11.666  0.0000E+00  0.0000E+00  0.0000E+00  0.0000E+00  0.0000E+00  0.0000E+00  0.0000E+00  0.0000E+00  0.0000E+00
     11.815  0.0000E+00  0.0000E+00  0.0000E+00  0.0000E+00  0.0000E+00  0.0000E+00  0.0000E+00  0.0000E+00  0.0000E+00
     11.964  0.0000E+00  0.0000E+00  0.0000E+00  0.0000E+00  0.0000E+00  0.0000E+00  0.0000E+00  0.0000E+00  0.0000E+00
     12.113  0.0000E+00  0.0000E+00  0.0000E+00  0.0000E+00  0.0000E+00  0.0000E+00  0.0000E+00  0.0000E+00  0.0000E+00
     12.262  0.0000E+00  0.0000E+00  0.0000E+00  0.0000E+00  0.0000E+00  0.0000E+00  0.0000E+00  0.0000E+00  0.0000E+00
     12.411  0.0000E+00  0.0000E+00  0.0000E+00  0.0000E+00  0.0000E+00  0.0000E+00  0.0000E+00  0.0000E+00  0.0000E+00
     12.560  0.0000E+00  0.0000E+00  0.0000E+00  0.0000E+00  0.0000E+00  0.0000E+00  0.0000E+00  0.0000E+00  0.0000E+00
     12.709  0.0000E+00  0.0000E+00  0.0000E+00  0.0000E+00  0.0000E+00  0.0000E+00  0.0000E+00  0.0000E+00  0.0000E+00
     12.858  0.0000E+00  0.0000E+00  0.0000E+00  0.0000E+00  0.0000E+00  0.0000E+00  0.0000E+00  0.0000E+00  0.0000E+00
     13.008  0.0000E+00  0.0000E+00  0.0000E+00  0.0000E+00  0.0000E+00  0.0000E+00  0.0000E+00  0.0000E+00  0.0000E+00
     13.157  0.0000E+00  0.0000E+00  0.0000E+00  0.0000E+00  0.0000E+00  0.0000E+00  0.0000E+00  0.0000E+00  0.0000E+00
     13.306  0.0000E+00  0.0000E+00  0.0000E+00  0.0000E+00  0.0000E+00  0.0000E+00  0.0000E+00  0.0000E+00  0.0000E+00
     13.455  0.0000E+00  0.0000E+00  0.0000E+00  0.0000E+00  0.0000E+00  0.0000E+00  0.0000E+00  0.0000E+00  0.0000E+00
     13.604  0.0000E+00  0.0000E+00  0.0000E+00  0.0000E+00  0.0000E+00  0.0000E+00  0.0000E+00  0.0000E+00  0.0000E+00
     13.753  0.0000E+00  0.0000E+00  0.0000E+00  0.0000E+00  0.0000E+00  0.0000E+00  0.0000E+00  0.0000E+00  0.0000E+00
     13.902  0.0000E+00  0.0000E+00  0.0000E+00  0.0000E+00  0.0000E+00  0.0000E+00  0.0000E+00  0.0000E+00  0.0000E+00
     14.051  0.0000E+00  0.0000E+00  0.0000E+00  0.0000E+00  0.0000E+00  0.0000E+00  0.0000E+00  0.0000E+00  0.0000E+00
     14.200  0.5458E-02  0.1841E-02  0.1841E-02  0.1841E-02  0.0000E+00  0.0000E+00  0.0000E+00  0.0000E+00  0.0000E+00
     14.349  0.8633E-02  0.3149E-02  0.3149E-02  0.3149E-02  0.0000E+00  0.0000E+00  0.0000E+00  0.0000E+00  0.0000E+00
     14.498  0.1131E-01  0.4480E-02  0.4480E-02  0.4480E-02  0.0000E+00  0.0000E+00  0.0000E+00  0.0000E+00  0.0000E+00
     14.647  0.1403E-01  0.5960E-02  0.5960E-02  0.5960E-02  0.0000E+00  0.0000E+00  0.0000E+00  0.0000E+00  0.0000E+00
     14.796  0.1729E-01  0.7356E-02  0.7356E-02  0.7356E-02  0.0000E+00  0.0000E+00  0.0000E+00  0.0000E+00  0.0000E+00
     14.945  0.2058E-01  0.9155E-02  0.9155E-02  0.9155E-02  0.0000E+00  0.0000E+00  0.0000E+00  0.0000E+00  0.0000E+00
     15.094  0.2251E-01  0.1079E-01  0.1079E-01  0.1079E-01  0.0000E+00  0.0000E+00  0.0000E+00  0.0000E+00  0.0000E+00
     15.243  0.2452E-01  0.1273E-01  0.1273E-01  0.1273E-01  0.0000E+00  0.0000E+00  0.0000E+00  0.0000E+00  0.0000E+00
     15.392  0.2576E-01  0.1485E-01  0.1485E-01  0.1485E-01  0.0000E+00  0.0000E+00  0.0000E+00  0.0000E+00  0.0000E+00
     15.541  0.2717E-01  0.1823E-01  0.1823E-01  0.1823E-01  0.0000E+00  0.0000E+00  0.0000E+00  0.0000E+00  0.0000E+00
     15.690  0.2814E-01  0.2192E-01  0.2192E-01  0.2192E-01  0.0000E+00  0.0000E+00  0.0000E+00  0.0000E+00  0.0000E+00
     15.839  0.2891E-01  0.2264E-01  0.2264E-01  0.2264E-01  0.0000E+00  0.0000E+00  0.0000E+00  0.0000E+00  0.0000E+00
     15.988  0.2960E-01  0.2375E-01  0.2375E-01  0.2375E-01  0.0000E+00  0.0000E+00  0.0000E+00  0.0000E+00  0.0000E+00
     16.138  0.3038E-01  0.2525E-01  0.2525E-01  0.2525E-01  0.0000E+00  0.0000E+00  0.0000E+00  0.0000E+00  0.0000E+00
     16.287  0.3107E-01  0.2662E-01  0.2662E-01  0.2662E-01  0.0000E+00  0.0000E+00  0.0000E+00  0.0000E+00  0.0000E+00
     16.436  0.3161E-01  0.2812E-01  0.2812E-01  0.2812E-01  0.0000E+00  0.0000E+00  0.0000E+00  0.0000E+00  0.0000E+00
     16.585  0.3209E-01  0.2963E-01  0.2963E-01  0.2963E-01  0.0000E+00  0.0000E+00  0.0000E+00  0.0000E+00  0.0000E+00
     16.734  0.3268E-01  0.3126E-01  0.3126E-01  0.3126E-01  0.0000E+00  0.0000E+00  0.0000E+00  0.0000E+00  0.0000E+00
     16.883  0.3324E-01  0.3301E-01  0.3301E-01  0.3301E-01  0.0000E+00  0.0000E+00  0.0000E+00  0.0000E+00  0.0000E+00
     17.032  0.3381E-01  0.3487E-01  0.3487E-01  0.3487E-01  0.0000E+00  0.0000E+00  0.0000E+00  0.0000E+00  0.0000E+00
     17.181  0.3433E-01  0.3686E-01  0.3686E-01  0.3686E-01  0.0000E+00  0.0000E+00  0.0000E+00  0.0000E+00  0.0000E+00
     17.330  0.3487E-01  0.3897E-01  0.3897E-01  0.3897E-01  0.0000E+00  0.0000E+00  0.0000E+00  0.0000E+00  0.0000E+00
     17.479  0.3543E-01  0.4127E-01  0.4127E-01  0.4127E-01  0.0000E+00  0.0000E+00  0.0000E+00  0.0000E+00  0.0000E+00
     17.628  0.3619E-01  0.4394E-01  0.4394E-01  0.4394E-01  0.0000E+00  0.0000E+00  0.0000E+00  0.0000E+00  0.0000E+00
     17.777  0.3698E-01  0.4679E-01  0.4679E-01  0.4679E-01  0.0000E+00  0.0000E+00  0.0000E+00  0.0000E+00  0.0000E+00
     17.926  0.3802E-01  0.5039E-01  0.5039E-01  0.5039E-01  0.0000E+00  0.0000E+00  0.0000E+00  0.0000E+00  0.0000E+00
     18.075  0.3916E-01  0.5459E-01  0.5459E-01  0.5459E-01  0.0000E+00  0.0000E+00  0.0000E+00  0.0000E+00  0.0000E+00
     18.224  0.4085E-01  0.6078E-01  0.6078E-01  0.6078E-01  0.0000E+00  0.0000E+00  0.0000E+00  0.0000E+00  0.0000E+00
     18.373  0.4527E-01  0.7637E-01  0.7637E-01  0.7637E-01  0.0000E+00  0.0000E+00  0.0000E+00  0.0000E+00  0.0000E+00
     18.522  0.4670E-01  0.7837E-01  0.7837E-01  0.7837E-01  0.0000E+00  0.0000E+00  0.0000E+00  0.0000E+00  0.0000E+00
     18.671  0.4797E-01  0.6816E-01  0.6816E-01  0.6816E-01  0.0000E+00  0.0000E+00  0.0000E+00  0.0000E+00  0.0000E+00
     18.820  0.7014E-01  0.7791E-01  0.7791E-01  0.7791E-01  0.0000E+00  0.0000E+00  0.0000E+00  0.0000E+00  0.0000E+00
     18.969  0.8370E-01  0.6584E-01  0.6584E-01  0.6584E-01  0.0000E+00  0.0000E+00  0.0000E+00  0.0000E+00  0.0000E+00
     19.119  0.7042E-01  0.5786E-01  0.5786E-01  0.5786E-01  0.0000E+00  0.0000E+00  0.0000E+00  0.0000E+00  0.0000E+00
     19.268  0.6513E-01  0.5696E-01  0.5696E-01  0.5696E-01  0.0000E+00  0.0000E+00  0.0000E+00  0.0000E+00  0.0000E+00
     19.417  0.6299E-01  0.5608E-01  0.5608E-01  0.5608E-01  0.0000E+00  0.0000E+00  0.0000E+00  0.0000E+00  0.0000E+00
     19.566  0.5599E-01  0.5330E-01  0.5330E-01  0.5330E-01  0.0000E+00  0.0000E+00  0.0000E+00  0.0000E+00  0.0000E+00
     19.715  0.5632E-01  0.5412E-01  0.5412E-01  0.5412E-01  0.0000E+00  0.0000E+00  0.0000E+00  0.0000E+00  0.0000E+00
     19.864  0.5363E-01  0.5293E-01  0.5293E-01  0.5293E-01  0.0000E+00  0.0000E+00  0.0000E+00  0.0000E+00  0.0000E+00
     20.013  0.4989E-01  0.5304E-01  0.5304E-01  0.5304E-01  0.0000E+00  0.0000E+00  0.0000E+00  0.0000E+00  0.0000E+00
     20.162  0.4866E-01  0.5420E-01  0.5420E-01  0.5420E-01  0.0000E+00  0.0000E+00  0.0000E+00  0.0000E+00  0.0000E+00
     20.311  0.4690E-01  0.5402E-01  0.5402E-01  0.5402E-01  0.0000E+00  0.0000E+00  0.0000E+00  0.0000E+00  0.0000E+00
     20.460  0.4537E-01  0.5343E-01  0.5343E-01  0.5343E-01  0.0000E+00  0.0000E+00  0.0000E+00  0.0000E+00  0.0000E+00
     20.609  0.4175E-01  0.5175E-01  0.5175E-01  0.5175E-01  0.0000E+00  0.0000E+00  0.0000E+00  0.0000E+00  0.0000E+00
     20.758  0.4059E-01  0.5030E-01  0.5030E-01  0.5030E-01  0.0000E+00  0.0000E+00  0.0000E+00  0.0000E+00  0.0000E+00
     20.907  0.4162E-01  0.5081E-01  0.5081E-01  0.5081E-01  0.0000E+00  0.0000E+00  0.0000E+00  0.0000E+00  0.0000E+00
     21.056  0.3954E-01  0.4682E-01  0.4682E-01  0.4682E-01  0.0000E+00  0.0000E+00  0.0000E+00  0.0000E+00  0.0000E+00
     21.205  0.3246E-01  0.4233E-01  0.4233E-01  0.4233E-01  0.0000E+00  0.0000E+00  0.0000E+00  0.0000E+00  0.0000E+00
     21.354  0.2914E-01  0.3998E-01  0.3998E-01  0.3998E-01  0.0000E+00  0.0000E+00  0.0000E+00  0.0000E+00  0.0000E+00
     21.503  0.3254E-01  0.4084E-01  0.4084E-01  0.4084E-01  0.0000E+00  0.0000E+00  0.0000E+00  0.0000E+00  0.0000E+00
     21.652  0.3976E-01  0.4395E-01  0.4395E-01  0.4395E-01  0.0000E+00  0.0000E+00  0.0000E+00  0.0000E+00  0.0000E+00
     21.801  0.4600E-01  0.4449E-01  0.4449E-01  0.4449E-01  0.0000E+00  0.0000E+00  0.0000E+00  0.0000E+00  0.0000E+00
     21.950  0.4463E-01  0.4248E-01  0.4248E-01  0.4248E-01  0.0000E+00  0.0000E+00  0.0000E+00  0.0000E+00  0.0000E+00
     22.100  0.4813E-01  0.4360E-01  0.4360E-01  0.4360E-01  0.0000E+00  0.0000E+00  0.0000E+00  0.0000E+00  0.0000E+00
     22.249  0.5363E-01  0.4698E-01  0.4698E-01  0.4698E-01  0.0000E+00  0.0000E+00  0.0000E+00  0.0000E+00  0.0000E+00
     22.398  0.5332E-01  0.4783E-01  0.4783E-01  0.4783E-01  0.0000E+00  0.0000E+00  0.0000E+00  0.0000E+00  0.0000E+00
     22.547  0.5616E-01  0.4977E-01  0.4977E-01  0.4977E-01  0.0000E+00  0.0000E+00  0.0000E+00  0.0000E+00  0.0000E+00
     22.696  0.5537E-01  0.4962E-01  0.4962E-01  0.4962E-01  0.0000E+00  0.0000E+00  0.0000E+00  0.0000E+00  0.0000E+00
     22.845  0.5585E-01  0.5023E-01  0.5023E-01  0.5023E-01  0.0000E+00  0.0000E+00  0.0000E+00  0.0000E+00  0.0000E+00
     22.994  0.5868E-01  0.5352E-01  0.5352E-01  0.5352E-01  0.0000E+00  0.0000E+00  0.0000E+00  0.0000E+00  0.0000E+00
     23.143  0.5514E-01  0.5263E-01  0.5263E-01  0.5263E-01  0.0000E+00  0.0000E+00  0.0000E+00  0.0000E+00  0.0000E+00
     23.292  0.5641E-01  0.5438E-01  0.5438E-01  0.5438E-01  0.0000E+00  0.0000E+00  0.0000E+00  0.0000E+00  0.0000E+00
     23.441  0.5749E-01  0.5401E-01  0.5401E-01  0.5401E-01  0.0000E+00  0.0000E+00  0.0000E+00  0.0000E+00  0.0000E+00
     23.590  0.6150E-01  0.5830E-01  0.5830E-01  0.5830E-01  0.0000E+00  0.0000E+00  0.0000E+00  0.0000E+00  0.0000E+00
     23.739  0.7739E-01  0.5831E-01  0.5831E-01  0.5831E-01  0.0000E+00  0.0000E+00  0.0000E+00  0.0000E+00  0.0000E+00
     23.888  0.1166E+00  0.6233E-01  0.6233E-01  0.6233E-01  0.0000E+00  0.0000E+00  0.0000E+00  0.0000E+00  0.0000E+00
     24.037  0.1014E+00  0.6450E-01  0.6450E-01  0.6450E-01  0.0000E+00  0.0000E+00  0.0000E+00  0.0000E+00  0.0000E+00
     24.186  0.9916E-01  0.6948E-01  0.6948E-01  0.6948E-01  0.0000E+00  0.0000E+00  0.0000E+00  0.0000E+00  0.0000E+00
     24.335  0.7221E-01  0.6257E-01  0.6257E-01  0.6257E-01  0.0000E+00  0.0000E+00  0.0000E+00  0.0000E+00  0.0000E+00
     24.484  0.5410E-01  0.5975E-01  0.5975E-01  0.5975E-01  0.0000E+00  0.0000E+00  0.0000E+00  0.0000E+00  0.0000E+00
     24.633  0.4774E-01  0.6223E-01  0.6223E-01  0.6223E-01  0.0000E+00  0.0000E+00  0.0000E+00  0.0000E+00  0.0000E+00
     24.782  0.4354E-01  0.6446E-01  0.6446E-01  0.6446E-01  0.0000E+00  0.0000E+00  0.0000E+00  0.0000E+00  0.0000E+00
     24.931  0.4632E-01  0.7645E-01  0.7645E-01  0.7645E-01  0.0000E+00  0.0000E+00  0.0000E+00  0.0000E+00  0.0000E+00
     25.081  0.4751E-01  0.8508E-01  0.8508E-01  0.8508E-01  0.0000E+00  0.0000E+00  0.0000E+00  0.0000E+00  0.0000E+00
     25.230  0.4307E-01  0.8239E-01  0.8239E-01  0.8239E-01  0.0000E+00  0.0000E+00  0.0000E+00  0.0000E+00  0.0000E+00
     25.379  0.3524E-01  0.7376E-01  0.7376E-01  0.7376E-01  0.0000E+00  0.0000E+00  0.0000E+00  0.0000E+00  0.0000E+00
     25.528  0.2958E-01  0.6879E-01  0.6879E-01  0.6879E-01  0.0000E+00  0.0000E+00  0.0000E+00  0.0000E+00  0.0000E+00
     25.677  0.2526E-01  0.6628E-01  0.6628E-01  0.6628E-01  0.0000E+00  0.0000E+00  0.0000E+00  0.0000E+00  0.0000E+00
     25.826  0.2105E-01  0.6297E-01  0.6297E-01  0.6297E-01  0.0000E+00  0.0000E+00  0.0000E+00  0.0000E+00  0.0000E+00
     25.975  0.1761E-01  0.5997E-01  0.5997E-01  0.5997E-01  0.0000E+00  0.0000E+00  0.0000E+00  0.0000E+00  0.0000E+00
     26.124  0.1431E-01  0.5751E-01  0.5751E-01  0.5751E-01  0.0000E+00  0.0000E+00  0.0000E+00  0.0000E+00  0.0000E+00
     26.273  0.1120E-01  0.5654E-01  0.5654E-01  0.5654E-01  0.0000E+00  0.0000E+00  0.0000E+00  0.0000E+00  0.0000E+00
     26.422  0.8196E-02  0.5564E-01  0.5564E-01  0.5564E-01  0.0000E+00  0.0000E+00  0.0000E+00  0.0000E+00  0.0000E+00
     26.571  0.5204E-02  0.3624E-01  0.3624E-01  0.3624E-01  0.0000E+00  0.0000E+00  0.0000E+00  0.0000E+00  0.0000E+00
     26.720  0.3816E-02  0.2575E-01  0.2575E-01  0.2575E-01  0.0000E+00  0.0000E+00  0.0000E+00  0.0000E+00  0.0000E+00
     26.869  0.2914E-02  0.2322E-01  0.2322E-01  0.2322E-01  0.0000E+00  0.0000E+00  0.0000E+00  0.0000E+00  0.0000E+00
     27.018  0.2145E-02  0.2058E-01  0.2058E-01  0.2058E-01  0.0000E+00  0.0000E+00  0.0000E+00  0.0000E+00  0.0000E+00
     27.167  0.1435E-02  0.1817E-01  0.1817E-01  0.1817E-01  0.0000E+00  0.0000E+00  0.0000E+00  0.0000E+00  0.0000E+00
     27.316  0.8548E-03  0.1464E-01  0.1464E-01  0.1464E-01  0.0000E+00  0.0000E+00  0.0000E+00  0.0000E+00  0.0000E+00
     27.465  0.3829E-03  0.1111E-01  0.1111E-01  0.1111E-01  0.0000E+00  0.0000E+00  0.0000E+00  0.0000E+00  0.0000E+00
     27.614  0.1137E-03  0.7072E-02  0.7072E-02  0.7072E-02  0.0000E+00  0.0000E+00  0.0000E+00  0.0000E+00  0.0000E+00
     27.763  0.1493E-05  0.3138E-03  0.3138E-03  0.3138E-03  0.0000E+00  0.0000E+00  0.0000E+00  0.0000E+00  0.0000E+00
     27.912  0.0000E+00  0.0000E+00  0.0000E+00  0.0000E+00  0.0000E+00  0.0000E+00  0.0000E+00  0.0000E+00  0.0000E+00
     28.061  0.0000E+00  0.0000E+00  0.0000E+00  0.0000E+00  0.0000E+00  0.0000E+00  0.0000E+00  0.0000E+00  0.0000E+00
     28.211  0.0000E+00  0.0000E+00  0.0000E+00  0.0000E+00  0.0000E+00  0.0000E+00  0.0000E+00  0.0000E+00  0.0000E+00
     28.360  0.0000E+00  0.0000E+00  0.0000E+00  0.0000E+00  0.0000E+00  0.0000E+00  0.0000E+00  0.0000E+00  0.0000E+00
     28.509  0.0000E+00  0.0000E+00  0.0000E+00  0.0000E+00  0.0000E+00  0.0000E+00  0.0000E+00  0.0000E+00  0.0000E+00
     28.658  0.0000E+00  0.0000E+00  0.0000E+00  0.0000E+00  0.0000E+00  0.0000E+00  0.0000E+00  0.0000E+00  0.0000E+00
     28.807  0.0000E+00  0.0000E+00  0.0000E+00  0.0000E+00  0.0000E+00  0.0000E+00  0.0000E+00  0.0000E+00  0.0000E+00
     28.956  0.0000E+00  0.0000E+00  0.0000E+00  0.0000E+00  0.0000E+00  0.0000E+00  0.0000E+00  0.0000E+00  0.0000E+00
     29.105  0.0000E+00  0.0000E+00  0.0000E+00  0.0000E+00  0.0000E+00  0.0000E+00  0.0000E+00  0.0000E+00  0.0000E+00
     29.254  0.0000E+00  0.0000E+00  0.0000E+00  0.0000E+00  0.0000E+00  0.0000E+00  0.0000E+00  0.0000E+00  0.0000E+00
     29.403  0.0000E+00  0.0000E+00  0.0000E+00  0.0000E+00  0.0000E+00  0.0000E+00  0.0000E+00  0.0000E+00  0.0000E+00
     29.552  0.0000E+00  0.0000E+00  0.0000E+00  0.0000E+00  0.0000E+00  0.0000E+00  0.0000E+00  0.0000E+00  0.0000E+00
     29.701  0.0000E+00  0.0000E+00  0.0000E+00  0.0000E+00  0.0000E+00  0.0000E+00  0.0000E+00  0.0000E+00  0.0000E+00
